RSoft_BSDF_File_Version 2
1 0 5 2 1 0.914286
0.3 0.3
-1 1
-1 1
1 0.647 0.647
10 0 45 0.5
4 0 45
Begin_Dispersion_Data
0.647 1.45662 0 1 0 0
End_Dispersion_Data
inside=0 lambda=0.647 phi=0 theta=0
0 -180 0 -180 0 -180 0 0 0.183976 -1.17406 0 0 0 -180 0 -180 0 -180
0 -0 0 -0 0 -0 0 180 1.1863 155.543 0 180 0 -0 0 -0 0 -0
0 -180 0 180 0 0 0 180 1.0717e-13 59.1024 0 -0 0 0 0 180 0 -180
0 -0 0 -180 0 180 0 0 1.68468e-12 -114.34 0 0 0 180 0 180 0 -0
0 -180 0 180 0 0 0 0 2.14642e-14 140.588 0 180 0 0 0 -0 0 -180
0 -0 0 0 0 180 0 -0 1.70757e-12 -114.973 0 0 0 180 0 180 0 -0
0 -180 0 0 0 -180 0 -180 0.183976 -1.17406 0 -180 0 -180 0 0 0 -180
0 -0 0 180 0 -0 0 -0 1.1863 155.543 0 -0 0 -0 0 180 0 -0
inside=0 lambda=0.647 phi=0 theta=15
0 -180 0 -180 0 -180 0 0 0.183976 -1.17406 0 0 0 -180 0 -180 0 -180
0 -0 0 -0 0 -0 0 180 1.1863 155.543 0 180 0 -0 0 -0 0 -0
0 -180 0 180 0 0 0 180 1.0717e-13 59.1024 0 -0 0 0 0 180 0 -180
0 -0 0 -180 0 180 0 0 1.68468e-12 -114.34 0 0 0 180 0 180 0 -0
0 -180 0 180 0 0 0 0 2.14642e-14 140.588 0 180 0 0 0 -0 0 -180
0 -0 0 0 0 180 0 -0 1.70757e-12 -114.973 0 0 0 180 0 180 0 -0
0 -180 0 0 0 -180 0 -180 0.183976 -1.17406 0 -180 0 -180 0 0 0 -180
0 -0 0 180 0 -0 0 -0 1.1863 155.543 0 -0 0 -0 0 180 0 -0
inside=0 lambda=0.647 phi=0 theta=30
0 -180 0 -180 0 -180 0 0 0.183976 -1.17406 0 0 0 -180 0 -180 0 -180
0 -0 0 -0 0 -0 0 180 1.1863 155.543 0 180 0 -0 0 -0 0 -0
0 -180 0 180 0 0 0 180 1.0717e-13 59.1024 0 -0 0 0 0 180 0 -180
0 -0 0 -180 0 180 0 0 1.68468e-12 -114.34 0 0 0 180 0 180 0 -0
0 -180 0 180 0 0 0 0 2.14642e-14 140.588 0 180 0 0 0 -0 0 -180
0 -0 0 0 0 180 0 -0 1.70757e-12 -114.973 0 0 0 180 0 180 0 -0
0 -180 0 0 0 -180 0 -180 0.183976 -1.17406 0 -180 0 -180 0 0 0 -180
0 -0 0 180 0 -0 0 -0 1.1863 155.543 0 -0 0 -0 0 180 0 -0
inside=0 lambda=0.647 phi=0 theta=45
0 -180 0 -180 0 -180 0 0 0.183976 -1.17406 0 0 0 -180 0 -180 0 -180
0 -0 0 -0 0 -0 0 180 1.1863 155.543 0 180 0 -0 0 -0 0 -0
0 -180 0 180 0 0 0 180 1.0717e-13 59.1024 0 -0 0 0 0 180 0 -180
0 -0 0 -180 0 180 0 0 1.68468e-12 -114.34 0 0 0 180 0 180 0 -0
0 -180 0 180 0 0 0 0 2.14642e-14 140.588 0 180 0 0 0 -0 0 -180
0 -0 0 0 0 180 0 -0 1.70757e-12 -114.973 0 0 0 180 0 180 0 -0
0 -180 0 0 0 -180 0 -180 0.183976 -1.17406 0 -180 0 -180 0 0 0 -180
0 -0 0 180 0 -0 0 -0 1.1863 155.543 0 -0 0 -0 0 180 0 -0
inside=0 lambda=0.647 phi=5 theta=0
0 -180 0 -180 0 -180 0 0 0.181336 -1.32522 0 0 0 -180 0 -180 0 -180
0 -0 0 -0 0 -0 0 180 1.18434 151.533 0 180 0 -0 0 -0 0 -0
0 -180 0 -0 0 0 0 180 1.07738e-13 27.5335 0 180 0 0 0 180 0 -180
0 -0 0 -180 0 180 0 0 1.83575e-12 -118.979 0 -0 0 180 0 0 0 -0
0 -180 0 -180 0 0 0 0 1.69663e-13 80.0276 0 180 0 0 0 0 0 -180
0 -0 0 -0 0 180 0 180 1.99872e-12 -116.245 0 -0 0 180 0 180 0 -0
0 -180 0 0 0 -180 0 -180 0.185355 -1.37104 0 -180 0 -180 0 0 0 -180
0 -0 0 180 0 -0 0 -0 1.18855 151.488 0 -0 0 -0 0 180 0 -0
inside=0 lambda=0.647 phi=5 theta=15
0 -180 0 -180 0 -180 0 0 0.181605 -1.32835 0 0 0 -180 0 -180 0 -180
0 -0 0 -0 0 -0 0 180 1.18462 151.53 0 180 0 -0 0 -0 0 -0
0 -180 0 -0 0 0 0 -180 0.00100614 176.67 0 0 0 0 0 180 0 -180
0 -0 0 -180 0 180 0 -0 0.00108076 -41.618 0 180 0 180 0 0 0 -0
0 -180 0 -180 0 0 0 -0 0.00100614 176.669 0 180 0 0 0 0 0 -180
0 -0 0 -0 0 180 0 -180 0.00108071 -41.6092 0 0 0 180 0 180 0 -0
0 -180 0 0 0 -180 0 -180 0.185086 -1.36803 0 -180 0 -180 0 0 0 -180
0 -0 0 180 0 -0 0 -0 1.18827 151.491 0 -0 0 -0 0 180 0 -0
inside=0 lambda=0.647 phi=5 theta=30
0 -180 0 -180 0 -180 0 0 0.182341 -1.33686 0 0 0 -180 0 -180 0 -180
0 -0 0 -0 0 -0 0 180 1.18539 151.522 0 180 0 -0 0 -0 0 -0
0 -180 0 -0 0 0 0 -180 0.00174269 176.669 0 0 0 0 0 180 0 -180
0 -0 0 -180 0 180 0 -0 0.00187192 -41.6161 0 180 0 180 0 0 0 -0
0 -180 0 -180 0 0 0 -0 0.00174268 176.669 0 180 0 0 0 0 0 -180
0 -0 0 -0 0 180 0 -180 0.00187187 -41.611 0 0 0 180 0 180 0 -0
0 -180 0 0 0 -180 0 -180 0.184351 -1.35976 0 -180 0 -180 0 0 0 -180
0 -0 0 180 0 -0 0 -0 1.1875 151.5 0 -0 0 -0 0 180 0 -0
inside=0 lambda=0.647 phi=5 theta=45
0 -180 0 -180 0 -180 0 0 0.183346 -1.34837 0 0 0 -180 0 -180 0 -180
0 -0 0 -0 0 -0 0 180 1.18644 151.511 0 180 0 -0 0 -0 0 -0
0 -180 0 -0 0 0 0 -180 0.00201228 176.669 0 0 0 0 0 180 0 -180
0 -0 0 -180 0 180 0 -0 0.00216147 -41.6135 0 180 0 180 0 0 0 -0
0 -180 0 -180 0 0 0 -0 0.00201228 176.669 0 180 0 0 0 0 0 -180
0 -0 0 -0 0 180 0 -180 0.00216147 -41.6135 0 0 0 180 0 180 0 -0
0 -180 0 0 0 -180 0 -180 0.183346 -1.34837 0 -180 0 -180 0 0 0 -180
0 -0 0 180 0 -0 0 -0 1.18644 151.511 0 -0 0 -0 0 180 0 -0
inside=0 lambda=0.647 phi=10 theta=0
0 180 0 -180 0 -180 0 0 0.17302 -1.57864 0 0 0 180 0 -180 0 -180
0 -0 0 -0 0 -0 0 180 1.1782 139.429 0 180 0 -0 0 -0 0 -0
0 180 0 -0 0 0 0 180 3.41564e-14 32.626 0 180 0 -0 0 180 0 -180
0 -0 0 -180 0 180 0 0 6.42684e-13 -131.499 0 0 0 180 0 0 0 -0
0 -180 0 -180 0 0 0 180 4.71093e-14 47.7187 0 -0 0 0 0 0 0 -180
0 -0 0 -0 0 180 0 0 9.29478e-13 -132.329 0 -0 0 180 0 180 0 -0
0 -180 0 0 0 -180 0 -180 0.189141 -1.77877 0 -180 0 -180 0 0 0 -180
0 -0 0 180 0 -0 0 -0 1.19568 139.249 0 -0 0 -0 0 180 0 -0
inside=0 lambda=0.647 phi=10 theta=15
0 180 0 -180 0 -180 0 0 0.1741 -1.59319 0 0 0 180 0 -180 0 -180
0 -0 0 -0 0 -0 0 180 1.17937 139.417 0 180 0 -0 0 -0 0 -0
0 180 0 -0 0 0 0 -180 0.00403756 176.178 0 0 0 -0 0 180 0 -180
0 -0 0 -180 0 180 0 -0 0.00448253 -53.5133 0 180 0 180 0 0 0 -0
0 -180 0 -180 0 0 0 -0 0.00403745 176.175 0 180 0 0 0 0 0 -180
0 -0 0 -0 0 180 0 -180 0.00448168 -53.4776 0 0 0 180 0 180 0 -0
0 -180 0 0 0 -180 0 -180 0.188061 -1.76641 0 -180 0 -180 0 0 0 -180
0 -0 0 180 0 -0 0 -0 1.19451 139.261 0 -0 0 -0 0 180 0 -0
inside=0 lambda=0.647 phi=10 theta=30
0 180 0 -180 0 -180 0 0 0.17705 -1.63203 0 0 0 180 0 -180 0 -180
0 -0 0 -0 0 -0 0 180 1.18257 139.383 0 180 0 -0 0 -0 0 -0
0 -180 0 -0 0 0 0 -180 0.00699323 176.178 0 0 0 -0 0 180 0 -180
0 -0 0 -180 0 180 0 -0 0.00776362 -53.5051 0 180 0 180 0 0 0 -0
0 -180 0 -180 0 0 0 -0 0.00699312 176.176 0 180 0 0 0 0 0 -180
0 -0 0 -0 0 180 0 -180 0.00776277 -53.4845 0 0 0 180 0 180 0 -0
0 -180 0 0 0 180 0 -180 0.185111 -1.73194 0 -180 0 -180 0 0 0 -180
0 -0 0 180 0 -0 0 -0 1.19131 139.293 0 -0 0 -0 0 180 0 -0
inside=0 lambda=0.647 phi=10 theta=45
0 180 0 -180 0 -180 0 0 0.181081 -1.68308 0 0 0 180 0 -180 0 -180
0 -0 0 -0 0 -0 0 180 1.18694 139.338 0 180 0 -0 0 -0 0 -0
0 -180 0 -0 0 0 0 -180 0.00807503 176.177 0 0 0 0 0 180 0 -180
0 -0 0 -180 0 180 0 -0 0.00896415 -53.4944 0 180 0 180 0 0 0 -0
0 -180 0 -180 0 0 0 -0 0.00807503 176.177 0 180 0 0 0 0 0 -180
0 -0 0 -0 0 180 0 -180 0.00896415 -53.4944 0 0 0 180 0 180 0 -0
0 180 0 0 0 180 0 -180 0.181081 -1.68308 0 -180 0 -180 0 0 0 -180
0 -0 0 180 0 -0 0 -0 1.18694 139.338 0 -0 0 -0 0 180 0 -0
inside=0 lambda=0.647 phi=15 theta=0
0 180 0 -180 0 -180 0 -0 0.158796 -1.28726 0 0 0 180 0 -180 0 -180
0 -0 0 -0 0 -180 0 180 1.16684 118.991 0 0 0 -0 0 -0 0 -180
0 180 0 -0 0 0 0 180 4.06056e-13 -156.61 0 0 0 -0 0 180 0 -180
0 -0 0 -180 0 0 0 0 4.54906e-12 29.2259 0 180 0 180 0 0 0 -180
0 -180 0 -180 0 0 0 180 4.25804e-13 -153.737 0 180 0 0 0 0 0 -180
0 -0 0 -0 0 180 0 0 4.82394e-12 29.4496 0 -180 0 180 0 180 0 -0
0 -180 0 0 0 -180 0 -180 0.195181 -1.66169 0 -180 0 -180 0 0 0 -180
0 -0 0 180 0 -0 0 -180 1.2088 118.561 0 -0 0 -0 0 180 0 -0
inside=0 lambda=0.647 phi=15 theta=15
0 180 0 -180 0 -180 0 0 0.161234 -1.31764 0 0 0 180 0 -180 0 -180
0 -0 0 -0 0 -180 0 180 1.16965 118.961 0 0 0 -0 0 -0 0 -180
0 180 0 -0 0 0 0 -180 0.00911529 176.783 0 0 0 -0 0 180 0 -180
0 -0 0 -180 0 0 0 -0 0.0107567 -74.0499 0 0 0 180 0 0 0 -180
0 -180 0 -180 0 0 0 -180 0.00911445 176.779 0 180 0 0 0 0 0 -180
0 -0 0 -0 0 180 0 -180 0.0107522 -73.968 0 0 0 180 0 0 0 -0
0 -180 0 0 0 -180 0 -180 0.192745 -1.64099 0 -180 0 -180 0 0 0 -180
0 -0 0 180 0 -0 0 -180 1.20599 118.589 0 -0 0 -0 0 0 0 -0
inside=0 lambda=0.647 phi=15 theta=30
0 180 0 -180 0 -180 0 0 0.167894 -1.39607 0 0 0 180 0 -180 0 -180
0 -0 0 -0 0 -180 0 180 1.17732 118.88 0 0 0 -0 0 -0 0 -180
0 180 0 -0 0 0 0 -180 0.015788 176.782 0 0 0 -0 0 180 0 -180
0 -0 0 -180 0 0 0 -0 0.018629 -74.0288 0 0 0 180 0 0 0 -180
0 -180 0 -180 0 -0 0 -0 0.0157872 176.78 0 180 0 0 0 0 0 -180
0 -0 0 -0 0 180 0 -180 0.0186245 -73.9817 0 0 0 0 0 0 0 -180
0 180 0 0 0 180 0 -180 0.186087 -1.58173 0 -180 0 -180 0 0 0 -180
0 -0 0 180 0 -0 0 -0 1.1983 118.666 0 -0 0 -180 0 0 0 -180
inside=0 lambda=0.647 phi=15 theta=45
0 180 0 -180 0 -180 0 0 0.176991 -1.49365 0 0 0 180 0 -180 0 -180
0 -0 0 -0 0 -180 0 180 1.18781 118.772 0 0 0 -0 0 -0 0 -180
0 180 0 -0 0 0 0 -180 0.0182301 176.781 0 0 0 -0 0 180 0 -180
0 -0 0 -180 0 0 0 -0 0.0215081 -74.0034 0 0 0 180 0 0 0 -180
0 180 0 -180 0 -0 0 -0 0.0182301 176.781 0 180 0 0 0 0 0 -180
0 -0 0 -0 0 180 0 -180 0.0215081 -74.0034 0 0 0 0 0 0 0 -180
0 180 0 0 0 180 0 -180 0.176991 -1.49365 0 -180 0 -180 0 0 0 -180
0 -0 0 180 0 -0 0 -0 1.18781 118.772 0 -0 0 -180 0 0 0 -180
inside=0 lambda=0.647 phi=20 theta=0
0 180 0 180 0 -180 0 -0 0.140246 0.0561444 0 0 0 180 0 180 0 -180
0 -0 0 -0 0 -180 0 180 1.14787 89.7713 0 0 0 -0 0 -0 0 -180
0 180 0 -0 0 0 0 180 2.21164e-13 130.523 0 180 0 -0 0 180 0 -180
0 -0 0 180 0 0 0 0 1.49753e-12 6.37884 0 180 0 180 0 -0 0 -180
0 -180 0 -180 0 0 0 180 3.77818e-13 -153.664 0 -180 0 0 0 0 0 -180
0 -180 0 -180 0 0 0 0 1.80577e-12 19.2999 0 -180 0 0 0 0 0 -180
0 -180 0 0 0 -180 0 -180 0.207768 0.158783 0 -180 0 -180 0 0 0 -180
0 -180 0 0 0 -180 0 -180 1.22901 88.8868 0 -180 0 -180 0 0 0 -180
inside=0 lambda=0.647 phi=20 theta=15
0 180 0 -180 0 -180 0 -0 0.144772 0.0652777 0 0 0 180 0 180 0 -180
0 -0 0 -0 0 -180 0 180 1.15329 89.7074 0 0 0 -0 0 -0 0 -180
0 180 0 -0 0 0 0 -180 0.016907 -179.608 0 0 0 -0 0 180 0 -180
0 -0 0 180 0 0 0 -180 0.0208708 -104.3 0 0 0 180 0 -0 0 -180
0 -180 0 -180 0 0 0 -180 0.0169043 -179.61 0 180 0 0 0 0 0 -180
0 -180 0 -180 0 0 0 180 0.0208526 -104.151 0 -0 0 0 0 0 0 -180
0 -180 0 0 0 180 0 -180 0.203249 0.153557 0 -180 0 -180 0 0 0 -180
0 -180 0 0 0 -0 0 -180 1.22357 88.9417 0 -180 0 -180 0 0 0 -180
inside=0 lambda=0.647 phi=20 theta=30
0 180 0 -180 0 -180 0 -0 0.157134 0.0881731 0 0 0 180 0 -180 0 -180
0 -0 0 -0 0 -180 0 180 1.16812 89.5366 0 0 0 -0 0 -0 0 -180
0 180 0 -0 0 0 0 -180 0.0292838 -179.608 0 0 0 -0 0 180 0 -180
0 -0 0 180 0 0 0 -180 0.0361395 -104.255 0 0 0 180 0 -0 0 -180
0 180 0 -180 0 -0 0 -180 0.0292812 -179.61 0 180 0 0 0 0 0 -180
0 -0 0 -180 0 180 0 180 0.0361217 -104.17 0 -0 0 0 0 0 0 -180
0 180 0 0 0 180 0 -180 0.190898 0.138436 0 -180 0 -180 0 0 0 -180
0 -0 0 0 0 -0 0 -180 1.20869 89.0949 0 -180 0 -180 0 0 0 -180
inside=0 lambda=0.647 phi=20 theta=45
0 180 0 -180 0 -180 0 -0 0.174019 0.115234 0 0 0 180 0 -180 0 -180
0 -0 0 -180 0 -180 0 180 1.1884 89.3113 0 0 0 -0 0 -0 0 -180
0 180 0 -180 0 0 0 -180 0.0338131 -179.609 0 0 0 -0 0 180 0 -180
0 -0 0 180 0 0 0 -180 0.0417183 -104.206 0 0 0 180 0 -0 0 -180
0 180 0 -180 0 -0 0 -180 0.0338131 -179.609 0 180 0 0 0 0 0 -180
0 -0 0 -180 0 180 0 180 0.0417183 -104.206 0 -0 0 0 0 0 0 -180
0 180 0 -0 0 180 0 -180 0.174019 0.115234 0 -180 0 -180 0 0 0 -180
0 -0 0 180 0 -0 0 -180 1.1884 89.3113 0 -0 0 -180 0 0 0 -180
inside=0 lambda=0.647 phi=25 theta=0
0 180 0 180 0 -180 0 -0 0.115678 0.864883 0 0 0 180 0 180 0 -180
0 -0 0 -180 0 180 0 0 1.11787 50.9686 0 -0 0 -0 0 -180 0 180
0 180 0 -0 0 0 0 180 3.33548e-14 86.7109 0 180 0 -0 0 180 0 -180
0 -180 0 180 0 -0 0 -0 9.62331e-13 -40.7389 0 0 0 0 0 -0 0 180
0 -180 0 -180 0 0 0 180 7.96599e-14 170.071 0 180 0 0 0 0 0 -180
0 -180 0 -180 0 0 0 -0 1.20568e-12 -36.4826 0 -180 0 0 0 0 0 -180
0 -180 0 0 0 -180 0 -180 0.240631 2.48991 0 -180 0 -180 0 0 0 -180
0 -180 0 0 0 -180 0 -180 1.25625 49.319 0 -180 0 -180 0 0 0 -180
inside=0 lambda=0.647 phi=25 theta=15
0 180 0 180 0 -180 0 -0 0.124043 1.07044 0 0 0 180 0 180 0 -180
0 -0 0 -180 0 180 0 0 1.1271 50.8424 0 -0 0 -0 0 -180 0 180
0 180 0 -0 0 0 0 -180 0.0312693 -175.988 0 0 0 -0 0 180 0 -180
0 -180 0 180 0 -0 0 -180 0.0358057 -144.728 0 -0 0 0 0 -0 0 180
0 -180 0 -180 0 -0 0 -180 0.0312682 -175.991 0 180 0 0 0 0 0 -180
0 -180 0 -180 0 0 0 180 0.0357353 -144.47 0 -0 0 0 0 0 0 -180
0 180 0 0 0 180 0 -180 0.232264 2.43363 0 -180 0 -180 0 0 0 -180
0 -180 0 0 0 -180 0 -180 1.24695 49.4157 0 -180 0 -180 0 0 0 -180
inside=0 lambda=0.647 phi=25 theta=30
0 180 0 -180 0 -180 0 -0 0.146907 1.51841 0 0 0 180 0 180 0 -180
0 -0 0 -180 0 180 0 0 1.15236 50.5109 0 -0 0 -0 0 -180 0 180
0 180 0 -0 0 0 0 -180 0.0541636 -175.988 0 0 0 -0 0 180 0 -180
0 -180 0 180 0 -0 0 -180 0.0619737 -144.636 0 -0 0 0 0 -0 0 180
0 180 0 -180 0 -0 0 -180 0.0541626 -175.989 0 180 0 0 0 0 0 -180
0 -180 0 -180 0 0 0 180 0.0619076 -144.491 0 -0 0 0 0 0 0 -180
0 180 0 -0 0 180 0 -180 0.209396 2.25875 0 -180 0 -180 0 0 0 -180
0 -180 0 0 0 -180 0 -180 1.22155 49.6893 0 -180 0 -180 0 0 0 -180
inside=0 lambda=0.647 phi=25 theta=45
0 180 0 -180 0 -180 0 -0 0.178151 1.95109 0 0 0 180 0 180 0 -180
0 -180 0 -180 0 180 0 0 1.18692 50.0859 0 -0 0 -180 0 -180 0 180
0 180 0 -180 0 0 0 -180 0.062544 -175.988 0 0 0 -0 0 180 0 -180
0 -180 0 180 0 0 0 -180 0.0715146 -144.547 0 0 0 0 0 -0 0 180
0 180 0 -180 0 -0 0 -180 0.062544 -175.988 0 180 0 0 0 0 0 -180
0 -180 0 -180 0 0 0 180 0.0715146 -144.547 0 -0 0 0 0 0 0 180
0 180 0 -0 0 180 0 -180 0.178151 1.95109 0 180 0 -180 0 0 0 -180
0 -180 0 0 0 -180 0 -180 1.18692 50.0859 0 -180 0 180 0 -0 0 180
inside=0 lambda=0.647 phi=30 theta=0
0 180 0 180 0 -180 0.00728839 -108.548 0.0713278 3.30435 0 0 0 180 0 180 0 -180
0 -180 0 -180 0 180 0 0 1.07071 0.914364 0 -0 0 -180 0 -180 0 180
0 180 0 -0 0 0 1.87544e-13 140.507 1.12568e-13 -89.8888 0 -0 0 -0 0 180 0 -180
0 -180 0 0 0 -0 0 -0 4.08521e-12 -89.3084 0 0 0 0 0 -180 0 180
0 -180 0 -180 0 0 4.28427e-14 45.5677 1.58163e-13 -96.3006 0 180 0 0 0 0 0 -180
0 180 0 180 0 -0 0 -180 4.906e-12 -91.3429 0 -180 0 -0 0 -0 0 180
0 -180 0 0 0 -180 0.0258381 -132.017 0.295733 0.142027 0 -180 0 -180 0 0 0 -180
0 180 0 -0 0 180 0 180 1.296 -1.57461 0 180 0 180 0 -0 0 180
inside=0 lambda=0.647 phi=30 theta=15
0 180 0 180 0 -180 0 -0 0.0863634 2.48688 0 0 0 180 0 180 0 -180
0 -180 0 -180 0 180 0 0 1.08584 0.702178 0 -0 0 -180 0 -180 0 180
0 180 0 -0 0 0 0 -180 0.0561521 179.334 0 0 0 -0 0 180 0 -180
0 -180 0 0 0 -0 0 -180 0.0581103 165.557 0 -0 0 0 0 -180 0 180
0 -180 0 -180 0 -0 0 -180 0.0561498 179.303 0 180 0 0 0 0 0 -180
0 -180 0 180 0 0 0 0 0.057882 166.042 0 -180 0 -0 0 -0 0 180
0 180 0 -0 0 180 0 -180 0.280746 0.206197 0 -180 0 -180 0 0 0 -180
0 -180 0 -0 0 -180 0 180 1.28091 -1.44591 0 180 0 180 0 -0 0 180
inside=0 lambda=0.647 phi=30 theta=30
0 180 0 180 0 -180 0 -0 0.127359 1.38766 0 0 0 180 0 180 0 -180
0 -180 0 -180 0 180 0 0 1.12691 0.163817 0 -0 0 -180 0 -180 0 180
0 180 0 -0 0 0 0 -180 0.0972999 179.334 0 0 0 -0 0 180 0 -180
0 -180 0 0 0 -0 0 -180 0.100469 165.763 0 -0 0 0 0 -180 0 180
0 180 0 180 0 -0 0 -180 0.0972999 179.319 0 180 0 0 0 0 0 -180
0 -180 0 -180 0 0 0 0 0.100285 166.024 0 -180 0 -0 0 -0 0 180
0 180 0 -0 0 180 0 -180 0.239669 0.373488 0 180 0 -180 0 0 0 -180
0 -180 0 0 0 -180 0 180 1.23952 -1.06688 0 -180 0 180 0 -0 0 180
inside=0 lambda=0.647 phi=30 theta=45
0 180 0 -180 0 -180 0 -0 0.1835 0.720755 0 0 0 180 0 180 0 -180
0 -180 0 -180 0 180 0 0 1.18314 -0.488859 0 -0 0 -180 0 -180 0 180
0 180 0 -180 0 0 0 180 0.112365 179.331 0 0 0 -0 0 180 0 -180
0 -180 0 0 0 -0 0 -180 0.115873 165.933 0 -0 0 0 0 -180 0 180
0 180 0 180 0 -0 0 -180 0.112365 179.331 0 180 0 0 0 0 0 -180
0 -180 0 -180 0 0 0 0 0.115873 165.933 0 -180 0 -0 0 -0 0 180
0 180 0 -0 0 180 0 -180 0.1835 0.720755 0 180 0 -180 0 0 0 -180
0 -180 0 0 0 -180 0 -180 1.18314 -0.488859 0 -180 0 180 0 -0 0 180
inside=0 lambda=0.647 phi=35 theta=0
0 180 0 180 0 -180 0.0240633 -105.259 0.0224279 38.607 0 0 0 180 0 180 0 -180
0 -180 0 -180 0 0 0 -0 0.987706 -64.0135 0 -180 0 -180 0 -180 0 0
0 180 0 -0 0 0 1.2424e-13 -19.8197 2.05929e-13 167.955 0 0 0 -0 0 180 0 -180
0 180 0 0 0 -180 0 -0 1.56091e-12 -152.78 0 -0 0 -0 0 -180 0 0
0 -180 0 -180 0 0 2.3356e-14 -140.464 2.05098e-13 -156.004 0 -0 0 0 0 0 0 -180
0 180 0 180 0 -0 0 180 1.84408e-12 -156.699 0 0 0 -0 0 -0 0 180
0 -180 0 0 0 -180 0.0318061 -111.084 0.337818 -2.12681 0 -180 0 -180 0 0 0 -180
0 180 0 -0 0 180 0 0 1.38651 -67.9523 0 180 0 180 0 -0 0 180
inside=0 lambda=0.647 phi=35 theta=15
0 180 0 180 0 -180 0.0179226 -110.342 0.040801 17.202 0 0 0 180 0 180 0 -180
0 -180 0 -180 0 0 0 -0 1.01436 -64.4169 0 -180 0 180 0 180 0 0
0 180 0 -0 0 0 0.000974327 97.8547 0.0804683 175.535 0 0 0 -0 0 180 0 -180
0 180 0 0 0 -180 0 180 0.102315 101.026 0 -180 0 -0 0 -180 0 0
0 180 0 -180 0 -0 0.008795 -134.683 0.0804245 175.471 0 180 0 0 0 0 0 -180
0 180 0 180 0 -0 0 0 0.101876 101.714 0 -180 0 -180 0 -180 0 0
0 180 0 -0 0 180 0.0280391 -119.72 0.316456 -1.93137 0 -180 0 -180 0 0 0 -180
0 180 0 -0 0 180 0 0 1.35963 -67.7914 0 180 0 0 0 -180 0 0
inside=0 lambda=0.647 phi=35 theta=30
0 180 0 180 0 -180 0 -0 0.0977817 4.07342 0 0 0 180 0 180 0 -180
0 180 0 180 0 0 0 -0 1.08721 -65.3822 0 -180 0 180 0 180 0 0
0 180 0 -180 0 0 0 180 0.139601 175.596 0 0 0 -0 0 180 0 -180
0 180 0 0 0 -180 0 180 0.176667 101.309 0 -180 0 -0 0 -180 0 0
0 180 0 180 0 -0 0 -180 0.139539 175.57 0 180 0 0 0 0 0 -180
0 180 0 180 0 -0 0 0 0.17629 101.704 0 -180 0 -180 0 -180 0 0
0 180 0 -0 0 180 0 -180 0.257893 -1.29165 0 180 0 -180 0 0 0 -180
0 180 0 -0 0 180 0 180 1.28646 -67.2872 0 180 0 0 0 -180 0 0
inside=0 lambda=0.647 phi=35 theta=45
0 180 0 180 0 -180 0 -0 0.177649 0.177884 0 0 0 180 0 180 0 -180
0 180 0 180 0 0 0 -0 1.18661 -66.4418 0 -180 0 180 0 180 0 0
0 180 0 -180 0 0 0 180 0.161261 175.584 0 0 0 -0 0 180 0 -180
0 180 0 0 0 -180 0 180 0.203658 101.584 0 -180 0 -0 0 -180 0 0
0 180 0 180 0 -0 0 -180 0.161261 175.584 0 180 0 0 0 0 0 -180
0 180 0 180 0 -0 0 0 0.203658 101.584 0 -180 0 -180 0 -180 0 0
0 180 0 -0 0 180 0 180 0.177649 0.177884 0 180 0 -180 0 0 0 -180
0 180 0 -0 0 180 0 180 1.18661 -66.4418 0 180 0 0 0 -180 0 0
inside=0 lambda=0.647 phi=40 theta=0
0 180 0 180 0 -180 0.0602251 -110.3 0.184013 -170.072 0 0 0 180 0 180 0 -180
0 180 0 180 0 -0 0 -180 0.801134 -154.496 0 180 0 180 0 180 0 -0
0 180 0 -0 0 0 2.70731e-14 -37.7246 2.72328e-13 -76.9346 0 -180 0 -0 0 180 0 -180
0 180 0 -0 0 180 0 -180 3.46614e-13 64.0725 0 180 0 -0 0 180 0 -0
0 -180 0 -180 0 0 3.92957e-12 60.9581 2.92427e-13 -95.2574 0 0 0 0 0 0 0 -180
0 0 0 0 0 -180 0 0 2.32314e-12 108.786 0 180 0 -180 0 -180 0 0
0 -180 0 0 0 -180 0.0471398 -103.83 0.514753 2.36484 0 -180 0 -180 0 0 0 -180
0 0 0 -180 0 0 0 -0 1.5265 -163.391 0 0 0 0 0 -180 0 0
inside=0 lambda=0.647 phi=40 theta=15
0 180 0 180 0 -180 0.0443264 -117.14 0.137743 -167.684 0 0 0 180 0 180 0 -180
0 180 0 180 0 -0 0 -180 0.849343 -155.814 0 180 0 180 0 180 0 -0
0 180 0 -0 0 0 0.00905556 60.3273 0.174261 -175.294 0 0 0 -0 0 180 0 -180
0 180 0 -0 0 180 0 0 0.188495 5.25645 0 180 0 -0 0 180 0 -0
0 180 0 180 0 -0 0.0187082 -134.351 0.174324 -175.378 0 180 0 0 0 0 0 -180
0 0 0 0 0 -180 0 -0 0.186518 6.40271 0 180 0 180 0 180 0 -0
0 180 0 -0 0 180 0.0370704 -111.733 0.468178 2.17811 0 180 0 -180 0 0 0 -180
0 0 0 -180 0 0 0 -0 1.47749 -163.217 0 0 0 -0 0 180 0 -0
inside=0 lambda=0.647 phi=40 theta=30
0 180 0 180 0 -180 0.0129865 -132.431 0.0219233 -109.558 0 0 0 180 0 180 0 -180
0 180 0 180 0 -0 0 -180 0.981192 -158.459 0 180 0 180 0 180 0 -0
0 180 0 -180 0 0 0.00371454 46.0345 0.302549 -175.219 0 0 0 -0 0 180 0 -180
0 0 0 -0 0 180 0 0 0.324301 5.78078 0 180 0 -180 0 180 0 -0
0 180 0 180 0 -0 0.0155747 -154.509 0.302472 -175.257 0 180 0 0 0 0 0 -180
0 0 0 0 0 -180 0 -0 0.322562 6.33531 0 180 0 180 0 180 0 -0
0 180 0 -0 0 180 0.0228661 -141.468 0.340578 1.25021 0 180 0 -180 0 0 0 -180
0 0 0 -180 0 0 0 0 1.34382 -162.435 0 0 0 -0 0 180 0 -0
inside=0 lambda=0.647 phi=40 theta=45
0 180 0 180 0 -180 0 -0 0.166453 -2.33935 0 0 0 180 0 180 0 -180
0 180 0 0 0 -0 0 -180 1.16194 -160.851 0 180 0 0 0 0 0 -0
0 180 0 -180 0 0 0 180 0.349726 -175.262 0 0 0 -0 0 180 0 -180
0 0 0 -0 0 180 0 0 0.372819 6.18159 0 180 0 -180 0 180 0 -0
0 180 0 180 0 -0 0 -180 0.349726 -175.262 0 180 0 0 0 0 0 -180
0 0 0 0 0 -180 0 -0 0.372819 6.18159 0 180 0 180 0 180 0 -0
0 180 0 -0 0 180 0 180 0.166453 -2.33935 0 180 0 -180 0 0 0 -180
0 180 0 -180 0 0 0 0 1.16194 -160.851 0 0 0 -0 0 180 0 -0
inside=0 lambda=0.647 phi=45 theta=0
0 0 0 0 0 -180 0.177004 -151.092 0.982367 150.553 0 0 0 0 0 0 0 -180
0 -180 0 -180 0 0 0 0 0 0 0 -180 0 -180 0 -180 0 0
0 0 0 -180 0 0 2.06778e-13 118.727 1.06848e-13 -76.2043 0 -0 0 -180 0 0 0 -180
0 -180 0 0 0 -180 0 0 0 -180 0 0 0 0 0 -180 0 0
0 180 0 180 0 -0 4.66651e-12 -61.092 3.30236e-12 147.536 0 180 0 -0 0 -0 0 180
0 180 0 180 0 -0 0 180 0 0 0 0 0 -0 0 -0 0 180
0 180 0 -0 0 180 0.069873 -128.087 0.99781 -20.2113 0 180 0 180 0 -0 0 180
0 180 0 -0 0 180 0 180 0 -0 0 180 0 180 0 -0 0 180
inside=0 lambda=0.647 phi=45 theta=15
0 0 0 0 0 -180 0.111255 -160.102 0.858318 148.799 0 0 0 0 0 0 0 -180
0 -180 0 -180 0 0 0 0 0 0 0 -180 0 -180 0 -180 0 0
0 0 0 -180 0 0 0.0406742 16.8812 0.496398 154.806 0 0 0 -180 0 0 0 -180
0 -180 0 0 0 -180 0 -180 0 180 0 -180 0 0 0 -180 0 0
0 180 0 180 0 -0 0.041766 -167.037 0.495903 154.712 0 0 0 0 0 0 0 -180
0 -180 0 -180 0 0 0 180 0 180 0 -180 0 -0 0 -0 0 180
0 180 0 -0 0 180 0.0437277 -127.897 0.866172 -19.6592 0 180 0 -180 0 0 0 -180
0 -180 0 0 0 -180 0 -180 0 -0 0 -180 0 180 0 -0 0 180
inside=0 lambda=0.647 phi=45 theta=30
0 0 0 0 0 -180 0.0327247 -170.715 0.504108 143.366 0 0 0 0 0 0 0 -180
0 -180 0 -180 0 0 0 0 0 0 0 -180 0 -180 0 -180 0 0
0 0 0 -180 0 0 0.0291028 -4.73656 0.861932 154.137 0 0 0 -180 0 0 0 -180
0 -180 0 0 0 -180 0 -180 0 180 0 -180 0 0 0 -180 0 0
0 180 0 180 0 -0 0.0305674 175.62 0.861265 154.107 0 0 0 0 0 0 0 -180
0 -180 0 -180 0 0 0 180 0 180 0 -180 0 -0 0 -0 0 0
0 0 0 -0 0 180 0.017437 -124.985 0.505859 -15.3388 0 180 0 -180 0 0 0 -180
0 -180 0 0 0 -180 0 -180 0 0 0 -180 0 180 0 -0 0 0
inside=0 lambda=0.647 phi=45 theta=45
0 0 0 0 0 -180 0 -0 0.0957761 63.9071 0 0 0 180 0 180 0 -180
0 -180 0 -180 0 0 0 0 0 0 0 -180 0 -180 0 -180 0 0
0 0 0 -180 0 0 0 0 0.995403 153.907 0 0 0 -0 0 0 0 -180
0 -180 0 0 0 -180 0 -180 0 180 0 -0 0 0 0 -180 0 0
0 0 0 0 0 -0 0 -180 0.995403 153.907 0 0 0 0 0 0 0 -180
0 -180 0 -180 0 0 0 0 0 180 0 -180 0 -180 0 -0 0 0
0 0 0 -0 0 180 0 0 0.0957761 63.9071 0 180 0 -180 0 0 0 -180
0 -180 0 0 0 -180 0 -180 0 0 0 -180 0 0 0 -180 0 0
inside=1 lambda=0.647 phi=0 theta=0
0 -180 0 -180 0 -180 0 0 0.183976 132.26 0 0 0 -180 0 -180 0 -180
0 -0 0 -0 0 -0 0 180 0.814424 155.543 0 180 0 -0 0 -0 0 -0
0 -180 0 -0 0 0 0 180 3.97977e-13 41.0892 0 -0 0 0 0 -0 0 -180
0 -0 0 -0 0 180 0 180 1.13648e-12 65.032 0 -180 0 180 0 -0 0 -0
0 -180 0 -0 0 0 0 -0 4.83252e-13 35.8279 0 -0 0 0 0 180 0 -180
0 -0 0 -180 0 180 0 180 1.17471e-12 65.8009 0 -180 0 180 0 0 0 -0
0 -180 0 0 0 -180 0 -180 0.183976 132.26 0 -180 0 -180 0 0 0 -180
0 -0 0 180 0 -0 0 -0 0.814424 155.543 0 -0 0 -0 0 180 0 -0
inside=1 lambda=0.647 phi=0 theta=15
0 -180 0 -180 0 -180 0 0 0.183976 132.26 0 0 0 -180 0 -180 0 -180
0 -0 0 -0 0 -0 0 180 0.814424 155.543 0 180 0 -0 0 -0 0 -0
0 -180 0 -0 0 0 0 180 3.97977e-13 41.0892 0 -0 0 0 0 -0 0 -180
0 -0 0 -0 0 180 0 180 1.13648e-12 65.032 0 -180 0 180 0 -0 0 -0
0 -180 0 -0 0 0 0 -0 4.83252e-13 35.8279 0 -0 0 0 0 180 0 -180
0 -0 0 -180 0 180 0 180 1.17471e-12 65.8009 0 -180 0 180 0 0 0 -0
0 -180 0 0 0 -180 0 -180 0.183976 132.26 0 -180 0 -180 0 0 0 -180
0 -0 0 180 0 -0 0 -0 0.814424 155.543 0 -0 0 -0 0 180 0 -0
inside=1 lambda=0.647 phi=0 theta=30
0 -180 0 -180 0 -180 0 0 0.183976 132.26 0 0 0 -180 0 -180 0 -180
0 -0 0 -0 0 -0 0 180 0.814424 155.543 0 180 0 -0 0 -0 0 -0
0 -180 0 -0 0 0 0 180 3.97977e-13 41.0892 0 -0 0 0 0 -0 0 -180
0 -0 0 -0 0 180 0 180 1.13648e-12 65.032 0 -180 0 180 0 -0 0 -0
0 -180 0 -0 0 0 0 -0 4.83252e-13 35.8279 0 -0 0 0 0 180 0 -180
0 -0 0 -180 0 180 0 180 1.17471e-12 65.8009 0 -180 0 180 0 0 0 -0
0 -180 0 0 0 -180 0 -180 0.183976 132.26 0 -180 0 -180 0 0 0 -180
0 -0 0 180 0 -0 0 -0 0.814424 155.543 0 -0 0 -0 0 180 0 -0
inside=1 lambda=0.647 phi=0 theta=45
0 -180 0 -180 0 -180 0 0 0.183976 132.26 0 0 0 -180 0 -180 0 -180
0 -0 0 -0 0 -0 0 180 0.814424 155.543 0 180 0 -0 0 -0 0 -0
0 -180 0 -0 0 0 0 180 3.97977e-13 41.0892 0 -0 0 0 0 -0 0 -180
0 -0 0 -0 0 180 0 180 1.13648e-12 65.032 0 -180 0 180 0 -0 0 -0
0 -180 0 -0 0 0 0 -0 4.83252e-13 35.8279 0 -0 0 0 0 180 0 -180
0 -0 0 -180 0 180 0 180 1.17471e-12 65.8009 0 -180 0 180 0 0 0 -0
0 -180 0 0 0 -180 0 -180 0.183976 132.26 0 -180 0 -180 0 0 0 -180
0 -0 0 180 0 -0 0 -0 0.814424 155.543 0 -0 0 -0 0 180 0 -0
inside=1 lambda=0.647 phi=5 theta=0
0 -180 0 -180 0 -180 0 0 0.182744 128.563 0 0 0 -180 0 -180 0 -180
0 -0 0 -0 0 -0 0 180 0.815437 153.657 0 180 0 -0 0 -0 0 -0
0 -180 0 -0 0 0 0 180 7.12127e-13 32.4989 0 -180 0 0 0 180 0 -180
0 -0 0 -180 0 180 0 0 1.96063e-12 64.6347 0 180 0 180 0 0 0 -0
0 -180 0 -180 0 0 0 180 7.99894e-13 36.1141 0 -0 0 0 0 0 0 -180
0 -0 0 -0 0 180 0 0 2.03712e-12 62.8371 0 -180 0 180 0 180 0 -0
0 -180 0 0 0 -180 0 -180 0.184634 128.542 0 -180 0 -180 0 0 0 -180
0 -0 0 180 0 -0 0 -0 0.8135 153.636 0 -0 0 -0 0 180 0 -0
inside=1 lambda=0.647 phi=5 theta=15
0 -180 0 -180 0 -180 0 0 0.18287 128.562 0 0 0 -180 0 -180 0 -180
0 -0 0 -0 0 -0 0 180 0.815307 153.656 0 180 0 -0 0 -0 0 -0
0 -180 0 -0 0 0 0 -180 0.000473214 -53.8461 0 0 0 0 0 180 0 -180
0 -0 0 -180 0 180 0 -0 0.000490801 162.936 0 180 0 180 0 0 0 -0
0 -180 0 -180 0 0 0 -0 0.000473211 -53.8437 0 180 0 0 0 0 0 -180
0 -0 0 -0 0 180 0 -180 0.000490795 162.934 0 0 0 180 0 180 0 -0
0 -180 0 0 0 -180 0 -180 0.184507 128.544 0 -180 0 -180 0 0 0 -180
0 -0 0 180 0 -0 0 -0 0.813629 153.637 0 -0 0 -0 0 180 0 -0
inside=1 lambda=0.647 phi=5 theta=30
0 -180 0 -180 0 -180 0 0 0.183216 128.558 0 0 0 -180 0 -180 0 -180
0 -0 0 -0 0 -0 0 180 0.814953 153.652 0 180 0 -0 0 -0 0 -0
0 -180 0 -0 0 0 0 -180 0.00081963 -53.8456 0 0 0 0 0 180 0 -180
0 -0 0 -180 0 180 0 -0 0.00085009 162.936 0 180 0 180 0 0 0 -0
0 -180 0 -180 0 0 0 -0 0.000819627 -53.8442 0 180 0 0 0 0 0 -180
0 -0 0 -0 0 180 0 -180 0.000850084 162.934 0 0 0 180 0 180 0 -0
0 -180 0 0 0 -180 0 -180 0.184161 128.547 0 -180 0 -180 0 0 0 -180
0 -0 0 180 0 -0 0 -0 0.813984 153.641 0 -0 0 -0 0 180 0 -0
inside=1 lambda=0.647 phi=5 theta=45
0 -180 0 -180 0 -180 0 0 0.183689 128.553 0 0 0 -180 0 -180 0 -180
0 -0 0 -0 0 -0 0 180 0.814468 153.647 0 180 0 -0 0 -0 0 -0
0 -180 0 -0 0 0 0 -180 0.000946426 -53.8449 0 0 0 0 0 180 0 -180
0 -0 0 -180 0 180 0 -0 0.000981596 162.935 0 180 0 180 0 0 0 -0
0 -180 0 -180 0 0 0 -0 0.000946426 -53.8449 0 180 0 0 0 0 0 -180
0 -0 0 -0 0 180 0 -180 0.000981596 162.935 0 0 0 180 0 180 0 -0
0 -180 0 0 0 -180 0 -180 0.183689 128.553 0 -180 0 -180 0 0 0 -180
0 -0 0 180 0 -0 0 -0 0.814468 153.647 0 -0 0 -0 0 180 0 -0
inside=1 lambda=0.647 phi=10 theta=0
0 -180 0 -180 0 -180 0 0 0.178962 117.459 0 0 0 -180 0 -180 0 -180
0 -0 0 -0 0 -0 0 180 0.81852 148.014 0 180 0 -0 0 -0 0 -0
0 -180 0 -0 0 0 0 180 3.56203e-14 3.14451 0 180 0 0 0 180 0 -180
0 -0 0 -180 0 180 0 0 1.28737e-13 27.1515 0 0 0 180 0 0 0 -0
0 -180 0 -180 0 0 0 -0 6.8215e-14 -27.1996 0 -0 0 0 0 0 0 -180
0 -0 0 -0 0 180 0 0 4.57554e-14 102.348 0 180 0 180 0 180 0 -0
0 -180 0 0 0 -180 0 -180 0.186508 117.381 0 -180 0 -180 0 0 0 -180
0 -0 0 180 0 -0 0 -0 0.810717 147.93 0 -0 0 -0 0 180 0 -0
inside=1 lambda=0.647 phi=10 theta=15
0 -180 0 -180 0 -180 0 0 0.179468 117.454 0 0 0 -180 0 -180 0 -180
0 -0 0 -0 0 -0 0 180 0.817997 148.008 0 180 0 -0 0 -0 0 -0
0 -180 0 -0 0 0 0 -180 0.00188949 -64.84 0 0 0 0 0 0 0 -180
0 -0 0 -180 0 180 0 -0 0.00197651 157.198 0 180 0 180 0 0 0 -0
0 -180 0 -180 0 0 0 -0 0.00188944 -64.8303 0 0 0 0 0 0 0 -180
0 -0 0 -0 0 180 0 -180 0.00197642 157.188 0 0 0 180 0 180 0 -0
0 -180 0 0 0 -180 0 -180 0.186003 117.386 0 -180 0 -180 0 0 0 -180
0 -0 0 180 0 -0 0 -0 0.811239 147.936 0 -0 0 -0 0 180 0 -0
inside=1 lambda=0.647 phi=10 theta=30
0 -180 0 -180 0 -180 0 0 0.180849 117.439 0 0 0 -180 0 -180 0 -180
0 -0 0 -0 0 -0 0 180 0.816569 147.993 0 180 0 -0 0 -0 0 -0
0 -180 0 -0 0 0 0 -180 0.00327267 -64.8379 0 0 0 0 0 0 0 -180
0 -0 0 -180 0 180 0 -0 0.00342338 157.196 0 180 0 180 0 0 0 -0
0 -180 0 -180 0 0 0 -0 0.00327262 -64.8323 0 0 0 0 0 0 0 -180
0 -0 0 -0 0 180 0 -180 0.00342329 157.19 0 0 0 180 0 180 0 -0
0 -180 0 0 0 -180 0 -180 0.184622 117.4 0 -180 0 -180 0 0 0 -180
0 -0 0 180 0 -0 0 -0 0.812667 147.951 0 -0 0 -0 0 180 0 -0
inside=1 lambda=0.647 phi=10 theta=45
0 -180 0 -180 0 -180 0 0 0.182735 117.419 0 0 0 -180 0 -180 0 -180
0 -0 0 -0 0 -0 0 180 0.814618 147.972 0 180 0 -0 0 -0 0 -0
0 -180 0 -0 0 0 0 -180 0.00377893 -64.8351 0 0 0 0 0 0 0 -180
0 -0 0 -180 0 180 0 -0 0.00395293 157.193 0 180 0 180 0 0 0 -0
0 -180 0 -180 0 0 0 -0 0.00377893 -64.8351 0 0 0 0 0 0 0 -180
0 -0 0 -0 0 180 0 -180 0.00395293 157.193 0 0 0 180 0 180 0 -0
0 -180 0 0 0 -180 0 -180 0.182735 117.419 0 -180 0 -180 0 0 0 -180
0 -0 0 180 0 -0 0 -0 0.814618 147.972 0 -0 0 -0 0 180 0 -0
inside=1 lambda=0.647 phi=15 theta=0
0 180 0 -180 0 -180 0 0 0.172479 98.8991 0 0 0 180 0 -180 0 -180
0 -0 0 -0 0 -180 0 180 0.823786 138.658 0 0 0 -0 0 -0 0 -180
0 -180 0 -180 0 0 0 180 2.82772e-13 -2.25319 0 -0 0 0 0 0 0 -180
0 -0 0 -180 0 180 0 0 7.14761e-13 48.9669 0 -180 0 180 0 0 0 -0
0 -180 0 -180 0 0 0 -0 2.07589e-13 -5.57086 0 0 0 0 0 0 0 -180
0 -0 0 -0 0 180 0 -180 5.98273e-13 49.1112 0 0 0 180 0 180 0 -0
0 -180 0 0 0 -180 0 -180 0.189368 98.7312 0 -180 0 -180 0 0 0 -180
0 -0 0 180 0 -0 0 -0 0.806032 138.469 0 -0 0 -0 0 180 0 -0
inside=1 lambda=0.647 phi=15 theta=15
0 -180 0 -180 0 -180 0 0 0.173611 98.8867 0 0 0 180 0 -180 0 -180
0 -0 0 -0 0 -180 0 180 0.822596 138.645 0 0 0 -0 0 -0 0 -180
0 -180 0 -180 0 0 0 -180 0.00423008 -83.364 0 0 0 0 0 0 0 -180
0 -0 0 -180 0 180 0 -0 0.00449691 147.75 0 0 0 180 0 0 0 -0
0 -180 0 -180 0 0 0 -180 0.00422974 -83.3419 0 0 0 0 0 0 0 -180
0 -0 0 -0 0 180 0 -180 0.00449641 147.728 0 0 0 180 0 180 0 -0
0 -180 0 0 0 -180 0 -180 0.188237 98.7413 0 -180 0 -180 0 0 0 -180
0 -0 0 180 0 -0 0 -0 0.807221 138.482 0 -0 0 -0 0 180 0 -0
inside=1 lambda=0.647 phi=15 theta=30
0 -180 0 -180 0 -180 0 0 0.176702 98.8535 0 0 0 -180 0 -180 0 -180
0 -0 0 -0 0 -180 0 180 0.819347 138.611 0 0 0 -0 0 -0 0 -180
0 -180 0 -180 0 0 0 -180 0.0073266 -83.3591 0 0 0 0 0 0 0 -180
0 -0 0 -180 0 180 0 -0 0.00778868 147.745 0 180 0 180 0 0 0 -0
0 -180 0 -180 0 0 0 -180 0.00732626 -83.3464 0 0 0 0 0 0 0 -180
0 -0 0 -0 0 180 0 -180 0.00778818 147.732 0 0 0 180 0 180 0 -0
0 -180 0 0 0 -180 0 -180 0.185146 98.7697 0 -180 0 -180 0 0 0 -180
0 -0 0 180 0 -0 0 -0 0.81047 138.517 0 -0 0 -0 0 180 0 -0
inside=1 lambda=0.647 phi=15 theta=45
0 -180 0 -180 0 -180 0 0 0.180924 98.8104 0 0 0 -180 0 -180 0 -180
0 -0 0 -0 0 -180 0 180 0.814908 138.564 0 180 0 -0 0 -0 0 -0
0 -180 0 -180 0 0 0 -180 0.00845984 -83.3526 0 0 0 0 0 0 0 -180
0 -0 0 -180 0 180 0 -0 0.0089933 147.738 0 180 0 180 0 0 0 -0
0 -180 0 -180 0 0 0 -180 0.00845984 -83.3526 0 0 0 0 0 0 0 -180
0 -0 0 -0 0 180 0 -180 0.0089933 147.738 0 0 0 180 0 180 0 -0
0 -180 0 0 0 -180 0 -180 0.180924 98.8104 0 -180 0 -180 0 0 0 -180
0 -0 0 180 0 -0 0 -0 0.814908 138.564 0 -0 0 -180 0 180 0 -0
inside=1 lambda=0.647 phi=20 theta=0
0 180 0 -180 0 -180 0 0 0.163378 72.8025 0 0 0 180 0 -180 0 -180
0 -0 0 -0 0 -180 0 180 0.831385 125.664 0 0 0 -0 0 -0 0 -180
0 180 0 -0 0 0 0 -0 8.16542e-13 146.88 0 180 0 -0 0 180 0 -180
0 -0 0 -180 0 0 0 -180 2.06935e-12 -143.813 0 0 0 180 0 0 0 -180
0 -180 0 -180 0 0 0 180 8.09918e-13 145.652 0 -0 0 0 0 0 0 -180
0 -0 0 -0 0 180 0 -0 2.11814e-12 -142.909 0 -180 0 180 0 180 0 -0
0 -180 0 0 0 -180 0 -180 0.193144 72.4603 0 -180 0 -180 0 0 0 -180
0 -0 0 180 0 -0 0 -180 0.799323 125.32 0 -0 0 -0 0 180 0 -0
inside=1 lambda=0.647 phi=20 theta=15
0 180 0 -180 0 -180 0 0 0.165372 72.7751 0 0 0 180 0 -180 0 -180
0 -0 0 -0 0 -180 0 180 0.829236 125.642 0 0 0 -0 0 -0 0 -180
0 180 0 -0 0 0 0 -180 0.00745971 -109.799 0 0 0 -0 0 180 0 -180
0 -0 0 -180 0 0 0 -0 0.00812382 134.768 0 0 0 180 0 0 0 -180
0 -180 0 -180 0 0 0 -0 0.00745833 -109.76 0 180 0 0 0 0 0 -180
0 -0 0 -0 0 180 0 -180 0.00812217 134.728 0 0 0 180 0 0 0 -0
0 -180 0 0 0 -180 0 -180 0.191151 72.4793 0 -180 0 -180 0 0 0 -180
0 -0 0 180 0 -0 0 -180 0.801469 125.344 0 -0 0 -180 0 0 0 -180
inside=1 lambda=0.647 phi=20 theta=30
0 180 0 -180 0 -180 0 0 0.17082 72.7038 0 0 0 180 0 -180 0 -180
0 -0 0 -0 0 -180 0 180 0.823366 125.58 0 0 0 -0 0 -0 0 -180
0 -180 0 -0 0 0 0 -180 0.0129202 -109.79 0 0 0 0 0 180 0 -180
0 -0 0 -180 0 0 0 -0 0.0140702 134.758 0 0 0 180 0 0 0 -180
0 -180 0 -180 0 0 0 -0 0.0129188 -109.767 0 180 0 0 0 0 0 -180
0 -0 0 -0 0 180 0 -180 0.0140685 134.734 0 0 0 0 0 0 0 -180
0 -180 0 0 0 -180 0 -180 0.185704 72.5337 0 -180 0 -180 0 0 0 -180
0 -0 0 180 0 -0 0 -180 0.807335 125.409 0 -0 0 -180 0 0 0 -180
inside=1 lambda=0.647 phi=20 theta=45
0 -180 0 -180 0 -180 0 0 0.178262 72.6146 0 0 0 180 0 -180 0 -180
0 -0 0 -0 0 -180 0 180 0.815349 125.495 0 0 0 -0 0 -0 0 -180
0 -180 0 -0 0 0 0 -180 0.0149182 -109.778 0 0 0 0 0 180 0 -180
0 -0 0 -180 0 0 0 -0 0.0162459 134.745 0 0 0 180 0 0 0 -180
0 -180 0 -180 0 0 0 -0 0.0149182 -109.778 0 180 0 0 0 0 0 -180
0 -0 0 -0 0 180 0 -180 0.0162459 134.745 0 0 0 0 0 0 0 -180
0 -180 0 0 0 180 0 -180 0.178262 72.6146 0 -180 0 -180 0 0 0 -180
0 -0 0 180 0 -0 0 -0 0.815349 125.495 0 -0 0 -180 0 0 0 -180
inside=1 lambda=0.647 phi=25 theta=0
0 180 0 -180 0 -180 0 0 0.152262 39.178 0 0 0 180 0 -180 0 -180
0 -0 0 -0 0 -180 0 180 0.841489 109.145 0 0 0 -0 0 -0 0 -180
0 180 0 -0 0 0 0 180 4.80123e-13 110.153 0 -0 0 -0 0 180 0 -180
0 -0 0 -180 0 0 0 -0 1.08364e-12 -160.247 0 -180 0 180 0 0 0 -180
0 -180 0 -180 0 0 0 180 4.07714e-13 104.447 0 -0 0 0 0 0 0 -180
0 -180 0 -180 0 0 0 -0 8.60241e-13 -158.764 0 -0 0 0 0 0 0 -180
0 -180 0 0 0 -180 0 -180 0.198579 38.3777 0 -180 0 -180 0 0 0 -180
0 -180 0 0 0 -180 0 -180 0.790272 108.577 0 -180 0 -180 0 0 0 -180
inside=1 lambda=0.647 phi=25 theta=15
0 180 0 -180 0 -180 0 0 0.155364 39.1077 0 0 0 180 0 -180 0 -180
0 -0 0 -0 0 -180 0 180 0.838055 109.109 0 0 0 -0 0 -0 0 -180
0 180 0 -0 0 0 0 -180 0.0116204 -144.62 0 0 0 -0 0 180 0 -180
0 -0 0 -180 0 0 0 -0 0.01299 118.46 0 0 0 180 0 0 0 -180
0 -180 0 -180 0 0 0 -0 0.0116165 -144.562 0 180 0 0 0 0 0 -180
0 -0 0 -180 0 180 0 -180 0.0129856 118.394 0 0 0 0 0 0 0 -180
0 -180 0 0 0 -180 0 -180 0.195477 38.4181 0 -180 0 -180 0 0 0 -180
0 -0 0 0 0 -0 0 -180 0.793699 108.617 0 -180 0 -180 0 0 0 -180
inside=1 lambda=0.647 phi=25 theta=30
0 180 0 -180 0 -180 0 0 0.163841 38.9306 0 0 0 180 0 -180 0 -180
0 -0 0 -180 0 -180 0 180 0.828675 109.01 0 0 0 -0 0 -0 0 -180
0 180 0 -0 0 0 0 -180 0.020126 -144.606 0 0 0 -0 0 180 0 -180
0 -0 0 -180 0 0 0 -0 0.0224975 118.441 0 0 0 180 0 0 0 -180
0 -180 0 -180 0 0 0 -0 0.020122 -144.573 0 180 0 0 0 0 0 -180
0 -0 0 -180 0 180 0 -180 0.0224931 118.403 0 0 0 0 0 0 0 -180
0 -180 0 0 0 180 0 -180 0.187001 38.5362 0 -180 0 -180 0 0 0 -180
0 -0 0 180 0 -0 0 -180 0.803066 108.726 0 -180 0 -180 0 0 0 -180
inside=1 lambda=0.647 phi=25 theta=45
0 180 0 -180 0 -180 0 0 0.175421 38.7189 0 0 0 180 0 -180 0 -180
0 -0 0 -180 0 -180 0 180 0.815868 108.87 0 0 0 -0 0 -0 0 -180
0 180 0 -0 0 0 0 -180 0.0232374 -144.588 0 0 0 -0 0 180 0 -180
0 -0 0 -180 0 0 0 -0 0.0259751 118.42 0 0 0 180 0 0 0 -180
0 180 0 -180 0 -0 0 -0 0.0232374 -144.588 0 180 0 0 0 0 0 -180
0 -0 0 -0 0 180 0 -180 0.0259751 118.42 0 0 0 0 0 0 0 -180
0 180 0 0 0 180 0 -180 0.175421 38.7189 0 -180 0 -180 0 0 0 -180
0 -0 0 180 0 -0 0 -180 0.815868 108.87 0 -0 0 -180 0 0 0 -180
inside=1 lambda=0.647 phi=30 theta=0
0 180 0 180 0 -180 0 -0 0.139939 -1.56371 0 0 0 180 0 180 0 -180
0 -0 0 -0 0 -180 0 180 0.854389 89.258 0 0 0 -0 0 -0 0 -180
0 180 0 -0 0 0 0 180 1.42214e-14 111.966 0 -0 0 -0 0 180 0 -180
0 -0 0 180 0 0 0 -0 1.53307e-14 18.5012 0 180 0 180 0 -0 0 -180
0 -180 0 -180 0 0 0 -0 5.15704e-14 -37.7129 0 -0 0 0 0 0 0 -180
0 -180 0 -180 0 0 0 180 2.65484e-14 -62.5697 0 -180 0 0 0 0 0 -180
0 -180 0 0 0 -180 0 -180 0.208071 -3.47187 0 -180 0 -180 0 0 0 -180
0 -180 0 0 0 -180 0 -180 0.778205 88.3643 0 -180 0 -180 0 0 0 -180
inside=1 lambda=0.647 phi=30 theta=15
0 180 0 180 0 -180 0 -0 0.144497 -1.75157 0 0 0 180 0 180 0 -180
0 -0 0 -180 0 -180 0 180 0.849278 89.203 0 0 0 -0 0 -0 0 -180
0 180 0 -0 0 0 0 -180 0.0171294 172.27 0 0 0 -0 0 180 0 -180
0 -0 0 180 0 0 0 -180 0.0193547 98.9588 0 0 0 180 0 -0 0 -180
0 -180 0 -180 0 -0 0 -0 0.0171213 172.347 0 180 0 0 0 0 0 -180
0 -180 0 -180 0 0 0 180 0.0193438 98.8593 0 -0 0 0 0 0 0 -180
0 -180 0 0 0 180 0 -180 0.203506 -3.38671 0 -180 0 -180 0 0 0 -180
0 -180 0 0 0 -0 0 -180 0.7833 88.4295 0 -180 0 -180 0 0 0 -180
inside=1 lambda=0.647 phi=30 theta=30
0 180 0 180 0 -180 0 -0 0.156958 -2.20648 0 0 0 180 0 180 0 -180
0 -0 0 -180 0 -180 0 180 0.83532 89.0495 0 0 0 -0 0 -180 0 -180
0 180 0 -0 0 0 0 -180 0.0296667 172.291 0 0 0 -0 0 180 0 -180
0 -0 0 180 0 0 0 -180 0.033518 98.9265 0 0 0 180 0 -0 0 -180
0 180 0 -180 0 -0 0 -0 0.0296587 172.335 0 180 0 0 0 0 0 -180
0 -0 0 -180 0 180 0 180 0.0335075 98.8698 0 -0 0 0 0 0 0 -180
0 180 0 0 0 180 0 -180 0.191031 -3.13106 0 -180 0 -180 0 0 0 -180
0 -0 0 0 0 -0 0 -180 0.797227 88.6036 0 -180 0 -180 0 0 0 -180
inside=1 lambda=0.647 phi=30 theta=45
0 180 0 -180 0 -180 0 -0 0.173991 -2.71711 0 0 0 180 0 180 0 -180
0 -0 0 -180 0 -180 0 180 0.816266 88.8317 0 0 0 -0 0 -180 0 -180
0 180 0 -0 0 0 0 -180 0.0342519 172.315 0 0 0 -0 0 180 0 -180
0 -0 0 180 0 0 0 -180 0.0386966 98.8928 0 0 0 180 0 -0 0 -180
0 180 0 -180 0 -0 0 -0 0.0342519 172.315 0 180 0 0 0 0 0 -180
0 -0 0 -180 0 180 0 180 0.0386966 98.8928 0 -0 0 0 0 0 0 -180
0 180 0 -0 0 180 0 -180 0.173991 -2.71711 0 180 0 -180 0 0 0 -180
0 -0 0 180 0 -0 0 -180 0.816266 88.8317 0 -180 0 -180 0 0 0 -180
inside=1 lambda=0.647 phi=35 theta=0
0 180 0 180 0 -180 0 -0 0.125968 -48.3972 0 0 0 180 0 180 0 -180
0 -0 0 -180 0 180 0 0 0.87072 66.2028 0 -0 0 -0 0 -180 0 180
0 180 0 -0 0 0 0 -0 1.23648e-13 21.6935 0 180 0 -0 0 180 0 -180
0 -0 0 180 0 0 0 0 2.25237e-13 157.847 0 180 0 180 0 -0 0 -180
0 -180 0 -180 0 0 0 -0 1.19184e-13 32.8135 0 -0 0 0 0 0 0 -180
0 -180 0 -180 0 0 0 180 3.03183e-13 151.213 0 0 0 0 0 0 0 -180
0 -180 0 0 0 -180 0 -180 0.225432 -52.1817 0 -180 0 -180 0 0 0 -180
0 -180 0 0 0 -180 0 -180 0.762039 64.8626 0 -180 0 -180 0 0 0 -180
inside=1 lambda=0.647 phi=35 theta=15
0 180 0 180 0 -180 0 -0 0.132601 -48.836 0 0 0 180 0 180 0 -180
0 -0 0 -180 0 180 0 0 0.863424 66.123 0 -0 0 -0 0 -180 0 180
0 180 0 -0 0 0 0 180 0.0250596 122.696 0 0 0 -0 0 180 0 -180
0 -0 0 180 0 0 0 -180 0.027655 76.1934 0 -0 0 180 0 -0 0 -180
0 180 0 -180 0 -0 0 -0 0.0250487 122.8 0 180 0 0 0 0 0 -180
0 -180 0 -180 0 0 0 180 0.0276307 76.0541 0 -0 0 0 0 0 0 -180
0 180 0 -0 0 180 0 -180 0.218756 -52.041 0 180 0 -180 0 0 0 -180
0 -180 0 0 0 -180 0 -180 0.769302 64.964 0 -180 0 -180 0 0 0 -180
inside=1 lambda=0.647 phi=35 theta=30
0 180 0 180 0 -180 0 -0 0.150759 -49.8326 0 0 0 180 0 180 0 -180
0 -0 0 -180 0 180 0 0 0.843501 65.8988 0 0 0 -0 0 -180 0 180
0 180 0 -0 0 0 0 180 0.043402 122.726 0 0 0 -0 0 180 0 -180
0 -0 0 180 0 0 0 -180 0.0478868 76.1416 0 0 0 180 0 -0 0 -180
0 180 0 180 0 -0 0 -0 0.0433914 122.784 0 180 0 0 0 0 0 -180
0 -180 0 -180 0 0 0 180 0.0478637 76.063 0 -0 0 0 0 0 0 -180
0 180 0 -0 0 180 0 -180 0.200517 -51.6043 0 180 0 -180 0 0 0 -180
0 -0 0 0 0 -0 0 -180 0.789158 65.2315 0 -180 0 -180 0 0 0 -180
inside=1 lambda=0.647 phi=35 theta=45
0 180 0 180 0 -180 0 -0 0.175619 -50.8499 0 0 0 180 0 180 0 -180
0 -0 0 -180 0 180 0 0 0.816313 65.576 0 0 0 -0 0 -180 0 -180
0 180 0 -0 0 0 0 180 0.0501109 122.759 0 0 0 -0 0 180 0 -180
0 -180 0 180 0 0 0 -180 0.0552797 76.092 0 0 0 180 0 -0 0 -180
0 180 0 180 0 -0 0 -0 0.0501109 122.759 0 180 0 0 0 0 0 -180
0 -180 0 -180 0 180 0 180 0.0552797 76.092 0 -0 0 0 0 0 0 -180
0 180 0 -0 0 180 0 180 0.175619 -50.8499 0 180 0 -180 0 0 0 -180
0 -0 0 0 0 -0 0 -180 0.816313 65.576 0 -180 0 180 0 0 0 -180
inside=1 lambda=0.647 phi=40 theta=0
0 180 0 180 0 -180 0 -0 0.107469 -100.398 0 0 0 180 0 180 0 -180
0 -0 0 -180 0 180 0 0 0.891585 40.205 0 -0 0 -0 0 -180 0 180
0 180 0 -0 0 0 0 180 1.70535e-13 -15.134 0 -0 0 -0 0 180 0 -180
0 -180 0 180 0 -0 0 -0 2.70768e-13 126.437 0 180 0 0 0 -0 0 180
0 -180 0 -180 0 -0 0 180 1.08758e-13 -10.255 0 0 0 0 0 0 0 180
0 -180 0 -180 0 0 0 -0 2.64706e-13 127.625 0 -0 0 0 0 0 0 -180
0 -180 0 0 0 180 0 -180 0.252576 -105.813 0 -180 0 -180 0 0 0 180
0 -180 0 0 0 -180 0 180 0.740722 38.3451 0 -180 0 -180 0 0 0 -180
inside=1 lambda=0.647 phi=40 theta=15
0 180 0 180 0 -180 0 -0 0.117115 -101.197 0 0 0 180 0 180 0 -180
0 -0 0 -180 0 180 0 0 0.881449 40.0985 0 -0 0 -0 0 -180 0 180
0 180 0 -0 0 0 0 180 0.0365123 69.7717 0 0 0 -0 0 180 0 -180
0 -180 0 180 0 -0 0 -180 0.0383934 49.9734 0 -0 0 0 0 -0 0 180
0 180 0 180 0 -0 0 -0 0.0365033 69.9283 0 180 0 0 0 0 0 -180
0 -180 0 -180 0 0 0 180 0.0383438 49.7896 0 -0 0 -0 0 -0 0 180
0 180 0 -0 0 180 0 -180 0.242829 -105.664 0 180 0 -180 0 0 0 -180
0 -180 0 0 0 -180 0 180 0.750795 38.4921 0 -180 0 180 0 -0 0 180
inside=1 lambda=0.647 phi=40 theta=30
0 180 0 180 0 -180 0 -0 0.14357 -102.822 0 0 0 180 0 180 0 -180
0 -0 0 -180 0 180 0 0 0.85378 39.7973 0 -0 0 -0 0 -180 0 180
0 180 0 -0 0 0 0 180 0.0632436 69.8162 0 0 0 -0 0 180 0 -180
0 -180 0 180 0 -0 0 -180 0.0664695 49.8935 0 -0 0 0 0 -0 0 180
0 180 0 180 0 -0 0 -0 0.0632352 69.9021 0 180 0 0 0 0 0 -180
0 -180 0 -180 0 0 0 180 0.0664244 49.7912 0 -0 0 -0 0 -0 0 180
0 180 0 -0 0 180 0 -180 0.216197 -105.176 0 180 0 -180 0 0 0 -180
0 -180 0 0 0 -0 0 -180 0.778343 38.8747 0 -180 0 180 0 -0 0 180
inside=1 lambda=0.647 phi=40 theta=45
0 180 0 180 0 -180 0 -0 0.179845 -104.249 0 0 0 180 0 180 0 -180
0 -180 0 -180 0 180 0 0 0.816031 39.3564 0 -0 0 -0 0 -180 0 180
0 180 0 -0 0 0 0 180 0.0730249 69.8635 0 0 0 -0 0 180 0 -180
0 -180 0 180 0 -0 0 -180 0.0767213 49.8243 0 -0 0 0 0 -0 0 180
0 180 0 180 0 -0 0 -0 0.0730249 69.8635 0 180 0 0 0 0 0 -180
0 -180 0 -180 0 0 0 180 0.0767213 49.8243 0 -0 0 -0 0 -0 0 180
0 180 0 -0 0 180 0 180 0.179845 -104.249 0 180 0 -180 0 0 0 -180
0 -180 0 0 0 -0 0 -180 0.816031 39.3564 0 -180 0 180 0 -0 0 180
inside=1 lambda=0.647 phi=45 theta=0
0 180 0 180 0 -180 0 -0 0.0817463 -158.684 0 0 0 180 0 180 0 -180
0 -180 0 -180 0 180 0.00300015 -46.047 0.918186 11.5116 0 -0 0 -180 0 -180 0 180
0 180 0 -0 0 0 0 180 2.46953e-13 140.166 0 -180 0 -0 0 180 0 -180
0 -180 0 180 0 -0 1.66742e-13 -118.044 4.05715e-13 -99.5878 0 -180 0 0 0 -0 0 180
0 -180 0 -180 0 0 0 -0 9.45097e-14 97.3265 0 180 0 0 0 0 0 -180
0 180 0 180 0 -0 1.83333e-14 8.20052 2.19481e-13 -77.4857 0 180 0 -0 0 -0 0 180
0 -180 0 0 0 -180 0 -180 0.284979 -162.714 0 -180 0 -180 0 0 0 -180
0 180 0 -0 0 180 0.0177034 148.531 0.714233 9.17045 0 180 0 180 0 -0 0 180
inside=1 lambda=0.647 phi=45 theta=15
0 180 0 180 0 -180 0 -0 0.09523 -159.54 0 0 0 180 0 180 0 -180
0 -180 0 -180 0 180 0 0 0.904524 11.3799 0 -0 0 -180 0 -180 0 180
0 180 0 -0 0 0 0 180 0.0509318 15.107 0 0 0 -0 0 180 0 -180
0 -180 0 180 0 -0 0 -180 0.0518184 20.4146 0 -0 0 0 0 -0 0 180
0 180 0 -180 0 -0 0 -0 0.0509239 15.3586 0 180 0 0 0 0 0 -180
0 -180 0 180 0 0 0 180 0.0517261 20.1799 0 -0 0 -0 0 -0 0 180
0 180 0 -0 0 180 0 -180 0.27139 -162.652 0 -180 0 -180 0 0 0 -180
0 -180 0 0 0 -180 0 180 0.727861 9.36294 0 180 0 180 0 -0 0 180
inside=1 lambda=0.647 phi=45 theta=30
0 180 0 180 0 -180 0 -0 0.132365 -160.95 0 0 0 180 0 180 0 -180
0 -180 0 -180 0 180 0 0 0.867101 11.014 0 -0 0 -180 0 -180 0 180
0 180 0 -0 0 0 0 180 0.0882406 15.1755 0 0 0 -0 0 180 0 -180
0 -180 0 180 0 -0 0 -180 0.0896893 20.2916 0 -0 0 0 0 -0 0 180
0 180 0 180 0 -0 0 -0 0.0882353 15.3084 0 180 0 0 0 0 0 -180
0 -180 0 -180 0 0 0 180 0.0896126 20.1631 0 -0 0 -0 0 -0 0 180
0 180 0 -0 0 180 0 -180 0.234135 -162.433 0 180 0 -180 0 0 0 -180
0 -180 0 0 0 -180 0 180 0.765094 9.86094 0 -180 0 180 0 -0 0 180
inside=1 lambda=0.647 phi=45 theta=45
0 180 0 180 0 -180 0 -0 0.183226 -161.922 0 0 0 180 0 180 0 -180
0 -180 0 -180 0 180 0 0 0.816051 10.4709 0 -0 0 -180 0 -180 0 180
0 180 0 -0 0 0 0 180 0.101898 15.2457 0 0 0 -0 0 180 0 -180
0 -180 0 180 0 -0 0 -180 0.10351 20.1973 0 -0 0 0 0 -0 0 180
0 180 0 180 0 -0 0 -0 0.101898 15.2457 0 180 0 0 0 0 0 -180
0 -180 0 -180 0 0 0 180 0.10351 20.1973 0 -0 0 -0 0 -0 0 180
0 180 0 -0 0 180 0 180 0.183226 -161.922 0 180 0 -180 0 0 0 -180
0 -180 0 0 0 -180 0 -180 0.816051 10.4709 0 -180 0 180 0 -0 0 180
