RSoft_BSDF_File_Version 2
1 0 5 2 1 0
0.3 0.3
-1 1
-1 1
1 0.647 0.647
10 0 45 0.5
4 0 45
Begin_Dispersion_Data
0.647 1.45662 0 1 0 0
End_Dispersion_Data
inside=0 lambda=0.647 phi=0 theta=0
0 0 0 0 0 0 0 0 0.185872 0 0 0 0 0 0 0 0 0
0 0 0 0 0 0 0 0 1.18587 0 0 0 0 0 0 0 0 0
0 0 0 0 0 0 0 0 0 0 0 0 0 0 0 0 0 0
0 0 0 0 0 0 0 0 0 0 0 0 0 0 0 0 0 0
0 0 0 0 0 0 0 0 1.13814e-17 0 0 0 0 0 0 0 0 0
0 0 0 0 0 0 0 0 7.26137e-17 0 0 0 0 0 0 0 0 0
0 0 0 0 0 0 0 0 0.185872 0 0 0 0 0 0 0 0 0
0 0 0 0 0 0 0 0 1.18587 0 0 0 0 0 0 0 0 0
inside=0 lambda=0.647 phi=0 theta=15
0 0 0 0 0 0 0 0 0.185872 0 0 0 0 0 0 0 0 0
0 0 0 0 0 0 0 0 1.18587 0 0 0 0 0 0 0 0 0
0 0 0 0 0 0 0 0 0 0 0 0 0 0 0 0 0 0
0 0 0 0 0 0 0 0 0 0 0 0 0 0 0 0 0 0
0 0 0 0 0 0 0 0 1.13814e-17 0 0 0 0 0 0 0 0 0
0 0 0 0 0 0 0 0 7.26137e-17 0 0 0 0 0 0 0 0 0
0 0 0 0 0 0 0 0 0.185872 0 0 0 0 0 0 0 0 0
0 0 0 0 0 0 0 0 1.18587 0 0 0 0 0 0 0 0 0
inside=0 lambda=0.647 phi=0 theta=30
0 0 0 0 0 0 0 0 0.185872 0 0 0 0 0 0 0 0 0
0 0 0 0 0 0 0 0 1.18587 0 0 0 0 0 0 0 0 0
0 0 0 0 0 0 0 0 0 0 0 0 0 0 0 0 0 0
0 0 0 0 0 0 0 0 0 0 0 0 0 0 0 0 0 0
0 0 0 0 0 0 0 0 1.13814e-17 0 0 0 0 0 0 0 0 0
0 0 0 0 0 0 0 0 7.26137e-17 0 0 0 0 0 0 0 0 0
0 0 0 0 0 0 0 0 0.185872 0 0 0 0 0 0 0 0 0
0 0 0 0 0 0 0 0 1.18587 0 0 0 0 0 0 0 0 0
inside=0 lambda=0.647 phi=0 theta=45
0 0 0 0 0 0 0 0 0.185872 0 0 0 0 0 0 0 0 0
0 0 0 0 0 0 0 0 1.18587 0 0 0 0 0 0 0 0 0
0 0 0 0 0 0 0 0 0 0 0 0 0 0 0 0 0 0
0 0 0 0 0 0 0 0 0 0 0 0 0 0 0 0 0 0
0 0 0 0 0 0 0 0 1.13814e-17 0 0 0 0 0 0 0 0 0
0 0 0 0 0 0 0 0 7.26137e-17 0 0 0 0 0 0 0 0 0
0 0 0 0 0 0 0 0 0.185872 0 0 0 0 0 0 0 0 0
0 0 0 0 0 0 0 0 1.18587 0 0 0 0 0 0 0 0 0
inside=0 lambda=0.647 phi=5 theta=0
0 0 0 0 0 0 0 0 0.18379 0 0 0 0 0 0 0 0 0
0 0 0 0 0 0 0 0 1.18379 0 0 0 0 0 0 0 0 0
0 0 0 0 0 0 0 0 0 0 0 0 0 0 0 0 0 0
0 0 0 0 0 0 0 0 0 0 0 0 0 0 0 0 0 0
0 0 0 0 0 0 0 0 1.12539e-17 0 0 0 0 0 0 0 0 0
0 0 0 0 0 0 0 0 7.24862e-17 0 0 0 0 0 0 0 0 0
0 0 0 0 0 0 0 0 0.187952 0 0 0 0 0 0 0 0 0
0 0 0 0 0 0 0 0 1.18795 0 0 0 0 0 0 0 0 0
inside=0 lambda=0.647 phi=5 theta=15
0 0 0 0 0 0 0 0 0.184069 0 0 0 0 0 0 0 0 0
0 0 0 0 0 0 0 0 1.18407 0 0 0 0 0 0 0 0 0
0 0 0 0 0 0 0 0 0.00104065 180 0 0 0 0 0 0 0 0
0 0 0 0 0 0 0 0 0.00104065 180 0 0 0 0 0 0 0 0
0 0 0 0 0 0 0 0 0.00104065 180 0 0 0 0 0 0 0 0
0 0 0 0 0 0 0 0 0.00104065 180 0 0 0 0 0 0 0 0
0 0 0 0 0 0 0 0 0.187674 0 0 0 0 0 0 0 0 0
0 0 0 0 0 0 0 0 1.18767 0 0 0 0 0 0 0 0 0
inside=0 lambda=0.647 phi=5 theta=30
0 0 0 0 0 0 0 0 0.184831 0 0 0 0 0 0 0 0 0
0 0 0 0 0 0 0 0 1.18483 0 0 0 0 0 0 0 0 0
0 0 0 0 0 0 0 0 0.00180245 180 0 0 0 0 0 0 0 0
0 0 0 0 0 0 0 0 0.00180245 180 0 0 0 0 0 0 0 0
0 0 0 0 0 0 0 0 0.00180245 180 0 0 0 0 0 0 0 0
0 0 0 0 0 0 0 0 0.00180245 180 0 0 0 0 0 0 0 0
0 0 0 0 0 0 0 0 0.186912 0 0 0 0 0 0 0 0 0
0 0 0 0 0 0 0 0 1.18691 0 0 0 0 0 0 0 0 0
inside=0 lambda=0.647 phi=5 theta=45
0 0 0 0 0 0 0 0 0.185871 0 0 0 0 0 0 0 0 0
0 0 0 0 0 0 0 0 1.18587 0 0 0 0 0 0 0 0 0
0 0 0 0 0 0 0 0 0.00208129 180 0 0 0 0 0 0 0 0
0 0 0 0 0 0 0 0 0.00208129 180 0 0 0 0 0 0 0 0
0 0 0 0 0 0 0 0 0.00208129 180 0 0 0 0 0 0 0 0
0 0 0 0 0 0 0 0 0.00208129 180 0 0 0 0 0 0 0 0
0 0 0 0 0 0 0 0 0.185871 0 0 0 0 0 0 0 0 0
0 0 0 0 0 0 0 0 1.18587 0 0 0 0 0 0 0 0 0
inside=0 lambda=0.647 phi=10 theta=0
0 0 0 0 0 0 0 0 0.17729 0 0 0 0 0 0 0 0 0
0 0 0 0 0 0 0 0 1.17729 0 0 0 0 0 0 0 0 0
0 0 0 0 0 0 0 0 0 0 0 0 0 0 0 0 0 0
0 0 0 0 0 0 0 0 0 0 0 0 0 0 0 0 0 0
0 0 0 0 0 0 0 0 1.08559e-17 0 0 0 0 0 0 0 0 0
0 0 0 0 0 0 0 0 7.20882e-17 0 0 0 0 0 0 0 0 0
0 0 0 0 0 0 0 0 0.194426 0 0 0 0 0 0 0 0 0
0 0 0 0 0 0 0 0 1.19443 0 0 0 0 0 0 0 0 0
inside=0 lambda=0.647 phi=10 theta=15
0 0 0 0 0 0 0 0 0.178438 0 0 0 0 0 0 0 0 0
0 0 0 0 0 0 0 0 1.17844 0 0 0 0 0 0 0 0 0
0 0 0 0 0 0 0 0 0.00428393 180 0 0 0 0 0 0 0 0
0 0 0 0 0 0 0 0 0.00428393 180 0 0 0 0 0 0 0 0
0 0 0 0 0 0 0 0 0.00428393 180 0 0 0 0 0 0 0 0
0 0 0 0 0 0 0 0 0.00428393 180 0 0 0 0 0 0 0 0
0 0 0 0 0 0 0 0 0.193278 0 0 0 0 0 0 0 0 0
0 0 0 0 0 0 0 0 1.19328 0 0 0 0 0 0 0 0 0
inside=0 lambda=0.647 phi=10 theta=30
0 0 0 0 0 0 0 0 0.181574 0 0 0 0 0 0 0 0 0
0 0 0 0 0 0 0 0 1.18157 0 0 0 0 0 0 0 0 0
0 0 0 0 0 0 0 0 0.00741998 180 0 0 0 0 0 0 0 0
0 0 0 0 0 0 0 0 0.00741998 180 0 0 0 0 0 0 0 0
0 0 0 0 0 0 0 0 0.00741998 180 0 0 0 0 0 0 0 0
0 0 0 0 0 0 0 0 0.00741998 180 0 0 0 0 0 0 0 0
0 0 0 0 0 0 0 0 0.190142 0 0 0 0 0 0 0 0 0
0 0 0 0 0 0 0 0 1.19014 0 0 0 0 0 0 0 0 0
inside=0 lambda=0.647 phi=10 theta=45
0 0 0 0 0 0 0 0 0.185858 0 0 0 0 0 0 0 0 0
0 0 0 0 0 0 0 0 1.18586 0 0 0 0 0 0 0 0 0
0 0 0 0 0 0 0 0 0.00856786 180 0 0 0 0 0 0 0 0
0 0 0 0 0 0 0 0 0.00856786 180 0 0 0 0 0 0 0 0
0 0 0 0 0 0 0 0 0.00856786 180 0 0 0 0 0 0 0 0
0 0 0 0 0 0 0 0 0.00856786 180 0 0 0 0 0 0 0 0
0 0 0 0 0 0 0 0 0.185858 0 0 0 0 0 0 0 0 0
0 0 0 0 0 0 0 0 1.18586 0 0 0 0 0 0 0 0 0
inside=0 lambda=0.647 phi=15 theta=0
0 0 0 0 0 0 0 0 0.16553 0 0 0 0 0 0 0 0 0
0 0 0 0 0 0 0 0 1.16553 0 0 0 0 0 0 0 0 0
0 0 0 0 0 0 0 0 0 0 0 0 0 0 0 0 0 0
0 0 0 0 0 0 0 0 0 0 0 0 0 0 0 0 0 0
0 0 0 0 0 0 0 0 1.01358e-17 0 0 0 0 0 0 0 0 0
0 0 0 0 0 0 0 0 7.13681e-17 0 0 0 0 0 0 0 0 0
0 0 0 0 0 0 0 0 0.206056 0 0 0 0 0 0 0 0 0
0 0 0 0 0 0 0 0 1.20606 0 0 0 0 0 0 0 0 0
inside=0 lambda=0.647 phi=15 theta=15
0 0 0 0 0 0 0 0 0.168244 0 0 0 0 0 0 0 0 0
0 0 0 0 0 0 0 0 1.16824 0 0 0 0 0 0 0 0 0
0 0 0 0 0 0 0 0 0.0101317 180 0 0 0 0 0 0 0 0
0 0 0 0 0 0 0 0 0.0101317 180 0 0 0 0 0 0 0 0
0 0 0 0 0 0 0 0 0.0101317 180 0 0 0 0 0 0 0 0
0 0 0 0 0 0 0 0 0.0101317 180 0 0 0 0 0 0 0 0
0 0 0 0 0 0 0 0 0.203342 0 0 0 0 0 0 0 0 0
0 0 0 0 0 0 0 0 1.20334 0 0 0 0 0 0 0 0 0
inside=0 lambda=0.647 phi=15 theta=30
0 0 0 0 0 0 0 0 0.175661 0 0 0 0 0 0 0 0 0
0 0 0 0 0 0 0 0 1.17566 0 0 0 0 0 0 0 0 0
0 0 0 0 0 0 0 0 0.0175486 180 0 0 0 0 0 0 0 0
0 0 0 0 0 0 0 0 0.0175486 180 0 0 0 0 0 0 0 0
0 0 0 0 0 0 0 0 0.0175486 180 0 0 0 0 0 0 0 0
0 0 0 0 0 0 0 0 0.0175486 180 0 0 0 0 0 0 0 0
0 0 0 0 0 0 0 0 0.195925 0 0 0 0 0 0 0 0 0
0 0 0 0 0 0 0 0 1.19592 0 0 0 0 0 0 0 0 0
inside=0 lambda=0.647 phi=15 theta=45
0 0 0 0 0 0 0 0 0.185793 0 0 0 0 0 0 0 0 0
0 0 0 0 0 0 0 0 1.18579 0 0 0 0 0 0 0 0 0
0 0 0 0 0 0 0 0 0.0202634 180 0 0 0 0 0 0 0 0
0 0 0 0 0 0 0 0 0.0202634 180 0 0 0 0 0 0 0 0
0 0 0 0 0 0 0 0 0.0202634 180 0 0 0 0 0 0 0 0
0 0 0 0 0 0 0 0 0.0202634 180 0 0 0 0 0 0 0 0
0 0 0 0 0 0 0 0 0.185793 0 0 0 0 0 0 0 0 0
0 0 0 0 0 0 0 0 1.18579 0 0 0 0 0 0 0 0 0
inside=0 lambda=0.647 phi=20 theta=0
0 0 0 0 0 0 0 0 0.146772 0 0 0 0 0 0 0 0 0
0 0 0 0 0 0 0 0 1.14677 0 0 0 0 0 0 0 0 0
0 0 0 0 0 0 0 0 0 0 0 0 0 0 0 0 0 0
0 0 0 0 0 0 0 0 0 0 0 0 0 0 0 0 0 0
0 0 0 0 0 0 0 0 8.98718e-18 0 0 0 0 0 0 0 0 0
0 0 0 0 0 0 0 0 7.02195e-17 0 0 0 0 0 0 0 0 0
0 0 0 0 0 0 0 0 0.224392 0 0 0 0 0 0 0 0 0
0 0 0 0 0 0 0 0 1.22439 0 0 0 0 0 0 0 0 0
inside=0 lambda=0.647 phi=20 theta=15
0 0 0 0 0 0 0 0 0.151971 0 0 0 0 0 0 0 0 0
0 0 0 0 0 0 0 0 1.15197 0 0 0 0 0 0 0 0 0
0 0 0 0 0 0 0 0 0.0194051 180 0 0 0 0 0 0 0 0
0 0 0 0 0 0 0 0 0.0194051 180 0 0 0 0 0 0 0 0
0 0 0 0 0 0 0 0 0.0194051 180 0 0 0 0 0 0 0 0
0 0 0 0 0 0 0 0 0.0194051 180 0 0 0 0 0 0 0 0
0 0 0 0 0 0 0 0 0.219193 0 0 0 0 0 0 0 0 0
0 0 0 0 0 0 0 0 1.21919 0 0 0 0 0 0 0 0 0
inside=0 lambda=0.647 phi=20 theta=30
0 0 0 0 0 0 0 0 0.166177 0 0 0 0 0 0 0 0 0
0 0 0 0 0 0 0 0 1.16618 0 0 0 0 0 0 0 0 0
0 0 0 0 0 0 0 0 0.0336106 180 0 0 0 0 0 0 0 0
0 0 0 0 0 0 0 0 0.0336106 180 0 0 0 0 0 0 0 0
0 0 0 0 0 0 0 0 0.0336106 180 0 0 0 0 0 0 0 0
0 0 0 0 0 0 0 0 0.0336106 180 0 0 0 0 0 0 0 0
0 0 0 0 0 0 0 0 0.204987 0 0 0 0 0 0 0 0 0
0 0 0 0 0 0 0 0 1.20499 0 0 0 0 0 0 0 0 0
inside=0 lambda=0.647 phi=20 theta=45
0 0 0 0 0 0 0 0 0.185582 0 0 0 0 0 0 0 0 0
0 0 0 0 0 0 0 0 1.18558 0 0 0 0 0 0 0 0 0
0 0 0 0 0 0 0 0 0.0388102 180 0 0 0 0 0 0 0 0
0 0 0 0 0 0 0 0 0.0388102 180 0 0 0 0 0 0 0 0
0 0 0 0 0 0 0 0 0.0388102 180 0 0 0 0 0 0 0 0
0 0 0 0 0 0 0 0 0.0388102 180 0 0 0 0 0 0 0 0
0 0 0 0 0 0 0 0 0.185582 0 0 0 0 0 0 0 0 0
0 0 0 0 0 0 0 0 1.18558 0 0 0 0 0 0 0 0 0
inside=0 lambda=0.647 phi=25 theta=0
0 0 0 0 0 0 0 0 0.117612 0 0 0 0 0 0 0 0 0
0 0 0 0 0 0 0 0 1.11761 0 0 0 0 0 0 0 0 0
0 0 0 0 0 0 0 0 0 0 0 0 0 0 0 0 0 0
0 0 0 0 0 0 0 0 0 0 0 0 0 0 0 0 0 0
0 0 0 0 0 0 0 0 7.20164e-18 0 0 0 0 0 0 0 0 0
0 0 0 0 0 0 0 0 6.8434e-17 0 0 0 0 0 0 0 0 0
0 0 0 0 0 0 0 0 0.252384 0 0 0 0 0 0 0 0 0
0 0 0 0 0 0 0 0 1.25238 0 0 0 0 0 0 0 0 0
inside=0 lambda=0.647 phi=25 theta=15
0 0 0 0 0 0 0 0 0.12664 0 0 0 0 0 0 0 0 0
0 0 0 0 0 0 0 0 1.12664 0 0 0 0 0 0 0 0 0
0 0 0 0 0 0 0 0 0.0336931 180 0 0 0 0 0 0 0 0
0 0 0 0 0 0 0 0 0.0336931 180 0 0 0 0 0 0 0 0
0 0 0 0 0 0 0 0 0.0336931 180 0 0 0 0 0 0 0 0
0 0 0 0 0 0 0 0 0.0336931 180 0 0 0 0 0 0 0 0
0 0 0 0 0 0 0 0 0.243356 0 0 0 0 0 0 0 0 0
0 0 0 0 0 0 0 0 1.24336 0 0 0 0 0 0 0 0 0
inside=0 lambda=0.647 phi=25 theta=30
0 0 0 0 0 0 0 0 0.151305 0 0 0 0 0 0 0 0 0
0 0 0 0 0 0 0 0 1.1513 0 0 0 0 0 0 0 0 0
0 0 0 0 0 0 0 0 0.0583582 180 0 0 0 0 0 0 0 0
0 0 0 0 0 0 0 0 0.0583582 180 0 0 0 0 0 0 0 0
0 0 0 0 0 0 0 0 0.0583582 180 0 0 0 0 0 0 0 0
0 0 0 0 0 0 0 0 0.0583582 180 0 0 0 0 0 0 0 0
0 0 0 0 0 0 0 0 0.218691 0 0 0 0 0 0 0 0 0
0 0 0 0 0 0 0 0 1.21869 0 0 0 0 0 0 0 0 0
inside=0 lambda=0.647 phi=25 theta=45
0 0 0 0 0 0 0 0 0.184998 0 0 0 0 0 0 0 0 0
0 0 0 0 0 0 0 0 1.185 0 0 0 0 0 0 0 0 0
0 0 0 0 0 0 0 0 0.0673862 180 0 0 0 0 0 0 0 0
0 0 0 0 0 0 0 0 0.0673862 180 0 0 0 0 0 0 0 0
0 0 0 0 0 0 0 0 0.0673862 180 0 0 0 0 0 0 0 0
0 0 0 0 0 0 0 0 0.0673862 180 0 0 0 0 0 0 0 0
0 0 0 0 0 0 0 0 0.184998 0 0 0 0 0 0 0 0 0
0 0 0 0 0 0 0 0 1.185 0 0 0 0 0 0 0 0 0
inside=0 lambda=0.647 phi=30 theta=0
0 0 0 0 0 0 0 0 0.0708736 0 0 0 0 0 0 0 0 0
0 0 0 0 0 0 0 0 1.07087 0 0 0 0 0 0 0 0 0
0 0 0 0 0 0 0 0 0 0 0 0 0 0 0 0 0 0
0 0 0 0 0 0 0 0 0 0 0 0 0 0 0 0 0 0
0 0 0 0 0 0 0 0 4.33976e-18 0 0 0 0 0 0 0 0 0
0 0 0 0 0 0 0 0 6.55721e-17 0 0 0 0 0 0 0 0 0
0 0 0 0 0 0 0 0 0.295994 0 0 0 0 0 0 0 0 0
0 0 0 0 0 0 0 0 1.29599 0 0 0 0 0 0 0 0 0
inside=0 lambda=0.647 phi=30 theta=15
0 0 0 0 0 0 0 0 0.0859538 0 0 0 0 0 0 0 0 0
0 0 0 0 0 0 0 0 1.08595 0 0 0 0 0 0 0 0 0
0 0 0 0 0 0 0 0 0.0562802 180 0 0 0 0 0 0 0 0
0 0 0 0 0 0 0 0 0.0562802 180 0 0 0 0 0 0 0 0
0 0 0 0 0 0 0 0 0.0562802 180 0 0 0 0 0 0 0 0
0 0 0 0 0 0 0 0 0.0562802 180 0 0 0 0 0 0 0 0
0 0 0 0 0 0 0 0 0.280914 0 0 0 0 0 0 0 0 0
0 0 0 0 0 0 0 0 1.28091 0 0 0 0 0 0 0 0 0
inside=0 lambda=0.647 phi=30 theta=30
0 0 0 0 0 0 0 0 0.127154 0 0 0 0 0 0 0 0 0
0 0 0 0 0 0 0 0 1.12715 0 0 0 0 0 0 0 0 0
0 0 0 0 0 0 0 0 0.0974801 180 0 0 0 0 0 0 0 0
0 0 0 0 0 0 0 0 0.0974801 180 0 0 0 0 0 0 0 0
0 0 0 0 0 0 0 0 0.0974801 180 0 0 0 0 0 0 0 0
0 0 0 0 0 0 0 0 0.0974801 180 0 0 0 0 0 0 0 0
0 0 0 0 0 0 0 0 0.239714 0 0 0 0 0 0 0 0 0
0 0 0 0 0 0 0 0 1.23971 0 0 0 0 0 0 0 0 0
inside=0 lambda=0.647 phi=30 theta=45
0 0 0 0 0 0 0 0 0.183434 0 0 0 0 0 0 0 0 0
0 0 0 0 0 0 0 0 1.18343 0 0 0 0 0 0 0 0 0
0 0 0 0 0 0 0 0 0.11256 180 0 0 0 0 0 0 0 0
0 0 0 0 0 0 0 0 0.11256 180 0 0 0 0 0 0 0 0
0 0 0 0 0 0 0 0 0.11256 180 0 0 0 0 0 0 0 0
0 0 0 0 0 0 0 0 0.11256 180 0 0 0 0 0 0 0 0
0 0 0 0 0 0 0 0 0.183434 0 0 0 0 0 0 0 0 0
0 0 0 0 0 0 0 0 1.18343 0 0 0 0 0 0 0 0 0
inside=0 lambda=0.647 phi=35 theta=0
0 0 0 0 0 0 0 0 0.011554 180 0 0 0 0 0 0 0 0
0 0 0 0 0 0 0 0 0.988446 0 0 0 0 0 0 0 0 0
0 0 0 0 0 0 0 0 0 0 0 0 0 0 0 0 0 0
0 0 0 0 0 0 0 0 0 0 0 0 0 0 0 0 0 0
0 0 0 0 0 0 0 0 7.07477e-19 180 0 0 0 0 0 0 0 0
0 0 0 0 0 0 0 0 6.05249e-17 0 0 0 0 0 0 0 0 0
0 0 0 0 0 0 0 0 0.36935 0 0 0 0 0 0 0 0 0
0 0 0 0 0 0 0 0 1.36935 0 0 0 0 0 0 0 0 0
inside=0 lambda=0.647 phi=35 theta=15
0 0 0 0 0 0 0 0 0.0139618 0 0 0 0 0 0 0 0 0
0 0 0 0 0 0 0 0 1.01396 0 0 0 0 0 0 0 0 0
0 0 0 0 0 0 0 0 0.0952261 180 0 0 0 0 0 0 0 0
0 0 0 0 0 0 0 0 0.0952261 180 0 0 0 0 0 0 0 0
0 0 0 0 0 0 0 0 0.0952261 180 0 0 0 0 0 0 0 0
0 0 0 0 0 0 0 0 0.0952261 180 0 0 0 0 0 0 0 0
0 0 0 0 0 0 0 0 0.343835 0 0 0 0 0 0 0 0 0
0 0 0 0 0 0 0 0 1.34383 0 0 0 0 0 0 0 0 0
inside=0 lambda=0.647 phi=35 theta=30
0 0 0 0 0 0 0 0 0.0836721 0 0 0 0 0 0 0 0 0
0 0 0 0 0 0 0 0 1.08367 0 0 0 0 0 0 0 0 0
0 0 0 0 0 0 0 0 0.164936 180 0 0 0 0 0 0 0 0
0 0 0 0 0 0 0 0 0.164936 180 0 0 0 0 0 0 0 0
0 0 0 0 0 0 0 0 0.164936 180 0 0 0 0 0 0 0 0
0 0 0 0 0 0 0 0 0.164936 180 0 0 0 0 0 0 0 0
0 0 0 0 0 0 0 0 0.274124 0 0 0 0 0 0 0 0 0
0 0 0 0 0 0 0 0 1.27412 0 0 0 0 0 0 0 0 0
inside=0 lambda=0.647 phi=35 theta=45
0 0 0 0 0 0 0 0 0.178898 0 0 0 0 0 0 0 0 0
0 0 0 0 0 0 0 0 1.1789 0 0 0 0 0 0 0 0 0
0 0 0 0 0 0 0 0 0.190452 180 0 0 0 0 0 0 0 0
0 0 0 0 0 0 0 0 0.190452 180 0 0 0 0 0 0 0 0
0 0 0 0 0 0 0 0 0.190452 180 0 0 0 0 0 0 0 0
0 0 0 0 0 0 0 0 0.190452 180 0 0 0 0 0 0 0 0
0 0 0 0 0 0 0 0 0.178898 0 0 0 0 0 0 0 0 0
0 0 0 0 0 0 0 0 1.1789 0 0 0 0 0 0 0 0 0
inside=0 lambda=0.647 phi=40 theta=0
0 0 0 0 0 0 0 0 0.199165 180 0 0 0 0 0 0 0 0
0 0 0 0 0 0 0 0 0.800835 0 0 0 0 0 0 0 0 0
0 0 0 0 0 0 0 0 0 0 0 0 0 0 0 0 0 0
0 0 0 0 0 0 0 0 0 0 0 0 0 0 0 0 0 0
0 0 0 0 0 0 0 0 1.21953e-17 180 0 0 0 0 0 0 0 0
0 0 0 0 0 0 0 0 4.9037e-17 0 0 0 0 0 0 0 0 0
0 0 0 0 0 0 0 0 0.521195 0 0 0 0 0 0 0 0 0
0 0 0 0 0 0 0 0 1.5212 0 0 0 0 0 0 0 0 0
inside=0 lambda=0.647 phi=40 theta=15
0 0 0 0 0 0 0 0 0.15091 180 0 0 0 0 0 0 0 0
0 0 0 0 0 0 0 0 0.84909 0 0 0 0 0 0 0 0 0
0 0 0 0 0 0 0 0 0.18009 180 0 0 0 0 0 0 0 0
0 0 0 0 0 0 0 0 0.18009 180 0 0 0 0 0 0 0 0
0 0 0 0 0 0 0 0 0.18009 180 0 0 0 0 0 0 0 0
0 0 0 0 0 0 0 0 0.18009 180 0 0 0 0 0 0 0 0
0 0 0 0 0 0 0 0 0.47294 0 0 0 0 0 0 0 0 0
0 0 0 0 0 0 0 0 1.47294 0 0 0 0 0 0 0 0 0
inside=0 lambda=0.647 phi=40 theta=30
0 0 0 0 0 0 0 0 0.019075 180 0 0 0 0 0 0 0 0
0 0 0 0 0 0 0 0 0.980925 0 0 0 0 0 0 0 0 0
0 0 0 0 0 0 0 0 0.311925 180 0 0 0 0 0 0 0 0
0 0 0 0 0 0 0 0 0.311925 180 0 0 0 0 0 0 0 0
0 0 0 0 0 0 0 0 0.311925 180 0 0 0 0 0 0 0 0
0 0 0 0 0 0 0 0 0.311925 180 0 0 0 0 0 0 0 0
0 0 0 0 0 0 0 0 0.341105 0 0 0 0 0 0 0 0 0
0 0 0 0 0 0 0 0 1.34111 0 0 0 0 0 0 0 0 0
inside=0 lambda=0.647 phi=40 theta=45
0 0 0 0 0 0 0 0 0.161015 0 0 0 0 0 0 0 0 0
0 0 0 0 0 0 0 0 1.16101 0 0 0 0 0 0 0 0 0
0 0 0 0 0 0 0 0 0.36018 180 0 0 0 0 0 0 0 0
0 0 0 0 0 0 0 0 0.36018 180 0 0 0 0 0 0 0 0
0 0 0 0 0 0 0 0 0.36018 180 0 0 0 0 0 0 0 0
0 0 0 0 0 0 0 0 0.36018 180 0 0 0 0 0 0 0 0
0 0 0 0 0 0 0 0 0.161015 0 0 0 0 0 0 0 0 0
0 0 0 0 0 0 0 0 1.16101 0 0 0 0 0 0 0 0 0
inside=0 lambda=0.647 phi=45 theta=0
0 0 0 0 0 0 0 0 1 126.119 0 0 0 0 0 0 0 0
0 0 0 0 0 0 0 0 0 0 0 0 0 0 0 0 0 0
0 0 0 0 0 0 0 0 0 0 0 0 0 0 0 0 0 0
0 0 0 0 0 0 0 0 0 0 0 0 0 0 0 0 0 0
0 0 0 0 0 0 0 0 6.12323e-17 126.119 0 0 0 0 0 0 0 0
0 0 0 0 0 0 0 0 0 0 0 0 0 0 0 0 0 0
0 0 0 0 0 0 0 0 1 -26.9403 0 0 0 0 0 0 0 0
0 0 0 0 0 0 0 0 0 -0 0 0 0 0 0 0 0 0
inside=0 lambda=0.647 phi=45 theta=15
0 0 0 0 0 0 0 0 0.873822 124.129 0 0 0 0 0 0 0 0
0 0 0 0 0 0 0 0 0 0 0 0 0 0 0 0 0 0
0 0 0 0 0 0 0 0 0.486246 139.59 0 0 0 0 0 0 0 0
0 0 0 0 0 0 0 0 0 180 0 0 0 0 0 0 0 0
0 0 0 0 0 0 0 0 0.486246 139.59 0 0 0 0 0 0 0 0
0 0 0 0 0 0 0 0 0 180 0 0 0 0 0 0 0 0
0 0 0 0 0 0 0 0 0.873822 -24.9499 0 0 0 0 0 0 0 0
0 0 0 0 0 0 0 0 0 -0 0 0 0 0 0 0 0 0
inside=0 lambda=0.647 phi=45 theta=30
0 0 0 0 0 0 0 0 0.539162 113.993 0 0 0 0 0 0 0 0
0 0 0 0 0 0 0 0 0 0 0 0 0 0 0 0 0 0
0 0 0 0 0 0 0 0 0.842202 139.59 0 0 0 0 0 0 0 0
0 0 0 0 0 0 0 0 0 180 0 0 0 0 0 0 0 0
0 0 0 0 0 0 0 0 0.842202 139.59 0 0 0 0 0 0 0 0
0 0 0 0 0 0 0 0 0 180 0 0 0 0 0 0 0 0
0 0 0 0 0 0 0 0 0.539162 -14.8134 0 0 0 0 0 0 0 0
0 0 0 0 0 0 0 0 0 -0 0 0 0 0 0 0 0 0
inside=0 lambda=0.647 phi=45 theta=45
0 0 0 0 0 0 0 0 0.232938 49.5896 0 0 0 0 0 0 0 0
0 0 0 0 0 0 0 0 0 0 0 0 0 0 0 0 0 0
0 0 0 0 0 0 0 0 0.972491 139.59 0 0 0 0 0 0 0 0
0 0 0 0 0 0 0 0 0 180 0 0 0 0 0 0 0 0
0 0 0 0 0 0 0 0 0.972491 139.59 0 0 0 0 0 0 0 0
0 0 0 0 0 0 0 0 0 180 0 0 0 0 0 0 0 0
0 0 0 0 0 0 0 0 0.232938 49.5896 0 0 0 0 0 0 0 0
0 0 0 0 0 0 0 0 0 0 0 0 0 0 0 0 0 0
inside=1 lambda=0.647 phi=0 theta=0
0 -180 0 -180 0 -180 0 -180 0.185872 -180 0 -180 0 -180 0 -180 0 -180
0 -180 0 -180 0 -180 0 -180 0.814128 -0 0 -180 0 -180 0 -180 0 -180
0 0 0 0 0 0 0 0 0 0 0 0 0 0 0 0 0 0
0 0 0 0 0 0 0 0 0 0 0 0 0 0 0 0 0 0
0 -180 0 -180 0 -180 0 -180 1.13814e-17 -180 0 -180 0 -180 0 -180 0 -180
0 -180 0 -180 0 -180 0 -180 4.9851e-17 -0 0 -180 0 -180 0 -180 0 -180
0 0 0 0 0 0 0 0 0.185872 180 0 0 0 0 0 0 0 0
0 0 0 0 0 0 0 0 0.814128 0 0 0 0 0 0 0 0 0
inside=1 lambda=0.647 phi=0 theta=15
0 -180 0 -180 0 -180 0 -180 0.185872 -180 0 -180 0 -180 0 -180 0 -180
0 -180 0 -180 0 -180 0 -180 0.814128 -0 0 -180 0 -180 0 -180 0 -180
0 0 0 0 0 0 0 0 0 0 0 0 0 0 0 0 0 0
0 0 0 0 0 0 0 0 0 0 0 0 0 0 0 0 0 0
0 -180 0 -180 0 -180 0 -180 1.13814e-17 -180 0 -180 0 -180 0 -180 0 -180
0 -180 0 -180 0 -180 0 -180 4.9851e-17 -0 0 -180 0 -180 0 -180 0 -180
0 0 0 0 0 0 0 0 0.185872 180 0 0 0 0 0 0 0 0
0 0 0 0 0 0 0 0 0.814128 0 0 0 0 0 0 0 0 0
inside=1 lambda=0.647 phi=0 theta=30
0 -180 0 -180 0 -180 0 -180 0.185872 -180 0 -180 0 -180 0 -180 0 -180
0 -180 0 -180 0 -180 0 -180 0.814128 -0 0 -180 0 -180 0 -180 0 -180
0 0 0 0 0 0 0 0 0 0 0 0 0 0 0 0 0 0
0 0 0 0 0 0 0 0 0 0 0 0 0 0 0 0 0 0
0 -180 0 -180 0 -180 0 -180 1.13814e-17 -180 0 -180 0 -180 0 -180 0 -180
0 -180 0 -180 0 -180 0 -180 4.9851e-17 -0 0 -180 0 -180 0 -180 0 -180
0 0 0 0 0 0 0 0 0.185872 180 0 0 0 0 0 0 0 0
0 0 0 0 0 0 0 0 0.814128 0 0 0 0 0 0 0 0 0
inside=1 lambda=0.647 phi=0 theta=45
0 -180 0 -180 0 -180 0 -180 0.185872 -180 0 -180 0 -180 0 -180 0 -180
0 -180 0 -180 0 -180 0 -180 0.814128 -0 0 -180 0 -180 0 -180 0 -180
0 0 0 0 0 0 0 0 0 0 0 0 0 0 0 0 0 0
0 0 0 0 0 0 0 0 0 0 0 0 0 0 0 0 0 0
0 -180 0 -180 0 -180 0 -180 1.13814e-17 -180 0 -180 0 -180 0 -180 0 -180
0 -180 0 -180 0 -180 0 -180 4.9851e-17 -0 0 -180 0 -180 0 -180 0 -180
0 0 0 0 0 0 0 0 0.185872 180 0 0 0 0 0 0 0 0
0 0 0 0 0 0 0 0 0.814128 0 0 0 0 0 0 0 0 0
inside=1 lambda=0.647 phi=5 theta=0
0 -180 0 -180 0 -180 0 -180 0.184897 -180 0 -180 0 -180 0 -180 0 -180
0 -180 0 -180 0 -180 0 -180 0.815103 -0 0 -180 0 -180 0 -180 0 -180
0 0 0 0 0 0 0 0 2.38746e-19 0 0 0 0 0 0 0 0 0
0 0 0 0 0 0 0 0 2.38746e-19 0 0 0 0 0 0 0 0 0
0 -180 0 -180 0 -180 0 -180 1.10829e-17 -180 0 -180 0 -180 0 -180 0 -180
0 -180 0 -180 0 -180 0 -180 5.01494e-17 -0 0 -180 0 -180 0 -180 0 -180
0 0 0 0 0 0 0 0 0.186847 180 0 0 0 0 0 0 0 0
0 0 0 0 0 0 0 0 0.813153 0 0 0 0 0 0 0 0 0
inside=1 lambda=0.647 phi=5 theta=15
0 -180 0 -180 0 -180 0 -180 0.185028 -180 0 -180 0 -180 0 -180 0 -180
0 -180 0 -180 0 -180 0 -180 0.814972 -0 0 -180 0 -180 0 -180 0 -180
0 0 0 0 0 0 0 0 0.000487377 0 0 0 0 0 0 0 0 0
0 0 0 0 0 0 0 0 0.000487377 0 0 0 0 0 0 0 0 0
0 -180 0 -180 0 -180 0 -180 0.000487377 -0 0 -180 0 -180 0 -180 0 -180
0 -180 0 -180 0 -180 0 -180 0.000487377 -0 0 -180 0 -180 0 -180 0 -180
0 0 0 0 0 0 0 0 0.186716 180 0 0 0 0 0 0 0 0
0 0 0 0 0 0 0 0 0.813284 0 0 0 0 0 0 0 0 0
inside=1 lambda=0.647 phi=5 theta=30
0 -180 0 -180 0 -180 0 -180 0.185384 -180 0 -180 0 -180 0 -180 0 -180
0 -180 0 -180 0 -180 0 -180 0.814616 -0 0 -180 0 -180 0 -180 0 -180
0 0 0 0 0 0 0 0 0.000844162 0 0 0 0 0 0 0 0 0
0 0 0 0 0 0 0 0 0.000844162 0 0 0 0 0 0 0 0 0
0 -180 0 -180 0 -180 0 -180 0.000844162 -0 0 -180 0 -180 0 -180 0 -180
0 -180 0 -180 0 -180 0 -180 0.000844162 -0 0 -180 0 -180 0 -180 0 -180
0 0 0 0 0 0 0 0 0.186359 180 0 0 0 0 0 0 0 0
0 0 0 0 0 0 0 0 0.813641 0 0 0 0 0 0 0 0 0
inside=1 lambda=0.647 phi=5 theta=45
0 -180 0 -180 0 -180 0 -180 0.185872 -180 0 -180 0 -180 0 -180 0 -180
0 -180 0 -180 0 -180 0 -180 0.814128 -0 0 -180 0 -180 0 -180 0 -180
0 0 0 0 0 0 0 0 0.000974754 0 0 0 0 0 0 0 0 0
0 0 0 0 0 0 0 0 0.000974754 0 0 0 0 0 0 0 0 0
0 -180 0 -180 0 -180 0 -180 0.000974754 -0 0 -180 0 -180 0 -180 0 -180
0 -180 0 -180 0 -180 0 -180 0.000974754 -0 0 -180 0 -180 0 -180 0 -180
0 0 0 0 0 0 0 0 0.185872 180 0 0 0 0 0 0 0 0
0 0 0 0 0 0 0 0 0.814128 0 0 0 0 0 0 0 0 0
inside=1 lambda=0.647 phi=10 theta=0
0 -180 0 -180 0 -180 0 -180 0.181934 -180 0 -180 0 -180 0 -180 0 -180
0 -180 0 -180 0 -180 0 -180 0.818066 -0 0 -180 0 -180 0 -180 0 -180
0 0 0 0 0 0 0 0 9.63829e-19 0 0 0 0 0 0 0 0 0
0 0 0 0 0 0 0 0 9.63829e-19 0 0 0 0 0 0 0 0 0
0 -180 0 -180 0 -180 0 -180 1.01764e-17 -180 0 -180 0 -180 0 -180 0 -180
0 -180 0 -180 0 -180 0 -180 5.10559e-17 -0 0 -180 0 -180 0 -180 0 -180
0 0 0 0 0 0 0 0 0.189804 180 0 0 0 0 0 0 0 0
0 0 0 0 0 0 0 0 0.810196 0 0 0 0 0 0 0 0 0
inside=1 lambda=0.647 phi=10 theta=15
0 -180 0 -180 0 -180 0 -180 0.182461 -180 0 -180 0 -180 0 -180 0 -180
0 -180 0 -180 0 -180 0 -180 0.817539 -0 0 -180 0 -180 0 -180 0 -180
0 0 0 0 0 0 0 0 0.00196757 0 0 0 0 0 0 0 0 0
0 0 0 0 0 0 0 0 0.00196757 0 0 0 0 0 0 0 0 0
0 -180 0 -180 0 -180 0 -180 0.00196757 -0 0 -180 0 -180 0 -180 0 -180
0 -180 0 -180 0 -180 0 -180 0.00196757 -0 0 -180 0 -180 0 -180 0 -180
0 0 0 0 0 0 0 0 0.189277 180 0 0 0 0 0 0 0 0
0 0 0 0 0 0 0 0 0.810723 0 0 0 0 0 0 0 0 0
inside=1 lambda=0.647 phi=10 theta=30
0 -180 0 -180 0 -180 0 -180 0.183901 -180 0 -180 0 -180 0 -180 0 -180
0 -180 0 -180 0 -180 0 -180 0.816099 -0 0 -180 0 -180 0 -180 0 -180
0 0 0 0 0 0 0 0 0.00340792 0 0 0 0 0 0 0 0 0
0 0 0 0 0 0 0 0 0.00340792 0 0 0 0 0 0 0 0 0
0 -180 0 -180 0 -180 0 -180 0.00340792 -0 0 -180 0 -180 0 -180 0 -180
0 -180 0 -180 0 -180 0 -180 0.00340792 -0 0 -180 0 -180 0 -180 0 -180
0 0 0 0 0 0 0 0 0.187837 180 0 0 0 0 0 0 0 0
0 0 0 0 0 0 0 0 0.812163 0 0 0 0 0 0 0 0 0
inside=1 lambda=0.647 phi=10 theta=45
0 -180 0 -180 0 -180 0 -180 0.185869 -180 0 -180 0 -180 0 -180 0 -180
0 -180 0 -180 0 -180 0 -180 0.814131 -0 0 -180 0 -180 0 -180 0 -180
0 0 0 0 0 0 0 0 0.00393513 0 0 0 0 0 0 0 0 0
0 0 0 0 0 0 0 0 0.00393513 0 0 0 0 0 0 0 0 0
0 -180 0 -180 0 -180 0 -180 0.00393513 -0 0 -180 0 -180 0 -180 0 -180
0 -180 0 -180 0 -180 0 -180 0.00393513 -0 0 -180 0 -180 0 -180 0 -180
0 0 0 0 0 0 0 0 0.185869 180 0 0 0 0 0 0 0 0
0 0 0 0 0 0 0 0 0.814131 0 0 0 0 0 0 0 0 0
inside=1 lambda=0.647 phi=15 theta=0
0 -180 0 -180 0 -180 0 -180 0.176865 -180 0 -180 0 -180 0 -180 0 -180
0 -180 0 -180 0 -180 0 -180 0.823135 -0 0 -180 0 -180 0 -180 0 -180
0 0 0 0 0 0 0 0 2.20236e-18 0 0 0 0 0 0 0 0 0
0 0 0 0 0 0 0 0 2.20236e-18 0 0 0 0 0 0 0 0 0
0 -180 0 -180 0 -180 0 -180 8.62748e-18 -180 0 -180 0 -180 0 -180 0 -180
0 -180 0 -180 0 -180 0 -180 5.26049e-17 -0 0 -180 0 -180 0 -180 0 -180
0 0 0 0 0 0 0 0 0.194848 180 0 0 0 0 0 0 0 0
0 0 0 0 0 0 0 0 0.805152 0 0 0 0 0 0 0 0 0
inside=1 lambda=0.647 phi=15 theta=15
0 -180 0 -180 0 -180 0 -180 0.178069 -180 0 -180 0 -180 0 -180 0 -180
0 -180 0 -180 0 -180 0 -180 0.821931 -0 0 -180 0 -180 0 -180 0 -180
0 0 0 0 0 0 0 0 0.00449591 0 0 0 0 0 0 0 0 0
0 0 0 0 0 0 0 0 0.00449591 0 0 0 0 0 0 0 0 0
0 -180 0 -180 0 -180 0 -180 0.00449591 -0 0 -180 0 -180 0 -180 0 -180
0 -180 0 -180 0 -180 0 -180 0.00449591 -0 0 -180 0 -180 0 -180 0 -180
0 0 0 0 0 0 0 0 0.193644 180 0 0 0 0 0 0 0 0
0 0 0 0 0 0 0 0 0.806356 0 0 0 0 0 0 0 0 0
inside=1 lambda=0.647 phi=15 theta=30
0 -180 0 -180 0 -180 0 -180 0.181361 -180 0 -180 0 -180 0 -180 0 -180
0 -180 0 -180 0 -180 0 -180 0.818639 -0 0 -180 0 -180 0 -180 0 -180
0 0 0 0 0 0 0 0 0.00778714 0 0 0 0 0 0 0 0 0
0 0 0 0 0 0 0 0 0.00778714 0 0 0 0 0 0 0 0 0
0 -180 0 -180 0 -180 0 -180 0.00778714 -0 0 -180 0 -180 0 -180 0 -180
0 -180 0 -180 0 -180 0 -180 0.00778714 -0 0 -180 0 -180 0 -180 0 -180
0 0 0 0 0 0 0 0 0.190352 180 0 0 0 0 0 0 0 0
0 0 0 0 0 0 0 0 0.809648 0 0 0 0 0 0 0 0 0
inside=1 lambda=0.647 phi=15 theta=45
0 -180 0 -180 0 -180 0 -180 0.185856 -180 0 -180 0 -180 0 -180 0 -180
0 -180 0 -180 0 -180 0 -180 0.814144 -0 0 -180 0 -180 0 -180 0 -180
0 0 0 0 0 0 0 0 0.00899182 0 0 0 0 0 0 0 0 0
0 0 0 0 0 0 0 0 0.00899182 0 0 0 0 0 0 0 0 0
0 -180 0 -180 0 -180 0 -180 0.00899182 -0 0 -180 0 -180 0 -180 0 -180
0 -180 0 -180 0 -180 0 -180 0.00899182 -0 0 -180 0 -180 0 -180 0 -180
0 0 0 0 0 0 0 0 0.185856 180 0 0 0 0 0 0 0 0
0 0 0 0 0 0 0 0 0.814144 0 0 0 0 0 0 0 0 0
inside=1 lambda=0.647 phi=20 theta=0
0 -180 0 -180 0 -180 0 -180 0.169483 -180 0 -180 0 -180 0 -180 0 -180
0 -180 0 -180 0 -180 0 -180 0.830517 -0 0 -180 0 -180 0 -180 0 -180
0 0 0 0 0 0 0 0 4.00149e-18 0 0 0 0 0 0 0 0 0
0 0 0 0 0 0 0 0 4.00149e-18 0 0 0 0 0 0 0 0 0
0 -180 0 -180 0 -180 0 -180 6.37637e-18 -180 0 -180 0 -180 0 -180 0 -180
0 -180 0 -180 0 -180 0 -180 5.4856e-17 -0 0 -180 0 -180 0 -180 0 -180
0 0 0 0 0 0 0 0 0.202158 180 0 0 0 0 0 0 0 0
0 0 0 0 0 0 0 0 0.797842 0 0 0 0 0 0 0 0 0
inside=1 lambda=0.647 phi=20 theta=15
0 -180 0 -180 0 -180 0 -180 0.171672 -180 0 -180 0 -180 0 -180 0 -180
0 -180 0 -180 0 -180 0 -180 0.828328 -0 0 -180 0 -180 0 -180 0 -180
0 0 0 0 0 0 0 0 0.00816866 0 0 0 0 0 0 0 0 0
0 0 0 0 0 0 0 0 0.00816866 0 0 0 0 0 0 0 0 0
0 -180 0 -180 0 -180 0 -180 0.00816866 -0 0 -180 0 -180 0 -180 0 -180
0 -180 0 -180 0 -180 0 -180 0.00816866 -0 0 -180 0 -180 0 -180 0 -180
0 0 0 0 0 0 0 0 0.199969 180 0 0 0 0 0 0 0 0
0 0 0 0 0 0 0 0 0.800031 0 0 0 0 0 0 0 0 0
inside=1 lambda=0.647 phi=20 theta=30
0 -180 0 -180 0 -180 0 -180 0.177652 -180 0 -180 0 -180 0 -180 0 -180
0 -180 0 -180 0 -180 0 -180 0.822348 -0 0 -180 0 -180 0 -180 0 -180
0 0 0 0 0 0 0 0 0.0141485 0 0 0 0 0 0 0 0 0
0 0 0 0 0 0 0 0 0.0141485 0 0 0 0 0 0 0 0 0
0 -180 0 -180 0 -180 0 -180 0.0141485 -0 0 -180 0 -180 0 -180 0 -180
0 -180 0 -180 0 -180 0 -180 0.0141485 -0 0 -180 0 -180 0 -180 0 -180
0 0 0 0 0 0 0 0 0.193989 180 0 0 0 0 0 0 0 0
0 0 0 0 0 0 0 0 0.806011 0 0 0 0 0 0 0 0 0
inside=1 lambda=0.647 phi=20 theta=45
0 -180 0 -180 0 -180 0 -180 0.185821 -180 0 -180 0 -180 0 -180 0 -180
0 -180 0 -180 0 -180 0 -180 0.814179 -0 0 -180 0 -180 0 -180 0 -180
0 0 0 0 0 0 0 0 0.0163373 0 0 0 0 0 0 0 0 0
0 0 0 0 0 0 0 0 0.0163373 0 0 0 0 0 0 0 0 0
0 -180 0 -180 0 -180 0 -180 0.0163373 -0 0 -180 0 -180 0 -180 0 -180
0 -180 0 -180 0 -180 0 -180 0.0163373 -0 0 -180 0 -180 0 -180 0 -180
0 0 0 0 0 0 0 0 0.185821 180 0 0 0 0 0 0 0 0
0 0 0 0 0 0 0 0 0.814179 0 0 0 0 0 0 0 0 0
inside=1 lambda=0.647 phi=25 theta=0
0 -180 0 -180 0 -180 0 -180 0.159481 -180 0 -180 0 -180 0 -180 0 -180
0 -180 0 -180 0 -180 0 -180 0.840519 -0 0 -180 0 -180 0 -180 0 -180
0 0 0 0 0 0 0 0 6.43154e-18 0 0 0 0 0 0 0 0 0
0 0 0 0 0 0 0 0 6.43154e-18 0 0 0 0 0 0 0 0 0
0 -180 0 -180 0 -180 0 -180 3.33382e-18 -180 0 -180 0 -180 0 -180 0 -180
0 -180 0 -180 0 -180 0 -180 5.78985e-17 -0 0 -180 0 -180 0 -180 0 -180
0 0 0 0 0 0 0 0 0.211998 180 0 0 0 0 0 0 0 0
0 0 0 0 0 0 0 0 0.788002 0 0 0 0 0 0 0 0 0
inside=1 lambda=0.647 phi=25 theta=15
0 -180 0 -180 0 -180 0 -180 0.162999 -180 0 -180 0 -180 0 -180 0 -180
0 -180 0 -180 0 -180 0 -180 0.837001 -0 0 -180 0 -180 0 -180 0 -180
0 0 0 0 0 0 0 0 0.0131294 0 0 0 0 0 0 0 0 0
0 0 0 0 0 0 0 0 0.0131294 0 0 0 0 0 0 0 0 0
0 -180 0 -180 0 -180 0 -180 0.0131294 -0 0 -180 0 -180 0 -180 0 -180
0 -180 0 -180 0 -180 0 -180 0.0131294 -0 0 -180 0 -180 0 -180 0 -180
0 0 0 0 0 0 0 0 0.20848 180 0 0 0 0 0 0 0 0
0 0 0 0 0 0 0 0 0.79152 0 0 0 0 0 0 0 0 0
inside=1 lambda=0.647 phi=25 theta=30
0 -180 0 -180 0 -180 0 -180 0.17261 -180 0 -180 0 -180 0 -180 0 -180
0 -180 0 -180 0 -180 0 -180 0.82739 -0 0 -180 0 -180 0 -180 0 -180
0 0 0 0 0 0 0 0 0.0227408 0 0 0 0 0 0 0 0 0
0 0 0 0 0 0 0 0 0.0227408 0 0 0 0 0 0 0 0 0
0 -180 0 -180 0 -180 0 -180 0.0227408 -0 0 -180 0 -180 0 -180 0 -180
0 -180 0 -180 0 -180 0 -180 0.0227408 -0 0 -180 0 -180 0 -180 0 -180
0 0 0 0 0 0 0 0 0.198869 180 0 0 0 0 0 0 0 0
0 0 0 0 0 0 0 0 0.801131 0 0 0 0 0 0 0 0 0
inside=1 lambda=0.647 phi=25 theta=45
0 -180 0 -180 0 -180 0 -180 0.185739 -180 0 -180 0 -180 0 -180 0 -180
0 -180 0 -180 0 -180 0 -180 0.814261 -0 0 -180 0 -180 0 -180 0 -180
0 0 0 0 0 0 0 0 0.0262588 0 0 0 0 0 0 0 0 0
0 0 0 0 0 0 0 0 0.0262588 0 0 0 0 0 0 0 0 0
0 -180 0 -180 0 -180 0 -180 0.0262588 -0 0 -180 0 -180 0 -180 0 -180
0 -180 0 -180 0 -180 0 -180 0.0262588 -0 0 -180 0 -180 0 -180 0 -180
0 0 0 0 0 0 0 0 0.185739 180 0 0 0 0 0 0 0 0
0 0 0 0 0 0 0 0 0.814261 0 0 0 0 0 0 0 0 0
inside=1 lambda=0.647 phi=30 theta=0
0 -180 0 -180 0 -180 0 -180 0.14642 -180 0 -180 0 -180 0 -180 0 -180
0 -180 0 -180 0 -180 0 -180 0.85358 -0 0 -180 0 -180 0 -180 0 -180
0 0 0 0 0 0 0 0 9.59074e-18 0 0 0 0 0 0 0 0 0
0 0 0 0 0 0 0 0 9.59074e-18 0 0 0 0 0 0 0 0 0
0 -180 0 -180 0 -180 0 -180 6.25126e-19 -0 0 -180 0 -180 0 -180 0 -180
0 -180 0 -180 0 -180 0 -180 6.18575e-17 -0 0 -180 0 -180 0 -180 0 -180
0 0 0 0 0 0 0 0 0.224734 180 0 0 0 0 0 0 0 0
0 0 0 0 0 0 0 0 0.775266 0 0 0 0 0 0 0 0 0
inside=1 lambda=0.647 phi=30 theta=15
0 -180 0 -180 0 -180 0 -180 0.151666 -180 0 -180 0 -180 0 -180 0 -180
0 -180 0 -180 0 -180 0 -180 0.848334 -0 0 -180 0 -180 0 -180 0 -180
0 0 0 0 0 0 0 0 0.0195786 0 0 0 0 0 0 0 0 0
0 0 0 0 0 0 0 0 0.0195786 0 0 0 0 0 0 0 0 0
0 -180 0 -180 0 -180 0 -180 0.0195786 -0 0 -180 0 -180 0 -180 0 -180
0 -180 0 -180 0 -180 0 -180 0.0195786 -0 0 -180 0 -180 0 -180 0 -180
0 0 0 0 0 0 0 0 0.219488 180 0 0 0 0 0 0 0 0
0 0 0 0 0 0 0 0 0.780512 0 0 0 0 0 0 0 0 0
inside=1 lambda=0.647 phi=30 theta=30
0 -180 0 -180 0 -180 0 -180 0.165998 -180 0 -180 0 -180 0 -180 0 -180
0 -180 0 -180 0 -180 0 -180 0.834002 -0 0 -180 0 -180 0 -180 0 -180
0 0 0 0 0 0 0 0 0.0339111 0 0 0 0 0 0 0 0 0
0 0 0 0 0 0 0 0 0.0339111 0 0 0 0 0 0 0 0 0
0 -180 0 -180 0 -180 0 -180 0.0339111 -0 0 -180 0 -180 0 -180 0 -180
0 -180 0 -180 0 -180 0 -180 0.0339111 -0 0 -180 0 -180 0 -180 0 -180
0 0 0 0 0 0 0 0 0.205155 180 0 0 0 0 0 0 0 0
0 0 0 0 0 0 0 0 0.794845 0 0 0 0 0 0 0 0 0
inside=1 lambda=0.647 phi=30 theta=45
0 -180 0 -180 0 -180 0 -180 0.185577 -180 0 -180 0 -180 0 -180 0 -180
0 -180 0 -180 0 -180 0 -180 0.814423 -0 0 -180 0 -180 0 -180 0 -180
0 0 0 0 0 0 0 0 0.0391572 0 0 0 0 0 0 0 0 0
0 0 0 0 0 0 0 0 0.0391572 0 0 0 0 0 0 0 0 0
0 -180 0 -180 0 -180 0 -180 0.0391572 -0 0 -180 0 -180 0 -180 0 -180
0 -180 0 -180 0 -180 0 -180 0.0391572 -0 0 -180 0 -180 0 -180 0 -180
0 0 0 0 0 0 0 0 0.185577 180 0 0 0 0 0 0 0 0
0 0 0 0 0 0 0 0 0.814423 0 0 0 0 0 0 0 0 0
inside=1 lambda=0.647 phi=35 theta=0
0 -180 0 -180 0 -180 0 -180 0.129702 -180 0 -180 0 -180 0 -180 0 -180
0 -180 0 -180 0 -180 0 -180 0.870298 -0 0 -180 0 -180 0 -180 0 -180
0 0 0 0 0 0 0 0 1.3612e-17 0 0 0 0 0 0 0 0 0
0 0 0 0 0 0 0 0 1.3612e-17 0 0 0 0 0 0 0 0 0
0 -180 0 -180 0 -180 0 -180 5.67006e-18 -0 0 -180 0 -180 0 -180 0 -180
0 -180 0 -180 0 -180 0 -180 6.69024e-17 -0 0 -180 0 -180 0 -180 0 -180
0 0 0 0 0 0 0 0 0.240853 180 0 0 0 0 0 0 0 0
0 0 0 0 0 0 0 0 0.759147 0 0 0 0 0 0 0 0 0
inside=1 lambda=0.647 phi=35 theta=15
0 -180 0 -180 0 -180 0 -180 0.137148 -180 0 -180 0 -180 0 -180 0 -180
0 -180 0 -180 0 -180 0 -180 0.862852 -0 0 -180 0 -180 0 -180 0 -180
0 0 0 0 0 0 0 0 0.0277877 0 0 0 0 0 0 0 0 0
0 0 0 0 0 0 0 0 0.0277877 0 0 0 0 0 0 0 0 0
0 -180 0 -180 0 -180 0 -180 0.0277877 -0 0 -180 0 -180 0 -180 0 -180
0 -180 0 -180 0 -180 0 -180 0.0277877 -0 0 -180 0 -180 0 -180 0 -180
0 0 0 0 0 0 0 0 0.233407 180 0 0 0 0 0 0 0 0
0 0 0 0 0 0 0 0 0.766593 0 0 0 0 0 0 0 0 0
inside=1 lambda=0.647 phi=35 theta=30
0 -180 0 -180 0 -180 0 -180 0.15749 -180 0 -180 0 -180 0 -180 0 -180
0 -180 0 -180 0 -180 0 -180 0.84251 -0 0 -180 0 -180 0 -180 0 -180
0 0 0 0 0 0 0 0 0.0481296 0 0 0 0 0 0 0 0 0
0 0 0 0 0 0 0 0 0.0481296 0 0 0 0 0 0 0 0 0
0 -180 0 -180 0 -180 0 -180 0.0481296 -0 0 -180 0 -180 0 -180 0 -180
0 -180 0 -180 0 -180 0 -180 0.0481296 -0 0 -180 0 -180 0 -180 0 -180
0 0 0 0 0 0 0 0 0.213065 180 0 0 0 0 0 0 0 0
0 0 0 0 0 0 0 0 0.786935 0 0 0 0 0 0 0 0 0
inside=1 lambda=0.647 phi=35 theta=45
0 -180 0 -180 0 -180 0 -180 0.185277 -180 0 -180 0 -180 0 -180 0 -180
0 -180 0 -180 0 -180 0 -180 0.814723 -0 0 -180 0 -180 0 -180 0 -180
0 0 0 0 0 0 0 0 0.0555753 0 0 0 0 0 0 0 0 0
0 0 0 0 0 0 0 0 0.0555753 0 0 0 0 0 0 0 0 0
0 -180 0 -180 0 -180 0 -180 0.0555753 -0 0 -180 0 -180 0 -180 0 -180
0 -180 0 -180 0 -180 0 -180 0.0555753 -0 0 -180 0 -180 0 -180 0 -180
0 0 0 0 0 0 0 0 0.185277 180 0 0 0 0 0 0 0 0
0 0 0 0 0 0 0 0 0.814723 0 0 0 0 0 0 0 0 0
inside=1 lambda=0.647 phi=40 theta=0
0 -180 0 -180 0 -180 0 -180 0.108518 -180 0 -180 0 -180 0 -180 0 -180
0 -180 0 -180 0 -180 0 -180 0.891482 -0 0 -180 0 -180 0 -180 0 -180
0 0 0 0 0 0 0 0 1.86724e-17 0 0 0 0 0 0 0 0 0
0 0 0 0 0 0 0 0 1.86724e-17 0 0 0 0 0 0 0 0 0
0 -180 0 -180 0 -180 0 -180 1.20276e-17 -0 0 -180 0 -180 0 -180 0 -180
0 -180 0 -180 0 -180 0 -180 7.32599e-17 -0 0 -180 0 -180 0 -180 0 -180
0 0 0 0 0 0 0 0 0.260989 180 0 0 0 0 0 0 0 0
0 0 0 0 0 0 0 0 0.739011 0 0 0 0 0 0 0 0 0
inside=1 lambda=0.647 phi=40 theta=15
0 -180 0 -180 0 -180 0 -180 0.118731 -180 0 -180 0 -180 0 -180 0 -180
0 -180 0 -180 0 -180 0 -180 0.881269 -0 0 -180 0 -180 0 -180 0 -180
0 0 0 0 0 0 0 0 0.0381179 0 0 0 0 0 0 0 0 0
0 0 0 0 0 0 0 0 0.0381179 0 0 0 0 0 0 0 0 0
0 -180 0 -180 0 -180 0 -180 0.0381179 -0 0 -180 0 -180 0 -180 0 -180
0 -180 0 -180 0 -180 0 -180 0.0381179 -0 0 -180 0 -180 0 -180 0 -180
0 0 0 0 0 0 0 0 0.250775 180 0 0 0 0 0 0 0 0
0 0 0 0 0 0 0 0 0.749225 0 0 0 0 0 0 0 0 0
inside=1 lambda=0.647 phi=40 theta=30
0 -180 0 -180 0 -180 0 -180 0.146635 -180 0 -180 0 -180 0 -180 0 -180
0 -180 0 -180 0 -180 0 -180 0.853365 -0 0 -180 0 -180 0 -180 0 -180
0 0 0 0 0 0 0 0 0.0660221 0 0 0 0 0 0 0 0 0
0 0 0 0 0 0 0 0 0.0660221 0 0 0 0 0 0 0 0 0
0 -180 0 -180 0 -180 0 -180 0.0660221 -0 0 -180 0 -180 0 -180 0 -180
0 -180 0 -180 0 -180 0 -180 0.0660221 -0 0 -180 0 -180 0 -180 0 -180
0 0 0 0 0 0 0 0 0.222871 180 0 0 0 0 0 0 0 0
0 0 0 0 0 0 0 0 0.777129 0 0 0 0 0 0 0 0 0
inside=1 lambda=0.647 phi=40 theta=45
0 -180 0 -180 0 -180 0 -180 0.184753 -180 0 -180 0 -180 0 -180 0 -180
0 -180 0 -180 0 -180 0 -180 0.815247 -0 0 -180 0 -180 0 -180 0 -180
0 0 0 0 0 0 0 0 0.0762358 0 0 0 0 0 0 0 0 0
0 0 0 0 0 0 0 0 0.0762358 0 0 0 0 0 0 0 0 0
0 -180 0 -180 0 -180 0 -180 0.0762358 -0 0 -180 0 -180 0 -180 0 -180
0 -180 0 -180 0 -180 0 -180 0.0762358 -0 0 -180 0 -180 0 -180 0 -180
0 0 0 0 0 0 0 0 0.184753 180 0 0 0 0 0 0 0 0
0 0 0 0 0 0 0 0 0.815247 0 0 0 0 0 0 0 0 0
inside=1 lambda=0.647 phi=45 theta=0
0 -180 0 -180 0 -180 0 -180 0.0817728 -180 0 -180 0 -180 0 -180 0 -180
0 -180 0 -180 0 -180 0 -180 0.918227 -0 0 -180 0 -180 0 -180 0 -180
0 0 0 0 0 0 0 0 2.50057e-17 0 0 0 0 0 0 0 0 0
0 0 0 0 0 0 0 0 2.50057e-17 0 0 0 0 0 0 0 0 0
0 -180 0 -180 0 -180 0 -180 1.99985e-17 -0 0 -180 0 -180 0 -180 0 -180
0 -180 0 -180 0 -180 0 -180 8.12309e-17 -0 0 -180 0 -180 0 -180 0 -180
0 0 0 0 0 0 0 0 0.285959 180 0 0 0 0 0 0 0 0
0 0 0 0 0 0 0 0 0.714041 0 0 0 0 0 0 0 0 0
inside=1 lambda=0.647 phi=45 theta=15
0 -180 0 -180 0 -180 0 -180 0.0954507 -180 0 -180 0 -180 0 -180 0 -180
0 -180 0 -180 0 -180 0 -180 0.904549 -0 0 -180 0 -180 0 -180 0 -180
0 0 0 0 0 0 0 0 0.0510467 0 0 0 0 0 0 0 0 0
0 0 0 0 0 0 0 0 0.0510467 0 0 0 0 0 0 0 0 0
0 -180 0 -180 0 -180 0 -180 0.0510467 -0 0 -180 0 -180 0 -180 0 -180
0 -180 0 -180 0 -180 0 -180 0.0510467 -0 0 -180 0 -180 0 -180 0 -180
0 0 0 0 0 0 0 0 0.272282 180 0 0 0 0 0 0 0 0
0 0 0 0 0 0 0 0 0.727718 0 0 0 0 0 0 0 0 0
inside=1 lambda=0.647 phi=45 theta=30
0 -180 0 -180 0 -180 0 -180 0.132819 -180 0 -180 0 -180 0 -180 0 -180
0 -180 0 -180 0 -180 0 -180 0.867181 -0 0 -180 0 -180 0 -180 0 -180
0 0 0 0 0 0 0 0 0.0884154 0 0 0 0 0 0 0 0 0
0 0 0 0 0 0 0 0 0.0884154 0 0 0 0 0 0 0 0 0
0 -180 0 -180 0 -180 0 -180 0.0884154 -0 0 -180 0 -180 0 -180 0 -180
0 -180 0 -180 0 -180 0 -180 0.0884154 -0 0 -180 0 -180 0 -180 0 -180
0 0 0 0 0 0 0 0 0.234913 180 0 0 0 0 0 0 0 0
0 0 0 0 0 0 0 0 0.765087 0 0 0 0 0 0 0 0 0
inside=1 lambda=0.647 phi=45 theta=45
0 -180 0 -180 0 -180 0 -180 0.183866 -180 0 -180 0 -180 0 -180 0 -180
0 -180 0 -180 0 -180 0 -180 0.816134 -0 0 -180 0 -180 0 -180 0 -180
0 0 0 0 0 0 0 0 0.102093 0 0 0 0 0 0 0 0 0
0 0 0 0 0 0 0 0 0.102093 0 0 0 0 0 0 0 0 0
0 -180 0 -180 0 -180 0 -180 0.102093 -0 0 -180 0 -180 0 -180 0 -180
0 -180 0 -180 0 -180 0 -180 0.102093 -0 0 -180 0 -180 0 -180 0 -180
0 0 0 0 0 0 0 0 0.183866 180 0 0 0 0 0 0 0 0
0 0 0 0 0 0 0 0 0.816134 0 0 0 0 0 0 0 0 0
