RSoft_BSDF_File_Version 2
1 0 5 2 1 0.914286
0.3 0.3
-1 1
-1 1
1 0.647 0.647
10 0 45 0.5
4 0 45
Begin_Dispersion_Data
0.647 1.45662 0 1 0 0
End_Dispersion_Data
inside=0 lambda=0.647 phi=0 theta=0
0 -180 0 -180 0 -180 0 0 0.0959531 -96.8029 0 0 0 -180 0 -180 0 -180
0 0 0 0 0 0 0 -180 1.20133 -63.5572 0 -180 0 0 0 0 0 0
0 -180 0 -180 0 0 0 180 4.0655e-13 -15.5095 0 180 0 0 0 -0 0 -180
0 0 0 0 0 -180 0 -180 1.45322e-12 30.4392 0 -180 0 -180 0 0 0 0
0 -180 0 180 0 0 0 180 3.13813e-13 -11.7851 0 -0 0 0 0 180 0 -180
0 0 0 180 0 -180 0 180 1.41753e-12 26.3769 0 0 0 -180 0 -0 0 0
0 -180 0 0 0 -180 0 -180 0.0959531 -96.8029 0 -180 0 -180 0 0 0 -180
0 0 0 -180 0 0 0 0 1.20133 -63.5572 0 0 0 0 0 -180 0 0
inside=0 lambda=0.647 phi=0 theta=15
0 -180 0 -180 0 -180 0 0 0.0959531 -96.8029 0 0 0 -180 0 -180 0 -180
0 0 0 0 0 0 0 -180 1.20133 -63.5572 0 -180 0 0 0 0 0 0
0 -180 0 -180 0 0 0 180 4.0655e-13 -15.5095 0 180 0 0 0 -0 0 -180
0 0 0 0 0 -180 0 -180 1.45322e-12 30.4392 0 -180 0 -180 0 0 0 0
0 -180 0 180 0 0 0 180 3.13813e-13 -11.7851 0 -0 0 0 0 180 0 -180
0 0 0 180 0 -180 0 180 1.41753e-12 26.3769 0 0 0 -180 0 -0 0 0
0 -180 0 0 0 -180 0 -180 0.0959531 -96.8029 0 -180 0 -180 0 0 0 -180
0 0 0 -180 0 0 0 0 1.20133 -63.5572 0 0 0 0 0 -180 0 0
inside=0 lambda=0.647 phi=0 theta=30
0 -180 0 -180 0 -180 0 0 0.0959531 -96.8029 0 0 0 -180 0 -180 0 -180
0 0 0 0 0 0 0 -180 1.20133 -63.5572 0 -180 0 0 0 0 0 0
0 -180 0 -180 0 0 0 180 4.0655e-13 -15.5095 0 180 0 0 0 -0 0 -180
0 0 0 0 0 -180 0 -180 1.45322e-12 30.4392 0 -180 0 -180 0 0 0 0
0 -180 0 180 0 0 0 180 3.13813e-13 -11.7851 0 -0 0 0 0 180 0 -180
0 0 0 180 0 -180 0 180 1.41753e-12 26.3769 0 0 0 -180 0 -0 0 0
0 -180 0 0 0 -180 0 -180 0.0959531 -96.8029 0 -180 0 -180 0 0 0 -180
0 0 0 -180 0 0 0 0 1.20133 -63.5572 0 0 0 0 0 -180 0 0
inside=0 lambda=0.647 phi=0 theta=45
0 -180 0 -180 0 -180 0 0 0.0959531 -96.8029 0 0 0 -180 0 -180 0 -180
0 0 0 0 0 0 0 -180 1.20133 -63.5572 0 -180 0 0 0 0 0 0
0 -180 0 -180 0 0 0 180 4.0655e-13 -15.5095 0 180 0 0 0 -0 0 -180
0 0 0 0 0 -180 0 -180 1.45322e-12 30.4392 0 -180 0 -180 0 0 0 0
0 -180 0 180 0 0 0 180 3.13813e-13 -11.7851 0 -0 0 0 0 180 0 -180
0 0 0 180 0 -180 0 180 1.41753e-12 26.3769 0 0 0 -180 0 -0 0 0
0 -180 0 0 0 -180 0 -180 0.0959531 -96.8029 0 -180 0 -180 0 0 0 -180
0 0 0 -180 0 0 0 0 1.20133 -63.5572 0 0 0 0 0 -180 0 0
inside=0 lambda=0.647 phi=5 theta=0
0 -180 0 -180 0 -180 0 0 0.0883408 -103.856 0 0 0 -180 0 -180 0 -180
0 0 0 0 0 0 0 -180 1.1996 -66.684 0 -180 0 0 0 0 0 0
0 -180 0 -0 0 0 0 180 5.39078e-13 -23.3294 0 -180 0 0 0 180 0 -180
0 0 0 0 0 -180 0 -180 2.1016e-12 23.5156 0 -180 0 -180 0 -180 0 0
0 -180 0 -180 0 0 0 -0 5.37116e-13 -34.55 0 -0 0 0 0 0 0 -180
0 0 0 0 0 -180 0 -180 2.16796e-12 25.4238 0 -180 0 -180 0 -180 0 0
0 -180 0 0 0 -180 0 -180 0.0910554 -104.583 0 -180 0 -180 0 0 0 -180
0 0 0 -180 0 0 0 0 1.20448 -66.7193 0 0 0 0 0 -180 0 0
inside=0 lambda=0.647 phi=5 theta=15
0 -180 0 -180 0 -180 0 0 0.0885211 -103.907 0 0 0 -180 0 -180 0 -180
0 0 0 0 0 0 0 -180 1.19992 -66.6865 0 -180 0 0 0 0 0 0
0 -180 0 -0 0 0 0 -180 0.000644308 42.3456 0 0 0 0 0 180 0 -180
0 0 0 0 0 -180 0 0 0.00164033 72.2637 0 -180 0 -180 0 -180 0 0
0 -180 0 -180 0 0 0 -0 0.000644827 42.4254 0 180 0 0 0 0 0 -180
0 0 0 0 0 -180 0 0 0.0016342 72.4945 0 -180 0 -180 0 -180 0 0
0 -180 0 0 0 -180 0 -180 0.090872 -104.536 0 -180 0 -180 0 0 0 -180
0 0 0 -180 0 0 0 0 1.20416 -66.717 0 0 0 0 0 -180 0 0
inside=0 lambda=0.647 phi=5 theta=30
0 -180 0 -180 0 -180 0 0 0.0890149 -104.044 0 0 0 -180 0 -180 0 -180
0 0 0 0 0 0 0 -180 1.20082 -66.6932 0 -180 0 0 0 0 0 0
0 -180 0 -0 0 0 0 -180 0.00111616 42.3624 0 0 0 0 0 180 0 -180
0 0 0 0 0 -180 0 0 0.00283886 72.3128 0 -180 0 -180 0 -180 0 0
0 -180 0 -180 0 0 0 -0 0.00111668 42.4085 0 180 0 0 0 0 0 -180
0 0 0 0 0 -180 0 0 0.00283273 72.4461 0 -180 0 -180 0 -180 0 0
0 -180 0 0 0 -180 0 -180 0.0903722 -104.407 0 -180 0 -180 0 0 0 -180
0 0 0 -180 0 0 0 0 1.20326 -66.7108 0 0 0 0 0 -180 0 0
inside=0 lambda=0.647 phi=5 theta=45
0 -180 0 -180 0 -180 0 0 0.089692 -104.227 0 0 0 -180 0 -180 0 -180
0 0 0 0 0 0 0 -180 1.20204 -66.7021 0 -180 0 0 0 0 0 0
0 -180 0 -0 0 0 0 -180 0.00128913 42.3854 0 0 0 0 0 180 0 -180
0 0 0 0 0 -180 0 0 0.00327448 72.3796 0 -180 0 -180 0 -180 0 0
0 -180 0 -180 0 0 0 -0 0.00128913 42.3854 0 180 0 0 0 0 0 -180
0 0 0 0 0 -180 0 0 0.00327448 72.3796 0 -180 0 -180 0 -180 0 0
0 -180 0 0 0 -180 0 -180 0.089692 -104.227 0 -180 0 -180 0 0 0 -180
0 0 0 -180 0 0 0 0 1.20204 -66.7021 0 0 0 0 0 -180 0 0
inside=0 lambda=0.647 phi=10 theta=0
0 -180 0 -180 0 -180 0 0 0.0680683 -129.158 0 0 0 -180 0 -180 0 -180
0 0 0 0 0 0 0 -180 1.19347 -76.0644 0 -180 0 0 0 0 0 0
0 -180 0 -0 0 0 0 -0 3.6587e-13 -34.8793 0 180 0 0 0 180 0 -180
0 0 0 0 0 -180 0 -180 1.5506e-12 14.7156 0 0 0 -180 0 -180 0 0
0 -180 0 -180 0 0 0 -0 3.37506e-13 -43.5853 0 -0 0 0 0 0 0 -180
0 0 0 0 0 -180 0 -0 1.26165e-12 13.8997 0 180 0 -180 0 -180 0 0
0 -180 0 0 0 -180 0 -180 0.0787561 -131.962 0 -180 0 -180 0 0 0 -180
0 0 0 -180 0 0 0 0 1.21388 -76.2189 0 0 0 0 0 -180 0 0
inside=0 lambda=0.647 phi=10 theta=15
0 -180 0 -180 0 -180 0 0 0.0687615 -129.386 0 0 0 -180 0 -180 0 -180
0 0 0 0 0 0 0 -180 1.19483 -76.0769 0 -180 0 0 0 0 0 0
0 -180 0 -0 0 0 0 -180 0.00253313 16.8774 0 0 0 0 0 180 0 -180
0 0 0 0 0 -180 0 0 0.00688712 62.2992 0 -180 0 -180 0 -180 0 0
0 -180 0 -180 0 0 0 -0 0.00253846 17.2792 0 0 0 0 0 0 0 -180
0 0 0 0 0 -180 0 0 0.00678422 63.2118 0 -180 0 -180 0 -180 0 0
0 -180 0 0 0 -180 0 -180 0.078018 -131.811 0 -180 0 -180 0 0 0 -180
0 0 0 -180 0 0 0 0 1.21251 -76.2108 0 0 0 0 0 -180 0 0
inside=0 lambda=0.647 phi=10 theta=30
0 -180 0 -180 0 -180 0 0 0.0706726 -129.978 0 0 0 -180 0 -180 0 -180
0 0 0 0 0 0 0 -180 1.19855 -76.1095 0 -180 0 0 0 0 0 0
0 -180 0 -0 0 0 0 -180 0.00438912 16.9597 0 0 0 0 0 180 0 -180
0 0 0 0 0 -180 0 0 0.0118892 62.4965 0 -180 0 -180 0 -180 0 0
0 -180 0 -180 0 0 0 -0 0.00439445 17.1916 0 180 0 0 0 0 0 -180
0 0 0 0 0 -180 0 0 0.0117863 63.0232 0 -180 0 -180 0 -180 0 0
0 -180 0 0 0 -180 0 -180 0.0760175 -131.374 0 -180 0 -180 0 0 0 -180
0 0 0 -180 0 0 0 0 1.20876 -76.1869 0 0 0 0 0 -180 0 0
inside=0 lambda=0.647 phi=10 theta=45
0 -180 0 -180 0 -180 0 0 0.0733228 -130.715 0 0 0 -180 0 -180 0 -180
0 0 0 0 0 0 0 -180 1.20365 -76.1503 0 -180 0 0 0 0 0 0
0 -180 0 -0 0 0 0 -180 0.00507101 17.0743 0 0 0 0 0 180 0 -180
0 0 0 0 0 -180 0 0 0.0136679 62.762 0 -180 0 -180 0 -180 0 0
0 -180 0 -180 0 0 0 -0 0.00507101 17.0743 0 180 0 0 0 0 0 -180
0 0 0 0 0 -180 0 0 0.0136679 62.762 0 -180 0 -180 0 -180 0 0
0 -180 0 0 0 -180 0 -180 0.0733228 -130.715 0 -180 0 -180 0 0 0 -180
0 0 0 -180 0 0 0 0 1.20365 -76.1503 0 0 0 0 0 -180 0 0
inside=0 lambda=0.647 phi=15 theta=0
0 -180 0 -180 0 -180 0 0 0.0526368 172.127 0 0 0 -180 0 -180 0 -180
0 0 0 0 0 0 0 -180 1.18019 -91.6616 0 -180 0 0 0 0 0 0
0 -180 0 -180 0 0 0 180 1.05279e-13 118.566 0 -0 0 0 0 0 0 -180
0 0 0 -0 0 -180 0 180 4.09819e-13 179.049 0 -0 0 -180 0 180 0 0
0 -180 0 -180 0 0 0 180 8.65006e-14 132.535 0 180 0 0 0 0 0 -180
0 0 0 0 0 -180 0 180 2.37586e-13 -173.413 0 180 0 -180 0 -180 0 0
0 -180 0 0 0 -180 0 -180 0.0778334 171.613 0 -180 0 -180 0 0 0 -180
0 0 0 -180 0 0 0 0 1.22877 -92.0742 0 0 0 0 0 -180 0 0
inside=0 lambda=0.647 phi=15 theta=15
0 -180 0 -180 0 -180 0 0 0.0542923 171.933 0 0 0 -180 0 -180 0 -180
0 0 0 0 0 0 0 -180 1.1834 -91.7016 0 -180 0 0 0 0 0 0
0 -180 0 -180 0 0 0 -180 0.00624774 -26.2869 0 0 0 0 0 0 0 -180
0 0 0 -0 0 -180 0 0 0.0166704 45.1265 0 -180 0 -180 0 180 0 0
0 -180 0 -180 0 0 0 -180 0.00623604 -25.3126 0 0 0 0 0 0 0 -180
0 0 0 0 0 -180 0 -0 0.0160949 47.1406 0 180 0 -180 0 -180 0 0
0 -180 0 0 0 -180 0 -180 0.076111 171.522 0 -180 0 -180 0 0 0 -180
0 0 0 -180 0 0 0 0 1.22547 -92.0596 0 0 0 0 0 -180 0 0
inside=0 lambda=0.647 phi=15 theta=30
0 -180 0 -180 0 -180 0 0 0.0588389 171.55 0 0 0 -180 0 -180 0 -180
0 0 0 0 0 0 0 -180 1.1922 -91.802 0 -180 0 0 0 0 0 0
0 -180 0 -180 0 0 0 -180 0.0108126 -26.1036 0 0 0 0 0 0 0 -180
0 0 0 -0 0 -180 0 0 0.0286357 45.5707 0 -180 0 -180 0 180 0 0
0 -180 0 -180 0 0 0 -180 0.0108011 -25.5429 0 0 0 0 0 0 0 -180
0 0 0 0 0 -180 0 -0 0.0280628 46.7321 0 180 0 -180 0 -180 0 0
0 -180 0 0 0 -180 0 -180 0.0714335 171.351 0 -180 0 -180 0 0 0 -180
0 0 0 -180 0 0 0 0 1.21648 -92.0095 0 0 0 0 0 -180 0 0
inside=0 lambda=0.647 phi=15 theta=45
0 -180 0 -180 0 -180 0 0 0.0651041 171.315 0 0 0 -180 0 -180 0 -180
0 0 0 0 0 0 0 -180 1.2043 -91.9183 0 -180 0 0 0 0 0 0
0 -180 0 -180 0 0 0 -180 0.0124761 -25.8349 0 0 0 0 0 0 0 -180
0 0 0 -0 0 -180 0 0 0.0327199 46.1603 0 -180 0 -180 0 180 0 0
0 -180 0 -180 0 0 0 -180 0.0124761 -25.8349 0 0 0 0 0 0 0 -180
0 0 0 0 0 -180 0 -0 0.0327199 46.1603 0 180 0 -180 0 -180 0 0
0 -180 0 0 0 -180 0 -180 0.0651041 171.315 0 -180 0 -180 0 0 0 -180
0 0 0 -180 0 0 0 0 1.2043 -91.9183 0 0 0 0 0 -180 0 0
inside=0 lambda=0.647 phi=20 theta=0
0 -180 0 -180 0 -180 0 0 0.0723208 103.671 0 0 0 -180 0 -180 0 -180
0 0 0 0 0 0 0 -180 1.15629 -113.32 0 -180 0 0 0 0 0 0
0 -180 0 -180 0 0 0 180 5.47222e-13 -47.8948 0 180 0 0 0 0 0 -180
0 0 0 -0 0 -180 0 -0 7.75188e-13 63.4183 0 0 0 -180 0 180 0 0
0 -180 0 -180 0 0 0 -0 1.86289e-13 108.513 0 0 0 0 0 0 0 -180
0 0 0 0 0 -180 0 -180 2.14161e-13 -120.927 0 -0 0 -180 0 -180 0 0
0 -180 0 0 0 -180 0 -180 0.124755 108.718 0 -180 0 -180 0 0 0 -180
0 0 0 -180 0 0 0 0 1.24662 -114.19 0 0 0 0 0 -180 0 0
inside=0 lambda=0.647 phi=20 theta=15
0 -180 0 -180 0 -180 0 0 0.0759667 103.85 0 0 0 -180 0 -180 0 -180
0 0 0 0 0 0 0 -180 1.16212 -113.423 0 -180 0 0 0 0 0 0
0 -180 0 -180 0 0 0 -180 0.0147137 -77.7782 0 0 0 0 0 0 0 -180
0 0 0 -0 0 -180 0 0 0.0321404 20.6838 0 -180 0 -180 0 180 0 0
0 -180 0 -180 0 0 0 -180 0.0145354 -76.5525 0 0 0 0 0 0 0 -180
0 0 0 0 0 -180 0 -0 0.0299927 24.2567 0 180 0 -180 0 -180 0 0
0 -180 0 0 0 -180 0 -180 0.121409 108.23 0 -180 0 -180 0 0 0 -180
0 0 0 -180 0 0 0 0 1.24031 -114.181 0 0 0 0 0 -180 0 0
inside=0 lambda=0.647 phi=20 theta=30
0 -180 0 -180 0 -180 0 0 0.0858441 104.483 0 0 0 -180 0 -180 0 -180
0 0 0 0 0 0 0 -180 1.17819 -113.673 0 -180 0 -0 0 0 0 0
0 -180 0 -180 0 0 0 -180 0.0253895 -77.6045 0 0 0 0 0 0 0 -180
0 0 0 -0 0 -180 0 0 0.0546719 21.4872 0 -180 0 -180 0 180 0 0
0 -180 0 -180 0 0 0 -180 0.0252164 -76.9034 0 0 0 0 0 0 0 -180
0 0 0 0 0 -180 0 -0 0.0525573 23.5423 0 180 0 -180 0 -180 0 0
0 -180 0 0 0 -180 0 -180 0.112116 107.02 0 -180 0 -180 0 0 0 -180
0 0 0 -180 0 0 0 0 1.22329 -114.116 0 0 0 0 0 -180 0 0
inside=0 lambda=0.647 phi=20 theta=45
0 -180 0 -180 0 -180 0 0 0.0991214 105.617 0 0 0 -180 0 -180 0 -180
0 0 0 0 0 0 0 -180 1.20051 -113.939 0 -180 0 0 0 0 0 0
0 -180 0 -180 0 0 0 -180 0.0292018 -77.297 0 0 0 0 0 0 0 -180
0 0 0 -0 0 -180 0 0 0.0618001 22.5367 0 -180 0 -180 0 180 0 0
0 -180 0 -180 0 0 0 -180 0.0292018 -77.297 0 0 0 0 0 0 0 -180
0 0 0 0 0 -180 0 -0 0.0618001 22.5367 0 180 0 -180 0 -180 0 0
0 -180 0 0 0 -180 0 -180 0.0991214 105.617 0 -180 0 -180 0 0 0 -180
0 0 0 -180 0 0 0 0 1.20051 -113.939 0 0 0 0 0 -180 0 0
inside=0 lambda=0.647 phi=25 theta=0
0 -180 0 -180 0 -180 0 0 0.0944556 57.8207 0 0 0 -180 0 -180 0 -180
0 -0 0 0 0 0 0 -180 1.12039 -140.792 0 180 0 -0 0 0 0 0
0 -180 0 -180 0 0 0 180 3.02358e-14 5.73234 0 -180 0 0 0 0 0 -180
0 -0 0 -0 0 -180 0 -0 1.28717e-13 -65.6973 0 -180 0 180 0 180 0 0
0 -180 0 -180 0 0 0 180 2.70941e-13 -150.08 0 180 0 0 0 0 0 -180
0 -0 0 0 0 -180 0 -0 3.0619e-13 -58.6766 0 -180 0 180 0 -180 0 0
0 -180 0 0 0 -180 0 -180 0.208069 58.1352 0 -180 0 -180 0 0 0 -180
0 -0 0 -180 0 0 0 -0 1.26596 -142.067 0 0 0 -0 0 -180 0 0
inside=0 lambda=0.647 phi=25 theta=15
0 -180 0 -180 0 -180 0 0 0.102472 57.0164 0 0 0 -180 0 -180 0 -180
0 -0 0 0 0 0 0 -180 1.12949 -141.007 0 180 0 -0 0 0 0 0
0 -180 0 -180 0 0 0 -180 0.0318358 -128.914 0 0 0 0 0 0 0 -180
0 -0 0 -0 0 -180 0 0 0.0542518 -9.58634 0 180 0 180 0 180 0 0
0 -180 0 -180 0 0 0 -180 0.031292 -127.892 0 180 0 0 0 0 0 -180
0 -0 0 0 0 180 0 -0 0.0476911 -3.49338 0 180 0 180 0 -180 0 0
0 -180 0 0 0 -180 0 -180 0.201374 57.6275 0 -180 0 -180 0 0 0 -180
0 -0 0 -180 0 -0 0 -0 1.25521 -142.133 0 0 0 -0 0 -180 0 0
inside=0 lambda=0.647 phi=25 theta=30
0 -180 0 -180 0 -180 0 0 0.1243 55.9101 0 0 0 -180 0 -180 0 -180
0 -0 0 0 0 0 0 -180 1.1547 -141.492 0 180 0 -0 0 0 0 0
0 -180 0 -180 0 0 0 -180 0.054769 -128.868 0 0 0 0 0 0 0 -180
0 -0 0 -0 0 -180 0 0 0.0903599 -8.15549 0 180 0 180 0 180 0 0
0 -180 0 -180 0 0 0 -180 0.0542785 -128.277 0 180 0 0 0 0 0 -180
0 -0 0 0 0 180 0 -0 0.0840911 -4.66118 0 180 0 180 0 -180 0 0
0 -180 0 0 0 -180 0 -180 0.181837 56.5827 0 -180 0 -180 0 0 0 -180
0 -0 0 -180 0 -0 0 0 1.22696 -142.163 0 0 0 -0 0 -180 0 0
inside=0 lambda=0.647 phi=25 theta=45
0 -180 0 -180 0 -180 0 0 0.153576 55.7964 0 0 0 -180 0 -180 0 -180
0 -0 0 0 0 0 0 -180 1.19013 -141.947 0 180 0 -0 0 0 0 0
0 -180 0 -180 0 0 0 -180 0.062881 -128.651 0 0 0 0 0 180 0 -180
0 -0 0 -0 0 180 0 0 0.100163 -6.34403 0 180 0 180 0 180 0 0
0 -180 0 -180 0 0 0 -180 0.062881 -128.651 0 180 0 0 0 0 0 -180
0 -0 0 0 0 180 0 -0 0.100163 -6.34403 0 180 0 180 0 180 0 0
0 -180 0 0 0 -180 0 -180 0.153576 55.7964 0 -180 0 -180 0 0 0 -180
0 -0 0 -180 0 -0 0 0 1.19013 -141.947 0 0 0 0 0 180 0 0
inside=0 lambda=0.647 phi=30 theta=0
0 -180 0 180 0 -180 0.0477576 -58.2239 0.0690457 32.2766 0 0 0 -180 0 180 0 -180
0 -0 0 0 0 0 0 180 1.06558 -173.957 0 180 0 -0 0 0 0 0
0 -180 0 -180 0 0 6.18125e-14 82.9125 1.23597e-13 -37.7146 0 180 0 0 0 0 0 -180
0 -0 0 -0 0 -180 0 -180 2.40064e-13 -178.984 0 -0 0 180 0 180 0 0
0 -180 0 -180 0 0 7.08131e-14 -6.60112 2.34733e-13 -32.6141 0 -0 0 0 0 0 0 -180
0 -0 0 -0 0 180 0 180 3.18841e-13 -83.3471 0 -0 0 180 0 180 0 -0
0 -180 0 0 0 -180 0.24658 -110.174 0.28272 6.39561 0 -180 0 -180 0 0 0 -180
0 -0 0 180 0 -0 0 -0 1.29167 -174.399 0 -0 0 -0 0 180 0 -0
inside=0 lambda=0.647 phi=30 theta=15
0 -180 0 -180 0 -180 0 -0 0.0859306 23.6928 0 0 0 -180 0 180 0 -180
0 -0 0 0 0 -0 0 180 1.08505 -174.351 0 180 0 -0 0 0 0 0
0 -180 0 -180 0 0 0 -180 0.0575573 177.634 0 0 0 0 0 0 0 -180
0 -0 0 -0 0 180 0 -0 0.0883299 -42.8481 0 180 0 180 0 180 0 0
0 -180 0 -180 0 0 0 -180 0.0569243 178.2 0 180 0 0 0 0 0 -180
0 -0 0 -0 0 180 0 -180 0.0701511 -31.6957 0 180 0 180 0 180 0 0
0 -180 0 0 0 -180 0 -180 0.270618 7.5481 0 -180 0 -180 0 0 0 -180
0 -0 0 180 0 -0 0 -0 1.28335 -174.884 0 -0 0 -0 0 180 0 0
inside=0 lambda=0.647 phi=30 theta=30
0 -180 0 -180 0 -180 0 0 0.124147 12.3848 0 0 0 -180 0 180 0 -180
0 -0 0 0 0 -0 0 -180 1.12474 -175.172 0 180 0 -0 0 0 0 0
0 -180 0 -180 0 0 0 -180 0.0984302 177.521 0 0 0 0 0 180 0 -180
0 -0 0 -0 0 180 0 -0 0.139746 -39.8873 0 180 0 180 0 180 0 0
0 -180 0 -180 0 0 0 -180 0.0981256 177.988 0 180 0 0 0 0 0 -180
0 -0 0 -0 0 180 0 -0 0.124327 -33.4273 0 180 0 180 0 180 0 0
0 -180 0 0 0 -180 0 -180 0.234214 7.04878 0 -180 0 -180 0 0 0 -180
0 -0 0 180 0 -0 0 -0 1.23788 -175.552 0 0 0 -0 0 180 0 0
inside=0 lambda=0.647 phi=30 theta=45
0 -180 0 -180 0 -180 0 0 0.179241 7.89575 0 0 0 -180 0 180 0 -180
0 -0 0 -0 0 -0 0 180 1.1803 -175.64 0 180 0 -0 0 0 0 0
0 -180 0 -180 0 0 0 -180 0.113151 177.671 0 0 0 0 0 180 0 -180
0 -0 0 -0 0 180 0 -0 0.150398 -36.3919 0 180 0 180 0 180 0 0
0 -180 0 -180 0 0 0 -180 0.113151 177.671 0 180 0 0 0 0 0 -180
0 -0 0 -0 0 180 0 -0 0.150398 -36.3919 0 180 0 180 0 180 0 0
0 -180 0 0 0 -180 0 -180 0.179241 7.89575 0 180 0 -180 0 0 0 -180
0 -0 0 180 0 -0 0 -0 1.1803 -175.64 0 0 0 -0 0 180 0 0
inside=0 lambda=0.647 phi=35 theta=0
0 -180 0 180 0 -180 0.138344 -18.9725 0.0704324 76.5425 0 0 0 -180 0 180 0 -180
0 -0 0 0 0 -0 0 180 0.967433 145.942 0 0 0 -0 0 0 0 -0
0 -180 0 -180 0 0 7.1497e-15 -117.145 1.30005e-14 145.426 0 -0 0 0 0 0 0 -180
0 -0 0 -180 0 180 0 0 1.6297e-13 56.2882 0 -180 0 180 0 0 0 -0
0 -0 0 -180 0 -0 1.17446e-13 134.7 6.41447e-14 160.629 0 -180 0 180 0 0 0 180
0 -0 0 -0 0 180 0 180 4.46076e-13 44.1739 0 0 0 180 0 180 0 -0
0 -0 0 0 0 180 0.222788 -42.7957 0.341565 -50.2536 0 180 0 -0 0 0 0 180
0 -0 0 180 0 -0 0 -0 1.36477 148.259 0 -0 0 -0 0 180 0 -0
inside=0 lambda=0.647 phi=35 theta=15
0 -180 0 180 0 -180 0.10872 -44.3773 0.0531905 64.4339 0 0 0 -180 0 180 0 -180
0 -180 0 0 0 -0 0 180 1.00039 145.62 0 0 0 -180 0 0 0 0
0 -180 0 -180 0 0 0.0643192 -86.6958 0.0847675 112.581 0 0 0 0 0 0 0 -180
0 -180 0 -180 0 180 0 -0 0.1525 -76.7034 0 180 0 0 0 0 0 0
0 -180 0 -180 0 -0 0.0610297 -68.08 0.0881741 114.538 0 0 0 180 0 0 0 180
0 -0 0 -0 0 180 0 -180 0.117118 -58.5625 0 0 0 180 0 180 0 0
0 -180 0 0 0 -180 0.207587 -66.772 0.307442 -53.219 0 180 0 -0 0 0 0 180
0 -0 0 180 0 -0 0 -0 1.34615 147.415 0 -0 0 -0 0 180 0 0
inside=0 lambda=0.647 phi=35 theta=30
0 -180 0 -180 0 -180 0 -0 0.0482192 -17.0788 0 0 0 -180 0 180 0 -180
0 -180 0 -0 0 -0 0 180 1.08727 144.577 0 180 0 -180 0 -0 0 0
0 -180 0 -180 0 0 0 -180 0.146156 110.802 0 0 0 0 0 0 0 -180
0 -180 0 -180 0 180 0 -0 0.236255 -73.4739 0 180 0 0 0 0 0 0
0 -180 0 -180 0 0 0 -180 0.14872 111.64 0 0 0 0 0 0 0 180
0 -0 0 -0 0 0 0 -180 0.204684 -62.316 0 0 0 180 0 180 0 0
0 -180 0 -0 0 -180 0 -180 0.221011 -55.5679 0 180 0 -180 0 0 0 180
0 -0 0 180 0 -180 0 -0 1.29251 145.538 0 -0 0 -0 0 180 0 0
inside=0 lambda=0.647 phi=35 theta=45
0 -180 0 -180 0 -180 0 -0 0.126952 -52.0362 0 0 0 -180 0 180 0 180
0 -0 0 -0 0 -0 0 180 1.19061 144.308 0 180 0 -180 0 -0 0 0
0 -180 0 -180 0 0 0 -180 0.168599 110.866 0 0 0 0 0 0 0 180
0 -0 0 -180 0 180 0 -0 0.249278 -67.198 0 180 0 0 0 0 0 0
0 -180 0 -180 0 0 0 -180 0.168599 110.866 0 0 0 0 0 0 0 180
0 -0 0 -0 0 0 0 -180 0.249278 -67.198 0 0 0 180 0 180 0 0
0 -180 0 -0 0 -180 0 -180 0.126952 -52.0362 0 180 0 -180 0 0 0 180
0 -0 0 180 0 -180 0 -0 1.19061 144.308 0 -0 0 -0 0 180 0 0
inside=0 lambda=0.647 phi=40 theta=0
0 -0 0 180 0 -180 0.185331 6.48641 0.225507 14.3872 0 0 0 -0 0 180 0 -180
0 -180 0 -0 0 -0 0 180 0.775681 100.077 0 0 0 -180 0 -0 0 -0
0 -0 0 -180 0 0 6.05587e-13 -28.1754 5.83384e-13 107.26 0 -180 0 180 0 0 0 -180
0 -180 0 -180 0 180 0 -180 2.08547e-13 74.2076 0 0 0 0 0 0 0 -0
0 -0 0 -180 0 -0 3.35156e-12 141.155 9.36414e-13 -26.4729 0 -180 0 180 0 0 0 180
0 180 0 -0 0 180 0 180 6.96822e-13 -162.73 0 -180 0 -0 0 180 0 -0
0 -0 0 0 0 180 0.347205 -58.3808 0.294888 -119.494 0 -180 0 -0 0 0 0 180
0 180 0 180 0 -0 0 180 1.62106 112.093 0 -0 0 180 0 180 0 -0
inside=0 lambda=0.647 phi=40 theta=15
0 -0 0 180 0 -180 0.122822 32.1729 0.185331 22.3746 0 0 0 -0 0 180 0 -180
0 -180 0 -0 0 -180 0 0 0.841537 96.0335 0 0 0 180 0 -0 0 -0
0 -0 0 -0 0 0 0.0798403 -111.656 0.137916 9.10852 0 0 0 180 0 0 0 -180
0 -180 0 -180 0 0 0 -180 0.327288 -125.766 0 0 0 0 0 0 0 -0
0 -0 0 -180 0 0 0.0503958 7.9133 0.130975 16.2496 0 0 0 180 0 0 0 180
0 -180 0 -0 0 180 0 -0 0.213711 -91.6488 0 0 0 0 0 0 0 -0
0 -0 0 0 0 -180 0.398175 -17.6773 0.248508 -144.43 0 -180 0 -0 0 0 0 180
0 -180 0 180 0 -0 0 -180 1.54392 103.172 0 -0 0 -180 0 0 0 -0
inside=0 lambda=0.647 phi=40 theta=30
0 -180 0 180 0 -180 0.0879937 -85.2103 0.138705 60.1662 0 0 0 -180 0 180 0 -180
0 -180 0 -0 0 -0 0 180 0.994249 95.1548 0 0 0 -180 0 -0 0 -0
0 -180 0 -180 0 0 0.119352 -146.063 0.229842 13.066 0 0 0 0 0 0 0 -180
0 -180 0 -180 0 180 0 -180 0.475634 -116.276 0 0 0 0 0 0 0 -0
0 -180 0 -180 0 180 0.137961 -97.5601 0.234395 16.0472 0 0 0 180 0 0 0 180
0 -180 0 -0 0 0 0 -180 0.407803 -103.16 0 0 0 0 0 0 0 -0
0 -180 0 0 0 -0 0.266055 -90.6722 0.196431 -178.835 0 -180 0 -0 0 0 0 180
0 -180 0 180 0 -180 0 -180 1.4162 97.5076 0 -0 0 -180 0 0 0 -0
inside=0 lambda=0.647 phi=40 theta=45
0 -180 0 -180 0 -180 0 0 0.109659 123.474 0 0 0 -180 0 -180 0 180
0 -180 0 -0 0 -180 0 180 1.21864 94.0547 0 0 0 -180 0 -0 0 -0
0 -180 0 -180 0 0 0 -180 0.268144 10.2025 0 0 0 0 0 0 0 180
0 -180 0 -180 0 0 0 -180 0.496867 -110.136 0 0 0 0 0 0 0 -0
0 -180 0 -180 0 0 0 -180 0.268144 10.2025 0 0 0 0 0 0 0 180
0 -180 0 -180 0 0 0 -180 0.496867 -110.136 0 0 0 0 0 0 0 -0
0 -180 0 0 0 -180 0 -180 0.109659 123.474 0 -180 0 -180 0 0 0 180
0 -180 0 180 0 -180 0 -0 1.21864 94.0547 0 -0 0 -180 0 0 0 -0
inside=0 lambda=0.647 phi=45 theta=0
0 -0 0 180 0 0 0.293322 -147.182 0.950795 -132.799 0 180 0 -0 0 180 0 0
0 -0 0 -0 0 -0 0 180 0 180 0 -0 0 -0 0 -0 0 -0
0 180 0 -0 0 -180 4.87201e-12 -28.1974 3.23876e-12 -36.0543 0 180 0 -0 0 180 0 0
0 -0 0 180 0 180 0 0 0 0 0 -0 0 180 0 -0 0 -0
0 -0 0 -180 0 0 1.17081e-11 -56.647 7.74417e-12 63.8419 0 -0 0 180 0 0 0 -180
0 -180 0 -180 0 -180 0 -180 0 -0 0 180 0 0 0 0 0 0
0 -0 0 0 0 -180 0.474747 -21.8728 0.893297 64.1678 0 -180 0 -0 0 0 0 -180
0 -180 0 0 0 0 0 -180 0 0 0 -180 0 -180 0 0 0 0
inside=0 lambda=0.647 phi=45 theta=15
0 -0 0 180 0 -180 0.168414 -14.8136 0.795044 -128.633 0 180 0 -180 0 180 0 180
0 -180 0 -0 0 -0 0 180 0 180 0 -0 0 -0 0 -180 0 -0
0 -0 0 -0 0 0 0.565831 35.9367 0.459647 -111.881 0 180 0 0 0 180 0 180
0 -180 0 180 0 180 0 -180 0 180 0 -0 0 0 0 -0 0 -0
0 -180 0 -180 0 -0 0.24416 -12.0504 0.43133 -119.961 0 180 0 0 0 0 0 180
0 -180 0 -180 0 -180 0 180 0 -180 0 -0 0 -0 0 0 0 -0
0 -180 0 0 0 180 0.609501 -71.1195 0.626526 45.6371 0 -180 0 -180 0 0 0 180
0 -180 0 0 0 0 0 180 0 0 0 -180 0 180 0 0 0 -0
inside=0 lambda=0.647 phi=45 theta=30
0 -180 0 180 0 180 0.188743 -66.4431 0.515992 -100.713 0 180 0 -180 0 180 0 180
0 180 0 -0 0 -0 0 180 0 0 0 -0 0 -180 0 -180 0 -0
0 -180 0 -0 0 0 0.292723 32.1505 0.777076 -132.131 0 0 0 0 0 180 0 180
0 0 0 180 0 180 0 0 0 180 0 -0 0 -0 0 -0 0 -0
0 -180 0 180 0 0 0.183694 -108.277 0.780375 -133.625 0 180 0 180 0 0 0 180
0 180 0 -180 0 -0 0 180 0 180 0 -0 0 0 0 -0 0 -0
0 -180 0 -0 0 -180 0.171467 -83.3857 0.586083 11.0549 0 180 0 -0 0 0 0 180
0 180 0 0 0 180 0 -180 0 0 0 -180 0 -180 0 -0 0 -0
inside=0 lambda=0.647 phi=45 theta=45
0 180 0 180 0 -180 0 -0 0.401267 -46.9178 0 0 0 180 0 180 0 180
0 180 0 -0 0 -180 0 180 0 0 0 -0 0 180 0 -180 0 -0
0 0 0 -180 0 0 0 180 0.915961 -136.918 0 0 0 0 0 180 0 180
0 180 0 180 0 0 0 -0 0 180 0 -0 0 -0 0 -0 0 -0
0 0 0 180 0 0 0 -180 0.915961 -136.918 0 180 0 0 0 0 0 180
0 180 0 -0 0 -0 0 180 0 180 0 -0 0 0 0 -0 0 -0
0 180 0 -0 0 180 0 180 0.401267 -46.9178 0 180 0 -180 0 0 0 180
0 180 0 180 0 180 0 -0 0 0 0 -180 0 -180 0 -0 0 -0
inside=1 lambda=0.647 phi=0 theta=0
0 -180 0 -180 0 -180 0 0 0.0959531 149.689 0 0 0 -180 0 -180 0 -180
0 0 0 0 0 0 0 -180 0.824743 -63.5572 0 -180 0 0 0 0 0 0
0 -180 0 -0 0 0 0 0 1.62031e-13 -72.2553 0 0 0 0 0 -0 0 -180
0 0 0 180 0 -180 0 -180 9.845e-13 -153.836 0 -0 0 -180 0 180 0 0
0 -180 0 0 0 0 0 -180 1.49732e-13 -88.4279 0 -0 0 0 0 -0 0 -180
0 0 0 0 0 -180 0 0 1.00911e-12 -152.064 0 -0 0 -180 0 0 0 0
0 -180 0 0 0 -180 0 -180 0.0959531 149.689 0 -180 0 -180 0 0 0 -180
0 0 0 -180 0 0 0 0 0.824743 -63.5572 0 0 0 0 0 -180 0 0
inside=1 lambda=0.647 phi=0 theta=15
0 -180 0 -180 0 -180 0 0 0.0959531 149.689 0 0 0 -180 0 -180 0 -180
0 0 0 0 0 0 0 -180 0.824743 -63.5572 0 -180 0 0 0 0 0 0
0 -180 0 -0 0 0 0 0 1.62031e-13 -72.2553 0 0 0 0 0 -0 0 -180
0 0 0 180 0 -180 0 -180 9.845e-13 -153.836 0 -0 0 -180 0 180 0 0
0 -180 0 0 0 0 0 -180 1.49732e-13 -88.4279 0 -0 0 0 0 -0 0 -180
0 0 0 0 0 -180 0 0 1.00911e-12 -152.064 0 -0 0 -180 0 0 0 0
0 -180 0 0 0 -180 0 -180 0.0959531 149.689 0 -180 0 -180 0 0 0 -180
0 0 0 -180 0 0 0 0 0.824743 -63.5572 0 0 0 0 0 -180 0 0
inside=1 lambda=0.647 phi=0 theta=30
0 -180 0 -180 0 -180 0 0 0.0959531 149.689 0 0 0 -180 0 -180 0 -180
0 0 0 0 0 0 0 -180 0.824743 -63.5572 0 -180 0 0 0 0 0 0
0 -180 0 -0 0 0 0 0 1.62031e-13 -72.2553 0 0 0 0 0 -0 0 -180
0 0 0 180 0 -180 0 -180 9.845e-13 -153.836 0 -0 0 -180 0 180 0 0
0 -180 0 0 0 0 0 -180 1.49732e-13 -88.4279 0 -0 0 0 0 -0 0 -180
0 0 0 0 0 -180 0 0 1.00911e-12 -152.064 0 -0 0 -180 0 0 0 0
0 -180 0 0 0 -180 0 -180 0.0959531 149.689 0 -180 0 -180 0 0 0 -180
0 0 0 -180 0 0 0 0 0.824743 -63.5572 0 0 0 0 0 -180 0 0
inside=1 lambda=0.647 phi=0 theta=45
0 -180 0 -180 0 -180 0 0 0.0959531 149.689 0 0 0 -180 0 -180 0 -180
0 0 0 0 0 0 0 -180 0.824743 -63.5572 0 -180 0 0 0 0 0 0
0 -180 0 -0 0 0 0 0 1.62031e-13 -72.2553 0 0 0 0 0 -0 0 -180
0 0 0 180 0 -180 0 -180 9.845e-13 -153.836 0 -0 0 -180 0 180 0 0
0 -180 0 0 0 0 0 -180 1.49732e-13 -88.4279 0 -0 0 0 0 -0 0 -180
0 0 0 0 0 -180 0 0 1.00911e-12 -152.064 0 -0 0 -180 0 0 0 0
0 -180 0 0 0 -180 0 -180 0.0959531 149.689 0 -180 0 -180 0 0 0 -180
0 0 0 -180 0 0 0 0 0.824743 -63.5572 0 0 0 0 0 -180 0 0
inside=1 lambda=0.647 phi=5 theta=0
0 -180 0 -180 0 -180 0 0 0.0923359 149.996 0 0 0 -180 0 -180 0 -180
0 0 0 0 0 0 0 -180 0.82586 -65.0288 0 -180 0 0 0 0 0 0
0 -180 0 -0 0 0 0 -180 1.61063e-13 125.564 0 -0 0 0 0 180 0 -180
0 0 0 0 0 -180 0 180 4.32742e-13 13.845 0 0 0 -180 0 -180 0 0
0 -180 0 -180 0 0 0 180 1.11145e-13 65.7076 0 180 0 0 0 0 0 -180
0 0 0 0 0 -180 0 -0 7.29508e-13 27.388 0 180 0 -180 0 -180 0 0
0 -180 0 0 0 -180 0 -180 0.0936226 150.301 0 -180 0 -180 0 0 0 -180
0 0 0 -180 0 0 0 0 0.824095 -65.0452 0 0 0 0 0 -180 0 0
inside=1 lambda=0.647 phi=5 theta=15
0 -180 0 -180 0 -180 0 0 0.0924219 150.017 0 0 0 -180 0 -180 0 -180
0 0 0 0 0 0 0 -180 0.825742 -65.0299 0 -180 0 0 0 0 0 0
0 -180 0 -0 0 0 0 -180 0.000270928 -10.5906 0 0 0 0 0 180 0 -180
0 0 0 0 0 -180 0 0 0.000555923 -26.7359 0 -180 0 -180 0 -180 0 0
0 -180 0 -180 0 0 0 -0 0.000271411 -10.5762 0 180 0 0 0 0 0 -180
0 0 0 0 0 -180 0 0 0.000555054 -26.85 0 -180 0 -180 0 -180 0 0
0 -180 0 0 0 -180 0 -180 0.0935362 150.28 0 -180 0 -180 0 0 0 -180
0 0 0 -180 0 0 0 0 0.824213 -65.0441 0 0 0 0 0 -180 0 0
inside=1 lambda=0.647 phi=5 theta=30
0 -180 0 -180 0 -180 0 0 0.0926569 150.073 0 0 0 -180 0 -180 0 -180
0 0 0 0 0 0 0 -180 0.825419 -65.0329 0 -180 0 0 0 0 0 0
0 -180 0 -0 0 0 0 -180 0.000469438 -10.5875 0 0 0 0 0 180 0 -180
0 0 0 0 0 -180 0 0 0.000962566 -26.7602 0 -180 0 -180 0 -180 0 0
0 -180 0 -180 0 0 0 -0 0.000469922 -10.5791 0 180 0 0 0 0 0 -180
0 0 0 0 0 -180 0 0 0.000961698 -26.826 0 -180 0 -180 0 -180 0 0
0 -180 0 0 0 -180 0 -180 0.0933003 150.225 0 -180 0 -180 0 0 0 -180
0 0 0 -180 0 0 0 0 0.824536 -65.0411 0 0 0 0 0 -180 0 0
inside=1 lambda=0.647 phi=5 theta=45
0 -180 0 -180 0 -180 0 0 0.0929784 150.149 0 0 0 -180 0 -180 0 -180
0 0 0 0 0 0 0 -180 0.824977 -65.037 0 -180 0 0 0 0 0 0
0 -180 0 -0 0 0 0 -180 0.00054234 -10.5833 0 0 0 0 0 180 0 -180
0 0 0 0 0 -180 0 0 0.00111097 -26.7932 0 -180 0 -180 0 -180 0 0
0 -180 0 -180 0 0 0 -0 0.00054234 -10.5833 0 180 0 0 0 0 0 -180
0 0 0 0 0 -180 0 0 0.00111097 -26.7932 0 -180 0 -180 0 -180 0 0
0 -180 0 0 0 -180 0 -180 0.0929784 150.149 0 -180 0 -180 0 0 0 -180
0 0 0 -180 0 0 0 0 0.824977 -65.037 0 0 0 0 0 -180 0 0
inside=1 lambda=0.647 phi=10 theta=0
0 -180 0 -180 0 -180 0 0 0.08195 151.685 0 0 0 -180 0 -180 0 -180
0 0 0 0 0 0 0 -180 0.829152 -69.4206 0 -180 0 0 0 0 0 0
0 -180 0 -0 0 0 0 -180 9.01953e-14 94.4027 0 180 0 0 0 180 0 -180
0 0 0 0 0 -180 0 0 5.52502e-13 20.1819 0 -180 0 -180 0 -180 0 0
0 -180 0 -180 0 0 0 0 8.0959e-14 79.4102 0 -0 0 0 0 0 0 -180
0 0 0 0 0 -180 0 -0 5.30204e-13 18.9579 0 0 0 -180 0 -180 0 0
0 -180 0 0 0 -180 0 -180 0.0869938 152.932 0 -180 0 -180 0 0 0 -180
0 0 0 -180 0 0 0 0 0.822068 -69.4884 0 0 0 0 0 -180 0 0
inside=1 lambda=0.647 phi=10 theta=15
0 -180 0 -180 0 -180 0 0 0.0822842 151.773 0 0 0 -180 0 -180 0 -180
0 0 0 0 0 0 0 -180 0.828677 -69.4252 0 -180 0 0 0 0 0 0
0 -180 0 -0 0 0 0 -180 0.00106206 -7.00134 0 0 0 0 0 180 0 -180
0 0 0 0 0 -180 0 0 0.00224958 -30.6329 0 -180 0 -180 0 -180 0 0
0 -180 0 -180 0 0 0 -0 0.00106939 -7.02294 0 0 0 0 0 0 0 -180
0 0 0 0 0 -180 0 0 0.0022352 -31.0902 0 -180 0 -180 0 -180 0 0
0 -180 0 0 0 -180 0 -180 0.0866523 152.853 0 -180 0 -180 0 0 0 -180
0 0 0 -180 0 0 0 0 0.822542 -69.4839 0 0 0 0 0 -180 0 0
inside=1 lambda=0.647 phi=10 theta=30
0 -180 0 -180 0 -180 0 0 0.0832002 152.009 0 0 0 -180 0 -180 0 -180
0 0 0 0 0 0 0 -180 0.827379 -69.4377 0 -180 0 0 0 0 0 0
0 -180 0 -0 0 0 0 -180 0.00184225 -7.00499 0 0 0 0 0 180 0 -180
0 0 0 0 0 -180 0 0 0.00389098 -30.7315 0 -180 0 -180 0 -180 0 0
0 -180 0 -180 0 0 0 -0 0.00184958 -7.01748 0 0 0 0 0 0 0 -180
0 0 0 0 0 -180 0 0 0.0038766 -30.9955 0 -180 0 -180 0 -180 0 0
0 -180 0 0 0 -180 0 -180 0.0857221 152.633 0 -180 0 -180 0 0 0 -180
0 0 0 -180 0 0 0 0 0.823837 -69.4716 0 0 0 0 0 -180 0 0
inside=1 lambda=0.647 phi=10 theta=45
0 -180 0 -180 0 -180 0 0 0.0844575 152.325 0 0 0 -180 0 -180 0 -180
0 0 0 0 0 0 0 -180 0.825607 -69.4547 0 -180 0 0 0 0 0 0
0 -180 0 -0 0 0 0 -180 0.0021315 -7.01079 0 0 0 0 0 0 0 -180
0 0 0 0 0 -180 0 0 0.00448453 -30.8645 0 -180 0 -180 0 -180 0 0
0 -180 0 -180 0 0 0 -0 0.0021315 -7.01079 0 0 0 0 0 0 0 -180
0 0 0 0 0 -180 0 0 0.00448453 -30.8645 0 -180 0 -180 0 -180 0 0
0 -180 0 0 0 -180 0 -180 0.0844575 152.325 0 -180 0 -180 0 0 0 -180
0 0 0 -180 0 0 0 0 0.825607 -69.4547 0 0 0 0 0 -180 0 0
inside=1 lambda=0.647 phi=15 theta=0
0 -180 0 -180 0 -180 0 0 0.066977 157.703 0 0 0 -180 0 -180 0 -180
0 0 0 0 0 0 0 -180 0.834442 -76.6588 0 -180 0 0 0 0 0 0
0 -180 0 -0 0 0 0 180 1.09666e-13 -128.696 0 -0 0 0 0 180 0 -180
0 0 0 0 0 -180 0 -180 7.45994e-13 -164.989 0 0 0 -180 0 -180 0 0
0 -180 0 -180 0 0 0 180 7.74248e-14 -113.054 0 180 0 0 0 0 0 -180
0 0 0 0 0 -180 0 180 6.3525e-13 -166.876 0 0 0 -180 0 -180 0 0
0 -180 0 0 0 -180 0 -180 0.0781789 160.275 0 -180 0 -180 0 0 0 -180
0 0 0 -180 0 0 0 0 0.818373 -76.8217 0 0 0 0 0 -180 0 0
inside=1 lambda=0.647 phi=15 theta=15
0 -180 0 -180 0 -180 0 0 0.0677119 157.903 0 0 0 -180 0 -180 0 -180
0 0 0 0 0 0 0 -180 0.833361 -76.6699 0 -180 0 0 0 0 0 0
0 -180 0 -0 0 0 0 -180 0.0023903 -0.330654 0 0 0 0 0 180 0 -180
0 0 0 0 0 -180 0 0 0.00517524 -37.0984 0 -180 0 -180 0 -180 0 0
0 -180 0 -180 0 0 0 -0 0.00242044 -0.643424 0 0 0 0 0 0 0 -180
0 0 0 0 0 -180 0 0 0.00509822 -38.125 0 -180 0 -180 0 -180 0 0
0 -180 0 0 0 -180 0 -180 0.0774132 160.127 0 -180 0 -180 0 0 0 -180
0 0 0 -180 0 0 0 0 0.819445 -76.8111 0 0 0 0 0 -180 0 0
inside=1 lambda=0.647 phi=15 theta=30
0 -180 0 -180 0 -180 0 0 0.0697313 158.427 0 0 0 -180 0 -180 0 -180
0 0 0 0 0 0 0 -180 0.83041 -76.7003 0 -180 0 0 0 0 0 0
0 -180 0 -0 0 0 0 -180 0.00415153 -0.394541 0 0 0 0 0 180 0 -180
0 0 0 0 0 -180 0 0 0.00893385 -37.3254 0 -180 0 -180 0 -180 0 0
0 -180 0 -180 0 0 0 -0 0.00418163 -0.57513 0 0 0 0 0 0 0 -180
0 0 0 0 0 -180 0 0 0.0088569 -37.9179 0 -180 0 -180 0 -180 0 0
0 -180 0 0 0 -180 0 -180 0.0753325 159.708 0 -180 0 -180 0 0 0 -180
0 0 0 -180 0 0 0 0 0.822376 -76.7819 0 0 0 0 0 -180 0 0
inside=1 lambda=0.647 phi=15 theta=45
0 -180 0 -180 0 -180 0 0 0.0725166 159.094 0 0 0 -180 0 -180 0 -180
0 0 0 0 0 0 0 -180 0.826388 -76.7414 0 -180 0 0 0 0 0 0
0 -180 0 -0 0 0 0 -180 0.00481135 -0.48374 0 0 0 0 0 0 0 -180
0 0 0 0 0 -180 0 0 0.0102705 -37.6267 0 -180 0 -180 0 -180 0 0
0 -180 0 -180 0 0 0 -0 0.00481135 -0.48374 0 0 0 0 0 0 0 -180
0 0 0 0 0 -180 0 0 0.0102705 -37.6267 0 -180 0 -180 0 -180 0 0
0 -180 0 0 0 -180 0 -180 0.0725166 159.094 0 -180 0 -180 0 0 0 -180
0 0 0 -180 0 0 0 0 0.826388 -76.7414 0 0 0 0 0 -180 0 0
inside=1 lambda=0.647 phi=20 theta=0
0 -180 0 -180 0 -180 0 0 0.0542142 174.014 0 0 0 -180 0 -180 0 -180
0 0 0 0 0 0 0 -180 0.841469 -86.6064 0 -180 0 0 0 0 0 0
0 -180 0 -0 0 0 0 -0 6.5759e-14 -121.65 0 -0 0 0 0 180 0 -180
0 0 0 0 0 -180 0 -0 3.57639e-13 -175.261 0 180 0 -180 0 -180 0 0
0 -180 0 -180 0 0 0 -0 5.52806e-14 -116.225 0 -0 0 0 0 0 0 -180
0 0 0 0 0 -180 0 -0 3.24054e-13 -176.668 0 0 0 -180 0 -180 0 0
0 -180 0 0 0 -180 0 -180 0.0744882 175.804 0 -180 0 -180 0 0 0 -180
0 0 0 -180 0 0 0 0 0.812399 -86.9266 0 0 0 0 0 -180 0 0
inside=1 lambda=0.647 phi=20 theta=15
0 -180 0 -180 0 -180 0 0 0.055552 174.197 0 0 0 -180 0 -180 0 -180
0 0 0 0 0 0 0 -180 0.839502 -86.6288 0 -180 0 0 0 0 0 0
0 -180 0 -0 0 0 0 -180 0.0045745 8.33666 0 0 0 0 0 180 0 -180
0 0 0 0 0 -180 0 0 0.00953908 -46.1688 0 -180 0 -180 0 -180 0 0
0 -180 0 -180 0 0 0 -0 0.00462315 7.46693 0 0 0 0 0 0 0 -180
0 0 0 0 0 -180 0 0 0.0092773 -47.9688 0 -180 0 -180 0 -180 0 0
0 -180 0 0 0 -180 0 -180 0.0731091 175.735 0 -180 0 -180 0 0 0 -180
0 0 0 -180 0 0 0 0 0.814328 -86.9064 0 0 0 0 0 -180 0 0
inside=1 lambda=0.647 phi=20 theta=30
0 -180 0 -180 0 -180 0 0 0.0592218 174.642 0 0 0 -180 0 -180 0 -180
0 0 0 0 0 0 0 -180 0.834143 -86.6895 0 -180 0 0 0 0 0 0
0 -180 0 -0 0 0 0 -180 0.00794281 8.15261 0 0 0 0 0 180 0 -180
0 0 0 0 0 -180 0 0 0.016416 -46.5816 0 -180 0 -180 0 -180 0 0
0 -180 0 -180 0 0 0 -0 0.00799126 7.65162 0 0 0 0 0 0 0 -180
0 0 0 0 0 -180 0 0 0.016155 -47.6198 0 -180 0 -180 0 -180 0 0
0 -180 0 0 0 -180 0 -180 0.0693576 175.515 0 -180 0 -180 0 0 0 -180
0 0 0 -180 0 0 0 0 0.81961 -86.8501 0 0 0 0 0 -180 0 0
inside=1 lambda=0.647 phi=20 theta=45
0 -180 0 -180 0 -180 0 0 0.0642695 175.134 0 0 0 -180 0 -180 0 -180
0 0 0 0 0 0 0 -180 0.826858 -86.7708 0 -180 0 0 0 0 0 0
0 -180 0 -0 0 0 0 -180 0.00920047 7.90225 0 0 0 0 0 0 0 -180
0 0 0 0 0 -180 0 0 0.0187992 -47.1166 0 -180 0 -180 0 -180 0 0
0 -180 0 -180 0 0 0 -0 0.00920047 7.90225 0 0 0 0 0 0 0 -180
0 0 0 0 0 -180 0 0 0.0187992 -47.1166 0 -180 0 -180 0 -180 0 0
0 -180 0 0 0 -180 0 -180 0.0642695 175.134 0 -180 0 -180 0 0 0 -180
0 0 0 -180 0 0 0 0 0.826858 -86.7708 0 0 0 0 0 -180 0 0
inside=1 lambda=0.647 phi=25 theta=0
0 -180 0 -180 0 -180 0 0 0.0560785 -161.953 0 0 0 -180 0 -180 0 -180
0 0 0 0 0 0 0 -180 0.850077 -99.0495 0 -180 0 0 0 0 0 0
0 -180 0 -0 0 0 0 180 1.84364e-13 14.813 0 -180 0 0 0 180 0 -180
0 0 0 -0 0 -180 0 180 4.18707e-13 -16.4383 0 -0 0 -180 0 180 0 0
0 -180 0 -180 0 0 0 180 4.71649e-14 50.6641 0 -0 0 0 0 0 0 -180
0 0 0 0 0 -180 0 180 1.64762e-13 -16.857 0 180 0 -180 0 -180 0 0
0 -180 0 0 0 -180 0 -180 0.0889866 -165.757 0 -180 0 -180 0 0 0 -180
0 0 0 -180 0 0 0 0 0.803131 -99.6102 0 0 0 0 0 -180 0 0
inside=1 lambda=0.647 phi=25 theta=15
0 -180 0 -180 0 -180 0 0 0.0582964 -162.287 0 0 0 -180 0 -180 0 -180
0 0 0 0 0 0 0 -180 0.846869 -99.0893 0 -180 0 0 0 0 0 0
0 -180 0 -0 0 0 0 -180 0.00847619 14.9524 0 0 0 0 0 180 0 -180
0 0 0 -0 0 -180 0 0 0.0156962 -57.9769 0 -180 0 -180 0 180 0 0
0 -180 0 -180 0 0 0 -0 0.00844193 13.8591 0 0 0 0 0 0 0 -180
0 0 0 0 0 -180 0 -0 0.0150061 -60.7084 0 -180 0 -180 0 -180 0 0
0 -180 0 0 0 -180 0 -180 0.0868023 -165.547 0 -180 0 -180 0 0 0 -180
0 0 0 -180 0 0 0 0 0.806216 -99.5762 0 0 0 0 0 -180 0 0
inside=1 lambda=0.647 phi=25 theta=30
0 -180 0 -180 0 -180 0 0 0.0643506 -163.113 0 0 0 -180 0 -180 0 -180
0 0 0 0 0 0 0 -180 0.838155 -99.1969 0 -180 0 0 0 0 0 0
0 -180 0 -0 0 0 0 -180 0.0146721 14.713 0 0 0 0 0 180 0 -180
0 0 0 -0 0 -180 0 0 0.0268915 -58.636 0 -180 0 -180 0 180 0 0
0 -180 0 -180 0 0 0 -0 0.014638 14.0871 0 0 0 0 0 0 0 -180
0 0 0 0 0 -180 0 -0 0.0262067 -60.2092 0 -180 0 -180 0 -180 0 0
0 -180 0 0 0 -180 0 -180 0.0808159 -164.957 0 -180 0 -180 0 0 0 -180
0 0 0 -180 0 0 0 0 0.814687 -99.4796 0 0 0 0 0 -180 0 0
inside=1 lambda=0.647 phi=25 theta=45
0 -180 0 -180 0 -180 0 0 0.0726004 -164.092 0 0 0 -180 0 -180 0 -180
0 0 0 0 0 0 0 -180 0.82636 -99.3409 0 -180 0 0 0 0 0 0
0 -180 0 -0 0 0 0 -180 0.0169241 14.3972 0 0 0 0 0 0 0 -180
0 0 0 -0 0 -180 0 0 0.0306336 -59.4621 0 -180 0 -180 0 180 0 0
0 -180 0 -180 0 0 0 -0 0.0169241 14.3972 0 0 0 0 0 0 0 -180
0 0 0 0 0 -180 0 -0 0.0306336 -59.4621 0 180 0 -180 0 -180 0 0
0 -180 0 0 0 -180 0 -180 0.0726004 -164.092 0 -180 0 -180 0 0 0 -180
0 0 0 -180 0 0 0 0 0.82636 -99.3409 0 0 0 0 0 -180 0 0
inside=1 lambda=0.647 phi=30 theta=0
0 -180 0 -180 0 -180 0 0 0.0727811 -150.228 0 0 0 -180 0 -180 0 -180
0 0 0 0 0 0 0 -180 0.860592 -113.694 0 -180 0 0 0 0 0 0
0 -180 0 -0 0 0 0 0 2.35701e-13 -22.1379 0 0 0 0 0 180 0 -180
0 0 0 -0 0 -180 0 -180 4.63018e-13 -15.3295 0 -0 0 -180 0 180 0 0
0 -180 0 -180 0 0 0 -0 1.51638e-13 13.3843 0 -0 0 0 0 0 0 -180
0 0 0 0 0 -180 0 -0 4.61595e-13 -27.3536 0 0 0 -180 0 -180 0 0
0 -180 0 0 0 -180 0 -180 0.125839 -157.027 0 -180 0 -180 0 0 0 -180
0 0 0 -180 0 0 0 0 0.789293 -114.571 0 0 0 0 0 -180 0 0
inside=1 lambda=0.647 phi=30 theta=15
0 -180 0 -180 0 -180 0 0 0.0764181 -150.967 0 0 0 -180 0 -180 0 -180
0 0 0 0 0 0 0 -180 0.85565 -113.756 0 -180 0 0 0 0 0 0
0 -180 0 -0 0 0 0 -180 0.0151783 16.0687 0 0 0 0 0 180 0 -180
0 0 0 -0 0 -180 0 0 0.0241061 -72.6467 0 -180 0 -180 0 180 0 0
0 -180 0 -180 0 0 0 -0 0.0148248 15.6257 0 0 0 0 0 0 0 -180
0 0 0 0 0 -180 0 -0 0.0225799 -76.4298 0 180 0 -180 0 -180 0 0
0 -180 0 0 0 -180 0 -180 0.122446 -156.734 0 -180 0 -180 0 0 0 -180
0 0 0 -180 0 0 0 0 0.793909 -114.521 0 0 0 0 0 -180 0 0
inside=1 lambda=0.647 phi=30 theta=30
0 -180 0 -180 0 -180 0 0 0.0863405 -152.675 0 0 0 -180 0 -180 0 -180
0 0 0 0 0 0 0 -180 0.84228 -113.926 0 -180 0 0 0 0 0 0
0 -180 0 -0 0 0 0 -180 0.0261553 15.958 0 0 0 0 0 180 0 -180
0 0 0 -0 0 -180 0 0 0.0410556 -73.6254 0 -180 0 -180 0 180 0 0
0 -180 0 -180 0 0 0 -0 0.0258096 15.7116 0 0 0 0 0 0 0 -180
0 0 0 0 0 -180 0 -0 0.0395549 -75.7991 0 180 0 -180 0 -180 0 0
0 -180 0 0 0 -180 0 -180 0.112999 -155.873 0 -180 0 -180 0 0 0 -180
0 0 0 -180 0 0 0 0 0.80664 -114.372 0 0 0 0 0 -180 0 0
inside=1 lambda=0.647 phi=30 theta=45
0 -180 0 -180 0 -180 0 0 0.0997857 -154.475 0 0 0 -180 0 -180 0 -180
0 0 0 0 0 0 0 -180 0.824303 -114.153 0 -180 0 0 0 0 0 0
0 -180 0 -0 0 0 0 -180 0.030001 15.8291 0 0 0 0 0 0 0 -180
0 0 0 -0 0 -180 0 0 0.0464699 -74.7969 0 -180 0 -180 0 180 0 0
0 -180 0 -180 0 0 0 -0 0.030001 15.8291 0 0 0 0 0 0 0 -180
0 0 0 0 0 -180 0 -0 0.0464699 -74.7969 0 180 0 -180 0 -180 0 0
0 -180 0 0 0 -180 0 -180 0.0997857 -154.475 0 -180 0 -180 0 0 0 -180
0 0 0 -180 0 0 0 0 0.824303 -114.153 0 0 0 0 0 -180 0 0
inside=1 lambda=0.647 phi=35 theta=0
0 -180 0 180 0 -180 0 0 0.0895795 -153.07 0 0 0 -180 0 180 0 -180
0 -0 0 0 0 0 0 -180 0.874183 -130.186 0 180 0 -0 0 0 0 0
0 -180 0 -0 0 0 0 -0 7.90259e-14 136.354 0 0 0 0 0 180 0 -180
0 -0 0 -0 0 -180 0 0 1.19947e-14 134.223 0 180 0 180 0 180 0 0
0 -180 0 -180 0 0 0 -0 3.8118e-14 -140.672 0 -0 0 0 0 0 0 -180
0 -0 0 0 0 -180 0 -0 5.98153e-14 124.863 0 -0 0 180 0 -180 0 0
0 -180 0 0 0 -180 0 -180 0.176226 -158.503 0 -180 0 -180 0 0 0 -180
0 -0 0 -180 0 -0 0 -0 0.769932 -131.367 0 0 0 -0 0 -180 0 -0
inside=1 lambda=0.647 phi=35 theta=15
0 -180 0 -180 0 -180 0 0 0.0955991 -153.845 0 0 0 -180 0 180 0 -180
0 -0 0 0 0 0 0 -180 0.866842 -130.27 0 180 0 -0 0 0 0 0
0 -180 0 -0 0 0 0 -180 0.0252056 11.81 0 0 0 0 0 180 0 -180
0 -0 0 -0 0 180 0 0 0.0351588 -90.031 0 180 0 180 0 180 0 0
0 -180 0 -180 0 0 0 -0 0.0242419 12.8926 0 0 0 0 0 0 0 -180
0 -0 0 0 0 180 0 -0 0.0322205 -95.0199 0 180 0 180 0 -180 0 0
0 -180 0 0 0 -180 0 -180 0.170924 -158.377 0 -180 0 -180 0 0 0 -180
0 -0 0 -180 0 -0 0 -0 0.776555 -131.305 0 0 0 -0 0 -180 0 0
inside=1 lambda=0.647 phi=35 theta=30
0 -180 0 -180 0 -180 0 0 0.112029 -155.499 0 0 0 -180 0 180 0 -180
0 -0 0 0 0 -0 0 -180 0.847077 -130.499 0 180 0 -0 0 0 0 0
0 -180 0 -0 0 0 0 -180 0.0432428 12.0305 0 0 0 0 0 0 0 -180
0 -0 0 -0 0 180 0 0 0.0594327 -91.4439 0 180 0 180 0 180 0 0
0 -180 0 -180 0 0 0 -0 0.0423292 12.6531 0 0 0 0 0 0 0 -180
0 -0 0 0 0 180 0 -0 0.0565931 -94.302 0 180 0 180 0 -180 0 0
0 -180 0 0 0 -180 0 -180 0.155801 -157.932 0 -180 0 -180 0 0 0 -180
0 -0 0 -180 0 -0 0 0 0.794949 -131.108 0 0 0 -0 0 180 0 0
inside=1 lambda=0.647 phi=35 theta=45
0 -180 0 -180 0 -180 0 0 0.134215 -156.997 0 0 0 -180 0 -180 0 -180
0 -0 0 0 0 -0 0 -180 0.820684 -130.809 0 180 0 -0 0 0 0 0
0 -180 0 -0 0 0 0 -180 0.0493836 12.3401 0 0 0 0 0 0 0 -180
0 -0 0 -0 0 180 0 0 0.0668033 -93.0372 0 180 0 180 0 180 0 0
0 -180 0 -180 0 0 0 -0 0.0493836 12.3401 0 0 0 0 0 0 0 -180
0 -0 0 0 0 180 0 -0 0.0668033 -93.0372 0 180 0 180 0 180 0 0
0 -180 0 0 0 -180 0 -180 0.134215 -156.997 0 -180 0 -180 0 0 0 -180
0 -0 0 -180 0 -0 0 0 0.820684 -130.809 0 0 0 -0 0 180 0 0
inside=1 lambda=0.647 phi=40 theta=0
0 -180 0 180 0 -180 0 0 0.094457 -165.312 0 0 0 -180 0 180 0 -180
0 -0 0 0 0 -0 0 -180 0.892769 -148.144 0 180 0 -0 0 0 0 -0
0 -180 0 -0 0 0 0 180 9.42277e-14 -10.5026 0 180 0 0 0 180 0 -180
0 -0 0 -0 0 180 0 0 1.09893e-13 -86.0384 0 -0 0 180 0 180 0 -0
0 -180 0 -180 0 0 0 -0 2.81408e-14 -155.837 0 -0 0 0 0 0 0 -180
0 -0 0 -0 0 180 0 -0 7.71599e-14 104.694 0 -180 0 180 0 180 0 -0
0 -180 0 0 0 -180 0 -180 0.228498 -165.445 0 -180 0 -180 0 0 0 -180
0 -0 0 180 0 -0 0 -0 0.74529 -149.407 0 0 0 -0 0 180 0 -0
inside=1 lambda=0.647 phi=40 theta=15
0 -180 0 180 0 -180 0 0 0.103798 -165.58 0 0 0 -180 0 180 0 180
0 -0 0 0 0 -0 0 -180 0.882252 -148.245 0 180 0 -0 0 0 0 0
0 -180 0 -0 0 0 0 -180 0.03795 4.15783 0 0 0 0 0 180 0 180
0 -0 0 -0 0 180 0 -0 0.0489929 -109.474 0 180 0 180 0 180 0 0
0 -180 0 -180 0 0 0 -0 0.0362819 7.59376 0 0 0 0 0 0 0 -180
0 -0 0 -0 0 180 0 -0 0.0439278 -115.973 0 180 0 180 0 180 0 0
0 -180 0 0 0 -180 0 -180 0.220749 -165.677 0 -180 0 -180 0 0 0 -180
0 -0 0 180 0 -0 0 -0 0.754469 -149.367 0 0 0 -0 0 180 0 -0
inside=1 lambda=0.647 phi=40 theta=30
0 -180 0 -180 0 -180 0 0 0.129384 -166.133 0 0 0 -180 0 180 0 180
0 -0 0 0 0 -0 0 -180 0.854076 -148.498 0 180 0 -0 0 0 0 0
0 -180 0 -0 0 0 0 -180 0.0648738 4.9469 0 0 0 0 0 0 0 180
0 -0 0 -0 0 180 0 -0 0.0820263 -111.529 0 180 0 180 0 180 0 0
0 -180 0 -180 0 0 0 -0 0.063408 6.85484 0 0 0 0 0 0 0 180
0 -0 0 0 0 180 0 -0 0.0772865 -115.244 0 180 0 180 0 180 0 0
0 -180 0 0 0 -180 0 -180 0.197597 -166.132 0 -180 0 -180 0 0 0 180
0 -0 0 -180 0 -0 0 -0 0.78026 -149.171 0 0 0 -0 0 180 0 0
inside=1 lambda=0.647 phi=40 theta=45
0 -180 0 -180 0 -180 0 0 0.163982 -166.367 0 0 0 -180 0 180 0 180
0 -0 0 -0 0 -0 0 -180 0.816625 -148.839 0 180 0 -0 0 0 0 0
0 -180 0 -0 0 0 0 -180 0.0739843 5.92597 0 0 0 0 0 0 0 180
0 -0 0 -0 0 180 0 0 0.0915602 -113.683 0 180 0 180 0 180 0 0
0 -180 0 -180 0 0 0 -0 0.0739843 5.92597 0 0 0 0 0 0 0 180
0 -0 0 0 0 180 0 -0 0.0915602 -113.683 0 180 0 180 0 180 0 0
0 -180 0 0 0 -180 0 -180 0.163982 -166.367 0 180 0 -180 0 0 0 180
0 -0 0 -180 0 -0 0 -0 0.816625 -148.839 0 0 0 -0 0 180 0 0
inside=1 lambda=0.647 phi=45 theta=0
0 -180 0 180 0 180 0 0 0.0841703 171.535 0 0 0 -180 0 180 0 180
0 -0 0 0 0 -0 0.0197005 101.507 0.916162 -167.048 0 180 0 -0 0 0 0 -0
0 -180 0 -0 0 0 0 -0 1.303e-13 115.103 0 180 0 0 0 180 0 -180
0 -0 0 -0 0 180 6.02409e-13 176.602 9.04602e-14 85.9559 0 -0 0 180 0 180 0 -0
0 -180 0 -180 0 0 0 -0 9.87572e-14 -51.0318 0 -180 0 0 0 0 0 -180
0 -0 0 -0 0 180 1.07496e-13 -31.7579 1.32468e-13 -135.303 0 -0 0 180 0 180 0 -0
0 -180 0 0 0 -180 0 -180 0.267907 -174.649 0 -180 0 -180 0 0 0 -180
0 -0 0 180 0 -0 0.188169 -36.0356 0.715139 -167.771 0 -0 0 -0 0 180 0 -0
inside=1 lambda=0.647 phi=45 theta=15
0 -180 0 180 0 -180 0 0 0.0946837 174.618 0 0 0 -180 0 180 0 180
0 -0 0 0 0 -0 0 -180 0.903796 -167.268 0 180 0 -0 0 0 0 -0
0 -180 0 -0 0 0 0 -180 0.0516132 -4.76595 0 0 0 0 0 0 0 180
0 -0 0 -0 0 180 0 -0 0.0656667 -129.75 0 180 0 180 0 180 0 -0
0 -180 0 -180 0 0 0 -0 0.0498776 1.98437 0 0 0 0 0 0 0 180
0 -0 0 -0 0 180 0 -0 0.0574765 -138.295 0 180 0 180 0 180 0 -0
0 -180 0 0 0 -180 0 -180 0.261165 -174.997 0 -180 0 -180 0 0 0 180
0 -0 0 180 0 -0 0 -0 0.729473 -168.063 0 -0 0 -0 0 180 0 -0
inside=1 lambda=0.647 phi=45 theta=30
0 -180 0 -180 0 -180 0 0 0.130587 178.094 0 0 0 -180 0 180 0 180
0 -0 0 -0 0 -0 0 -180 0.865371 -167.511 0 180 0 -0 0 0 0 -0
0 -180 0 -0 0 0 0 -180 0.0881055 -3.07071 0 0 0 0 0 0 0 180
0 -0 0 -0 0 180 0 -0 0.108359 -132.866 0 180 0 180 0 180 0 -0
0 -180 0 -180 0 0 0 -0 0.0869956 0.461947 0 0 0 0 0 0 0 180
0 -0 0 -0 0 180 0 -0 0.101207 -137.769 0 180 0 180 0 180 0 -0
0 -180 0 0 0 -180 0 -180 0.22844 -176.96 0 -180 0 -180 0 0 0 180
0 -0 0 180 0 -0 0 -0 0.764548 -168.019 0 -0 0 -0 0 180 0 -0
inside=1 lambda=0.647 phi=45 theta=45
0 -180 0 -180 0 -180 0 0 0.179911 -179.221 0 0 0 -180 0 180 0 180
0 -0 0 -0 0 -0 0 -180 0.814283 -167.777 0 180 0 -0 0 0 0 0
0 -180 0 -0 0 0 0 -180 0.10093 -1.20788 0 0 0 0 0 0 0 180
0 -0 0 -0 0 180 0 -0 0.12014 -135.825 0 180 0 180 0 180 0 -0
0 -180 0 -180 0 0 0 -0 0.10093 -1.20788 0 0 0 0 0 0 0 180
0 -0 0 -0 0 180 0 -0 0.12014 -135.825 0 180 0 180 0 180 0 -0
0 -180 0 0 0 -180 0 -180 0.179911 -179.221 0 180 0 -180 0 0 0 180
0 -0 0 -180 0 -0 0 -0 0.814283 -167.777 0 0 0 -0 0 180 0 0
