RSoft_BSDF_File_Version 2
1 0 5 2 1 0.731429
0.3 0.3
-1 1
-1 1
1 0.647 0.647
10 0 45 0.5
4 0 45
Begin_Dispersion_Data
0.647 1.45662 0 1 0 0
End_Dispersion_Data
inside=0 lambda=0.647 phi=0 theta=0
0 0 0 -180 0 0 0 0 0.196919 124.86 0 0 0 0 0 -180 0 0
0 -180 0 0 0 -180 0 -180 1.18327 -118.432 0 -180 0 -180 0 0 0 -180
0 0 0 180 0 -180 0 -0 2.70733e-12 -114.439 0 -0 0 -180 0 180 0 0
0 -180 0 -180 0 0 0 0 5.5308e-12 -140.802 0 -0 0 0 0 -0 0 -180
0 0 0 180 0 -180 0 -0 2.29306e-12 72.3308 0 -0 0 -180 0 180 0 0
0 -180 0 0 0 0 0 -0 2.20053e-12 57.2575 0 -0 0 0 0 180 0 -180
0 0 0 0 0 0 0 -180 0.196919 124.86 0 -180 0 0 0 0 0 0
0 -180 0 -180 0 -180 0 0 1.18327 -118.432 0 0 0 -180 0 -180 0 -180
inside=0 lambda=0.647 phi=0 theta=15
0 0 0 -180 0 0 0 0 0.196919 124.86 0 0 0 0 0 -180 0 0
0 -180 0 0 0 -180 0 -180 1.18327 -118.432 0 -180 0 -180 0 0 0 -180
0 0 0 180 0 -180 0 -0 2.70733e-12 -114.439 0 -0 0 -180 0 180 0 0
0 -180 0 -180 0 0 0 0 5.5308e-12 -140.802 0 -0 0 0 0 -0 0 -180
0 0 0 180 0 -180 0 -0 2.29306e-12 72.3308 0 -0 0 -180 0 180 0 0
0 -180 0 0 0 0 0 -0 2.20053e-12 57.2575 0 -0 0 0 0 180 0 -180
0 0 0 0 0 0 0 -180 0.196919 124.86 0 -180 0 0 0 0 0 0
0 -180 0 -180 0 -180 0 0 1.18327 -118.432 0 0 0 -180 0 -180 0 -180
inside=0 lambda=0.647 phi=0 theta=30
0 0 0 -180 0 0 0 0 0.196919 124.86 0 0 0 0 0 -180 0 0
0 -180 0 0 0 -180 0 -180 1.18327 -118.432 0 -180 0 -180 0 0 0 -180
0 0 0 180 0 -180 0 -0 2.70733e-12 -114.439 0 -0 0 -180 0 180 0 0
0 -180 0 -180 0 0 0 0 5.5308e-12 -140.802 0 -0 0 0 0 -0 0 -180
0 0 0 180 0 -180 0 -0 2.29306e-12 72.3308 0 -0 0 -180 0 180 0 0
0 -180 0 0 0 0 0 -0 2.20053e-12 57.2575 0 -0 0 0 0 180 0 -180
0 0 0 0 0 0 0 -180 0.196919 124.86 0 -180 0 0 0 0 0 0
0 -180 0 -180 0 -180 0 0 1.18327 -118.432 0 0 0 -180 0 -180 0 -180
inside=0 lambda=0.647 phi=0 theta=45
0 0 0 -180 0 0 0 0 0.196919 124.86 0 0 0 0 0 -180 0 0
0 -180 0 0 0 -180 0 -180 1.18327 -118.432 0 -180 0 -180 0 0 0 -180
0 0 0 180 0 -180 0 -0 2.70733e-12 -114.439 0 -0 0 -180 0 180 0 0
0 -180 0 -180 0 0 0 0 5.5308e-12 -140.802 0 -0 0 0 0 -0 0 -180
0 0 0 180 0 -180 0 -0 2.29306e-12 72.3308 0 -0 0 -180 0 180 0 0
0 -180 0 0 0 0 0 -0 2.20053e-12 57.2575 0 -0 0 0 0 180 0 -180
0 0 0 0 0 0 0 -180 0.196919 124.86 0 -180 0 0 0 0 0 0
0 -180 0 -180 0 -180 0 0 1.18327 -118.432 0 0 0 -180 0 -180 0 -180
inside=0 lambda=0.647 phi=5 theta=0
0 0 0 -180 0 0 0 0 0.194326 120.547 0 0 0 0 0 -180 0 0
0 -180 0 0 0 -180 0 -180 1.18135 -120.639 0 -180 0 -180 0 0 0 -180
0 0 0 -180 0 -180 0 -0 6.02334e-14 -109.151 0 180 0 -180 0 0 0 0
0 -180 0 -0 0 0 0 -0 1.24779e-13 4.56277 0 -0 0 0 0 180 0 -180
0 0 0 -180 0 -180 0 -0 6.07668e-14 5.59157 0 -0 0 -180 0 0 0 0
0 -180 0 0 0 0 0 180 1.22847e-13 7.52038 0 -0 0 0 0 -180 0 -180
0 0 0 0 0 0 0 -180 0.198624 120.516 0 -180 0 0 0 0 0 0
0 -180 0 -180 0 -180 0 0 1.18541 -120.646 0 0 0 -180 0 -180 0 -180
inside=0 lambda=0.647 phi=5 theta=15
0 0 0 -180 0 0 0 0 0.194614 120.545 0 0 0 0 0 -180 0 0
0 -180 0 0 0 -180 0 -180 1.18162 -120.639 0 -180 0 -180 0 0 0 -180
0 0 0 -180 0 -180 0 -180 0.00107849 -61.4768 0 0 0 -180 0 0 0 0
0 -180 0 -0 0 0 0 0 0.001018 54.8858 0 -180 0 0 0 180 0 -180
0 0 0 -180 0 -180 0 -180 0.00107847 -61.4729 0 0 0 -180 0 0 0 0
0 -180 0 0 0 0 0 -0 0.00101794 54.9086 0 180 0 0 0 -180 0 -180
0 0 0 0 0 0 0 -180 0.198336 120.518 0 -180 0 0 0 0 0 0
0 -180 0 -180 0 -180 0 0 1.18514 -120.646 0 0 0 -180 0 -180 0 -180
inside=0 lambda=0.647 phi=5 theta=30
0 0 0 -180 0 0 0 0 0.195401 120.539 0 0 0 0 0 -180 0 0
0 -180 0 0 0 -180 0 -180 1.18236 -120.641 0 -180 0 -180 0 0 0 -180
0 0 0 -180 0 -180 0 -180 0.00186799 -61.476 0 0 0 -180 0 0 0 0
0 -180 0 -0 0 0 0 0 0.0017632 54.8907 0 -180 0 0 0 180 0 -180
0 0 0 -180 0 -180 0 -180 0.00186797 -61.4738 0 0 0 -180 0 0 0 0
0 -180 0 0 0 0 0 -0 0.00176315 54.9039 0 180 0 0 0 -180 0 -180
0 0 0 0 0 0 0 -180 0.197549 120.523 0 -180 0 0 0 0 0 0
0 -180 0 -180 0 -180 0 0 1.18439 -120.644 0 0 0 -180 0 -180 0 -180
inside=0 lambda=0.647 phi=5 theta=45
0 0 0 -180 0 0 0 0 0.196475 120.531 0 0 0 0 0 -180 0 0
0 -180 0 0 0 -180 0 -180 1.18338 -120.643 0 -180 0 -180 0 0 0 -180
0 0 0 -180 0 -180 0 -180 0.00215696 -61.4749 0 0 0 -180 0 0 0 0
0 -180 0 -0 0 0 0 0 0.00203594 54.8973 0 -180 0 0 0 180 0 -180
0 0 0 -180 0 -180 0 -180 0.00215696 -61.4749 0 0 0 -180 0 0 0 0
0 -180 0 0 0 0 0 -0 0.00203594 54.8973 0 180 0 0 0 -180 0 -180
0 0 0 0 0 0 0 -180 0.196475 120.531 0 -180 0 0 0 0 0 0
0 -180 0 -180 0 -180 0 0 1.18338 -120.643 0 0 0 -180 0 -180 0 -180
inside=0 lambda=0.647 phi=10 theta=0
0 0 0 -180 0 0 0 0 0.18622 107.589 0 0 0 0 0 -180 0 0
0 -180 0 0 0 -180 0 -180 1.17532 -127.244 0 -180 0 -180 0 0 0 -180
0 0 0 -180 0 -180 0 180 5.54462e-14 -56.7369 0 -180 0 -180 0 0 0 0
0 -180 0 -0 0 0 0 0 1.91249e-14 -21.9731 0 -0 0 0 0 180 0 -180
0 0 0 -180 0 -180 0 180 5.78792e-14 50.1916 0 -0 0 -180 0 0 0 0
0 -180 0 0 0 0 0 -180 5.06336e-14 -124.221 0 -180 0 0 0 -180 0 -180
0 0 0 0 0 0 0 -180 0.203797 107.452 0 -180 0 0 0 0 0 0
0 -180 0 -180 0 -180 0 0 1.19211 -127.271 0 0 0 -180 0 -180 0 -180
inside=0 lambda=0.647 phi=10 theta=15
0 0 0 -180 0 0 0 0 0.187398 107.578 0 0 0 0 0 -180 0 0
0 -180 0 0 0 -180 0 -180 1.17644 -127.246 0 -180 0 -180 0 0 0 -180
0 0 0 -180 0 -180 0 -180 0.00441494 -74.5594 0 0 0 -180 0 0 0 0
0 -180 0 -0 0 0 0 0 0.00420587 48.4265 0 -180 0 0 0 180 0 -180
0 0 0 -180 0 -180 0 -180 0.00441444 -74.5449 0 0 0 -180 0 0 0 0
0 -180 0 0 0 0 0 -0 0.00420488 48.5201 0 180 0 0 0 -180 0 -180
0 0 0 0 0 0 0 -180 0.202621 107.46 0 -180 0 0 0 0 0 0
0 -180 0 -180 0 -180 0 0 1.19098 -127.269 0 0 0 -180 0 -180 0 -180
inside=0 lambda=0.647 phi=10 theta=30
0 0 0 -180 0 0 0 0 0.190616 107.551 0 0 0 0 0 -180 0 0
0 -180 0 0 0 -180 0 -180 1.17951 -127.251 0 -180 0 -180 0 0 0 -180
0 0 0 -180 0 -180 0 -180 0.00764665 -74.5566 0 0 0 -180 0 0 0 0
0 -180 0 -0 0 0 0 0 0.00728439 48.4476 0 -180 0 0 0 180 0 -180
0 0 0 -180 0 -180 0 -180 0.00764615 -74.5483 0 0 0 -180 0 0 0 0
0 -180 0 0 0 0 0 -0 0.00728341 48.5015 0 180 0 0 0 -180 0 -180
0 0 0 0 0 0 0 -180 0.199405 107.482 0 -180 0 0 0 0 0 0
0 -180 0 -180 0 -180 0 0 1.18791 -127.265 0 0 0 -180 0 -180 0 -180
inside=0 lambda=0.647 phi=10 theta=45
0 0 0 -180 0 0 0 0 0.195011 107.515 0 0 0 0 0 -180 0 0
0 -180 0 0 0 -180 0 -180 1.18371 -127.258 0 -180 0 -180 0 0 0 -180
0 0 0 -180 0 -180 0 -180 0.00882927 -74.5526 0 0 0 -180 0 0 0 0
0 -180 0 -0 0 0 0 0 0.00841071 48.4751 0 -180 0 0 0 180 0 -180
0 0 0 -180 0 -180 0 -180 0.00882927 -74.5526 0 0 0 -180 0 0 0 0
0 -180 0 0 0 0 0 -0 0.00841071 48.4751 0 180 0 0 0 -180 0 -180
0 0 0 0 0 0 0 -180 0.195011 107.515 0 -180 0 0 0 0 0 0
0 -180 0 -180 0 -180 0 0 1.18371 -127.258 0 0 0 -180 0 -180 0 -180
inside=0 lambda=0.647 phi=15 theta=0
0 -0 0 -180 0 0 0 0 0.171719 85.9083 0 0 0 -0 0 -180 0 0
0 -180 0 0 0 -180 0 -180 1.16428 -138.198 0 -180 0 -180 0 0 0 -180
0 0 0 -180 0 -180 0 180 3.44344e-14 -7.95262 0 180 0 -180 0 0 0 0
0 -180 0 -0 0 0 0 0 8.56852e-14 134.528 0 0 0 0 0 180 0 -180
0 0 0 -180 0 -180 0 -0 3.47662e-14 -105.8 0 -0 0 -180 0 0 0 0
0 -180 0 0 0 0 0 -180 1.06196e-13 104.792 0 180 0 0 0 -180 0 -180
0 0 0 0 0 0 0 -180 0.21285 85.5451 0 -180 0 0 0 0 0 0
0 -180 0 -180 0 -180 0 -0 1.20426 -138.255 0 0 0 -180 0 -180 0 -180
inside=0 lambda=0.647 phi=15 theta=15
0 -0 0 -180 0 0 0 0 0.174477 85.8757 0 0 0 -0 0 -180 0 0
0 -180 0 0 0 -180 0 -180 1.16696 -138.203 0 -180 0 -180 0 0 0 -180
0 0 0 -180 0 -180 0 -180 0.0103421 -96.4448 0 0 0 -180 0 0 0 0
0 -180 0 -0 0 0 0 0 0.0100121 37.6047 0 -180 0 0 0 180 0 -180
0 0 0 -180 0 -180 0 -180 0.0103389 -96.4174 0 0 0 -180 0 0 0 0
0 -180 0 0 0 0 0 -0 0.0100065 37.8269 0 180 0 0 0 -180 0 -180
0 0 0 0 0 0 0 -180 0.2101 85.5622 0 -180 0 0 0 0 0 0
0 -180 0 -180 0 -180 0 -0 1.20158 -138.252 0 0 0 -180 0 -180 0 -180
inside=0 lambda=0.647 phi=15 theta=30
0 -0 0 -180 0 0 0 0 0.182012 85.7935 0 0 0 -0 0 -180 0 0
0 -180 0 0 0 -180 0 -180 1.17427 -138.215 0 -180 0 -180 0 0 0 -180
0 0 0 -180 0 -180 0 -180 0.017911 -96.4411 0 0 0 -180 0 0 0 0
0 -180 0 -0 0 0 0 0 0.017339 37.6588 0 -180 0 0 0 180 0 -180
0 0 0 -180 0 -180 0 -180 0.0179079 -96.4253 0 0 0 -180 0 0 0 0
0 -180 0 0 0 0 0 -0 0.0173335 37.786 0 180 0 0 0 -180 0 -180
0 0 0 0 0 0 0 -180 0.202582 85.6137 0 -180 0 0 0 0 0 0
0 -180 0 -180 0 -180 0 0 1.19426 -138.244 0 0 0 -180 0 -180 0 -180
inside=0 lambda=0.647 phi=15 theta=45
0 0 0 -180 0 0 0 0 0.192301 85.696 0 0 0 0 0 -180 0 0
0 -180 0 0 0 -180 0 -180 1.18426 -138.231 0 -180 0 -180 0 0 0 -180
0 0 0 -180 0 -180 0 -180 0.0206796 -96.4343 0 0 0 -180 0 0 0 0
0 -180 0 -0 0 0 0 0 0.0200179 37.7256 0 -180 0 0 0 180 0 -180
0 0 0 -180 0 -180 0 -180 0.0206796 -96.4343 0 0 0 -180 0 0 0 0
0 -180 0 0 0 0 0 -0 0.0200179 37.7256 0 180 0 0 0 -180 0 -180
0 0 0 0 0 0 0 -180 0.192301 85.696 0 -180 0 0 0 0 0 0
0 -180 0 -180 0 -180 0 0 1.18426 -138.231 0 0 0 -180 0 -180 0 -180
inside=0 lambda=0.647 phi=20 theta=0
0 -0 0 -180 0 0 0 0 0.149577 55.3563 0 0 0 -0 0 -180 0 0
0 -180 0 0 0 180 0 -180 1.14628 -153.416 0 180 0 -180 0 0 0 180
0 0 0 -180 0 -180 0 0 1.551e-13 128.336 0 0 0 -180 0 0 0 0
0 -180 0 -0 0 -0 0 180 1.69057e-13 -66.3625 0 -180 0 0 0 180 0 180
0 0 0 -180 0 -180 0 180 1.36392e-13 -83.8166 0 180 0 -180 0 0 0 0
0 -180 0 -0 0 0 0 0 1.13179e-13 -154.586 0 -180 0 0 0 180 0 -180
0 0 0 0 0 0 0 -180 0.227401 54.5837 0 -180 0 0 0 0 0 0
0 -180 0 180 0 -180 0 -0 1.22352 -153.515 0 0 0 -180 0 180 0 -180
inside=0 lambda=0.647 phi=20 theta=15
0 -0 0 -180 0 0 0 0 0.1548 55.2707 0 0 0 -0 0 -180 0 0
0 -180 0 -0 0 180 0 -180 1.15145 -153.426 0 180 0 -180 0 0 0 180
0 0 0 -180 0 -180 0 -180 0.0195781 -127.225 0 0 0 -180 0 0 0 0
0 -180 0 -0 0 -0 0 -0 0.019341 22.3355 0 180 0 0 0 180 0 180
0 0 0 -180 0 -180 0 -180 0.019567 -127.192 0 0 0 -180 0 0 0 0
0 -180 0 -0 0 0 0 -0 0.0193202 22.7696 0 180 0 0 0 180 0 -180
0 0 0 0 0 0 0 -180 0.222212 54.6111 0 -180 0 0 0 0 0 0
0 -180 0 -180 0 -180 0 -0 1.21833 -153.513 0 0 0 -180 0 180 0 -180
inside=0 lambda=0.647 phi=20 theta=30
0 -0 0 -180 0 0 0 0 0.169069 55.0698 0 0 0 -0 0 -180 0 0
0 -180 0 -0 0 180 0 -180 1.16557 -153.452 0 180 0 -180 0 0 0 180
0 0 0 -180 0 -180 0 -180 0.0339009 -127.228 0 0 0 -180 0 0 0 0
0 -180 0 -0 0 -0 0 -0 0.0334885 22.4555 0 180 0 0 0 180 0 180
0 0 0 -180 0 -180 0 -180 0.0338908 -127.209 0 0 0 -180 0 0 0 0
0 -180 0 -0 0 0 0 -0 0.0334687 22.6985 0 180 0 -0 0 180 0 180
0 0 0 0 0 0 0 -180 0.208004 54.6995 0 -180 0 0 0 0 0 0
0 -180 0 -180 0 -180 0 -0 1.20418 -153.503 0 0 0 180 0 180 0 180
inside=0 lambda=0.647 phi=20 theta=45
0 -0 0 -180 0 0 0 0 0.18855 54.8575 0 0 0 -0 0 -180 0 0
0 -180 0 -0 0 180 0 -180 1.18487 -153.481 0 180 0 -180 0 0 0 180
0 0 0 -180 0 -180 0 -180 0.0391371 -127.223 0 0 0 -180 0 0 0 0
0 -180 0 -0 0 -0 0 -0 0.0386562 22.5884 0 180 0 0 0 180 0 180
0 0 0 -180 0 -180 0 -180 0.0391371 -127.223 0 0 0 -180 0 0 0 0
0 -180 0 -0 0 0 0 -0 0.0386562 22.5884 0 180 0 -0 0 180 0 180
0 -0 0 0 0 -0 0 -180 0.18855 54.8575 0 -180 0 0 0 0 0 0
0 -180 0 -180 0 -180 0 -0 1.18487 -153.481 0 0 0 180 0 180 0 180
inside=0 lambda=0.647 phi=25 theta=0
0 -0 0 -180 0 0 0 0 0.11782 15.8393 0 0 0 -0 0 -180 0 0
0 -180 0 -0 0 180 0 180 1.11758 -172.761 0 180 0 -180 0 -0 0 180
0 0 0 -180 0 -180 0 0 3.76756e-13 -12.2921 0 -180 0 -180 0 0 0 0
0 -180 0 -0 0 -0 0 0 5.1722e-13 165.613 0 180 0 0 0 180 0 180
0 0 0 -180 0 -180 0 -0 3.04718e-13 105.857 0 0 0 -180 0 0 0 0
0 180 0 -0 0 -0 0 -0 4.66248e-13 177.143 0 0 0 -0 0 180 0 180
0 0 0 0 0 0 0 -180 0.252088 14.4859 0 -180 0 0 0 0 0 0
0 180 0 180 0 180 0 -0 1.25248 -172.923 0 -0 0 180 0 180 0 180
inside=0 lambda=0.647 phi=25 theta=15
0 -0 0 -180 0 0 0 0 0.126831 15.6278 0 0 0 -0 0 -180 0 0
0 -180 0 -0 0 180 0 180 1.12661 -172.783 0 180 0 -180 0 -0 0 180
0 0 0 -180 0 -180 0 -180 0.033722 -166.792 0 0 0 180 0 0 0 0
0 -180 0 -0 0 -0 0 -0 0.0338172 2.56496 0 180 0 0 0 180 0 180
0 0 0 -180 0 -180 0 -180 0.0337028 -166.774 0 0 0 -180 0 0 0 0
0 180 0 -0 0 0 0 -180 0.0337544 3.37134 0 180 0 -0 0 180 0 180
0 0 0 0 0 -0 0 -180 0.243175 14.5262 0 -180 0 0 0 0 0 0
0 180 0 180 0 -180 0 -0 1.24341 -172.932 0 -0 0 180 0 180 0 180
inside=0 lambda=0.647 phi=25 theta=30
0 -0 0 -180 0 0 0 0 0.151456 15.2081 0 0 0 -0 0 -180 0 0
0 -180 0 -0 0 180 0 180 1.15127 -172.837 0 180 0 -180 0 -0 0 180
0 0 0 -180 0 -180 0 -180 0.0583834 -166.829 0 0 0 180 0 0 0 0
0 -180 0 -0 0 -0 0 -0 0.0585302 2.84145 0 180 0 0 0 180 0 180
0 0 0 -180 0 -180 0 -180 0.0583695 -166.813 0 0 0 -180 0 0 0 0
0 180 0 -0 0 0 0 -180 0.0584764 3.26183 0 180 0 -0 0 180 0 180
0 0 0 0 0 -0 0 -180 0.218675 14.6356 0 -180 0 0 0 0 0 0
0 -180 0 180 0 -180 0 -0 1.21868 -172.93 0 -0 0 180 0 180 0 180
inside=0 lambda=0.647 phi=25 theta=45
0 -0 0 -180 0 0 0 0 0.185087 14.8518 0 0 0 -0 0 -180 0 0
0 -180 0 -0 0 180 0 180 1.18497 -172.895 0 180 0 -180 0 -0 0 180
0 0 0 -180 0 -180 0 -180 0.0674008 -166.836 0 0 0 180 0 0 0 0
0 180 0 -0 0 -0 0 -0 0.0675472 3.08372 0 180 0 0 0 180 0 180
0 0 0 -180 0 180 0 -180 0.0674008 -166.836 0 0 0 -180 0 0 0 0
0 180 0 -0 0 0 0 -0 0.0675472 3.08372 0 180 0 -0 0 180 0 180
0 -0 0 0 0 -0 0 -180 0.185087 14.8518 0 -180 0 0 0 0 0 0
0 -180 0 180 0 -180 0 -0 1.18497 -172.895 0 -0 0 180 0 180 0 180
inside=0 lambda=0.647 phi=30 theta=0
0 -0 0 -180 0 0 0.00447137 77.9947 0.0710496 -32.8741 0 0 0 -0 0 -180 0 0
0 -180 0 -0 0 180 0 -180 1.07081 163.934 0 180 0 -180 0 -0 0 180
0 -0 0 -180 0 -180 3.80163e-13 175.714 7.65107e-14 -127.039 0 -0 0 180 0 0 0 0
0 180 0 -180 0 -0 0 0 9.95423e-14 125.742 0 -0 0 -0 0 0 0 180
0 0 0 -180 0 -180 3.68132e-13 102.903 8.02006e-14 39.3466 0 -180 0 -180 0 0 0 0
0 180 0 -0 0 -0 0 -180 1.89273e-13 -3.18763 0 -0 0 -0 0 180 0 180
0 0 0 0 0 0 0.0512842 78.5932 0.296253 -33.3253 0 -180 0 0 0 0 0 0
0 180 0 180 0 180 0 0 1.29546 163.526 0 -0 0 180 0 180 0 180
inside=0 lambda=0.647 phi=30 theta=15
0 -180 0 -180 0 0 0 -0 0.0852225 -32.1621 0 0 0 -0 0 -180 0 0
0 -180 0 -0 0 180 0 180 1.086 163.992 0 180 0 -180 0 -0 0 180
0 -0 0 -180 0 -180 0 -180 0.0562436 145.969 0 0 0 180 0 0 0 0
0 180 0 -180 0 -0 0 -0 0.0566962 -23.3465 0 180 0 -0 0 0 0 180
0 -0 0 -180 0 180 0 -0 0.0565129 145.641 0 0 0 -180 0 0 0 0
0 180 0 -0 0 -0 0 -180 0.0562097 -20.3224 0 0 0 -0 0 180 0 180
0 -0 0 -0 0 -0 0 -180 0.284242 -34.4961 0 180 0 0 0 0 0 0
0 180 0 180 0 180 0 -0 1.27956 163.983 0 -0 0 180 0 180 0 180
inside=0 lambda=0.647 phi=30 theta=30
0 -0 0 -180 0 0 0 -0 0.127387 -33.5655 0 0 0 -0 0 -180 0 0
0 -180 0 -0 0 180 0 180 1.12704 163.801 0 180 0 -180 0 -0 0 180
0 0 0 -180 0 -180 0 -180 0.0977946 145.459 0 0 0 180 0 0 0 0
0 180 0 -180 0 -0 0 -0 0.097646 -20.9037 0 180 0 -0 0 0 0 180
0 0 0 -180 0 180 0 -0 0.0978302 145.484 0 0 0 -180 0 0 0 0
0 180 0 -0 0 -0 0 -180 0.0975335 -20.2076 0 0 0 -0 0 180 0 180
0 -0 0 0 0 -0 0 -180 0.240614 -33.9362 0 -180 0 0 0 0 0 0
0 180 0 180 0 -180 0 -0 1.23934 163.643 0 -0 0 180 0 180 0 180
inside=0 lambda=0.647 phi=30 theta=45
0 -0 0 -180 0 0 0 -0 0.18397 -33.8615 0 0 0 -0 0 -180 0 0
0 -180 0 -0 0 180 0 180 1.18321 163.689 0 180 0 -180 0 -0 0 180
0 0 0 -180 0 -180 0 -180 0.112946 145.432 0 0 0 180 0 0 0 0
0 180 0 -180 0 -0 0 -0 0.112674 -20.477 0 180 0 -0 0 0 0 180
0 0 0 -180 0 180 0 -180 0.112946 145.432 0 0 0 -180 0 0 0 0
0 180 0 -0 0 -0 0 -180 0.112674 -20.477 0 0 0 -0 0 180 0 180
0 -0 0 -0 0 -0 0 -180 0.18397 -33.8615 0 -180 0 0 0 0 0 0
0 -180 0 180 0 -180 0 -0 1.18321 163.689 0 -0 0 180 0 180 0 180
inside=0 lambda=0.647 phi=35 theta=0
0 -0 0 -180 0 0 0.0116325 -65.4501 0.00996989 104.232 0 0 0 -0 0 -180 0 0
0 -180 0 -0 0 0 0 -0 0.988333 136.957 0 0 0 -180 0 -0 0 0
0 -0 0 -180 0 -180 7.07237e-13 -104.792 2.63911e-13 165.927 0 -0 0 180 0 0 0 0
0 180 0 -180 0 -180 0 -0 2.61784e-13 65.9731 0 -0 0 -0 0 0 0 0
0 0 0 -180 0 -180 1.1795e-13 56.1774 1.11327e-13 -23.7197 0 -180 0 -180 0 0 0 0
0 180 0 -0 0 -0 0 -180 1.35875e-13 75.8036 0 180 0 -0 0 180 0 180
0 0 0 0 0 0 0.226761 86.9373 0.359969 -89.6668 0 -180 0 0 0 0 0 0
0 180 0 180 0 180 0 -180 1.35373 136.569 0 -0 0 180 0 180 0 180
inside=0 lambda=0.647 phi=35 theta=15
0 -0 0 -180 0 0 0.00644682 -35.8207 0.0164707 -98.1829 0 0 0 -0 0 180 0 0
0 -180 0 -0 0 0 0 180 1.01363 136.855 0 0 0 -180 0 -0 0 0
0 -0 0 -180 0 -180 0.011301 -12.2965 0.0976875 90.8223 0 0 0 180 0 0 0 0
0 180 0 -180 0 -180 0 -180 0.0951482 -48.765 0 0 0 -0 0 0 0 0
0 0 0 -180 0 180 0.0372172 15.7954 0.096608 91.3555 0 0 0 -180 0 0 0 0
0 180 0 -0 0 -0 0 180 0.093787 -46.4116 0 0 0 -0 0 180 0 180
0 0 0 0 0 -0 0.194394 25.3585 0.341877 -87.8179 0 -180 0 0 0 0 0 0
0 180 0 180 0 180 0 -180 1.33189 136.66 0 -0 0 180 0 180 0 180
inside=0 lambda=0.647 phi=35 theta=30
0 -0 0 -180 0 0 0 -0 0.086751 -90.9859 0 0 0 -0 0 180 0 0
0 -180 0 -0 0 0 0 180 1.08243 136.679 0 0 0 -180 0 -0 0 0
0 0 0 -180 0 -180 0 -180 0.167312 91.0744 0 0 0 180 0 0 0 0
0 180 0 -180 0 -180 0 -180 0.163185 -48.1258 0 180 0 -0 0 0 0 0
0 -0 0 -180 0 180 0 -0 0.167667 91.1796 0 0 0 -180 0 0 0 0
0 180 0 -0 0 -0 0 -180 0.163077 -46.935 0 0 0 -0 0 180 0 180
0 -0 0 -0 0 -0 0 -180 0.282177 -89.1562 0 180 0 0 0 0 0 0
0 180 0 180 0 180 0 -180 1.26992 136.526 0 -0 0 180 0 180 0 0
inside=0 lambda=0.647 phi=35 theta=45
0 -0 0 -180 0 0 0 -0 0.184071 -89.8602 0 0 0 -0 0 180 0 0
0 180 0 -0 0 180 0 180 1.17639 136.491 0 0 0 -180 0 -0 0 0
0 0 0 -0 0 -180 0 -180 0.193535 91.0027 0 0 0 180 0 0 0 0
0 180 0 -180 0 -0 0 -0 0.188431 -47.3443 0 180 0 -0 0 0 0 0
0 0 0 -180 0 180 0 -0 0.193535 91.0027 0 0 0 -180 0 0 0 0
0 180 0 -0 0 -0 0 -180 0.188431 -47.3443 0 0 0 -0 0 180 0 0
0 -0 0 -0 0 -0 0 -180 0.184071 -89.8602 0 180 0 0 0 0 0 0
0 180 0 180 0 -180 0 -0 1.17639 136.491 0 -0 0 180 0 0 0 0
inside=0 lambda=0.647 phi=40 theta=0
0 -180 0 180 0 0 0.0281272 -44.7876 0.197593 32.9164 0 0 0 -180 0 180 0 0
0 -180 0 -0 0 0 0 -0 0.800632 106.468 0 0 0 -180 0 -0 0 0
0 -0 0 -180 0 -180 3.04379e-13 179.967 1.5159e-13 -8.93619 0 -180 0 180 0 0 0 0
0 180 0 -180 0 -180 0 -180 1.28199e-13 -61.0031 0 180 0 -0 0 0 0 0
0 0 0 -180 0 -180 2.36545e-13 167.652 2.82775e-13 -117.236 0 180 0 -180 0 0 0 0
0 180 0 -0 0 -0 0 180 1.75228e-13 -18.3601 0 -0 0 -0 0 180 0 180
0 0 0 0 0 0 0.122417 -163.248 0.558201 -150.525 0 -180 0 0 0 0 0 0
0 180 0 180 0 180 0 -0 1.46738 105.851 0 -0 0 180 0 180 0 180
inside=0 lambda=0.647 phi=40 theta=15
0 -0 0 -180 0 0 0.0108873 -126.222 0.148214 34.1023 0 0 0 -180 0 180 0 0
0 -180 0 -0 0 0 0 -180 0.848301 106.282 0 0 0 180 0 -0 0 0
0 -0 0 -180 0 -180 0.0710452 -177.001 0.179593 33.08 0 0 0 180 0 0 0 0
0 180 0 -180 0 -180 0 -180 0.179073 -78.0663 0 0 0 -0 0 0 0 0
0 0 0 -180 0 -180 0.0631343 128.551 0.180797 31.6169 0 0 0 -180 0 0 0 0
0 180 0 -0 0 -0 0 -180 0.172015 -75.75 0 -0 0 -0 0 180 0 0
0 0 0 0 0 -0 0.201594 117.354 0.486897 -152.353 0 -180 0 0 0 0 0 0
0 180 0 180 0 180 0 -180 1.43005 105.939 0 -0 0 180 0 0 0 0
inside=0 lambda=0.647 phi=40 theta=30
0 -0 0 -180 0 0 0.00835858 23.964 0.0165719 66.1549 0 0 0 -180 0 180 0 0
0 -180 0 -180 0 0 0 0 0.976692 105.932 0 0 0 180 0 -0 0 0
0 0 0 -0 0 -180 0.00245705 2.58589 0.318986 31.1155 0 0 0 180 0 0 0 0
0 180 0 -180 0 -180 0 -180 0.305614 -77.3944 0 0 0 -0 0 0 0 0
0 0 0 -180 0 180 0.0158237 -97.0277 0.318262 31.3152 0 0 0 -180 0 0 0 0
0 180 0 -0 0 -0 0 180 0.303962 -75.8637 0 0 0 -180 0 0 0 0
0 -0 0 0 0 -180 0.0363709 -62.4705 0.351148 -149.53 0 -180 0 0 0 0 0 0
0 180 0 180 0 180 0 180 1.32779 106.04 0 -0 0 0 0 0 0 0
inside=0 lambda=0.647 phi=40 theta=45
0 -0 0 -180 0 0 0 0 0.170001 -152.228 0 0 0 -180 0 -180 0 0
0 180 0 -180 0 0 0 180 1.15215 105.803 0 0 0 180 0 -0 0 0
0 0 0 -0 0 -180 0 -180 0.367337 31.0256 0 0 0 180 0 0 0 0
0 180 0 -180 0 -180 0 -180 0.351546 -76.6102 0 0 0 -0 0 0 0 0
0 0 0 -180 0 180 0 -0 0.367337 31.0256 0 0 0 -180 0 0 0 0
0 180 0 -180 0 -0 0 -180 0.351546 -76.6102 0 0 0 -180 0 0 0 0
0 -0 0 0 0 -180 0 -180 0.170001 -152.228 0 -180 0 0 0 0 0 0
0 180 0 180 0 180 0 -180 1.15215 105.803 0 -0 0 0 0 0 0 0
inside=0 lambda=0.647 phi=45 theta=0
0 -0 0 180 0 180 0.0266895 -62.8438 0.999603 -88.1245 0 180 0 -0 0 180 0 180
0 180 0 -0 0 -0 0 -180 0 180 0 -0 0 180 0 -0 0 -0
0 -0 0 -0 0 -0 2.76841e-12 -136.487 2.24011e-12 -93.5338 0 0 0 180 0 180 0 180
0 180 0 180 0 180 0 -180 0 -180 0 180 0 -0 0 -0 0 -0
0 0 0 -180 0 -180 5.13866e-13 -145.969 2.07628e-13 -81.9579 0 -180 0 -180 0 0 0 0
0 0 0 -180 0 -180 0 180 0 -180 0 0 0 -180 0 0 0 0
0 0 0 0 0 0 0.459329 -31.4825 0.900493 121.963 0 -180 0 0 0 0 0 0
0 0 0 0 0 0 0 -0 0 0 0 -180 0 0 0 0 0 0
inside=0 lambda=0.647 phi=45 theta=15
0 -0 0 180 0 180 0.0347963 -148.216 0.871625 -89.9742 0 180 0 -0 0 180 0 180
0 180 0 -0 0 -0 0 -180 0 180 0 -0 0 180 0 -0 0 -0
0 -0 0 -0 0 -0 0.205551 161.703 0.465108 -75.4488 0 0 0 180 0 180 0 180
0 180 0 180 0 180 0 -180 0 -180 0 -0 0 -0 0 -0 0 -0
0 0 0 -180 0 -180 0.100741 -143.127 0.469203 -74.4615 0 -180 0 -180 0 0 0 0
0 0 0 -180 0 -180 0 -180 0 -180 0 -0 0 -180 0 0 0 0
0 -0 0 0 0 0 0.233693 -80.7935 0.846579 123.946 0 -180 0 0 0 0 0 180
0 0 0 0 0 0 0 -0 0 0 0 -180 0 0 0 0 0 -0
inside=0 lambda=0.647 phi=45 theta=30
0 -0 0 180 0 180 0.0945529 37.7187 0.526236 -99.54 0 180 0 -0 0 180 0 180
0 180 0 -0 0 -0 0 180 0 180 0 -0 0 180 0 -0 0 -0
0 -0 0 -0 0 -0 0.306083 61.7033 0.832858 -72.7385 0 180 0 180 0 180 0 180
0 180 0 180 0 180 0 -180 0 -180 0 0 0 -0 0 -0 0 -0
0 0 0 180 0 -180 0.146205 -14.2443 0.829609 -73.5303 0 -180 0 -180 0 0 0 0
0 180 0 -0 0 -0 0 180 0 -180 0 -0 0 -180 0 0 0 -0
0 -0 0 0 0 0 0.293393 -8.56254 0.515235 129.014 0 -180 0 0 0 0 0 0
0 180 0 180 0 180 0 -180 0 0 0 -180 0 0 0 0 0 -0
inside=0 lambda=0.647 phi=45 theta=45
0 -0 0 -180 0 180 0 -0 0.216588 -164.406 0 180 0 0 0 -180 0 180
0 180 0 180 0 0 0 180 0 0 0 -0 0 180 0 -0 0 -0
0 0 0 -0 0 -0 0 0 0.976263 -74.4057 0 0 0 -180 0 180 0 180
0 180 0 180 0 -180 0 180 0 -180 0 0 0 -0 0 -0 0 -0
0 0 0 0 0 -180 0 -0 0.976263 -74.4057 0 180 0 -0 0 0 0 180
0 180 0 180 0 -0 0 180 0 -180 0 -0 0 -180 0 0 0 -0
0 -0 0 -0 0 0 0 -180 0.216588 -164.406 0 -180 0 180 0 180 0 180
0 180 0 180 0 180 0 180 0 0 0 -0 0 0 0 -0 0 -0
inside=1 lambda=0.647 phi=0 theta=0
0 0 0 -180 0 0 0 0 0.196919 178.276 0 0 0 0 0 -180 0 0
0 -180 0 0 0 -180 0 -180 0.812343 -118.432 0 -180 0 -180 0 0 0 -180
0 0 0 0 0 -180 0 -180 7.12892e-13 99.9984 0 -180 0 -180 0 0 0 0
0 -180 0 -0 0 0 0 -0 1.08401e-12 -148.978 0 -0 0 0 0 -0 0 -180
0 0 0 -180 0 -180 0 0 9.66636e-13 47.2623 0 0 0 -180 0 -180 0 0
0 -180 0 -180 0 0 0 0 9.42501e-12 144.333 0 -180 0 0 0 -180 0 -180
0 0 0 0 0 0 0 -180 0.196919 178.276 0 -180 0 0 0 0 0 0
0 -180 0 -180 0 -180 0 0 0.812343 -118.432 0 0 0 -180 0 -180 0 -180
inside=1 lambda=0.647 phi=0 theta=15
0 0 0 -180 0 0 0 0 0.196919 178.276 0 0 0 0 0 -180 0 0
0 -180 0 0 0 -180 0 -180 0.812343 -118.432 0 -180 0 -180 0 0 0 -180
0 0 0 0 0 -180 0 -180 7.12892e-13 99.9984 0 -180 0 -180 0 0 0 0
0 -180 0 -0 0 0 0 -0 1.08401e-12 -148.978 0 -0 0 0 0 -0 0 -180
0 0 0 -180 0 -180 0 0 9.66636e-13 47.2623 0 0 0 -180 0 -180 0 0
0 -180 0 -180 0 0 0 0 9.42501e-12 144.333 0 -180 0 0 0 -180 0 -180
0 0 0 0 0 0 0 -180 0.196919 178.276 0 -180 0 0 0 0 0 0
0 -180 0 -180 0 -180 0 0 0.812343 -118.432 0 0 0 -180 0 -180 0 -180
inside=1 lambda=0.647 phi=0 theta=30
0 0 0 -180 0 0 0 0 0.196919 178.276 0 0 0 0 0 -180 0 0
0 -180 0 0 0 -180 0 -180 0.812343 -118.432 0 -180 0 -180 0 0 0 -180
0 0 0 0 0 -180 0 -180 7.12892e-13 99.9984 0 -180 0 -180 0 0 0 0
0 -180 0 -0 0 0 0 -0 1.08401e-12 -148.978 0 -0 0 0 0 -0 0 -180
0 0 0 -180 0 -180 0 0 9.66636e-13 47.2623 0 0 0 -180 0 -180 0 0
0 -180 0 -180 0 0 0 0 9.42501e-12 144.333 0 -180 0 0 0 -180 0 -180
0 0 0 0 0 0 0 -180 0.196919 178.276 0 -180 0 0 0 0 0 0
0 -180 0 -180 0 -180 0 0 0.812343 -118.432 0 0 0 -180 0 -180 0 -180
inside=1 lambda=0.647 phi=0 theta=45
0 0 0 -180 0 0 0 0 0.196919 178.276 0 0 0 0 0 -180 0 0
0 -180 0 0 0 -180 0 -180 0.812343 -118.432 0 -180 0 -180 0 0 0 -180
0 0 0 0 0 -180 0 -180 7.12892e-13 99.9984 0 -180 0 -180 0 0 0 0
0 -180 0 -0 0 0 0 -0 1.08401e-12 -148.978 0 -0 0 0 0 -0 0 -180
0 0 0 -180 0 -180 0 0 9.66636e-13 47.2623 0 0 0 -180 0 -180 0 0
0 -180 0 -180 0 0 0 0 9.42501e-12 144.333 0 -180 0 0 0 -180 0 -180
0 0 0 0 0 0 0 -180 0.196919 178.276 0 -180 0 0 0 0 0 0
0 -180 0 -180 0 -180 0 0 0.812343 -118.432 0 0 0 -180 0 -180 0 -180
inside=1 lambda=0.647 phi=5 theta=0
0 0 0 -180 0 0 0 0 0.195706 178.228 0 0 0 0 0 -180 0 0
0 -180 0 0 0 -180 0 -180 0.813365 -119.471 0 -180 0 -180 0 0 0 -180
0 0 0 -180 0 -180 0 180 1.02232e-13 24.2534 0 -180 0 -180 0 0 0 0
0 -180 0 -0 0 0 0 0 7.49085e-14 -127.159 0 180 0 0 0 180 0 -180
0 0 0 -180 0 -180 0 0 1.71533e-13 -129.814 0 180 0 -180 0 0 0 0
0 -180 0 0 0 0 0 180 1.84293e-13 -32.9071 0 180 0 0 0 -180 0 -180
0 0 0 0 0 0 0 -180 0.197721 178.235 0 -180 0 0 0 0 0 0
0 -180 0 -180 0 -180 0 0 0.81139 -119.475 0 0 0 -180 0 -180 0 -180
inside=1 lambda=0.647 phi=5 theta=15
0 0 0 -180 0 0 0 0 0.195841 178.228 0 0 0 0 0 -180 0 0
0 -180 0 0 0 -180 0 -180 0.813233 -119.471 0 -180 0 -180 0 0 0 -180
0 0 0 -180 0 -180 0 -180 0.000505304 -1.18317 0 0 0 -180 0 0 0 0
0 -180 0 -0 0 0 0 0 0.000494769 -116.496 0 -180 0 0 0 180 0 -180
0 0 0 -180 0 -180 0 -0 0.000505293 -1.18234 0 0 0 -180 0 0 0 0
0 -180 0 0 0 0 0 -0 0.000494759 -116.504 0 180 0 0 0 -180 0 -180
0 0 0 0 0 0 0 -180 0.197586 178.235 0 -180 0 0 0 0 0 0
0 -180 0 -180 0 -180 0 0 0.811522 -119.474 0 0 0 -180 0 -180 0 -180
inside=1 lambda=0.647 phi=5 theta=30
0 0 0 -180 0 0 0 0 0.196209 178.23 0 0 0 0 0 -180 0 0
0 -180 0 0 0 -180 0 -180 0.812871 -119.472 0 -180 0 -180 0 0 0 -180
0 0 0 -0 0 -180 0 -180 0.000875208 -1.18299 0 0 0 -180 0 0 0 0
0 -180 0 -0 0 0 0 0 0.000856961 -116.498 0 -180 0 0 0 180 0 -180
0 0 0 -180 0 -180 0 -0 0.000875197 -1.18251 0 0 0 -180 0 0 0 0
0 -180 0 0 0 0 0 -0 0.000856951 -116.502 0 180 0 0 0 -180 0 -180
0 0 0 0 0 0 0 -180 0.197217 178.233 0 -180 0 0 0 0 0 0
0 -180 0 -180 0 -180 0 0 0.811884 -119.474 0 0 0 -180 0 -180 0 -180
inside=1 lambda=0.647 phi=5 theta=45
0 0 0 -180 0 0 0 0 0.196713 178.232 0 0 0 0 0 -180 0 0
0 -180 0 0 0 -180 0 -180 0.812377 -119.473 0 -180 0 -180 0 0 0 -180
0 0 0 -0 0 -180 0 -180 0.0010106 -1.18275 0 0 0 -180 0 0 0 0
0 -180 0 -0 0 0 0 0 0.000989527 -116.5 0 -180 0 0 0 180 0 -180
0 0 0 -180 0 -180 0 -0 0.0010106 -1.18275 0 0 0 -180 0 0 0 0
0 -180 0 0 0 0 0 -0 0.000989527 -116.5 0 180 0 0 0 -180 0 -180
0 0 0 0 0 0 0 -180 0.196713 178.232 0 -180 0 0 0 0 0 0
0 -180 0 -180 0 -180 0 0 0.812377 -119.473 0 0 0 -180 0 -180 0 -180
inside=1 lambda=0.647 phi=10 theta=0
0 0 0 -180 0 0 0 0 0.192011 178.094 0 0 0 0 0 -180 0 0
0 -180 0 0 0 -180 0 -180 0.81647 -122.568 0 -180 0 -180 0 0 0 -180
0 0 0 -180 0 -180 0 -0 1.78411e-14 11.8244 0 -0 0 -180 0 0 0 0
0 -180 0 -0 0 0 0 0 1.00082e-13 148.772 0 -0 0 0 0 180 0 -180
0 0 0 -180 0 -180 0 -0 1.19567e-13 -45.7952 0 -0 0 -180 0 0 0 0
0 -180 0 0 0 0 0 -180 1.85339e-13 53.3038 0 0 0 0 0 -180 0 -180
0 0 0 0 0 0 0 -180 0.200121 178.127 0 -180 0 0 0 0 0 0
0 -180 0 -180 0 -180 0 0 0.808503 -122.581 0 0 0 -180 0 -180 0 -180
inside=1 lambda=0.647 phi=10 theta=15
0 0 0 -180 0 0 0 0 0.192555 178.096 0 0 0 0 0 -180 0 0
0 -180 0 0 0 -180 0 -180 0.815937 -122.569 0 -180 0 -180 0 0 0 -180
0 0 0 -0 0 -180 0 -180 0.00203477 -1.24377 0 0 0 -180 0 0 0 0
0 -180 0 -0 0 0 0 0 0.00199555 -119.644 0 -180 0 0 0 180 0 -180
0 0 0 -180 0 -180 0 -0 0.00203458 -1.23988 0 0 0 -180 0 0 0 0
0 -180 0 0 0 0 0 -0 0.00199539 -119.676 0 180 0 0 0 -180 0 -180
0 0 0 0 0 0 0 -180 0.199578 178.125 0 -180 0 0 0 0 0 0
0 -180 0 -180 0 -180 0 0 0.809037 -122.58 0 0 0 -180 0 -180 0 -180
inside=1 lambda=0.647 phi=10 theta=30
0 0 0 -180 0 0 0 0 0.194039 178.102 0 0 0 0 0 -180 0 0
0 -180 0 0 0 -180 0 -180 0.814479 -122.571 0 -180 0 -180 0 0 0 -180
0 0 0 -0 0 -180 0 -180 0.00352425 -1.24292 0 0 0 -180 0 0 0 0
0 -180 0 -0 0 0 0 0 0.00345634 -119.651 0 -180 0 0 0 180 0 -180
0 0 0 -180 0 -180 0 -0 0.00352406 -1.24068 0 0 0 -180 0 0 0 0
0 -180 0 0 0 0 0 -0 0.00345617 -119.669 0 180 0 0 0 -180 0 -180
0 0 0 0 0 0 0 -180 0.198094 178.119 0 -180 0 0 0 0 0 0
0 -180 0 -180 0 -180 0 0 0.810495 -122.578 0 0 0 -180 0 -180 0 -180
inside=1 lambda=0.647 phi=10 theta=45
0 0 0 -180 0 0 0 0 0.196067 178.111 0 0 0 0 0 -180 0 0
0 -180 0 0 0 -180 0 -180 0.812487 -122.575 0 -180 0 -180 0 0 0 -180
0 0 0 -0 0 -180 0 -180 0.00406934 -1.24178 0 0 0 -180 0 0 0 0
0 -180 0 -0 0 0 0 0 0.00399094 -119.66 0 -180 0 0 0 180 0 -180
0 0 0 -180 0 -180 0 -0 0.00406934 -1.24178 0 0 0 -180 0 0 0 0
0 -180 0 0 0 0 0 -0 0.00399094 -119.66 0 180 0 0 0 -180 0 -180
0 0 0 0 0 0 0 -180 0.196067 178.111 0 -180 0 0 0 0 0 0
0 -180 0 -180 0 -180 0 0 0.812487 -122.575 0 0 0 -180 0 -180 0 -180
inside=1 lambda=0.647 phi=15 theta=0
0 0 0 -180 0 0 0 0 0.18569 177.911 0 0 0 0 0 -180 0 0
0 -180 0 0 0 -180 0 -180 0.821775 -127.662 0 -180 0 -180 0 0 0 -180
0 0 0 -180 0 -180 0 180 2.6034e-14 -73.7663 0 -0 0 -180 0 0 0 0
0 -180 0 -0 0 0 0 -0 1.28236e-13 -33.5574 0 0 0 0 0 180 0 -180
0 0 0 -180 0 -180 0 -0 1.05105e-13 -69.0216 0 -0 0 -180 0 0 0 0
0 -180 0 0 0 0 0 -180 1.56817e-13 -6.88224 0 -0 0 0 0 -180 0 -180
0 0 0 0 0 0 0 -180 0.20413 177.998 0 -180 0 0 0 0 0 0
0 -180 0 -180 0 -180 0 -0 0.803601 -127.69 0 0 0 -180 0 -180 0 -180
inside=1 lambda=0.647 phi=15 theta=15
0 0 0 -180 0 0 0 0 0.186926 177.917 0 0 0 0 0 -180 0 0
0 -180 0 0 0 -180 0 -180 0.820557 -127.664 0 -180 0 -180 0 0 0 -180
0 0 0 -0 0 -180 0 -180 0.00462934 -1.31067 0 0 0 -180 0 0 0 0
0 -180 0 -0 0 0 0 0 0.00455262 -124.807 0 -180 0 0 0 180 0 -180
0 0 0 -180 0 -180 0 -0 0.00462824 -1.29958 0 0 0 -180 0 0 0 0
0 -180 0 0 0 0 0 -0 0.00455172 -124.877 0 180 0 0 0 -180 0 -180
0 0 0 0 0 0 0 -180 0.202896 177.993 0 -180 0 0 0 0 0 0
0 -180 0 -180 0 -180 0 0 0.804818 -127.688 0 0 0 -180 0 -180 0 -180
inside=1 lambda=0.647 phi=15 theta=30
0 0 0 -180 0 0 0 0 0.190302 177.934 0 0 0 0 0 -180 0 0
0 -180 0 0 0 -180 0 -180 0.817231 -127.669 0 -180 0 -180 0 0 0 -180
0 0 0 -0 0 -180 0 -180 0.00801777 -1.30811 0 0 0 -180 0 0 0 0
0 -180 0 -0 0 0 0 0 0.00788502 -124.823 0 -180 0 0 0 180 0 -180
0 0 0 -180 0 -180 0 -0 0.00801669 -1.30173 0 0 0 -180 0 0 0 0
0 -180 0 0 0 0 0 -0 0.00788412 -124.864 0 180 0 0 0 -180 0 -180
0 0 0 0 0 0 0 -180 0.199522 177.977 0 -180 0 0 0 0 0 0
0 -180 0 -180 0 -180 0 0 0.808143 -127.683 0 0 0 -180 0 -180 0 -180
inside=1 lambda=0.647 phi=15 theta=45
0 0 0 -180 0 0 0 0 0.194913 177.956 0 0 0 0 0 -180 0 0
0 -180 0 0 0 -180 0 -180 0.812687 -127.676 0 -180 0 -180 0 0 0 -180
0 0 0 -0 0 -180 0 -180 0.00925746 -1.30482 0 0 0 -180 0 0 0 0
0 -180 0 -0 0 0 0 0 0.00910431 -124.844 0 -180 0 0 0 180 0 -180
0 0 0 -180 0 -180 0 -0 0.00925746 -1.30482 0 0 0 -180 0 0 0 0
0 -180 0 0 0 0 0 -0 0.00910431 -124.844 0 180 0 0 0 -180 0 -180
0 0 0 0 0 0 0 -180 0.194913 177.956 0 -180 0 0 0 0 0 0
0 -180 0 -180 0 -180 0 0 0.812687 -127.676 0 0 0 -180 0 -180 0 -180
inside=1 lambda=0.647 phi=20 theta=0
0 -0 0 -180 0 0 0 0 0.176554 177.742 0 0 0 -0 0 -180 0 0
0 -180 0 0 0 180 0 -180 0.82947 -134.649 0 180 0 -180 0 0 0 180
0 0 0 -180 0 -180 0 -0 1.22967e-14 53.8636 0 180 0 -180 0 0 0 0
0 -180 0 -0 0 0 0 180 9.91479e-15 -90.5517 0 180 0 0 0 180 0 -180
0 0 0 -180 0 -180 0 180 3.42598e-15 12.1357 0 180 0 -180 0 0 0 0
0 -180 0 0 0 0 0 0 1.76846e-14 -25.8422 0 180 0 0 0 -180 0 -180
0 0 0 0 0 0 0 -180 0.209828 177.93 0 -180 0 0 0 0 0 0
0 -180 0 -180 0 -180 0 -0 0.796527 -134.697 0 0 0 -180 0 -180 0 -180
inside=1 lambda=0.647 phi=20 theta=15
0 -0 0 -180 0 0 0 0 0.178785 177.756 0 0 0 -0 0 -180 0 0
0 -180 0 0 0 180 0 -180 0.827263 -134.653 0 180 0 -180 0 0 0 180
0 0 0 -0 0 -180 0 -180 0.00836015 -1.33441 0 0 0 -180 0 0 0 0
0 -180 0 -0 0 0 0 -0 0.00825326 -131.857 0 180 0 0 0 180 0 -180
0 0 0 -180 0 -180 0 -0 0.00835608 -1.30788 0 0 0 -180 0 0 0 0
0 -180 0 0 0 0 0 -0 0.00825017 -131.983 0 180 0 0 0 -180 0 -180
0 0 0 0 0 0 0 -180 0.207602 177.919 0 -180 0 0 0 0 0 0
0 -180 0 -180 0 -180 0 -0 0.798733 -134.694 0 0 0 -180 0 -180 0 -180
inside=1 lambda=0.647 phi=20 theta=30
0 0 0 -180 0 0 0 0 0.18488 177.794 0 0 0 -0 0 -180 0 0
0 -180 0 -0 0 180 0 -180 0.821232 -134.662 0 180 0 -180 0 0 0 -180
0 0 0 -0 0 -180 0 -180 0.0144782 -1.32782 0 0 0 -180 0 0 0 0
0 -180 0 -0 0 0 0 -0 0.0142938 -131.889 0 180 0 0 0 180 0 -180
0 0 0 -180 0 -180 0 -0 0.0144743 -1.31264 0 0 0 -180 0 0 0 0
0 -180 0 0 0 0 0 -0 0.0142908 -131.961 0 180 0 0 0 -180 0 -180
0 0 0 0 0 0 0 -180 0.201519 177.887 0 -180 0 0 0 0 0 0
0 -180 0 -180 0 -180 0 -0 0.80476 -134.686 0 0 0 -180 0 180 0 -180
inside=1 lambda=0.647 phi=20 theta=45
0 0 0 -180 0 0 0 0 0.193202 177.842 0 0 0 0 0 -180 0 0
0 -180 0 -0 0 -180 0 -180 0.812995 -134.674 0 180 0 -180 0 0 0 -180
0 0 0 -0 0 -180 0 -180 0.0167155 -1.31977 0 0 0 -180 0 0 0 0
0 -180 0 -0 0 0 0 0 0.0165032 -131.927 0 180 0 0 0 180 0 -180
0 0 0 -180 0 -180 0 -0 0.0167155 -1.31977 0 0 0 -180 0 0 0 0
0 -180 0 0 0 0 0 -0 0.0165032 -131.927 0 180 0 0 0 180 0 -180
0 0 0 0 0 0 0 -180 0.193202 177.842 0 -180 0 0 0 0 0 0
0 -180 0 -180 0 -180 0 -0 0.812995 -134.674 0 0 0 -180 0 180 0 -180
inside=1 lambda=0.647 phi=25 theta=0
0 -0 0 -180 0 0 0 0 0.164426 177.677 0 0 0 -0 0 -180 0 0
0 -180 0 -0 0 180 0 -180 0.839828 -143.385 0 180 0 -180 0 -0 0 180
0 0 0 -180 0 -180 0 -0 1.18119e-14 97.4802 0 -0 0 -180 0 0 0 0
0 -180 0 -0 0 -0 0 -0 9.26846e-14 -52.9361 0 180 0 0 0 180 0 180
0 0 0 -180 0 -180 0 -0 7.60834e-14 109.527 0 -0 0 -180 0 0 0 0
0 -180 0 -0 0 0 0 -0 8.97714e-14 -59.5526 0 0 0 0 0 180 0 -180
0 0 0 0 0 0 0 -180 0.21748 178.028 0 -180 0 0 0 0 0 0
0 -180 0 180 0 -180 0 -0 0.78703 -143.456 0 0 0 -180 0 180 0 -180
inside=1 lambda=0.647 phi=25 theta=15
0 -0 0 -180 0 0 0 0 0.167986 177.706 0 0 0 -0 0 -180 0 0
0 -180 0 -0 0 180 0 -180 0.83629 -143.391 0 180 0 -180 0 0 0 180
0 0 0 -0 0 -180 0 -180 0.0133393 -1.25575 0 0 0 -180 0 0 0 0
0 -180 0 -0 0 -0 0 -0 0.0132296 -140.62 0 180 0 0 0 180 0 180
0 0 0 -180 0 -180 0 -0 0.0133281 -1.19843 0 0 0 -180 0 0 0 0
0 -180 0 -0 0 0 0 -0 0.0132215 -140.819 0 180 0 0 0 180 0 -180
0 0 0 0 0 0 0 -180 0.213936 178.008 0 -180 0 0 0 0 0 0
0 -180 0 180 0 -180 0 -0 0.790564 -143.452 0 0 0 180 0 180 0 -180
inside=1 lambda=0.647 phi=25 theta=30
0 -0 0 -180 0 0 0 0 0.177709 177.779 0 0 0 -0 0 -180 0 0
0 -180 0 -0 0 180 0 -180 0.826623 -143.404 0 180 0 -180 0 0 0 180
0 0 0 -0 0 -180 0 -180 0.0230983 -1.24011 0 0 0 -180 0 0 0 0
0 -180 0 -0 0 -0 0 -0 0.0229109 -140.675 0 180 0 0 0 180 0 180
0 0 0 -180 0 -180 0 -0 0.0230876 -1.20784 0 0 0 -180 0 0 0 0
0 -180 0 -0 0 0 0 -0 0.022903 -140.788 0 180 0 -0 0 180 0 -180
0 0 0 0 0 0 0 -180 0.204243 177.952 0 -180 0 0 0 0 0 0
0 -180 0 -180 0 -180 0 -0 0.800223 -143.44 0 0 0 180 0 180 0 180
inside=1 lambda=0.647 phi=25 theta=45
0 0 0 -180 0 0 0 0 0.190983 177.87 0 0 0 -0 0 -180 0 0
0 -180 0 -0 0 180 0 -180 0.813421 -143.423 0 180 0 -180 0 0 0 180
0 0 0 -0 0 -180 0 -180 0.0266645 -1.22247 0 0 0 -180 0 0 0 0
0 -180 0 -0 0 -0 0 -0 0.0264504 -140.737 0 180 0 0 0 180 0 180
0 0 0 -180 0 -180 0 -0 0.0266645 -1.22247 0 0 0 -180 0 0 0 0
0 -180 0 -0 0 0 0 -0 0.0264504 -140.737 0 180 0 -0 0 180 0 180
0 0 0 0 0 -0 0 -180 0.190983 177.87 0 -180 0 0 0 0 0 0
0 -180 0 -180 0 -180 0 -0 0.813421 -143.423 0 0 0 180 0 180 0 180
inside=1 lambda=0.647 phi=30 theta=0
0 -0 0 -180 0 0 0 0 0.149175 177.818 0 0 0 -0 0 -180 0 0
0 -180 0 -0 0 180 0 180 0.853225 -153.679 0 180 0 -180 0 -0 0 180
0 0 0 -180 0 -180 0 -0 4.36341e-14 -5.90958 0 -0 0 -180 0 0 0 0
0 -180 0 -0 0 -0 0 0 6.85201e-14 159.309 0 0 0 0 0 180 0 180
0 0 0 -180 0 -180 0 180 1.13554e-13 -114.843 0 -0 0 -180 0 0 0 0
0 180 0 -0 0 0 0 0 3.99196e-14 82.1473 0 -180 0 -0 0 180 0 -180
0 0 0 0 0 0 0 -180 0.227682 178.399 0 -180 0 0 0 0 0 0
0 180 0 180 0 -180 0 -0 0.774721 -153.778 0 -0 0 180 0 180 0 -180
inside=1 lambda=0.647 phi=30 theta=15
0 -0 0 -180 0 0 0 0 0.154446 177.87 0 0 0 -0 0 -180 0 0
0 -180 0 -0 0 180 0 180 0.847962 -153.686 0 180 0 -180 0 -0 0 180
0 0 0 -0 0 -180 0 -180 0.0197454 -1.02781 0 0 0 -180 0 0 0 0
0 -180 0 -0 0 -0 0 -0 0.019674 -150.878 0 180 0 0 0 180 0 180
0 0 0 -180 0 -180 0 -0 0.0197212 -0.913868 0 0 0 -180 0 0 0 0
0 -180 0 -0 0 0 0 -0 0.0196563 -151.167 0 180 0 -0 0 180 0 180
0 0 0 0 0 0 0 -180 0.222448 178.366 0 -180 0 0 0 0 0 0
0 -180 0 180 0 -180 0 -0 0.779974 -153.774 0 -0 0 180 0 180 0 180
inside=1 lambda=0.647 phi=30 theta=30
0 -0 0 -180 0 0 0 0 0.168842 177.997 0 0 0 -0 0 -180 0 0
0 -180 0 -0 0 180 0 180 0.833587 -153.707 0 180 0 -180 0 -0 0 180
0 0 0 -0 0 -180 0 -180 0.0341848 -0.993052 0 0 0 -180 0 0 0 0
0 -180 0 -0 0 -0 0 -0 0.0340681 -150.967 0 180 0 0 0 180 0 180
0 0 0 -180 0 -180 0 -0 0.0341631 -0.931049 0 0 0 -180 0 0 0 0
0 -180 0 -0 0 0 0 -0 0.0340515 -151.13 0 180 0 -0 0 180 0 180
0 0 0 0 0 -0 0 -180 0.208118 178.276 0 -180 0 0 0 0 0 0
0 -180 0 180 0 -180 0 -0 0.794331 -153.759 0 -0 0 180 0 180 0 180
inside=1 lambda=0.647 phi=30 theta=45
0 -0 0 -180 0 0 0 0 0.188495 178.145 0 0 0 -0 0 -180 0 0
0 -180 0 -0 0 180 0 180 0.813955 -153.734 0 180 0 -180 0 -0 0 180
0 0 0 -0 0 -180 0 -180 0.0394581 -0.958013 0 0 0 -180 0 0 0 0
0 -180 0 -0 0 -0 0 -0 0.0393282 -151.061 0 180 0 0 0 180 0 180
0 0 0 -180 0 -180 0 -0 0.0394581 -0.958013 0 0 0 -180 0 0 0 0
0 -180 0 -0 0 0 0 -0 0.0393282 -151.061 0 180 0 -0 0 180 0 180
0 -0 0 0 0 -0 0 -180 0.188495 178.145 0 -180 0 0 0 0 0 0
0 -180 0 180 0 -180 0 -0 0.813955 -153.734 0 -0 0 180 0 180 0 180
inside=1 lambda=0.647 phi=35 theta=0
0 -0 0 -180 0 0 0 0 0.130641 178.242 0 0 0 -0 0 -180 0 0
0 -180 0 -0 0 180 0 180 0.87019 -165.291 0 180 0 -180 0 -0 0 180
0 -0 0 -180 0 -180 0 -0 1.18704e-13 104.22 0 -0 0 180 0 0 0 0
0 -180 0 -0 0 -0 0 180 4.4883e-14 -73.2139 0 180 0 0 0 180 0 180
0 0 0 -180 0 -180 0 0 5.88075e-14 -16.4296 0 -0 0 -180 0 0 0 0
0 180 0 -0 0 -0 0 0 1.23077e-13 124.969 0 0 0 -0 0 180 0 180
0 0 0 0 0 0 0 -180 0.241483 179.098 0 -180 0 0 0 0 0 0
0 180 0 180 0 180 0 -0 0.759025 -165.428 0 -0 0 180 0 180 0 180
inside=1 lambda=0.647 phi=35 theta=15
0 -0 0 -180 0 0 0 0 0.138084 178.326 0 0 0 -0 0 -180 0 0
0 -180 0 -0 0 180 0 180 0.862736 -165.302 0 180 0 -180 0 -0 0 180
0 0 0 -0 0 -180 0 -180 0.0278641 -0.651376 0 0 0 180 0 0 0 0
0 -180 0 -0 0 -0 0 -0 0.0278631 -162.375 0 180 0 0 0 180 0 180
0 0 0 -180 0 -180 0 -0 0.0278243 -0.441208 0 0 0 -180 0 0 0 0
0 180 0 -0 0 0 0 -0 0.0278302 -162.781 0 180 0 -0 0 180 0 180
0 0 0 0 0 0 0 -180 0.234114 179.043 0 -180 0 0 0 0 0 0
0 180 0 180 0 -180 0 -0 0.766458 -165.425 0 -0 0 180 0 180 0 180
inside=1 lambda=0.647 phi=35 theta=30
0 -0 0 -180 0 0 0 0 0.158418 178.521 0 0 0 -0 0 -180 0 0
0 -180 0 -0 0 180 0 180 0.842377 -165.332 0 180 0 -180 0 -0 0 180
0 0 0 -0 0 -180 0 -180 0.048232 -0.578044 0 0 0 180 0 0 0 0
0 -180 0 -0 0 -0 0 -0 0.0482428 -162.522 0 180 0 0 0 180 0 180
0 0 0 -180 0 -180 0 -0 0.0482001 -0.471086 0 0 0 -180 0 0 0 0
0 180 0 -0 0 0 0 -0 0.048214 -162.745 0 180 0 -0 0 180 0 180
0 0 0 0 0 -0 0 -180 0.213895 178.91 0 -180 0 0 0 0 0 0
0 -180 0 180 0 -180 0 -0 0.786785 -165.407 0 -0 0 180 0 180 0 180
inside=1 lambda=0.647 phi=35 theta=45
0 -0 0 -180 0 0 0 0 0.186179 178.731 0 0 0 -0 0 -180 0 0
0 -180 0 -0 0 180 0 180 0.814575 -165.372 0 180 0 -180 0 -0 0 180
0 0 0 -0 0 -180 0 -180 0.0556698 -0.515595 0 0 0 180 0 0 0 0
0 180 0 -0 0 -0 0 -0 0.0556878 -162.657 0 180 0 0 0 180 0 180
0 0 0 -180 0 180 0 -0 0.0556698 -0.515595 0 0 0 -180 0 0 0 0
0 180 0 -0 0 0 0 -0 0.0556878 -162.657 0 180 0 -0 0 180 0 180
0 -0 0 0 0 -0 0 -180 0.186179 178.731 0 -180 0 0 0 0 0 0
0 -180 0 180 0 -180 0 -0 0.814575 -165.372 0 -0 0 180 0 180 0 180
inside=1 lambda=0.647 phi=40 theta=0
0 -0 0 -180 0 0 0 0 0.108421 178.954 0 0 0 -0 0 -180 0 0
0 -180 0 -0 0 180 0 180 0.891492 -177.933 0 180 0 -180 0 -0 0 180
0 -0 0 -180 0 -180 0 180 1.7102e-13 48.3896 0 0 0 180 0 0 0 0
0 -180 0 -0 0 -0 0 180 1.67199e-13 -92.9544 0 180 0 0 0 180 0 180
0 0 0 -180 0 -180 0 0 2.20192e-13 -171.885 0 -180 0 -180 0 0 0 0
0 180 0 -0 0 -0 0 -0 1.69561e-13 159.846 0 -180 0 -0 0 180 0 180
0 0 0 0 0 0 0 -180 0.26041 -179.881 0 -180 0 0 0 0 0 0
0 180 0 180 0 180 0 -0 0.739131 -178.106 0 -0 0 180 0 180 0 180
inside=1 lambda=0.647 phi=40 theta=15
0 -0 0 -180 0 0 0 0 0.118625 179.086 0 0 0 -0 0 -180 0 0
0 -180 0 -0 0 180 0 180 0.881276 -177.951 0 180 0 -180 0 -0 0 180
0 -0 0 -0 0 -180 0 -180 0.0381269 -0.214227 0 0 0 180 0 0 0 0
0 180 0 -0 0 -0 0 -0 0.0381869 -174.82 0 180 0 0 0 180 0 180
0 0 0 -180 0 -180 0 -0 0.0380888 0.157918 0 0 0 -180 0 0 0 0
0 180 0 -0 0 -0 0 -180 0.0381358 -175.387 0 180 0 -0 0 180 0 180
0 0 0 0 0 -0 0 -180 0.250327 179.987 0 -180 0 0 0 0 0 0
0 180 0 180 0 -180 0 -0 0.749313 -178.117 0 -0 0 180 0 180 0 180
inside=1 lambda=0.647 phi=40 theta=30
0 -0 0 -180 0 0 0 0 0.146499 179.341 0 0 0 -0 0 -180 0 0
0 -180 0 -0 0 180 0 180 0.853375 -177.995 0 180 0 -180 0 -0 0 180
0 0 0 -0 0 -180 0 -180 0.0659981 -0.0590993 0 0 0 180 0 0 0 0
0 180 0 -0 0 -0 0 -0 0.0661087 -175.073 0 180 0 0 0 180 0 180
0 0 0 -180 0 180 0 -0 0.0659755 0.104992 0 0 0 -180 0 0 0 0
0 180 0 -0 0 0 0 -0 0.0660685 -175.37 0 180 0 -0 0 180 0 180
0 0 0 0 0 -0 0 -180 0.222585 179.79 0 -180 0 0 0 0 0 0
0 -180 0 180 0 -180 0 -0 0.777177 -178.102 0 -0 0 180 0 180 0 180
inside=1 lambda=0.647 phi=40 theta=45
0 -0 0 -180 0 0 0 0 0.184564 179.583 0 0 0 -0 0 -180 0 0
0 -180 0 -0 0 180 0 180 0.81527 -178.053 0 180 0 -180 0 -0 0 180
0 0 0 -0 0 -180 0 -180 0.0761881 0.0396536 0 0 0 180 0 0 0 0
0 180 0 -0 0 -0 0 -0 0.076309 -175.264 0 180 0 0 0 180 0 180
0 0 0 -180 0 180 0 -0 0.0761881 0.0396536 0 0 0 -180 0 0 0 0
0 180 0 -0 0 0 0 -0 0.076309 -175.264 0 180 0 -0 0 180 0 180
0 -0 0 0 0 -0 0 -180 0.184564 179.583 0 -180 0 0 0 0 0 0
0 -180 0 180 0 -180 0 -0 0.81527 -178.053 0 -0 0 180 0 180 0 180
inside=1 lambda=0.647 phi=45 theta=0
0 -0 0 -180 0 0 0 180 0.0821358 -179.633 0 0 0 -0 0 -180 0 0
0 -180 0 -0 0 180 0.00661088 -125.213 0.917988 168.674 0 180 0 -180 0 -0 0 180
0 -0 0 -0 0 -180 0 180 1.5581e-13 -154.054 0 -0 0 180 0 180 0 0
0 180 0 -180 0 -0 1.4441e-12 140.339 2.1167e-13 93.538 0 -0 0 -0 0 0 0 180
0 0 0 -180 0 -180 0 -180 4.57233e-14 43.13 0 0 0 -180 0 0 0 0
0 180 0 -0 0 -0 3.86532e-13 -39.2614 1.78644e-13 66.3376 0 -0 0 -0 0 180 0 180
0 0 0 0 0 0 0 0 0.280782 179.591 0 -180 0 0 0 0 0 0
0 180 0 180 0 180 0.20888 49.5272 0.711742 168.117 0 -0 0 180 0 180 0 180
inside=1 lambda=0.647 phi=45 theta=15
0 -0 0 -180 0 0 0 -0 0.0952097 -179.991 0 0 0 -0 0 -180 0 0
0 -180 0 -0 0 180 0 180 0.904561 168.708 0 180 0 -180 0 -0 0 180
0 -0 0 -0 0 -180 0 -180 0.0510597 -0.0319891 0 0 0 180 0 0 0 0
0 180 0 -180 0 -0 0 -0 0.051176 172.279 0 180 0 0 0 180 0 180
0 0 0 -180 0 -180 0 -0 0.0511692 0.79141 0 0 0 -180 0 0 0 0
0 180 0 -0 0 -0 0 -180 0.0511206 171.4 0 180 0 -0 0 180 0 180
0 0 0 0 0 -0 0 -180 0.272952 -178.824 0 -180 0 0 0 0 0 0
0 180 0 180 0 -180 0 -180 0.72757 168.54 0 -0 0 180 0 180 0 180
inside=1 lambda=0.647 phi=45 theta=30
0 -0 0 -180 0 0 0 0 0.132768 -179.671 0 0 0 -0 0 -180 0 0
0 -180 0 -0 0 180 0 180 0.867164 168.635 0 180 0 -180 0 -0 0 180
0 0 0 -0 0 -180 0 -180 0.088533 0.432701 0 0 0 180 0 0 0 0
0 180 0 -180 0 -0 0 -0 0.0885795 171.666 0 180 0 0 0 180 0 180
0 0 0 -180 0 180 0 -0 0.0885789 0.654626 0 0 0 -180 0 0 0 0
0 180 0 -0 0 -0 0 -180 0.0885397 171.273 0 180 0 -0 0 180 0 180
0 -0 0 0 0 -0 0 -180 0.235182 -179.288 0 -180 0 0 0 0 0 0
0 180 0 180 0 -180 0 -0 0.765017 168.492 0 -0 0 180 0 180 0 180
inside=1 lambda=0.647 phi=45 theta=45
0 -0 0 -180 0 0 0 0 0.183967 -179.476 0 0 0 -0 0 -180 0 0
0 -180 0 -0 0 180 0 180 0.816091 168.555 0 180 0 -180 0 -0 0 180
0 0 0 -0 0 -180 0 -180 0.102255 0.569841 0 0 0 180 0 0 0 0
0 180 0 -180 0 -0 0 -0 0.102252 171.395 0 180 0 0 0 180 0 180
0 0 0 -180 0 180 0 -0 0.102255 0.569841 0 0 0 -180 0 0 0 0
0 180 0 -0 0 0 0 -180 0.102252 171.395 0 180 0 -0 0 180 0 180
0 -0 0 0 0 -0 0 -180 0.183967 -179.476 0 -180 0 0 0 0 0 0
0 -180 0 180 0 -180 0 -0 0.816091 168.555 0 -0 0 180 0 180 0 180
