RSoft_BSDF_File_Version 2
1 0 5 2 1 0.822857
0.3 0.3
-1 1
-1 1
1 0.647 0.647
10 0 45 0.5
4 0 45
Begin_Dispersion_Data
0.647 1.45662 0 1 0 0
End_Dispersion_Data
inside=0 lambda=0.647 phi=0 theta=0
0 0 0 -180 0 0 0 0 0.160217 -139.48 0 0 0 0 0 -180 0 0
0 -0 0 0 0 -0 0 -180 1.19131 -71.1644 0 -180 0 -0 0 0 0 -0
0 0 0 180 0 -180 0 0 1.09256e-12 -90.9377 0 -0 0 -180 0 -180 0 0
0 -0 0 180 0 180 0 -180 2.30308e-12 1.51889 0 -0 0 180 0 0 0 -0
0 0 0 -0 0 -180 0 -0 5.76733e-13 -61.1245 0 -180 0 -180 0 180 0 0
0 -0 0 180 0 180 0 -180 2.04206e-12 14.706 0 180 0 180 0 180 0 -0
0 0 0 0 0 0 0 -180 0.160217 -139.48 0 -180 0 0 0 0 0 0
0 -0 0 -180 0 -0 0 0 1.19131 -71.1644 0 0 0 -0 0 -180 0 -0
inside=0 lambda=0.647 phi=0 theta=15
0 0 0 -180 0 0 0 0 0.160217 -139.48 0 0 0 0 0 -180 0 0
0 -0 0 0 0 -0 0 -180 1.19131 -71.1644 0 -180 0 -0 0 0 0 -0
0 0 0 180 0 -180 0 0 1.09256e-12 -90.9377 0 -0 0 -180 0 -180 0 0
0 -0 0 180 0 180 0 -180 2.30308e-12 1.51889 0 -0 0 180 0 0 0 -0
0 0 0 -0 0 -180 0 -0 5.76733e-13 -61.1245 0 -180 0 -180 0 180 0 0
0 -0 0 180 0 180 0 -180 2.04206e-12 14.706 0 180 0 180 0 180 0 -0
0 0 0 0 0 0 0 -180 0.160217 -139.48 0 -180 0 0 0 0 0 0
0 -0 0 -180 0 -0 0 0 1.19131 -71.1644 0 0 0 -0 0 -180 0 -0
inside=0 lambda=0.647 phi=0 theta=30
0 0 0 -180 0 0 0 0 0.160217 -139.48 0 0 0 0 0 -180 0 0
0 -0 0 0 0 -0 0 -180 1.19131 -71.1644 0 -180 0 -0 0 0 0 -0
0 0 0 180 0 -180 0 0 1.09256e-12 -90.9377 0 -0 0 -180 0 -180 0 0
0 -0 0 180 0 180 0 -180 2.30308e-12 1.51889 0 -0 0 180 0 0 0 -0
0 0 0 -0 0 -180 0 -0 5.76733e-13 -61.1245 0 -180 0 -180 0 180 0 0
0 -0 0 180 0 180 0 -180 2.04206e-12 14.706 0 180 0 180 0 180 0 -0
0 0 0 0 0 0 0 -180 0.160217 -139.48 0 -180 0 0 0 0 0 0
0 -0 0 -180 0 -0 0 0 1.19131 -71.1644 0 0 0 -0 0 -180 0 -0
inside=0 lambda=0.647 phi=0 theta=45
0 0 0 -180 0 0 0 0 0.160217 -139.48 0 0 0 0 0 -180 0 0
0 -0 0 0 0 -0 0 -180 1.19131 -71.1644 0 -180 0 -0 0 0 0 -0
0 0 0 180 0 -180 0 0 1.09256e-12 -90.9377 0 -0 0 -180 0 -180 0 0
0 -0 0 180 0 180 0 -180 2.30308e-12 1.51889 0 -0 0 180 0 0 0 -0
0 0 0 -0 0 -180 0 -0 5.76733e-13 -61.1245 0 -180 0 -180 0 180 0 0
0 -0 0 180 0 180 0 -180 2.04206e-12 14.706 0 180 0 180 0 180 0 -0
0 0 0 0 0 0 0 -180 0.160217 -139.48 0 -180 0 0 0 0 0 0
0 -0 0 -180 0 -0 0 0 1.19131 -71.1644 0 0 0 -0 0 -180 0 -0
inside=0 lambda=0.647 phi=5 theta=0
0 -0 0 -180 0 0 0 0 0.157584 -144.98 0 0 0 -0 0 -180 0 0
0 -0 0 0 0 -180 0 -180 1.18926 -73.7459 0 -180 0 -0 0 0 0 -180
0 0 0 -0 0 -180 0 -180 6.17624e-14 -76.13 0 180 0 -180 0 180 0 0
0 -0 0 0 0 0 0 0 1.88497e-13 113.678 0 0 0 180 0 -180 0 -180
0 0 0 -180 0 -180 0 -0 3.81159e-14 131.153 0 -0 0 -180 0 0 0 0
0 -180 0 0 0 0 0 180 5.89733e-14 173.064 0 0 0 0 0 -180 0 -180
0 0 0 0 0 0 0 -180 0.161542 -145.037 0 -180 0 0 0 0 0 0
0 -0 0 -180 0 -0 0 0 1.19362 -73.7491 0 0 0 -0 0 -180 0 -0
inside=0 lambda=0.647 phi=5 theta=15
0 -0 0 -180 0 0 0 0 0.157849 -144.984 0 0 0 -0 0 -180 0 0
0 -0 0 0 0 -180 0 -180 1.18955 -73.7462 0 -180 0 -0 0 0 0 -180
0 0 0 -0 0 -180 0 -180 0.000960613 27.3807 0 0 0 -180 0 180 0 0
0 -0 0 0 0 0 0 0 0.00116214 87.2046 0 -180 0 180 0 -180 0 -180
0 0 0 -180 0 -180 0 -0 0.000960781 27.4167 0 180 0 -180 0 0 0 0
0 -180 0 0 0 180 0 0 0.00116091 87.3692 0 -180 0 0 0 -180 0 -180
0 0 0 0 0 0 0 -180 0.161277 -145.034 0 -180 0 0 0 0 0 0
0 -0 0 -180 0 -0 0 0 1.19333 -73.749 0 0 0 -180 0 -180 0 -180
inside=0 lambda=0.647 phi=5 theta=30
0 -0 0 -180 0 0 0 0 0.158573 -144.996 0 0 0 -0 0 -180 0 0
0 -0 0 0 0 -180 0 -180 1.19035 -73.7469 0 -180 0 -0 0 0 0 -180
0 0 0 -0 0 -180 0 -180 0.00166389 27.3882 0 0 0 -180 0 180 0 0
0 -0 0 0 0 0 0 0 0.00201243 87.2397 0 -180 0 180 0 -180 0 -180
0 0 0 -180 0 -180 0 -0 0.00166406 27.409 0 180 0 -180 0 0 0 0
0 -0 0 0 0 180 0 0 0.0020112 87.3348 0 -180 0 0 0 -180 0 -180
0 0 0 0 0 0 0 -180 0.160552 -145.024 0 -180 0 0 0 0 0 0
0 -0 0 -180 0 -0 0 0 1.19253 -73.7485 0 0 0 -180 0 -180 0 -180
inside=0 lambda=0.647 phi=5 theta=45
0 0 0 -180 0 0 0 0 0.159562 -145.01 0 0 0 0 0 -180 0 0
0 -0 0 0 0 -180 0 -180 1.19144 -73.7478 0 -180 0 -0 0 0 0 -180
0 0 0 -0 0 -180 0 -180 0.00192139 27.3986 0 0 0 -180 0 180 0 0
0 -0 0 0 0 0 0 0 0.00232304 87.2874 0 -180 0 180 0 -180 0 -180
0 0 0 -180 0 -180 0 -0 0.00192139 27.3986 0 180 0 -180 0 0 0 0
0 -0 0 0 0 180 0 0 0.00232304 87.2874 0 -180 0 0 0 -180 0 -180
0 0 0 0 0 0 0 -180 0.159562 -145.01 0 -180 0 0 0 0 0 0
0 -0 0 -180 0 -0 0 0 1.19144 -73.7478 0 0 0 -180 0 -180 0 -180
inside=0 lambda=0.647 phi=10 theta=0
0 -0 0 -180 0 0 0 0 0.150159 -161.606 0 0 0 -0 0 -180 0 0
0 -0 0 0 0 -180 0 -180 1.18268 -81.4726 0 -180 0 -0 0 0 0 -180
0 0 0 -180 0 -180 0 -180 2.2778e-14 -177.926 0 180 0 -180 0 0 0 0
0 -0 0 0 0 0 0 -180 9.10152e-14 -21.0829 0 -180 0 180 0 -180 0 -180
0 0 0 -180 0 -180 0 -0 3.91027e-13 -27.6098 0 0 0 -180 0 0 0 0
0 -180 0 0 0 0 0 180 3.39084e-13 2.45925 0 -0 0 0 0 -180 0 -180
0 0 0 0 0 0 0 -180 0.166294 -161.736 0 -180 0 0 0 0 0 0
0 -180 0 -180 0 -180 0 0 1.20071 -81.4834 0 0 0 -180 0 -180 0 -180
inside=0 lambda=0.647 phi=10 theta=15
0 -0 0 -180 0 0 0 0 0.151237 -161.621 0 0 0 -0 0 -180 0 0
0 -0 0 0 0 -180 0 -180 1.18388 -81.4745 0 -180 0 -0 0 0 0 -180
0 0 0 -180 0 -180 0 -180 0.00394695 11.1756 0 0 0 -180 0 0 0 0
0 -0 0 0 0 0 0 0 0.00480165 79.1912 0 -180 0 180 0 -180 0 -180
0 0 0 -180 0 -180 0 -0 0.00394871 11.3324 0 0 0 -180 0 0 0 0
0 -180 0 0 0 0 0 0 0.00478064 79.8579 0 -180 0 0 0 -180 0 -180
0 0 0 0 0 0 0 -180 0.16521 -161.733 0 -180 0 0 0 0 0 0
0 -180 0 -180 0 -180 0 0 1.1995 -81.4839 0 0 0 -180 0 -180 0 -180
inside=0 lambda=0.647 phi=10 theta=30
0 -0 0 -180 0 0 0 0 0.154185 -161.658 0 0 0 -0 0 -180 0 0
0 -0 0 0 0 -180 0 -180 1.18718 -81.4789 0 -180 0 -0 0 0 0 -180
0 0 0 -0 0 -180 0 -180 0.00683684 11.2074 0 0 0 -180 0 0 0 0
0 -0 0 0 0 0 0 0 0.00830852 79.3382 0 -180 0 180 0 -180 0 -180
0 0 0 -180 0 -180 0 -0 0.0068386 11.2978 0 0 0 -180 0 0 0 0
0 -180 0 0 0 0 0 0 0.00828754 79.7227 0 -180 0 0 0 -180 0 -180
0 -0 0 0 0 -0 0 -180 0.162252 -161.723 0 -180 0 0 0 0 0 0
0 -0 0 -180 0 -0 0 0 1.1962 -81.4844 0 0 0 -180 0 -180 0 -180
inside=0 lambda=0.647 phi=10 theta=45
0 -0 0 -180 0 0 0 0 0.158216 -161.697 0 0 0 -0 0 -180 0 0
0 -0 0 0 0 -180 0 -180 1.19169 -81.4829 0 -180 0 -0 0 0 0 -180
0 0 0 -0 0 -180 0 -180 0.00789544 11.2519 0 0 0 -180 0 0 0 0
0 -180 0 0 0 0 0 0 0.00958146 79.5334 0 -180 0 180 0 -180 0 -180
0 0 0 -180 0 -180 0 -0 0.00789544 11.2519 0 0 0 -180 0 0 0 0
0 -180 0 0 0 180 0 0 0.00958146 79.5334 0 -180 0 0 0 -180 0 -180
0 -0 0 0 0 -0 0 -180 0.158216 -161.697 0 -180 0 0 0 0 0 0
0 -0 0 -180 0 -0 0 0 1.19169 -81.4829 0 0 0 -180 0 -180 0 -180
inside=0 lambda=0.647 phi=15 theta=0
0 -0 0 -180 0 0 0 0 0.139404 170.524 0 0 0 -0 0 -180 0 0
0 -0 0 0 0 -180 0 -180 1.17029 -94.2845 0 -180 0 -0 0 0 0 -180
0 0 0 -180 0 -180 0 -0 3.56711e-14 129.299 0 180 0 -180 0 0 0 0
0 -180 0 -0 0 0 0 -180 4.75221e-14 -143.531 0 -0 0 0 0 180 0 -180
0 0 0 -180 0 -180 0 180 3.07257e-14 152.494 0 180 0 -180 0 0 0 0
0 -180 0 0 0 0 0 -180 5.7372e-14 -168.294 0 180 0 0 0 -180 0 -180
0 0 0 0 0 0 0 -180 0.177042 170.586 0 -180 0 0 0 0 0 0
0 -180 0 -180 0 -180 0 0 1.21304 -94.2997 0 0 0 -180 0 -180 0 -180
inside=0 lambda=0.647 phi=15 theta=15
0 -0 0 -180 0 0 0 0 0.141923 170.494 0 0 0 -0 0 -180 0 0
0 -0 0 0 0 -180 0 -180 1.17315 -94.2921 0 -180 0 -0 0 0 0 -180
0 0 0 -180 0 -180 0 -180 0.00937829 -15.6877 0 0 0 -180 0 0 0 0
0 -180 0 -0 0 0 0 0 0.011389 65.7986 0 -180 0 0 0 180 0 -180
0 0 0 -180 0 -180 0 -180 0.00937687 -15.3098 0 0 0 -180 0 0 0 0
0 -180 0 0 0 0 0 -0 0.0112693 67.343 0 180 0 0 0 -180 0 -180
0 0 0 0 0 0 0 -180 0.174522 170.549 0 -180 0 0 0 0 0 0
0 -180 0 -180 0 -180 0 0 1.21017 -94.3063 0 0 0 -180 0 -180 0 -180
inside=0 lambda=0.647 phi=15 theta=30
0 -0 0 -180 0 0 0 0 0.148809 170.439 0 0 0 -0 0 -180 0 0
0 -0 0 0 0 -180 0 -180 1.18096 -94.3086 0 -180 0 -0 0 0 0 -180
0 0 0 -180 0 -180 0 -180 0.0162406 -15.6167 0 0 0 -180 0 0 0 0
0 -180 0 -0 0 0 0 0 0.0196754 66.1564 0 -180 0 0 0 180 0 -180
0 0 0 -180 0 -180 0 -180 0.0162394 -15.4001 0 0 0 -180 0 0 0 0
0 -180 0 0 0 0 0 -0 0.0195567 67.0437 0 180 0 0 0 -180 0 -180
0 -0 0 0 0 -0 0 -180 0.167633 170.471 0 -180 0 0 0 0 0 0
0 -180 0 -180 0 -180 0 0 1.20233 -94.3179 0 0 0 -180 0 -180 0 -180
inside=0 lambda=0.647 phi=15 theta=45
0 -0 0 -180 0 0 0 0 0.15822 170.422 0 0 0 -0 0 -180 0 0
0 -0 0 0 0 -180 0 -180 1.19164 -94.3202 0 -180 0 -0 0 0 0 -180
0 0 0 -180 0 -180 0 -180 0.018751 -15.5132 0 0 0 -180 0 0 0 0
0 -180 0 -0 0 0 0 0 0.0226469 66.6145 0 -180 0 0 0 180 0 -180
0 0 0 -180 0 -180 0 -180 0.018751 -15.5132 0 0 0 -180 0 0 0 0
0 -180 0 0 0 0 0 -0 0.0226469 66.6145 0 180 0 0 0 -180 0 -180
0 -0 0 0 0 -0 0 -180 0.15822 170.422 0 -180 0 0 0 0 0 0
0 -0 0 -180 0 -0 0 0 1.19164 -94.3202 0 0 0 -180 0 -180 0 -180
inside=0 lambda=0.647 phi=20 theta=0
0 -0 0 -180 0 0 0 0 0.126691 132.206 0 0 0 -0 0 -180 0 0
0 -0 0 0 0 -180 0 -180 1.14999 -112.063 0 -180 0 -0 0 0 0 -180
0 -0 0 -180 0 -180 0 -180 1.49106e-13 61.6467 0 -180 0 180 0 0 0 0
0 -180 0 -0 0 0 0 -0 5.92484e-13 156.828 0 0 0 0 0 180 0 -180
0 0 0 -180 0 -180 0 180 1.37049e-13 70.7728 0 -0 0 -180 0 0 0 0
0 -180 0 0 0 0 0 180 5.05511e-13 154.32 0 0 0 0 0 -180 0 -180
0 0 0 0 0 0 0 -180 0.198034 132.888 0 -180 0 0 0 0 0 0
0 -180 0 -180 0 -180 0 0 1.23155 -112.051 0 0 0 -180 0 -180 0 -180
inside=0 lambda=0.647 phi=20 theta=15
0 -0 0 -180 0 0 0 0 0.131518 132.142 0 0 0 -0 0 -180 0 0
0 -0 0 0 0 -180 0 -180 1.15541 -112.086 0 -180 0 -0 0 0 0 -180
0 0 0 -180 0 -180 0 -180 0.0183239 -52.4643 0 0 0 180 0 0 0 0
0 -180 0 -0 0 0 0 0 0.0217626 47.1405 0 -180 0 0 0 180 0 -180
0 0 0 -180 0 -180 0 -180 0.0182659 -51.8211 0 0 0 -180 0 0 0 0
0 -180 0 0 0 0 0 -0 0.0213045 50.068 0 180 0 0 0 -180 0 -180
0 0 0 0 0 0 0 -180 0.193357 132.734 0 -180 0 0 0 0 0 0
0 -180 0 -180 0 -180 0 0 1.22602 -112.082 0 0 0 -180 0 -180 0 -180
inside=0 lambda=0.647 phi=20 theta=30
0 -0 0 -180 0 0 0 0 0.144691 132.059 0 0 0 -0 0 -180 0 0
0 -0 0 0 0 -180 0 -180 1.17026 -112.134 0 -180 0 -0 0 0 0 -180
0 0 0 -180 0 -180 0 -180 0.0316921 -52.3714 0 0 0 -180 0 0 0 0
0 -180 0 -0 0 0 0 0 0.0374671 47.8692 0 -180 0 0 0 180 0 -180
0 0 0 -180 0 -180 0 -180 0.0316391 -52.0084 0 0 0 -180 0 0 0 0
0 -180 0 0 0 0 0 -0 0.0370225 49.531 0 180 0 0 0 -180 0 -180
0 -0 0 0 0 -0 0 -180 0.180451 132.403 0 -180 0 0 0 0 0 0
0 -180 0 -180 0 -180 0 0 1.211 -112.14 0 0 0 -180 0 -180 0 -180
inside=0 lambda=0.647 phi=20 theta=45
0 -0 0 -180 0 0 0 0 0.162632 132.133 0 0 0 -0 0 -180 0 0
0 -180 0 0 0 -180 0 -180 1.19058 -112.162 0 -180 0 -180 0 0 0 -180
0 0 0 -180 0 -180 0 -180 0.0365525 -52.2128 0 0 0 -180 0 0 0 0
0 -180 0 -0 0 0 0 0 0.042978 48.7463 0 -180 0 0 0 180 0 -180
0 0 0 -180 0 -180 0 -180 0.0365525 -52.2128 0 0 0 -180 0 0 0 0
0 -180 0 0 0 0 0 -0 0.042978 48.7463 0 180 0 0 0 -180 0 -180
0 -0 0 0 0 -0 0 -180 0.162632 132.133 0 -180 0 0 0 0 0 0
0 -180 0 -180 0 -180 0 0 1.19058 -112.162 0 0 0 -180 0 -180 0 -180
inside=0 lambda=0.647 phi=25 theta=0
0 -0 0 -180 0 0 0 0 0.10869 86.2014 0 0 0 -0 0 -180 0 0
0 -0 0 0 0 180 0 -180 1.11876 -134.633 0 180 0 -0 0 0 0 180
0 -0 0 -180 0 -180 0 180 2.05734e-14 114.454 0 -180 0 180 0 0 0 0
0 -180 0 -0 0 -0 0 180 3.27725e-14 126.914 0 0 0 0 0 180 0 180
0 0 0 -180 0 -180 0 -0 9.82002e-14 14.8258 0 180 0 -180 0 0 0 0
0 -180 0 0 0 0 0 -180 6.84652e-14 103.815 0 0 0 0 0 -180 0 -180
0 0 0 0 0 0 0 -180 0.232619 87.0252 0 -180 0 0 0 0 0 0
0 -180 0 -180 0 -180 0 -0 1.25878 -134.411 0 0 0 -180 0 -180 0 -180
inside=0 lambda=0.647 phi=25 theta=15
0 -0 0 -180 0 0 0 0 0.117224 85.9146 0 0 0 -0 0 -180 0 0
0 -0 0 0 0 180 0 -180 1.12798 -134.69 0 180 0 -0 0 0 0 180
0 -0 0 -180 0 -180 0 -180 0.0329383 -97.6084 0 0 0 180 0 0 0 0
0 -180 0 -0 0 -0 0 0 0.0374651 23.5612 0 -180 0 0 0 180 0 180
0 0 0 -180 0 -180 0 -180 0.0326442 -96.8474 0 0 0 -180 0 0 0 0
0 -180 0 0 0 0 0 -0 0.0359977 28.7873 0 180 0 0 0 -180 0 -180
0 -0 0 0 0 0 0 -180 0.225161 86.67 0 -180 0 0 0 0 0 0
0 -180 0 -180 0 -180 0 -0 1.24898 -134.541 0 0 0 -180 0 -180 0 -180
inside=0 lambda=0.647 phi=25 theta=30
0 -0 0 -180 0 0 0 0 0.140577 85.5141 0 0 0 -0 0 -180 0 0
0 -180 0 0 0 180 0 -180 1.15322 -134.801 0 180 0 -180 0 0 0 180
0 0 0 -180 0 -180 0 -180 0.056789 -97.6166 0 0 0 180 0 0 0 0
0 -180 0 -0 0 0 0 0 0.0639654 25.0333 0 -180 0 0 0 180 0 180
0 0 0 -180 0 -180 0 -180 0.0565517 -97.1937 0 0 0 -180 0 0 0 0
0 -180 0 0 0 0 0 -0 0.0626307 27.9036 0 180 0 0 0 -180 0 -180
0 -0 0 0 0 -0 0 -180 0.203396 86.0009 0 -180 0 0 0 0 0 0
0 -180 0 -180 0 -180 0 0 1.22285 -134.753 0 0 0 -180 0 -180 0 -180
inside=0 lambda=0.647 phi=25 theta=45
0 -0 0 -180 0 0 0 0 0.172291 85.5288 0 0 0 -0 0 -180 0 0
0 -180 0 0 0 -180 0 -180 1.18786 -134.849 0 -180 0 -180 0 0 0 180
0 0 0 -180 0 -180 0 -180 0.0653798 -97.4845 0 0 0 -180 0 0 0 0
0 -180 0 -0 0 0 0 0 0.0729358 26.5974 0 -180 0 0 0 180 0 -180
0 0 0 -180 0 -180 0 -180 0.0653798 -97.4845 0 0 0 -180 0 0 0 0
0 -180 0 0 0 0 0 -0 0.0729358 26.5974 0 180 0 0 0 -180 0 -180
0 -0 0 0 0 -0 0 -180 0.172291 85.5288 0 -180 0 0 0 0 0 0
0 -180 0 -180 0 -180 0 0 1.18786 -134.849 0 0 0 -180 0 -180 0 180
inside=0 lambda=0.647 phi=30 theta=0
0 -0 0 -180 0 0 0.0490846 -16.011 0.0661319 39.3501 0 0 0 -0 0 -180 0 0
0 -180 0 0 0 180 0 -180 1.06548 -161.866 0 180 0 -180 0 0 0 180
0 -0 0 -180 0 -180 3.95759e-14 164.99 4.31033e-14 97.6306 0 -180 0 180 0 0 0 0
0 -180 0 -0 0 -0 0 180 1.41224e-13 -98.6587 0 -180 0 0 0 180 0 180
0 -0 0 -180 0 -180 6.43562e-12 125.946 5.76053e-13 -38.6381 0 -180 0 180 0 0 0 0
0 -180 0 0 0 0 0 0 5.10414e-13 178.113 0 0 0 0 0 -180 0 -180
0 -0 0 0 0 0 0.361191 -68.3283 0.28262 30.3315 0 -180 0 -0 0 0 0 0
0 -180 0 -180 0 -180 0 -0 1.28043 -160.289 0 0 0 -180 0 -180 0 -180
inside=0 lambda=0.647 phi=30 theta=15
0 -180 0 -180 0 0 0 -0 0.086155 36.4701 0 0 0 -180 0 -180 0 0
0 -180 0 0 0 180 0 -180 1.08594 -161.875 0 180 0 -180 0 0 0 180
0 -0 0 -180 0 -180 0 -180 0.0569238 -149.462 0 0 0 180 0 0 0 0
0 -180 0 -0 0 -0 0 -0 0.0633805 -5.65907 0 180 0 0 0 180 0 180
0 0 0 -180 0 -180 0 -180 0.0559038 -149.142 0 180 0 -180 0 0 0 0
0 -180 0 0 0 0 0 -180 0.0581822 4.56404 0 180 0 0 0 180 0 180
0 -0 0 0 0 -0 0 -180 0.267181 33.5031 0 -180 0 0 0 0 0 0
0 -180 0 -180 0 -180 0 -0 1.28589 -160.915 0 0 0 180 0 180 0 180
inside=0 lambda=0.647 phi=30 theta=30
0 -0 0 -180 0 0 0 -0 0.12587 33.1951 0 0 0 -0 0 -180 0 0
0 -180 0 -0 0 180 0 -180 1.12719 -162.146 0 180 0 -180 0 0 0 180
0 -0 0 -180 0 -180 0 -180 0.0972753 -150.101 0 0 0 180 0 0 0 0
0 -180 0 -0 0 -0 0 -0 0.104528 -1.53485 0 180 0 0 0 180 0 180
0 0 0 -180 0 180 0 -180 0.0968419 -149.772 0 180 0 -180 0 0 0 0
0 -180 0 -0 0 0 0 -0 0.101181 3.31516 0 180 0 -0 0 180 0 180
0 -0 0 0 0 -0 0 -180 0.234528 32.8438 0 -180 0 0 0 0 0 0
0 -180 0 -180 0 -180 0 -0 1.24097 -161.839 0 0 0 180 0 180 0 180
inside=0 lambda=0.647 phi=30 theta=45
0 -0 0 -180 0 0 0 0 0.18082 32.455 0 0 0 -0 0 -180 0 0
0 -180 0 -0 0 180 0 -180 1.18371 -162.17 0 180 0 -180 0 0 0 180
0 0 0 -180 0 -180 0 -180 0.111907 -150.144 0 0 0 180 0 180 0 0
0 -180 0 -0 0 -0 0 -0 0.118154 1.25066 0 180 0 0 0 180 0 180
0 0 0 -180 0 180 0 -180 0.111907 -150.144 0 180 0 -180 0 0 0 0
0 -180 0 -0 0 0 0 -0 0.118154 1.25066 0 180 0 -0 0 180 0 180
0 -0 0 0 0 -0 0 -180 0.18082 32.455 0 -180 0 0 0 0 0 0
0 -180 0 -180 0 -180 0 -0 1.18371 -162.17 0 0 0 180 0 180 0 180
inside=0 lambda=0.647 phi=35 theta=0
0 -0 0 180 0 0 0.0381012 -43.7862 0.0206904 112.142 0 0 0 -0 0 180 0 0
0 -180 0 0 0 180 0 180 0.986903 166.215 0 180 0 -180 0 0 0 180
0 -0 0 -180 0 -180 1.12377e-13 -70.8062 6.17713e-14 -8.12173 0 180 0 180 0 0 0 0
0 -180 0 -180 0 -0 0 0 1.77941e-13 -127.869 0 0 0 0 0 0 0 180
0 0 0 -180 0 -180 6.80261e-13 -142.226 1.03483e-13 -110.209 0 -180 0 -180 0 0 0 0
0 180 0 -0 0 -0 0 -0 2.25092e-13 -109.472 0 -0 0 -0 0 180 0 180
0 0 0 0 0 0 0.186849 26.6788 0.360783 -19.0869 0 -180 0 0 0 0 0 0
0 180 0 180 0 180 0 -180 1.36005 169.178 0 -0 0 180 0 180 0 180
inside=0 lambda=0.647 phi=35 theta=15
0 -0 0 -180 0 0 0.00666593 -7.02519 0.0147174 11.2157 0 0 0 -0 0 180 0 0
0 -180 0 0 0 180 0 -0 1.01428 166.001 0 180 0 -180 0 0 0 180
0 -0 0 -180 0 -180 0.0699799 50.9984 0.0938753 146.65 0 0 0 180 0 0 0 0
0 -180 0 -180 0 -0 0 -0 0.107171 -29.2129 0 180 0 0 0 0 0 180
0 0 0 -180 0 180 0.0272632 54.255 0.0940218 149.832 0 0 0 -180 0 0 0 0
0 180 0 -0 0 -0 0 0 0.0959328 -21.7579 0 0 0 -0 0 180 0 180
0 0 0 0 0 -0 0.208818 62.4883 0.34341 -21.1846 0 -180 0 0 0 0 0 0
0 180 0 180 0 -180 0 -0 1.33002 167.018 0 -0 0 180 0 180 0 180
inside=0 lambda=0.647 phi=35 theta=30
0 -180 0 -180 0 0 0 -0 0.0788955 -25.508 0 0 0 -0 0 180 0 0
0 -180 0 -0 0 180 0 -180 1.08398 165.885 0 180 0 -180 0 0 0 180
0 -0 0 -180 0 -180 0 -180 0.163882 149.806 0 0 0 180 0 0 0 0
0 -180 0 -180 0 -0 0 -0 0.175541 -31.7453 0 180 0 0 0 0 0 180
0 -0 0 -180 0 180 0 -180 0.164379 150.071 0 180 0 -180 0 0 0 0
0 180 0 -0 0 0 0 -180 0.168534 -23.6657 0 0 0 -0 0 180 0 180
0 -0 0 -0 0 -0 0 -180 0.271295 -27.7975 0 180 0 0 0 0 0 0
0 -180 0 180 0 -180 0 -0 1.27469 167.078 0 -0 0 180 0 180 0 180
inside=0 lambda=0.647 phi=35 theta=45
0 -0 0 -180 0 0 0 -0 0.174929 -28.477 0 0 0 -0 0 180 0 0
0 -180 0 -0 0 180 0 180 1.17955 166.028 0 180 0 -180 0 -0 0 180
0 -0 0 -180 0 -180 0 -180 0.189284 149.4 0 0 0 180 0 180 0 0
0 -180 0 -180 0 -0 0 -0 0.197014 -26.7614 0 180 0 0 0 0 0 180
0 -0 0 -180 0 180 0 -180 0.189284 149.4 0 180 0 -180 0 0 0 0
0 -180 0 -0 0 0 0 -180 0.197014 -26.7614 0 0 0 -0 0 180 0 180
0 -0 0 -0 0 -0 0 -180 0.174929 -28.477 0 180 0 0 0 0 0 0
0 -180 0 180 0 -180 0 -0 1.17955 166.028 0 -0 0 180 0 180 0 180
inside=0 lambda=0.647 phi=40 theta=0
0 -180 0 180 0 0 0.0628632 -50.0027 0.213248 76.8564 0 0 0 -180 0 180 0 0
0 -180 0 0 0 0 0 -180 0.796087 129.967 0 0 0 -180 0 0 0 0
0 -0 0 -180 0 -180 1.83885e-12 -39.6933 7.15645e-13 -118.94 0 0 0 180 0 0 0 0
0 -180 0 -180 0 -180 0 0 8.05557e-13 72.3271 0 180 0 0 0 0 0 0
0 180 0 -180 0 180 2.82543e-12 -57.5792 1.07311e-12 11.4271 0 -0 0 -0 0 0 0 -0
0 -180 0 -0 0 -0 0 0 1.63942e-13 1.20292 0 180 0 0 0 180 0 180
0 180 0 0 0 -0 0.590393 143.178 0.441809 -121.592 0 -180 0 180 0 0 0 -0
0 -180 0 180 0 180 0 -180 1.32954 137.945 0 -0 0 -180 0 180 0 180
inside=0 lambda=0.647 phi=40 theta=15
0 -0 0 -180 0 0 0.0108354 5.95873 0.163436 79.6115 0 0 0 -180 0 180 0 0
0 -180 0 0 0 0 0 180 0.850771 129.134 0 0 0 -180 0 -0 0 0
0 -0 0 -180 0 -180 0.0452459 -164.264 0.18726 85.4613 0 0 0 180 0 0 0 0
0 -180 0 -180 0 -180 0 -180 0.222132 -71.1169 0 0 0 -0 0 0 0 0
0 0 0 -180 0 180 0.140745 84.2561 0.166763 85.2247 0 0 0 -180 0 0 0 0
0 -180 0 -0 0 -0 0 -180 0.169266 -48.0192 0 0 0 -0 0 180 0 180
0 0 0 0 0 -0 0.575748 67.9605 0.293326 -92.551 0 -180 0 0 0 0 0 0
0 -180 0 180 0 180 0 -180 1.38852 136.484 0 -0 0 180 0 180 0 180
inside=0 lambda=0.647 phi=40 theta=30
0 -0 0 -180 0 0 0.106866 -51.6546 0.0413364 116.096 0 0 0 -180 0 180 0 0
0 -180 0 -0 0 0 0 -180 0.978292 128.649 0 0 0 -180 0 -0 0 0
0 -0 0 -180 0 -180 0.205501 -93.3652 0.293878 79.919 0 0 0 180 0 0 0 0
0 180 0 -180 0 -180 0 -180 0.344902 -65.0717 0 0 0 -0 0 0 0 0
0 -0 0 180 0 180 0.167802 -35.2461 0.29864 81.928 0 0 0 -180 0 0 0 0
0 180 0 -0 0 -0 0 -180 0.323976 -53.6516 0 0 0 -0 0 180 0 0
0 -0 0 -0 0 -180 0.368289 -39.4616 0.330115 -95.2031 0 180 0 0 0 0 0 0
0 -180 0 180 0 180 0 -180 1.32631 131.978 0 -0 0 180 0 180 0 0
inside=0 lambda=0.647 phi=40 theta=45
0 -0 0 -180 0 0 0 -0 0.144063 -107.455 0 0 0 -180 0 180 0 0
0 -180 0 -0 0 0 0 180 1.17221 129.52 0 0 0 -180 0 -0 0 0
0 -0 0 -180 0 -180 0 -180 0.352296 79.1916 0 0 0 180 0 0 0 0
0 180 0 -180 0 -180 0 -0 0.378657 -58.5038 0 180 0 -0 0 0 0 0
0 -0 0 -180 0 180 0 -180 0.352296 79.1916 0 0 0 -180 0 0 0 0
0 180 0 -0 0 -0 0 -180 0.378657 -58.5038 0 0 0 -180 0 180 0 0
0 -0 0 -0 0 -180 0 -180 0.144063 -107.455 0 180 0 0 0 0 0 0
0 -180 0 180 0 -180 0 -0 1.17221 129.52 0 -0 0 0 0 0 0 0
inside=0 lambda=0.647 phi=45 theta=0
0 -0 0 180 0 180 0.199643 -38.0249 0.977514 -53.4622 0 180 0 -0 0 180 0 180
0 180 0 -0 0 -0 0 -180 0 180 0 -0 0 180 0 -0 0 -0
0 -0 0 -0 0 -0 3.75185e-12 46.1472 3.19573e-12 174.639 0 -0 0 180 0 180 0 180
0 180 0 180 0 180 0 0 0 0 0 180 0 -0 0 -0 0 -0
0 -0 0 -180 0 -180 2.24548e-12 65.8959 2.43987e-12 -161.491 0 180 0 180 0 0 0 0
0 -0 0 -180 0 -180 0 -0 0 0 0 -0 0 180 0 0 0 0
0 -0 0 0 0 0 0.732637 -24.9087 0.720338 -168.929 0 -180 0 -0 0 0 0 0
0 -0 0 0 0 0 0 -0 0 0 0 -180 0 -0 0 0 0 0
inside=0 lambda=0.647 phi=45 theta=15
0 -180 0 180 0 180 0.138387 -123.171 0.830813 -53.0594 0 180 0 -0 0 180 0 180
0 -180 0 0 0 -0 0 -180 0 180 0 -0 0 180 0 -0 0 -0
0 -0 0 -0 0 -0 0.637757 170.546 0.300544 -34.2754 0 0 0 180 0 180 0 0
0 180 0 180 0 180 0 -180 0 -180 0 0 0 -0 0 -0 0 -0
0 0 0 -180 0 -180 0.264648 -150.279 0.37405 -34.5831 0 -180 0 -0 0 0 0 0
0 -0 0 -180 0 -0 0 -180 0 -180 0 -0 0 180 0 0 0 0
0 0 0 0 0 0 0.143312 -126.769 0.860581 162.751 0 -180 0 180 0 180 0 0
0 -180 0 0 0 180 0 -180 0 0 0 -180 0 -0 0 0 0 0
inside=0 lambda=0.647 phi=45 theta=30
0 -0 0 180 0 180 0.105582 -52.9362 0.461086 -49.2009 0 0 0 180 0 -180 0 -0
0 -180 0 0 0 0 0 180 0 180 0 -0 0 180 0 -0 0 -0
0 -0 0 -0 0 -180 0.071906 26.7858 0.889741 -36.7897 0 180 0 180 0 -180 0 0
0 180 0 180 0 180 0 -180 0 -180 0 0 0 -0 0 -0 0 -0
0 0 0 -180 0 -180 0.0910786 -103.102 0.860955 -37.1487 0 -180 0 -180 0 0 0 0
0 180 0 -0 0 -0 0 0 0 -180 0 -0 0 -180 0 0 0 0
0 -0 0 0 0 0 0.048591 -64.7077 0.467107 152.735 0 -180 0 180 0 0 0 -0
0 180 0 180 0 180 0 180 0 0 0 -0 0 0 0 0 0 -0
inside=0 lambda=0.647 phi=45 theta=45
0 -0 0 -180 0 180 0 0 0.035641 -131.802 0 0 0 0 0 -180 0 -0
0 -180 0 -0 0 0 0 180 0 180 0 0 0 180 0 -0 0 -0
0 0 0 -0 0 -180 0 180 0.999365 -41.8024 0 180 0 -180 0 -180 0 0
0 180 0 -180 0 -180 0 -0 0 -180 0 0 0 -0 0 -0 0 -0
0 0 0 180 0 -180 0 -0 0.999365 -41.8024 0 -180 0 -180 0 180 0 0
0 180 0 -0 0 -0 0 -180 0 -180 0 -0 0 -180 0 0 0 -0
0 -0 0 0 0 0 0 -180 0.035641 -131.802 0 -180 0 180 0 0 0 -0
0 -180 0 180 0 180 0 -0 0 180 0 -0 0 0 0 0 0 -0
inside=1 lambda=0.647 phi=0 theta=0
0 0 0 -180 0 0 0 0 0.160217 177.151 0 0 0 0 0 -180 0 0
0 -180 0 0 0 -180 0 -180 0.817863 -71.1644 0 -180 0 -180 0 0 0 -180
0 0 0 -0 0 -180 0 180 1.40541e-13 158.524 0 -0 0 -180 0 180 0 0
0 -180 0 180 0 0 0 180 1.4825e-12 -167.855 0 -0 0 0 0 180 0 -180
0 0 0 0 0 -180 0 -180 1.82279e-13 175.587 0 180 0 -180 0 0 0 0
0 -180 0 0 0 0 0 180 1.41303e-12 -161.628 0 180 0 0 0 0 0 -180
0 0 0 0 0 0 0 -180 0.160217 177.151 0 -180 0 0 0 0 0 0
0 -180 0 -180 0 -180 0 0 0.817863 -71.1644 0 0 0 -180 0 -180 0 -180
inside=1 lambda=0.647 phi=0 theta=15
0 0 0 -180 0 0 0 0 0.160217 177.151 0 0 0 0 0 -180 0 0
0 -180 0 0 0 -180 0 -180 0.817863 -71.1644 0 -180 0 -180 0 0 0 -180
0 0 0 -0 0 -180 0 180 1.40541e-13 158.524 0 -0 0 -180 0 180 0 0
0 -180 0 180 0 0 0 180 1.4825e-12 -167.855 0 -0 0 0 0 180 0 -180
0 0 0 0 0 -180 0 -180 1.82279e-13 175.587 0 180 0 -180 0 0 0 0
0 -180 0 0 0 0 0 180 1.41303e-12 -161.628 0 180 0 0 0 0 0 -180
0 0 0 0 0 0 0 -180 0.160217 177.151 0 -180 0 0 0 0 0 0
0 -180 0 -180 0 -180 0 0 0.817863 -71.1644 0 0 0 -180 0 -180 0 -180
inside=1 lambda=0.647 phi=0 theta=30
0 0 0 -180 0 0 0 0 0.160217 177.151 0 0 0 0 0 -180 0 0
0 -180 0 0 0 -180 0 -180 0.817863 -71.1644 0 -180 0 -180 0 0 0 -180
0 0 0 -0 0 -180 0 180 1.40541e-13 158.524 0 -0 0 -180 0 180 0 0
0 -180 0 180 0 0 0 180 1.4825e-12 -167.855 0 -0 0 0 0 180 0 -180
0 0 0 0 0 -180 0 -180 1.82279e-13 175.587 0 180 0 -180 0 0 0 0
0 -180 0 0 0 0 0 180 1.41303e-12 -161.628 0 180 0 0 0 0 0 -180
0 0 0 0 0 0 0 -180 0.160217 177.151 0 -180 0 0 0 0 0 0
0 -180 0 -180 0 -180 0 0 0.817863 -71.1644 0 0 0 -180 0 -180 0 -180
inside=1 lambda=0.647 phi=0 theta=45
0 0 0 -180 0 0 0 0 0.160217 177.151 0 0 0 0 0 -180 0 0
0 -180 0 0 0 -180 0 -180 0.817863 -71.1644 0 -180 0 -180 0 0 0 -180
0 0 0 -0 0 -180 0 180 1.40541e-13 158.524 0 -0 0 -180 0 180 0 0
0 -180 0 180 0 0 0 180 1.4825e-12 -167.855 0 -0 0 0 0 180 0 -180
0 0 0 0 0 -180 0 -180 1.82279e-13 175.587 0 180 0 -180 0 0 0 0
0 -180 0 0 0 0 0 180 1.41303e-12 -161.628 0 180 0 0 0 0 0 -180
0 0 0 0 0 0 0 -180 0.160217 177.151 0 -180 0 0 0 0 0 0
0 -180 0 -180 0 -180 0 0 0.817863 -71.1644 0 0 0 -180 0 -180 0 -180
inside=1 lambda=0.647 phi=5 theta=0
0 0 0 -180 0 0 0 0 0.158969 177.306 0 0 0 0 0 -180 0 0
0 -0 0 0 0 -180 0 -180 0.818857 -72.3798 0 -180 0 -0 0 0 0 -180
0 0 0 -0 0 -180 0 -180 1.01865e-13 124.718 0 180 0 -180 0 180 0 0
0 -180 0 0 0 0 0 180 6.27756e-13 -160.975 0 180 0 0 0 -180 0 -180
0 0 0 -180 0 -180 0 180 5.25613e-14 -59.0342 0 180 0 -180 0 0 0 0
0 -180 0 0 0 0 0 180 3.65517e-13 -165.687 0 -0 0 0 0 -180 0 -180
0 0 0 0 0 0 0 -180 0.160826 177.332 0 -180 0 0 0 0 0 0
0 -180 0 -180 0 -180 0 0 0.816956 -72.3814 0 0 0 -180 0 -180 0 -180
inside=1 lambda=0.647 phi=5 theta=15
0 0 0 -180 0 0 0 0 0.159093 177.308 0 0 0 0 0 -180 0 0
0 -0 0 0 0 -180 0 -180 0.818729 -72.3799 0 -180 0 -0 0 0 0 -180
0 0 0 -0 0 -180 0 -180 0.000446317 -1.05596 0 0 0 -180 0 180 0 0
0 -180 0 0 0 0 0 0 0.000488164 -57.9552 0 -180 0 0 0 -180 0 -180
0 0 0 -180 0 -180 0 -0 0.000446438 -1.05202 0 0 0 -180 0 0 0 0
0 -180 0 0 0 0 0 0 0.000488029 -58.0222 0 -180 0 0 0 -180 0 -180
0 0 0 0 0 0 0 -180 0.160701 177.33 0 -180 0 0 0 0 0 0
0 -0 0 -180 0 -0 0 0 0.817083 -72.3813 0 0 0 -180 0 -180 0 -180
inside=1 lambda=0.647 phi=5 theta=30
0 0 0 -180 0 0 0 0 0.159433 177.313 0 0 0 0 0 -180 0 0
0 -0 0 0 0 -180 0 -180 0.818381 -72.3802 0 -180 0 -0 0 0 0 -180
0 0 0 -0 0 -180 0 -180 0.000773088 -1.05512 0 0 0 -180 0 180 0 0
0 -180 0 0 0 0 0 0 0.000845474 -57.9695 0 -180 0 0 0 -180 0 -180
0 0 0 -180 0 -180 0 -0 0.000773209 -1.05285 0 0 0 -180 0 0 0 0
0 -180 0 0 0 0 0 0 0.000845339 -58.0081 0 -180 0 0 0 -180 0 -180
0 0 0 0 0 0 0 -180 0.160361 177.325 0 -180 0 0 0 0 0 0
0 -0 0 -180 0 -0 0 0 0.817431 -72.381 0 0 0 -180 0 -180 0 -180
inside=1 lambda=0.647 phi=5 theta=45
0 0 0 -180 0 0 0 0 0.159897 177.319 0 0 0 0 0 -180 0 0
0 -0 0 0 0 -180 0 -180 0.817906 -72.3806 0 -180 0 -0 0 0 0 -180
0 0 0 -0 0 -180 0 -180 0.000892755 -1.05398 0 0 0 -180 0 180 0 0
0 -180 0 0 0 0 0 0 0.000976191 -57.9889 0 -180 0 0 0 -180 0 -180
0 0 0 -180 0 -180 0 -0 0.000892755 -1.05398 0 180 0 -180 0 0 0 0
0 -180 0 0 0 0 0 0 0.000976191 -57.9889 0 -180 0 0 0 -180 0 -180
0 0 0 0 0 0 0 -180 0.159897 177.319 0 -180 0 0 0 0 0 0
0 -0 0 -180 0 -0 0 0 0.817906 -72.3806 0 0 0 -180 0 -180 0 -180
inside=1 lambda=0.647 phi=10 theta=0
0 0 0 -180 0 0 0 0 0.155343 177.807 0 0 0 0 0 -180 0 0
0 -0 0 0 0 -180 0 -180 0.821851 -76.0026 0 -180 0 -0 0 0 0 -180
0 0 0 -0 0 -180 0 180 6.07664e-14 -4.22058 0 -180 0 -180 0 180 0 0
0 -180 0 0 0 0 0 -180 5.74419e-14 9.99865 0 -0 0 0 0 -180 0 -180
0 0 0 -180 0 -180 0 180 1.44109e-13 -76.5601 0 -0 0 -180 0 0 0 0
0 -180 0 0 0 0 0 0 1.76662e-13 -37.0972 0 -180 0 0 0 -180 0 -180
0 0 0 0 0 0 0 -180 0.162805 177.889 0 -180 0 0 0 0 0 0
0 -180 0 -180 0 -180 0 0 0.814187 -76.0084 0 0 0 -180 0 -180 0 -180
inside=1 lambda=0.647 phi=10 theta=15
0 0 0 -180 0 0 0 0 0.155842 177.813 0 0 0 0 0 -180 0 0
0 -0 0 0 0 -180 0 -180 0.821338 -76.0031 0 -180 0 -0 0 0 0 -180
0 0 0 -0 0 -180 0 -180 0.00179919 -0.734792 0 0 0 -180 0 180 0 0
0 -180 0 0 0 0 0 0 0.00197053 -61.4499 0 -180 0 0 0 -180 0 -180
0 0 0 -180 0 -180 0 -0 0.00180095 -0.725825 0 0 0 -180 0 0 0 0
0 -180 0 0 0 0 0 0 0.00196826 -61.7207 0 -180 0 0 0 -180 0 -180
0 0 0 0 0 0 0 -180 0.162304 177.884 0 -180 0 0 0 0 0 0
0 -0 0 -180 0 -0 0 0 0.8147 -76.0081 0 0 0 -180 0 -180 0 -180
inside=1 lambda=0.647 phi=10 theta=30
0 0 0 -180 0 0 0 0 0.157207 177.829 0 0 0 0 0 -180 0 0
0 -0 0 0 0 -180 0 -180 0.819935 -76.0043 0 -180 0 -0 0 0 0 -180
0 0 0 -0 0 -180 0 -180 0.00311694 -0.732822 0 0 0 -180 0 0 0 0
0 -180 0 0 0 0 0 0 0.00341219 -61.5089 0 -180 0 0 0 -180 0 -180
0 0 0 -180 0 -180 0 -0 0.00311869 -0.727642 0 0 0 -180 0 0 0 0
0 -180 0 0 0 0 0 0 0.00340992 -61.6652 0 -180 0 0 0 -180 0 -180
0 0 0 0 0 0 0 -180 0.160938 177.87 0 -180 0 0 0 0 0 0
0 -0 0 -180 0 -0 0 0 0.816103 -76.0073 0 0 0 -180 0 -180 0 -180
inside=1 lambda=0.647 phi=10 theta=45
0 0 0 -180 0 0 0 0 0.159072 177.849 0 0 0 0 0 -180 0 0
0 -0 0 0 0 -180 0 -180 0.818019 -76.0059 0 -180 0 -0 0 0 0 -180
0 0 0 -0 0 -180 0 -180 0.00360014 -0.730194 0 0 0 -180 0 0 0 0
0 -180 0 0 0 0 0 0 0.00393873 -61.588 0 -180 0 0 0 -180 0 -180
0 0 0 -180 0 -180 0 -0 0.00360014 -0.730194 0 0 0 -180 0 0 0 0
0 -180 0 0 0 0 0 0 0.00393873 -61.588 0 -180 0 0 0 -180 0 -180
0 0 0 0 0 0 0 -180 0.159072 177.849 0 -180 0 0 0 0 0 0
0 -0 0 -180 0 -0 0 0 0.818019 -76.0059 0 0 0 -180 0 -180 0 -180
inside=1 lambda=0.647 phi=15 theta=0
0 -0 0 -180 0 0 0 0 0.149713 178.741 0 0 0 -0 0 -180 0 0
0 -0 0 0 0 -180 0 -180 0.826894 -81.9615 0 -180 0 -0 0 0 0 -180
0 0 0 -0 0 -180 0 180 4.03765e-14 -163.377 0 180 0 -180 0 180 0 0
0 -180 0 0 0 0 0 180 2.34785e-13 -171.706 0 -0 0 0 0 -180 0 -180
0 0 0 -180 0 -180 0 180 1.29462e-13 -124.079 0 -0 0 -180 0 0 0 0
0 -180 0 0 0 0 0 -0 2.36142e-13 -166.361 0 -180 0 0 0 -180 0 -180
0 0 0 0 0 0 0 -180 0.166636 178.849 0 -180 0 0 0 0 0 0
0 -180 0 -180 0 -180 0 0 0.809408 -81.9726 0 0 0 -180 0 -180 0 -180
inside=1 lambda=0.647 phi=15 theta=15
0 -0 0 -180 0 0 0 0 0.150845 178.75 0 0 0 -0 0 -180 0 0
0 -0 0 0 0 -180 0 -180 0.825723 -81.9628 0 -180 0 -0 0 0 0 -180
0 0 0 -0 0 -180 0 -180 0.00410904 -0.187104 0 0 0 -180 0 180 0 0
0 -180 0 0 0 0 0 0 0.00450473 -67.1889 0 -180 0 0 0 -180 0 -180
0 0 0 -180 0 -180 0 -0 0.00411618 -0.187947 0 0 0 -180 0 0 0 0
0 -180 0 0 0 0 0 0 0.00449225 -67.8079 0 -180 0 0 0 -180 0 -180
0 0 0 0 0 0 0 -180 0.165501 178.842 0 -180 0 0 0 0 0 0
0 -180 0 -180 0 -180 0 0 0.810579 -81.9725 0 0 0 -180 0 -180 0 -180
inside=1 lambda=0.647 phi=15 theta=30
0 -0 0 -180 0 0 0 0 0.153938 178.771 0 0 0 -0 0 -180 0 0
0 -0 0 0 0 -180 0 -180 0.822522 -81.966 0 -180 0 -0 0 0 0 -180
0 0 0 -0 0 -180 0 -180 0.0071197 -0.187174 0 0 0 -180 0 0 0 0
0 -180 0 0 0 0 0 0 0.00779747 -67.329 0 -180 0 0 0 -180 0 -180
0 0 0 -180 0 -180 0 -0 0.00712683 -0.187592 0 0 0 -180 0 0 0 0
0 -180 0 0 0 0 0 0 0.00778501 -67.686 0 -180 0 0 0 -180 0 -180
0 0 0 0 0 0 0 -180 0.1624 178.825 0 -180 0 0 0 0 0 0
0 -0 0 -180 0 -0 0 0 0.813779 -81.9717 0 0 0 -180 0 -180 0 -180
inside=1 lambda=0.647 phi=15 theta=45
0 0 0 -180 0 0 0 0 0.158167 178.799 0 0 0 -0 0 -180 0 0
0 -0 0 0 0 -180 0 -180 0.81815 -81.9695 0 -180 0 -0 0 0 0 -180
0 0 0 -0 0 -180 0 -180 0.00822524 -0.18731 0 0 0 -180 0 0 0 0
0 -180 0 0 0 0 0 0 0.00899634 -67.512 0 -180 0 0 0 -180 0 -180
0 0 0 -180 0 -180 0 -0 0.00822524 -0.18731 0 0 0 -180 0 0 0 0
0 -180 0 0 0 0 0 0 0.00899634 -67.512 0 -180 0 0 0 -180 0 -180
0 0 0 0 0 -0 0 -180 0.158167 178.799 0 -180 0 0 0 0 0 0
0 -0 0 -180 0 -0 0 0 0.81815 -81.9695 0 0 0 -180 0 -180 0 -180
inside=1 lambda=0.647 phi=20 theta=0
0 -0 0 -180 0 0 0 0 0.142685 -179.836 0 0 0 -0 0 -180 0 0
0 -0 0 0 0 -180 0 -180 0.834086 -90.1348 0 -180 0 -0 0 0 0 -180
0 0 0 -0 0 -180 0 -0 1.92007e-14 96.7375 0 180 0 -180 0 180 0 0
0 -180 0 0 0 0 0 -0 7.49806e-14 -12.5162 0 180 0 0 0 -180 0 -180
0 0 0 -180 0 -180 0 -0 6.58535e-14 -7.98593 0 180 0 -180 0 0 0 0
0 -180 0 0 0 0 0 0 2.25089e-13 0.867203 0 0 0 0 0 -180 0 -180
0 0 0 0 0 0 0 -180 0.173152 -179.828 0 -180 0 0 0 0 0 0
0 -180 0 -180 0 -180 0 0 0.802357 -90.15 0 0 0 -180 0 -180 0 -180
inside=1 lambda=0.647 phi=20 theta=15
0 -0 0 -180 0 0 0 0 0.144724 -179.834 0 0 0 -0 0 -180 0 0
0 -0 0 0 0 -180 0 -180 0.831958 -90.1378 0 -180 0 -0 0 0 0 -180
0 0 0 -0 0 -180 0 -180 0.00748943 0.551322 0 0 0 -180 0 0 0 0
0 -180 0 0 0 0 0 0 0.00820028 -75.0574 0 -180 0 0 0 -180 0 -180
0 0 0 -180 0 -180 0 -0 0.00750246 0.516493 0 0 0 -180 0 0 0 0
0 -180 0 0 0 0 0 0 0.00815599 -76.1772 0 -180 0 0 0 -180 0 -180
0 0 0 0 0 0 0 -180 0.17111 -179.826 0 -180 0 0 0 0 0 0
0 -180 0 -180 0 -180 0 0 0.804481 -90.1513 0 0 0 -180 0 -180 0 -180
inside=1 lambda=0.647 phi=20 theta=30
0 -0 0 -180 0 0 0 0 0.150297 -179.829 0 0 0 -0 0 -180 0 0
0 -0 0 0 0 -180 0 -180 0.826148 -90.1446 0 -180 0 -0 0 0 0 -180
0 0 0 -0 0 -180 0 -180 0.0129765 0.543451 0 0 0 -180 0 0 0 0
0 -180 0 0 0 0 0 0 0.0141848 -75.3245 0 -180 0 0 0 -180 0 -180
0 0 0 -180 0 -180 0 -0 0.0129896 0.523896 0 0 0 -180 0 0 0 0
0 -180 0 0 0 0 0 0 0.0141408 -75.9687 0 -180 0 0 0 -180 0 -180
0 0 0 0 0 -0 0 -180 0.165532 -179.824 0 -180 0 0 0 0 0 0
0 -0 0 -180 0 -0 0 0 0.810284 -90.1529 0 0 0 -180 0 -180 0 -180
inside=1 lambda=0.647 phi=20 theta=45
0 -0 0 -180 0 0 0 0 0.157913 -179.825 0 0 0 -0 0 -180 0 0
0 -0 0 0 0 -180 0 -180 0.818214 -90.1509 0 -180 0 -0 0 0 0 -180
0 0 0 -0 0 -180 0 -180 0.0149914 0.533584 0 0 0 -180 0 0 0 0
0 -180 0 0 0 0 0 0 0.0163525 -75.6612 0 -180 0 0 0 -180 0 -180
0 0 0 -180 0 -180 0 -0 0.0149914 0.533584 0 0 0 -180 0 0 0 0
0 -180 0 0 0 0 0 0 0.0163525 -75.6612 0 -180 0 0 0 -180 0 -180
0 -0 0 0 0 -0 0 -180 0.157913 -179.825 0 -180 0 0 0 0 0 0
0 -0 0 -180 0 -0 0 0 0.818214 -90.1509 0 0 0 -180 0 -180 0 -180
inside=1 lambda=0.647 phi=25 theta=0
0 -0 0 -180 0 0 0 0 0.134893 -178.04 0 0 0 -0 0 -180 0 0
0 -0 0 0 0 -180 0 -180 0.843635 -100.348 0 -180 0 -0 0 0 0 -180
0 -0 0 -0 0 -180 0 180 1.82457e-14 -129.542 0 180 0 180 0 180 0 0
0 -180 0 -0 0 0 0 0 1.42982e-13 179.736 0 -0 0 0 0 180 0 -180
0 0 0 -180 0 -180 0 -0 5.61341e-15 -156.76 0 -0 0 -180 0 0 0 0
0 -180 0 0 0 0 0 -0 7.67891e-14 172.903 0 -0 0 0 0 -180 0 -180
0 0 0 0 0 0 0 -180 0.183433 -178.32 0 -180 0 0 0 0 0 0
0 -180 0 -180 0 -180 0 0 0.792648 -100.36 0 0 0 -180 0 -180 0 -180
inside=1 lambda=0.647 phi=25 theta=15
0 -0 0 -180 0 0 0 0 0.138154 -178.061 0 0 0 -0 0 -180 0 0
0 -0 0 0 0 -180 0 -180 0.840211 -100.353 0 -180 0 -0 0 0 0 -180
0 -0 0 -0 0 -180 0 -180 0.0121568 1.3397 0 0 0 180 0 0 0 0
0 -180 0 -0 0 0 0 0 0.013237 -84.9158 0 -180 0 0 0 180 0 -180
0 0 0 -180 0 -180 0 -0 0.0121541 1.27317 0 0 0 -180 0 0 0 0
0 -180 0 0 0 0 0 -0 0.0131126 -86.6916 0 180 0 0 0 -180 0 -180
0 0 0 0 0 0 0 -180 0.180201 -178.3 0 -180 0 0 0 0 0 0
0 -180 0 -180 0 -180 0 0 0.796054 -100.366 0 0 0 -180 0 -180 0 -180
inside=1 lambda=0.647 phi=25 theta=30
0 -0 0 -180 0 0 0 0 0.147063 -178.115 0 0 0 -0 0 -180 0 0
0 -0 0 0 0 -180 0 -180 0.830863 -100.366 0 -180 0 -0 0 0 0 -180
0 0 0 -0 0 -180 0 -180 0.0210517 1.32337 0 0 0 180 0 0 0 0
0 -180 0 -0 0 0 0 0 0.0228717 -85.3693 0 -180 0 0 0 180 0 -180
0 0 0 -180 0 -180 0 -0 0.0210501 1.2873 0 0 0 -180 0 0 0 0
0 -180 0 0 0 0 0 -0 0.0227494 -86.3853 0 180 0 0 0 -180 0 -180
0 -0 0 0 0 -0 0 -180 0.171349 -178.249 0 -180 0 0 0 0 0 0
0 -0 0 -180 0 -0 0 0 0.805368 -100.375 0 0 0 -180 0 -180 0 -180
inside=1 lambda=0.647 phi=25 theta=45
0 -0 0 -180 0 0 0 0 0.159219 -178.183 0 0 0 -0 0 -180 0 0
0 -0 0 0 0 -180 0 -180 0.818107 -100.376 0 -180 0 -0 0 0 0 -180
0 0 0 -0 0 -180 0 -180 0.0243059 1.30496 0 0 0 180 0 0 0 0
0 -180 0 -0 0 0 0 0 0.0263344 -85.9134 0 -180 0 0 0 180 0 -180
0 0 0 -180 0 180 0 -0 0.0243059 1.30496 0 0 0 -180 0 0 0 0
0 -180 0 0 0 0 0 -0 0.0263344 -85.9134 0 180 0 0 0 -180 0 -180
0 -0 0 0 0 -0 0 -180 0.159219 -178.183 0 -180 0 0 0 0 0 0
0 -0 0 -180 0 -0 0 0 0.818107 -100.376 0 0 0 -180 0 -180 0 -180
inside=1 lambda=0.647 phi=30 theta=0
0 -0 0 -180 0 0 0 0 0.126478 -176.296 0 0 0 -0 0 -180 0 0
0 -0 0 0 0 -180 0 -180 0.855951 -112.37 0 -180 0 -0 0 0 0 -180
0 -0 0 -0 0 -180 0 180 6.68011e-15 23.0515 0 -0 0 180 0 180 0 0
0 -180 0 -0 0 0 0 180 9.62217e-14 -23.7787 0 -180 0 0 0 180 0 -180
0 0 0 -180 0 -180 0 180 1.07559e-14 -8.23057 0 -0 0 -180 0 0 0 0
0 -180 0 0 0 0 0 180 6.01803e-15 -105.653 0 -180 0 0 0 -180 0 -180
0 0 0 0 0 0 0 -180 0.198453 -176.962 0 -180 0 0 0 0 0 0
0 -180 0 -180 0 -180 0 0 0.779793 -112.356 0 0 0 -180 0 -180 0 -180
inside=1 lambda=0.647 phi=30 theta=15
0 -0 0 -180 0 0 0 0 0.131353 -176.362 0 0 0 -0 0 -180 0 0
0 -0 0 0 0 -180 0 -180 0.85082 -112.379 0 -180 0 -0 0 0 0 -180
0 -0 0 -0 0 -180 0 -180 0.0184595 1.90912 0 0 0 180 0 0 0 0
0 -180 0 -0 0 0 0 0 0.019882 -96.5994 0 -180 0 0 0 180 0 -180
0 0 0 -180 0 -180 0 -0 0.0183619 1.9053 0 0 0 -180 0 0 0 0
0 -180 0 0 0 0 0 -0 0.0195828 -99.1803 0 180 0 0 0 -180 0 -180
0 0 0 0 0 -0 0 -180 0.193744 -176.925 0 -180 0 0 0 0 0 0
0 -180 0 -180 0 -180 0 0 0.784859 -112.374 0 0 0 -180 0 -180 0 -180
inside=1 lambda=0.647 phi=30 theta=30
0 -0 0 -180 0 0 0 0 0.144657 -176.516 0 0 0 -0 0 -180 0 0
0 -0 0 0 0 -180 0 -180 0.836825 -112.401 0 -180 0 -0 0 0 0 -180
0 -0 0 -0 0 -180 0 -180 0.0319162 1.90628 0 0 0 180 0 0 0 0
0 -180 0 -0 0 0 0 0 0.0342933 -97.3184 0 -180 0 0 0 180 0 -180
0 0 0 -180 0 180 0 -0 0.0318285 1.90931 0 0 0 -180 0 0 0 0
0 -180 0 0 0 0 0 -0 0.0340051 -98.7803 0 180 0 0 0 -180 0 -180
0 -0 0 0 0 -0 0 -180 0.18074 -176.827 0 -180 0 0 0 0 0 0
0 -180 0 -180 0 -0 0 0 0.798735 -112.405 0 0 0 -180 0 -180 0 -180
inside=1 lambda=0.647 phi=30 theta=45
0 -0 0 -180 0 0 0 0 0.162766 -176.685 0 0 0 -0 0 -180 0 0
0 -0 0 0 0 -180 0 -180 0.817752 -112.415 0 -180 0 -0 0 0 0 -180
0 0 0 -0 0 -180 0 -180 0.0367946 1.90879 0 0 0 180 0 0 0 0
0 -180 0 -0 0 0 0 0 0.0394166 -98.1257 0 -180 0 0 0 180 0 -180
0 0 0 -180 0 180 0 -0 0.0367946 1.90879 0 0 0 -180 0 0 0 0
0 -180 0 0 0 0 0 -0 0.0394166 -98.1257 0 180 0 0 0 -180 0 -180
0 -0 0 0 0 -0 0 -180 0.162766 -176.685 0 -180 0 0 0 0 0 0
0 -0 0 -180 0 -0 0 0 0.817752 -112.415 0 0 0 -180 0 -180 0 -180
inside=1 lambda=0.647 phi=35 theta=0
0 -0 0 -180 0 0 0 0 0.11643 -175.327 0 0 0 -0 0 -180 0 0
0 -0 0 0 0 180 0 -180 0.871742 -125.92 0 180 0 -0 0 0 0 180
0 -0 0 -0 0 -180 0 180 1.23701e-14 -49.6444 0 -0 0 180 0 180 0 0
0 -180 0 -0 0 0 0 0 1.56272e-14 125.371 0 -0 0 0 0 180 0 -180
0 0 0 -180 0 -180 0 -0 3.3549e-14 90.8056 0 -0 0 -180 0 0 0 0
0 -180 0 0 0 0 0 -0 6.75941e-14 160.71 0 -0 0 0 0 -180 0 -180
0 0 0 0 0 0 0 -180 0.218517 -176.091 0 -180 0 0 0 0 0 0
0 -180 0 -180 0 -180 0 -0 0.76327 -125.817 0 0 0 -180 0 -180 0 -180
inside=1 lambda=0.647 phi=35 theta=15
0 -0 0 -180 0 0 0 0 0.123422 -175.442 0 0 0 -0 0 -180 0 0
0 -0 0 0 0 180 0 -180 0.864401 -125.934 0 180 0 -0 0 0 0 180
0 -0 0 -0 0 -180 0 -180 0.0268546 1.93288 0 0 0 180 0 0 0 0
0 -180 0 -0 0 0 0 0 0.0284936 -109.886 0 180 0 0 0 180 0 -180
0 0 0 -180 0 -180 0 -0 0.0264887 2.24737 0 0 0 -180 0 0 0 0
0 -180 0 0 0 0 0 -0 0.0278553 -113.415 0 180 0 0 0 -180 0 -180
0 -0 0 0 0 -0 0 -180 0.212093 -176.073 0 -180 0 0 0 0 0 0
0 -180 0 -180 0 -180 0 -0 0.770423 -125.866 0 0 0 -180 0 -180 0 -180
inside=1 lambda=0.647 phi=35 theta=30
0 -0 0 -180 0 0 0 0 0.142503 -175.681 0 0 0 -0 0 -180 0 0
0 -0 0 0 0 180 0 -180 0.844399 -125.964 0 -180 0 -0 0 0 0 180
0 -0 0 -0 0 -180 0 -180 0.0462913 2.0147 0 0 0 180 0 0 0 0
0 -180 0 -0 0 0 0 0 0.0490173 -110.986 0 -180 0 0 0 180 0 -180
0 0 0 -180 0 180 0 -0 0.0459792 2.1959 0 0 0 -180 0 0 0 0
0 -180 0 0 0 0 0 -0 0.0484257 -112.951 0 180 0 0 0 -180 0 -180
0 -0 0 0 0 -0 0 -180 0.193944 -176.016 0 -180 0 0 0 0 0 0
0 -180 0 -180 0 -0 0 -0 0.790104 -125.945 0 0 0 -180 0 -180 0 -180
inside=1 lambda=0.647 phi=35 theta=45
0 -0 0 -180 0 0 0 0 0.168418 -175.892 0 0 0 -0 0 -180 0 0
0 -0 0 0 0 -180 0 -180 0.817182 -125.978 0 -180 0 -0 0 0 0 -180
0 -0 0 -0 0 -180 0 -180 0.0532429 2.11452 0 0 0 180 0 0 0 0
0 -180 0 -0 0 0 0 0 0.0562184 -112.114 0 -180 0 0 0 180 0 -180
0 -0 0 -180 0 180 0 -0 0.0532429 2.11452 0 0 0 -180 0 0 0 0
0 -180 0 0 0 0 0 -0 0.0562184 -112.114 0 180 0 0 0 -180 0 -180
0 -0 0 0 0 -0 0 -180 0.168418 -175.892 0 -180 0 0 0 0 0 0
0 -0 0 -180 0 -0 0 0 0.817182 -125.978 0 0 0 -180 0 -180 0 -180
inside=1 lambda=0.647 phi=40 theta=0
0 -0 0 -180 0 0 0 0 0.102394 -175.993 0 0 0 -0 0 -180 0 0
0 -0 0 0 0 180 0 -180 0.892065 -140.666 0 180 0 -0 0 0 0 180
0 -0 0 -0 0 -180 0 0 5.80542e-14 -71.3994 0 0 0 180 0 180 0 0
0 -180 0 -0 0 -0 0 -0 1.08274e-13 -48.2011 0 -0 0 0 0 180 0 180
0 0 0 -180 0 -180 0 180 8.22085e-14 75.8386 0 180 0 -180 0 0 0 0
0 -180 0 0 0 0 0 -0 2.37896e-13 -40.0784 0 -0 0 0 0 -180 0 -180
0 0 0 0 0 0 0 -180 0.24261 -175.757 0 -180 0 0 0 0 0 0
0 -180 0 -180 0 -180 0 -0 0.742672 -140.314 0 0 0 -180 0 -180 0 -180
inside=1 lambda=0.647 phi=40 theta=15
0 -0 0 -180 0 0 0 0 0.112092 -176.07 0 0 0 -0 0 -180 0 0
0 -0 0 0 0 180 0 -180 0.881893 -140.687 0 180 0 -0 0 0 0 180
0 -0 0 -0 0 -180 0 -180 0.0378268 1.16241 0 0 0 180 0 0 0 0
0 -180 0 -0 0 -0 0 -0 0.0395136 -124.412 0 180 0 0 0 180 0 180
0 0 0 -180 0 -180 0 -0 0.0369098 2.26302 0 0 0 -180 0 0 0 0
0 -180 0 0 0 0 0 -0 0.0382746 -129.059 0 180 0 0 0 -180 0 -180
0 -0 0 0 0 -0 0 -180 0.234613 -175.885 0 -180 0 0 0 0 0 0
0 -180 0 -180 0 -180 0 -0 0.752332 -140.449 0 0 0 -180 0 180 0 -180
inside=1 lambda=0.647 phi=40 theta=30
0 -0 0 -180 0 0 0 0 0.138707 -176.204 0 0 0 -0 0 -180 0 0
0 -0 0 0 0 180 0 -180 0.85422 -140.721 0 180 0 -0 0 0 0 180
0 -0 0 -0 0 -180 0 -180 0.0648776 1.4908 0 0 0 180 0 0 0 0
0 -180 0 -0 0 -0 0 -0 0.0677017 -126.095 0 180 0 0 0 180 0 180
0 0 0 -180 0 180 0 -0 0.0641897 2.06578 0 0 0 -180 0 0 0 0
0 -180 0 0 0 0 0 -0 0.0666356 -128.613 0 180 0 0 0 180 0 180
0 -0 0 0 0 -0 0 -180 0.210229 -176.108 0 -180 0 0 0 0 0 0
0 -180 0 -180 0 -0 0 -0 0.779287 -140.637 0 0 0 180 0 180 0 180
inside=1 lambda=0.647 phi=40 theta=45
0 -0 0 -180 0 0 0 0 0.174864 -176.232 0 0 0 -0 0 -180 0 0
0 -180 0 -0 0 180 0 -180 0.816617 -140.722 0 180 0 -0 0 0 0 180
0 -0 0 -0 0 -180 0 -180 0.0744395 1.8116 0 0 0 180 0 0 0 0
0 -180 0 -0 0 -0 0 0 0.0774676 -127.61 0 180 0 0 0 180 0 180
0 -0 0 -180 0 180 0 -0 0.0744395 1.8116 0 0 0 -180 0 0 0 0
0 -180 0 0 0 0 0 -0 0.0774676 -127.61 0 180 0 -0 0 180 0 180
0 -0 0 0 0 -0 0 -180 0.174864 -176.232 0 -180 0 0 0 0 0 0
0 -180 0 -180 0 -0 0 -0 0.816617 -140.722 0 0 0 180 0 180 0 180
inside=1 lambda=0.647 phi=45 theta=0
0 -0 0 180 0 0 0 0 0.084201 -179.505 0 0 0 -0 0 180 0 0
0 -0 0 0 0 180 0.0213491 136.797 0.915831 -156.124 0 180 0 -0 0 0 0 180
0 -0 0 -180 0 -180 0 0 2.72236e-14 -80.4214 0 180 0 180 0 0 0 0
0 -180 0 -0 0 -0 1.54827e-13 151.954 3.15981e-14 -89.5142 0 -0 0 0 0 180 0 180
0 0 0 -180 0 -180 0 -0 1.99727e-13 90.6448 0 -0 0 -180 0 0 0 0
0 -180 0 -0 0 0 7.39507e-13 68.5717 2.20168e-13 -106.517 0 -180 0 0 0 180 0 -180
0 0 0 0 0 0 0 -180 0.25996 -176.369 0 -180 0 0 0 0 0 0
0 -180 0 180 0 -180 0.288304 -29.0162 0.713013 -154.748 0 0 0 -180 0 180 0 -180
inside=1 lambda=0.647 phi=45 theta=15
0 -0 0 -180 0 0 0 0 0.094366 -179.168 0 0 0 -0 0 180 0 0
0 -0 0 0 0 180 0 -180 0.904497 -156.248 0 180 0 -0 0 0 0 180
0 -0 0 -0 0 -180 0 -180 0.0518958 -0.57047 0 0 0 180 0 0 0 0
0 -180 0 -0 0 -0 0 -0 0.053554 -139.425 0 180 0 0 0 180 0 180
0 0 0 -180 0 180 0 -0 0.0499435 2.1893 0 0 0 -180 0 0 0 0
0 -180 0 -0 0 0 0 -0 0.051211 -145.514 0 180 0 0 0 180 0 180
0 -0 0 0 0 -0 0 -180 0.25941 -175.949 0 -180 0 0 0 0 0 0
0 -180 0 -180 0 -180 0 -0 0.730365 -155.592 0 0 0 180 0 180 0 180
inside=1 lambda=0.647 phi=45 theta=30
0 -0 0 -180 0 0 0 0 0.130473 -178.378 0 0 0 -0 0 180 0 0
0 -0 0 -0 0 180 0 -180 0.867193 -156.296 0 180 0 -0 0 0 0 180
0 -0 0 -0 0 -180 0 -180 0.0881762 0.407098 0 0 0 180 0 0 0 0
0 -180 0 -0 0 -0 0 -0 0.0910475 -142.228 0 180 0 0 0 180 0 180
0 -0 0 -180 0 180 0 -0 0.0871279 1.61337 0 0 0 -180 0 0 0 0
0 -180 0 -0 0 0 0 -0 0.0893608 -145.365 0 180 0 -0 0 180 0 180
0 -0 0 0 0 -0 0 -180 0.228173 -177.036 0 -180 0 0 0 0 0 0
0 -180 0 -180 0 -0 0 -0 0.766207 -156.067 0 0 0 180 0 180 0 180
inside=1 lambda=0.647 phi=45 theta=45
0 -0 0 -180 0 0 0 0 0.179918 -177.758 0 0 0 -0 0 -180 0 0
0 -180 0 -0 0 180 0 -180 0.816499 -156.257 0 180 0 -0 0 0 0 180
0 -0 0 -0 0 -180 0 -180 0.101056 1.09401 0 0 0 180 0 0 0 0
0 -180 0 -0 0 -0 0 -0 0.10397 -144.225 0 180 0 0 0 180 0 180
0 -0 0 -180 0 180 0 -0 0.101056 1.09401 0 0 0 -180 0 0 0 0
0 -180 0 -0 0 0 0 -0 0.10397 -144.225 0 180 0 -0 0 180 0 180
0 -0 0 0 0 -0 0 -180 0.179918 -177.758 0 -180 0 0 0 0 0 0
0 -180 0 -180 0 -0 0 -0 0.816499 -156.257 0 0 0 180 0 180 0 180
