RSoft_BSDF_File_Version 2
1 0 5 2 1 1.09714
0.3 0.3
-1 1
-1 1
1 0.647 0.647
10 0 45 0.5
4 0 45
Begin_Dispersion_Data
0.647 1.45662 0 1 0 0
End_Dispersion_Data
inside=0 lambda=0.647 phi=0 theta=0
0 -180 0 -180 0 -180 0 0 0.171786 -10.6572 0 0 0 -180 0 -180 0 -180
0 180 0 180 0 180 0 -0 1.18896 -21.9378 0 -0 0 180 0 180 0 180
0 -180 0 180 0 0 0 0 1.07768e-12 111.066 0 -0 0 0 0 180 0 -180
0 180 0 -0 0 -0 0 -180 1.71086e-12 -133.725 0 0 0 -0 0 -0 0 180
0 -180 0 -0 0 0 0 0 4.24773e-13 84.2256 0 0 0 0 0 -0 0 -180
0 180 0 -0 0 -0 0 -180 1.9175e-12 -108.831 0 -180 0 -0 0 -0 0 180
0 -180 0 0 0 -180 0 -180 0.171786 -10.6572 0 -180 0 -180 0 0 0 -180
0 180 0 -0 0 180 0 180 1.18896 -21.9378 0 180 0 180 0 -0 0 180
inside=0 lambda=0.647 phi=0 theta=15
0 -180 0 -180 0 -180 0 0 0.171786 -10.6572 0 0 0 -180 0 -180 0 -180
0 180 0 180 0 180 0 -0 1.18896 -21.9378 0 -0 0 180 0 180 0 180
0 -180 0 180 0 0 0 0 1.07768e-12 111.066 0 -0 0 0 0 180 0 -180
0 180 0 -0 0 -0 0 -180 1.71086e-12 -133.725 0 0 0 -0 0 -0 0 180
0 -180 0 -0 0 0 0 0 4.24773e-13 84.2256 0 0 0 0 0 -0 0 -180
0 180 0 -0 0 -0 0 -180 1.9175e-12 -108.831 0 -180 0 -0 0 -0 0 180
0 -180 0 0 0 -180 0 -180 0.171786 -10.6572 0 -180 0 -180 0 0 0 -180
0 180 0 -0 0 180 0 180 1.18896 -21.9378 0 180 0 180 0 -0 0 180
inside=0 lambda=0.647 phi=0 theta=30
0 -180 0 -180 0 -180 0 0 0.171786 -10.6572 0 0 0 -180 0 -180 0 -180
0 180 0 180 0 180 0 -0 1.18896 -21.9378 0 -0 0 180 0 180 0 180
0 -180 0 180 0 0 0 0 1.07768e-12 111.066 0 -0 0 0 0 180 0 -180
0 180 0 -0 0 -0 0 -180 1.71086e-12 -133.725 0 0 0 -0 0 -0 0 180
0 -180 0 -0 0 0 0 0 4.24773e-13 84.2256 0 0 0 0 0 -0 0 -180
0 180 0 -0 0 -0 0 -180 1.9175e-12 -108.831 0 -180 0 -0 0 -0 0 180
0 -180 0 0 0 -180 0 -180 0.171786 -10.6572 0 -180 0 -180 0 0 0 -180
0 180 0 -0 0 180 0 180 1.18896 -21.9378 0 180 0 180 0 -0 0 180
inside=0 lambda=0.647 phi=0 theta=45
0 -180 0 -180 0 -180 0 0 0.171786 -10.6572 0 0 0 -180 0 -180 0 -180
0 180 0 180 0 180 0 -0 1.18896 -21.9378 0 -0 0 180 0 180 0 180
0 -180 0 180 0 0 0 0 1.07768e-12 111.066 0 -0 0 0 0 180 0 -180
0 180 0 -0 0 -0 0 -180 1.71086e-12 -133.725 0 0 0 -0 0 -0 0 180
0 -180 0 -0 0 0 0 0 4.24773e-13 84.2256 0 0 0 0 0 -0 0 -180
0 180 0 -0 0 -0 0 -180 1.9175e-12 -108.831 0 -180 0 -0 0 -0 0 180
0 -180 0 0 0 -180 0 -180 0.171786 -10.6572 0 -180 0 -180 0 0 0 -180
0 180 0 -0 0 180 0 180 1.18896 -21.9378 0 180 0 180 0 -0 0 180
inside=0 lambda=0.647 phi=5 theta=0
0 -180 0 -180 0 -180 0 0 0.165418 -13.043 0 0 0 -180 0 -180 0 -180
0 180 0 180 0 180 0 -0 1.18771 -26.0711 0 -0 0 180 0 180 0 180
0 -180 0 -0 0 0 0 -0 5.87877e-13 -163.71 0 -0 0 0 0 180 0 -180
0 180 0 0 0 -0 0 180 2.74444e-12 -127.669 0 180 0 -0 0 -180 0 180
0 -180 0 -180 0 0 0 180 4.85673e-13 146.739 0 180 0 0 0 0 0 -180
0 180 0 180 0 -0 0 0 2.06778e-12 -127.735 0 -180 0 -0 0 -0 0 180
0 -180 0 0 0 -180 0 -180 0.168776 -13.5244 0 -180 0 -180 0 0 0 -180
0 180 0 -0 0 180 0 180 1.19216 -26.1743 0 180 0 180 0 -0 0 180
inside=0 lambda=0.647 phi=5 theta=15
0 -180 0 -180 0 -180 0 0 0.165642 -13.0759 0 0 0 -180 0 -180 0 -180
0 180 0 180 0 180 0 -0 1.18801 -26.0781 0 -0 0 180 0 180 0 180
0 -180 0 -0 0 0 0 -180 0.000870727 144.886 0 0 0 0 0 180 0 -180
0 180 0 0 0 -0 0 180 0.00175934 103.31 0 -0 0 -0 0 -180 0 180
0 -180 0 -180 0 0 0 -0 0.000870984 144.88 0 180 0 0 0 0 0 -180
0 180 0 180 0 -0 0 0 0.00175218 103.484 0 -180 0 -0 0 -0 0 180
0 -180 0 0 0 -180 0 -180 0.16855 -13.4928 0 -180 0 -180 0 0 0 -180
0 180 0 -0 0 180 0 180 1.19186 -26.1675 0 180 0 180 0 -0 0 180
inside=0 lambda=0.647 phi=5 theta=30
0 -180 0 -180 0 -180 0 0 0.166256 -13.1653 0 0 0 -180 0 -180 0 -180
0 180 0 180 0 180 0 -0 1.18882 -26.0972 0 -0 0 180 0 180 0 180
0 -180 0 -0 0 0 0 -180 0.00150824 144.885 0 0 0 0 0 180 0 -180
0 180 0 0 0 -0 0 180 0.00304461 103.347 0 -0 0 -0 0 -180 0 180
0 -180 0 -180 0 0 0 -0 0.00150849 144.881 0 180 0 0 0 0 0 -180
0 180 0 180 0 -0 0 0 0.00303744 103.448 0 -180 0 -0 0 -0 0 180
0 -180 0 0 0 -180 0 -180 0.167935 -13.406 0 -180 0 -180 0 0 0 -180
0 180 0 -0 0 180 0 180 1.19104 -26.1488 0 180 0 180 0 -0 0 180
inside=0 lambda=0.647 phi=5 theta=45
0 -180 0 -180 0 -180 0 0 0.167094 -13.2862 0 0 0 -180 0 -180 0 -180
0 180 0 180 0 180 0 -0 1.18993 -26.1231 0 -0 0 180 0 180 0 180
0 -180 0 -0 0 0 0 -180 0.00174171 144.883 0 0 0 0 0 180 0 -180
0 180 0 0 0 -0 0 180 0.00351145 103.398 0 -0 0 -0 0 -180 0 180
0 -180 0 -180 0 0 0 -0 0.00174171 144.883 0 180 0 0 0 0 0 -180
0 180 0 180 0 -0 0 0 0.00351145 103.398 0 -180 0 -0 0 -0 0 180
0 -180 0 0 0 -180 0 -180 0.167094 -13.2862 0 -180 0 -180 0 0 0 -180
0 180 0 -0 0 180 0 180 1.18993 -26.1231 0 180 0 180 0 -0 0 180
inside=0 lambda=0.647 phi=10 theta=0
0 -180 0 -180 0 -180 0 0 0.142901 -19.2644 0 0 0 -180 0 -180 0 -180
0 180 0 180 0 180 0 -0 1.18396 -38.5369 0 -0 0 180 0 180 0 180
0 -180 0 -0 0 0 0 -0 1.1277e-13 26.6436 0 180 0 0 0 180 0 -180
0 180 0 0 0 -0 0 0 6.89543e-13 54.9769 0 -180 0 -0 0 -180 0 180
0 -180 0 -180 0 0 0 180 1.24431e-14 -57.129 0 180 0 0 0 0 0 -180
0 180 0 180 0 -0 0 -180 3.32946e-13 47.557 0 -0 0 -0 0 -0 0 180
0 -180 0 0 0 -180 0 -180 0.154147 -21.6257 0 -180 0 -180 0 0 0 -180
0 180 0 -0 0 180 0 180 1.20311 -38.9453 0 180 0 180 0 -0 0 180
inside=0 lambda=0.647 phi=10 theta=15
0 -180 0 -180 0 -180 0 0 0.14364 -19.4336 0 0 0 -180 0 -180 0 -180
0 180 0 180 0 180 0 -0 1.18523 -38.5661 0 -0 0 180 0 180 0 180
0 -180 0 -0 0 0 0 -180 0.00296731 132.466 0 0 0 0 0 180 0 -180
0 180 0 0 0 -0 0 180 0.00740708 91.8532 0 -0 0 -0 0 -180 0 180
0 -180 0 -180 0 0 0 -0 0.00297339 132.425 0 180 0 0 0 0 0 -180
0 180 0 180 0 -0 0 0 0.0072899 92.58 0 -180 0 -0 0 -0 0 180
0 -180 0 0 0 -180 0 -180 0.153381 -21.4778 0 -180 0 -180 0 0 0 -180
0 180 0 -0 0 180 0 180 1.20182 -38.9198 0 180 0 180 0 -0 0 180
inside=0 lambda=0.647 phi=10 theta=30
0 -180 0 -180 0 -180 0 0 0.145671 -19.8873 0 0 0 -180 0 -180 0 -180
0 180 0 180 0 180 0 -0 1.18872 -38.6446 0 -0 0 180 0 180 0 180
0 -180 0 -0 0 0 0 -180 0.00514169 132.463 0 0 0 0 0 180 0 -180
0 180 0 0 0 -0 0 180 0.0127838 92.0123 0 -0 0 -0 0 -180 0 180
0 -180 0 -180 0 0 0 -0 0.00514776 132.439 0 180 0 0 0 0 0 -180
0 180 0 180 0 -0 0 0 0.0126667 92.4319 0 -180 0 -0 0 -0 0 180
0 -180 0 0 0 -180 0 -180 0.151295 -21.0665 0 -180 0 -180 0 0 0 -180
0 180 0 -0 0 180 0 180 1.19829 -38.8489 0 180 0 180 0 -0 0 180
inside=0 lambda=0.647 phi=10 theta=45
0 -180 0 -180 0 -180 0 0 0.148469 -20.4875 0 0 0 -180 0 -180 0 -180
0 180 0 180 0 180 0 -0 1.19349 -38.7486 0 -0 0 180 0 180 0 180
0 -180 0 -0 0 0 0 -180 0.00594057 132.453 0 0 0 0 0 180 0 -180
0 180 0 0 0 -0 0 180 0.0146923 92.2249 0 -0 0 -0 0 -180 0 180
0 -180 0 -180 0 0 0 -0 0.00594057 132.453 0 180 0 0 0 0 0 -180
0 180 0 180 0 -0 0 0 0.0146923 92.2249 0 -180 0 -0 0 -0 0 180
0 -180 0 0 0 -180 0 -180 0.148469 -20.4875 0 -180 0 -180 0 0 0 -180
0 180 0 -0 0 180 0 180 1.19349 -38.7486 0 180 0 180 0 -0 0 180
inside=0 lambda=0.647 phi=15 theta=0
0 -180 0 -180 0 -180 0 0 0.0995843 -23.6074 0 0 0 -180 0 -180 0 -180
0 180 0 180 0 0 0 -0 1.17596 -59.5226 0 -180 0 180 0 180 0 0
0 -180 0 -0 0 0 0 180 3.13921e-14 -135.215 0 -0 0 0 0 180 0 -180
0 180 0 0 0 -180 0 -0 7.71247e-14 10.0063 0 180 0 -0 0 -180 0 0
0 -180 0 -180 0 0 0 -0 8.13909e-14 -125.152 0 0 0 0 0 0 0 -180
0 180 0 180 0 -0 0 -180 3.64823e-13 -131.958 0 0 0 -0 0 -0 0 180
0 -180 0 0 0 -180 0 -180 0.112483 -30.7824 0 -180 0 -180 0 0 0 -180
0 180 0 -0 0 180 0 0 1.22468 -60.5133 0 180 0 180 0 -0 0 180
inside=0 lambda=0.647 phi=15 theta=15
0 -180 0 -180 0 -180 0 0 0.10036 -24.1217 0 0 0 180 0 -180 0 -180
0 180 0 180 0 0 0 -0 1.17916 -59.6009 0 -180 0 180 0 180 0 0
0 -180 0 -0 0 0 0 -180 0.00381184 110.298 0 0 0 0 0 180 0 -180
0 180 0 0 0 -180 0 180 0.0185467 71.3118 0 -180 0 -0 0 -180 0 0
0 -180 0 -180 0 0 0 -0 0.00385854 110.065 0 180 0 0 0 0 0 -180
0 180 0 180 0 -0 0 0 0.0179185 72.9564 0 -180 0 -0 0 -180 0 180
0 -180 0 0 0 -180 0 -180 0.111535 -30.3308 0 -180 0 -180 0 0 0 -180
0 180 0 -0 0 180 0 180 1.22135 -60.4589 0 180 0 0 0 -180 0 180
inside=0 lambda=0.647 phi=15 theta=30
0 -180 0 -180 0 -180 0 0 0.102548 -25.4995 0 0 0 -180 0 -180 0 -180
0 180 0 180 0 0 0 -0 1.18794 -59.8059 0 -180 0 180 0 180 0 0
0 -180 0 -0 0 0 0 -180 0.00661798 110.295 0 0 0 0 0 180 0 -180
0 180 0 0 0 -180 0 180 0.0318595 71.685 0 -180 0 -0 0 -180 0 0
0 -180 0 -180 0 0 0 -0 0.00666457 110.162 0 180 0 0 0 0 0 -180
0 180 0 180 0 -0 0 0 0.0312339 72.6338 0 -180 0 -180 0 -180 0 180
0 -180 0 0 0 -180 0 -180 0.109004 -29.079 0 -180 0 -180 0 0 0 -180
0 180 0 -0 0 180 0 180 1.2123 -60.3014 0 180 0 0 0 -180 0 0
inside=0 lambda=0.647 phi=15 theta=45
0 -180 0 -180 0 -180 0 0 0.10569 -27.3208 0 0 0 -180 0 -180 0 -180
0 180 0 180 0 0 0 -0 1.20005 -60.0654 0 -180 0 180 0 180 0 0
0 -180 0 -0 0 0 0 -180 0.00766787 110.252 0 0 0 0 0 180 0 -180
0 180 0 0 0 -180 0 180 0.036408 72.172 0 -180 0 -0 0 -180 0 0
0 -180 0 -180 0 0 0 -0 0.00766787 110.252 0 180 0 0 0 0 0 -180
0 180 0 180 0 -0 0 0 0.036408 72.172 0 -180 0 -180 0 -180 0 0
0 -180 0 0 0 -180 0 -180 0.10569 -27.3208 0 -180 0 -180 0 0 0 -180
0 180 0 -0 0 180 0 180 1.20005 -60.0654 0 180 0 0 0 -180 0 0
inside=0 lambda=0.647 phi=20 theta=0
0 180 0 -180 0 -180 0 0 0.059735 1.12878 0 0 0 180 0 -180 0 -180
0 180 0 180 0 0 0 -180 1.15726 -89.1716 0 -180 0 180 0 180 0 0
0 -180 0 -0 0 0 0 -0 4.87671e-13 179.426 0 180 0 0 0 180 0 -180
0 180 0 -0 0 -180 0 0 9.766e-13 -146.908 0 -180 0 -0 0 180 0 0
0 -180 0 -180 0 0 0 180 6.69214e-14 166.156 0 180 0 0 0 0 0 -180
0 0 0 0 0 -180 0 -180 1.25297e-12 177.911 0 0 0 -180 0 -180 0 0
0 -180 0 0 0 -180 0 -180 0.056465 6.58605 0 -180 0 -180 0 0 0 -180
0 0 0 -180 0 0 0 0 1.25443 -91.4042 0 0 0 0 0 -180 0 0
inside=0 lambda=0.647 phi=20 theta=15
0 180 0 -180 0 -180 0 0 0.0596681 1.67566 0 0 0 180 0 -180 0 -180
0 180 0 180 0 0 0 -180 1.16343 -89.371 0 -180 0 180 0 180 0 0
0 -180 0 -0 0 0 0 -180 0.00311079 -91.6967 0 0 0 0 0 180 0 -180
0 0 0 -0 0 -180 0 0 0.0383545 39.0136 0 -180 0 -0 0 180 0 0
0 -180 0 -180 0 0 0 -180 0.00292848 -89.8379 0 180 0 0 0 0 0 -180
0 0 0 0 0 -180 0 -0 0.0360412 41.709 0 180 0 -180 0 -180 0 0
0 -180 0 0 0 -180 0 -180 0.0569141 6.4331 0 -180 0 -180 0 0 0 -180
0 0 0 -180 0 0 0 0 1.24756 -91.3048 0 0 0 0 0 -180 0 0
inside=0 lambda=0.647 phi=20 theta=30
0 180 0 -180 0 -180 0 0 0.0594136 3.05331 0 0 0 180 0 -180 0 -180
0 180 0 0 0 0 0 -180 1.18053 -89.8777 0 -180 0 180 0 0 0 0
0 -180 0 -180 0 0 0 -180 0.00532604 -91.7083 0 0 0 0 0 180 0 -180
0 0 0 -0 0 -180 0 0 0.0653386 39.6379 0 -180 0 -180 0 180 0 0
0 -180 0 -180 0 0 0 -180 0.00514522 -90.6628 0 180 0 0 0 0 0 -180
0 0 0 0 0 -180 0 -0 0.0630565 41.1914 0 180 0 -180 0 -180 0 0
0 -180 0 0 0 -180 0 -180 0.0579102 5.83287 0 -180 0 -180 0 0 0 -180
0 0 0 -180 0 0 0 0 1.22908 -90.9946 0 0 0 0 0 -180 0 0
inside=0 lambda=0.647 phi=20 theta=45
0 -180 0 -180 0 -180 0 0 0.0588422 4.6348 0 0 0 180 0 -180 0 -180
0 0 0 0 0 0 0 -180 1.20446 -90.4845 0 -180 0 0 0 0 0 0
0 -180 0 -180 0 0 0 -180 0.00604827 -91.3864 0 0 0 0 0 180 0 -180
0 0 0 -0 0 -180 0 0 0.0739985 40.4413 0 -180 0 -180 0 180 0 0
0 -180 0 -180 0 0 0 -180 0.00604827 -91.3864 0 180 0 0 0 0 0 -180
0 0 0 0 0 -180 0 -0 0.0739985 40.4413 0 180 0 -180 0 -180 0 0
0 -180 0 0 0 180 0 -180 0.0588422 4.6348 0 -180 0 -180 0 0 0 -180
0 0 0 -180 0 0 0 0 1.20446 -90.4845 0 0 0 0 0 -180 0 0
inside=0 lambda=0.647 phi=25 theta=0
0 180 0 180 0 -180 0 0 0.0802557 28.1737 0 0 0 180 0 180 0 -180
0 0 0 0 0 0 0 -180 1.12179 -127.301 0 180 0 0 0 0 0 0
0 180 0 -0 0 0 0 180 1.97423e-13 57.1023 0 180 0 -0 0 180 0 -180
0 0 0 -0 0 -180 0 -0 5.66445e-13 153.366 0 -0 0 -180 0 180 0 0
0 -180 0 -180 0 0 0 180 4.08486e-13 19.0212 0 -0 0 0 0 0 0 -180
0 0 0 0 0 -180 0 0 2.90221e-13 143.266 0 0 0 -180 0 -180 0 0
0 -180 0 0 0 -180 0 -180 0.169499 37.5245 0 -180 0 -180 0 0 0 -180
0 0 0 -180 0 0 0 0 1.27556 -131.663 0 0 0 0 0 -180 0 0
inside=0 lambda=0.647 phi=25 theta=15
0 180 0 -180 0 -180 0 0 0.0868383 28.9083 0 0 0 180 0 180 0 -180
0 0 0 0 0 0 0 -180 1.13086 -127.75 0 180 0 0 0 0 0 0
0 180 0 -180 0 0 0 -180 0.0257374 -137.188 0 0 0 -0 0 180 0 -180
0 0 0 -0 0 -180 0 0 0.0681223 -5.2032 0 -180 0 -180 0 180 0 0
0 -180 0 -180 0 0 0 -180 0.0252899 -136.783 0 180 0 0 0 0 0 -180
0 0 0 0 0 -180 0 -0 0.060694 -1.34039 0 180 0 -180 0 -180 0 0
0 -180 0 0 0 -180 0 -180 0.164405 36.9084 0 -180 0 -180 0 0 0 -180
0 0 0 -180 0 0 0 0 1.26378 -131.526 0 0 0 0 0 -180 0 0
inside=0 lambda=0.647 phi=25 theta=30
0 180 0 -180 0 -180 0 0 0.104472 30.832 0 0 0 180 0 -180 0 -180
0 0 0 0 0 0 0 -180 1.15649 -128.842 0 -180 0 0 0 0 0 0
0 -180 0 -180 0 0 0 -180 0.0444091 -137.23 0 0 0 -0 0 180 0 -180
0 0 0 -0 0 -180 0 0 0.113853 -4.31279 0 -180 0 -180 0 180 0 0
0 -180 0 -180 0 0 0 -180 0.0439848 -136.994 0 180 0 0 0 0 0 -180
0 0 0 0 0 -180 0 -0 0.106687 -2.07714 0 180 0 -180 0 -180 0 0
0 -180 0 0 0 -180 0 -180 0.149505 35.3261 0 -180 0 -180 0 0 0 -180
0 0 0 -180 0 0 0 0 1.23298 -131.019 0 0 0 0 0 -180 0 0
inside=0 lambda=0.647 phi=25 theta=45
0 -180 0 -180 0 -180 0 0 0.127624 33.1762 0 0 0 180 0 -180 0 -180
0 0 0 0 0 0 0 -180 1.19349 -130.069 0 -180 0 0 0 0 0 0
0 -180 0 -180 0 0 0 -180 0.0510282 -137.168 0 0 0 0 0 180 0 -180
0 0 0 -0 0 -180 0 0 0.126629 -3.15329 0 -180 0 -180 0 180 0 0
0 -180 0 -180 0 0 0 -180 0.0510282 -137.168 0 180 0 0 0 0 0 -180
0 0 0 0 0 -180 0 -0 0.126629 -3.15329 0 180 0 -180 0 -180 0 0
0 -180 0 0 0 180 0 -180 0.127624 33.1762 0 -180 0 -180 0 0 0 -180
0 0 0 -180 0 0 0 0 1.19349 -130.069 0 0 0 0 0 -180 0 0
inside=0 lambda=0.647 phi=30 theta=0
0 180 0 180 0 -180 0.0420942 -80.3519 0.0783179 35.9361 0 0 0 180 0 180 0 -180
0 0 0 0 0 -0 0 -180 1.06605 -173.845 0 180 0 0 0 0 0 -0
0 180 0 -0 0 0 3.54976e-14 -84.2036 1.80156e-13 119.289 0 -0 0 -0 0 180 0 -180
0 0 0 -0 0 180 0 0 5.00249e-13 -67.7892 0 0 0 -180 0 180 0 -0
0 -180 0 -180 0 0 5.46324e-14 -111.113 2.09733e-13 138.334 0 180 0 0 0 0 0 -180
0 -0 0 -0 0 180 0 -180 7.88557e-13 -78.8787 0 180 0 180 0 180 0 -0
0 -180 0 0 0 -180 0.183328 -126.545 0.285512 1.98576 0 -180 0 -180 0 0 0 -180
0 -0 0 180 0 -0 0 -0 1.29492 -179.46 0 -0 0 -0 0 180 0 -0
inside=0 lambda=0.647 phi=30 theta=15
0 180 0 180 0 -180 0 -0 0.0913151 25.8384 0 0 0 180 0 180 0 -180
0 0 0 0 0 -0 0 -180 1.08311 -174.678 0 180 0 0 0 0 0 -0
0 180 0 -180 0 0 0 -180 0.0565869 172.267 0 0 0 -0 0 180 0 -180
0 0 0 -0 0 180 0 0 0.108929 -54.273 0 180 0 -180 0 180 0 -0
0 -180 0 -180 0 0 0 -180 0.0563662 172.215 0 180 0 0 0 0 0 -180
0 -0 0 -0 0 180 0 -0 0.0877274 -47.4488 0 180 0 180 0 180 0 -0
0 -180 0 0 0 180 0 -180 0.273191 2.74786 0 -180 0 -180 0 0 0 -180
0 -0 0 180 0 -0 0 -0 1.28104 -179.547 0 -0 0 -0 0 180 0 -0
inside=0 lambda=0.647 phi=30 theta=30
0 180 0 -180 0 -180 0 -0 0.125811 12.5557 0 0 0 180 0 180 0 -180
0 0 0 0 0 -0 0 -180 1.12049 -176.545 0 180 0 0 0 0 0 -0
0 180 0 -180 0 0 0 -180 0.0978251 172.523 0 0 0 -0 0 180 0 -180
0 0 0 -0 0 180 0 0 0.174032 -52.6875 0 180 0 -180 0 180 0 -0
0 -180 0 -180 0 -0 0 -180 0.0977334 172.572 0 180 0 0 0 0 0 -180
0 -0 0 -0 0 -180 0 -0 0.154954 -48.5566 0 180 0 180 0 180 0 -0
0 -180 0 0 0 180 0 -180 0.234493 3.29264 0 -180 0 -180 0 0 0 -180
0 0 0 180 0 0 0 -0 1.23386 -179.305 0 0 0 -0 0 180 0 -0
inside=0 lambda=0.647 phi=30 theta=45
0 180 0 -180 0 -180 0 -0 0.179428 5.79835 0 0 0 180 0 180 0 -180
0 0 0 0 0 -0 0 -180 1.17511 -178.258 0 180 0 0 0 0 0 -0
0 -180 0 -180 0 0 0 -180 0.112766 172.659 0 0 0 -0 0 180 0 -180
0 0 0 -0 0 180 0 -0 0.187257 -50.4601 0 180 0 -180 0 180 0 -0
0 -180 0 -180 0 -0 0 -180 0.112766 172.659 0 180 0 0 0 0 0 -180
0 0 0 -0 0 -180 0 -0 0.187257 -50.4601 0 180 0 180 0 180 0 -0
0 180 0 -0 0 180 0 -180 0.179428 5.79835 0 180 0 -180 0 0 0 -180
0 0 0 -180 0 0 0 0 1.17511 -178.258 0 0 0 -0 0 180 0 -0
inside=0 lambda=0.647 phi=35 theta=0
0 180 0 180 0 -180 0.127565 -66.0428 0.125867 51.7475 0 0 0 180 0 180 0 -180
0 -0 0 0 0 -180 0 180 0.96475 130.299 0 0 0 -0 0 0 0 -180
0 180 0 -0 0 0 1.80629e-13 -74.3921 7.26785e-13 148.668 0 -0 0 -0 0 180 0 -180
0 -0 0 -180 0 0 0 180 1.29891e-12 46.0707 0 180 0 180 0 0 0 -180
0 -180 0 -180 0 0 3.99861e-13 90.9508 6.12195e-13 -140.968 0 180 0 0 0 0 0 -180
0 -0 0 -0 0 180 0 0 9.09427e-13 68.6329 0 -180 0 180 0 180 0 -0
0 -180 0 0 0 -180 0.186433 -84.9367 0.205336 -50.7918 0 -180 0 -180 0 0 0 -180
0 -0 0 180 0 -0 0 -180 1.42863 123.298 0 -0 0 -0 0 180 0 -0
inside=0 lambda=0.647 phi=35 theta=15
0 180 0 180 0 -180 0.0982924 -75.8828 0.116968 47.0718 0 0 0 180 0 180 0 -180
0 -0 0 0 0 -180 0 180 0.99559 128.533 0 0 0 -0 0 0 0 -180
0 180 0 -0 0 0 0.0281267 -132.139 0.0516837 98.1567 0 0 0 -0 0 0 0 -180
0 -0 0 -180 0 0 0 -0 0.198273 -106.384 0 0 0 180 0 0 0 -180
0 -180 0 -180 0 -0 0.0499132 -106.663 0.0552243 98.7547 0 0 0 0 0 0 0 -180
0 -0 0 -0 0 180 0 -180 0.154697 -94.5989 0 0 0 180 0 180 0 -0
0 -180 0 0 0 180 0.171883 -98.0238 0.177117 -48.3023 0 -180 0 -180 0 0 0 -180
0 -0 0 180 0 -0 0 -0 1.39828 122.533 0 -0 0 -0 0 180 0 -0
inside=0 lambda=0.647 phi=35 theta=30
0 180 0 180 0 -180 0 -0 0.0964688 27.203 0 0 0 180 0 180 0 -180
0 -0 0 -0 0 -180 0 180 1.08351 124.778 0 0 0 -0 0 -0 0 -180
0 180 0 -180 0 0 0 -180 0.0833973 98.3471 0 0 0 -0 0 0 0 -180
0 -0 0 -180 0 0 0 -0 0.313751 -104.735 0 0 0 180 0 0 0 -180
0 -180 0 -180 0 -0 0 -180 0.0865526 98.1671 0 0 0 0 0 0 0 -180
0 -0 0 -0 0 180 0 -180 0.271936 -97.53 0 0 0 0 0 0 0 -0
0 -180 0 -0 0 180 0 -180 0.123767 -35.3125 0 180 0 -180 0 0 0 -180
0 -0 0 180 0 -0 0 -0 1.31775 121.478 0 -0 0 -180 0 0 0 -180
inside=0 lambda=0.647 phi=35 theta=45
0 180 0 -180 0 -180 0 -0 0.0900985 -6.97112 0 0 0 180 0 180 0 -180
0 -0 0 -0 0 -180 0 180 1.1978 122.024 0 0 0 -0 0 -0 0 -180
0 180 0 -180 0 0 0 -180 0.0959486 99.0576 0 0 0 -0 0 0 0 -180
0 -0 0 -180 0 0 0 -0 0.33076 -101.005 0 0 0 180 0 0 0 -180
0 180 0 -180 0 -0 0 -180 0.0959486 99.0576 0 0 0 0 0 0 0 -180
0 -0 0 -0 0 180 0 -180 0.33076 -101.005 0 0 0 0 0 0 0 -180
0 180 0 -0 0 180 0 -180 0.0900985 -6.97112 0 180 0 -180 0 0 0 -180
0 -0 0 180 0 -0 0 -0 1.1978 122.024 0 -0 0 -180 0 0 0 -180
inside=0 lambda=0.647 phi=40 theta=0
0 180 0 180 0 -180 0.292141 -60.5159 0.122969 -49.2607 0 0 0 180 0 180 0 -180
0 -0 0 -0 0 180 0 180 0.760102 67.2608 0 -0 0 -0 0 -0 0 180
0 180 0 -0 0 0 7.96256e-14 0.0664274 1.79341e-13 124.694 0 -180 0 -0 0 180 0 -180
0 -0 0 180 0 -0 0 0 3.6408e-13 35.6354 0 -180 0 180 0 -0 0 180
0 -180 0 -180 0 0 2.31667e-13 144.113 7.65881e-13 179.933 0 -180 0 0 0 0 0 -180
0 -180 0 -180 0 0 0 180 7.96356e-13 -53.5603 0 -180 0 0 0 0 0 -180
0 -180 0 0 0 -180 0.355762 -73.446 0.322348 47.5265 0 -180 0 -180 0 0 0 -180
0 -180 0 0 0 -180 0 -180 1.60011 48.7196 0 -180 0 -180 0 0 0 -180
inside=0 lambda=0.647 phi=40 theta=15
0 180 0 180 0 -180 0.228046 -71.5005 0.14575 -27.9976 0 0 0 180 0 180 0 -180
0 -0 0 -0 0 180 0 180 0.80612 60.5358 0 -0 0 -0 0 -0 0 180
0 180 0 -0 0 0 0.0406711 110.488 0.0965955 -113.591 0 0 0 -0 0 180 0 -180
0 -0 0 180 0 -0 0 -180 0.407208 178.344 0 -0 0 180 0 -0 0 180
0 -180 0 -180 0 0 0.108397 -99.8235 0.095601 -113.003 0 180 0 0 0 0 0 -180
0 -180 0 -180 0 0 0 180 0.271501 -168.067 0 -0 0 0 0 0 0 -180
0 -180 0 0 0 -180 0.291002 -87.6654 0.34223 42.978 0 -180 0 -180 0 0 0 -180
0 -180 0 0 0 -180 0 -180 1.50906 45.4776 0 -180 0 -180 0 0 0 -180
inside=0 lambda=0.647 phi=40 theta=30
0 180 0 180 0 -180 0.0780768 -99.6214 0.215032 -2.32944 0 0 0 180 0 180 0 -180
0 -0 0 -0 0 180 0 180 0.939684 49.8454 0 -0 0 -0 0 -0 0 180
0 180 0 -0 0 0 0.0251982 153.387 0.179441 -115.793 0 0 0 -0 0 180 0 -180
0 -0 0 180 0 -0 0 -180 0.585575 178.597 0 -0 0 180 0 -0 0 -180
0 -180 0 -180 0 -0 0.101513 -135.42 0.177083 -115.019 0 180 0 0 0 0 0 -180
0 -180 0 -180 0 0 0 180 0.462764 -174.779 0 -0 0 0 0 0 0 -180
0 180 0 -0 0 180 0.190625 -129.165 0.336516 30.8016 0 -180 0 -180 0 0 0 -180
0 -180 0 0 0 -180 0 -180 1.31959 42.3385 0 -180 0 -180 0 0 0 -180
inside=0 lambda=0.647 phi=40 theta=45
0 180 0 180 0 -180 0 -0 0.281078 14.4126 0 0 0 180 0 180 0 -180
0 -0 0 -0 0 -180 0 0 1.12032 43.1407 0 0 0 -0 0 -0 0 -180
0 180 0 -180 0 0 0 180 0.213627 -118.572 0 0 0 -0 0 180 0 -180
0 -180 0 180 0 0 0 -180 0.570073 -179.42 0 0 0 0 0 -0 0 -180
0 180 0 180 0 -0 0 -180 0.213627 -118.572 0 180 0 0 0 0 0 -180
0 -180 0 -180 0 0 0 180 0.570073 -179.42 0 -0 0 0 0 0 0 -180
0 180 0 -0 0 180 0 180 0.281078 14.4126 0 180 0 -180 0 0 0 -180
0 -0 0 0 0 -0 0 -0 1.12032 43.1407 0 -0 0 -180 0 0 0 -180
inside=0 lambda=0.647 phi=45 theta=0
0 0 0 0 0 -180 0.282245 43.1976 0.954528 130.986 0 0 0 0 0 0 0 -180
0 -180 0 -180 0 0 0 0 0 0 0 -180 0 -180 0 -180 0 0
0 0 0 -180 0 0 6.51158e-13 47.3012 1.00524e-12 -121.234 0 0 0 -180 0 0 0 -180
0 -180 0 0 0 -180 0 0 0 -0 0 0 0 0 0 -180 0 0
0 180 0 180 0 -0 1.68333e-12 -6.89567 1.89245e-12 159.966 0 180 0 -0 0 -0 0 180
0 180 0 180 0 -0 0 180 0 -0 0 0 0 -0 0 -0 0 180
0 180 0 -0 0 180 0.190741 48.9343 0.98356 -46.3389 0 180 0 180 0 -0 0 180
0 180 0 -0 0 180 0 180 0 -0 0 180 0 180 0 -0 0 180
inside=0 lambda=0.647 phi=45 theta=15
0 0 0 0 0 -180 0.11451 13.4422 0.936304 119.072 0 0 0 0 0 0 0 -180
0 -180 0 -180 0 0 0 0 0 0 0 -180 0 -180 0 -180 0 0
0 -0 0 -180 0 0 0.110769 -95.5881 0.264358 102.635 0 0 0 -180 0 0 0 -180
0 -180 0 0 0 -180 0 -180 0 0 0 -180 0 0 0 -180 0 0
0 0 0 180 0 -0 0.10461 -27.9036 0.374371 103.027 0 0 0 180 0 -0 0 -180
0 180 0 180 0 -0 0 180 0 180 0 -180 0 -0 0 -0 0 180
0 0 0 -0 0 0 0.300095 13.5694 0.90222 -93.1305 0 180 0 0 0 0 0 -180
0 180 0 -0 0 180 0 180 0 -0 0 180 0 180 0 -0 0 180
inside=0 lambda=0.647 phi=45 theta=30
0 0 0 0 0 -180 0.0450933 -59.3678 0.957724 115.86 0 0 0 0 0 0 0 -180
0 -180 0 -180 0 0 0 0 0 -180 0 -180 0 180 0 180 0 0
0 -180 0 -180 0 0 0.116515 -111.884 0.207329 52.9371 0 0 0 -180 0 0 0 -180
0 -180 0 0 0 -180 0 -180 0 0 0 -180 0 -0 0 -180 0 0
0 -0 0 -180 0 -180 0.149802 -105.058 0.359599 54.3589 0 0 0 180 0 0 0 -180
0 180 0 180 0 -0 0 0 0 0 0 -180 0 -180 0 -180 0 0
0 -180 0 -180 0 0 0.305209 -58.1054 0.917632 170.064 0 0 0 -0 0 0 0 -180
0 -180 0 -0 0 180 0 180 0 -0 0 180 0 0 0 -180 0 0
inside=0 lambda=0.647 phi=45 theta=45
0 0 0 -180 0 -180 0 -180 0.975046 126.457 0 0 0 0 0 0 0 -180
0 -180 0 -180 0 0 0 -0 0 -180 0 -180 0 0 0 180 0 0
0 -180 0 -180 0 0 0 -180 0.222004 36.4566 0 0 0 -180 0 0 0 -180
0 -180 0 0 0 -180 0 -180 0 0 0 -180 0 -180 0 -180 0 0
0 -180 0 -180 0 -180 0 -180 0.222004 36.4566 0 0 0 0 0 0 0 -180
0 -180 0 -180 0 -180 0 0 0 0 0 -180 0 -180 0 -180 0 0
0 0 0 -180 0 0 0 -180 0.975046 126.457 0 0 0 -180 0 0 0 -180
0 -180 0 -0 0 0 0 -180 0 -180 0 180 0 0 0 -180 0 0
inside=1 lambda=0.647 phi=0 theta=0
0 -180 0 -180 0 -180 0 0 0.171786 146.782 0 0 0 -180 0 -180 0 -180
0 180 0 180 0 180 0 -0 0.816249 -21.9378 0 -0 0 180 0 180 0 180
0 -180 0 -0 0 0 0 180 6.52745e-13 -52.9744 0 -180 0 0 0 -0 0 -180
0 180 0 -180 0 -0 0 -180 1.40942e-12 45.8871 0 -0 0 -0 0 180 0 180
0 -180 0 0 0 0 0 -180 6.55223e-13 -134.889 0 -180 0 0 0 180 0 -180
0 180 0 180 0 -0 0 -180 1.69181e-12 71.8615 0 180 0 -0 0 180 0 180
0 -180 0 0 0 -180 0 -180 0.171786 146.782 0 -180 0 -180 0 0 0 -180
0 180 0 -0 0 180 0 180 0.816249 -21.9378 0 180 0 180 0 -0 0 180
inside=1 lambda=0.647 phi=0 theta=15
0 -180 0 -180 0 -180 0 0 0.171786 146.782 0 0 0 -180 0 -180 0 -180
0 180 0 180 0 180 0 -0 0.816249 -21.9378 0 -0 0 180 0 180 0 180
0 -180 0 -0 0 0 0 180 6.52745e-13 -52.9744 0 -180 0 0 0 -0 0 -180
0 180 0 -180 0 -0 0 -180 1.40942e-12 45.8871 0 -0 0 -0 0 180 0 180
0 -180 0 0 0 0 0 -180 6.55223e-13 -134.889 0 -180 0 0 0 180 0 -180
0 180 0 180 0 -0 0 -180 1.69181e-12 71.8615 0 180 0 -0 0 180 0 180
0 -180 0 0 0 -180 0 -180 0.171786 146.782 0 -180 0 -180 0 0 0 -180
0 180 0 -0 0 180 0 180 0.816249 -21.9378 0 180 0 180 0 -0 0 180
inside=1 lambda=0.647 phi=0 theta=30
0 -180 0 -180 0 -180 0 0 0.171786 146.782 0 0 0 -180 0 -180 0 -180
0 180 0 180 0 180 0 -0 0.816249 -21.9378 0 -0 0 180 0 180 0 180
0 -180 0 -0 0 0 0 180 6.52745e-13 -52.9744 0 -180 0 0 0 -0 0 -180
0 180 0 -180 0 -0 0 -180 1.40942e-12 45.8871 0 -0 0 -0 0 180 0 180
0 -180 0 0 0 0 0 -180 6.55223e-13 -134.889 0 -180 0 0 0 180 0 -180
0 180 0 180 0 -0 0 -180 1.69181e-12 71.8615 0 180 0 -0 0 180 0 180
0 -180 0 0 0 -180 0 -180 0.171786 146.782 0 -180 0 -180 0 0 0 -180
0 180 0 -0 0 180 0 180 0.816249 -21.9378 0 180 0 180 0 -0 0 180
inside=1 lambda=0.647 phi=0 theta=45
0 -180 0 -180 0 -180 0 0 0.171786 146.782 0 0 0 -180 0 -180 0 -180
0 180 0 180 0 180 0 -0 0.816249 -21.9378 0 -0 0 180 0 180 0 180
0 -180 0 -0 0 0 0 180 6.52745e-13 -52.9744 0 -180 0 0 0 -0 0 -180
0 180 0 -180 0 -0 0 -180 1.40942e-12 45.8871 0 -0 0 -0 0 180 0 180
0 -180 0 0 0 0 0 -180 6.55223e-13 -134.889 0 -180 0 0 0 180 0 -180
0 180 0 180 0 -0 0 -180 1.69181e-12 71.8615 0 180 0 -0 0 180 0 180
0 -180 0 0 0 -180 0 -180 0.171786 146.782 0 -180 0 -180 0 0 0 -180
0 180 0 -0 0 180 0 180 0.816249 -21.9378 0 180 0 180 0 -0 0 180
inside=1 lambda=0.647 phi=5 theta=0
0 -180 0 -180 0 -180 0 0 0.16887 144.031 0 0 0 -180 0 -180 0 -180
0 180 0 180 0 180 0 -0 0.817492 -23.8819 0 -0 0 180 0 180 0 180
0 -180 0 -180 0 0 0 -180 5.02638e-13 23.7405 0 180 0 0 0 0 0 -180
0 180 0 0 0 -0 0 -0 1.59097e-12 -109.633 0 -180 0 -0 0 -180 0 180
0 -180 0 -180 0 0 0 0 6.58276e-13 35.8465 0 0 0 0 0 0 0 -180
0 180 0 180 0 -0 0 -0 1.64997e-12 -111.619 0 180 0 -0 0 -0 0 180
0 -180 0 0 0 -180 0 -180 0.170485 144.152 0 -180 0 -180 0 0 0 -180
0 180 0 -0 0 180 0 180 0.815613 -23.9308 0 180 0 180 0 -0 0 180
inside=1 lambda=0.647 phi=5 theta=15
0 -180 0 -180 0 -180 0 0 0.168978 144.039 0 0 0 -180 0 -180 0 -180
0 180 0 180 0 180 0 -0 0.817366 -23.8852 0 -0 0 180 0 180 0 180
0 -180 0 -180 0 0 0 -180 0.000391509 -40.5284 0 0 0 0 0 0 0 -180
0 180 0 0 0 -0 0 180 0.00064036 19.1485 0 -0 0 -0 0 -180 0 180
0 -180 0 -180 0 0 0 -180 0.000391535 -40.4112 0 0 0 0 0 0 0 -180
0 180 0 180 0 -0 0 0 0.000639505 19.0729 0 -180 0 -0 0 -0 0 180
0 -180 0 0 0 -180 0 -180 0.170377 144.144 0 -180 0 -180 0 0 0 -180
0 180 0 -0 0 180 0 180 0.815738 -23.9275 0 180 0 180 0 -0 0 180
inside=1 lambda=0.647 phi=5 theta=30
0 -180 0 -180 0 -180 0 0 0.169274 144.062 0 0 0 -180 0 -180 0 -180
0 180 0 180 0 180 0 -0 0.817022 -23.8941 0 -0 0 180 0 180 0 180
0 -180 0 -180 0 0 0 -180 0.000678123 -40.5036 0 0 0 0 0 0 0 -180
0 180 0 0 0 -0 0 180 0.00110882 19.1324 0 -0 0 -0 0 -180 0 180
0 -180 0 -180 0 0 0 -180 0.000678149 -40.4359 0 0 0 0 0 0 0 -180
0 180 0 180 0 -0 0 0 0.00110797 19.0888 0 -180 0 -0 0 -0 0 180
0 -180 0 0 0 -180 0 -180 0.170081 144.122 0 -180 0 -180 0 0 0 -180
0 180 0 -0 0 180 0 180 0.816082 -23.9185 0 180 0 180 0 -0 0 180
inside=1 lambda=0.647 phi=5 theta=45
0 -180 0 -180 0 -180 0 0 0.169677 144.092 0 0 0 -180 0 -180 0 -180
0 180 0 180 0 180 0 -0 0.816552 -23.9063 0 -0 0 180 0 180 0 180
0 -180 0 -180 0 0 0 -180 0.000783044 -40.4697 0 0 0 0 0 0 0 -180
0 180 0 0 0 -0 0 180 0.00127986 19.1106 0 -0 0 -0 0 -180 0 180
0 -180 0 -180 0 0 0 -180 0.000783044 -40.4697 0 0 0 0 0 0 0 -180
0 180 0 180 0 -0 0 0 0.00127986 19.1106 0 -180 0 -0 0 -0 0 180
0 -180 0 0 0 -180 0 -180 0.169677 144.092 0 -180 0 -180 0 0 0 -180
0 180 0 -0 0 180 0 180 0.816552 -23.9063 0 180 0 180 0 -0 0 180
inside=1 lambda=0.647 phi=10 theta=0
0 -180 0 -180 0 -180 0 0 0.159336 135.627 0 0 0 -180 0 -180 0 -180
0 180 0 180 0 180 0 -0 0.821322 -29.697 0 -0 0 180 0 180 0 180
0 -180 0 -180 0 0 0 -0 1.21061e-13 -39.9769 0 180 0 0 0 0 0 -180
0 180 0 0 0 -0 0 -180 1.37858e-12 -127.792 0 180 0 -0 0 -180 0 180
0 -180 0 -180 0 0 0 -0 2.39079e-13 18.6469 0 0 0 0 0 0 0 -180
0 180 0 180 0 -0 0 -180 6.67552e-13 -110.814 0 0 0 -0 0 -0 0 180
0 -180 0 0 0 -180 0 -180 0.165375 136.201 0 -180 0 -180 0 0 0 -180
0 180 0 -0 0 180 0 180 0.813834 -29.8892 0 180 0 180 0 -0 0 180
inside=1 lambda=0.647 phi=10 theta=15
0 -180 0 -180 0 -180 0 0 0.159739 135.666 0 0 0 -180 0 -180 0 -180
0 180 0 180 0 180 0 -0 0.820819 -29.7097 0 -0 0 180 0 180 0 180
0 -180 0 -180 0 0 0 -180 0.00144651 -47.385 0 0 0 0 0 0 0 -180
0 180 0 0 0 -0 0 180 0.00256495 13.6098 0 -0 0 -0 0 -180 0 180
0 -180 0 -180 0 0 0 -180 0.00144754 -46.8748 0 0 0 0 0 0 0 -180
0 180 0 180 0 -0 0 0 0.00255098 13.2995 0 -180 0 -0 0 -0 0 180
0 -180 0 0 0 -180 0 -180 0.164969 136.163 0 -180 0 -180 0 0 0 -180
0 180 0 -0 0 180 0 180 0.814334 -29.8762 0 180 0 180 0 -0 0 180
inside=1 lambda=0.647 phi=10 theta=30
0 -180 0 -180 0 -180 0 0 0.160842 135.77 0 0 0 -180 0 -180 0 -180
0 180 0 180 0 180 0 -0 0.819445 -29.7447 0 -0 0 180 0 180 0 180
0 -180 0 -180 0 0 0 -180 0.00250578 -47.2759 0 0 0 0 0 0 0 -180
0 180 0 0 0 -0 0 180 0.00443734 13.5424 0 -0 0 -0 0 -180 0 180
0 -180 0 -180 0 0 0 -180 0.00250681 -46.9814 0 0 0 0 0 0 0 -180
0 180 0 180 0 -0 0 0 0.00442337 13.3633 0 -180 0 -0 0 -0 0 180
0 -180 0 0 0 -180 0 -180 0.163861 136.057 0 -180 0 -180 0 0 0 -180
0 180 0 -0 0 180 0 180 0.815701 -29.8408 0 180 0 180 0 -0 0 180
inside=1 lambda=0.647 phi=10 theta=45
0 -180 0 -180 0 -180 0 0 0.16235 135.913 0 0 0 -180 0 -180 0 -180
0 180 0 180 0 180 0 -0 0.817571 -29.7926 0 -0 0 180 0 180 0 180
0 -180 0 -180 0 0 0 -180 0.00289401 -47.1281 0 0 0 0 0 0 0 -180
0 180 0 0 0 -0 0 180 0.00511564 13.4519 0 -0 0 -0 0 -180 0 180
0 -180 0 -180 0 0 0 -180 0.00289401 -47.1281 0 0 0 0 0 0 0 -180
0 180 0 180 0 -0 0 0 0.00511564 13.4519 0 -180 0 -0 0 -0 0 180
0 -180 0 0 0 -180 0 -180 0.16235 135.913 0 -180 0 -180 0 0 0 -180
0 180 0 -0 0 180 0 180 0.817571 -29.7926 0 180 0 180 0 -0 0 180
inside=1 lambda=0.647 phi=15 theta=0
0 -180 0 -180 0 -180 0 0 0.141335 120.935 0 0 0 -180 0 -180 0 -180
0 180 0 180 0 180 0 -0 0.827925 -39.3305 0 -0 0 180 0 180 0 180
0 -180 0 -180 0 0 0 -180 3.02763e-13 1.07025 0 -180 0 0 0 0 0 -180
0 180 0 0 0 -0 0 -0 1.26925e-12 -128.057 0 0 0 -0 0 -180 0 180
0 -180 0 -180 0 0 0 -0 3.02845e-13 -0.51474 0 -0 0 0 0 0 0 -180
0 180 0 180 0 -0 0 0 1.32463e-12 -130.299 0 -180 0 -0 0 -0 0 180
0 -180 0 0 0 -180 0 -180 0.15294 122.584 0 -180 0 -180 0 0 0 -180
0 180 0 -0 0 180 0 180 0.811228 -39.7586 0 180 0 180 0 -0 0 180
inside=1 lambda=0.647 phi=15 theta=15
0 -180 0 -180 0 -180 0 0 0.142103 121.045 0 0 0 -180 0 -180 0 -180
0 180 0 180 0 180 0 -0 0.826798 -39.3586 0 -0 0 180 0 180 0 180
0 -180 0 -180 0 0 0 -180 0.00271957 -59.2946 0 0 0 0 0 0 0 -180
0 180 0 0 0 -0 0 180 0.00580235 4.73981 0 -0 0 -0 0 -180 0 180
0 -180 0 -180 0 0 0 -180 0.00272977 -57.9347 0 0 0 0 0 0 0 -180
0 180 0 180 0 -0 0 0 0.0057283 4.01719 0 -180 0 -0 0 -0 0 180
0 -180 0 0 0 -180 0 -180 0.152155 122.473 0 -180 0 -180 0 0 0 -180
0 180 0 -0 0 180 0 180 0.812338 -39.7294 0 180 0 180 0 -0 0 180
inside=1 lambda=0.647 phi=15 theta=30
0 -180 0 -180 0 -180 0 0 0.14421 121.346 0 0 0 -180 0 -180 0 -180
0 180 0 180 0 180 0 -0 0.823725 -39.4359 0 -0 0 180 0 180 0 180
0 -180 0 -180 0 0 0 -180 0.00471386 -58.9989 0 0 0 0 0 0 0 -180
0 180 0 0 0 -0 0 180 0.0100209 4.57767 0 -0 0 -0 0 -180 0 180
0 -180 0 -180 0 0 0 -180 0.00472408 -58.2144 0 0 0 0 0 0 0 -180
0 180 0 180 0 -0 0 0 0.00994689 4.16055 0 -180 0 -0 0 -0 0 180
0 -180 0 0 0 -180 0 -180 0.150013 122.17 0 -180 0 -180 0 0 0 -180
0 180 0 -0 0 180 0 180 0.815377 -39.65 0 180 0 180 0 -0 0 180
inside=1 lambda=0.647 phi=15 theta=45
0 -180 0 -180 0 -180 0 0 0.147103 121.758 0 0 0 -180 0 -180 0 -180
0 180 0 180 0 180 0 -0 0.819543 -39.5425 0 -0 0 180 0 180 0 180
0 -180 0 -180 0 0 0 -180 0.00544882 -58.6027 0 0 0 0 0 0 0 -180
0 180 0 0 0 -0 0 180 0.0115273 4.36441 0 -0 0 -0 0 -180 0 180
0 -180 0 -180 0 0 0 -180 0.00544882 -58.6027 0 0 0 0 0 0 0 -180
0 180 0 180 0 -0 0 0 0.0115273 4.36441 0 -180 0 -0 0 -0 0 180
0 -180 0 0 0 -180 0 -180 0.147103 121.758 0 -180 0 -180 0 0 0 -180
0 180 0 -0 0 180 0 180 0.819543 -39.5425 0 180 0 180 0 -0 0 180
inside=1 lambda=0.647 phi=20 theta=0
0 -180 0 -180 0 -180 0 0 0.113764 98.0637 0 0 0 -180 0 -180 0 -180
0 180 0 180 0 0 0 -0 0.837237 -52.6842 0 -180 0 180 0 180 0 0
0 -180 0 -180 0 0 0 180 8.4974e-14 -40.6443 0 -180 0 0 0 0 0 -180
0 180 0 0 0 -180 0 180 7.55635e-14 17.413 0 180 0 -0 0 -180 0 0
0 -180 0 -180 0 0 0 0 9.37746e-14 54.0274 0 180 0 0 0 0 0 -180
0 180 0 0 0 -0 0 -0 1.1057e-13 11.7413 0 0 0 -0 0 -180 0 180
0 -180 0 0 0 -180 0 -180 0.128081 101.912 0 -180 0 -180 0 0 0 -180
0 0 0 -180 0 180 0 0 0.807953 -53.4666 0 180 0 0 0 -180 0 180
inside=1 lambda=0.647 phi=20 theta=15
0 -180 0 -180 0 -180 0 0 0.114688 98.3185 0 0 0 -180 0 -180 0 -180
0 180 0 180 0 0 0 -0 0.835246 -52.7353 0 -180 0 180 0 180 0 0
0 -180 0 -180 0 0 0 -180 0.00321765 -78.3939 0 0 0 0 0 0 0 -180
0 180 0 0 0 -180 0 180 0.0104955 -7.0776 0 -180 0 -0 0 -180 0 0
0 -180 0 -180 0 0 0 -0 0.00326606 -74.9409 0 0 0 0 0 0 0 -180
0 180 0 180 0 -0 0 0 0.0102411 -8.39391 0 -180 0 -180 0 -180 0 180
0 -180 0 0 0 -180 0 -180 0.127087 101.65 0 -180 0 -180 0 0 0 -180
0 180 0 -0 0 180 0 0 0.809886 -53.4129 0 180 0 0 0 -180 0 0
inside=1 lambda=0.647 phi=20 theta=30
0 -180 0 -180 0 -180 0 0 0.117239 99.0164 0 0 0 -180 0 -180 0 -180
0 180 0 180 0 0 0 -0 0.829829 -52.876 0 -180 0 180 0 180 0 0
0 -180 0 -180 0 0 0 -180 0.00558879 -77.6206 0 0 0 0 0 0 0 -180
0 180 0 0 0 -180 0 180 0.0180735 -7.386 0 -180 0 -0 0 -180 0 0
0 -180 0 -180 0 0 0 -0 0.00563745 -75.632 0 0 0 0 0 0 0 -180
0 180 0 180 0 -0 0 0 0.0178199 -8.14554 0 -180 0 -180 0 -180 0 0
0 -180 0 0 0 -180 0 -180 0.124398 100.938 0 -180 0 -180 0 0 0 -180
0 180 0 -0 0 180 0 0 0.815188 -53.2672 0 180 0 0 0 -180 0 0
inside=1 lambda=0.647 phi=20 theta=45
0 -180 0 -180 0 -180 0 0 0.120784 99.9741 0 0 0 -180 0 -180 0 -180
0 180 0 180 0 0 0 -0 0.82248 -53.0703 0 -180 0 180 0 180 0 0
0 -180 0 -180 0 0 0 -180 0.00648037 -76.6057 0 0 0 0 0 0 0 -180
0 180 0 0 0 -180 0 180 0.0207164 -7.78072 0 -180 0 -0 0 -180 0 0
0 -180 0 -180 0 0 0 -180 0.00648037 -76.6057 0 0 0 0 0 0 0 -180
0 180 0 180 0 -0 0 0 0.0207164 -7.78072 0 -180 0 -180 0 -180 0 0
0 -180 0 0 0 -180 0 -180 0.120784 99.9741 0 -180 0 -180 0 0 0 -180
0 180 0 -0 0 180 0 180 0.82248 -53.0703 0 180 0 0 0 -180 0 0
inside=1 lambda=0.647 phi=25 theta=0
0 -180 0 -180 0 -180 0 0 0.080513 61.2501 0 0 0 -180 0 -180 0 -180
0 180 0 180 0 0 0 -0 0.848653 -69.5769 0 -180 0 180 0 180 0 0
0 -180 0 -0 0 0 0 -0 4.05972e-13 -70.0322 0 180 0 0 0 180 0 -180
0 180 0 0 0 -180 0 -0 1.44821e-12 -162.109 0 0 0 -0 0 -180 0 0
0 -180 0 -180 0 0 0 -0 2.50731e-13 -55.808 0 180 0 0 0 0 0 -180
0 0 0 0 0 -180 0 180 1.25961e-12 -165.22 0 -0 0 -180 0 -180 0 0
0 -180 0 0 0 -180 0 -180 0.0876277 67.8276 0 -180 0 -180 0 0 0 -180
0 0 0 -180 0 0 0 0 0.803228 -70.9226 0 0 0 0 0 -180 0 0
inside=1 lambda=0.647 phi=25 theta=15
0 -180 0 -180 0 -180 0 0 0.0809191 61.6213 0 0 0 -180 0 -180 0 -180
0 180 0 0 0 0 0 -0 0.845521 -69.6649 0 -180 0 180 0 180 0 0
0 -180 0 -0 0 0 0 -180 0.00149465 -134.127 0 0 0 0 0 180 0 -180
0 180 0 0 0 -180 0 0 0.0171156 -21.7997 0 -180 0 -0 0 -180 0 0
0 -180 0 -180 0 0 0 -0 0.00147294 -116.499 0 0 0 0 0 0 0 -180
0 0 0 0 0 -180 0 0 0.016416 -23.8257 0 -180 0 -180 0 -180 0 0
0 -180 0 0 0 -180 0 -180 0.0870757 67.3161 0 -180 0 -180 0 0 0 -180
0 0 0 -180 0 0 0 0 0.806185 -70.8304 0 0 0 0 0 -180 0 0
inside=1 lambda=0.647 phi=25 theta=30
0 -180 0 -180 0 -180 0 0 0.0820765 62.6867 0 0 0 -180 0 -180 0 -180
0 180 0 0 0 0 0 -180 0.837034 -69.9066 0 -180 0 180 0 180 0 0
0 -180 0 -0 0 0 0 -180 0.00255399 -130.227 0 0 0 0 0 180 0 -180
0 180 0 0 0 -180 0 0 0.0293383 -22.3019 0 -180 0 -0 0 -180 0 0
0 -180 0 -180 0 0 0 -0 0.00253542 -120.027 0 0 0 0 0 0 0 -180
0 0 0 0 0 -0 0 0 0.0286434 -23.4701 0 -180 0 -180 0 -180 0 0
0 -180 0 0 0 -180 0 -180 0.0856253 65.9731 0 -180 0 -180 0 0 0 -180
0 0 0 -180 0 180 0 0 0.814327 -70.5797 0 0 0 0 0 -180 0 0
inside=1 lambda=0.647 phi=25 theta=45
0 -180 0 -180 0 -180 0 0 0.0837775 64.2612 0 0 0 -180 0 -180 0 -180
0 180 0 0 0 0 0 -180 0.825595 -70.2408 0 -180 0 180 0 0 0 0
0 -180 0 -0 0 0 0 -180 0.00292389 -125.028 0 0 0 0 0 0 0 -180
0 180 0 0 0 -180 0 0 0.0334482 -22.9223 0 -180 0 -0 0 -180 0 0
0 -180 0 -180 0 0 0 -0 0.00292389 -125.028 0 0 0 0 0 0 0 -180
0 180 0 0 0 -0 0 0 0.0334482 -22.9223 0 -180 0 -180 0 -180 0 0
0 -180 0 0 0 -180 0 -180 0.0837775 64.2612 0 -180 0 -180 0 0 0 -180
0 180 0 -180 0 180 0 0 0.825595 -70.2408 0 0 0 0 0 -180 0 0
inside=1 lambda=0.647 phi=30 theta=0
0 180 0 180 0 -180 0 0 0.0596122 -1.2434 0 0 0 180 0 180 0 -180
0 180 0 0 0 0 0 -180 0.861345 -89.6865 0 -180 0 180 0 0 0 0
0 180 0 -0 0 0 0 -0 2.4257e-13 75.1724 0 -180 0 -0 0 180 0 -180
0 0 0 -0 0 -180 0 0 1.13482e-12 0.197362 0 0 0 -180 0 180 0 0
0 -180 0 -180 0 0 0 180 3.79161e-13 64.5462 0 0 0 0 0 0 0 -180
0 0 0 0 0 -180 0 180 1.12779e-12 -1.52935 0 0 0 -180 0 -180 0 0
0 -180 0 0 0 -180 0 -180 0.0566433 -12.058 0 -180 0 -180 0 0 0 -180
0 0 0 -180 0 0 0 0 0.79434 -91.9457 0 0 0 0 0 -180 0 0
inside=1 lambda=0.647 phi=30 theta=15
0 180 0 -180 0 -180 0 0 0.0593563 -2.20573 0 0 0 180 0 180 0 -180
0 180 0 0 0 0 0 -180 0.85661 -89.8336 0 -180 0 180 0 0 0 0
0 -180 0 -0 0 0 0 -180 0.00639123 87.9504 0 0 0 -0 0 180 0 -180
0 0 0 -0 0 -180 0 0 0.0266323 -40.1651 0 -180 0 -180 0 -180 0 0
0 -180 0 -180 0 0 0 -0 0.00557806 85.8057 0 180 0 0 0 0 0 -180
0 0 0 0 0 -180 0 -0 0.0249854 -42.8798 0 -180 0 -180 0 -180 0 0
0 -180 0 0 0 -180 0 -180 0.0568624 -11.6132 0 -180 0 -180 0 0 0 -180
0 0 0 -180 0 0 0 0 0.798589 -91.7905 0 0 0 0 0 -180 0 0
inside=1 lambda=0.647 phi=30 theta=30
0 -180 0 -180 0 -180 0 0 0.0587406 -4.68652 0 0 0 180 0 180 0 -180
0 180 0 0 0 0 0 -180 0.843865 -90.238 0 -180 0 180 0 0 0 0
0 -180 0 -0 0 0 0 -180 0.0107467 87.3997 0 0 0 -0 0 180 0 -180
0 0 0 -0 0 -180 0 0 0.0453557 -40.8936 0 -180 0 -180 0 -180 0 0
0 -180 0 -180 0 0 0 -0 0.00994124 86.1923 0 180 0 0 0 0 0 -180
0 0 0 0 0 -180 0 -0 0.0437316 -42.4578 0 -180 0 -180 0 -180 0 0
0 -180 0 0 0 180 0 -180 0.0573868 -10.1633 0 -180 0 -180 0 0 0 -180
0 0 0 -180 0 0 0 0 0.810374 -91.3681 0 0 0 0 0 -180 0 0
inside=1 lambda=0.647 phi=30 theta=45
0 -180 0 -180 0 -180 0 0 0.0580371 -7.68152 0 0 0 180 0 -180 0 -180
0 0 0 0 0 0 0 -180 0.826883 -90.7981 0 -180 0 180 0 0 0 0
0 -180 0 -0 0 0 0 -180 0.011931 86.7534 0 0 0 -0 0 180 0 -180
0 0 0 -0 0 -180 0 0 0.0513451 -41.751 0 -180 0 -180 0 -180 0 0
0 -180 0 -180 0 -0 0 -0 0.011931 86.7534 0 180 0 0 0 0 0 -180
0 0 0 0 0 -180 0 -0 0.0513451 -41.751 0 -180 0 -180 0 -180 0 0
0 -180 0 0 0 180 0 -180 0.0580371 -7.68152 0 -180 0 -180 0 0 0 -180
0 0 0 -180 0 180 0 0 0.826883 -90.7981 0 0 0 0 0 -180 0 0
inside=1 lambda=0.647 phi=35 theta=0
0 180 0 180 0 -180 0 0 0.0700033 -70.0318 0 0 0 180 0 180 0 -180
0 0 0 0 0 0 0 -180 0.875559 -112.533 0 -180 0 0 0 0 0 0
0 180 0 -0 0 0 0 0 1.19102e-13 -112.215 0 0 0 -0 0 180 0 -180
0 0 0 -0 0 -180 0 0 3.29326e-13 150.827 0 180 0 -180 0 180 0 0
0 -180 0 -180 0 0 0 -0 1.9629e-13 -9.41762 0 0 0 0 0 0 0 -180
0 0 0 0 0 -180 0 -0 3.04342e-13 -29.4773 0 -0 0 -180 0 -180 0 0
0 -180 0 0 0 -180 0 -180 0.114961 -93.6356 0 -180 0 -180 0 0 0 -180
0 0 0 -180 0 0 0 0 0.776987 -116.077 0 0 0 0 0 -180 0 0
inside=1 lambda=0.647 phi=35 theta=15
0 180 0 180 0 -180 0 0 0.0725254 -72.8767 0 0 0 180 0 180 0 -180
0 0 0 0 0 0 0 -180 0.868361 -112.76 0 -180 0 0 0 0 0 0
0 180 0 -0 0 0 0 -180 0.019749 53.1972 0 0 0 -0 0 180 0 -180
0 0 0 -0 0 -180 0 0 0.0400333 -63.1529 0 -180 0 -180 0 180 0 0
0 -180 0 -180 0 0 0 -0 0.0182249 54.1934 0 180 0 0 0 0 0 -180
0 0 0 0 0 -180 0 -0 0.0366898 -66.5122 0 180 0 -180 0 -180 0 0
0 -180 0 0 0 180 0 -180 0.111956 -92.9375 0 -180 0 -180 0 0 0 -180
0 0 0 -180 0 0 0 0 0.783005 -115.829 0 0 0 0 0 -180 0 0
inside=1 lambda=0.647 phi=35 theta=30
0 180 0 180 0 -180 0 0 0.0801474 -79.4535 0 0 0 180 0 180 0 -180
0 0 0 0 0 0 0 -180 0.849174 -113.383 0 -180 0 0 0 0 0 0
0 180 0 -0 0 0 0 -180 0.0335738 53.3255 0 0 0 -0 0 180 0 -180
0 0 0 -0 0 -180 0 0 0.0676313 -64.1604 0 -180 0 -180 0 180 0 0
0 -180 0 -180 0 -0 0 -0 0.0320839 53.9105 0 180 0 0 0 0 0 -180
0 0 0 0 0 -180 0 -0 0.0643758 -66.0967 0 180 0 -180 0 -180 0 0
0 -180 0 0 0 180 0 -180 0.103445 -90.5832 0 180 0 -180 0 0 0 -180
0 0 0 -180 0 0 0 0 0.799902 -115.154 0 0 0 0 0 -180 0 0
inside=1 lambda=0.647 phi=35 theta=45
0 -180 0 -180 0 -180 0 0 0.0915965 -86.0484 0 0 0 180 0 180 0 -180
0 0 0 0 0 0 0 -180 0.823981 -114.254 0 -180 0 0 0 0 0 0
0 -180 0 -0 0 0 0 -180 0.0378701 53.5785 0 0 0 -0 0 180 0 -180
0 0 0 -0 0 -180 0 0 0.0759707 -65.2712 0 -180 0 -180 0 180 0 0
0 -180 0 -180 0 -0 0 -0 0.0378701 53.5785 0 180 0 0 0 0 0 -180
0 0 0 0 0 -180 0 -0 0.0759707 -65.2712 0 180 0 -180 0 -180 0 0
0 -180 0 0 0 180 0 -180 0.0915965 -86.0484 0 180 0 -180 0 0 0 -180
0 0 0 -180 0 0 0 0 0.823981 -114.254 0 0 0 0 0 -180 0 0
inside=1 lambda=0.647 phi=40 theta=0
0 180 0 180 0 -180 0 -0 0.0844498 -123.215 0 0 0 180 0 180 0 -180
0 0 0 0 0 -0 0 -180 0.893575 -137.567 0 180 0 0 0 0 0 -0
0 180 0 -0 0 0 0 180 4.9556e-13 -63.9763 0 180 0 -0 0 180 0 -180
0 0 0 -0 0 180 0 -0 8.55846e-13 137.806 0 -180 0 -180 0 180 0 -0
0 -180 0 -180 0 0 0 180 3.07991e-13 -127.655 0 -180 0 0 0 0 0 -180
0 0 0 0 0 -180 0 180 5.42268e-13 166.725 0 180 0 -180 0 -180 0 0
0 -180 0 0 0 -180 0 -180 0.205358 -136.234 0 -180 0 -180 0 0 0 -180
0 -0 0 -180 0 0 0 -0 0.749227 -142.416 0 0 0 -0 0 -180 0 0
inside=1 lambda=0.647 phi=40 theta=15
0 180 0 180 0 -180 0 -0 0.0922055 -125.732 0 0 0 180 0 180 0 -180
0 0 0 0 0 -0 0 -180 0.882767 -137.874 0 180 0 0 0 0 0 -0
0 180 0 -0 0 0 0 -180 0.0372942 22.7424 0 0 0 -0 0 180 0 -180
0 0 0 -0 0 180 0 0 0.0571492 -90.396 0 180 0 -180 0 180 0 -0
0 -180 0 -180 0 -0 0 -0 0.0349138 26.7022 0 0 0 0 0 0 0 -180
0 0 0 0 0 -180 0 -0 0.0512418 -94.606 0 180 0 180 0 180 0 0
0 -180 0 0 0 180 0 -180 0.197746 -136.245 0 -180 0 -180 0 0 0 -180
0 0 0 -180 0 0 0 -0 0.75775 -142.065 0 0 0 -0 0 180 0 -0
inside=1 lambda=0.647 phi=40 theta=30
0 180 0 180 0 -180 0 -0 0.114281 -130.63 0 0 0 180 0 180 0 -180
0 0 0 0 0 -0 0 -180 0.854203 -138.698 0 180 0 0 0 0 0 -0
0 180 0 -0 0 0 0 -180 0.0635254 23.5954 0 0 0 -0 0 180 0 -180
0 0 0 -0 0 180 0 0 0.0956129 -91.8323 0 180 0 -180 0 180 0 -0
0 -180 0 -180 0 -0 0 -0 0.0612794 25.8287 0 0 0 0 0 0 0 -180
0 0 0 0 0 -180 0 -0 0.0899898 -94.2687 0 180 0 180 0 180 0 -0
0 -180 0 0 0 180 0 -180 0.175934 -135.888 0 180 0 -180 0 0 0 -180
0 0 0 -180 0 0 0 0 0.782021 -141.109 0 0 0 -0 0 180 0 -0
inside=1 lambda=0.647 phi=40 theta=45
0 180 0 -180 0 -180 0 -0 0.145185 -134.262 0 0 0 180 0 180 0 -180
0 0 0 0 0 -0 0 -180 0.817098 -139.864 0 180 0 0 0 0 0 -0
0 -180 0 -0 0 0 0 -180 0.0719576 24.7083 0 0 0 -0 0 180 0 -180
0 0 0 -0 0 180 0 0 0.106587 -93.3056 0 180 0 -180 0 180 0 -0
0 -180 0 -180 0 -0 0 -0 0.0719576 24.7083 0 180 0 0 0 0 0 -180
0 0 0 0 0 -180 0 -0 0.106587 -93.3056 0 180 0 180 0 180 0 -0
0 180 0 -0 0 180 0 -180 0.145185 -134.262 0 180 0 -180 0 0 0 -180
0 0 0 -180 0 0 0 0 0.817098 -139.864 0 0 0 -0 0 180 0 -0
inside=1 lambda=0.647 phi=45 theta=0
0 180 0 180 0 -180 0 -0 0.0850167 -178.632 0 0 0 180 0 180 0 -180
0 0 0 0 0 -0 0.0173007 115.101 0.916526 -164.169 0 180 0 0 0 0 0 -0
0 180 0 -0 0 0 0 0 7.25233e-13 -75.1242 0 180 0 -0 0 180 0 -180
0 0 0 -0 0 180 2.16086e-13 79.42 1.79104e-12 -78.6272 0 0 0 -180 0 180 0 -0
0 -180 0 -180 0 0 0 180 5.83799e-13 -72.5265 0 -180 0 0 0 0 0 -180
0 -0 0 -0 0 180 1.59774e-14 149.622 1.9449e-12 -79.8153 0 -180 0 180 0 180 0 -0
0 -180 0 0 0 -180 0 -180 0.272771 -170.907 0 -180 0 -180 0 0 0 -180
0 -0 0 180 0 -0 0.128735 -31.41 0.715599 -169.724 0 -0 0 -0 0 180 0 -0
inside=1 lambda=0.647 phi=45 theta=15
0 180 0 180 0 -180 0 -0 0.0952033 -177.984 0 0 0 180 0 180 0 -180
0 0 0 0 0 -0 0 -180 0.902936 -164.626 0 180 0 0 0 0 0 -0
0 180 0 -0 0 0 0 -180 0.0521362 -6.95087 0 0 0 -0 0 180 0 -180
0 0 0 -0 0 180 0 -0 0.0765968 -119.61 0 180 0 -180 0 180 0 -0
0 -180 0 -180 0 0 0 -0 0.0498162 1.33165 0 0 0 0 0 0 0 -180
0 -0 0 -0 0 180 0 -0 0.0670551 -125.254 0 180 0 180 0 180 0 -0
0 -180 0 0 0 180 0 -180 0.262293 -171.398 0 -180 0 -180 0 0 0 -180
0 -0 0 180 0 -0 0 -0 0.728344 -169.434 0 -0 0 -0 0 180 0 -0
inside=1 lambda=0.647 phi=45 theta=30
0 180 0 180 0 -180 0 -0 0.129982 -176.857 0 0 0 180 0 180 0 -180
0 0 0 0 0 -0 0 -180 0.863025 -165.582 0 180 0 0 0 0 0 -0
0 180 0 -0 0 0 0 -180 0.0892405 -4.9094 0 0 0 -0 0 0 0 -180
0 0 0 -0 0 180 0 -0 0.126411 -121.805 0 180 0 -180 0 180 0 -0
0 -180 0 -180 0 -0 0 -0 0.0873238 -0.418369 0 0 0 0 0 0 0 -180
0 0 0 -0 0 -180 0 -0 0.117719 -125.122 0 180 0 180 0 180 0 -0
0 -180 0 0 0 180 0 -180 0.227581 -173.289 0 180 0 -180 0 0 0 -180
0 0 0 -180 0 0 0 -0 0.762166 -168.321 0 0 0 -0 0 180 0 -0
inside=1 lambda=0.647 phi=45 theta=45
0 180 0 -180 0 -180 0 -0 0.178686 -175.288 0 0 0 180 0 180 0 -180
0 0 0 -0 0 -0 0 -180 0.811238 -166.886 0 180 0 0 0 0 0 -0
0 -180 0 -0 0 0 0 -180 0.101801 -2.57331 0 0 0 -0 0 0 0 -180
0 0 0 -0 0 180 0 0 0.139777 -123.903 0 180 0 -180 0 180 0 -0
0 -180 0 -180 0 -0 0 -0 0.101801 -2.57331 0 0 0 0 0 0 0 -180
0 0 0 0 0 -180 0 -0 0.139777 -123.903 0 180 0 180 0 180 0 -0
0 180 0 -0 0 180 0 -180 0.178686 -175.288 0 180 0 -180 0 0 0 -180
0 0 0 -180 0 0 0 -0 0.811238 -166.886 0 0 0 -0 0 180 0 -0
