RSoft_BSDF_File_Version 2
1 0 5 2 1 0.457143
0.3 0.3
-1 1
-1 1
1 0.647 0.647
10 0 45 0.5
4 0 45
Begin_Dispersion_Data
0.647 1.45662 0 1 0 0
End_Dispersion_Data
inside=0 lambda=0.647 phi=0 theta=0
0 -180 0 -180 0 -180 0 0 0.15661 -39.8781 0 0 0 -180 0 -180 0 -180
0 180 0 180 0 180 0 -0 1.19201 -31.4696 0 -0 0 180 0 180 0 180
0 -180 0 180 0 0 0 -180 2.46218e-13 47.1629 0 180 0 0 0 0 0 -180
0 180 0 180 0 -0 0 -0 7.07114e-13 66.3034 0 -180 0 -0 0 180 0 180
0 -180 0 -180 0 0 0 180 1.52164e-13 54.8247 0 -0 0 0 0 180 0 -180
0 180 0 180 0 -0 0 180 6.67116e-13 57.9923 0 0 0 -0 0 0 0 180
0 -180 0 0 0 -180 0 -180 0.15661 -39.8781 0 -180 0 -180 0 0 0 -180
0 180 0 -0 0 180 0 180 1.19201 -31.4696 0 180 0 180 0 -0 0 180
inside=0 lambda=0.647 phi=0 theta=15
0 -180 0 -180 0 -180 0 0 0.15661 -39.8781 0 0 0 -180 0 -180 0 -180
0 180 0 180 0 180 0 -0 1.19201 -31.4696 0 -0 0 180 0 180 0 180
0 -180 0 180 0 0 0 -180 2.46218e-13 47.1629 0 180 0 0 0 0 0 -180
0 180 0 180 0 -0 0 -0 7.07114e-13 66.3034 0 -180 0 -0 0 180 0 180
0 -180 0 -180 0 0 0 180 1.52164e-13 54.8247 0 -0 0 0 0 180 0 -180
0 180 0 180 0 -0 0 180 6.67116e-13 57.9923 0 0 0 -0 0 0 0 180
0 -180 0 0 0 -180 0 -180 0.15661 -39.8781 0 -180 0 -180 0 0 0 -180
0 180 0 -0 0 180 0 180 1.19201 -31.4696 0 180 0 180 0 -0 0 180
inside=0 lambda=0.647 phi=0 theta=30
0 -180 0 -180 0 -180 0 0 0.15661 -39.8781 0 0 0 -180 0 -180 0 -180
0 180 0 180 0 180 0 -0 1.19201 -31.4696 0 -0 0 180 0 180 0 180
0 -180 0 180 0 0 0 -180 2.46218e-13 47.1629 0 180 0 0 0 0 0 -180
0 180 0 180 0 -0 0 -0 7.07114e-13 66.3034 0 -180 0 -0 0 180 0 180
0 -180 0 -180 0 0 0 180 1.52164e-13 54.8247 0 -0 0 0 0 180 0 -180
0 180 0 180 0 -0 0 180 6.67116e-13 57.9923 0 0 0 -0 0 0 0 180
0 -180 0 0 0 -180 0 -180 0.15661 -39.8781 0 -180 0 -180 0 0 0 -180
0 180 0 -0 0 180 0 180 1.19201 -31.4696 0 180 0 180 0 -0 0 180
inside=0 lambda=0.647 phi=0 theta=45
0 -180 0 -180 0 -180 0 0 0.15661 -39.8781 0 0 0 -180 0 -180 0 -180
0 180 0 180 0 180 0 -0 1.19201 -31.4696 0 -0 0 180 0 180 0 180
0 -180 0 180 0 0 0 -180 2.46218e-13 47.1629 0 180 0 0 0 0 0 -180
0 180 0 180 0 -0 0 -0 7.07114e-13 66.3034 0 -180 0 -0 0 180 0 180
0 -180 0 -180 0 0 0 180 1.52164e-13 54.8247 0 -0 0 0 0 180 0 -180
0 180 0 180 0 -0 0 180 6.67116e-13 57.9923 0 0 0 -0 0 0 0 180
0 -180 0 0 0 -180 0 -180 0.15661 -39.8781 0 -180 0 -180 0 0 0 -180
0 180 0 -0 0 180 0 180 1.19201 -31.4696 0 180 0 180 0 -0 0 180
inside=0 lambda=0.647 phi=5 theta=0
0 -180 0 -180 0 -180 0 0 0.152378 -41.911 0 0 0 -180 0 -180 0 -180
0 180 0 180 0 180 0 -0 1.19024 -33.0172 0 -0 0 180 0 180 0 180
0 -180 0 -0 0 0 0 -180 3.18785e-13 41.1953 0 -180 0 0 0 180 0 -180
0 180 0 0 0 -0 0 -0 1.04276e-12 58.4329 0 -180 0 -0 0 -180 0 180
0 -180 0 -180 0 0 0 0 3.31333e-13 21.9663 0 -0 0 0 0 0 0 -180
0 180 0 180 0 -0 0 -180 1.11449e-12 60.5156 0 -0 0 -0 0 -0 0 180
0 -180 0 0 0 -180 0 -180 0.156051 -42.3494 0 -180 0 -180 0 0 0 -180
0 180 0 -0 0 180 0 180 1.19469 -33.0161 0 180 0 180 0 -0 0 180
inside=0 lambda=0.647 phi=5 theta=15
0 -180 0 -180 0 -180 0 0 0.152624 -41.941 0 0 0 -180 0 -180 0 -180
0 180 0 180 0 180 0 -0 1.19054 -33.0172 0 -0 0 180 0 180 0 180
0 -180 0 -0 0 0 0 -180 0.00089602 122.054 0 0 0 0 0 180 0 -180
0 180 0 0 0 -0 0 180 0.00121754 124.262 0 -0 0 -0 0 -180 0 180
0 -180 0 -180 0 0 0 -0 0.000896466 122.039 0 180 0 0 0 0 0 -180
0 180 0 180 0 -0 0 0 0.00121525 124.486 0 -180 0 -0 0 -0 0 180
0 -180 0 0 0 -180 0 -180 0.155804 -42.3207 0 -180 0 -180 0 0 0 -180
0 180 0 -0 0 180 0 180 1.19439 -33.0162 0 180 0 180 0 -0 0 180
inside=0 lambda=0.647 phi=5 theta=30
0 -180 0 -180 0 -180 0 0 0.153295 -42.0226 0 0 0 -180 0 -180 0 -180
0 180 0 180 0 180 0 -0 1.19135 -33.0171 0 -0 0 180 0 180 0 180
0 -180 0 -0 0 0 0 -180 0.00155211 122.05 0 0 0 0 0 180 0 -180
0 180 0 0 0 -0 0 180 0.00210799 124.31 0 -0 0 -0 0 -180 0 180
0 -180 0 -180 0 0 0 -0 0.00155256 122.042 0 180 0 0 0 0 0 -180
0 180 0 180 0 -0 0 0 0.00210569 124.439 0 -180 0 -0 0 -0 0 180
0 -180 0 0 0 -180 0 -180 0.155131 -42.2418 0 -180 0 -180 0 0 0 -180
0 180 0 -0 0 180 0 180 1.19358 -33.0165 0 180 0 180 0 -0 0 180
inside=0 lambda=0.647 phi=5 theta=45
0 -180 0 -180 0 -180 0 0 0.154212 -42.1329 0 0 0 -180 0 -180 0 -180
0 180 0 180 0 180 0 -0 1.19247 -33.0169 0 -0 0 180 0 180 0 180
0 -180 0 -0 0 0 0 -180 0.00179248 122.046 0 0 0 0 0 180 0 -180
0 180 0 0 0 -0 0 180 0.00243276 124.375 0 -0 0 -0 0 -180 0 180
0 -180 0 -180 0 0 0 -0 0.00179248 122.046 0 180 0 0 0 0 0 -180
0 180 0 180 0 -0 0 0 0.00243276 124.375 0 -180 0 -0 0 -0 0 180
0 -180 0 0 0 -180 0 -180 0.154212 -42.1329 0 -180 0 -180 0 0 0 -180
0 180 0 -0 0 180 0 180 1.19247 -33.0169 0 180 0 180 0 -0 0 180
inside=0 lambda=0.647 phi=10 theta=0
0 -180 0 -180 0 -180 0 0 0.139183 -48.009 0 0 0 -180 0 -180 0 -180
0 0 0 180 0 180 0 -0 1.1846 -37.6646 0 -0 0 0 0 180 0 180
0 -180 0 -0 0 0 0 -0 2.13461e-13 40.0636 0 180 0 0 0 180 0 -180
0 0 0 0 0 -0 0 -180 7.42029e-13 54.2395 0 0 0 -180 0 -180 0 180
0 -180 0 -180 0 0 0 -0 2.24826e-13 26.2903 0 -0 0 0 0 0 0 -180
0 0 0 180 0 -0 0 0 6.43424e-13 53.1861 0 180 0 -180 0 -0 0 180
0 -180 0 0 0 -180 0 -180 0.153843 -49.979 0 -180 0 -180 0 0 0 -180
0 0 0 -0 0 180 0 180 1.20317 -37.6517 0 180 0 0 0 -0 0 180
inside=0 lambda=0.647 phi=10 theta=15
0 -180 0 -180 0 -180 0 0 0.140154 -48.1543 0 0 0 -180 0 -180 0 -180
0 0 0 180 0 180 0 -0 1.18584 -37.6647 0 -0 0 0 0 180 0 180
0 -180 0 -0 0 0 0 -180 0.00355896 113.691 0 0 0 0 0 180 0 -180
0 0 0 0 0 -0 0 180 0.00507581 119.912 0 -0 0 -180 0 -180 0 180
0 -180 0 -180 0 0 0 -0 0.00356717 113.644 0 180 0 0 0 0 0 -180
0 0 0 180 0 -0 0 0 0.00503883 120.811 0 -180 0 -0 0 -0 0 180
0 -180 0 0 0 -180 0 -180 0.15285 -49.8591 0 -180 0 -180 0 0 0 -180
0 0 0 -0 0 0 0 180 1.20192 -37.6536 0 180 0 180 0 -0 0 180
inside=0 lambda=0.647 phi=10 theta=30
0 -180 0 -180 0 -180 0 0 0.142814 -48.5406 0 0 0 -180 0 -180 0 -180
0 0 0 180 0 180 0 -0 1.18924 -37.6644 0 -0 0 0 0 180 0 180
0 -180 0 -0 0 0 0 -180 0.00616715 113.681 0 0 0 0 0 180 0 -180
0 0 0 0 0 -0 0 180 0.00877713 120.112 0 -0 0 -180 0 -180 0 180
0 -180 0 -180 0 0 0 -0 0.00617536 113.654 0 180 0 0 0 0 0 -180
0 0 0 180 0 -180 0 0 0.00874021 120.631 0 -180 0 -0 0 -0 0 180
0 -180 0 0 0 -180 0 -180 0.150144 -49.5235 0 -180 0 -180 0 0 0 -180
0 0 0 -0 0 0 0 180 1.19853 -37.658 0 180 0 180 0 -0 0 180
inside=0 lambda=0.647 phi=10 theta=45
0 -180 0 -180 0 -180 0 0 0.146468 -49.0447 0 0 0 -180 0 -180 0 -180
0 0 0 180 0 180 0 -0 1.19389 -37.6622 0 -0 0 0 0 180 0 180
0 -180 0 -0 0 0 0 -180 0.00712586 113.667 0 0 0 0 0 180 0 -180
0 0 0 0 0 -0 0 180 0.0101131 120.377 0 -0 0 -180 0 -180 0 180
0 -180 0 -180 0 0 0 -0 0.00712586 113.667 0 180 0 0 0 0 0 -180
0 0 0 180 0 -180 0 0 0.0101131 120.377 0 -180 0 -0 0 -0 0 180
0 -180 0 0 0 -180 0 -180 0.146468 -49.0447 0 -180 0 -180 0 0 0 -180
0 0 0 -0 0 0 0 180 1.19389 -37.6622 0 180 0 180 0 -0 0 180
inside=0 lambda=0.647 phi=15 theta=0
0 -180 0 -180 0 -180 0 0 0.115849 -58.1334 0 0 0 -180 0 -180 0 -180
0 0 0 180 0 180 0 -0 1.17388 -45.4211 0 -0 0 0 0 180 0 180
0 -180 0 -0 0 0 0 180 7.45414e-14 -151.726 0 -0 0 0 0 180 0 -180
0 0 0 0 0 -0 0 -180 1.91915e-13 -131.252 0 0 0 -180 0 -180 0 180
0 -180 0 -180 0 0 0 180 6.77389e-14 -132.717 0 180 0 0 0 0 0 -180
0 0 0 180 0 -180 0 -180 1.13479e-13 -115.671 0 -180 0 -180 0 -0 0 0
0 -180 0 0 0 -180 0 -180 0.148569 -63.5873 0 -180 0 -180 0 0 0 -180
0 0 0 -0 0 0 0 180 1.21883 -45.3672 0 180 0 0 0 -0 0 0
inside=0 lambda=0.647 phi=15 theta=15
0 -180 0 -180 0 -180 0 0 0.11796 -58.5969 0 0 0 -180 0 -180 0 -180
0 0 0 180 0 180 0 -0 1.17689 -45.4233 0 -0 0 0 0 180 0 180
0 -180 0 -0 0 0 0 -180 0.007885 98.8833 0 0 0 0 0 180 0 -180
0 0 0 0 0 -0 0 180 0.0122837 112.381 0 -0 0 -180 0 -180 0 180
0 -180 0 -180 0 0 0 -0 0.00793555 98.8325 0 180 0 0 0 0 0 -180
0 0 0 180 0 -180 0 0 0.0120911 114.416 0 -180 0 -180 0 -0 0 180
0 -180 0 0 0 -180 0 -180 0.1463 -63.301 0 -180 0 -180 0 0 0 -180
0 0 0 -0 0 0 0 180 1.21583 -45.3771 0 180 0 0 0 -0 0 180
inside=0 lambda=0.647 phi=15 theta=30
0 -180 0 -180 0 -180 0 0 0.12379 -59.7775 0 0 0 -180 0 -180 0 -180
0 0 0 180 0 180 0 -0 1.18514 -45.4253 0 -0 0 0 0 180 0 180
0 -180 0 -0 0 0 0 -180 0.0136736 98.8694 0 0 0 0 0 180 0 -180
0 0 0 0 0 -0 0 180 0.0211946 112.866 0 -0 0 -180 0 -180 0 180
0 -180 0 -180 0 0 0 -0 0.013724 98.8407 0 180 0 0 0 0 0 -180
0 0 0 180 0 -180 0 0 0.0210036 114.037 0 -180 0 -180 0 -0 0 180
0 -180 0 0 0 -180 0 -180 0.140156 -62.4716 0 -180 0 -180 0 0 0 -180
0 0 0 -0 0 0 0 180 1.20762 -45.3991 0 180 0 0 0 -0 0 180
inside=0 lambda=0.647 phi=15 theta=45
0 -180 0 -180 0 -180 0 0 0.131896 -61.2115 0 0 0 -180 0 -180 0 -180
0 0 0 180 0 180 0 -0 1.19639 -45.4181 0 -0 0 0 0 180 0 180
0 -180 0 -0 0 0 0 -180 0.0158167 98.8536 0 0 0 0 0 180 0 -180
0 0 0 0 0 -180 0 180 0.0243574 113.478 0 -0 0 -180 0 -180 0 180
0 -180 0 -180 0 0 0 -0 0.0158167 98.8536 0 180 0 0 0 0 0 -180
0 0 0 180 0 -180 0 0 0.0243574 113.478 0 -180 0 -180 0 -0 0 180
0 -180 0 0 0 -180 0 -180 0.131896 -61.2115 0 -180 0 -180 0 0 0 -180
0 0 0 -0 0 0 0 180 1.19639 -45.4181 0 180 0 180 0 -0 0 180
inside=0 lambda=0.647 phi=20 theta=0
0 -180 0 -180 0 -180 0 0 0.081595 -71.8739 0 0 0 -180 0 -180 0 -180
0 0 0 180 0 180 0 -0 1.15546 -56.286 0 -180 0 0 0 180 0 180
0 -180 0 -0 0 0 0 -180 5.4139e-13 67.7167 0 180 0 0 0 180 0 -180
0 0 0 0 0 -0 0 0 7.66581e-13 129.097 0 180 0 -180 0 -180 0 180
0 -180 0 -180 0 0 0 -0 1.82165e-13 -134.42 0 180 0 0 0 0 0 -180
0 0 0 180 0 -180 0 -0 2.23754e-13 -55.5413 0 -0 0 -180 0 -0 0 0
0 -180 0 0 0 -180 0 -180 0.139017 -85.2818 0 -180 0 -180 0 0 0 -180
0 0 0 -0 0 0 0 0 1.24423 -56.1506 0 180 0 0 0 -0 0 0
inside=0 lambda=0.647 phi=20 theta=15
0 -180 0 -180 0 -180 0 0 0.0850371 -73.3544 0 0 0 -180 0 -180 0 -180
0 0 0 180 0 180 0 -0 1.16143 -56.2997 0 -180 0 0 0 180 0 180
0 -180 0 -0 0 0 0 -180 0.0137317 75.9441 0 0 0 0 0 180 0 -180
0 0 0 0 0 -0 0 180 0.0243344 101.238 0 -180 0 -180 0 -180 0 180
0 -180 0 -180 0 0 0 -0 0.0139248 76.0779 0 0 0 0 0 0 0 -180
0 0 0 180 0 -180 0 0 0.0236707 104.864 0 -180 0 -180 0 -0 0 180
0 -180 0 0 0 -180 0 -180 0.1348 -84.7708 0 -180 0 -180 0 0 0 -180
0 0 0 -0 0 0 0 0 1.23833 -56.1861 0 180 0 0 0 -0 0 180
inside=0 lambda=0.647 phi=20 theta=30
0 -180 0 -180 0 -180 0 0 0.0947893 -76.8097 0 0 0 -180 0 -180 0 -180
0 0 0 180 0 180 0 -0 1.17775 -56.3214 0 -180 0 0 0 180 0 180
0 -180 0 -0 0 0 0 -180 0.0238371 75.9527 0 0 0 0 0 180 0 -180
0 0 0 0 0 -180 0 180 0.0418345 102.186 0 -180 0 -180 0 -180 0 180
0 -180 0 -180 0 0 0 -0 0.0240278 76.0303 0 0 0 0 0 0 0 -180
0 0 0 180 0 -180 0 0 0.0411906 104.253 0 -180 0 -180 0 -180 0 180
0 -180 0 0 0 -180 0 -180 0.123559 -83.1826 0 -180 0 -180 0 0 0 -180
0 0 0 -0 0 0 0 180 1.22216 -56.2599 0 180 0 0 0 -180 0 180
inside=0 lambda=0.647 phi=20 theta=45
0 -180 0 -180 0 -180 0 0 0.108817 -80.4453 0 0 0 -180 0 -180 0 -180
0 0 0 180 0 0 0 -0 1.19999 -56.3138 0 -180 0 0 0 180 0 180
0 -180 0 -0 0 0 0 -180 0.0276246 75.9822 0 0 0 0 0 0 0 -180
0 0 0 0 0 -180 0 180 0.047901 103.301 0 -180 0 -180 0 -180 0 180
0 -180 0 -180 0 0 0 -0 0.0276246 75.9822 0 0 0 0 0 0 0 -180
0 0 0 180 0 -180 0 0 0.047901 103.301 0 -180 0 -180 0 -180 0 180
0 -180 0 0 0 -180 0 -180 0.108817 -80.4453 0 -180 0 -180 0 0 0 -180
0 0 0 -0 0 0 0 180 1.19999 -56.3138 0 180 0 0 0 -180 0 180
inside=0 lambda=0.647 phi=25 theta=0
0 -180 0 -180 0 -180 0 0 0.038153 -84.7745 0 0 0 -180 0 -180 0 -180
0 0 0 180 0 180 0 -0 1.1246 -70.2024 0 -180 0 0 0 180 0 180
0 -180 0 -0 0 0 0 180 4.06776e-14 144.258 0 -0 0 0 0 180 0 -180
0 0 0 0 0 -0 0 0 5.81329e-14 -18.7776 0 -0 0 -180 0 -180 0 180
0 -180 0 -180 0 0 0 180 2.46844e-13 -5.46456 0 180 0 0 0 0 0 -180
0 0 0 0 0 -180 0 0 6.94986e-14 5.98014 0 -0 0 -180 0 -180 0 0
0 -180 0 0 0 -180 0 -180 0.129266 -119.693 0 -180 0 -180 0 0 0 -180
0 0 0 -180 0 0 0 0 1.28342 -69.9554 0 180 0 0 0 -180 0 0
inside=0 lambda=0.647 phi=25 theta=15
0 -180 0 -180 0 -180 0 0 0.0423709 -91.5349 0 0 0 -180 0 -180 0 -180
0 0 0 180 0 180 0 -0 1.13529 -70.2654 0 -180 0 0 0 180 0 180
0 -180 0 -0 0 0 0 -180 0.021684 42.3541 0 0 0 0 0 0 0 -180
0 0 0 0 0 -180 0 0 0.0440482 85.9472 0 -180 0 -180 0 -180 0 180
0 -180 0 -180 0 0 0 -0 0.0221856 43.2619 0 0 0 0 0 0 0 -180
0 0 0 0 0 -180 0 0 0.0420456 91.6538 0 -180 0 -180 0 -180 0 180
0 -180 0 0 0 -180 0 -180 0.121715 -119.298 0 -180 0 -180 0 0 0 -180
0 0 0 -180 0 0 0 0 1.27294 -70.0771 0 180 0 0 0 -180 0 180
inside=0 lambda=0.647 phi=25 theta=30
0 -180 0 -180 0 -180 0 0 0.0561598 -104.081 0 0 0 -180 0 -180 0 -180
0 0 0 180 0 0 0 -0 1.1645 -70.3778 0 -180 0 0 0 180 0 180
0 -180 0 -0 0 0 0 -180 0.0376342 42.4098 0 0 0 0 0 0 0 -180
0 0 0 0 0 -180 0 0 0.0751754 87.6201 0 -180 0 -180 0 -180 0 180
0 -180 0 -180 0 0 0 -0 0.0381161 42.9075 0 0 0 0 0 0 0 -180
0 0 0 0 0 -180 0 0 0.0733445 90.8046 0 -180 0 -180 0 -180 0 180
0 -180 0 0 0 -180 0 -180 0.102417 -117.551 0 -180 0 -180 0 0 0 -180
0 0 0 -0 0 0 0 0 1.24407 -70.2938 0 180 0 0 0 -180 0 180
inside=0 lambda=0.647 phi=25 theta=45
0 -180 0 -180 0 -180 0 0 0.0781385 -113.059 0 0 0 -180 0 -180 0 -180
0 0 0 0 0 0 0 -0 1.20436 -70.4106 0 -180 0 0 0 180 0 180
0 -180 0 -0 0 0 0 -180 0.0436766 42.5947 0 0 0 0 0 0 0 -180
0 0 0 0 0 -180 0 0 0.0855994 89.3974 0 -180 0 -180 0 -180 0 180
0 -180 0 -180 0 0 0 -0 0.0436766 42.5947 0 0 0 0 0 0 0 -180
0 0 0 0 0 -180 0 0 0.0855994 89.3974 0 -180 0 -180 0 -180 0 180
0 -180 0 0 0 -180 0 -180 0.0781385 -113.059 0 -180 0 -180 0 0 0 -180
0 0 0 -0 0 0 0 0 1.20436 -70.4106 0 180 0 0 0 -180 0 180
inside=0 lambda=0.647 phi=30 theta=0
0 -180 0 180 0 -180 0.0434318 -56.3636 0.0128639 4.89936 0 0 0 -180 0 180 0 -180
0 0 0 180 0 180 0 -180 1.069 -86.9102 0 -180 0 0 0 180 0 180
0 -180 0 -180 0 0 7.2318e-14 -42.5559 1.20896e-13 140.004 0 -180 0 0 0 0 0 -180
0 0 0 0 0 -0 0 -0 2.56541e-13 -94.359 0 0 0 -180 0 -180 0 180
0 -180 0 -180 0 0 9.60659e-14 10.8855 2.47021e-13 147.159 0 0 0 0 0 0 0 -180
0 0 0 0 0 -180 0 -180 3.40063e-13 2.10281 0 0 0 -180 0 -180 0 0
0 -180 0 0 0 -180 0.291335 -84.7334 0.138177 -164.996 0 -180 0 -180 0 0 0 -180
0 0 0 -180 0 0 0 0 1.33055 -86.4117 0 0 0 0 0 -180 0 0
inside=0 lambda=0.647 phi=30 theta=15
0 -180 0 -180 0 -180 0 0 0.00728714 23.1831 0 0 0 -180 0 180 0 -180
0 0 0 180 0 0 0 -180 1.09147 -87.1407 0 -180 0 0 0 180 0 180
0 -180 0 -180 0 0 0 -180 0.036263 -1.57694 0 0 0 0 0 0 0 -180
0 0 0 0 0 -180 0 0 0.0775273 65.9865 0 -180 0 -180 0 180 0 180
0 -180 0 -180 0 0 0 -180 0.0369431 1.19735 0 0 0 0 0 0 0 -180
0 0 0 0 0 -180 0 -0 0.0705134 74.4973 0 180 0 -180 0 -180 0 180
0 -180 0 0 0 -180 0 -180 0.131434 -170.577 0 -180 0 -180 0 0 0 -180
0 0 0 -180 0 0 0 0 1.32463 -86.8051 0 0 0 0 0 -180 0 180
inside=0 lambda=0.647 phi=30 theta=30
0 -180 0 -180 0 -180 0 0 0.0198769 175.88 0 0 0 -180 0 180 0 -180
0 0 0 180 0 0 0 -180 1.14075 -87.631 0 -180 0 0 0 180 0 180
0 -180 0 -0 0 0 0 -180 0.0625037 -1.99647 0 0 0 0 0 0 0 -180
0 0 0 0 0 -180 0 0 0.128949 68.9437 0 -180 0 -180 0 180 0 180
0 -180 0 -180 0 0 0 -180 0.0631096 -0.745915 0 0 0 0 0 0 0 -180
0 0 0 0 0 -180 0 0 0.12387 73.4794 0 180 0 -180 0 -180 0 180
0 -180 0 0 0 -180 0 -180 0.0977956 -175.425 0 -180 0 -180 0 0 0 -180
0 0 0 -180 0 0 0 0 1.27577 -87.6074 0 180 0 0 0 -180 0 180
inside=0 lambda=0.647 phi=30 theta=45
0 -180 0 -180 0 -180 0 0 0.0579049 -179.082 0 0 0 -180 0 -180 0 -180
0 0 0 0 0 0 0 -180 1.20825 -87.8389 0 -180 0 0 0 180 0 180
0 -180 0 -180 0 0 0 -180 0.0723177 -1.69362 0 0 0 0 0 0 0 -180
0 0 0 0 0 -180 0 0 0.145322 71.5464 0 -180 0 -180 0 180 0 180
0 -180 0 -180 0 0 0 -180 0.0723177 -1.69362 0 0 0 0 0 0 0 -180
0 0 0 0 0 -180 0 0 0.145322 71.5464 0 180 0 -180 0 -180 0 180
0 -180 0 0 0 -180 0 -180 0.0579049 -179.082 0 -180 0 -180 0 0 0 -180
0 0 0 -180 0 0 0 0 1.20825 -87.8389 0 180 0 0 0 -180 0 180
inside=0 lambda=0.647 phi=35 theta=0
0 -180 0 180 0 -180 0.122957 -21.7006 0.0576168 -28.7155 0 0 0 -180 0 180 0 -180
0 0 0 180 0 0 0 -180 0.9722 -106.931 0 -180 0 0 0 180 0 0
0 -180 0 -0 0 0 4.06321e-14 -103.344 2.00805e-14 -86.5737 0 0 0 0 0 180 0 -180
0 0 0 -0 0 -180 0 -180 9.01802e-14 161.483 0 -0 0 -180 0 180 0 0
0 -0 0 -180 0 -0 1.04121e-13 145.595 3.52537e-14 -57.0654 0 -180 0 180 0 0 0 180
0 0 0 0 0 -0 0 0 2.93879e-13 145.484 0 180 0 -180 0 -180 0 180
0 -0 0 0 0 -180 0.411494 -47.5879 0.159509 127.747 0 -180 0 -0 0 0 0 -180
0 0 0 -180 0 180 0 0 1.3882 -106.224 0 0 0 0 0 -180 0 180
inside=0 lambda=0.647 phi=35 theta=15
0 -180 0 180 0 -180 0.102723 -41.2614 0.0427639 -6.89085 0 0 0 -180 0 180 0 -180
0 0 0 180 0 0 0 -180 1.00489 -107.195 0 -180 0 0 0 180 0 180
0 -180 0 -180 0 0 0.0143138 -91.7269 0.0684951 -48.7216 0 0 0 0 0 0 0 -180
0 0 0 -0 0 -180 0 0 0.135786 44.7794 0 -180 0 -180 0 180 0 180
0 -180 0 -180 0 0 0.0857433 -73.7822 0.0652321 -46.8837 0 0 0 180 0 0 0 180
0 0 0 0 0 -180 0 -0 0.118156 54.5463 0 180 0 -180 0 -180 0 180
0 -180 0 0 0 -180 0.357933 -65.7033 0.166252 130.022 0 -180 0 -0 0 0 0 180
0 0 0 -180 0 0 0 0 1.37285 -106.878 0 0 0 0 0 -180 0 180
inside=0 lambda=0.647 phi=35 theta=30
0 -180 0 -180 0 -180 0 -0 0.0465228 60.3296 0 0 0 -180 0 180 0 180
0 0 0 180 0 0 0 -180 1.09677 -108.203 0 -180 0 0 0 180 0 180
0 -180 0 -180 0 0 0 -180 0.121632 -49.724 0 0 0 0 0 0 0 -180
0 0 0 -0 0 -180 0 0 0.218745 46.6635 0 -180 0 -180 0 180 0 180
0 -180 0 -180 0 0 0 -180 0.120997 -48.1581 0 0 0 0 0 0 0 180
0 0 0 0 0 -180 0 -0 0.20351 52.9842 0 180 0 -180 0 -180 0 180
0 -180 0 0 0 -180 0 -180 0.153661 121.894 0 -180 0 -180 0 0 0 180
0 0 0 -180 0 0 0 0 1.32005 -108.315 0 0 0 0 0 -180 0 180
inside=0 lambda=0.647 phi=35 theta=45
0 -180 0 -180 0 -180 0 0 0.0925995 104.744 0 0 0 -180 0 -180 0 180
0 0 0 0 0 0 0 -180 1.2075 -108.881 0 -180 0 0 0 180 0 180
0 -180 0 -180 0 0 0 -180 0.139792 -49.9998 0 0 0 0 0 0 0 180
0 0 0 -0 0 -180 0 0 0.240706 50.3242 0 -180 0 -180 0 180 0 180
0 -180 0 -180 0 0 0 -180 0.139792 -49.9998 0 0 0 0 0 0 0 180
0 0 0 0 0 -180 0 -0 0.240706 50.3242 0 180 0 -180 0 -180 0 180
0 -180 0 0 0 -180 0 -180 0.0925995 104.744 0 -180 0 -180 0 0 0 180
0 0 0 -180 0 0 0 0 1.2075 -108.881 0 180 0 0 0 -180 0 180
inside=0 lambda=0.647 phi=40 theta=0
0 -0 0 180 0 -180 0.157963 47.4115 0.23545 -85.196 0 0 0 -0 0 180 0 -180
0 0 0 180 0 180 0 -0 0.779374 -130.793 0 180 0 0 0 180 0 180
0 -0 0 -0 0 0 9.31241e-14 146.054 5.47379e-13 16.165 0 180 0 180 0 180 0 -180
0 0 0 -0 0 -0 0 -0 2.30877e-13 -159.655 0 180 0 -180 0 180 0 180
0 -0 0 -180 0 0 3.50189e-12 -102.434 5.5904e-13 91.2445 0 -0 0 180 0 0 0 -180
0 -0 0 0 0 -0 0 0 4.96123e-13 -49.3877 0 180 0 180 0 -180 0 180
0 -0 0 0 0 -180 0.5123 -10.4064 0.424005 61.395 0 -180 0 -0 0 0 0 -180
0 -0 0 -180 0 180 0 -0 1.41832 -127.125 0 0 0 -0 0 -180 0 180
inside=0 lambda=0.647 phi=40 theta=15
0 -0 0 180 0 -180 0.202147 -6.12407 0.161618 -80.3919 0 0 0 -180 0 180 0 -180
0 0 0 180 0 0 0 -180 0.831296 -131.365 0 180 0 0 0 180 0 180
0 -0 0 -0 0 0 0.0774618 55.0531 0.152523 -93.6472 0 0 0 0 0 180 0 -180
0 0 0 -0 0 -180 0 -0 0.264156 20.7953 0 180 0 -180 0 180 0 180
0 -0 0 -180 0 -0 0.151839 -28.0581 0.147981 -96.0443 0 180 0 180 0 0 0 180
0 0 0 0 0 0 0 -0 0.201956 37.6471 0 180 0 180 0 -180 0 180
0 -180 0 0 0 180 0.44864 -42.8705 0.340672 70.1051 0 -180 0 -0 0 0 0 180
0 0 0 -180 0 -180 0 -0 1.44949 -129.445 0 0 0 -0 0 -180 0 180
inside=0 lambda=0.647 phi=40 theta=30
0 -180 0 180 0 -180 0.0880842 -70.3192 0.0833667 -15.5282 0 0 0 -180 0 180 0 180
0 -0 0 180 0 0 0 -180 0.991335 -132.727 0 180 0 0 0 180 0 180
0 -180 0 -180 0 0 0.0218188 -32.1192 0.266958 -93.2232 0 0 0 0 0 180 0 180
0 -0 0 -0 0 -180 0 0 0.395972 24.8468 0 180 0 180 0 180 0 180
0 -180 0 -180 0 0 0.140502 -110.534 0.261434 -93.2285 0 180 0 0 0 0 0 180
0 -0 0 0 0 180 0 -0 0.348298 32.0142 0 180 0 -180 0 -180 0 180
0 -180 0 0 0 -180 0.288315 -101.441 0.27517 69.5329 0 -180 0 -180 0 0 0 180
0 0 0 -180 0 -0 0 0 1.36703 -132.525 0 0 0 0 0 -180 0 180
inside=0 lambda=0.647 phi=40 theta=45
0 -180 0 -180 0 -180 0 -0 0.160455 47.8834 0 0 0 -180 0 -180 0 180
0 -0 0 0 0 0 0 -180 1.18712 -134.234 0 180 0 -0 0 0 0 180
0 -180 0 -180 0 0 0 -180 0.313743 -95.3374 0 0 0 0 0 180 0 180
0 -0 0 -0 0 -180 0 0 0.416271 28.4995 0 -180 0 180 0 180 0 180
0 -180 0 -180 0 0 0 -180 0.313743 -95.3374 0 180 0 0 0 0 0 180
0 -0 0 0 0 180 0 -0 0.416271 28.4995 0 180 0 -180 0 -180 0 180
0 -180 0 -0 0 -180 0 -180 0.160455 47.8834 0 -180 0 -180 0 0 0 180
0 -0 0 -180 0 -0 0 0 1.18712 -134.234 0 0 0 0 0 180 0 180
inside=0 lambda=0.647 phi=45 theta=0
0 -0 0 0 0 0 0.248749 -159.153 0.964867 171.361 0 0 0 -0 0 0 0 0
0 -180 0 0 0 180 0 -0 0 -180 0 0 0 -180 0 0 0 180
0 -180 0 -180 0 -180 7.96077e-12 14.9633 3.12991e-12 -13.7045 0 180 0 0 0 0 0 0
0 -180 0 -180 0 -0 0 -180 0 -180 0 0 0 0 0 0 0 180
0 180 0 -180 0 0 3.75752e-12 -106.63 6.09611e-12 70.6973 0 -0 0 -0 0 0 0 -180
0 0 0 -0 0 0 0 180 0 180 0 180 0 -180 0 180 0 -180
0 180 0 0 0 -180 0.655701 -169.687 0.783981 31.2893 0 -180 0 180 0 0 0 -180
0 0 0 180 0 -180 0 0 0 180 0 -0 0 0 0 180 0 -180
inside=0 lambda=0.647 phi=45 theta=15
0 -0 0 0 0 -0 0.115665 109.847 0.797234 175.368 0 0 0 -180 0 180 0 180
0 -180 0 180 0 0 0 -0 0 -180 0 0 0 180 0 0 0 180
0 -0 0 -180 0 180 0.644147 22.2446 0.382176 -170.211 0 0 0 0 0 180 0 180
0 -180 0 -0 0 -0 0 -0 0 -0 0 180 0 -0 0 0 0 180
0 -0 0 180 0 -0 0.184667 76.0221 0.424274 -172.838 0 180 0 -0 0 0 0 -180
0 0 0 0 0 0 0 -0 0 -0 0 0 0 180 0 180 0 180
0 -0 0 -0 0 180 0.13048 20.6207 0.87517 12.9464 0 180 0 180 0 0 0 -180
0 0 0 -180 0 -0 0 0 0 -180 0 0 0 -0 0 180 0 180
inside=0 lambda=0.647 phi=45 theta=30
0 -0 0 0 0 -180 0.179105 -55.5604 0.464966 -178.934 0 0 0 180 0 180 0 180
0 -180 0 180 0 0 0 -180 0 -180 0 180 0 0 0 0 0 0
0 -0 0 -180 0 0 0.419045 -23.9339 0.848523 -176.682 0 0 0 -0 0 180 0 180
0 -180 0 -0 0 -180 0 -180 0 -0 0 180 0 180 0 0 0 0
0 -180 0 180 0 -0 0.132612 -99.5216 0.84357 -177.741 0 180 0 180 0 0 0 180
0 -0 0 0 0 180 0 -0 0 -0 0 0 0 180 0 180 0 180
0 -180 0 -0 0 180 0.279475 -72.515 0.496606 -1.85303 0 180 0 -180 0 0 0 180
0 -0 0 -180 0 -0 0 -0 0 -180 0 0 0 0 0 180 0 180
inside=0 lambda=0.647 phi=45 theta=45
0 -180 0 -180 0 -180 0 -0 0.0387704 -89.6915 0 0 0 180 0 180 0 180
0 -0 0 180 0 0 0 -180 0 -180 0 180 0 -0 0 0 0 180
0 -0 0 -180 0 0 0 -0 0.999248 -179.691 0 0 0 -0 0 180 0 180
0 -180 0 -0 0 -180 0 0 0 -0 0 180 0 180 0 0 0 180
0 -0 0 -0 0 -0 0 -180 0.999248 -179.691 0 180 0 0 0 0 0 180
0 -180 0 0 0 180 0 -0 0 -0 0 0 0 -180 0 180 0 180
0 -180 0 -0 0 180 0 -180 0.0387704 -89.6915 0 180 0 -180 0 0 0 180
0 -0 0 -180 0 -0 0 180 0 -180 0 0 0 0 0 180 0 180
inside=1 lambda=0.647 phi=0 theta=0
0 -180 0 -180 0 -180 0 0 0.15661 156.939 0 0 0 -180 0 -180 0 -180
0 0 0 180 0 0 0 -0 0.818343 -31.4696 0 -0 0 0 0 180 0 0
0 -180 0 -0 0 0 0 -0 6.05277e-14 -0.160578 0 0 0 0 0 -0 0 -180
0 0 0 180 0 -180 0 -180 4.68751e-13 -122.301 0 -0 0 -180 0 -180 0 0
0 -180 0 180 0 0 0 180 5.48166e-14 -45.383 0 -0 0 0 0 -0 0 -180
0 0 0 180 0 -180 0 0 4.92175e-13 -118.366 0 0 0 -180 0 180 0 0
0 -180 0 0 0 -180 0 -180 0.15661 156.939 0 -180 0 -180 0 0 0 -180
0 0 0 -0 0 0 0 180 0.818343 -31.4696 0 180 0 0 0 -0 0 0
inside=1 lambda=0.647 phi=0 theta=15
0 -180 0 -180 0 -180 0 0 0.15661 156.939 0 0 0 -180 0 -180 0 -180
0 0 0 180 0 0 0 -0 0.818343 -31.4696 0 -0 0 0 0 180 0 0
0 -180 0 -0 0 0 0 -0 6.05277e-14 -0.160578 0 0 0 0 0 -0 0 -180
0 0 0 180 0 -180 0 -180 4.68751e-13 -122.301 0 -0 0 -180 0 -180 0 0
0 -180 0 180 0 0 0 180 5.48166e-14 -45.383 0 -0 0 0 0 -0 0 -180
0 0 0 180 0 -180 0 0 4.92175e-13 -118.366 0 0 0 -180 0 180 0 0
0 -180 0 0 0 -180 0 -180 0.15661 156.939 0 -180 0 -180 0 0 0 -180
0 0 0 -0 0 0 0 180 0.818343 -31.4696 0 180 0 0 0 -0 0 0
inside=1 lambda=0.647 phi=0 theta=30
0 -180 0 -180 0 -180 0 0 0.15661 156.939 0 0 0 -180 0 -180 0 -180
0 0 0 180 0 0 0 -0 0.818343 -31.4696 0 -0 0 0 0 180 0 0
0 -180 0 -0 0 0 0 -0 6.05277e-14 -0.160578 0 0 0 0 0 -0 0 -180
0 0 0 180 0 -180 0 -180 4.68751e-13 -122.301 0 -0 0 -180 0 -180 0 0
0 -180 0 180 0 0 0 180 5.48166e-14 -45.383 0 -0 0 0 0 -0 0 -180
0 0 0 180 0 -180 0 0 4.92175e-13 -118.366 0 0 0 -180 0 180 0 0
0 -180 0 0 0 -180 0 -180 0.15661 156.939 0 -180 0 -180 0 0 0 -180
0 0 0 -0 0 0 0 180 0.818343 -31.4696 0 180 0 0 0 -0 0 0
inside=1 lambda=0.647 phi=0 theta=45
0 -180 0 -180 0 -180 0 0 0.15661 156.939 0 0 0 -180 0 -180 0 -180
0 0 0 180 0 0 0 -0 0.818343 -31.4696 0 -0 0 0 0 180 0 0
0 -180 0 -0 0 0 0 -0 6.05277e-14 -0.160578 0 0 0 0 0 -0 0 -180
0 0 0 180 0 -180 0 -180 4.68751e-13 -122.301 0 -0 0 -180 0 -180 0 0
0 -180 0 180 0 0 0 180 5.48166e-14 -45.383 0 -0 0 0 0 -0 0 -180
0 0 0 180 0 -180 0 0 4.92175e-13 -118.366 0 0 0 -180 0 180 0 0
0 -180 0 0 0 -180 0 -180 0.15661 156.939 0 -180 0 -180 0 0 0 -180
0 0 0 -0 0 0 0 180 0.818343 -31.4696 0 180 0 0 0 -0 0 0
inside=1 lambda=0.647 phi=5 theta=0
0 -180 0 -180 0 -180 0 0 0.154629 156.439 0 0 0 -180 0 -180 0 -180
0 0 0 180 0 0 0 -0 0.819428 -32.1979 0 -0 0 0 0 180 0 0
0 -180 0 -0 0 0 0 0 1.16816e-13 -157.455 0 -0 0 0 0 180 0 -180
0 0 0 0 0 -180 0 180 1.75643e-13 34.0446 0 180 0 -180 0 -180 0 0
0 -180 0 -180 0 0 0 180 7.1125e-14 92.7214 0 180 0 0 0 0 0 -180
0 0 0 180 0 -180 0 -0 3.60678e-13 63.0337 0 180 0 -180 0 -0 0 0
0 -180 0 0 0 -180 0 -180 0.156358 156.642 0 -180 0 -180 0 0 0 -180
0 0 0 -0 0 0 0 180 0.81755 -32.1976 0 180 0 0 0 -0 0 0
inside=1 lambda=0.647 phi=5 theta=15
0 -180 0 -180 0 -180 0 0 0.154745 156.453 0 0 0 -180 0 -180 0 -180
0 0 0 180 0 0 0 -0 0.819302 -32.1979 0 -0 0 0 0 180 0 0
0 -180 0 -0 0 0 0 -180 0.000410427 -15.6519 0 0 0 0 0 0 0 -180
0 0 0 0 0 -180 0 180 0.000490151 -14.2268 0 -0 0 -180 0 -180 0 0
0 -180 0 -180 0 0 0 -0 0.000410668 -15.5805 0 0 0 0 0 0 0 -180
0 0 0 180 0 -180 0 0 0.000489929 -14.3022 0 -180 0 -180 0 -0 0 0
0 -180 0 0 0 -180 0 -180 0.156242 156.629 0 -180 0 -180 0 0 0 -180
0 0 0 -0 0 0 0 180 0.817676 -32.1976 0 180 0 0 0 -0 0 0
inside=1 lambda=0.647 phi=5 theta=30
0 -180 0 -180 0 -180 0 0 0.155061 156.49 0 0 0 -180 0 -180 0 -180
0 0 0 180 0 0 0 -0 0.818958 -32.1978 0 -0 0 0 0 180 0 0
0 -180 0 -0 0 0 0 -180 0.000710969 -15.6367 0 0 0 0 0 0 0 -180
0 0 0 0 0 -180 0 180 0.000848884 -14.2428 0 -0 0 -180 0 -180 0 0
0 -180 0 -180 0 0 0 -0 0.000711209 -15.5955 0 0 0 0 0 0 0 -180
0 0 0 180 0 -180 0 0 0.000848662 -14.2864 0 -180 0 -180 0 -0 0 0
0 -180 0 0 0 -180 0 -180 0.155925 156.592 0 -180 0 -180 0 0 0 -180
0 0 0 -0 0 0 0 180 0.818019 -32.1977 0 180 0 0 0 -0 0 0
inside=1 lambda=0.647 phi=5 theta=45
0 -180 0 -180 0 -180 0 0 0.155493 156.541 0 0 0 -180 0 -180 0 -180
0 0 0 180 0 0 0 -0 0.818489 -32.1978 0 -0 0 0 0 180 0 0
0 -180 0 -0 0 0 0 -180 0.000821095 -15.6161 0 0 0 0 0 0 0 -180
0 0 0 0 0 -180 0 180 0.000980078 -14.2647 0 -0 0 -180 0 -180 0 0
0 -180 0 -180 0 0 0 -0 0.000821095 -15.6161 0 0 0 0 0 0 0 -180
0 0 0 180 0 -180 0 0 0.000980078 -14.2647 0 -180 0 -180 0 -0 0 0
0 -180 0 0 0 -180 0 -180 0.155493 156.541 0 -180 0 -180 0 0 0 -180
0 0 0 -0 0 0 0 180 0.818489 -32.1978 0 180 0 0 0 -0 0 0
inside=1 lambda=0.647 phi=10 theta=0
0 -180 0 -180 0 -180 0 0 0.148604 154.946 0 0 0 -180 0 -180 0 -180
0 0 0 180 0 0 0 -0 0.822713 -34.3722 0 -0 0 0 0 180 0 0
0 -180 0 -0 0 0 0 -0 2.98267e-14 173.283 0 180 0 0 0 180 0 -180
0 0 0 0 0 -180 0 0 2.69856e-13 57.2775 0 -0 0 -180 0 -180 0 0
0 -180 0 -180 0 0 0 0 2.46617e-14 127.555 0 -0 0 0 0 0 0 -180
0 0 0 180 0 -180 0 0 2.61769e-13 55.0711 0 0 0 -180 0 -0 0 0
0 -180 0 0 0 -180 0 -180 0.155488 155.802 0 -180 0 -180 0 0 0 -180
0 0 0 -0 0 0 0 180 0.81516 -34.3689 0 180 0 0 0 -0 0 0
inside=1 lambda=0.647 phi=10 theta=15
0 -180 0 -180 0 -180 0 0 0.149063 155.004 0 0 0 -180 0 -180 0 -180
0 0 0 180 0 0 0 -0 0.822208 -34.372 0 -0 0 0 0 180 0 0
0 -180 0 -0 0 0 0 -180 0.00162739 -16.1105 0 0 0 0 0 0 0 -180
0 0 0 0 0 -180 0 180 0.00197091 -16.3648 0 -0 0 -180 0 -180 0 0
0 -180 0 -180 0 0 0 -0 0.00163157 -15.8282 0 0 0 0 0 0 0 -180
0 0 0 180 0 -180 0 0 0.00196735 -16.6712 0 -180 0 -180 0 -0 0 0
0 -180 0 0 0 -180 0 -180 0.155025 155.746 0 -180 0 -180 0 0 0 -180
0 0 0 -0 0 0 0 180 0.815666 -34.3691 0 180 0 0 0 -0 0 0
inside=1 lambda=0.647 phi=10 theta=30
0 -180 0 -180 0 -180 0 0 0.15032 155.164 0 0 0 -180 0 -180 0 -180
0 0 0 180 0 0 0 -0 0.820825 -34.3715 0 -0 0 0 0 180 0 0
0 -180 0 -0 0 0 0 -180 0.00282025 -16.0497 0 0 0 0 0 0 0 -180
0 0 0 0 0 -180 0 180 0.00341235 -16.4317 0 -0 0 -180 0 -180 0 0
0 -180 0 -180 0 0 0 -0 0.00282442 -15.8868 0 0 0 0 0 0 0 -180
0 0 0 180 0 -180 0 0 0.00340879 -16.6086 0 -180 0 -180 0 -0 0 0
0 -180 0 0 0 -180 0 -180 0.153762 155.592 0 -180 0 -180 0 0 0 -180
0 0 0 -0 0 0 0 180 0.817049 -34.3698 0 180 0 0 0 -0 0 0
inside=1 lambda=0.647 phi=10 theta=45
0 -180 0 -180 0 -180 0 0 0.152039 155.379 0 0 0 -180 0 -180 0 -180
0 0 0 180 0 0 0 -0 0.818937 -34.3707 0 -0 0 0 0 180 0 0
0 -180 0 -0 0 0 0 -180 0.00325895 -15.9677 0 0 0 0 0 0 0 -180
0 0 0 0 0 -180 0 180 0.00393816 -16.5213 0 -0 0 -180 0 -180 0 0
0 -180 0 -180 0 0 0 -0 0.00325895 -15.9677 0 0 0 0 0 0 0 -180
0 0 0 180 0 -180 0 0 0.00393816 -16.5213 0 -180 0 -180 0 -0 0 0
0 -180 0 0 0 -180 0 -180 0.152039 155.379 0 -180 0 -180 0 0 0 -180
0 0 0 -0 0 0 0 180 0.818937 -34.3707 0 180 0 0 0 -0 0 0
inside=1 lambda=0.647 phi=15 theta=0
0 -180 0 -180 0 -180 0 0 0.138324 152.477 0 0 0 -180 0 -180 0 -180
0 0 0 180 0 0 0 -0 0.82828 -37.9594 0 -0 0 0 0 180 0 0
0 -180 0 -180 0 0 0 180 4.95494e-14 -107.925 0 -0 0 0 0 0 0 -180
0 0 0 0 0 -180 0 -180 3.86826e-13 -123.936 0 0 0 -180 0 -180 0 0
0 -180 0 -180 0 0 0 180 1.30972e-14 -132.102 0 180 0 0 0 0 0 -180
0 0 0 180 0 -180 0 -180 3.20646e-13 -127.533 0 180 0 -180 0 -0 0 0
0 -180 0 0 0 -180 0 -180 0.153677 154.584 0 -180 0 -180 0 0 0 -180
0 0 0 -0 0 0 0 180 0.811134 -37.9454 0 180 0 0 0 -0 0 0
inside=1 lambda=0.647 phi=15 theta=15
0 -180 0 -180 0 -180 0 0 0.139342 152.626 0 0 0 -180 0 -180 0 -180
0 0 0 180 0 0 0 -0 0.827132 -37.9587 0 -0 0 0 0 180 0 0
0 -180 0 -0 0 0 0 -180 0.00360351 -16.7034 0 0 0 0 0 0 0 -180
0 0 0 0 0 -180 0 180 0.00447459 -19.834 0 -0 0 -180 0 -180 0 0
0 -180 0 -180 0 0 0 -0 0.00362739 -16.0852 0 0 0 0 0 0 0 -180
0 0 0 180 0 -180 0 0 0.00445646 -20.5408 0 -180 0 -180 0 -0 0 0
0 -180 0 0 0 -180 0 -180 0.152639 154.45 0 -180 0 -180 0 0 0 -180
0 0 0 -0 0 0 0 180 0.812283 -37.9466 0 180 0 0 0 -0 0 0
inside=1 lambda=0.647 phi=15 theta=30
0 -180 0 -180 0 -180 0 0 0.142133 153.028 0 0 0 -180 0 -180 0 -180
0 0 0 180 0 0 0 -0 0.823995 -37.9566 0 -0 0 0 0 180 0 0
0 -180 0 -0 0 0 0 -180 0.00625017 -16.5669 0 0 0 0 0 0 0 -180
0 0 0 0 0 -180 0 180 0.00774292 -19.9949 0 -0 0 -180 0 -180 0 0
0 -180 0 -180 0 0 0 -0 0.00627405 -16.2105 0 0 0 0 0 0 0 -180
0 0 0 180 0 -180 0 0 0.00772482 -20.4027 0 -180 0 -180 0 -0 0 0
0 -180 0 0 0 -180 0 -180 0.14981 154.08 0 -180 0 -180 0 0 0 -180
0 0 0 -0 0 0 0 180 0.815423 -37.9496 0 180 0 0 0 -0 0 0
inside=1 lambda=0.647 phi=15 theta=45
0 -180 0 -180 0 -180 0 0 0.145962 153.562 0 0 0 -180 0 -180 0 -180
0 0 0 180 0 0 0 -0 0.81971 -37.9533 0 -0 0 0 0 180 0 0
0 -180 0 -0 0 0 0 -180 0.00723085 -16.386 0 0 0 0 0 0 0 -180
0 0 0 0 0 -180 0 180 0.00892993 -20.2046 0 -0 0 -180 0 -180 0 0
0 -180 0 -180 0 0 0 -0 0.00723085 -16.386 0 0 0 0 0 0 0 -180
0 0 0 180 0 -180 0 0 0.00892993 -20.2046 0 -180 0 -180 0 -0 0 0
0 -180 0 0 0 -180 0 -180 0.145962 153.562 0 -180 0 -180 0 0 0 -180
0 0 0 -0 0 0 0 180 0.81971 -37.9533 0 180 0 0 0 -0 0 0
inside=1 lambda=0.647 phi=20 theta=0
0 -180 0 -180 0 -180 0 0 0.123575 149.054 0 0 0 -180 0 -180 0 -180
0 0 0 180 0 0 0 -0 0.836249 -42.9019 0 -180 0 0 0 180 0 0
0 -180 0 -180 0 0 0 -0 2.40093e-14 -57.7178 0 -0 0 0 0 0 0 -180
0 0 0 0 0 -180 0 0 1.79776e-13 -129.116 0 -180 0 -180 0 -180 0 0
0 -180 0 -180 0 0 0 -0 1.3918e-14 -42.1869 0 -0 0 0 0 0 0 -180
0 0 0 180 0 -180 0 0 1.57288e-13 -132.744 0 180 0 -180 0 -0 0 0
0 -180 0 0 0 -180 0 -180 0.150476 153.301 0 -180 0 -180 0 0 0 -180
0 0 0 -0 0 0 0 180 0.805386 -42.8637 0 180 0 0 0 -0 0 0
inside=1 lambda=0.647 phi=20 theta=15
0 -180 0 -180 0 -180 0 0 0.12534 149.374 0 0 0 -180 0 -180 0 -180
0 0 0 180 0 0 0 -0 0.834184 -42.9002 0 -180 0 0 0 180 0 0
0 -180 0 -0 0 0 0 -180 0.00624983 -17.1371 0 0 0 0 0 0 0 -180
0 0 0 0 0 -180 0 180 0.00806181 -24.4947 0 -180 0 -180 0 -180 0 0
0 -180 0 -180 0 0 0 -0 0.00633717 -16.1 0 0 0 0 0 0 0 -180
0 0 0 180 0 -180 0 0 0.00800315 -25.7955 0 -180 0 -180 0 -0 0 0
0 -180 0 0 0 -180 0 -180 0.148637 153.046 0 -180 0 -180 0 0 0 -180
0 0 0 -0 0 0 0 180 0.807457 -42.8673 0 180 0 0 0 -0 0 0
inside=1 lambda=0.647 phi=20 theta=30
0 -180 0 -180 0 -180 0 0 0.130188 150.22 0 0 0 -180 0 -180 0 -180
0 0 0 180 0 0 0 -0 0.82854 -42.8949 0 -180 0 0 0 180 0 0
0 -180 0 -0 0 0 0 -180 0.0108571 -16.8996 0 0 0 0 0 0 0 -180
0 0 0 0 0 -180 0 180 0.013938 -24.8077 0 -180 0 -180 0 -180 0 0
0 -180 0 -180 0 0 0 -0 0.0109443 -16.3035 0 0 0 0 0 0 0 -180
0 0 0 180 0 -180 0 0 0.0138797 -25.557 0 -180 0 -180 0 -0 0 0
0 -180 0 0 0 -180 0 -180 0.14364 152.331 0 -180 0 -180 0 0 0 -180
0 0 0 -0 0 0 0 180 0.81311 -42.8763 0 180 0 0 0 -180 0 0
inside=1 lambda=0.647 phi=20 theta=45
0 -180 0 -180 0 -180 0 0 0.136877 151.308 0 0 0 -180 0 -180 0 -180
0 0 0 180 0 0 0 -0 0.820828 -42.8865 0 -180 0 0 0 180 0 0
0 -180 0 -0 0 0 0 -180 0.0125871 -16.5931 0 0 0 0 0 0 0 -180
0 0 0 0 0 -180 0 180 0.0160583 -25.2009 0 -180 0 -180 0 -180 0 0
0 -180 0 -180 0 0 0 -0 0.0125871 -16.5931 0 0 0 0 0 0 0 -180
0 0 0 180 0 -180 0 0 0.0160583 -25.2009 0 -180 0 -180 0 -180 0 0
0 -180 0 0 0 -180 0 -180 0.136877 151.308 0 -180 0 -180 0 0 0 -180
0 0 0 -0 0 0 0 180 0.820828 -42.8865 0 180 0 0 0 -180 0 0
inside=1 lambda=0.647 phi=25 theta=0
0 -180 0 -180 0 -180 0 0 0.104333 144.669 0 0 0 -180 0 -180 0 -180
0 0 0 180 0 0 0 -0 0.84677 -49.1138 0 -180 0 0 0 180 0 0
0 -180 0 -0 0 0 0 -180 1.50893e-13 109.17 0 -180 0 0 0 180 0 -180
0 0 0 0 0 -180 0 180 2.9786e-13 35.9236 0 0 0 -180 0 -180 0 0
0 -180 0 -180 0 0 0 180 2.19841e-14 161.433 0 -0 0 0 0 0 0 -180
0 0 0 0 0 -180 0 180 7.81283e-14 28.1445 0 -180 0 -180 0 -180 0 0
0 -180 0 0 0 -180 0 -180 0.145501 152.49 0 -180 0 -180 0 0 0 -180
0 0 0 -180 0 0 0 0 0.797749 -49.0339 0 180 0 0 0 -180 0 0
inside=1 lambda=0.647 phi=25 theta=15
0 -180 0 -180 0 -180 0 0 0.106973 145.324 0 0 0 -180 0 -180 0 -180
0 0 0 180 0 0 0 -0 0.843492 -49.1109 0 -180 0 0 0 180 0 0
0 -180 0 -0 0 0 0 -180 0.009441 -16.9327 0 0 0 0 0 0 0 -180
0 0 0 0 0 -180 0 180 0.0128385 -30.158 0 -180 0 -180 0 -180 0 0
0 -180 0 -180 0 0 0 -0 0.00968874 -15.4974 0 0 0 0 0 0 0 -180
0 0 0 180 0 -180 0 0 0.0126872 -32.2807 0 -180 0 -180 0 -180 0 0
0 -180 0 0 0 -180 0 -180 0.142627 152.061 0 -180 0 -180 0 0 0 -180
0 0 0 -0 0 0 0 0 0.801042 -49.0429 0 180 0 0 0 -180 0 0
inside=1 lambda=0.647 phi=25 theta=30
0 -180 0 -180 0 -180 0 0 0.114274 146.991 0 0 0 -180 0 -180 0 -180
0 0 0 180 0 0 0 -0 0.834534 -49.1018 0 -180 0 0 0 180 0 0
0 -180 0 -0 0 0 0 -180 0.0164445 -16.5857 0 0 0 0 0 0 0 -180
0 0 0 0 0 -180 0 180 0.0221647 -30.7048 0 -180 0 -180 0 -180 0 0
0 -180 0 -180 0 0 0 -0 0.0166912 -15.7668 0 0 0 0 0 0 0 -180
0 0 0 180 0 -180 0 0 0.0220157 -31.9234 0 -180 0 -180 0 -180 0 0
0 -180 0 0 0 -180 0 -180 0.134861 150.839 0 -180 0 -180 0 0 0 -180
0 0 0 -0 0 0 0 0 0.81003 -49.0638 0 180 0 0 0 -180 0 0
inside=1 lambda=0.647 phi=25 theta=45
0 -180 0 -180 0 -180 0 0 0.124453 149.025 0 0 0 -180 0 -180 0 -180
0 0 0 180 0 0 0 -0 0.82229 -49.0857 0 -180 0 0 0 180 0 0
0 -180 0 -0 0 0 0 -180 0.0191316 -16.1573 0 0 0 0 0 0 0 -180
0 0 0 0 0 -180 0 180 0.0254987 -31.3606 0 -180 0 -180 0 -180 0 0
0 -180 0 -180 0 0 0 -0 0.0191316 -16.1573 0 0 0 0 0 0 0 -180
0 0 0 180 0 -180 0 0 0.0254987 -31.3606 0 -180 0 -180 0 -180 0 0
0 -180 0 0 0 -180 0 -180 0.124453 149.025 0 -180 0 -180 0 0 0 -180
0 0 0 -0 0 0 0 180 0.82229 -49.0857 0 180 0 0 0 -180 0 0
inside=1 lambda=0.647 phi=30 theta=0
0 -180 0 -180 0 -180 0 0 0.0809958 139.153 0 0 0 -180 0 -180 0 -180
0 0 0 180 0 0 0 -0 0.860045 -56.4742 0 -180 0 0 0 180 0 0
0 -180 0 -0 0 0 0 -180 2.0102e-13 74.8629 0 0 0 0 0 180 0 -180
0 0 0 0 0 -180 0 -180 2.90458e-13 51.5202 0 0 0 -180 0 -180 0 0
0 -180 0 -180 0 0 0 -0 7.99851e-14 106.479 0 0 0 0 0 0 0 -180
0 0 0 0 0 -180 0 -0 2.10126e-13 30.8806 0 180 0 -180 0 -180 0 0
0 -180 0 0 0 -180 0 -180 0.138845 153.018 0 -180 0 -180 0 0 0 -180
0 0 0 -180 0 0 0 0 0.787911 -56.3373 0 180 0 0 0 -180 0 0
inside=1 lambda=0.647 phi=30 theta=15
0 -180 0 -180 0 -180 0 0 0.0845423 140.528 0 0 0 -180 0 -180 0 -180
0 0 0 180 0 0 0 -0 0.855224 -56.4716 0 -180 0 0 0 180 0 0
0 -180 0 -0 0 0 0 -180 0.0130745 -15.394 0 0 0 0 0 0 0 -180
0 0 0 0 0 -180 0 0 0.0189937 -36.6028 0 -180 0 -180 0 -180 0 0
0 -180 0 -180 0 0 0 -0 0.0136592 -13.8073 0 0 0 0 0 0 0 -180
0 0 0 0 0 -180 0 0 0.0186461 -39.8159 0 -180 0 -180 0 -180 0 0
0 -180 0 0 0 -180 0 -180 0.134653 152.369 0 -180 0 -180 0 0 0 -180
0 0 0 -180 0 0 0 0 0.792768 -56.3569 0 180 0 0 0 -180 0 0
inside=1 lambda=0.647 phi=30 theta=30
0 -180 0 -180 0 -180 0 0 0.0944996 143.825 0 0 0 -180 0 -180 0 -180
0 0 0 180 0 0 0 -0 0.842054 -56.4613 0 -180 0 0 0 180 0 0
0 -180 0 -0 0 0 0 -180 0.0228685 -14.9752 0 0 0 0 0 0 0 -180
0 0 0 0 0 -180 0 0 0.0327135 -37.4997 0 -180 0 -180 0 -180 0 0
0 -180 0 -180 0 0 0 -0 0.0234461 -14.0835 0 0 0 0 0 0 0 -180
0 0 0 0 0 -180 0 0 0.0323772 -39.332 0 -180 0 -180 0 -180 0 0
0 -180 0 0 0 -180 0 -180 0.123447 150.475 0 -180 0 -180 0 0 0 -180
0 0 0 -0 0 0 0 0 0.806009 -56.3993 0 180 0 0 0 -180 0 0
inside=1 lambda=0.647 phi=30 theta=45
0 -180 0 -180 0 -180 0 0 0.108671 147.489 0 0 0 -180 0 -180 0 -180
0 0 0 0 0 0 0 -0 0.824049 -56.4378 0 -180 0 0 0 180 0 0
0 -180 0 -0 0 0 0 -180 0.0267431 -14.4954 0 0 0 0 0 0 0 -180
0 0 0 0 0 -180 0 0 0.0375518 -38.5154 0 -180 0 -180 0 -180 0 0
0 -180 0 -180 0 0 0 -0 0.0267431 -14.4954 0 0 0 0 0 0 0 -180
0 0 0 0 0 -180 0 0 0.0375518 -38.5154 0 -180 0 -180 0 -180 0 0
0 -180 0 0 0 -180 0 -180 0.108671 147.489 0 -180 0 -180 0 0 0 -180
0 0 0 -0 0 0 0 0 0.824049 -56.4378 0 180 0 0 0 -180 0 0
inside=1 lambda=0.647 phi=35 theta=0
0 -180 0 -180 0 -180 0 0 0.0546195 131.583 0 0 0 -180 0 -180 0 -180
0 0 0 180 0 0 0 -0 0.876402 -64.8196 0 -180 0 0 0 180 0 0
0 -180 0 -0 0 0 0 -0 7.59498e-14 -94.1623 0 0 0 0 0 180 0 -180
0 0 0 0 0 -180 0 0 1.72462e-14 -12.3868 0 180 0 -180 0 -180 0 0
0 -180 0 -180 0 0 0 -0 3.21852e-14 6.04167 0 -0 0 0 0 0 0 -180
0 0 0 0 0 -180 0 -0 7.73461e-15 71.9305 0 -0 0 -180 0 -180 0 0
0 -180 0 0 0 -180 0 -180 0.131936 156.139 0 -180 0 -180 0 0 0 -180
0 0 0 -180 0 0 0 0 0.775336 -64.6168 0 0 0 0 0 -180 0 0
inside=1 lambda=0.647 phi=35 theta=15
0 -180 0 -180 0 -180 0 0 0.05894 134.823 0 0 0 -180 0 180 0 -180
0 0 0 180 0 0 0 -0 0.869644 -64.8223 0 -180 0 0 0 180 0 0
0 -180 0 -0 0 0 0 -180 0.0172548 -11.7306 0 0 0 0 0 0 0 -180
0 0 0 0 0 -180 0 0 0.0268696 -43.6037 0 -180 0 -180 0 -180 0 0
0 -180 0 -180 0 0 0 -0 0.0184205 -10.6298 0 0 0 0 0 0 0 -180
0 0 0 0 0 -180 0 0 0.0261126 -48.2132 0 -180 0 -180 0 -180 0 0
0 -180 0 0 0 -180 0 -180 0.125986 155.299 0 -180 0 -180 0 0 0 -180
0 0 0 -180 0 0 0 0 0.782162 -64.659 0 0 0 0 0 -180 0 0
inside=1 lambda=0.647 phi=35 theta=30
0 -180 0 -180 0 -180 0 0 0.0715641 141.765 0 0 0 -180 0 -180 0 -180
0 0 0 0 0 0 0 -0 0.851198 -64.8209 0 -180 0 0 0 180 0 0
0 -180 0 -0 0 0 0 -180 0.0303455 -11.3716 0 0 0 0 0 0 0 -180
0 0 0 0 0 -180 0 0 0.0460899 -45.0174 0 -180 0 -180 0 -180 0 0
0 -180 0 -180 0 0 0 -0 0.0314782 -10.7734 0 0 0 0 0 0 0 -180
0 0 0 0 0 -180 0 0 0.0453804 -47.6152 0 -180 0 -180 0 -180 0 0
0 -180 0 0 0 -180 0 -180 0.110385 152.739 0 -180 0 -180 0 0 0 -180
0 0 0 -180 0 0 0 0 0.800734 -64.7394 0 180 0 0 0 -180 0 0
inside=1 lambda=0.647 phi=35 theta=45
0 -180 0 -180 0 -180 0 0 0.0902908 148.248 0 0 0 -180 0 -180 0 -180
0 0 0 0 0 0 0 -0 0.825996 -64.7977 0 -180 0 0 0 180 0 0
0 -180 0 -0 0 0 0 -180 0.0357044 -11.0245 0 0 0 0 0 0 0 -180
0 0 0 0 0 -180 0 0 0.0527324 -46.5058 0 -180 0 -180 0 -180 0 0
0 -180 0 -180 0 0 0 -0 0.0357044 -11.0245 0 0 0 0 0 0 0 -180
0 0 0 0 0 -180 0 0 0.0527324 -46.5058 0 -180 0 -180 0 -180 0 0
0 -180 0 0 0 -180 0 -180 0.0902908 148.248 0 -180 0 -180 0 0 0 -180
0 0 0 -0 0 0 0 0 0.825996 -64.7977 0 180 0 0 0 -180 0 0
inside=1 lambda=0.647 phi=40 theta=0
0 -180 0 180 0 -180 0 0 0.027305 116.168 0 0 0 -180 0 180 0 -180
0 0 0 180 0 0 0 -180 0.896444 -73.9307 0 -180 0 0 0 180 0 0
0 -180 0 -0 0 0 0 180 7.62562e-14 137.478 0 180 0 0 0 180 0 -180
0 0 0 0 0 -180 0 0 6.22179e-14 -11.78 0 -0 0 -180 0 -180 0 0
0 -180 0 -180 0 0 0 -0 3.70959e-14 12.5782 0 -0 0 0 0 0 0 -180
0 0 0 0 0 -180 0 -0 1.56245e-14 173.271 0 -0 0 -180 0 -180 0 0
0 -180 0 0 0 -180 0 -180 0.129026 163.005 0 -180 0 -180 0 0 0 -180
0 0 0 -180 0 0 0 0 0.759144 -73.6472 0 0 0 0 0 -180 0 0
inside=1 lambda=0.647 phi=40 theta=15
0 -180 0 180 0 -180 0 0 0.0317748 126.507 0 0 0 -180 0 180 0 -180
0 0 0 180 0 0 0 -180 0.887235 -73.9543 0 -180 0 0 0 180 0 0
0 -180 0 -0 0 0 0 -180 0.0226528 -5.6393 0 0 0 0 0 0 0 -180
0 0 0 0 0 -180 0 0 0.0370784 -50.9537 0 -180 0 -180 0 -180 0 0
0 -180 0 -180 0 0 0 -0 0.024566 -6.04955 0 0 0 0 0 0 0 -180
0 0 0 0 0 -180 0 0 0.0354584 -57.2915 0 -180 0 -180 0 -180 0 0
0 -180 0 0 0 -180 0 -180 0.120465 162.279 0 -180 0 -180 0 0 0 -180
0 0 0 -180 0 0 0 0 0.768464 -73.7484 0 0 0 0 0 -180 0 0
inside=1 lambda=0.647 phi=40 theta=30
0 -180 0 -180 0 -180 0 0 0.0471325 143.631 0 0 0 -180 0 180 0 180
0 0 0 0 0 0 0 -0 0.862161 -73.9865 0 -180 0 0 0 180 0 0
0 -180 0 -0 0 0 0 -180 0.0400249 -5.58636 0 0 0 0 0 0 0 180
0 0 0 0 0 -180 0 0 0.0631389 -53.1339 0 -180 0 -180 0 -180 0 0
0 -180 0 -180 0 0 0 -0 0.0418247 -5.81542 0 0 0 0 0 0 0 -180
0 0 0 0 0 -180 0 0 0.0617026 -56.6339 0 -180 0 -180 0 -180 0 0
0 -180 0 0 0 -180 0 -180 0.0989282 159.8 0 -180 0 -180 0 0 0 -180
0 0 0 -180 0 0 0 0 0.793699 -73.9033 0 0 0 0 0 -180 0 0
inside=1 lambda=0.647 phi=40 theta=45
0 -180 0 -180 0 -180 0 0 0.0718283 154.412 0 0 0 -180 0 180 0 180
0 0 0 0 0 0 0 -180 0.827963 -73.982 0 -180 0 0 0 180 0 0
0 -180 0 -0 0 0 0 -180 0.0472773 -5.64672 0 0 0 0 0 0 0 180
0 0 0 0 0 -180 0 0 0.0718861 -55.2143 0 -180 0 -180 0 -180 0 0
0 -180 0 -180 0 0 0 -0 0.0472773 -5.64672 0 0 0 0 0 0 0 180
0 0 0 0 0 -180 0 0 0.0718861 -55.2143 0 -180 0 -180 0 -180 0 0
0 -180 0 0 0 -180 0 -180 0.0718283 154.412 0 180 0 -180 0 0 0 180
0 0 0 -180 0 0 0 0 0.827963 -73.982 0 180 0 0 0 -180 0 0
inside=1 lambda=0.647 phi=45 theta=0
0 -180 0 180 0 -180 0 0 0.0117926 17.3053 0 0 0 -180 0 180 0 -180
0 0 0 180 0 0 0.0190781 -177.469 0.91949 -83.4202 0 -180 0 0 0 180 0 0
0 -180 0 -0 0 0 0 -0 1.18905e-13 -79.7196 0 180 0 0 0 180 0 -180
0 0 0 0 0 -180 5.89208e-13 -102.562 1.18221e-14 116.678 0 0 0 -180 0 -180 0 0
0 -180 0 -180 0 0 0 -0 1.07748e-13 117.485 0 180 0 0 0 0 0 -180
0 0 0 0 0 -180 1.09072e-13 53.078 1.50222e-13 -38.9926 0 0 0 -180 0 -180 0 0
0 -180 0 0 0 -180 0 -180 0.141754 173.598 0 -180 0 -180 0 0 0 -180
0 0 0 -180 0 0 0.194467 46.6874 0.734744 -82.8947 0 0 0 0 0 -180 0 0
inside=1 lambda=0.647 phi=45 theta=15
0 -180 0 180 0 -180 0 0 0.00668618 81.2651 0 0 0 -180 0 180 0 180
0 0 0 180 0 0 0 -180 0.908859 -83.5901 0 -180 0 0 0 180 0 0
0 -180 0 -0 0 0 0 -180 0.0308374 1.71947 0 0 0 0 0 0 0 180
0 0 0 0 0 -180 0 0 0.0507521 -58.3859 0 -180 0 -180 0 -180 0 0
0 -180 0 -180 0 0 0 -0 0.0332584 -1.16389 0 0 0 0 0 0 0 -180
0 0 0 0 0 -180 0 0 0.0472017 -66.8237 0 -180 0 -180 0 -180 0 0
0 -180 0 0 0 -180 0 -180 0.12553 172.778 0 -180 0 -180 0 0 0 -180
0 0 0 -180 0 0 0 0 0.750562 -83.3165 0 0 0 0 0 -180 0 0
inside=1 lambda=0.647 phi=45 theta=30
0 -180 0 -180 0 -180 0 0 0.0250883 160.375 0 0 0 -180 0 180 0 180
0 0 0 0 0 0 0 -180 0.875327 -83.7179 0 -180 0 0 0 180 0 0
0 -180 0 -0 0 0 0 -180 0.0544896 1.21417 0 0 0 0 0 0 0 180
0 0 0 0 0 -180 0 0 0.0851604 -61.7964 0 -180 0 -180 0 -180 0 0
0 -180 0 -180 0 0 0 -0 0.0566054 -0.145069 0 0 0 0 0 0 0 180
0 0 0 0 0 -180 0 0 0.0823605 -66.2896 0 -180 0 -180 0 -180 0 0
0 -180 0 0 0 -180 0 -180 0.0959324 172.61 0 -180 0 -180 0 0 0 180
0 0 0 -180 0 0 0 0 0.78419 -83.6622 0 0 0 0 0 -180 0 0
inside=1 lambda=0.647 phi=45 theta=45
0 -180 0 -180 0 -180 0 0 0.0594519 170.258 0 0 0 -180 0 180 0 180
0 0 0 0 0 0 0 -180 0.829756 -83.7627 0 -180 0 0 0 180 0 0
0 -180 0 -0 0 0 0 -180 0.064169 0.597293 0 0 0 0 0 0 0 180
0 0 0 0 0 -180 0 0 0.0962914 -64.5812 0 -180 0 -180 0 -180 0 0
0 -180 0 -180 0 0 0 -0 0.064169 0.597293 0 0 0 0 0 0 0 180
0 0 0 0 0 -180 0 0 0.0962914 -64.5812 0 -180 0 -180 0 -180 0 0
0 -180 0 0 0 -180 0 -180 0.0594519 170.258 0 180 0 -180 0 0 0 180
0 0 0 -180 0 0 0 0 0.829756 -83.7627 0 180 0 0 0 -180 0 0
