RSoft_BSDF_File_Version 2
1 0 5 2 1 0.274286
0.3 0.3
-1 1
-1 1
1 0.647 0.647
10 0 45 0.5
4 0 45
Begin_Dispersion_Data
0.647 1.45662 0 1 0 0
End_Dispersion_Data
inside=0 lambda=0.647 phi=0 theta=0
0 -180 0 -180 0 -180 0 0 0.181708 -2.0513 0 0 0 -180 0 -180 0 -180
0 -0 0 -0 0 -0 0 180 1.18681 169.025 0 180 0 -0 0 -0 0 -0
0 -180 0 0 0 0 0 -0 1.66756e-12 -88.8296 0 -0 0 0 0 0 0 -180
0 -0 0 0 0 180 0 -0 1.61302e-12 70.6897 0 -0 0 180 0 -180 0 -0
0 -180 0 -180 0 0 0 -180 1.72126e-12 -23.9176 0 -180 0 0 0 -180 0 -180
0 -0 0 0 0 180 0 -0 1.64233e-12 123.011 0 -0 0 180 0 -0 0 -0
0 -180 0 0 0 -180 0 -180 0.181708 -2.0513 0 -180 0 -180 0 0 0 -180
0 -0 0 180 0 -0 0 -0 1.18681 169.025 0 -0 0 -0 0 180 0 -0
inside=0 lambda=0.647 phi=0 theta=15
0 -180 0 -180 0 -180 0 0 0.181708 -2.0513 0 0 0 -180 0 -180 0 -180
0 -0 0 -0 0 -0 0 180 1.18681 169.025 0 180 0 -0 0 -0 0 -0
0 -180 0 0 0 0 0 -0 1.66756e-12 -88.8296 0 -0 0 0 0 0 0 -180
0 -0 0 0 0 180 0 -0 1.61302e-12 70.6897 0 -0 0 180 0 -180 0 -0
0 -180 0 -180 0 0 0 -180 1.72126e-12 -23.9176 0 -180 0 0 0 -180 0 -180
0 -0 0 0 0 180 0 -0 1.64233e-12 123.011 0 -0 0 180 0 -0 0 -0
0 -180 0 0 0 -180 0 -180 0.181708 -2.0513 0 -180 0 -180 0 0 0 -180
0 -0 0 180 0 -0 0 -0 1.18681 169.025 0 -0 0 -0 0 180 0 -0
inside=0 lambda=0.647 phi=0 theta=30
0 -180 0 -180 0 -180 0 0 0.181708 -2.0513 0 0 0 -180 0 -180 0 -180
0 -0 0 -0 0 -0 0 180 1.18681 169.025 0 180 0 -0 0 -0 0 -0
0 -180 0 0 0 0 0 -0 1.66756e-12 -88.8296 0 -0 0 0 0 0 0 -180
0 -0 0 0 0 180 0 -0 1.61302e-12 70.6897 0 -0 0 180 0 -180 0 -0
0 -180 0 -180 0 0 0 -180 1.72126e-12 -23.9176 0 -180 0 0 0 -180 0 -180
0 -0 0 0 0 180 0 -0 1.64233e-12 123.011 0 -0 0 180 0 -0 0 -0
0 -180 0 0 0 -180 0 -180 0.181708 -2.0513 0 -180 0 -180 0 0 0 -180
0 -0 0 180 0 -0 0 -0 1.18681 169.025 0 -0 0 -0 0 180 0 -0
inside=0 lambda=0.647 phi=0 theta=45
0 -180 0 -180 0 -180 0 0 0.181708 -2.0513 0 0 0 -180 0 -180 0 -180
0 -0 0 -0 0 -0 0 180 1.18681 169.025 0 180 0 -0 0 -0 0 -0
0 -180 0 0 0 0 0 -0 1.66756e-12 -88.8296 0 -0 0 0 0 0 0 -180
0 -0 0 0 0 180 0 -0 1.61302e-12 70.6897 0 -0 0 180 0 -180 0 -0
0 -180 0 -180 0 0 0 -180 1.72126e-12 -23.9176 0 -180 0 0 0 -180 0 -180
0 -0 0 0 0 180 0 -0 1.64233e-12 123.011 0 -0 0 180 0 -0 0 -0
0 -180 0 0 0 -180 0 -180 0.181708 -2.0513 0 -180 0 -180 0 0 0 -180
0 -0 0 180 0 -0 0 -0 1.18681 169.025 0 -0 0 -0 0 180 0 -0
inside=0 lambda=0.647 phi=5 theta=0
0 -180 0 -180 0 -180 0 0 0.179351 -2.37521 0 0 0 -180 0 -180 0 -180
0 -0 0 -0 0 -0 0 180 1.18478 167.954 0 180 0 -0 0 -0 0 -0
0 -180 0 -0 0 0 0 0 2.43486e-13 -112.22 0 180 0 0 0 180 0 -180
0 -0 0 -180 0 180 0 0 6.09183e-13 79.6524 0 180 0 180 0 0 0 -0
0 -180 0 -180 0 0 0 180 2.48505e-13 -153.416 0 180 0 0 0 0 0 -180
0 -0 0 -0 0 180 0 -0 3.88297e-13 58.362 0 180 0 180 0 180 0 -0
0 -180 0 0 0 -180 0 -180 0.183252 -2.66029 0 -180 0 -180 0 0 0 -180
0 -0 0 180 0 -0 0 -0 1.18903 167.935 0 -0 0 -0 0 180 0 -0
inside=0 lambda=0.647 phi=5 theta=15
0 -180 0 -180 0 -180 0 0 0.179612 -2.39466 0 0 0 -180 0 -180 0 -180
0 -0 0 -0 0 -0 0 180 1.18506 167.952 0 180 0 -0 0 -0 0 -0
0 -180 0 -0 0 0 0 -180 0.000990941 167.598 0 0 0 0 0 180 0 -180
0 -0 0 -180 0 180 0 -0 0.00109292 -25.6277 0 180 0 180 0 0 0 -0
0 -180 0 -180 0 0 0 -0 0.000990998 167.577 0 180 0 0 0 0 0 -180
0 -0 0 -0 0 180 0 -180 0.00109194 -25.5332 0 0 0 180 0 180 0 -0
0 -180 0 0 0 -180 0 -180 0.182991 -2.64154 0 -180 0 -180 0 0 0 -180
0 -0 0 180 0 -0 0 -0 1.18874 167.936 0 -0 0 -0 0 180 0 -0
inside=0 lambda=0.647 phi=5 theta=30
0 -180 0 -180 0 -180 0 0 0.180326 -2.44753 0 0 0 -180 0 -180 0 -180
0 -0 0 -0 0 -0 0 180 1.18584 167.949 0 180 0 -0 0 -0 0 -0
0 -180 0 -0 0 0 0 -180 0.00171638 167.594 0 0 0 0 0 180 0 -180
0 -0 0 -180 0 180 0 -0 0.00189262 -25.6073 0 180 0 180 0 0 0 -0
0 -180 0 -180 0 0 0 -0 0.00171644 167.582 0 180 0 0 0 0 0 -180
0 -0 0 -0 0 180 0 -180 0.00189165 -25.5527 0 0 0 180 0 180 0 -0
0 -180 0 0 0 -180 0 -180 0.182277 -2.59006 0 -180 0 -180 0 0 0 -180
0 -0 0 180 0 -0 0 -0 1.18796 167.94 0 -0 0 -0 0 180 0 -0
inside=0 lambda=0.647 phi=5 theta=45
0 -180 0 -180 0 -180 0 0 0.181301 -2.51914 0 0 0 -180 0 -180 0 -180
0 -0 0 -0 0 -0 0 180 1.1869 167.944 0 180 0 -0 0 -0 0 -0
0 -180 0 -0 0 0 0 -180 0.00198194 167.588 0 0 0 0 0 180 0 -180
0 -0 0 -180 0 180 0 -0 0.00218484 -25.5798 0 180 0 180 0 0 0 -0
0 -180 0 -180 0 0 0 -0 0.00198194 167.588 0 180 0 0 0 0 0 -180
0 -0 0 -0 0 180 0 -180 0.00218484 -25.5798 0 0 0 180 0 180 0 -0
0 -180 0 0 0 -180 0 -180 0.181301 -2.51914 0 -180 0 -180 0 0 0 -180
0 -0 0 180 0 -0 0 -0 1.1869 167.944 0 -0 0 -0 0 180 0 -0
inside=0 lambda=0.647 phi=10 theta=0
0 -180 0 -180 0 -180 0 0 0.171954 -3.221 0 0 0 -180 0 -180 0 -180
0 -0 0 -0 0 -0 0 180 1.17842 164.728 0 180 0 -0 0 -0 0 -0
0 -180 0 -0 0 0 0 180 6.31236e-13 74.2335 0 180 0 0 0 180 0 -180
0 -0 0 -180 0 180 0 -180 7.20894e-13 9.31726 0 0 0 180 0 0 0 -0
0 -180 0 -180 0 0 0 -0 2.51191e-13 -61.1456 0 -180 0 0 0 0 0 -180
0 -0 0 -0 0 180 0 -0 2.4531e-13 63.5474 0 -180 0 180 0 180 0 -0
0 -180 0 0 0 -180 0 -180 0.187684 -4.5002 0 -180 0 -180 0 0 0 -180
0 -0 0 180 0 -0 0 -0 1.19602 164.659 0 -0 0 -0 0 180 0 -0
inside=0 lambda=0.647 phi=10 theta=15
0 -180 0 -180 0 -180 0 0 0.173007 -3.31348 0 0 0 -180 0 -180 0 -180
0 -0 0 -0 0 -0 0 180 1.1796 164.723 0 180 0 -0 0 -0 0 -0
0 -180 0 -0 0 0 0 -180 0.00401614 165.145 0 0 0 0 0 180 0 -180
0 -0 0 -180 0 180 0 -0 0.00452073 -28.4343 0 180 0 180 0 0 0 -0
0 -180 0 -180 0 0 0 -180 0.00401707 165.057 0 180 0 0 0 0 0 -180
0 -0 0 -0 0 180 0 -180 0.00450493 -28.0504 0 0 0 180 0 180 0 -0
0 -180 0 0 0 -180 0 -180 0.18663 -4.42059 0 -180 0 -180 0 0 0 -180
0 -0 0 180 0 -0 0 -0 1.19484 164.663 0 -0 0 -0 0 180 0 -0
inside=0 lambda=0.647 phi=10 theta=30
0 -180 0 -180 0 -180 0 0 0.175884 -3.56071 0 0 0 -180 0 -180 0 -180
0 -0 0 -0 0 -0 0 180 1.18282 164.709 0 180 0 -0 0 -0 0 -0
0 -180 0 -0 0 0 0 -180 0.00695663 165.128 0 0 0 0 0 180 0 -180
0 -0 0 -180 0 180 0 -0 0.00782387 -28.3465 0 180 0 180 0 0 0 -0
0 -180 0 -180 0 0 0 -180 0.00695756 165.078 0 180 0 0 0 0 0 -180
0 -0 0 -0 0 180 0 -180 0.0078081 -28.125 0 0 0 180 0 180 0 -0
0 -180 0 0 0 -180 0 -180 0.18375 -4.19907 0 -180 0 -180 0 0 0 -180
0 -0 0 180 0 -0 0 -0 1.19162 164.675 0 -0 0 -0 0 180 0 -0
inside=0 lambda=0.647 phi=10 theta=45
0 -180 0 -180 0 -180 0 0 0.179816 -3.8863 0 0 0 -180 0 -180 0 -180
0 -0 0 -0 0 -0 0 180 1.18722 164.691 0 180 0 -0 0 -0 0 -0
0 -180 0 -0 0 0 0 -180 0.00803344 165.104 0 0 0 0 0 180 0 -180
0 -0 0 -180 0 180 0 -0 0.00902486 -28.2325 0 180 0 180 0 0 0 -0
0 -180 0 -180 0 0 0 -0 0.00803344 165.104 0 180 0 0 0 0 0 -180
0 -0 0 -0 0 180 0 -180 0.00902486 -28.2325 0 0 0 180 0 180 0 -0
0 -180 0 0 0 -180 0 -180 0.179816 -3.8863 0 -180 0 -180 0 0 0 -180
0 -0 0 180 0 -0 0 -0 1.18722 164.691 0 -0 0 -0 0 180 0 -0
inside=0 lambda=0.647 phi=15 theta=0
0 180 0 -180 0 -180 0 0 0.158751 -4.09677 0 0 0 180 0 -180 0 -180
0 -0 0 -0 0 -0 0 180 1.16685 159.317 0 180 0 -0 0 -0 0 -0
0 -180 0 -0 0 0 0 -0 6.04917e-13 152.782 0 0 0 0 0 180 0 -180
0 -0 0 -180 0 180 0 -0 6.27129e-13 94.9132 0 180 0 180 0 0 0 -0
0 -180 0 -180 0 0 0 -0 3.37149e-13 -65.6905 0 180 0 0 0 0 0 -180
0 -0 0 -0 0 180 0 180 6.41113e-13 150.052 0 180 0 180 0 180 0 -0
0 -180 0 0 0 -180 0 -180 0.194305 -7.60167 0 -180 0 -180 0 0 0 -180
0 -0 0 180 0 -0 0 -0 1.20902 159.181 0 -0 0 -0 0 180 0 -0
inside=0 lambda=0.647 phi=15 theta=15
0 180 0 -180 0 -180 0 0 0.16112 -4.37845 0 0 0 180 0 -180 0 -180
0 -0 0 -0 0 -0 0 180 1.16967 159.304 0 180 0 -0 0 -0 0 -0
0 -180 0 -0 0 0 0 -180 0.00918313 160.94 0 0 0 0 0 180 0 -180
0 -0 0 -180 0 180 0 -0 0.0108094 -33.2097 0 180 0 180 0 0 0 -0
0 -180 0 -180 0 0 0 -180 0.00918807 160.724 0 180 0 0 0 0 0 -180
0 -0 0 -0 0 180 0 -180 0.0107274 -32.3282 0 0 0 180 0 180 0 -0
0 -180 0 0 0 -180 0 -180 0.191918 -7.40351 0 -180 0 -180 0 0 0 -180
0 -0 0 180 0 -0 0 -0 1.20619 159.186 0 -0 0 -0 0 180 0 -0
inside=0 lambda=0.647 phi=15 theta=30
0 -180 0 -180 0 -180 0 0 0.167606 -5.10624 0 0 0 180 0 -180 0 -180
0 -0 0 -0 0 -0 0 180 1.17738 159.273 0 180 0 -0 0 -0 0 -0
0 -180 0 -0 0 0 0 -180 0.0159093 160.908 0 0 0 0 0 180 0 -180
0 -0 0 -180 0 180 0 -0 0.0186864 -32.9881 0 180 0 180 0 0 0 -0
0 -180 0 -180 0 0 0 -180 0.0159142 160.784 0 180 0 0 0 0 0 -180
0 -0 0 -0 0 180 0 -180 0.0186053 -32.4814 0 0 0 180 0 180 0 -0
0 -180 0 0 0 -180 0 -180 0.185396 -6.84102 0 -180 0 -180 0 0 0 -180
0 -0 0 180 0 -0 0 -0 1.19846 159.205 0 -0 0 -0 0 180 0 -0
inside=0 lambda=0.647 phi=15 theta=45
0 -180 0 -180 0 -180 0 0 0.176492 -6.01453 0 0 0 180 0 -180 0 -180
0 -0 0 -0 0 -0 0 180 1.18792 159.235 0 180 0 -0 0 -0 0 -0
0 -180 0 -180 0 0 0 -180 0.0183743 160.852 0 0 0 0 0 180 0 -180
0 -0 0 -180 0 180 0 -0 0.0215272 -32.7178 0 180 0 180 0 0 0 -0
0 -180 0 -180 0 0 0 -180 0.0183743 160.852 0 180 0 0 0 0 0 -180
0 -0 0 -0 0 180 0 -180 0.0215272 -32.7178 0 0 0 180 0 180 0 -0
0 -180 0 0 0 180 0 -180 0.176492 -6.01453 0 -180 0 -180 0 0 0 -180
0 -0 0 180 0 -0 0 -0 1.18792 159.235 0 -0 0 -0 0 180 0 -0
inside=0 lambda=0.647 phi=20 theta=0
0 180 0 -180 0 -180 0 0 0.139422 -3.67428 0 0 0 180 0 -180 0 -180
0 -0 0 -0 0 -0 0 180 1.148 151.665 0 180 0 -0 0 -0 0 -0
0 180 0 -0 0 0 0 180 7.07362e-13 66.809 0 -180 0 -0 0 180 0 -180
0 -0 0 -180 0 180 0 0 1.01885e-12 -35.5209 0 -0 0 180 0 0 0 -0
0 -180 0 -180 0 0 0 -0 3.41407e-13 -22.1312 0 180 0 0 0 0 0 -180
0 -0 0 -0 0 180 0 0 5.36705e-13 -177.33 0 -180 0 180 0 180 0 -0
0 -180 0 0 0 -180 0 -180 0.201543 -11.9913 0 -180 0 -180 0 0 0 -180
0 -0 0 180 0 -0 0 -0 1.23065 151.462 0 -0 0 -0 0 180 0 -0
inside=0 lambda=0.647 phi=20 theta=15
0 180 0 -180 0 -180 0 0 0.143478 -4.4592 0 0 0 180 0 -180 0 -180
0 -0 0 -0 0 -0 0 180 1.15354 151.638 0 180 0 -0 0 -0 0 -0
0 180 0 -0 0 0 0 -180 0.0164709 154.769 0 0 0 -0 0 180 0 -180
0 -0 0 -180 0 180 0 -0 0.021146 -40.1689 0 180 0 180 0 0 0 -0
0 -180 0 -180 0 0 0 -180 0.0164881 154.327 0 180 0 0 0 0 0 -180
0 -0 0 -0 0 180 0 -180 0.0208726 -38.5719 0 0 0 180 0 180 0 -0
0 -180 0 0 0 -180 0 -180 0.197348 -11.5822 0 -180 0 -180 0 0 0 -180
0 -0 0 180 0 -0 0 -0 1.22509 151.462 0 -0 0 -0 0 180 0 -0
inside=0 lambda=0.647 phi=20 theta=30
0 180 0 -180 0 -180 0 0 0.154685 -6.37263 0 0 0 180 0 -180 0 -180
0 -0 0 -0 0 -0 0 180 1.16864 151.575 0 180 0 -0 0 -0 0 -0
0 -180 0 -0 0 0 0 -180 0.0285478 154.729 0 0 0 -0 0 180 0 -180
0 -0 0 -180 0 180 0 -0 0.0364852 -39.7136 0 180 0 180 0 0 0 -0
0 -180 0 -180 0 0 0 -180 0.0285651 154.479 0 180 0 0 0 0 0 -180
0 -0 0 -0 0 180 0 -180 0.0362228 -38.8045 0 0 0 180 0 180 0 -0
0 -180 0 0 0 180 0 -180 0.185866 -10.396 0 -180 0 -180 0 0 0 -180
0 -0 0 180 0 -0 0 -0 1.20994 151.474 0 -0 0 -0 0 180 0 -0
inside=0 lambda=0.647 phi=20 theta=45
0 180 0 -180 0 -180 0 0 0.170208 -8.56034 0 0 0 180 0 -180 0 -180
0 -0 0 -0 0 -0 0 180 1.18928 151.512 0 180 0 -0 0 -0 0 -0
0 -180 0 -180 0 0 0 -180 0.0329813 154.63 0 0 0 -0 0 180 0 -180
0 -0 0 -180 0 180 0 -0 0.0419589 -39.2052 0 180 0 180 0 0 0 -0
0 -180 0 -180 0 -0 0 -180 0.0329813 154.63 0 180 0 0 0 0 0 -180
0 -0 0 -0 0 180 0 -180 0.0419589 -39.2052 0 0 0 180 0 180 0 -0
0 180 0 0 0 180 0 -180 0.170208 -8.56034 0 -180 0 -180 0 0 0 -180
0 -0 0 180 0 -0 0 -0 1.18928 151.512 0 -0 0 -0 0 180 0 -0
inside=0 lambda=0.647 phi=25 theta=0
0 180 0 180 0 -180 0 -0 0.117068 1.42923 0 0 0 180 0 180 0 -180
0 -0 0 -0 0 -180 0 180 1.11768 141.716 0 0 0 -0 0 -0 0 -180
0 180 0 -0 0 0 0 -0 5.29213e-13 6.2906 0 180 0 -0 0 180 0 -180
0 -0 0 -180 0 180 0 -0 5.43698e-13 -4.77592 0 -0 0 180 0 0 0 -0
0 -180 0 -180 0 0 0 180 7.02867e-13 -115.477 0 -180 0 0 0 0 0 -180
0 -0 0 -0 0 180 0 -0 9.17243e-13 30.8965 0 -180 0 180 0 180 0 -0
0 -180 0 0 0 -180 0 -180 0.205991 -17.6633 0 -180 0 -180 0 0 0 -180
0 -0 0 180 0 -0 0 -0 1.26653 141.429 0 -0 0 -0 0 180 0 -0
inside=0 lambda=0.647 phi=25 theta=15
0 180 0 180 0 -180 0 -0 0.122332 -0.771279 0 0 0 180 0 180 0 -180
0 -0 0 -0 0 -180 0 180 1.12767 141.648 0 0 0 -0 0 -0 0 -180
0 180 0 -0 0 0 0 -180 0.0252712 146.157 0 0 0 -0 0 180 0 -180
0 -0 0 -180 0 180 0 -0 0.0380731 -49.7275 0 180 0 180 0 0 0 -0
0 -180 0 -180 0 0 0 -180 0.0253248 145.298 0 180 0 0 0 0 0 -180
0 -0 0 -0 0 180 0 -180 0.0373109 -47.21 0 0 0 180 0 180 0 -0
0 -180 0 0 0 -180 0 -180 0.199884 -16.8688 0 -180 0 -180 0 0 0 -180
0 -0 0 180 0 -0 0 -0 1.25646 141.403 0 -0 0 -0 0 180 0 -0
inside=0 lambda=0.647 phi=25 theta=30
0 180 0 -180 0 -180 0 -0 0.137652 -5.712 0 0 0 180 0 180 0 -180
0 -0 0 -0 0 -0 0 180 1.15487 141.512 0 0 0 -0 0 -0 0 -180
0 180 0 -0 0 0 0 -180 0.0438611 146.169 0 0 0 -0 0 180 0 -180
0 -0 0 -180 0 180 0 -0 0.065452 -48.8855 0 180 0 180 0 0 0 -0
0 -180 0 -180 0 -0 0 -180 0.0439141 145.701 0 180 0 0 0 0 0 -180
0 -0 0 -0 0 180 0 -180 0.0647835 -47.4832 0 0 0 180 0 180 0 -0
0 -180 0 0 0 180 0 -180 0.182962 -14.5392 0 -180 0 -180 0 0 0 -180
0 -0 0 180 0 -0 0 -0 1.22912 141.373 0 -0 0 -0 0 180 0 -0
inside=0 lambda=0.647 phi=25 theta=45
0 180 0 -180 0 -180 0 -0 0.159929 -10.7344 0 0 0 180 0 180 0 -180
0 -0 0 -0 0 -0 0 180 1.19197 141.405 0 180 0 -0 0 -0 0 -0
0 180 0 -180 0 0 0 -180 0.0507113 146.024 0 0 0 -0 0 180 0 -180
0 -0 0 -180 0 180 0 -0 0.0751112 -48.0556 0 180 0 180 0 0 0 -0
0 180 0 -180 0 -0 0 -180 0.0507113 146.024 0 180 0 0 0 0 0 -180
0 -0 0 -0 0 180 0 -180 0.0751112 -48.0556 0 0 0 180 0 180 0 -0
0 180 0 -0 0 180 0 -180 0.159929 -10.7344 0 180 0 -180 0 0 0 -180
0 -0 0 180 0 -0 0 -0 1.19197 141.405 0 -0 0 -0 0 180 0 -0
inside=0 lambda=0.647 phi=30 theta=0
0 180 0 180 0 -180 0.0386912 -91.3043 0.105485 17.7125 0 0 0 180 0 180 0 -180
0 -0 0 -0 0 -180 0 180 1.06401 129.53 0 0 0 -0 0 -0 0 -180
0 180 0 -0 0 0 6.40308e-14 -138.191 7.53608e-13 12.7244 0 180 0 -0 0 180 0 -180
0 -0 0 -180 0 0 0 -0 1.21543e-12 -95.4547 0 0 0 180 0 0 0 -180
0 -180 0 -180 0 0 1.32039e-13 -137.713 2.58907e-13 104.387 0 -0 0 0 0 0 0 -180
0 -0 0 -0 0 180 0 0 1.30967e-12 179.046 0 0 0 180 0 180 0 -0
0 -180 0 0 0 -180 0.142813 -126.311 0.199517 -25.283 0 -180 0 -180 0 0 0 -180
0 -0 0 180 0 -0 0 -0 1.32631 129.008 0 -0 0 -0 0 180 0 -0
inside=0 lambda=0.647 phi=30 theta=15
0 180 0 180 0 -180 0 -0 0.110382 11.5714 0 0 0 180 0 180 0 -180
0 -0 0 -0 0 -180 0 180 1.08505 129.322 0 0 0 -0 0 -0 0 -180
0 180 0 -0 0 0 0 -180 0.0331778 133.52 0 0 0 -0 0 180 0 -180
0 -0 0 -180 0 0 0 -0 0.0676767 -62.6408 0 0 0 180 0 0 0 -180
0 -180 0 -180 0 -0 0 -180 0.0333955 131.672 0 180 0 0 0 0 0 -180
0 -0 0 -0 0 180 0 -180 0.0650971 -59.0457 0 0 0 180 0 180 0 -0
0 -180 0 0 0 180 0 -180 0.192447 -22.9854 0 -180 0 -180 0 0 0 -180
0 -0 0 180 0 -0 0 -0 1.31159 128.867 0 -0 0 -0 0 180 0 -0
inside=0 lambda=0.647 phi=30 theta=30
0 180 0 180 0 -180 0 -0 0.122249 -0.00978192 0 0 0 180 0 180 0 -180
0 -0 0 -0 0 -180 0 180 1.13295 128.906 0 0 0 -0 0 -0 0 -180
0 180 0 -180 0 0 0 -180 0.0579667 134.067 0 0 0 -0 0 180 0 -180
0 -0 0 -180 0 0 0 -0 0.114807 -61.0896 0 0 0 180 0 0 0 -180
0 -180 0 -180 0 -0 0 -180 0.0581452 133.179 0 180 0 0 0 0 0 -180
0 -0 0 -0 0 180 0 -180 0.113269 -59.1734 0 0 0 180 0 180 0 -180
0 180 0 -0 0 180 0 -180 0.17307 -18.3921 0 180 0 -180 0 0 0 -180
0 -0 0 180 0 -0 0 -0 1.26325 128.669 0 -0 0 -180 0 0 0 -180
inside=0 lambda=0.647 phi=30 theta=45
0 180 0 -180 0 -180 0 -0 0.145985 -10.7833 0 0 0 180 0 180 0 -180
0 -0 0 -0 0 -180 0 180 1.19804 128.682 0 0 0 -0 0 -0 0 -180
0 180 0 -180 0 0 0 -180 0.0671558 133.922 0 0 0 -0 0 180 0 -180
0 -0 0 -180 0 0 0 -0 0.131396 -59.8852 0 0 0 180 0 0 0 -180
0 180 0 -180 0 -0 0 -180 0.0671558 133.922 0 180 0 0 0 0 0 -180
0 -0 0 -0 0 180 0 -180 0.131396 -59.8852 0 0 0 0 0 0 0 -180
0 180 0 -0 0 180 0 -180 0.145985 -10.7833 0 180 0 -180 0 0 0 -180
0 -0 0 180 0 -0 0 -0 1.19804 128.682 0 -0 0 -180 0 0 0 -180
inside=0 lambda=0.647 phi=35 theta=0
0 180 0 180 0 -180 0.116164 -83.2111 0.130994 32.496 0 0 0 180 0 180 0 -180
0 -0 0 -0 0 -180 0 180 0.966818 114.629 0 0 0 -0 0 -0 0 -180
0 180 0 -0 0 0 2.13084e-13 -136.5 1.64172e-12 66.3316 0 180 0 -0 0 180 0 -180
0 -0 0 -180 0 0 0 -0 1.2703e-12 -14.5426 0 180 0 180 0 0 0 -180
0 -180 0 -180 0 0 8.55245e-14 -85.6571 1.35777e-12 46.4763 0 -0 0 0 0 0 0 -180
0 -0 0 -0 0 180 0 -0 1.10457e-12 178.227 0 0 0 180 0 180 0 -0
0 -180 0 0 0 -180 0.170136 -99.4181 0.172373 -34.4856 0 -180 0 -180 0 0 0 -180
0 -0 0 180 0 -0 0 -180 1.44032 113.306 0 -0 0 -0 0 180 0 -0
inside=0 lambda=0.647 phi=35 theta=15
0 180 0 180 0 -180 0.0892072 -90.2745 0.128662 26.9575 0 0 0 180 0 180 0 -180
0 -0 0 -0 0 -180 0 180 1.00266 114.299 0 0 0 -0 0 -0 0 -180
0 180 0 -0 0 0 0.0188278 -144.443 0.0355199 110.082 0 0 0 -0 0 180 0 -180
0 -0 0 -180 0 0 0 -0 0.123304 -77.24 0 0 0 180 0 0 0 -180
0 -180 0 -180 0 -0 0.0449609 -120.851 0.0371233 107.183 0 0 0 0 0 0 0 -180
0 -0 0 -0 0 180 0 -180 0.119158 -74.8377 0 0 0 0 0 0 0 -180
0 -180 0 0 0 180 0.153605 -109.896 0.164385 -30.0347 0 -180 0 -180 0 0 0 -180
0 -0 0 180 0 -0 0 -180 1.41165 113.12 0 -0 0 -180 0 0 0 -180
inside=0 lambda=0.647 phi=35 theta=30
0 180 0 180 0 -180 0 -0 0.127387 11.235 0 0 0 180 0 180 0 -180
0 -0 0 -0 0 -180 0 180 1.09798 113.389 0 0 0 -0 0 -0 0 -180
0 180 0 -180 0 0 0 -180 0.0592 112.593 0 0 0 -0 0 180 0 -180
0 -0 0 -180 0 0 0 -0 0.208022 -77.165 0 0 0 180 0 0 0 -180
0 180 0 -180 0 -0 0 -180 0.0600791 110.665 0 0 0 0 0 0 0 -180
0 -0 0 -0 0 180 0 -180 0.204231 -74.8507 0 0 0 0 0 0 0 -180
0 180 0 -0 0 180 0 -180 0.149311 -18.883 0 180 0 -180 0 0 0 -180
0 -0 0 180 0 -0 0 -0 1.33303 112.766 0 -0 0 -180 0 0 0 -180
inside=0 lambda=0.647 phi=35 theta=45
0 180 0 -180 0 -180 0 -0 0.133822 -5.15095 0 0 0 180 0 180 0 -180
0 -0 0 -0 0 -180 0 180 1.21541 112.772 0 0 0 -0 0 -0 0 -180
0 180 0 -180 0 0 0 -180 0.0689565 112.934 0 0 0 -0 0 180 0 -180
0 -0 0 -180 0 0 0 -0 0.236989 -75.6399 0 0 0 180 0 0 0 -180
0 180 0 -180 0 -0 0 -180 0.0689565 112.934 0 180 0 0 0 0 0 -180
0 -0 0 -0 0 180 0 -180 0.236989 -75.6399 0 0 0 0 0 0 0 -180
0 180 0 -0 0 180 0 -180 0.133822 -5.15095 0 180 0 -180 0 0 0 -180
0 -0 0 180 0 -0 0 -0 1.21541 112.772 0 -0 0 -180 0 0 0 -180
inside=0 lambda=0.647 phi=40 theta=0
0 180 0 180 0 -180 0.238355 -72.7161 0.224375 21.8225 0 0 0 180 0 180 0 -180
0 -0 0 -0 0 -180 0 180 0.762214 96.7374 0 0 0 -0 0 -0 0 -180
0 180 0 -0 0 0 8.85259e-13 116.542 1.21829e-12 11.2682 0 -180 0 -0 0 180 0 -180
0 -0 0 -180 0 0 0 0 1.63801e-12 -29.6506 0 -180 0 180 0 0 0 -180
0 -180 0 -180 0 0 3.81864e-13 -8.54822 1.36291e-12 -51.691 0 -180 0 0 0 0 0 -180
0 -180 0 -180 0 0 0 180 3.19028e-13 20.7806 0 -180 0 0 0 0 0 -180
0 -180 0 0 0 -180 0.235064 -76.3394 0.0554958 -41.4105 0 -180 0 -180 0 0 0 -180
0 -180 0 0 0 -180 0 -180 1.74418 92.3701 0 -180 0 -180 0 0 0 -180
inside=0 lambda=0.647 phi=40 theta=15
0 180 0 180 0 -180 0.184251 -82.0643 0.214726 19.0768 0 0 0 180 0 180 0 -180
0 -0 0 -0 0 -180 0 180 0.837794 95.6485 0 0 0 -0 0 -0 0 -180
0 180 0 -0 0 0 0.0330349 175.939 0.0382624 25.3291 0 0 0 -0 0 180 0 -180
0 -0 0 -180 0 0 0 -0 0.252381 -97.4895 0 0 0 180 0 -0 0 -180
0 -180 0 -180 0 -0 0.0839758 -105.072 0.0416824 27.6571 0 0 0 0 0 0 0 -180
0 -0 0 -0 0 180 0 -180 0.250767 -95.2976 0 -0 0 0 0 0 0 -180
0 -180 0 0 0 180 0.193908 -88.7874 0.0628546 -13.3985 0 -180 0 -180 0 0 0 -180
0 -0 0 180 0 -0 0 -180 1.68917 91.7401 0 -0 0 -180 0 0 0 -180
inside=0 lambda=0.647 phi=40 theta=30
0 180 0 180 0 -180 0.0661903 -113.427 0.190222 14.8356 0 0 0 180 0 180 0 -180
0 -0 0 -0 0 -180 0 180 1.03487 93.333 0 0 0 -0 0 -0 0 -180
0 180 0 -0 0 0 0.0517588 -172.43 0.0601135 14.6991 0 0 0 -0 0 180 0 -180
0 -0 0 -180 0 0 0 -0 0.437488 -97.9441 0 0 0 180 0 -0 0 -180
0 180 0 -180 0 -0 0.0786122 -134.905 0.0636601 17.1194 0 0 0 0 0 0 0 -180
0 -0 0 -0 0 180 0 -180 0.428299 -96.6243 0 -0 0 0 0 0 0 -180
0 180 0 -0 0 180 0.138732 -129.318 0.104135 7.51614 0 180 0 -180 0 0 0 -180
0 -0 0 180 0 -0 0 -0 1.52316 91.1735 0 -0 0 -180 0 0 0 -180
inside=0 lambda=0.647 phi=40 theta=45
0 180 0 -180 0 -180 0 -0 0.148803 11.0553 0 0 0 180 0 180 0 -180
0 -0 0 -0 0 -180 0 180 1.28468 91.3377 0 0 0 -0 0 -0 0 -180
0 180 0 -180 0 0 0 180 0.0640273 12.3119 0 0 0 -0 0 0 0 -180
0 -0 0 -180 0 0 0 -0 0.495476 -97.3889 0 0 0 180 0 -0 0 -180
0 180 0 180 0 -0 0 -180 0.0640273 12.3119 0 0 0 0 0 0 0 -180
0 -0 0 -0 0 180 0 -180 0.495476 -97.3889 0 -0 0 0 0 0 0 -180
0 180 0 -0 0 180 0 -180 0.148803 11.0553 0 180 0 -180 0 0 0 -180
0 -0 0 180 0 -0 0 -0 1.28468 91.3377 0 -0 0 -180 0 0 0 -180
inside=0 lambda=0.647 phi=45 theta=0
0 180 0 180 0 -0 0.764023 -75.8286 0.590557 -95.5227 0 180 0 180 0 180 0 -0
0 -0 0 -0 0 180 0 180 0 180 0 -0 0 -0 0 -0 0 180
0 180 0 -0 0 180 1.16697e-12 14.1549 1.4798e-12 164.383 0 -0 0 -0 0 180 0 -0
0 -0 0 180 0 -0 0 -0 0 180 0 -0 0 180 0 -0 0 180
0 -180 0 -180 0 0 6.51046e-13 29.3768 1.59886e-12 9.21178 0 -0 0 0 0 0 0 -180
0 -180 0 -180 0 0 0 -0 0 -180 0 180 0 0 0 0 0 -180
0 -180 0 0 0 -180 0.532821 -88.8806 0.863442 33.7188 0 -180 0 -180 0 0 0 -180
0 -180 0 0 0 -180 0 -180 0 0 0 -180 0 -180 0 0 0 -180
inside=0 lambda=0.647 phi=45 theta=15
0 180 0 180 0 -0 0.57115 -90.5589 0.636775 -92.2212 0 180 0 180 0 180 0 -0
0 -0 0 -0 0 180 0 180 0 180 0 -0 0 -0 0 -0 0 180
0 180 0 -0 0 180 0.211949 97.1869 0.367468 -120.54 0 180 0 -0 0 180 0 -0
0 -0 0 180 0 -0 0 -0 0 -180 0 -0 0 180 0 -0 0 180
0 -180 0 -180 0 0 0.225587 -108.995 0.367368 -123.818 0 180 0 0 0 0 0 -180
0 -180 0 -180 0 0 0 180 0 180 0 -0 0 0 0 0 0 180
0 180 0 -0 0 180 0.356388 -104.549 0.845901 26.1537 0 -180 0 -180 0 0 0 -180
0 -180 0 0 0 -180 0 -180 0 0 0 -180 0 -180 0 -0 0 180
inside=0 lambda=0.647 phi=45 theta=30
0 180 0 180 0 -0 0.20679 -116.699 0.554063 -79.4724 0 180 0 180 0 180 0 -0
0 -0 0 -0 0 180 0 180 0 0 0 -0 0 -0 0 -0 0 180
0 180 0 -0 0 180 0.176727 77.826 0.747307 -126.765 0 0 0 -0 0 180 0 -0
0 -0 0 180 0 -0 0 -0 0 180 0 -0 0 180 0 -0 0 180
0 180 0 180 0 -0 0.18978 -144.236 0.731793 -128.069 0 180 0 0 0 0 0 -180
0 -0 0 -180 0 0 0 180 0 180 0 -0 0 -0 0 -0 0 180
0 180 0 -0 0 180 0.135396 -147.683 0.636056 4.99874 0 180 0 -180 0 0 0 -0
0 -0 0 0 0 -180 0 -0 0 0 0 -180 0 180 0 -0 0 180
inside=0 lambda=0.647 phi=45 theta=45
0 180 0 180 0 -180 0 -0 0.440058 -40.9707 0 180 0 180 0 180 0 -0
0 -0 0 -0 0 180 0 180 0 0 0 -0 0 -0 0 -0 0 180
0 180 0 -0 0 0 0 180 0.897969 -130.971 0 0 0 -0 0 180 0 -0
0 -0 0 180 0 -0 0 -0 0 180 0 -0 0 0 0 -0 0 180
0 180 0 180 0 -0 0 -0 0.897969 -130.971 0 180 0 0 0 0 0 -0
0 -0 0 -0 0 0 0 180 0 180 0 -0 0 -0 0 -0 0 180
0 180 0 -0 0 180 0 180 0.440058 -40.9707 0 180 0 -180 0 180 0 -0
0 -0 0 180 0 -0 0 -0 0 0 0 -0 0 180 0 -0 0 180
inside=1 lambda=0.647 phi=0 theta=0
0 -180 0 -180 0 -180 0 0 0.181708 160.102 0 0 0 -180 0 -180 0 -180
0 -0 0 -0 0 -0 0 180 0.814773 169.025 0 180 0 -0 0 -0 0 -0
0 -180 0 180 0 0 0 180 1.02804e-12 8.32839 0 180 0 0 0 180 0 -180
0 -0 0 180 0 180 0 -0 9.96377e-13 -118.145 0 -0 0 180 0 180 0 -0
0 -180 0 -180 0 0 0 -0 6.02935e-13 -13.1454 0 -0 0 0 0 180 0 -180
0 -0 0 0 0 180 0 -0 4.64837e-13 -133.91 0 0 0 180 0 0 0 -0
0 -180 0 0 0 -180 0 -180 0.181708 160.102 0 -180 0 -180 0 0 0 -180
0 -0 0 180 0 -0 0 -0 0.814773 169.025 0 -0 0 -0 0 180 0 -0
inside=1 lambda=0.647 phi=0 theta=15
0 -180 0 -180 0 -180 0 0 0.181708 160.102 0 0 0 -180 0 -180 0 -180
0 -0 0 -0 0 -0 0 180 0.814773 169.025 0 180 0 -0 0 -0 0 -0
0 -180 0 180 0 0 0 180 1.02804e-12 8.32839 0 180 0 0 0 180 0 -180
0 -0 0 180 0 180 0 -0 9.96377e-13 -118.145 0 -0 0 180 0 180 0 -0
0 -180 0 -180 0 0 0 -0 6.02935e-13 -13.1454 0 -0 0 0 0 180 0 -180
0 -0 0 0 0 180 0 -0 4.64837e-13 -133.91 0 0 0 180 0 0 0 -0
0 -180 0 0 0 -180 0 -180 0.181708 160.102 0 -180 0 -180 0 0 0 -180
0 -0 0 180 0 -0 0 -0 0.814773 169.025 0 -0 0 -0 0 180 0 -0
inside=1 lambda=0.647 phi=0 theta=30
0 -180 0 -180 0 -180 0 0 0.181708 160.102 0 0 0 -180 0 -180 0 -180
0 -0 0 -0 0 -0 0 180 0.814773 169.025 0 180 0 -0 0 -0 0 -0
0 -180 0 180 0 0 0 180 1.02804e-12 8.32839 0 180 0 0 0 180 0 -180
0 -0 0 180 0 180 0 -0 9.96377e-13 -118.145 0 -0 0 180 0 180 0 -0
0 -180 0 -180 0 0 0 -0 6.02935e-13 -13.1454 0 -0 0 0 0 180 0 -180
0 -0 0 0 0 180 0 -0 4.64837e-13 -133.91 0 0 0 180 0 0 0 -0
0 -180 0 0 0 -180 0 -180 0.181708 160.102 0 -180 0 -180 0 0 0 -180
0 -0 0 180 0 -0 0 -0 0.814773 169.025 0 -0 0 -0 0 180 0 -0
inside=1 lambda=0.647 phi=0 theta=45
0 -180 0 -180 0 -180 0 0 0.181708 160.102 0 0 0 -180 0 -180 0 -180
0 -0 0 -0 0 -0 0 180 0.814773 169.025 0 180 0 -0 0 -0 0 -0
0 -180 0 180 0 0 0 180 1.02804e-12 8.32839 0 180 0 0 0 180 0 -180
0 -0 0 180 0 180 0 -0 9.96377e-13 -118.145 0 -0 0 180 0 180 0 -0
0 -180 0 -180 0 0 0 -0 6.02935e-13 -13.1454 0 -0 0 0 0 180 0 -180
0 -0 0 0 0 180 0 -0 4.64837e-13 -133.91 0 0 0 180 0 0 0 -0
0 -180 0 0 0 -180 0 -180 0.181708 160.102 0 -180 0 -180 0 0 0 -180
0 -0 0 180 0 -0 0 -0 0.814773 169.025 0 -0 0 -0 0 180 0 -0
inside=1 lambda=0.647 phi=5 theta=0
0 -180 0 -180 0 -180 0 0 0.180606 159.248 0 0 0 -180 0 -180 0 -180
0 -0 0 -0 0 -0 0 180 0.815765 168.521 0 180 0 -0 0 -0 0 -0
0 -180 0 -0 0 0 0 -0 6.98137e-13 71.9197 0 180 0 0 0 180 0 -180
0 -0 0 -180 0 180 0 180 4.84724e-13 -91.3301 0 0 0 180 0 0 0 -0
0 -180 0 -180 0 0 0 0 2.35993e-13 -47.294 0 -180 0 0 0 0 0 -180
0 -0 0 -0 0 180 0 0 5.22464e-13 80.0619 0 -180 0 180 0 180 0 -0
0 -180 0 0 0 -180 0 -180 0.182439 159.362 0 -180 0 -180 0 0 0 -180
0 -0 0 180 0 -0 0 -0 0.813839 168.512 0 -0 0 -0 0 180 0 -0
inside=1 lambda=0.647 phi=5 theta=15
0 -180 0 -180 0 -180 0 0 0.180728 159.256 0 0 0 -180 0 -180 0 -180
0 -0 0 -0 0 -0 0 180 0.815636 168.52 0 180 0 -0 0 -0 0 -0
0 -180 0 -0 0 0 0 -180 0.000460432 -15.5337 0 0 0 0 0 180 0 -180
0 -0 0 -180 0 180 0 -0 0.000488575 178.278 0 180 0 180 0 0 0 -0
0 -180 0 -180 0 0 0 -0 0.000460459 -15.4939 0 180 0 0 0 0 0 -180
0 -0 0 -0 0 180 0 -180 0.000488462 178.257 0 0 0 180 0 180 0 -0
0 -180 0 0 0 -180 0 -180 0.182316 159.354 0 -180 0 -180 0 0 0 -180
0 -0 0 180 0 -0 0 -0 0.813968 168.513 0 -0 0 -0 0 180 0 -0
inside=1 lambda=0.647 phi=5 theta=30
0 -180 0 -180 0 -180 0 0 0.181064 159.277 0 0 0 -180 0 -180 0 -180
0 -0 0 -0 0 -0 0 180 0.815283 168.519 0 180 0 -0 0 -0 0 -0
0 -180 0 -0 0 0 0 -180 0.000797502 -15.5253 0 0 0 0 0 180 0 -180
0 -0 0 -180 0 180 0 -0 0.000846195 178.273 0 180 0 180 0 0 0 -0
0 -180 0 -180 0 0 0 -0 0.000797529 -15.5023 0 180 0 0 0 0 0 -180
0 -0 0 -0 0 180 0 -180 0.000846082 178.261 0 0 0 180 0 180 0 -0
0 -180 0 0 0 -180 0 -180 0.181981 159.334 0 -180 0 -180 0 0 0 -180
0 -0 0 180 0 -0 0 -0 0.81432 168.514 0 -0 0 -0 0 180 0 -0
inside=1 lambda=0.647 phi=5 theta=45
0 -180 0 -180 0 -180 0 0 0.181522 159.305 0 0 0 -180 0 -180 0 -180
0 -0 0 -0 0 -0 0 180 0.814802 168.517 0 180 0 -0 0 -0 0 -0
0 -180 0 -0 0 0 0 -180 0.000920892 -15.5138 0 0 0 0 0 180 0 -180
0 -0 0 -180 0 180 0 -0 0.000977036 178.267 0 180 0 180 0 0 0 -0
0 -180 0 -180 0 0 0 -0 0.000920892 -15.5138 0 180 0 0 0 0 0 -180
0 -0 0 -0 0 180 0 -180 0.000977036 178.267 0 0 0 180 0 180 0 -0
0 -180 0 0 0 -180 0 -180 0.181522 159.305 0 -180 0 -180 0 0 0 -180
0 -0 0 180 0 -0 0 -0 0.814802 168.517 0 -0 0 -0 0 180 0 -0
inside=1 lambda=0.647 phi=10 theta=0
0 -180 0 -180 0 -180 0 0 0.177241 156.671 0 0 0 -180 0 -180 0 -180
0 -0 0 -0 0 -0 0 180 0.818779 167.014 0 180 0 -0 0 -0 0 -0
0 -180 0 -0 0 0 0 180 6.71507e-14 158.566 0 -0 0 0 0 180 0 -180
0 -0 0 -180 0 180 0 0 3.05109e-13 61.8044 0 -0 0 180 0 0 0 -0
0 -180 0 -180 0 0 0 180 3.56421e-13 46.4831 0 0 0 0 0 0 0 -180
0 -0 0 -0 0 180 0 180 3.56645e-13 159.871 0 -180 0 180 0 180 0 -0
0 -180 0 0 0 -180 0 -180 0.184577 157.156 0 -180 0 -180 0 0 0 -180
0 -0 0 180 0 -0 0 -0 0.811018 166.98 0 -0 0 -0 0 180 0 -0
inside=1 lambda=0.647 phi=10 theta=15
0 -180 0 -180 0 -180 0 0 0.177733 156.704 0 0 0 -180 0 -180 0 -180
0 -0 0 -0 0 -0 0 180 0.818259 167.012 0 180 0 -0 0 -0 0 -0
0 -180 0 -0 0 0 0 -180 0.00184535 -17.4044 0 0 0 0 0 180 0 -180
0 -0 0 -180 0 180 0 -0 0.00196899 176.625 0 180 0 180 0 0 0 -0
0 -180 0 -180 0 0 0 -0 0.00184582 -17.2426 0 0 0 0 0 0 0 -180
0 -0 0 -0 0 180 0 -180 0.00196718 176.539 0 0 0 180 0 180 0 -0
0 -180 0 0 0 -180 0 -180 0.184086 157.124 0 -180 0 -180 0 0 0 -180
0 -0 0 180 0 -0 0 -0 0.811538 166.983 0 -0 0 -0 0 180 0 -0
inside=1 lambda=0.647 phi=10 theta=30
0 -180 0 -180 0 -180 0 0 0.179076 156.794 0 0 0 -180 0 -180 0 -180
0 -0 0 -0 0 -0 0 180 0.816838 167.006 0 180 0 -0 0 -0 0 -0
0 -180 0 -0 0 0 0 -180 0.00319644 -17.3702 0 0 0 0 0 180 0 -180
0 -0 0 -180 0 180 0 -0 0.00340972 176.606 0 180 0 180 0 0 0 -0
0 -180 0 -180 0 0 0 -0 0.0031969 -17.2768 0 0 0 0 0 0 0 -180
0 -0 0 -0 0 180 0 -180 0.00340791 176.556 0 0 0 180 0 180 0 -0
0 -180 0 0 0 -180 0 -180 0.182743 157.036 0 -180 0 -180 0 0 0 -180
0 -0 0 180 0 -0 0 -0 0.812958 166.989 0 -0 0 -0 0 180 0 -0
inside=1 lambda=0.647 phi=10 theta=45
0 -180 0 -180 0 -180 0 0 0.18091 156.916 0 0 0 -180 0 -180 0 -180
0 -0 0 -0 0 -0 0 180 0.814898 166.997 0 180 0 -0 0 -0 0 -0
0 -180 0 -0 0 0 0 -180 0.00369121 -17.3235 0 0 0 0 0 180 0 -180
0 -0 0 -180 0 180 0 -0 0.00393615 176.581 0 180 0 180 0 0 0 -0
0 -180 0 -180 0 0 0 -0 0.00369121 -17.3235 0 180 0 0 0 0 0 -180
0 -0 0 -0 0 180 0 -180 0.00393615 176.581 0 0 0 180 0 180 0 -0
0 -180 0 0 0 -180 0 -180 0.18091 156.916 0 -180 0 -180 0 0 0 -180
0 -0 0 180 0 -0 0 -0 0.814898 166.997 0 -0 0 -0 0 180 0 -0
inside=1 lambda=0.647 phi=15 theta=0
0 -180 0 -180 0 -180 0 0 0.17147 152.314 0 0 0 -180 0 -180 0 -180
0 -0 0 -0 0 -0 0 180 0.823933 164.523 0 180 0 -0 0 -0 0 -0
0 -180 0 -0 0 0 0 0 6.823e-14 92.0873 0 -0 0 0 0 180 0 -180
0 -0 0 -180 0 180 0 180 1.35927e-13 42.4939 0 180 0 180 0 0 0 -0
0 -180 0 -180 0 0 0 -0 3.53021e-13 -179.358 0 180 0 0 0 0 0 -180
0 -0 0 -0 0 180 0 180 2.63376e-13 68.5166 0 -0 0 180 0 180 0 -0
0 -180 0 0 0 -180 0 -180 0.187955 153.52 0 -180 0 -180 0 0 0 -180
0 -0 0 180 0 -0 0 -0 0.806255 164.451 0 -0 0 -0 0 180 0 -0
inside=1 lambda=0.647 phi=15 theta=15
0 -180 0 -180 0 -180 0 0 0.172574 152.399 0 0 0 -180 0 -180 0 -180
0 -0 0 -0 0 -0 0 180 0.822749 164.518 0 180 0 -0 0 -0 0 -0
0 -180 0 -0 0 0 0 -180 0.0041597 -20.4866 0 0 0 0 0 180 0 -180
0 -0 0 -180 0 180 0 -0 0.00448504 173.908 0 180 0 180 0 0 0 -0
0 -180 0 -180 0 0 0 -0 0.00416228 -20.1126 0 0 0 0 0 0 0 -180
0 -0 0 -0 0 180 0 -180 0.00447582 173.715 0 0 0 180 0 180 0 -0
0 -180 0 0 0 -180 0 -180 0.186851 153.443 0 -180 0 -180 0 0 0 -180
0 -0 0 180 0 -0 0 -0 0.807439 164.456 0 -0 0 -0 0 180 0 -0
inside=1 lambda=0.647 phi=15 theta=30
0 -180 0 -180 0 -180 0 0 0.175592 152.627 0 0 0 -180 0 -180 0 -180
0 -0 0 -0 0 -0 0 180 0.819512 164.505 0 180 0 -0 0 -0 0 -0
0 -180 0 -0 0 0 0 -180 0.00720601 -20.4074 0 0 0 0 0 0 0 -180
0 -0 0 -180 0 180 0 -0 0.00776477 173.861 0 180 0 180 0 0 0 -0
0 -180 0 -180 0 0 0 -0 0.00720859 -20.1918 0 0 0 0 0 0 0 -180
0 -0 0 -0 0 180 0 -180 0.00775557 173.749 0 0 0 180 0 180 0 -0
0 -180 0 0 0 -180 0 -180 0.183835 153.23 0 -180 0 -180 0 0 0 -180
0 -0 0 180 0 -0 0 -0 0.810673 164.469 0 -0 0 -0 0 180 0 -0
inside=1 lambda=0.647 phi=15 theta=45
0 -180 0 -180 0 -180 0 0 0.179714 152.932 0 0 0 -180 0 -180 0 -180
0 -0 0 -0 0 -0 0 180 0.815092 164.487 0 180 0 -0 0 -0 0 -0
0 -180 0 -0 0 0 0 -180 0.00832241 -20.2996 0 0 0 0 0 0 0 -180
0 -0 0 -180 0 180 0 -0 0.00896058 173.802 0 180 0 180 0 0 0 -0
0 -180 0 -180 0 0 0 -0 0.00832241 -20.2996 0 0 0 0 0 0 0 -180
0 -0 0 -0 0 180 0 -180 0.00896058 173.802 0 0 0 180 0 180 0 -0
0 -180 0 0 0 -180 0 -180 0.179714 152.932 0 -180 0 -180 0 0 0 -180
0 -0 0 180 0 -0 0 -0 0.815092 164.487 0 -0 0 -0 0 180 0 -0
inside=1 lambda=0.647 phi=20 theta=0
0 -180 0 -180 0 -180 0 0 0.163135 146.055 0 0 0 -180 0 -180 0 -180
0 -0 0 -0 0 -0 0 180 0.831419 161.078 0 180 0 -0 0 -0 0 -0
0 -180 0 -0 0 0 0 -180 3.34318e-13 74.5228 0 -0 0 0 0 180 0 -180
0 -0 0 -180 0 180 0 -0 2.03326e-13 -91.411 0 0 0 180 0 0 0 -0
0 -180 0 -180 0 0 0 180 3.39858e-13 167.199 0 180 0 0 0 0 0 -180
0 -0 0 -0 0 180 0 -180 8.55553e-14 -29.815 0 0 0 180 0 180 0 -0
0 -180 0 0 0 -180 0 -180 0.192271 148.515 0 -180 0 -180 0 0 0 -180
0 -0 0 180 0 -0 0 -0 0.799462 160.962 0 -0 0 -0 0 180 0 -0
inside=1 lambda=0.647 phi=20 theta=15
0 -180 0 -180 0 -180 0 0 0.165084 146.237 0 0 0 -180 0 -180 0 -180
0 -0 0 -0 0 -0 0 180 0.829277 161.07 0 180 0 -0 0 -0 0 -0
0 -180 0 -0 0 0 0 -180 0.00739148 -24.728 0 0 0 0 0 0 0 -180
0 -0 0 -180 0 180 0 -0 0.00810906 170.186 0 180 0 180 0 0 0 -0
0 -180 0 -180 0 0 0 -0 0.00740081 -24.0361 0 0 0 0 0 0 0 -180
0 -0 0 -0 0 180 0 -180 0.00807952 169.841 0 0 0 180 0 180 0 -0
0 -180 0 0 0 -180 0 -180 0.190321 148.364 0 -180 0 -180 0 0 0 -180
0 -0 0 180 0 -0 0 -0 0.801601 160.969 0 -0 0 -0 0 180 0 -0
inside=1 lambda=0.647 phi=20 theta=30
0 -180 0 -180 0 -180 0 0 0.170414 146.72 0 0 0 -180 0 -180 0 -180
0 -0 0 -0 0 -0 0 180 0.823425 161.047 0 180 0 -0 0 -0 0 -0
0 -180 0 -0 0 0 0 -180 0.0128074 -24.5819 0 0 0 0 0 0 0 -180
0 -0 0 -180 0 180 0 -0 0.0140335 170.093 0 180 0 180 0 0 0 -0
0 -180 0 -180 0 0 0 -0 0.0128167 -24.184 0 0 0 0 0 0 0 -180
0 -0 0 -0 0 180 0 -180 0.0140042 169.894 0 0 0 180 0 180 0 -0
0 -180 0 0 0 -180 0 -180 0.184988 147.943 0 -180 0 -180 0 0 0 -180
0 -0 0 180 0 -0 0 -0 0.807447 160.989 0 -0 0 -0 0 180 0 -0
inside=1 lambda=0.647 phi=20 theta=45
0 -180 0 -180 0 -180 0 0 0.177701 147.346 0 0 0 -180 0 -180 0 -180
0 -0 0 -0 0 -0 0 180 0.815434 161.018 0 180 0 -0 0 -0 0 -0
0 -180 0 -0 0 0 0 -180 0.014795 -24.3834 0 0 0 0 0 0 0 -180
0 -0 0 -180 0 180 0 -0 0.016187 169.983 0 180 0 180 0 0 0 -0
0 -180 0 -180 0 0 0 -0 0.014795 -24.3834 0 0 0 0 0 0 0 -180
0 -0 0 -0 0 180 0 -180 0.016187 169.983 0 0 0 180 0 180 0 -0
0 -180 0 0 0 -180 0 -180 0.177701 147.346 0 -180 0 -180 0 0 0 -180
0 -0 0 180 0 -0 0 -0 0.815434 161.018 0 -0 0 -0 0 180 0 -0
inside=1 lambda=0.647 phi=25 theta=0
0 180 0 -180 0 -180 0 0 0.152216 137.661 0 0 0 180 0 -180 0 -180
0 -0 0 -0 0 -0 0 180 0.841495 156.726 0 180 0 -0 0 -0 0 -0
0 -180 0 -0 0 0 0 0 5.72446e-14 142.388 0 -180 0 0 0 180 0 -180
0 -0 0 -180 0 180 0 -180 5.29946e-14 -66.2329 0 -180 0 180 0 0 0 -0
0 -180 0 -180 0 0 0 0 3.96347e-14 -36.2857 0 -180 0 0 0 0 0 -180
0 -0 0 -0 0 180 0 -180 1.44836e-13 -154.963 0 -180 0 180 0 180 0 -0
0 -180 0 0 0 -180 0 -180 0.19706 142.218 0 -180 0 -180 0 0 0 -180
0 -0 0 180 0 -0 0 -0 0.790519 156.565 0 -0 0 -0 0 180 0 -0
inside=1 lambda=0.647 phi=25 theta=15
0 180 0 -180 0 -180 0 0 0.155203 138.025 0 0 0 180 0 -180 0 -180
0 -0 0 -0 0 -0 0 180 0.838077 156.713 0 180 0 -0 0 -0 0 -0
0 -180 0 -0 0 0 0 -180 0.01148 -30.0568 0 0 0 0 0 0 0 -180
0 -0 0 -180 0 180 0 -0 0.0129422 165.548 0 180 0 180 0 0 0 -0
0 -180 0 -180 0 0 0 -0 0.011507 -28.9144 0 0 0 0 0 0 0 -180
0 -0 0 -0 0 180 0 -180 0.0128684 165.004 0 0 0 180 0 180 0 -0
0 -180 0 0 0 -180 0 -180 0.194056 141.953 0 -180 0 -180 0 0 0 -180
0 -0 0 180 0 -0 0 -0 0.79393 156.573 0 -0 0 -0 0 180 0 -0
inside=1 lambda=0.647 phi=25 theta=30
0 -180 0 -180 0 -180 0 0 0.163388 138.962 0 0 0 180 0 -180 0 -180
0 -0 0 -0 0 -0 0 180 0.82874 156.68 0 180 0 -0 0 -0 0 -0
0 -180 0 -0 0 0 0 -180 0.0199005 -29.8172 0 0 0 0 0 0 0 -180
0 -0 0 -180 0 180 0 -0 0.0223855 165.381 0 180 0 180 0 0 0 -0
0 -180 0 -180 0 0 0 -0 0.0199277 -29.1641 0 0 0 0 0 0 0 -180
0 -0 0 -0 0 180 0 -180 0.0223132 165.069 0 0 0 180 0 180 0 -0
0 -180 0 0 0 -180 0 -180 0.185838 141.209 0 -180 0 -180 0 0 0 -180
0 -0 0 180 0 -0 0 -0 0.803252 156.599 0 -0 0 -0 0 180 0 -0
inside=1 lambda=0.647 phi=25 theta=45
0 -180 0 -180 0 -180 0 0 0.174604 140.133 0 0 0 -180 0 -180 0 -180
0 -0 0 -0 0 -0 0 180 0.815993 156.638 0 180 0 -0 0 -0 0 -0
0 -180 0 -0 0 0 0 -180 0.0229986 -29.493 0 0 0 0 0 0 0 -180
0 -0 0 -180 0 180 0 -0 0.0258049 165.2 0 180 0 180 0 0 0 -0
0 -180 0 -180 0 0 0 -0 0.0229986 -29.493 0 0 0 0 0 0 0 -180
0 -0 0 -0 0 180 0 -180 0.0258049 165.2 0 0 0 180 0 180 0 -0
0 -180 0 0 0 -180 0 -180 0.174604 140.133 0 -180 0 -180 0 0 0 -180
0 -0 0 180 0 -0 0 -0 0.815993 156.638 0 -0 0 -0 0 180 0 -0
inside=1 lambda=0.647 phi=30 theta=0
0 180 0 180 0 -180 0 0 0.139089 126.708 0 0 0 180 0 180 0 -180
0 -0 0 -0 0 -0 0 180 0.854493 151.532 0 180 0 -0 0 -0 0 -0
0 180 0 -0 0 0 0 -0 2.13974e-13 151.55 0 -0 0 -0 0 180 0 -180
0 -0 0 -180 0 180 0 -0 1.63382e-13 -68.9846 0 0 0 180 0 0 0 -0
0 -180 0 -180 0 0 0 -0 2.27197e-13 -61.2397 0 -0 0 0 0 0 0 -180
0 -0 0 -0 0 180 0 -180 2.27987e-13 -66.3158 0 0 0 180 0 180 0 -0
0 -180 0 0 0 -180 0 -180 0.201643 134.722 0 -180 0 -180 0 0 0 -180
0 -0 0 180 0 -0 0 -0 0.779275 151.327 0 -0 0 -0 0 180 0 -0
inside=1 lambda=0.647 phi=30 theta=15
0 180 0 -180 0 -180 0 0 0.143206 127.413 0 0 0 180 0 180 0 -180
0 -0 0 -0 0 -0 0 180 0.849447 151.513 0 180 0 -0 0 -0 0 -0
0 -180 0 -0 0 0 0 -180 0.0162689 -36.3792 0 0 0 -0 0 0 0 -180
0 -0 0 -180 0 180 0 -0 0.0191187 160.117 0 180 0 180 0 0 0 -0
0 -180 0 -180 0 0 0 -0 0.0163376 -34.6074 0 0 0 0 0 0 0 -180
0 -0 0 -0 0 180 0 -180 0.0189593 159.325 0 0 0 180 0 180 0 -0
0 -180 0 0 0 -180 0 -180 0.197444 134.286 0 -180 0 -180 0 0 0 -180
0 -0 0 180 0 -0 0 -0 0.784305 151.335 0 -0 0 -0 0 180 0 -0
inside=1 lambda=0.647 phi=30 theta=30
0 180 0 -180 0 -180 0 0 0.154548 129.165 0 0 0 180 0 -180 0 -180
0 -0 0 -0 0 -0 0 180 0.835667 151.465 0 180 0 -0 0 -0 0 -0
0 -180 0 -0 0 0 0 -180 0.0282269 -36.0131 0 0 0 -0 0 0 0 -180
0 -0 0 -180 0 180 0 -0 0.0330427 159.835 0 180 0 180 0 0 0 -0
0 -180 0 -180 0 0 0 -0 0.0282961 -35.011 0 0 0 0 0 0 0 -180
0 -0 0 -0 0 180 0 -180 0.0328903 159.385 0 0 0 180 0 180 0 -0
0 -180 0 0 0 -180 0 -180 0.185933 133.058 0 -180 0 -180 0 0 0 -180
0 -0 0 180 0 -0 0 -0 0.798057 151.362 0 -0 0 -0 0 180 0 -0
inside=1 lambda=0.647 phi=30 theta=45
0 -180 0 -180 0 -180 0 0 0.170198 131.239 0 0 0 180 0 -180 0 -180
0 -0 0 -0 0 -0 0 180 0.816856 151.408 0 180 0 -0 0 -0 0 -0
0 -180 0 -0 0 0 0 -180 0.0326464 -35.5204 0 0 0 0 0 0 0 -180
0 -0 0 -180 0 180 0 -0 0.0380609 159.557 0 180 0 180 0 0 0 -0
0 -180 0 -180 0 0 0 -0 0.0326464 -35.5204 0 0 0 0 0 0 0 -180
0 -0 0 -0 0 180 0 -180 0.0380609 159.557 0 0 0 180 0 180 0 -0
0 -180 0 0 0 180 0 -180 0.170198 131.239 0 -180 0 -180 0 0 0 -180
0 -0 0 180 0 -0 0 -0 0.816856 151.408 0 -0 0 -0 0 180 0 -0
inside=1 lambda=0.647 phi=35 theta=0
0 180 0 180 0 -180 0 0 0.124963 112.484 0 0 0 180 0 180 0 -180
0 -0 0 -0 0 -180 0 180 0.870832 145.586 0 0 0 -0 0 -0 0 -180
0 180 0 -0 0 0 0 -0 1.07839e-13 -45.5611 0 180 0 -0 0 180 0 -180
0 -0 0 -180 0 180 0 -0 2.85016e-13 40.5442 0 0 0 180 0 0 0 -0
0 -180 0 -180 0 0 0 -0 5.15566e-14 130.953 0 180 0 0 0 0 0 -180
0 -0 0 -0 0 180 0 -180 2.15369e-13 43.0621 0 0 0 180 0 180 0 -0
0 -180 0 0 0 -180 0 -180 0.205058 126.135 0 -180 0 -180 0 0 0 -180
0 -0 0 180 0 -0 0 -0 0.765552 145.335 0 -0 0 -0 0 180 0 -0
inside=1 lambda=0.647 phi=35 theta=15
0 180 0 180 0 -180 0 0 0.13006 113.833 0 0 0 180 0 180 0 -180
0 -0 0 -0 0 -180 0 180 0.863768 145.555 0 0 0 0 0 -0 0 -180
0 180 0 -0 0 0 0 -180 0.0214407 -43.5713 0 0 0 -0 0 0 0 -180
0 -0 0 -180 0 0 0 -0 0.0268192 154.057 0 0 0 180 0 0 0 -0
0 -180 0 -180 0 0 0 -0 0.0216027 -40.9067 0 0 0 0 0 0 0 -180
0 -0 0 -0 0 180 0 -180 0.026502 152.961 0 0 0 180 0 180 0 -0
0 -180 0 0 0 -180 0 -180 0.199653 125.447 0 -180 0 -180 0 0 0 -180
0 -0 0 180 0 -0 0 -0 0.772587 145.338 0 -0 0 -0 0 180 0 -0
inside=1 lambda=0.647 phi=35 theta=30
0 180 0 -180 0 -180 0 0 0.14434 117.03 0 0 0 180 0 180 0 -180
0 -0 0 -0 0 -180 0 180 0.844478 145.483 0 0 0 0 0 -0 0 -180
0 -180 0 -0 0 0 0 -180 0.0372663 -43.0358 0 0 0 -0 0 0 0 -180
0 -0 0 -180 0 180 0 -0 0.0462958 153.598 0 0 0 180 0 0 0 -0
0 -180 0 -180 0 0 0 -0 0.0374284 -41.5563 0 0 0 0 0 0 0 -180
0 -0 0 -0 0 180 0 -180 0.0460063 152.98 0 0 0 180 0 180 0 -0
0 -180 0 0 0 -180 0 -180 0.184757 123.51 0 -180 0 -180 0 0 0 -180
0 -0 0 180 0 -0 0 -0 0.791829 145.359 0 -0 0 -0 0 180 0 -0
inside=1 lambda=0.647 phi=35 theta=45
0 -180 0 -180 0 -180 0 0 0.164395 120.57 0 0 0 180 0 -180 0 -180
0 -0 0 -0 0 -180 0 180 0.818144 145.41 0 0 0 -0 0 -0 0 -0
0 -180 0 -0 0 0 0 -180 0.0431618 -42.3202 0 0 0 -0 0 0 0 -180
0 -0 0 -180 0 180 0 -0 0.053277 153.188 0 180 0 180 0 0 0 -0
0 -180 0 -180 0 -0 0 -0 0.0431618 -42.3202 0 0 0 0 0 0 0 -180
0 -0 0 -0 0 180 0 -180 0.053277 153.188 0 0 0 180 0 180 0 -0
0 -180 0 0 0 180 0 -180 0.164395 120.57 0 -180 0 -180 0 0 0 -180
0 -0 0 180 0 -0 0 -0 0.818144 145.41 0 -0 0 -180 0 0 0 -0
inside=1 lambda=0.647 phi=40 theta=0
0 180 0 180 0 -180 0 -0 0.11258 94.0486 0 0 0 180 0 180 0 -180
0 -0 0 -0 0 -180 0 180 0.891077 139.02 0 0 0 -0 0 -0 0 -180
0 180 0 -0 0 0 0 -0 2.33792e-13 -15.0522 0 180 0 -0 0 180 0 -180
0 -0 0 -180 0 0 0 -0 2.72936e-13 151.254 0 180 0 180 0 0 0 -180
0 -180 0 -180 0 0 0 -0 4.71198e-14 -9.82647 0 -0 0 0 0 0 0 -180
0 -0 0 -0 0 180 0 -0 3.26288e-14 -42.4979 0 0 0 180 0 180 0 -0
0 -180 0 0 0 -180 0 -180 0.205905 116.59 0 -180 0 -180 0 0 0 -180
0 -0 0 180 0 -0 0 -0 0.749139 138.699 0 -0 0 -0 0 180 0 -0
inside=1 lambda=0.647 phi=40 theta=15
0 180 0 180 0 -180 0 -0 0.117967 96.539 0 0 0 180 0 180 0 -180
0 -0 0 -0 0 -180 0 180 0.881557 138.96 0 0 0 0 0 -0 0 -180
0 180 0 -0 0 0 0 -180 0.0264277 -51.4578 0 0 0 -0 0 0 0 -180
0 -0 0 -180 0 0 0 -0 0.0363074 147.579 0 0 0 180 0 0 0 -180
0 -180 0 -180 0 0 0 -0 0.0267959 -47.4663 0 0 0 0 0 0 0 -180
0 -0 0 -0 0 180 0 -180 0.0356935 146.114 0 0 0 180 0 180 0 -0
0 -180 0 0 0 -180 0 -180 0.199571 115.522 0 -180 0 -180 0 0 0 -180
0 -0 0 180 0 -0 0 -0 0.758606 138.685 0 -0 0 -180 0 180 0 -0
inside=1 lambda=0.647 phi=40 theta=30
0 180 0 180 0 -180 0 0 0.133916 102.16 0 0 0 180 0 180 0 -180
0 -0 0 -0 0 -180 0 180 0.855551 138.842 0 0 0 0 0 -0 0 -180
0 180 0 -0 0 0 0 -180 0.0461099 -50.695 0 0 0 -0 0 0 0 -180
0 -0 0 -180 0 0 0 -0 0.0625465 146.84 0 0 0 180 0 0 0 -180
0 -180 0 -180 0 0 0 -0 0.0464697 -48.5477 0 0 0 0 0 0 0 -180
0 -0 0 -0 0 180 0 -180 0.0620324 146.027 0 0 0 0 0 0 0 -0
0 -180 0 0 0 180 0 -180 0.181757 112.558 0 -180 0 -180 0 0 0 -180
0 -0 0 180 0 -0 0 -0 0.78454 138.686 0 -0 0 -180 0 0 0 -180
inside=1 lambda=0.647 phi=40 theta=45
0 180 0 -180 0 -180 0 0 0.157387 107.983 0 0 0 180 0 180 0 -180
0 -0 0 -0 0 -180 0 180 0.820033 138.74 0 0 0 -0 0 -0 0 -180
0 -180 0 -0 0 0 0 -180 0.0535433 -49.6818 0 0 0 -0 0 0 0 -180
0 -0 0 -180 0 0 0 -0 0.071895 146.256 0 0 0 180 0 0 0 -180
0 -180 0 -180 0 -0 0 -0 0.0535433 -49.6818 0 0 0 0 0 0 0 -180
0 -0 0 -0 0 180 0 -180 0.071895 146.256 0 0 0 0 0 0 0 -180
0 180 0 0 0 180 0 -180 0.157387 107.983 0 180 0 -180 0 0 0 -180
0 -0 0 180 0 -0 0 -0 0.820033 138.74 0 -0 0 -180 0 0 0 -180
inside=1 lambda=0.647 phi=45 theta=0
0 180 0 180 0 -180 0 -0 0.108735 71.1541 0 0 0 180 0 180 0 -180
0 -0 0 -0 0 -180 0.0155402 61.1512 0.914677 132.096 0 0 0 -0 0 -0 0 -180
0 180 0 -0 0 0 0 0 1.0672e-13 9.05733 0 -180 0 -0 0 180 0 -180
0 -0 0 -180 0 0 3.77154e-13 49.4171 5.16134e-14 -129.21 0 -180 0 180 0 0 0 -180
0 -180 0 -180 0 0 0 -0 2.99239e-14 45.9995 0 180 0 0 0 0 0 -180
0 -0 0 -0 0 180 7.75349e-15 60.3155 3.91031e-14 -159.971 0 180 0 180 0 180 0 -0
0 -180 0 0 0 -180 0 -180 0.200625 106.121 0 -180 0 -180 0 0 0 -180
0 -0 0 180 0 -0 0.10959 -86.4142 0.729081 131.63 0 -0 0 -0 0 180 0 -0
inside=1 lambda=0.647 phi=45 theta=15
0 180 0 180 0 -180 0 -0 0.11099 75.177 0 0 0 180 0 180 0 -180
0 -0 0 -0 0 -180 0 180 0.903552 131.902 0 0 0 0 0 -0 0 -180
0 180 0 -0 0 0 0 -180 0.0302609 -59.7515 0 0 0 -0 0 180 0 -180
0 -0 0 -180 0 0 0 -0 0.0480423 140.983 0 0 0 180 0 0 0 -180
0 -180 0 -180 0 0 0 -0 0.0311088 -53.5716 0 0 0 0 0 0 0 -180
0 -0 0 -0 0 180 0 -180 0.0467811 139.08 0 0 0 0 0 0 0 -0
0 -180 0 0 0 -180 0 -180 0.195598 104.622 0 -180 0 -180 0 0 0 -180
0 -0 0 180 0 -0 0 -180 0.742171 131.509 0 -0 0 -180 0 0 0 -180
inside=1 lambda=0.647 phi=45 theta=30
0 180 0 180 0 -180 0 -0 0.125443 84.2569 0 0 0 180 0 180 0 -180
0 -0 0 -0 0 -180 0 180 0.869457 131.677 0 0 0 0 0 -0 0 -180
0 180 0 -0 0 0 0 -180 0.0533157 -58.6867 0 0 0 -0 0 0 0 -180
0 -0 0 -180 0 0 0 -0 0.0823896 139.757 0 0 0 180 0 0 0 -180
0 -180 0 -180 0 -0 0 -0 0.0540902 -55.561 0 0 0 0 0 0 0 -180
0 -0 0 -0 0 180 0 -180 0.0815127 138.719 0 0 0 0 0 0 0 -180
0 -180 0 0 0 180 0 -180 0.176372 100.151 0 -180 0 -180 0 0 0 -180
0 -0 0 180 0 -0 0 -0 0.776175 131.462 0 -0 0 -180 0 0 0 -180
inside=1 lambda=0.647 phi=45 theta=45
0 180 0 -180 0 -180 0 -0 0.149791 93.2959 0 0 0 180 0 180 0 -180
0 -0 0 -0 0 -180 0 180 0.822805 131.523 0 0 0 0 0 -0 0 -180
0 180 0 -0 0 0 0 -180 0.0622199 -57.2632 0 0 0 -0 0 0 0 -180
0 -0 0 -180 0 0 0 -0 0.0945651 138.945 0 0 0 180 0 0 0 -180
0 180 0 -180 0 -0 0 -0 0.0622199 -57.2632 0 0 0 0 0 0 0 -180
0 -0 0 -0 0 180 0 -180 0.0945651 138.945 0 0 0 0 0 0 0 -180
0 180 0 -0 0 180 0 -180 0.149791 93.2959 0 180 0 -180 0 0 0 -180
0 -0 0 180 0 0 0 -0 0.822805 131.523 0 -0 0 -180 0 0 0 -180
