RSoft_BSDF_File_Version 2
1 0 5 2 1 0.365714
0.3 0.3
-1 1
-1 1
1 0.647 0.647
10 0 45 0.5
4 0 45
Begin_Dispersion_Data
0.647 1.45662 0 1 0 0
End_Dispersion_Data
inside=0 lambda=0.647 phi=0 theta=0
0 -180 0 -180 0 -180 0 0 0.185064 0.559903 0 0 0 -180 0 -180 0 -180
0 0 0 -0 0 0 0 180 1.18606 -155.622 0 180 0 0 0 -0 0 0
0 -180 0 -0 0 0 0 -0 1.97891e-14 131.026 0 180 0 0 0 180 0 -180
0 0 0 -180 0 -180 0 -180 2.47248e-13 112.92 0 180 0 -180 0 -0 0 0
0 -180 0 180 0 0 0 -0 2.27322e-14 110.598 0 180 0 0 0 -0 0 -180
0 0 0 0 0 -180 0 0 2.51971e-13 115.311 0 180 0 -180 0 -180 0 0
0 -180 0 0 0 -180 0 -180 0.185064 0.559903 0 -180 0 -180 0 0 0 -180
0 0 0 180 0 0 0 -0 1.18606 -155.622 0 -0 0 0 0 180 0 0
inside=0 lambda=0.647 phi=0 theta=15
0 -180 0 -180 0 -180 0 0 0.185064 0.559903 0 0 0 -180 0 -180 0 -180
0 0 0 -0 0 0 0 180 1.18606 -155.622 0 180 0 0 0 -0 0 0
0 -180 0 -0 0 0 0 -0 1.97891e-14 131.026 0 180 0 0 0 180 0 -180
0 0 0 -180 0 -180 0 -180 2.47248e-13 112.92 0 180 0 -180 0 -0 0 0
0 -180 0 180 0 0 0 -0 2.27322e-14 110.598 0 180 0 0 0 -0 0 -180
0 0 0 0 0 -180 0 0 2.51971e-13 115.311 0 180 0 -180 0 -180 0 0
0 -180 0 0 0 -180 0 -180 0.185064 0.559903 0 -180 0 -180 0 0 0 -180
0 0 0 180 0 0 0 -0 1.18606 -155.622 0 -0 0 0 0 180 0 0
inside=0 lambda=0.647 phi=0 theta=30
0 -180 0 -180 0 -180 0 0 0.185064 0.559903 0 0 0 -180 0 -180 0 -180
0 0 0 -0 0 0 0 180 1.18606 -155.622 0 180 0 0 0 -0 0 0
0 -180 0 -0 0 0 0 -0 1.97891e-14 131.026 0 180 0 0 0 180 0 -180
0 0 0 -180 0 -180 0 -180 2.47248e-13 112.92 0 180 0 -180 0 -0 0 0
0 -180 0 180 0 0 0 -0 2.27322e-14 110.598 0 180 0 0 0 -0 0 -180
0 0 0 0 0 -180 0 0 2.51971e-13 115.311 0 180 0 -180 0 -180 0 0
0 -180 0 0 0 -180 0 -180 0.185064 0.559903 0 -180 0 -180 0 0 0 -180
0 0 0 180 0 0 0 -0 1.18606 -155.622 0 -0 0 0 0 180 0 0
inside=0 lambda=0.647 phi=0 theta=45
0 -180 0 -180 0 -180 0 0 0.185064 0.559903 0 0 0 -180 0 -180 0 -180
0 0 0 -0 0 0 0 180 1.18606 -155.622 0 180 0 0 0 -0 0 0
0 -180 0 -0 0 0 0 -0 1.97891e-14 131.026 0 180 0 0 0 180 0 -180
0 0 0 -180 0 -180 0 -180 2.47248e-13 112.92 0 180 0 -180 0 -0 0 0
0 -180 0 180 0 0 0 -0 2.27322e-14 110.598 0 180 0 0 0 -0 0 -180
0 0 0 0 0 -180 0 0 2.51971e-13 115.311 0 180 0 -180 0 -180 0 0
0 -180 0 0 0 -180 0 -180 0.185064 0.559903 0 -180 0 -180 0 0 0 -180
0 0 0 180 0 0 0 -0 1.18606 -155.622 0 -0 0 0 0 180 0 0
inside=0 lambda=0.647 phi=5 theta=0
0 180 0 -180 0 -180 0 0 0.183085 0.532906 0 0 0 180 0 -180 0 -180
0 0 0 -0 0 -0 0 -180 1.18395 -157.252 0 180 0 0 0 -0 0 -0
0 -180 0 -0 0 0 0 180 2.69366e-14 -78.9143 0 180 0 0 0 180 0 -180
0 0 0 -0 0 180 0 180 3.0108e-13 -65.6616 0 180 0 -180 0 180 0 -0
0 -180 0 -180 0 0 0 -0 3.11121e-14 -70.867 0 180 0 0 0 0 0 -180
0 0 0 -0 0 -180 0 -0 3.49831e-13 -66.9824 0 0 0 -180 0 180 0 0
0 -180 0 0 0 -180 0 -180 0.187226 0.537194 0 -180 0 -180 0 0 0 -180
0 0 0 180 0 0 0 -0 1.18812 -157.26 0 -0 0 0 0 180 0 0
inside=0 lambda=0.647 phi=5 theta=15
0 -180 0 -180 0 -180 0 0 0.183362 0.5332 0 0 0 -180 0 -180 0 -180
0 0 0 -0 0 -0 0 -180 1.18423 -157.253 0 180 0 0 0 -0 0 -0
0 -180 0 -0 0 0 0 -180 0.0010351 -179.267 0 0 0 0 0 180 0 -180
0 0 0 -0 0 180 0 0 0.00104386 20.4621 0 180 0 -180 0 180 0 -0
0 -180 0 -180 0 0 0 -0 0.0010351 -179.267 0 180 0 0 0 0 0 -180
0 0 0 -0 0 -180 0 -0 0.00104386 20.4625 0 180 0 -180 0 180 0 0
0 -180 0 0 0 -180 0 -180 0.186948 0.536913 0 -180 0 -180 0 0 0 -180
0 0 0 180 0 0 0 -0 1.18784 -157.26 0 -0 0 0 0 180 0 0
inside=0 lambda=0.647 phi=5 theta=30
0 -180 0 -180 0 -180 0 0 0.18412 0.533996 0 0 0 -180 0 -180 0 -180
0 0 0 -0 0 -0 0 -180 1.18499 -157.254 0 180 0 0 0 -0 0 -0
0 -180 0 -0 0 0 0 -180 0.00179284 -179.267 0 0 0 0 0 180 0 -180
0 0 0 -0 0 180 0 0 0.00180802 20.4622 0 180 0 -180 0 180 0 -0
0 -180 0 -180 0 0 0 -0 0.00179284 -179.267 0 180 0 0 0 0 0 -180
0 0 0 -0 0 -180 0 -0 0.00180802 20.4624 0 180 0 180 0 180 0 -0
0 -180 0 0 0 -180 0 -180 0.186191 0.53614 0 -180 0 -180 0 0 0 -180
0 0 0 -180 0 0 0 -0 1.18708 -157.258 0 -0 0 -0 0 180 0 -0
inside=0 lambda=0.647 phi=5 theta=45
0 -180 0 -180 0 -180 0 0 0.185155 0.535074 0 0 0 -180 0 -180 0 -180
0 0 0 -0 0 -0 0 -180 1.18603 -157.256 0 180 0 0 0 -0 0 -0
0 -180 0 -0 0 0 0 -180 0.0020702 -179.267 0 0 0 0 0 180 0 -180
0 0 0 -0 0 180 0 0 0.00208772 20.4623 0 180 0 -180 0 180 0 -0
0 -180 0 -180 0 0 0 -0 0.0020702 -179.267 0 180 0 0 0 0 0 -180
0 0 0 0 0 -180 0 -0 0.00208772 20.4623 0 180 0 180 0 180 0 -0
0 -180 0 0 0 -180 0 -180 0.185155 0.535074 0 -180 0 -180 0 0 0 -180
0 0 0 -180 0 0 0 -0 1.18603 -157.256 0 -0 0 -0 0 180 0 -0
inside=0 lambda=0.647 phi=10 theta=0
0 180 0 -180 0 -180 0 0 0.176851 0.44691 0 0 0 180 0 -180 0 -180
0 0 0 0 0 -0 0 -180 1.17738 -162.175 0 180 0 0 0 0 0 -0
0 180 0 -0 0 0 0 -0 3.413e-14 -80.3998 0 -0 0 -0 0 180 0 -180
0 0 0 -0 0 180 0 -180 5.85819e-13 -71.5488 0 0 0 -180 0 180 0 -0
0 -180 0 -180 0 0 0 -0 3.83136e-14 -65.546 0 -0 0 0 0 0 0 -180
0 -0 0 -0 0 -180 0 -0 6.30241e-13 -70.88 0 -180 0 180 0 180 0 0
0 -180 0 0 0 -180 0 -180 0.193931 0.45819 0 -180 0 -180 0 0 0 -180
0 -0 0 180 0 0 0 -0 1.19455 -162.206 0 -0 0 -0 0 180 0 0
inside=0 lambda=0.647 phi=10 theta=15
0 180 0 -180 0 -180 0 0 0.177995 0.447733 0 0 0 180 0 -180 0 -180
0 0 0 0 0 -0 0 -180 1.17853 -162.177 0 180 0 0 0 0 0 -0
0 180 0 -0 0 0 0 -180 0.00426959 -179.417 0 0 0 -0 0 180 0 -180
0 0 0 -0 0 180 0 0 0.00429345 15.5937 0 180 0 -180 0 180 0 -0
0 -180 0 -180 0 0 0 -0 0.0042696 -179.417 0 180 0 0 0 0 0 -180
0 0 0 -0 0 -180 0 -0 0.00429339 15.5956 0 180 0 180 0 180 0 -0
0 -180 0 0 0 -180 0 -180 0.192787 0.457497 0 -180 0 -180 0 0 0 -180
0 0 0 180 0 0 0 -0 1.1934 -162.204 0 -0 0 -0 0 180 0 -0
inside=0 lambda=0.647 phi=10 theta=30
0 180 0 -180 0 -180 0 0 0.181121 0.449929 0 0 0 180 0 -180 0 -180
0 0 0 -0 0 -0 0 -180 1.18167 -162.183 0 180 0 0 0 0 0 -0
0 180 0 -0 0 0 0 -180 0.00739516 -179.417 0 0 0 -0 0 180 0 -180
0 0 0 -0 0 180 0 0 0.00743645 15.5941 0 180 0 -180 0 180 0 -0
0 -180 0 -180 0 0 0 -0 0.00739516 -179.417 0 180 0 0 0 0 0 -180
0 0 0 -0 0 -180 0 -0 0.00743639 15.5952 0 180 0 180 0 180 0 -0
0 -180 0 0 0 180 0 -180 0.189661 0.455561 0 -180 0 -180 0 0 0 -180
0 0 0 -180 0 0 0 -0 1.19025 -162.199 0 -0 0 -0 0 180 0 -0
inside=0 lambda=0.647 phi=10 theta=45
0 180 0 -180 0 -180 0 0 0.185391 0.45281 0 0 0 180 0 -180 0 -180
0 0 0 -0 0 -0 0 -180 1.18596 -162.191 0 180 0 0 0 0 0 -0
0 -180 0 -0 0 0 0 -180 0.0085392 -179.417 0 0 0 -0 0 180 0 -180
0 0 0 -0 0 180 0 0 0.00858684 15.5947 0 180 0 -180 0 180 0 -0
0 -180 0 -180 0 -0 0 -0 0.0085392 -179.417 0 180 0 0 0 0 0 -180
0 0 0 0 0 -180 0 -0 0.00858684 15.5947 0 180 0 180 0 180 0 -0
0 180 0 0 0 180 0 -180 0.185391 0.45281 0 -180 0 -180 0 0 0 -180
0 0 0 -180 0 0 0 -0 1.18596 -162.191 0 0 0 -0 0 180 0 -0
inside=0 lambda=0.647 phi=15 theta=0
0 180 0 -180 0 -180 0 -0 0.165386 0.299184 0 0 0 180 0 -180 0 -180
0 0 0 0 0 -0 0 -180 1.16556 -170.488 0 180 0 0 0 0 0 -0
0 180 0 -0 0 0 0 -0 1.2725e-14 -49.342 0 -0 0 -0 0 180 0 -180
0 0 0 -0 0 180 0 -180 2.27737e-13 -81.8931 0 -180 0 -180 0 180 0 -0
0 -180 0 -180 0 0 0 180 2.37812e-14 -29.494 0 -0 0 0 0 0 0 -180
0 -0 0 -0 0 180 0 0 2.36861e-13 -83.319 0 -180 0 180 0 180 0 -0
0 -180 0 0 0 -180 0 -180 0.205873 0.293621 0 -180 0 -180 0 0 0 -180
0 -0 0 180 0 -0 0 -0 1.2061 -170.558 0 -0 0 -0 0 180 0 -0
inside=0 lambda=0.647 phi=15 theta=15
0 180 0 -180 0 -180 0 -0 0.168098 0.298723 0 0 0 180 0 -180 0 -180
0 0 0 0 0 -0 0 -180 1.16827 -170.493 0 180 0 0 0 0 0 -0
0 180 0 -0 0 0 0 -180 0.0101211 -179.719 0 0 0 -0 0 180 0 -180
0 0 0 -0 0 180 0 0 0.0101435 7.38848 0 180 0 -180 0 0 0 -0
0 -180 0 -180 0 0 0 -180 0.0101211 -179.719 0 180 0 0 0 0 0 -180
0 -0 0 -0 0 -180 0 -0 0.0101432 7.39305 0 0 0 180 0 180 0 -0
0 -180 0 0 0 180 0 -180 0.203161 0.293932 0 -180 0 -180 0 0 0 -180
0 0 0 180 0 0 0 -0 1.20339 -170.553 0 -0 0 -0 0 180 0 -0
inside=0 lambda=0.647 phi=15 theta=30
0 180 0 -180 0 -180 0 0 0.175508 0.297549 0 0 0 180 0 -180 0 -180
0 0 0 -0 0 -0 0 -180 1.17569 -170.506 0 180 0 0 0 0 0 -0
0 180 0 -0 0 0 0 -180 0.0175303 -179.719 0 0 0 -0 0 180 0 -180
0 0 0 -0 0 180 0 0 0.0175689 7.38969 0 180 0 -180 0 0 0 -0
0 -180 0 -180 0 -0 0 -180 0.0175303 -179.719 0 180 0 0 0 0 0 -180
0 0 0 -0 0 -180 0 -0 0.0175686 7.39232 0 0 0 180 0 180 0 -0
0 180 0 0 0 180 0 -180 0.195751 0.294813 0 -180 0 -180 0 0 0 -180
0 0 0 180 0 0 0 -0 1.19597 -170.541 0 -0 0 -0 0 180 0 -0
inside=0 lambda=0.647 phi=15 theta=45
0 180 0 -180 0 -180 0 0 0.185629 0.296109 0 0 0 180 0 -180 0 -180
0 0 0 -0 0 -0 0 -180 1.18583 -170.523 0 180 0 0 0 0 0 -0
0 180 0 -0 0 0 0 -180 0.0202422 -179.719 0 0 0 -0 0 180 0 -180
0 0 0 -0 0 180 0 -0 0.0202867 7.39112 0 180 0 -180 0 0 0 -0
0 180 0 -180 0 -0 0 -0 0.0202422 -179.719 0 180 0 0 0 0 0 -180
0 0 0 -0 0 -180 0 -0 0.0202867 7.39112 0 0 0 180 0 180 0 -0
0 180 0 0 0 180 0 -180 0.185629 0.296109 0 -180 0 -180 0 0 0 -180
0 0 0 -180 0 0 0 -0 1.18583 -170.523 0 0 0 -0 0 180 0 -0
inside=0 lambda=0.647 phi=20 theta=0
0 180 0 180 0 -180 0 -0 0.146792 0.13952 0 0 0 180 0 180 0 -180
0 0 0 0 0 -0 0 -180 1.14677 177.606 0 180 0 0 0 0 0 -0
0 180 0 -0 0 0 0 -0 2.18003e-15 -105.508 0 180 0 -0 0 180 0 -180
0 0 0 -180 0 180 0 -180 1.63628e-13 87.2219 0 0 0 -180 0 0 0 -0
0 -180 0 -180 0 0 0 180 9.61782e-15 -3.76668 0 -0 0 0 0 0 0 -180
0 -0 0 -0 0 180 0 0 2.30145e-13 92.3884 0 -180 0 180 0 180 0 -0
0 -180 0 0 0 -180 0 -180 0.224372 0.0106617 0 -180 0 -180 0 0 0 -180
0 -0 0 180 0 -0 0 -0 1.2244 177.485 0 -0 0 -0 0 180 0 -0
inside=0 lambda=0.647 phi=20 theta=15
0 180 0 -180 0 -180 0 -0 0.151989 0.126729 0 0 0 180 0 180 0 -180
0 0 0 0 0 -0 0 -180 1.15197 177.597 0 180 0 0 0 0 0 -0
0 180 0 -0 0 0 0 -180 0.0193948 179.781 0 0 0 -0 0 180 0 -180
0 0 0 -180 0 180 0 -0 0.0194187 -4.34223 0 180 0 -180 0 0 0 -0
0 -180 0 -180 0 -0 0 -180 0.0193948 179.779 0 180 0 0 0 0 0 -180
0 -0 0 -0 0 180 0 -180 0.0194175 -4.33329 0 0 0 180 0 180 0 -0
0 -180 0 0 0 180 0 -180 0.219175 0.0164871 0 -180 0 -180 0 0 0 -180
0 -0 0 180 0 0 0 -0 1.2192 177.493 0 -0 0 -0 0 180 0 -0
inside=0 lambda=0.647 phi=20 theta=30
0 180 0 -180 0 -180 0 -0 0.166187 0.0959652 0 0 0 180 0 180 0 -180
0 0 0 0 0 -0 0 -180 1.16618 177.574 0 180 0 0 0 0 0 -0
0 180 0 -0 0 0 0 -180 0.0335929 179.781 0 0 0 -0 0 180 0 -180
0 0 0 -180 0 180 0 -0 0.0336336 -4.3395 0 180 0 -180 0 0 0 -0
0 180 0 -180 0 -0 0 -180 0.033593 179.78 0 180 0 0 0 0 0 -180
0 0 0 -0 0 -180 0 -180 0.0336324 -4.33443 0 0 0 180 0 180 0 -0
0 180 0 0 0 180 0 -180 0.204977 0.0338238 0 -180 0 -180 0 0 0 -180
0 0 0 180 0 0 0 -0 1.20499 177.514 0 -0 0 -0 0 180 0 -0
inside=0 lambda=0.647 phi=20 theta=45
0 180 0 -180 0 -180 0 -0 0.185582 0.0616577 0 0 0 180 0 -180 0 -180
0 0 0 -0 0 -0 0 -180 1.18558 177.543 0 180 0 0 0 0 0 -0
0 180 0 -180 0 0 0 -180 0.0387899 179.78 0 0 0 -0 0 180 0 -180
0 0 0 -180 0 180 0 -0 0.038836 -4.33658 0 180 0 -180 0 0 0 -0
0 180 0 -180 0 -0 0 -180 0.0387899 179.78 0 180 0 0 0 0 0 -180
0 0 0 -0 0 -180 0 -180 0.038836 -4.33658 0 0 0 180 0 180 0 -0
0 180 0 -0 0 180 0 -180 0.185582 0.0616577 0 -180 0 -180 0 0 0 -180
0 0 0 -180 0 0 0 -0 1.18558 177.543 0 0 0 -0 0 180 0 -0
inside=0 lambda=0.647 phi=25 theta=0
0 180 0 180 0 -180 0 -0 0.11779 0.220416 0 0 0 180 0 180 0 -180
0 0 0 0 0 -0 0 -180 1.11759 161.72 0 180 0 0 0 0 0 -0
0 180 0 -0 0 0 0 -0 6.64151e-14 -107.88 0 180 0 -0 0 180 0 -180
0 0 0 -180 0 180 0 -180 7.5345e-13 72.1886 0 -0 0 -180 0 0 0 -0
0 -180 0 -180 0 0 0 180 8.88673e-14 -108.105 0 -0 0 0 0 0 0 -180
0 -0 0 -0 0 180 0 0 8.48943e-13 71.7551 0 -180 0 180 0 180 0 -0
0 -180 0 0 0 -180 0 -180 0.25178 -0.386685 0 -180 0 -180 0 0 0 -180
0 -0 0 180 0 -0 0 -0 1.25259 161.54 0 -0 0 -0 0 180 0 -0
inside=0 lambda=0.647 phi=25 theta=15
0 180 0 180 0 -180 0 -0 0.126764 0.139204 0 0 0 180 0 180 0 -180
0 0 0 0 0 -0 0 -180 1.12663 161.706 0 180 0 0 0 0 0 -0
0 180 0 -0 0 0 0 -180 0.033503 179.098 0 0 0 -0 0 180 0 -180
0 0 0 -180 0 180 0 -0 0.0337648 -20.0011 0 180 0 -180 0 0 0 -0
0 -180 0 -180 0 -0 0 -180 0.0335027 179.095 0 180 0 0 0 0 0 -180
0 -0 0 -0 0 180 0 -180 0.0337615 -19.9854 0 0 0 180 0 180 0 -0
0 180 0 0 0 180 0 -180 0.242805 -0.366821 0 -180 0 -180 0 0 0 -180
0 -0 0 180 0 -0 0 -0 1.24354 161.551 0 -0 0 -0 0 180 0 -0
inside=0 lambda=0.647 phi=25 theta=30
0 180 0 180 0 -180 0 -0 0.151285 -0.032782 0 0 0 180 0 180 0 -180
0 0 0 0 0 -0 0 180 1.15134 161.67 0 180 0 0 0 0 0 -0
0 180 0 -0 0 0 0 -180 0.0580299 179.098 0 0 0 -0 0 180 0 -180
0 0 0 -180 0 180 0 -0 0.0584803 -19.9954 0 180 0 -180 0 0 0 -0
0 180 0 -180 0 -0 0 -180 0.0580296 179.096 0 180 0 0 0 0 0 -180
0 -0 0 -0 0 -180 0 -180 0.0584774 -19.9868 0 0 0 180 0 180 0 -0
0 180 0 -0 0 180 0 -180 0.218283 -0.304538 0 -180 0 -180 0 0 0 -180
0 0 0 180 0 0 0 -0 1.21884 161.581 0 -0 0 -0 0 180 0 -0
inside=0 lambda=0.647 phi=25 theta=45
0 180 0 -180 0 -180 0 -0 0.184783 -0.193287 0 0 0 180 0 180 0 -180
0 0 0 -0 0 -0 0 180 1.18509 161.624 0 180 0 0 0 0 0 -0
0 180 0 -180 0 0 0 -180 0.0670074 179.097 0 0 0 -0 0 180 0 -180
0 0 0 -180 0 180 0 -0 0.0675253 -19.9901 0 180 0 -180 0 0 0 -0
0 180 0 -180 0 -0 0 -180 0.0670074 179.097 0 180 0 0 0 0 0 -180
0 0 0 -0 0 -180 0 -180 0.0675253 -19.9901 0 0 0 180 0 180 0 -0
0 180 0 -0 0 180 0 -180 0.184783 -0.193287 0 180 0 -180 0 0 0 -180
0 0 0 180 0 0 0 -0 1.18509 161.624 0 0 0 -0 0 180 0 -0
inside=0 lambda=0.647 phi=30 theta=0
0 180 0 180 0 -180 0.00258148 -112.846 0.0726686 1.63999 0 0 0 180 0 180 0 -180
0 0 0 0 0 -180 0 180 1.07072 141.097 0 0 0 0 0 0 0 -180
0 180 0 -0 0 0 7.83915e-15 -13.2471 1.69703e-14 49.5347 0 -0 0 -0 0 180 0 -180
0 0 0 -180 0 0 0 -0 4.16711e-14 -104.553 0 -0 0 -180 0 0 0 -180
0 -180 0 -180 0 0 4.96686e-14 41.8605 3.51169e-14 64.2939 0 -0 0 0 0 0 0 -180
0 -0 0 -0 0 180 0 0 1.20089e-13 -139.192 0 -180 0 180 0 180 0 -0
0 -180 0 0 0 -180 0.00897129 -132.34 0.292727 -0.76984 0 -180 0 -180 0 0 0 -180
0 -0 0 180 0 -0 0 -0 1.29735 140.837 0 -0 0 -0 0 180 0 -0
inside=0 lambda=0.647 phi=30 theta=15
0 180 0 180 0 -180 0 -0 0.0873965 1.08897 0 0 0 180 0 180 0 -180
0 0 0 0 0 -180 0 180 1.08591 141.075 0 0 0 0 0 0 0 -180
0 180 0 -0 0 0 0 -180 0.0550505 178.464 0 0 0 -0 0 180 0 -180
0 0 0 -180 0 0 0 -0 0.056676 -40.4533 0 0 0 -180 0 0 0 -180
0 180 0 -180 0 -0 0 -180 0.0550478 178.459 0 180 0 0 0 0 0 -180
0 -0 0 -0 0 180 0 -180 0.0566654 -40.4273 0 0 0 180 0 180 0 -0
0 180 0 -0 0 180 0 -180 0.277991 -0.726143 0 -180 0 -180 0 0 0 -180
0 -0 0 180 0 -0 0 -0 1.28217 140.85 0 -0 0 -0 0 180 0 -0
inside=0 lambda=0.647 phi=30 theta=30
0 180 0 180 0 -180 0 -0 0.12765 0.250882 0 0 0 180 0 180 0 -180
0 0 0 0 0 -180 0 180 1.12739 141.019 0 0 0 0 0 0 0 -180
0 180 0 -180 0 0 0 180 0.0953569 178.463 0 0 0 -0 0 180 0 -180
0 0 0 -180 0 0 0 -0 0.0981558 -40.4408 0 0 0 -180 0 0 0 -180
0 180 0 180 0 -0 0 -180 0.0953548 178.46 0 180 0 0 0 0 0 -180
0 -0 0 -0 0 180 0 -180 0.0981493 -40.4275 0 0 0 180 0 180 0 -180
0 180 0 -0 0 180 0 -180 0.23771 -0.585215 0 180 0 -180 0 0 0 -180
0 -0 0 180 0 -0 0 -0 1.24069 140.89 0 -0 0 -180 0 0 0 -180
inside=0 lambda=0.647 phi=30 theta=45
0 180 0 -180 0 -180 0 -0 0.182675 -0.29323 0 0 0 180 0 180 0 -180
0 0 0 -0 0 -180 0 180 1.18404 140.951 0 0 0 0 0 -0 0 -180
0 180 0 -180 0 0 0 180 0.11011 178.462 0 0 0 -0 0 180 0 -180
0 -0 0 -180 0 0 0 -0 0.113335 -40.432 0 0 0 -180 0 0 0 -180
0 180 0 180 0 -0 0 -180 0.11011 178.462 0 180 0 0 0 0 0 -180
0 -0 0 -0 0 -180 0 -180 0.113335 -40.432 0 0 0 0 0 0 0 -180
0 180 0 -0 0 180 0 -180 0.182675 -0.29323 0 180 0 -180 0 0 0 -180
0 0 0 180 0 0 0 -0 1.18404 140.951 0 -0 0 -180 0 0 0 -180
inside=0 lambda=0.647 phi=35 theta=0
0 180 0 180 0 -180 0.00860551 -112.618 0.00461664 109.483 0 0 0 180 0 180 0 -180
0 0 0 0 0 -180 0 180 0.98843 114.038 0 0 0 0 0 0 0 -180
0 180 0 -0 0 0 3.62821e-14 -29.6996 1.08503e-13 24.3742 0 -0 0 -0 0 180 0 -180
0 -0 0 -180 0 0 0 180 3.54175e-13 -147.398 0 180 0 180 0 0 0 -180
0 -180 0 -180 0 0 1.89602e-14 -92.3204 1.03518e-12 23.6009 0 180 0 0 0 0 0 -180
0 -0 0 -0 0 180 0 180 2.17575e-12 -156.712 0 0 0 180 0 180 0 -0
0 -180 0 0 0 -180 0.0112804 -114.642 0.35895 -0.713754 0 -180 0 -180 0 0 0 -180
0 -0 0 180 0 -0 0 -180 1.37529 113.576 0 -0 0 -0 0 180 0 -0
inside=0 lambda=0.647 phi=35 theta=15
0 180 0 180 0 -180 0.00636277 -116.758 0.0229057 9.3967 0 0 0 180 0 180 0 -180
0 0 0 0 0 -180 0 180 1.01436 113.994 0 0 0 -0 0 -0 0 -180
0 180 0 -0 0 0 0.000435395 73.0683 0.0901765 178.628 0 0 0 -0 0 180 0 -180
0 -0 0 -180 0 0 0 -0 0.0967532 -67.6619 0 0 0 180 0 0 0 -180
0 180 0 180 0 -0 0.00314611 -139.124 0.0901688 178.621 0 180 0 0 0 0 0 -180
0 -0 0 -0 0 180 0 -180 0.0967317 -67.6371 0 0 0 0 0 0 0 -180
0 180 0 -0 0 180 0.00986066 -122.407 0.334817 -0.662489 0 -180 0 -180 0 0 0 -180
0 -0 0 180 0 -0 0 -0 1.34937 113.596 0 -0 0 -180 0 0 0 -180
inside=0 lambda=0.647 phi=35 theta=30
0 180 0 180 0 -180 0 -0 0.0885802 1.35275 0 0 0 180 0 180 0 -180
0 -0 0 -0 0 -180 0 180 1.08519 113.885 0 0 0 -0 0 -0 0 -180
0 180 0 -180 0 0 0 180 0.156226 178.633 0 0 0 -0 0 180 0 -180
0 -0 0 -180 0 0 0 -0 0.167541 -67.6528 0 0 0 180 0 0 0 -180
0 180 0 180 0 -0 0 -180 0.156217 178.63 0 180 0 0 0 0 0 -180
0 -0 0 -0 0 180 0 -180 0.167526 -67.6343 0 0 0 0 0 0 0 -180
0 180 0 -0 0 180 0 -180 0.268848 -0.481599 0 180 0 -180 0 0 0 -180
0 -0 0 180 0 -0 0 -0 1.27859 113.659 0 -0 0 -180 0 0 0 -180
inside=0 lambda=0.647 phi=35 theta=45
0 180 0 180 0 -180 0 -0 0.178692 -0.0275048 0 0 0 180 0 180 0 -180
0 -0 0 -0 0 -180 0 180 1.18188 113.761 0 0 0 -0 0 -0 0 -180
0 180 0 -180 0 0 0 180 0.180403 178.631 0 0 0 -0 0 180 0 -180
0 -0 0 -180 0 0 0 -0 0.193446 -67.6392 0 0 0 180 0 0 0 -180
0 180 0 180 0 -0 0 -180 0.180403 178.631 0 180 0 0 0 0 0 -180
0 -0 0 -0 0 180 0 -180 0.193446 -67.6392 0 0 0 0 0 0 0 -180
0 180 0 -0 0 180 0 180 0.178692 -0.0275048 0 180 0 -180 0 0 0 -180
0 -0 0 180 0 -0 0 -0 1.18188 113.761 0 -0 0 -180 0 0 0 -180
inside=0 lambda=0.647 phi=40 theta=0
0 180 0 180 0 -180 0.0203707 -117.663 0.16113 -176.341 0 0 0 180 0 180 0 -180
0 -0 0 -0 0 180 0 180 0.806288 75.0325 0 -0 0 -0 0 -0 0 180
0 180 0 -0 0 0 5.03192e-14 165.158 9.68984e-14 -12.0225 0 180 0 -0 0 180 0 -180
0 -0 0 180 0 -0 0 -0 3.06909e-13 -177.09 0 0 0 180 0 -0 0 180
0 -180 0 -180 0 0 7.65596e-13 49.1147 1.45626e-12 -15.8836 0 -0 0 0 0 0 0 -180
0 -180 0 -180 0 0 0 -0 1.60647e-12 156.369 0 180 0 0 0 0 0 -180
0 -180 0 0 0 -180 0.0157579 -108.039 0.497407 0.802562 0 -180 0 -180 0 0 0 -180
0 -180 0 0 0 -180 0 -180 1.54611 73.7512 0 -180 0 -180 0 0 0 -180
inside=0 lambda=0.647 phi=40 theta=15
0 180 0 180 0 -180 0.0150457 -123.002 0.117185 -175.507 0 0 0 180 0 180 0 -180
0 -0 0 -0 0 180 0 180 0.855877 74.8684 0 -0 0 -0 0 -0 0 180
0 180 0 -0 0 0 0.00291196 58.9823 0.164699 -178.478 0 0 0 -0 0 180 0 -180
0 -0 0 180 0 -0 0 -0 0.185063 -107.691 0 -0 0 180 0 -0 0 180
0 180 0 180 0 -0 0.00635487 -138.92 0.164681 -178.484 0 180 0 0 0 0 0 -180
0 -0 0 -0 0 180 0 180 0.185029 -107.669 0 -0 0 0 0 0 0 -180
0 180 0 -0 0 180 0.0124509 -114.661 0.453382 0.733019 0 180 0 -180 0 0 0 -180
0 -0 0 180 0 -0 0 -180 1.49649 73.7916 0 -180 0 -180 0 0 0 -180
inside=0 lambda=0.647 phi=40 theta=30
0 180 0 180 0 -180 0.00443723 -136.73 0.00704477 -59.6574 0 0 0 180 0 180 0 -180
0 -0 0 -0 0 180 0 180 0.991273 74.5128 0 -0 0 -0 0 -0 0 180
0 180 0 -180 0 0 0.00115022 52.8546 0.285409 -178.477 0 0 0 -0 0 180 0 -180
0 -0 0 180 0 0 0 -0 0.320456 -107.684 0 0 0 180 0 -0 0 180
0 180 0 180 0 -0 0.00532312 -156.579 0.285384 -178.48 0 180 0 0 0 0 0 -180
0 -0 0 -0 0 180 0 180 0.3204 -107.667 0 -0 0 0 0 0 0 -180
0 180 0 -0 0 180 0.00776888 -142.922 0.332889 0.447326 0 180 0 -180 0 0 0 -180
0 -0 0 180 0 -0 0 -0 1.36105 73.9264 0 -0 0 -180 0 0 0 -180
inside=0 lambda=0.647 phi=40 theta=45
0 180 0 180 0 -180 0 -0 0.168188 -0.593966 0 0 0 180 0 180 0 -180
0 -0 0 -0 0 -180 0 180 1.17614 74.1683 0 0 0 -0 0 -0 0 180
0 180 0 -180 0 0 0 180 0.329623 -178.484 0 0 0 -0 0 180 0 -180
0 -0 0 180 0 0 0 -0 0.369961 -107.67 0 0 0 180 0 -0 0 180
0 180 0 180 0 -0 0 -180 0.329623 -178.484 0 180 0 0 0 0 0 -180
0 -0 0 -0 0 180 0 180 0.369961 -107.67 0 -0 0 0 0 0 0 180
0 180 0 -0 0 180 0 180 0.168188 -0.593966 0 180 0 -180 0 0 0 -180
0 -0 0 180 0 -0 0 -0 1.17614 74.1683 0 -0 0 -180 0 0 0 180
inside=0 lambda=0.647 phi=45 theta=0
0 0 0 0 0 -180 0.0431777 -163.482 0.998959 131.033 0 0 0 0 0 0 0 -180
0 -180 0 -180 0 0 0 0 0 0 0 -180 0 -180 0 -180 0 0
0 0 0 -180 0 0 8.0607e-14 121.861 4.17274e-14 -35.512 0 -180 0 -180 0 0 0 -180
0 -180 0 0 0 -180 0 -180 0 0 0 -180 0 0 0 -180 0 0
0 180 0 180 0 -0 2.96828e-12 -62.8224 8.95867e-12 140.797 0 0 0 -0 0 -0 0 180
0 180 0 180 0 -0 0 180 0 0 0 180 0 -0 0 -0 0 180
0 180 0 -0 0 180 0.0202915 -131.592 0.999815 -25.3138 0 180 0 180 0 -0 0 180
0 180 0 -0 0 180 0 180 0 -0 0 180 0 180 0 -0 0 180
inside=0 lambda=0.647 phi=45 theta=15
0 0 0 0 0 -180 0.0289873 -170.539 0.871469 129.241 0 0 0 0 0 0 0 -180
0 -180 0 -180 0 0 0 0 0 0 0 -180 0 -180 0 -180 0 0
0 0 0 -180 0 0 0.0114762 2.93186 0.489271 142.864 0 0 0 -180 0 0 0 -180
0 -180 0 0 0 -180 0 -180 0 180 0 -180 0 0 0 -180 0 0
0 180 0 180 0 -0 0.0114763 -176.09 0.489227 142.855 0 0 0 0 0 0 0 -180
0 -180 0 -180 0 0 0 180 0 180 0 -180 0 -0 0 -0 0 180
0 180 0 -0 0 180 0.013876 -129.779 0.871964 -23.5578 0 180 0 -180 0 0 0 -180
0 -180 0 0 0 -180 0 -180 0 -0 0 -180 0 180 0 -0 0 180
inside=0 lambda=0.647 phi=45 theta=30
0 0 0 0 0 -180 0.00911588 -176.898 0.530455 120.067 0 0 0 0 0 0 0 -180
0 -180 0 -180 0 0 0 0 0 0 0 -180 0 -180 0 -180 0 0
0 0 0 -180 0 0 0.00897796 -19.4145 0.847578 142.834 0 0 0 -180 0 0 0 -180
0 -180 0 0 0 -180 0 -180 0 180 0 -180 0 0 0 -180 0 0
0 180 0 180 0 -0 0.00907041 169.964 0.847515 142.831 0 0 0 0 0 0 0 -180
0 -180 0 -180 0 0 0 0 0 180 0 -180 0 -0 0 -0 0 0
0 0 0 -0 0 0 0.00665478 -125.313 0.530563 -14.4249 0 180 0 -180 0 0 0 -180
0 -180 0 0 0 -180 0 -180 0 -0 0 -180 0 180 0 -180 0 0
inside=0 lambda=0.647 phi=45 theta=45
0 0 0 0 0 -180 0 -180 0.205312 52.8195 0 0 0 0 0 0 0 -180
0 -180 0 -180 0 0 0 0 0 0 0 -180 0 -180 0 -180 0 0
0 0 0 -180 0 0 0 0 0.978697 142.82 0 0 0 -180 0 0 0 -180
0 -180 0 0 0 -180 0 -180 0 180 0 -180 0 0 0 -180 0 0
0 0 0 0 0 -180 0 -180 0.978697 142.82 0 0 0 0 0 0 0 -180
0 -180 0 -180 0 0 0 0 0 180 0 -180 0 -180 0 -180 0 0
0 0 0 -180 0 0 0 0 0.205312 52.8195 0 0 0 -180 0 0 0 -180
0 -180 0 0 0 -180 0 -180 0 0 0 -180 0 0 0 -180 0 0
inside=1 lambda=0.647 phi=0 theta=0
0 -180 0 -180 0 -180 0 0 0.185064 -131.803 0 0 0 -180 0 -180 0 -180
0 -0 0 -0 0 -0 0 180 0.814254 -155.622 0 180 0 -0 0 -0 0 -0
0 -180 0 180 0 0 0 -0 7.81236e-14 -34.6515 0 180 0 0 0 -0 0 -180
0 -0 0 180 0 180 0 -0 1.85701e-13 -71.883 0 -0 0 180 0 -180 0 -0
0 -180 0 -0 0 0 0 -0 1.11249e-13 -82.8687 0 180 0 0 0 180 0 -180
0 -0 0 180 0 180 0 -0 2.10185e-13 -48.7928 0 -0 0 180 0 180 0 -0
0 -180 0 0 0 -180 0 -180 0.185064 -131.803 0 -180 0 -180 0 0 0 -180
0 -0 0 180 0 -0 0 -0 0.814254 -155.622 0 -0 0 -0 0 180 0 -0
inside=1 lambda=0.647 phi=0 theta=15
0 -180 0 -180 0 -180 0 0 0.185064 -131.803 0 0 0 -180 0 -180 0 -180
0 -0 0 -0 0 -0 0 180 0.814254 -155.622 0 180 0 -0 0 -0 0 -0
0 -180 0 180 0 0 0 -0 7.81236e-14 -34.6515 0 180 0 0 0 -0 0 -180
0 -0 0 180 0 180 0 -0 1.85701e-13 -71.883 0 -0 0 180 0 -180 0 -0
0 -180 0 -0 0 0 0 -0 1.11249e-13 -82.8687 0 180 0 0 0 180 0 -180
0 -0 0 180 0 180 0 -0 2.10185e-13 -48.7928 0 -0 0 180 0 180 0 -0
0 -180 0 0 0 -180 0 -180 0.185064 -131.803 0 -180 0 -180 0 0 0 -180
0 -0 0 180 0 -0 0 -0 0.814254 -155.622 0 -0 0 -0 0 180 0 -0
inside=1 lambda=0.647 phi=0 theta=30
0 -180 0 -180 0 -180 0 0 0.185064 -131.803 0 0 0 -180 0 -180 0 -180
0 -0 0 -0 0 -0 0 180 0.814254 -155.622 0 180 0 -0 0 -0 0 -0
0 -180 0 180 0 0 0 -0 7.81236e-14 -34.6515 0 180 0 0 0 -0 0 -180
0 -0 0 180 0 180 0 -0 1.85701e-13 -71.883 0 -0 0 180 0 -180 0 -0
0 -180 0 -0 0 0 0 -0 1.11249e-13 -82.8687 0 180 0 0 0 180 0 -180
0 -0 0 180 0 180 0 -0 2.10185e-13 -48.7928 0 -0 0 180 0 180 0 -0
0 -180 0 0 0 -180 0 -180 0.185064 -131.803 0 -180 0 -180 0 0 0 -180
0 -0 0 180 0 -0 0 -0 0.814254 -155.622 0 -0 0 -0 0 180 0 -0
inside=1 lambda=0.647 phi=0 theta=45
0 -180 0 -180 0 -180 0 0 0.185064 -131.803 0 0 0 -180 0 -180 0 -180
0 -0 0 -0 0 -0 0 180 0.814254 -155.622 0 180 0 -0 0 -0 0 -0
0 -180 0 180 0 0 0 -0 7.81236e-14 -34.6515 0 180 0 0 0 -0 0 -180
0 -0 0 180 0 180 0 -0 1.85701e-13 -71.883 0 -0 0 180 0 -180 0 -0
0 -180 0 -0 0 0 0 -0 1.11249e-13 -82.8687 0 180 0 0 0 180 0 -180
0 -0 0 180 0 180 0 -0 2.10185e-13 -48.7928 0 -0 0 180 0 180 0 -0
0 -180 0 0 0 -180 0 -180 0.185064 -131.803 0 -180 0 -180 0 0 0 -180
0 -0 0 180 0 -0 0 -0 0.814254 -155.622 0 -0 0 -0 0 180 0 -0
inside=1 lambda=0.647 phi=5 theta=0
0 -180 0 -180 0 -180 0 0 0.184138 -133.325 0 0 0 -180 0 -180 0 -180
0 0 0 -0 0 -0 0 180 0.815221 -156.389 0 180 0 0 0 -0 0 -0
0 -180 0 -0 0 0 0 -0 6.21114e-14 -47.9902 0 -0 0 0 0 180 0 -180
0 0 0 -0 0 180 0 -0 1.16296e-13 -65.5585 0 -0 0 -180 0 180 0 -0
0 -180 0 -180 0 0 0 180 6.95521e-14 -49.3936 0 -0 0 0 0 0 0 -180
0 -0 0 -0 0 180 0 180 1.05543e-13 -66.7509 0 -0 0 180 0 180 0 -0
0 -180 0 0 0 -180 0 -180 0.186077 -133.334 0 -180 0 -180 0 0 0 -180
0 -0 0 180 0 -0 0 -0 0.813274 -156.392 0 -0 0 -0 0 180 0 -0
inside=1 lambda=0.647 phi=5 theta=15
0 -180 0 -180 0 -180 0 0 0.184268 -133.325 0 0 0 -180 0 -180 0 -180
0 0 0 -0 0 -0 0 180 0.815091 -156.389 0 180 0 0 0 -0 0 -0
0 -180 0 -0 0 0 0 -180 0.000484649 45.7401 0 0 0 0 0 180 0 -180
0 0 0 -0 0 180 0 -0 0.000486862 -154.81 0 180 0 -180 0 180 0 -0
0 -180 0 -180 0 0 0 -0 0.00048465 45.7402 0 180 0 0 0 0 0 -180
0 0 0 -0 0 -180 0 -0 0.000486861 -154.81 0 180 0 180 0 180 0 -0
0 -180 0 0 0 -180 0 -180 0.185947 -133.334 0 -180 0 -180 0 0 0 -180
0 0 0 180 0 0 0 -0 0.813405 -156.392 0 -0 0 -0 0 180 0 -0
inside=1 lambda=0.647 phi=5 theta=30
0 -180 0 -180 0 -180 0 0 0.184623 -133.327 0 0 0 -180 0 -180 0 -180
0 0 0 -0 0 -0 0 180 0.814734 -156.39 0 180 0 0 0 -0 0 -0
0 -180 0 -0 0 0 0 -180 0.000839438 45.7401 0 0 0 0 0 180 0 -180
0 0 0 -0 0 180 0 -0 0.000843269 -154.81 0 180 0 -180 0 180 0 -0
0 -180 0 -180 0 0 0 -0 0.000839438 45.7402 0 180 0 0 0 0 0 -180
0 0 0 -0 0 -180 0 -0 0.000843269 -154.81 0 180 0 180 0 180 0 -0
0 -180 0 0 0 -180 0 -180 0.185592 -133.332 0 -180 0 -180 0 0 0 -180
0 0 0 180 0 0 0 -0 0.813761 -156.391 0 -0 0 -0 0 180 0 -0
inside=1 lambda=0.647 phi=5 theta=45
0 -180 0 -180 0 -180 0 0 0.185108 -133.329 0 0 0 -180 0 -180 0 -180
0 0 0 -0 0 -0 0 180 0.814248 -156.39 0 180 0 0 0 -0 0 -0
0 -180 0 -0 0 0 0 -180 0.000969299 45.7402 0 0 0 0 0 180 0 -180
0 0 0 -0 0 180 0 -0 0.000973723 -154.81 0 180 0 -180 0 180 0 -0
0 -180 0 -180 0 0 0 -0 0.000969299 45.7402 0 180 0 0 0 0 0 -180
0 0 0 -0 0 -180 0 -0 0.000973723 -154.81 0 180 0 180 0 180 0 -0
0 -180 0 0 0 -180 0 -180 0.185108 -133.329 0 -180 0 -180 0 0 0 -180
0 0 0 180 0 0 0 -0 0.814248 -156.39 0 -0 0 -0 0 180 0 -0
inside=1 lambda=0.647 phi=10 theta=0
0 180 0 -180 0 -180 0 0 0.181314 -137.876 0 0 0 180 0 -180 0 -180
0 0 0 -0 0 -0 0 -180 0.818161 -158.684 0 180 0 0 0 -0 0 -0
0 180 0 -0 0 0 0 -0 6.62482e-14 -48.6216 0 180 0 -0 0 180 0 -180
0 0 0 -0 0 180 0 -0 1.19813e-13 -66.0071 0 0 0 -180 0 180 0 -0
0 -180 0 -180 0 0 0 -0 1.85596e-14 -38.6759 0 -0 0 0 0 0 0 -180
0 -0 0 -0 0 180 0 -180 3.75842e-14 -61.0535 0 -180 0 180 0 180 0 -0
0 -180 0 0 0 -180 0 -180 0.189147 -137.913 0 -180 0 -180 0 0 0 -180
0 -0 0 180 0 -0 0 -0 0.8103 -158.698 0 -0 0 -0 0 180 0 -0
inside=1 lambda=0.647 phi=10 theta=15
0 180 0 -180 0 -180 0 0 0.181838 -137.878 0 0 0 180 0 -180 0 -180
0 0 0 -0 0 -0 0 -180 0.817635 -158.685 0 180 0 0 0 -0 0 -0
0 180 0 -0 0 0 0 -180 0.00195852 41.2137 0 0 0 -0 0 180 0 -180
0 0 0 -0 0 180 0 -0 0.00196595 -157.132 0 180 0 -180 0 180 0 -0
0 -180 0 -180 0 0 0 -0 0.00195852 41.2142 0 180 0 0 0 0 0 -180
0 0 0 -0 0 -180 0 -0 0.00196595 -157.132 0 180 0 180 0 180 0 -0
0 -180 0 0 0 -180 0 -180 0.188623 -137.91 0 -180 0 -180 0 0 0 -180
0 0 0 180 0 0 0 -0 0.810827 -158.697 0 -0 0 -0 0 180 0 -0
inside=1 lambda=0.647 phi=10 theta=30
0 180 0 -180 0 -180 0 0 0.183272 -137.885 0 0 0 180 0 -180 0 -180
0 0 0 -0 0 -0 0 -180 0.816196 -158.687 0 180 0 0 0 -0 0 -0
0 180 0 -0 0 0 0 -180 0.00339226 41.2138 0 0 0 -0 0 180 0 -180
0 0 0 -0 0 180 0 -0 0.00340513 -157.132 0 180 0 -180 0 180 0 -0
0 -180 0 -180 0 0 0 -0 0.00339226 41.2141 0 180 0 0 0 0 0 -180
0 0 0 -0 0 -180 0 -0 0.00340512 -157.132 0 180 0 180 0 180 0 -0
0 -180 0 0 0 180 0 -180 0.187189 -137.904 0 -180 0 -180 0 0 0 -180
0 0 0 180 0 0 0 -0 0.812266 -158.695 0 -0 0 -0 0 180 0 -0
inside=1 lambda=0.647 phi=10 theta=45
0 180 0 -180 0 -180 0 0 0.185231 -137.895 0 0 0 180 0 -180 0 -180
0 0 0 -0 0 -0 0 180 0.814231 -158.691 0 180 0 0 0 -0 0 -0
0 -180 0 -0 0 0 0 -180 0.00391705 41.214 0 0 0 -0 0 180 0 -180
0 0 0 -0 0 180 0 -0 0.0039319 -157.132 0 180 0 -180 0 180 0 -0
0 -180 0 -180 0 -0 0 -0 0.00391705 41.214 0 180 0 0 0 0 0 -180
0 0 0 -0 0 -180 0 -0 0.0039319 -157.132 0 180 0 180 0 180 0 -0
0 180 0 0 0 180 0 -180 0.185231 -137.895 0 -180 0 -180 0 0 0 -180
0 0 0 180 0 0 0 -0 0.814231 -158.691 0 -0 0 -0 0 180 0 -0
inside=1 lambda=0.647 phi=15 theta=0
0 180 0 -180 0 -180 0 0 0.17644 -145.418 0 0 0 180 0 -180 0 -180
0 0 0 -0 0 -0 0 -180 0.823199 -162.488 0 180 0 0 0 -0 0 -0
0 180 0 -0 0 0 0 -0 2.21772e-13 -58.0219 0 180 0 -0 0 180 0 -180
0 0 0 -0 0 180 0 -180 3.99768e-13 -71.8484 0 0 0 -180 0 180 0 -0
0 -180 0 -180 0 0 0 -0 1.98145e-13 -57.6761 0 180 0 0 0 0 0 -180
0 -0 0 -0 0 180 0 -180 3.59131e-13 -72.1006 0 0 0 180 0 180 0 -0
0 -180 0 0 0 -180 0 -180 0.194367 -145.496 0 -180 0 -180 0 0 0 -180
0 -0 0 180 0 -0 0 -0 0.80523 -162.521 0 -0 0 -0 0 180 0 -0
inside=1 lambda=0.647 phi=15 theta=15
0 180 0 -180 0 -180 0 0 0.177641 -145.424 0 0 0 180 0 -180 0 -180
0 0 0 -0 0 -0 0 -180 0.821995 -162.491 0 180 0 0 0 -0 0 -0
0 180 0 -0 0 0 0 -180 0.00448181 33.7224 0 0 0 -0 0 180 0 -180
0 0 0 -0 0 180 0 -0 0.00449379 -160.983 0 180 0 -180 0 180 0 -0
0 -180 0 -180 0 0 0 -0 0.00448183 33.7236 0 180 0 0 0 0 0 -180
0 -0 0 -0 0 -180 0 -0 0.00449375 -160.984 0 180 0 180 0 180 0 -0
0 -180 0 0 0 -180 0 -180 0.193166 -145.491 0 -180 0 -180 0 0 0 -180
0 0 0 180 0 0 0 -0 0.806434 -162.519 0 -0 0 -0 0 180 0 -0
inside=1 lambda=0.647 phi=15 theta=30
0 180 0 -180 0 -180 0 0 0.180922 -145.439 0 0 0 180 0 -180 0 -180
0 0 0 -0 0 -0 0 -180 0.818707 -162.497 0 180 0 0 0 -0 0 -0
0 180 0 -0 0 0 0 -180 0.00776273 33.7227 0 0 0 -0 0 180 0 -180
0 0 0 -0 0 180 0 -0 0.00778346 -160.983 0 180 0 -180 0 180 0 -0
0 -180 0 -180 0 -0 0 -0 0.00776275 33.7234 0 180 0 0 0 0 0 -180
0 0 0 -0 0 -180 0 -0 0.00778342 -160.984 0 180 0 180 0 180 0 -0
0 180 0 0 0 180 0 -180 0.189885 -145.478 0 -180 0 -180 0 0 0 -180
0 0 0 180 0 0 0 -0 0.809722 -162.513 0 -0 0 -0 0 180 0 -0
inside=1 lambda=0.647 phi=15 theta=45
0 180 0 -180 0 -180 0 0 0.185404 -145.459 0 0 0 180 0 -180 0 -180
0 0 0 -0 0 -0 0 -180 0.814215 -162.505 0 180 0 0 0 -0 0 -0
0 180 0 -0 0 0 0 -180 0.00896364 33.723 0 0 0 -0 0 180 0 -180
0 0 0 -0 0 180 0 -0 0.00898754 -160.984 0 180 0 -180 0 180 0 -0
0 180 0 -180 0 -0 0 -0 0.00896364 33.723 0 180 0 0 0 0 0 -180
0 0 0 -0 0 -180 0 -0 0.00898754 -160.984 0 180 0 180 0 180 0 -0
0 180 0 0 0 180 0 -180 0.185404 -145.459 0 -180 0 -180 0 0 0 -180
0 0 0 -180 0 0 0 -0 0.814215 -162.505 0 -0 0 -0 0 180 0 -0
inside=1 lambda=0.647 phi=20 theta=0
0 180 0 -180 0 -180 0 -0 0.169263 -155.892 0 0 0 180 0 -180 0 -180
0 0 0 -0 0 -0 0 -180 0.830549 -167.773 0 180 0 0 0 -0 0 -0
0 180 0 -0 0 0 0 180 1.71035e-13 -67.5241 0 -0 0 -0 0 180 0 -180
0 0 0 -0 0 180 0 0 3.20689e-13 -77.2848 0 -180 0 -180 0 180 0 -0
0 -180 0 -180 0 0 0 -0 1.74197e-13 -66.9883 0 180 0 0 0 0 0 -180
0 -0 0 -0 0 180 0 -180 3.39441e-13 -77.7197 0 0 0 180 0 180 0 -0
0 -180 0 0 0 -180 0 -180 0.201886 -156.013 0 -180 0 -180 0 0 0 -180
0 -0 0 180 0 -0 0 -0 0.797888 -167.831 0 -0 0 -0 0 180 0 -0
inside=1 lambda=0.647 phi=20 theta=15
0 180 0 -180 0 -180 0 -0 0.171449 -155.902 0 0 0 180 0 -180 0 -180
0 0 0 -0 0 -0 0 -180 0.828361 -167.777 0 180 0 0 0 -0 0 -0
0 180 0 -0 0 0 0 -180 0.00815588 23.3411 0 0 0 -0 0 180 0 -180
0 0 0 -0 0 180 0 -0 0.00816788 -166.336 0 180 0 -180 0 180 0 -0
0 -180 0 -180 0 0 0 -0 0.00815593 23.3435 0 180 0 0 0 0 0 -180
0 -0 0 -0 0 -180 0 -0 0.00816775 -166.338 0 180 0 180 0 180 0 -0
0 -180 0 0 0 180 0 -180 0.199701 -156.006 0 -180 0 -180 0 0 0 -180
0 0 0 180 0 0 0 -0 0.800075 -167.827 0 -0 0 -0 0 180 0 -0
inside=1 lambda=0.647 phi=20 theta=30
0 180 0 -180 0 -180 0 -0 0.177419 -155.927 0 0 0 180 0 -180 0 -180
0 0 0 -0 0 -0 0 -180 0.822383 -167.787 0 180 0 0 0 -0 0 -0
0 180 0 -0 0 0 0 -180 0.0141264 23.3416 0 0 0 -0 0 180 0 -180
0 0 0 -0 0 180 0 -0 0.0141471 -166.337 0 180 0 -180 0 180 0 -0
0 180 0 -180 0 -0 0 -0 0.0141265 23.343 0 180 0 0 0 0 0 -180
0 0 0 -0 0 -180 0 -0 0.014147 -166.338 0 180 0 180 0 180 0 -0
0 180 0 0 0 180 0 -180 0.193731 -155.986 0 -180 0 -180 0 0 0 -180
0 0 0 180 0 0 0 -0 0.806053 -167.816 0 -0 0 -0 0 180 0 -0
inside=1 lambda=0.647 phi=20 theta=45
0 180 0 -180 0 -180 0 0 0.185575 -155.958 0 0 0 180 0 -180 0 -180
0 0 0 -0 0 -0 0 -180 0.814218 -167.801 0 180 0 0 0 -0 0 -0
0 180 0 -0 0 0 0 -180 0.0163118 23.3423 0 0 0 -0 0 180 0 -180
0 0 0 -0 0 180 0 -0 0.0163356 -166.337 0 180 0 -180 0 180 0 -0
0 180 0 -180 0 -0 0 -0 0.0163118 23.3423 0 180 0 0 0 0 0 -180
0 0 0 -0 0 -180 0 -0 0.0163356 -166.337 0 180 0 180 0 180 0 -0
0 180 0 0 0 180 0 -180 0.185575 -155.958 0 -180 0 -180 0 0 0 -180
0 0 0 -180 0 0 0 -0 0.814218 -167.801 0 -0 0 -0 0 180 0 -0
inside=1 lambda=0.647 phi=25 theta=0
0 180 0 180 0 -180 0 -0 0.159419 -169.226 0 0 0 180 0 180 0 -180
0 0 0 -0 0 -0 0 -180 0.840528 -174.496 0 180 0 0 0 -0 0 -0
0 180 0 -0 0 0 0 180 6.8693e-14 101.939 0 180 0 -0 0 180 0 -180
0 0 0 -0 0 180 0 0 1.32207e-13 94.4854 0 0 0 -180 0 180 0 -0
0 -180 0 -180 0 0 0 -0 6.58316e-14 99.4462 0 -0 0 0 0 0 0 -180
0 -0 0 -0 0 180 0 -180 1.44225e-13 95.1404 0 -180 0 180 0 180 0 -0
0 -180 0 0 0 -180 0 -180 0.211913 -169.37 0 -180 0 -180 0 0 0 -180
0 -0 0 180 0 -0 0 -0 0.788017 -174.583 0 -0 0 -0 0 180 0 -0
inside=1 lambda=0.647 phi=25 theta=15
0 180 0 180 0 -180 0 -0 0.162935 -169.239 0 0 0 180 0 180 0 -180
0 0 0 -0 0 -0 0 -180 0.83701 -174.501 0 180 0 0 0 -0 0 -0
0 180 0 -0 0 0 0 -180 0.0131235 10.1665 0 0 0 -0 0 180 0 -180
0 0 0 -0 0 180 0 -0 0.0131317 -173.151 0 180 0 -180 0 180 0 -0
0 -180 0 -180 0 0 0 -0 0.0131236 10.1706 0 180 0 0 0 0 0 -180
0 -0 0 -0 0 -180 0 -0 0.0131314 -173.153 0 180 0 180 0 180 0 -0
0 -180 0 0 0 180 0 -180 0.208397 -169.363 0 -180 0 -180 0 0 0 -180
0 0 0 180 0 0 0 -0 0.791534 -174.577 0 -0 0 -0 0 180 0 -0
inside=1 lambda=0.647 phi=25 theta=30
0 180 0 -180 0 -180 0 -0 0.172543 -169.271 0 0 0 180 0 180 0 -180
0 0 0 -0 0 -0 0 -180 0.8274 -174.517 0 180 0 0 0 -0 0 -0
0 180 0 -0 0 0 0 -180 0.0227307 10.1674 0 0 0 -0 0 180 0 -180
0 0 0 -0 0 180 0 -0 0.0227447 -173.152 0 180 0 -180 0 180 0 -0
0 180 0 -180 0 -0 0 -0 0.0227308 10.1697 0 180 0 0 0 0 0 -180
0 0 0 -0 0 -180 0 -0 0.0227444 -173.153 0 180 0 180 0 180 0 -0
0 180 0 0 0 180 0 -180 0.19879 -169.341 0 -180 0 -180 0 0 0 -180
0 0 0 180 0 0 0 -0 0.801144 -174.561 0 -0 0 -0 0 180 0 -0
inside=1 lambda=0.647 phi=25 theta=45
0 180 0 -180 0 -180 0 -0 0.185666 -169.309 0 0 0 180 0 -180 0 -180
0 0 0 -0 0 -0 0 -180 0.814272 -174.538 0 180 0 0 0 -0 0 -0
0 180 0 -0 0 0 0 -180 0.0262473 10.1686 0 0 0 -0 0 180 0 -180
0 0 0 -0 0 180 0 -0 0.0262631 -173.152 0 180 0 -180 0 180 0 -0
0 180 0 -180 0 -0 0 -0 0.0262473 10.1686 0 180 0 0 0 0 0 -180
0 0 0 -0 0 -180 0 -0 0.0262631 -173.152 0 180 0 180 0 180 0 -0
0 180 0 -0 0 180 0 -180 0.185666 -169.309 0 -180 0 -180 0 0 0 -180
0 0 0 -180 0 0 0 -0 0.814272 -174.538 0 -0 0 -0 0 180 0 -0
inside=1 lambda=0.647 phi=30 theta=0
0 180 0 180 0 -180 0 -0 0.146441 174.655 0 0 0 180 0 180 0 -180
0 0 0 0 0 -0 0 -180 0.853578 177.396 0 180 0 0 0 0 0 -0
0 180 0 -0 0 0 0 -0 6.07442e-14 81.6865 0 -0 0 -0 0 180 0 -180
0 0 0 -180 0 180 0 -180 1.29231e-13 88.0765 0 -0 0 -180 0 0 0 -0
0 -180 0 -180 0 0 0 180 5.71039e-14 83.0298 0 180 0 0 0 0 0 -180
0 -0 0 -0 0 180 0 0 1.24902e-13 89.4164 0 0 0 180 0 180 0 -0
0 -180 0 0 0 -180 0 -180 0.224712 174.545 0 -180 0 -180 0 0 0 -180
0 -0 0 180 0 -0 0 -0 0.77527 177.275 0 -0 0 -0 0 180 0 -0
inside=1 lambda=0.647 phi=30 theta=15
0 180 0 180 0 -180 0 -0 0.151684 174.644 0 0 0 180 0 180 0 -180
0 0 0 -0 0 -0 0 -180 0.848332 177.389 0 180 0 0 0 0 0 -0
0 180 0 -0 0 0 0 180 0.0195677 -5.69211 0 0 0 -0 0 180 0 -180
0 0 0 -180 0 180 0 -0 0.0195822 178.629 0 180 0 -180 0 0 0 -0
0 -180 0 -180 0 0 0 -0 0.0195677 -5.68557 0 180 0 0 0 0 0 -180
0 -0 0 -0 0 180 0 -180 0.0195815 178.625 0 0 0 180 0 180 0 -0
0 -180 0 0 0 180 0 -180 0.219469 174.549 0 -180 0 -180 0 0 0 -180
0 -0 0 180 0 0 0 -0 0.780515 177.284 0 -0 0 -0 0 180 0 -0
inside=1 lambda=0.647 phi=30 theta=30
0 180 0 180 0 -180 0 -0 0.166009 174.617 0 0 0 180 0 180 0 -180
0 0 0 -0 0 -0 0 -180 0.834 177.368 0 180 0 0 0 -0 0 -0
0 180 0 -0 0 0 0 -180 0.0338924 -5.69073 0 0 0 -0 0 180 0 -180
0 0 0 -180 0 180 0 -0 0.0339171 178.628 0 180 0 -180 0 0 0 -0
0 180 0 -180 0 -0 0 -0 0.0338925 -5.68703 0 180 0 0 0 0 0 -180
0 0 0 -0 0 -180 0 -180 0.0339164 178.626 0 0 0 180 0 180 0 -0
0 180 0 0 0 180 0 -180 0.205145 174.563 0 -180 0 -180 0 0 0 -180
0 0 0 180 0 0 0 -0 0.794846 177.307 0 -0 0 -0 0 180 0 -0
inside=1 lambda=0.647 phi=30 theta=45
0 180 0 -180 0 -180 0 -0 0.185577 174.587 0 0 0 180 0 180 0 -180
0 0 0 -0 0 -0 0 -180 0.814423 177.338 0 180 0 0 0 -0 0 -0
0 180 0 -0 0 0 0 -180 0.0391357 -5.6889 0 0 0 -0 0 180 0 -180
0 0 0 -180 0 180 0 -0 0.0391637 178.626 0 180 0 -180 0 0 0 -0
0 180 0 -180 0 -0 0 -0 0.0391357 -5.6889 0 180 0 0 0 0 0 -180
0 0 0 -0 0 -180 0 -180 0.0391637 178.626 0 0 0 180 0 180 0 -0
0 180 0 -0 0 180 0 -180 0.185577 174.587 0 180 0 -180 0 0 0 -180
0 0 0 -180 0 0 0 -0 0.814423 177.338 0 -0 0 -0 0 180 0 -0
inside=1 lambda=0.647 phi=35 theta=0
0 180 0 180 0 -180 0 -0 0.129781 155.808 0 0 0 180 0 180 0 -180
0 0 0 0 0 -0 0 -180 0.870289 167.968 0 180 0 0 0 0 0 -0
0 180 0 -0 0 0 0 -0 1.30446e-13 61.1176 0 -0 0 -0 0 180 0 -180
0 0 0 -180 0 180 0 -0 3.11535e-13 78.4073 0 -180 0 -180 0 0 0 -0
0 -180 0 -180 0 0 0 180 1.31161e-13 63.9251 0 -0 0 0 0 0 0 -180
0 -0 0 -0 0 180 0 0 3.7729e-13 78.9052 0 -0 0 180 0 180 0 -0
0 -180 0 0 0 -180 0 -180 0.240609 155.855 0 -180 0 -180 0 0 0 -180
0 -0 0 180 0 -0 0 -0 0.759195 167.811 0 -0 0 -0 0 180 0 -0
inside=1 lambda=0.647 phi=35 theta=15
0 180 0 180 0 -180 0 -0 0.137205 155.813 0 0 0 180 0 180 0 -180
0 0 0 -0 0 -0 0 -180 0.862847 167.959 0 180 0 0 0 0 0 -0
0 180 0 -0 0 0 0 180 0.027708 -24.1237 0 0 0 -0 0 180 0 -180
0 0 0 -180 0 180 0 -0 0.0277805 169.076 0 180 0 -180 0 0 0 -0
0 -180 0 -180 0 0 0 -0 0.0277078 -24.1139 0 0 0 0 0 0 0 -180
0 -0 0 -0 0 180 0 -180 0.0277789 169.071 0 0 0 180 0 180 0 -0
0 -180 0 0 0 180 0 -180 0.233185 155.853 0 -180 0 -180 0 0 0 -180
0 -0 0 180 0 0 0 -0 0.766636 167.823 0 -0 0 -0 0 180 0 -0
inside=1 lambda=0.647 phi=35 theta=30
0 180 0 180 0 -180 0 -0 0.157488 155.824 0 0 0 180 0 180 0 -180
0 0 0 -0 0 -0 0 -180 0.842515 167.933 0 180 0 0 0 0 0 -0
0 180 0 -0 0 0 0 180 0.0479921 -24.1216 0 0 0 -0 0 180 0 -180
0 0 0 -180 0 180 0 -0 0.0481165 169.073 0 180 0 -180 0 0 0 -0
0 180 0 -180 0 -0 0 -0 0.0479919 -24.1162 0 180 0 0 0 0 0 -180
0 -0 0 -0 0 -180 0 -180 0.0481151 169.07 0 0 0 180 0 180 0 -0
0 180 0 0 0 180 0 -180 0.212903 155.846 0 -180 0 -180 0 0 0 -180
0 0 0 180 0 0 0 -0 0.786967 167.854 0 -0 0 -0 0 180 0 -0
inside=1 lambda=0.647 phi=35 theta=45
0 180 0 -180 0 -180 0 -0 0.185195 155.837 0 0 0 180 0 180 0 -180
0 0 0 -0 0 -0 0 -180 0.814741 167.895 0 180 0 0 0 -0 0 -0
0 180 0 -0 0 0 0 -180 0.0554168 -24.1189 0 0 0 -0 0 180 0 -180
0 0 0 -180 0 180 0 -0 0.0555593 169.071 0 180 0 -180 0 0 0 -0
0 180 0 -180 0 -0 0 -0 0.0554168 -24.1189 0 180 0 0 0 0 0 -180
0 0 0 -0 0 -180 0 -180 0.0555593 169.071 0 0 0 180 0 180 0 -0
0 180 0 -0 0 180 0 -180 0.185195 155.837 0 180 0 -180 0 0 0 -180
0 0 0 -180 0 0 0 -0 0.814741 167.895 0 -0 0 -0 0 180 0 -0
inside=1 lambda=0.647 phi=40 theta=0
0 180 0 180 0 -180 0 -0 0.108838 134.242 0 0 0 180 0 180 0 -180
0 0 0 0 0 -180 0 -180 0.891451 157.297 0 0 0 0 0 0 0 -180
0 180 0 -0 0 0 0 -0 4.31049e-14 -149.139 0 -0 0 -0 0 180 0 -180
0 0 0 -180 0 0 0 -180 1.30848e-13 -112.483 0 -180 0 -180 0 0 0 -180
0 -180 0 -180 0 0 0 -0 3.90617e-14 -147.267 0 180 0 0 0 0 0 -180
0 -0 0 -0 0 180 0 -180 1.40235e-13 -110.528 0 0 0 180 0 180 0 -0
0 -180 0 0 0 -180 0 -180 0.260013 134.691 0 -180 0 -180 0 0 0 -180
0 -0 0 180 0 -0 0 -0 0.739213 157.101 0 -0 0 -0 0 180 0 -0
inside=1 lambda=0.647 phi=40 theta=15
0 180 0 180 0 -180 0 -0 0.118963 134.307 0 0 0 180 0 180 0 -180
0 0 0 -0 0 -180 0 -180 0.881253 157.286 0 0 0 0 0 0 0 -180
0 180 0 -0 0 0 0 180 0.0377996 -45.0262 0 0 0 -0 0 180 0 -180
0 0 0 -180 0 0 0 -0 0.0380687 158.281 0 0 0 -180 0 0 0 -180
0 -180 0 -180 0 0 0 -0 0.0377983 -45.0121 0 0 0 0 0 0 0 -180
0 -0 0 -0 0 180 0 -180 0.0380656 158.274 0 0 0 180 0 180 0 -0
0 -180 0 0 0 180 0 -180 0.249887 134.676 0 -180 0 -180 0 0 0 -180
0 -0 0 180 0 0 0 -0 0.74941 157.117 0 -0 0 -0 0 180 0 -0
inside=1 lambda=0.647 phi=40 theta=30
0 180 0 180 0 -180 0 -0 0.146629 134.438 0 0 0 180 0 180 0 -180
0 0 0 -0 0 -180 0 -180 0.85339 157.254 0 0 0 0 0 0 0 -180
0 180 0 -0 0 0 0 180 0.0654721 -45.0232 0 0 0 -0 0 180 0 -180
0 0 0 -180 0 0 0 -0 0.0659355 158.277 0 0 0 -180 0 0 0 -0
0 180 0 -180 0 -0 0 -0 0.0654709 -45.0155 0 0 0 0 0 0 0 -180
0 -0 0 -0 0 -180 0 -180 0.0659329 158.273 0 0 0 180 0 180 0 -0
0 180 0 -0 0 180 0 -180 0.222221 134.633 0 -180 0 -180 0 0 0 -180
0 0 0 180 0 0 0 -0 0.777271 157.157 0 -0 0 -0 0 180 0 -0
inside=1 lambda=0.647 phi=40 theta=45
0 180 0 180 0 -180 0 -0 0.184425 134.554 0 0 0 180 0 180 0 -180
0 0 0 -0 0 -180 0 -180 0.81533 157.208 0 180 0 0 0 -0 0 -180
0 180 0 -0 0 0 0 180 0.0756008 -45.0195 0 0 0 -0 0 180 0 -180
0 0 0 -180 0 180 0 -0 0.0761342 158.274 0 180 0 -180 0 0 0 -0
0 180 0 180 0 -0 0 -0 0.0756008 -45.0195 0 180 0 0 0 0 0 -180
0 0 0 -0 0 -180 0 -180 0.0761342 158.274 0 0 0 180 0 180 0 -0
0 180 0 -0 0 180 0 180 0.184425 134.554 0 180 0 -180 0 0 0 -180
0 0 0 -180 0 0 0 -0 0.81533 157.208 0 -0 0 -180 0 180 0 -180
inside=1 lambda=0.647 phi=45 theta=0
0 180 0 180 0 -180 0 -0 0.0829873 109.836 0 0 0 180 0 180 0 -180
0 0 0 0 0 -180 0.00106731 92.0217 0.918129 145.475 0 0 0 0 0 0 0 -180
0 180 0 -0 0 0 0 -0 4.75367e-14 -13.1296 0 180 0 -0 0 180 0 -180
0 0 0 -180 0 0 3.32231e-15 -79.5929 1.44016e-13 56.2064 0 0 0 -180 0 0 0 -180
0 -180 0 -180 0 0 0 -0 1.16742e-13 -22.3216 0 -180 0 0 0 0 0 -180
0 -0 0 -0 0 180 2.42271e-15 143.524 4.69407e-13 53.2794 0 -180 0 180 0 180 0 -0
0 -180 0 0 0 -180 0 -180 0.28346 111.176 0 -180 0 -180 0 0 0 -180
0 -0 0 180 0 -0 0.00616048 -75.3457 0.714591 145.233 0 -0 0 -0 0 180 0 -0
inside=1 lambda=0.647 phi=45 theta=15
0 180 0 180 0 -180 0 -0 0.0964006 110.097 0 0 0 180 0 180 0 -180
0 0 0 -0 0 -180 0 -180 0.9045 145.461 0 0 0 0 0 0 0 -180
0 180 0 -0 0 0 0 180 0.0501415 -68.3137 0 0 0 -0 0 180 0 -180
0 0 0 -180 0 0 0 -0 0.0508985 146.355 0 0 0 -180 0 0 0 -180
0 -180 0 -180 0 -0 0 -0 0.0501371 -68.2941 0 180 0 0 0 0 0 -180
0 -0 0 -0 0 180 0 -180 0.0508923 146.346 0 0 0 180 0 180 0 -0
0 -180 0 0 0 180 0 -180 0.270037 111.147 0 -180 0 -180 0 0 0 -180
0 -0 0 180 0 0 0 -0 0.728226 145.253 0 -0 0 -180 0 180 0 -0
inside=1 lambda=0.647 phi=45 theta=30
0 180 0 180 0 -180 0 -0 0.133084 110.544 0 0 0 180 0 180 0 -180
0 0 0 -0 0 -180 0 -180 0.867247 145.423 0 0 0 0 0 0 0 -180
0 180 0 -0 0 0 0 180 0.0868512 -68.3092 0 0 0 -0 0 180 0 -180
0 0 0 -180 0 0 0 -0 0.0881555 146.348 0 0 0 -180 0 0 0 -180
0 180 0 -180 0 -0 0 -0 0.0868475 -68.2991 0 180 0 0 0 0 0 -180
0 -0 0 -0 0 -180 0 -180 0.088151 146.343 0 0 0 0 0 0 0 -180
0 180 0 -0 0 180 0 -180 0.233344 111.052 0 180 0 -180 0 0 0 -180
0 0 0 180 0 0 0 -0 0.765475 145.304 0 -0 0 -180 0 0 0 -180
inside=1 lambda=0.647 phi=45 theta=45
0 180 0 180 0 -180 0 -0 0.183212 110.866 0 0 0 180 0 180 0 -180
0 0 0 -0 0 -180 0 180 0.81636 145.367 0 0 0 0 0 -0 0 -180
0 180 0 -0 0 0 0 180 0.100287 -68.3043 0 0 0 -0 0 180 0 -180
0 -0 0 -180 0 0 0 -0 0.101791 146.344 0 0 0 -180 0 0 0 -180
0 180 0 180 0 -0 0 -0 0.100287 -68.3043 0 180 0 0 0 0 0 -180
0 -0 0 -0 0 -180 0 -180 0.101791 146.344 0 0 0 0 0 0 0 -180
0 180 0 -0 0 180 0 180 0.183212 110.866 0 180 0 -180 0 0 0 -180
0 0 0 180 0 0 0 -0 0.81636 145.367 0 -0 0 -180 0 0 0 -180
