RSoft_BSDF_File_Version 2
1 0 5 2 1 1.28
0.3 0.3
-1 1
-1 1
1 0.647 0.647
10 0 45 0.5
4 0 45
Begin_Dispersion_Data
0.647 1.45662 0 1 0 0
End_Dispersion_Data
inside=0 lambda=0.647 phi=0 theta=0
0 -180 0 -180 0 -180 0 0 0.184097 2.46315 0 0 0 -180 0 -180 0 -180
0 180 0 180 0 180 0 -0 1.18628 11.7176 0 -0 0 180 0 180 0 180
0 -180 0 -180 0 0 0 180 1.22929e-12 -82.9521 0 180 0 0 0 -180 0 -180
0 180 0 180 0 -0 0 -180 2.34434e-12 -95.9284 0 -180 0 -0 0 0 0 180
0 -180 0 180 0 0 0 180 2.19903e-13 -0.508813 0 180 0 0 0 0 0 -180
0 180 0 -0 0 -0 0 180 8.59969e-13 -67.8494 0 180 0 -0 0 -0 0 180
0 -180 0 0 0 -180 0 -180 0.184097 2.46315 0 -180 0 -180 0 0 0 -180
0 180 0 -0 0 180 0 180 1.18628 11.7176 0 180 0 180 0 -0 0 180
inside=0 lambda=0.647 phi=0 theta=15
0 -180 0 -180 0 -180 0 0 0.184097 2.46315 0 0 0 -180 0 -180 0 -180
0 180 0 180 0 180 0 -0 1.18628 11.7176 0 -0 0 180 0 180 0 180
0 -180 0 -180 0 0 0 180 1.22929e-12 -82.9521 0 180 0 0 0 -180 0 -180
0 180 0 180 0 -0 0 -180 2.34434e-12 -95.9284 0 -180 0 -0 0 0 0 180
0 -180 0 180 0 0 0 180 2.19903e-13 -0.508813 0 180 0 0 0 0 0 -180
0 180 0 -0 0 -0 0 180 8.59969e-13 -67.8494 0 180 0 -0 0 -0 0 180
0 -180 0 0 0 -180 0 -180 0.184097 2.46315 0 -180 0 -180 0 0 0 -180
0 180 0 -0 0 180 0 180 1.18628 11.7176 0 180 0 180 0 -0 0 180
inside=0 lambda=0.647 phi=0 theta=30
0 -180 0 -180 0 -180 0 0 0.184097 2.46315 0 0 0 -180 0 -180 0 -180
0 180 0 180 0 180 0 -0 1.18628 11.7176 0 -0 0 180 0 180 0 180
0 -180 0 -180 0 0 0 180 1.22929e-12 -82.9521 0 180 0 0 0 -180 0 -180
0 180 0 180 0 -0 0 -180 2.34434e-12 -95.9284 0 -180 0 -0 0 0 0 180
0 -180 0 180 0 0 0 180 2.19903e-13 -0.508813 0 180 0 0 0 0 0 -180
0 180 0 -0 0 -0 0 180 8.59969e-13 -67.8494 0 180 0 -0 0 -0 0 180
0 -180 0 0 0 -180 0 -180 0.184097 2.46315 0 -180 0 -180 0 0 0 -180
0 180 0 -0 0 180 0 180 1.18628 11.7176 0 180 0 180 0 -0 0 180
inside=0 lambda=0.647 phi=0 theta=45
0 -180 0 -180 0 -180 0 0 0.184097 2.46315 0 0 0 -180 0 -180 0 -180
0 180 0 180 0 180 0 -0 1.18628 11.7176 0 -0 0 180 0 180 0 180
0 -180 0 -180 0 0 0 180 1.22929e-12 -82.9521 0 180 0 0 0 -180 0 -180
0 180 0 180 0 -0 0 -180 2.34434e-12 -95.9284 0 -180 0 -0 0 0 0 180
0 -180 0 180 0 0 0 180 2.19903e-13 -0.508813 0 180 0 0 0 0 0 -180
0 180 0 -0 0 -0 0 180 8.59969e-13 -67.8494 0 180 0 -0 0 -0 0 180
0 -180 0 0 0 -180 0 -180 0.184097 2.46315 0 -180 0 -180 0 0 0 -180
0 180 0 -0 0 180 0 180 1.18628 11.7176 0 180 0 180 0 -0 0 180
inside=0 lambda=0.647 phi=5 theta=0
0 -180 0 -180 0 -180 0 0 0.182918 1.78571 0 0 0 -180 0 -180 0 -180
0 180 0 180 0 180 0 -0 1.18399 6.24853 0 -0 0 180 0 180 0 180
0 -180 0 -0 0 0 0 180 1.08225e-13 -121.683 0 180 0 0 0 180 0 -180
0 180 0 0 0 -0 0 -0 2.25698e-12 95.8993 0 -0 0 -0 0 -180 0 180
0 -180 0 -180 0 0 0 180 2.87566e-13 54.827 0 0 0 0 0 0 0 -180
0 180 0 180 0 -0 0 180 2.3205e-12 95.9256 0 0 0 -0 0 -0 0 180
0 -180 0 0 0 -180 0 -180 0.187073 1.73022 0 -180 0 -180 0 0 0 -180
0 180 0 -0 0 180 0 180 1.18816 6.13217 0 180 0 180 0 -0 0 180
inside=0 lambda=0.647 phi=5 theta=15
0 -180 0 -180 0 -180 0 0 0.183197 1.78192 0 0 0 -180 0 -180 0 -180
0 180 0 180 0 180 0 -0 1.18426 6.2407 0 -0 0 180 0 180 0 180
0 -180 0 -0 0 0 0 -180 0.0010387 179.516 0 0 0 0 0 180 0 -180
0 180 0 0 0 -0 0 180 0.00124591 153.003 0 -0 0 -0 0 -180 0 180
0 -180 0 -180 0 0 0 -0 0.00103871 179.514 0 180 0 0 0 0 0 -180
0 180 0 180 0 -0 0 0 0.00124535 153.036 0 -180 0 -0 0 -0 0 180
0 -180 0 0 0 -180 0 -180 0.186795 1.73386 0 -180 0 -180 0 0 0 -180
0 180 0 -0 0 180 0 180 1.18788 6.13993 0 180 0 180 0 -0 0 180
inside=0 lambda=0.647 phi=5 theta=30
0 -180 0 -180 0 -180 0 0 0.183957 1.7716 0 0 0 -180 0 -180 0 -180
0 180 0 180 0 180 0 -0 1.18503 6.21934 0 -0 0 180 0 180 0 180
0 -180 0 -0 0 0 0 -180 0.00179908 179.515 0 0 0 0 0 180 0 -180
0 180 0 0 0 -0 0 180 0.00215776 153.01 0 -0 0 -0 0 -180 0 180
0 -180 0 -180 0 0 0 -0 0.00179909 179.514 0 180 0 0 0 0 0 -180
0 180 0 180 0 -0 0 0 0.00215721 153.029 0 -180 0 -0 0 -0 0 180
0 -180 0 0 0 -180 0 -180 0.186035 1.74386 0 -180 0 -180 0 0 0 -180
0 180 0 -0 0 180 0 180 1.18711 6.16117 0 180 0 180 0 -0 0 180
inside=0 lambda=0.647 phi=5 theta=45
0 -180 0 -180 0 -180 0 0 0.184996 1.75765 0 0 0 -180 0 -180 0 -180
0 180 0 180 0 180 0 -0 1.18607 6.19022 0 -0 0 180 0 180 0 180
0 -180 0 -0 0 0 0 -180 0.00207741 179.515 0 0 0 0 0 180 0 -180
0 180 0 0 0 -0 0 180 0.00249125 153.02 0 -0 0 -0 0 -180 0 180
0 -180 0 -180 0 0 0 -0 0.00207741 179.515 0 180 0 0 0 0 0 -180
0 180 0 180 0 -0 0 0 0.00249125 153.02 0 -180 0 -0 0 -0 0 180
0 -180 0 0 0 -180 0 -180 0.184996 1.75765 0 -180 0 -180 0 0 0 -180
0 180 0 -0 0 180 0 180 1.18607 6.19022 0 180 0 180 0 -0 0 180
inside=0 lambda=0.647 phi=10 theta=0
0 180 0 -180 0 -180 0 0 0.176727 -0.261364 0 0 0 180 0 -180 0 -180
0 180 0 180 0 180 0 -0 1.17741 -10.2409 0 -0 0 180 0 180 0 180
0 180 0 -0 0 0 0 -0 9.65753e-14 131.882 0 -180 0 -0 0 180 0 -180
0 180 0 0 0 -0 0 0 3.31447e-13 96.2261 0 -0 0 -0 0 -180 0 180
0 -180 0 -180 0 0 0 -0 1.86992e-13 150.075 0 -0 0 0 0 0 0 -180
0 180 0 180 0 -0 0 0 1.65353e-13 -97.3633 0 0 0 -0 0 -0 0 180
0 -180 0 0 0 -180 0 -180 0.193506 -0.637854 0 -180 0 -180 0 0 0 -180
0 180 0 -0 0 180 0 180 1.19465 -10.7006 0 180 0 180 0 -0 0 180
inside=0 lambda=0.647 phi=10 theta=15
0 180 0 -180 0 -180 0 0 0.177851 -0.288779 0 0 0 180 0 -180 0 -180
0 180 0 180 0 180 0 -0 1.17856 -10.2723 0 -0 0 180 0 180 0 180
0 -180 0 -0 0 0 0 -180 0.00420389 175.722 0 0 0 -0 0 180 0 -180
0 180 0 0 0 -0 0 180 0.0050965 137.266 0 -0 0 -0 0 -180 0 180
0 -180 0 -180 0 0 0 -0 0.00420393 175.714 0 180 0 0 0 0 0 -180
0 180 0 180 0 -0 0 0 0.00508733 137.405 0 -180 0 -0 0 -0 0 180
0 -180 0 0 0 -180 0 -180 0.192382 -0.614634 0 -180 0 -180 0 0 0 -180
0 180 0 -0 0 180 0 180 1.19349 -10.6703 0 180 0 180 0 -0 0 180
inside=0 lambda=0.647 phi=10 theta=30
0 180 0 -180 0 -180 0 0 0.180922 -0.36194 0 0 0 180 0 -180 0 -180
0 180 0 180 0 180 0 -0 1.18171 -10.3574 0 -0 0 180 0 180 0 180
0 -180 0 -0 0 0 0 -180 0.0072814 175.721 0 0 0 0 0 180 0 -180
0 180 0 0 0 -0 0 180 0.00882375 137.298 0 -0 0 -0 0 -180 0 180
0 -180 0 -180 0 0 0 -0 0.00728145 175.716 0 180 0 0 0 0 0 -180
0 180 0 180 0 -0 0 0 0.00881458 137.378 0 -180 0 -0 0 -0 0 180
0 -180 0 0 0 -180 0 -180 0.189311 -0.549848 0 -180 0 -180 0 0 0 -180
0 180 0 -0 0 180 0 180 1.19033 -10.5873 0 180 0 180 0 -0 0 180
inside=0 lambda=0.647 phi=10 theta=45
0 180 0 -180 0 -180 0 0 0.185116 -0.457983 0 0 0 180 0 -180 0 -180
0 180 0 180 0 180 0 -0 1.18602 -10.4729 0 -0 0 180 0 180 0 180
0 -180 0 -0 0 0 0 -180 0.00840789 175.719 0 0 0 0 0 180 0 -180
0 180 0 0 0 -0 0 180 0.0101833 137.339 0 -0 0 -0 0 -180 0 180
0 -180 0 -180 0 0 0 -0 0.00840789 175.719 0 180 0 0 0 0 0 -180
0 180 0 180 0 -0 0 0 0.0101833 137.339 0 -180 0 -0 0 -0 0 180
0 180 0 0 0 180 0 -180 0.185116 -0.457983 0 -180 0 -180 0 0 0 -180
0 180 0 -0 0 180 0 180 1.18602 -10.4729 0 180 0 180 0 -0 0 180
inside=0 lambda=0.647 phi=15 theta=0
0 180 0 -180 0 -180 0 0 0.159644 -2.50977 0 0 0 180 0 -180 0 -180
0 180 0 180 0 180 0 -0 1.16668 -38.0599 0 -0 0 180 0 180 0 180
0 180 0 -0 0 0 0 180 1.87412e-13 -143.377 0 -0 0 -0 0 180 0 -180
0 180 0 0 0 -0 0 180 1.69645e-12 -124.766 0 -0 0 -0 0 -180 0 180
0 -180 0 -180 0 0 0 -180 1.81885e-13 -147.9 0 180 0 0 0 0 0 -180
0 180 0 180 0 -0 0 -180 1.51617e-12 -124.382 0 0 0 -0 0 -0 0 180
0 -180 0 0 0 -180 0 -180 0.195362 -3.67732 0 -180 0 -180 0 0 0 -180
0 180 0 -0 0 180 0 180 1.20876 -39.1013 0 180 0 180 0 -0 0 180
inside=0 lambda=0.647 phi=15 theta=15
0 180 0 -180 0 -180 0 0 0.162035 -2.60384 0 0 0 180 0 -180 0 -180
0 180 0 180 0 180 0 -0 1.16948 -38.1328 0 -0 0 180 0 180 0 180
0 180 0 -0 0 0 0 -180 0.00899372 171.554 0 0 0 -0 0 180 0 -180
0 180 0 0 0 -0 0 180 0.0122385 110.659 0 -0 0 -0 0 -180 0 180
0 -180 0 -180 0 0 0 -180 0.00899261 171.529 0 180 0 0 0 0 0 -180
0 180 0 180 0 -0 0 0 0.0121909 110.996 0 -180 0 -0 0 -0 0 180
0 -180 0 0 0 -180 0 -180 0.192969 -3.61214 0 -180 0 -180 0 0 0 -180
0 180 0 -0 0 180 0 180 1.20592 -39.0346 0 180 0 180 0 -0 0 180
inside=0 lambda=0.647 phi=15 theta=30
0 180 0 -180 0 -180 0 0 0.168571 -2.84718 0 0 0 180 0 -180 0 -180
0 180 0 180 0 180 0 -0 1.17715 -38.3295 0 -0 0 180 0 180 0 180
0 180 0 -0 0 0 0 -180 0.0155779 171.551 0 0 0 -0 0 180 0 -180
0 180 0 0 0 -0 0 180 0.0211764 110.744 0 -0 0 -0 0 -180 0 180
0 -180 0 -180 0 0 0 -0 0.0155768 171.536 0 180 0 0 0 0 0 -180
0 180 0 180 0 -0 0 0 0.0211291 110.937 0 -180 0 -0 0 -0 0 180
0 180 0 0 0 180 0 -180 0.186432 -3.42607 0 -180 0 -180 0 0 0 -180
0 180 0 -0 0 180 0 180 1.19819 -38.85 0 180 0 180 0 -0 0 180
inside=0 lambda=0.647 phi=15 theta=45
0 180 0 -180 0 -180 0 0 0.177501 -3.15082 0 0 0 180 0 -180 0 -180
0 180 0 180 0 180 0 -0 1.18765 -38.5928 0 -0 0 180 0 180 0 180
0 180 0 -0 0 0 0 -180 0.0179875 171.544 0 0 0 -0 0 180 0 -180
0 180 0 0 0 -0 0 180 0.024423 110.847 0 -0 0 -0 0 -180 0 180
0 180 0 -180 0 -0 0 -0 0.0179875 171.544 0 180 0 0 0 0 0 -180
0 180 0 180 0 -0 0 0 0.024423 110.847 0 -180 0 -0 0 -0 0 180
0 180 0 0 0 180 0 -180 0.177501 -3.15082 0 -180 0 -180 0 0 0 -180
0 180 0 -0 0 180 0 180 1.18765 -38.5928 0 180 0 180 0 -0 0 180
inside=0 lambda=0.647 phi=20 theta=0
0 180 0 180 0 -180 0 -0 0.134329 -0.979513 0 0 0 180 0 180 0 -180
0 180 0 180 0 0 0 -0 1.14882 -77.8174 0 -180 0 180 0 180 0 0
0 180 0 -0 0 0 0 180 2.29169e-13 -43.7566 0 -0 0 -0 0 180 0 -180
0 180 0 0 0 -180 0 180 1.72398e-12 17.6768 0 -180 0 -0 0 -180 0 0
0 -180 0 -180 0 0 0 -0 4.34143e-13 -94.3338 0 -0 0 0 0 0 0 -180
0 0 0 0 0 -180 0 -180 1.58417e-12 -4.90326 0 180 0 -180 0 -180 0 0
0 -180 0 0 0 -180 0 -180 0.191777 -1.51792 0 -180 0 -180 0 0 0 -180
0 0 0 -180 0 0 0 0 1.23311 -79.9111 0 0 0 0 0 -180 0 0
inside=0 lambda=0.647 phi=20 theta=15
0 180 0 -180 0 -180 0 -0 0.138185 -1.02994 0 0 0 180 0 180 0 -180
0 180 0 180 0 0 0 -0 1.1544 -77.9708 0 -180 0 180 0 180 0 0
0 180 0 -0 0 0 0 -180 0.0144695 177.515 0 0 0 -0 0 180 0 -180
0 180 0 0 0 -180 0 180 0.024577 70.0944 0 -180 0 -0 0 -180 0 0
0 -180 0 -180 0 0 0 -180 0.0144593 177.486 0 180 0 0 0 0 0 -180
0 180 0 0 0 -0 0 0 0.0244061 70.6933 0 -180 0 -180 0 -180 0 0
0 -180 0 0 0 180 0 -180 0.187944 -1.49184 0 -180 0 -180 0 0 0 -180
0 180 0 -180 0 180 0 0 1.22739 -79.783 0 0 0 0 0 -180 0 0
inside=0 lambda=0.647 phi=20 theta=30
0 180 0 -180 0 -180 0 -0 0.148718 -1.15341 0 0 0 180 0 -180 0 -180
0 180 0 180 0 0 0 -0 1.16968 -78.3793 0 -180 0 180 0 180 0 0
0 180 0 -0 0 0 0 -180 0.0250625 177.51 0 0 0 -0 0 180 0 -180
0 180 0 0 0 -180 0 180 0.0424795 70.2643 0 -180 0 -0 0 -180 0 0
0 -180 0 -180 0 -0 0 -180 0.0250524 177.493 0 180 0 0 0 0 0 -180
0 180 0 180 0 -0 0 0 0.0423114 70.6067 0 -180 0 -180 0 -180 0 0
0 180 0 0 0 180 0 -180 0.177456 -1.41525 0 -180 0 -180 0 0 0 -180
0 180 0 -0 0 180 0 0 1.21183 -79.4245 0 180 0 0 0 -180 0 0
inside=0 lambda=0.647 phi=20 theta=45
0 180 0 -180 0 -180 0 0 0.163098 -1.29563 0 0 0 180 0 -180 0 -180
0 180 0 180 0 0 0 -0 1.19069 -78.9143 0 -180 0 180 0 180 0 0
0 180 0 -180 0 0 0 -180 0.0289363 177.501 0 0 0 -0 0 180 0 -180
0 180 0 0 0 -180 0 180 0.0489398 70.4561 0 -180 0 -0 0 -180 0 0
0 180 0 -180 0 -0 0 -180 0.0289363 177.501 0 180 0 0 0 0 0 -180
0 180 0 180 0 -0 0 0 0.0489398 70.4561 0 -180 0 -180 0 -180 0 0
0 180 0 0 0 180 0 -180 0.163098 -1.29563 0 -180 0 -180 0 0 0 -180
0 180 0 -0 0 180 0 180 1.19069 -78.9143 0 180 0 0 0 -180 0 0
inside=0 lambda=0.647 phi=25 theta=0
0 180 0 180 0 -180 0 -0 0.112432 2.62909 0 0 0 180 0 180 0 -180
0 180 0 0 0 -0 0 -180 1.11829 -130.382 0 180 0 180 0 0 0 -0
0 180 0 -0 0 0 0 180 7.45324e-14 -34.0006 0 -0 0 -0 0 180 0 -180
0 0 0 -0 0 180 0 0 9.50827e-13 -43.3555 0 -0 0 -180 0 180 0 -0
0 -180 0 -180 0 0 0 180 1.92756e-13 82.7007 0 -0 0 0 0 0 0 -180
0 0 0 0 0 -180 0 180 9.20892e-13 -66.8443 0 0 0 -180 0 -180 0 0
0 -180 0 0 0 -180 0 -180 0.231101 5.48016 0 -180 0 -180 0 0 0 -180
0 0 0 -180 0 0 0 0 1.25925 -134.356 0 0 0 0 0 -180 0 0
inside=0 lambda=0.647 phi=25 theta=15
0 180 0 180 0 -180 0 -0 0.120381 2.97366 0 0 0 180 0 180 0 -180
0 180 0 0 0 -0 0 -180 1.12749 -130.693 0 180 0 180 0 0 0 -0
0 180 0 -0 0 0 0 -180 0.0298032 -171.743 0 0 0 -0 0 180 0 -180
0 0 0 -0 0 180 0 0 0.0427061 13.2822 0 180 0 -180 0 180 0 -0
0 -180 0 -180 0 -0 0 -180 0.0297936 -171.755 0 180 0 0 0 0 0 -180
0 0 0 0 0 -180 0 -0 0.0421016 14.2517 0 180 0 -180 0 -180 0 0
0 -180 0 0 0 180 0 -180 0.223181 5.37585 0 -180 0 -180 0 0 0 -180
0 0 0 -180 0 0 0 0 1.24956 -134.129 0 0 0 0 0 -180 0 0
inside=0 lambda=0.647 phi=25 theta=30
0 180 0 -180 0 -180 0 -0 0.142119 3.74147 0 0 0 180 0 180 0 -180
0 0 0 0 0 -0 0 -180 1.1528 -131.504 0 180 0 0 0 0 0 -0
0 180 0 -0 0 0 0 -180 0.051629 -171.741 0 0 0 -0 0 180 0 -180
0 0 0 -0 0 180 0 0 0.0735981 13.6026 0 180 0 -180 0 180 0 -0
0 180 0 -180 0 -0 0 -180 0.0516198 -171.747 0 180 0 0 0 0 0 -180
0 0 0 0 0 -180 0 -0 0.0730202 14.1498 0 180 0 -180 0 -180 0 0
0 180 0 -0 0 180 0 -180 0.201495 5.05592 0 -180 0 -180 0 0 0 -180
0 0 0 -180 0 0 0 0 1.22329 -133.482 0 0 0 0 0 -180 0 0
inside=0 lambda=0.647 phi=25 theta=45
0 180 0 -180 0 -180 0 -0 0.171819 4.50272 0 0 0 180 0 180 0 -180
0 0 0 0 0 -0 0 -180 1.18781 -132.533 0 180 0 0 0 0 0 -0
0 180 0 -180 0 0 0 -180 0.0596159 -171.742 0 0 0 -0 0 180 0 -180
0 0 0 -0 0 -180 0 0 0.0845762 13.9289 0 -180 0 -180 0 180 0 -0
0 180 0 -180 0 -0 0 -180 0.0596159 -171.742 0 180 0 0 0 0 0 -180
0 0 0 0 0 -180 0 -0 0.0845762 13.9289 0 180 0 -180 0 -180 0 -0
0 180 0 -0 0 180 0 -180 0.171819 4.50272 0 180 0 -180 0 0 0 -180
0 0 0 -180 0 0 0 0 1.18781 -132.533 0 0 0 -0 0 180 0 -0
inside=0 lambda=0.647 phi=30 theta=0
0 180 0 180 0 -180 0.0139295 -104.081 0.0777284 10.8861 0 0 0 180 0 180 0 -180
0 0 0 0 0 -0 0 -180 1.06986 162.462 0 180 0 0 0 0 0 -0
0 180 0 -0 0 0 7.13201e-14 -36.9292 1.32904e-13 -19.5142 0 180 0 -0 0 180 0 -180
0 0 0 -180 0 180 0 -180 1.69981e-13 -174.906 0 -0 0 -180 0 0 0 -0
0 -180 0 -180 0 0 1.17191e-13 -132.064 5.89089e-13 104.72 0 180 0 0 0 0 0 -180
0 -0 0 -0 0 180 0 180 4.52682e-13 172.633 0 -0 0 180 0 180 0 -0
0 -180 0 0 0 -180 0.0499949 -131.728 0.288257 -3.1514 0 -180 0 -180 0 0 0 -180
0 -0 0 180 0 -0 0 -0 1.2988 156.607 0 -0 0 -0 0 180 0 -0
inside=0 lambda=0.647 phi=30 theta=15
0 180 0 180 0 -180 0 -0 0.0914467 7.6381 0 0 0 180 0 180 0 -180
0 0 0 0 0 -0 0 -180 1.08509 161.935 0 180 0 0 0 0 0 -0
0 180 0 -0 0 0 0 -180 0.0534806 172.577 0 0 0 -0 0 180 0 -180
0 0 0 -180 0 180 0 -0 0.0683148 -53.5272 0 180 0 -180 0 0 0 -0
0 -180 0 -180 0 -0 0 -180 0.0534652 172.449 0 180 0 0 0 0 0 -180
0 -0 0 -0 0 180 0 -180 0.0665755 -51.6657 0 0 0 180 0 180 0 -0
0 180 0 0 0 180 0 -180 0.274199 -2.84515 0 -180 0 -180 0 0 0 -180
0 -0 0 180 0 -0 0 -0 1.28326 156.886 0 -0 0 -0 0 180 0 -0
inside=0 lambda=0.647 phi=30 theta=30
0 180 0 180 0 -180 0 -0 0.129278 2.82592 0 0 0 180 0 180 0 -180
0 0 0 0 0 -0 0 -180 1.12592 160.62 0 180 0 0 0 0 0 -0
0 180 0 -0 0 0 0 -180 0.0927837 172.594 0 0 0 -0 0 180 0 -180
0 0 0 -180 0 180 0 -0 0.116974 -52.8183 0 180 0 -180 0 0 0 -0
0 180 0 -180 0 -0 0 -180 0.0927763 172.533 0 180 0 0 0 0 0 -180
0 -0 0 -0 0 -180 0 -180 0.115455 -51.7893 0 0 0 180 0 180 0 -0
0 180 0 -0 0 180 0 -180 0.235337 -2.01492 0 180 0 -180 0 0 0 -180
0 0 0 180 0 0 0 -0 1.24033 157.734 0 -0 0 -0 0 180 0 -0
inside=0 lambda=0.647 phi=30 theta=45
0 180 0 -180 0 -180 0 -0 0.182118 -0.317325 0 0 0 180 0 180 0 -180
0 0 0 -0 0 -0 0 180 1.18263 159.069 0 180 0 0 0 0 0 -0
0 180 0 -180 0 0 0 -180 0.107184 172.586 0 0 0 -0 0 180 0 -180
0 0 0 -180 0 180 0 -0 0.133914 -52.1726 0 180 0 -180 0 0 0 -0
0 180 0 -180 0 -0 0 -180 0.107184 172.586 0 180 0 0 0 0 0 -180
0 0 0 -0 0 -180 0 -180 0.133914 -52.1726 0 0 0 180 0 180 0 -0
0 180 0 -0 0 180 0 -180 0.182118 -0.317325 0 180 0 -180 0 0 0 -180
0 0 0 180 0 0 0 -0 1.18263 159.069 0 0 0 -0 0 180 0 -0
inside=0 lambda=0.647 phi=35 theta=0
0 180 0 180 0 -180 0.0469002 -100.305 0.0426653 -13.6806 0 0 0 180 0 180 0 -180
0 -0 0 -0 0 180 0 180 0.985493 76.9822 0 0 0 -0 0 -0 0 180
0 180 0 -0 0 0 1.80656e-13 -16.1534 2.20607e-13 -162.793 0 0 0 -0 0 180 0 -180
0 -0 0 180 0 0 0 -180 8.96395e-13 141.1 0 -180 0 180 0 -0 0 -180
0 -180 0 -180 0 0 4.13841e-13 54.6599 1.9941e-13 -112.52 0 0 0 0 0 0 0 -180
0 -180 0 -180 0 0 0 -0 4.69912e-13 138.842 0 -180 0 0 0 0 0 -180
0 -180 0 0 0 -180 0.0647062 -108.522 0.306133 5.39076 0 -180 0 -180 0 0 0 -180
0 -180 0 0 0 -180 0 -180 1.40113 65.7473 0 -180 0 -180 0 0 0 -180
inside=0 lambda=0.647 phi=35 theta=15
0 180 0 180 0 -180 0.0349095 -105.609 0.0601203 -7.49904 0 0 0 180 0 180 0 -180
0 -0 0 -0 0 -180 0 180 1.01184 75.7496 0 0 0 -0 0 -0 0 180
0 180 0 -0 0 0 0.002739 110.661 0.0669704 -170.983 0 0 0 -0 0 180 0 -180
0 -0 0 180 0 0 0 -0 0.12643 -143.489 0 0 0 180 0 -0 0 -180
0 -180 0 -180 0 -0 0.0173985 -131.736 0.0668549 -171.12 0 180 0 0 0 0 0 -180
0 -180 0 -180 0 0 0 180 0.121957 -141.12 0 -0 0 0 0 0 0 -180
0 180 0 -0 0 180 0.0568314 -117.479 0.288882 5.24642 0 -180 0 -180 0 0 0 -180
0 -180 0 0 0 -180 0 -180 1.37165 66.1419 0 -180 0 -180 0 0 0 -180
inside=0 lambda=0.647 phi=35 theta=30
0 180 0 180 0 -180 0 -0 0.10841 -0.860388 0 0 0 180 0 180 0 -180
0 -0 0 -0 0 -180 0 180 1.08529 72.8643 0 0 0 -0 0 -0 0 -180
0 180 0 -0 0 0 0 180 0.116764 -170.803 0 0 0 -0 0 180 0 -180
0 -0 0 180 0 0 0 -0 0.214617 -142.679 0 0 0 180 0 -0 0 -180
0 180 0 180 0 -0 0 -180 0.116573 -170.839 0 180 0 0 0 0 0 -180
0 -0 0 -180 0 180 0 180 0.210547 -141.314 0 -0 0 0 0 0 0 -180
0 180 0 -0 0 180 0 -180 0.241121 4.58026 0 180 0 -180 0 0 0 -180
0 -0 0 180 0 -0 0 -180 1.29293 67.4602 0 -0 0 -180 0 0 0 -180
inside=0 lambda=0.647 phi=35 theta=45
0 180 0 180 0 -180 0 -0 0.17466 2.86408 0 0 0 180 0 180 0 -180
0 -0 0 -0 0 -180 0 180 1.18737 69.8028 0 0 0 -0 0 -0 0 -180
0 180 0 -180 0 0 0 180 0.135009 -170.868 0 0 0 -0 0 180 0 -180
0 -0 0 180 0 0 0 -0 0.24429 -141.782 0 0 0 180 0 -0 0 -180
0 180 0 180 0 -0 0 -180 0.135009 -170.868 0 180 0 0 0 0 0 -180
0 -0 0 -0 0 180 0 180 0.24429 -141.782 0 -0 0 0 0 0 0 -180
0 180 0 -0 0 180 0 180 0.17466 2.86408 0 180 0 -180 0 0 0 -180
0 -0 0 180 0 -0 0 -0 1.18737 69.8028 0 -0 0 -180 0 0 0 -180
inside=0 lambda=0.647 phi=40 theta=0
0 180 0 180 0 -180 0.0933177 -99.7704 0.165208 130.226 0 0 0 180 0 180 0 -180
0 -180 0 -180 0 0 0 0 0.800899 -35.6767 0 -180 0 -180 0 -180 0 0
0 180 0 -0 0 0 1.08417e-13 -158.004 4.54573e-13 68.9372 0 -180 0 -0 0 180 0 -180
0 -180 0 0 0 -180 0 -180 1.0752e-12 75.853 0 0 0 0 0 -180 0 0
0 -180 0 -180 0 0 1.56447e-12 -112.773 1.65005e-13 5.84658 0 180 0 0 0 0 0 -180
0 180 0 180 0 -0 0 0 1.22553e-12 34.9536 0 -180 0 -0 0 -0 0 180
0 -180 0 0 0 -180 0.0810005 -96.7857 0.424876 -9.76482 0 -180 0 -180 0 0 0 -180
0 180 0 -0 0 180 0 180 1.60894 -54.8907 0 180 0 180 0 -0 0 180
inside=0 lambda=0.647 phi=40 theta=15
0 180 0 180 0 -180 0.0702916 -108.134 0.130142 123.201 0 0 0 180 0 180 0 -180
0 -180 0 -180 0 0 0 0 0.850162 -39.1995 0 -180 0 -180 0 -180 0 0
0 180 0 -180 0 0 0.00834616 59.1684 0.139384 161.479 0 0 0 -0 0 180 0 -180
0 -180 0 0 0 -180 0 -180 0.240422 99.9105 0 -180 0 0 0 -180 0 0
0 180 0 180 0 -0 0.0306263 -127.631 0.139453 160.946 0 180 0 0 0 0 0 -180
0 180 0 180 0 -0 0 0 0.227416 104.938 0 -180 0 -0 0 -0 0 180
0 180 0 -0 0 180 0.0660518 -106.154 0.387355 -8.34824 0 180 0 -180 0 0 0 -180
0 180 0 -0 0 180 0 180 1.55194 -55.0005 0 180 0 180 0 -0 0 0
inside=0 lambda=0.647 phi=40 theta=30
0 180 0 180 0 -180 0.023222 -126.229 0.0743131 70.8218 0 0 0 180 0 180 0 -180
0 -180 0 -180 0 0 0 0 0.991396 -45.7441 0 -180 0 -180 0 -180 0 0
0 180 0 -180 0 0 0.00178933 -100.302 0.241202 162.18 0 0 0 -0 0 180 0 -180
0 -180 0 0 0 -180 0 -180 0.402716 101.643 0 -180 0 0 0 -180 0 0
0 180 0 180 0 -0 0.0272853 -150.039 0.240939 161.902 0 180 0 0 0 0 0 -180
0 180 0 180 0 -0 0 0 0.391972 104.049 0 -180 0 -180 0 -180 0 0
0 180 0 -0 0 180 0.0443944 -137.029 0.287218 -4.03359 0 180 0 -180 0 0 0 -180
0 -180 0 -0 0 -180 0 180 1.39818 -54.0475 0 180 0 0 0 -180 0 0
inside=0 lambda=0.647 phi=40 theta=45
0 180 0 180 0 -180 0 -0 0.156584 9.04616 0 0 0 180 0 180 0 -180
0 -180 0 -180 0 0 0 0 1.19197 -51.0495 0 -180 0 -180 0 -180 0 0
0 180 0 -180 0 0 0 180 0.279006 162.208 0 0 0 -0 0 180 0 -180
0 -180 0 0 0 -180 0 -180 0.455016 103.114 0 -180 0 0 0 -180 0 0
0 180 0 180 0 -0 0 -180 0.279006 162.208 0 180 0 0 0 0 0 -180
0 -180 0 -180 0 0 0 0 0.455016 103.114 0 -180 0 -180 0 -180 0 0
0 180 0 -0 0 180 0 180 0.156584 9.04616 0 180 0 -180 0 0 0 -180
0 -180 0 0 0 -180 0 -180 1.19197 -51.0495 0 -180 0 0 0 -180 0 0
inside=0 lambda=0.647 phi=45 theta=0
0 0 0 -0 0 -180 0.255841 -17.7871 0.962796 60.432 0 0 0 0 0 -0 0 -180
0 0 0 0 0 -180 0 -180 0 -180 0 0 0 0 0 0 0 -180
0 -180 0 -180 0 0 2.25209e-13 -135.976 9.00881e-13 36.0301 0 -0 0 0 0 0 0 -180
0 0 0 -180 0 0 0 180 0 -0 0 180 0 -180 0 0 0 -180
0 -180 0 -180 0 -0 1.10841e-10 -69.1465 3.15024e-10 -61.6144 0 -180 0 0 0 0 0 180
0 180 0 180 0 -0 0 180 0 180 0 -0 0 -0 0 -0 0 180
0 -180 0 0 0 180 0.176282 -119.368 0.985975 -6.49615 0 180 0 -180 0 0 0 180
0 180 0 -0 0 180 0 180 0 -0 0 180 0 180 0 -0 0 180
inside=0 lambda=0.647 phi=45 theta=15
0 -180 0 -180 0 0 0.309425 -60.9666 0.935484 -6.47026 0 -180 0 -180 0 -180 0 0
0 -0 0 -0 0 180 0 180 0 180 0 -0 0 -0 0 -0 0 180
0 -180 0 0 0 -0 0.0646528 145.978 0.0346589 98.3402 0 -0 0 0 0 -180 0 180
0 -0 0 180 0 -0 0 -0 0 180 0 -0 0 180 0 -0 0 180
0 180 0 180 0 -0 0.0738027 -80.169 0.0247519 112.718 0 180 0 -0 0 -0 0 180
0 -0 0 -0 0 180 0 180 0 180 0 -0 0 -0 0 -0 0 180
0 -180 0 -0 0 180 0.127033 -135.255 0.991298 -7.86179 0 180 0 180 0 -0 0 -180
0 -0 0 180 0 -0 0 -0 0 -0 0 -0 0 180 0 -0 0 180
inside=0 lambda=0.647 phi=45 theta=30
0 180 0 180 0 -0 0.114783 -116.41 0.860877 -62.2492 0 180 0 180 0 180 0 -0
0 -0 0 -0 0 180 0 180 0 180 0 -0 0 -0 0 -0 0 180
0 180 0 -0 0 180 0.0639899 95.3966 0.471351 -134.205 0 180 0 -0 0 180 0 -0
0 -0 0 180 0 -0 0 -0 0 180 0 -0 0 180 0 -0 0 180
0 180 0 180 0 -0 0.0753957 -138.256 0.474502 -134.47 0 180 0 0 0 0 0 -0
0 -0 0 -0 0 180 0 180 0 180 0 -0 0 -0 0 -0 0 180
0 180 0 -0 0 180 0.0592735 177.465 0.876867 -24.8699 0 180 0 -0 0 180 0 -0
0 -0 0 180 0 -0 0 -0 0 0 0 -0 0 180 0 -0 0 180
inside=0 lambda=0.647 phi=45 theta=45
0 180 0 180 0 -0 0 -0 0.749588 -51.8668 0 180 0 180 0 180 0 -0
0 -0 0 -0 0 180 0 180 0 180 0 -0 0 -0 0 -0 0 180
0 180 0 -0 0 180 0 180 0.661905 -141.867 0 180 0 -0 0 180 0 -0
0 -0 0 180 0 -0 0 -0 0 180 0 -0 0 180 0 -0 0 180
0 180 0 180 0 -0 0 -0 0.661905 -141.867 0 180 0 180 0 180 0 -0
0 -0 0 -0 0 180 0 180 0 180 0 -0 0 -0 0 -0 0 180
0 180 0 -0 0 180 0 180 0.749588 -51.8668 0 180 0 -0 0 180 0 -0
0 -0 0 180 0 -0 0 -0 0 180 0 -0 0 180 0 -0 0 180
inside=1 lambda=0.647 phi=0 theta=0
0 -180 0 -180 0 -180 0 0 0.184097 -159.028 0 0 0 -180 0 -180 0 -180
0 180 0 180 0 180 0 -0 0.814405 11.7176 0 -0 0 180 0 180 0 180
0 -180 0 0 0 0 0 -180 1.05857e-12 -120.889 0 -180 0 0 0 0 0 -180
0 180 0 0 0 -0 0 180 1.51416e-12 118.778 0 0 0 -0 0 180 0 180
0 -180 0 -0 0 0 0 -0 2.87444e-13 -72.0627 0 -0 0 0 0 -180 0 -180
0 180 0 -180 0 -0 0 -180 4.79051e-13 101.316 0 -180 0 -0 0 -180 0 180
0 -180 0 0 0 -180 0 -180 0.184097 -159.028 0 -180 0 -180 0 0 0 -180
0 180 0 -0 0 180 0 180 0.814405 11.7176 0 180 0 180 0 -0 0 180
inside=1 lambda=0.647 phi=0 theta=15
0 -180 0 -180 0 -180 0 0 0.184097 -159.028 0 0 0 -180 0 -180 0 -180
0 180 0 180 0 180 0 -0 0.814405 11.7176 0 -0 0 180 0 180 0 180
0 -180 0 0 0 0 0 -180 1.05857e-12 -120.889 0 -180 0 0 0 0 0 -180
0 180 0 0 0 -0 0 180 1.51416e-12 118.778 0 0 0 -0 0 180 0 180
0 -180 0 -0 0 0 0 -0 2.87444e-13 -72.0627 0 -0 0 0 0 -180 0 -180
0 180 0 -180 0 -0 0 -180 4.79051e-13 101.316 0 -180 0 -0 0 -180 0 180
0 -180 0 0 0 -180 0 -180 0.184097 -159.028 0 -180 0 -180 0 0 0 -180
0 180 0 -0 0 180 0 180 0.814405 11.7176 0 180 0 180 0 -0 0 180
inside=1 lambda=0.647 phi=0 theta=30
0 -180 0 -180 0 -180 0 0 0.184097 -159.028 0 0 0 -180 0 -180 0 -180
0 180 0 180 0 180 0 -0 0.814405 11.7176 0 -0 0 180 0 180 0 180
0 -180 0 0 0 0 0 -180 1.05857e-12 -120.889 0 -180 0 0 0 0 0 -180
0 180 0 0 0 -0 0 180 1.51416e-12 118.778 0 0 0 -0 0 180 0 180
0 -180 0 -0 0 0 0 -0 2.87444e-13 -72.0627 0 -0 0 0 0 -180 0 -180
0 180 0 -180 0 -0 0 -180 4.79051e-13 101.316 0 -180 0 -0 0 -180 0 180
0 -180 0 0 0 -180 0 -180 0.184097 -159.028 0 -180 0 -180 0 0 0 -180
0 180 0 -0 0 180 0 180 0.814405 11.7176 0 180 0 180 0 -0 0 180
inside=1 lambda=0.647 phi=0 theta=45
0 -180 0 -180 0 -180 0 0 0.184097 -159.028 0 0 0 -180 0 -180 0 -180
0 180 0 180 0 180 0 -0 0.814405 11.7176 0 -0 0 180 0 180 0 180
0 -180 0 0 0 0 0 -180 1.05857e-12 -120.889 0 -180 0 0 0 0 0 -180
0 180 0 0 0 -0 0 180 1.51416e-12 118.778 0 0 0 -0 0 180 0 180
0 -180 0 -0 0 0 0 -0 2.87444e-13 -72.0627 0 -0 0 0 0 -180 0 -180
0 180 0 -180 0 -0 0 -180 4.79051e-13 101.316 0 -180 0 -0 0 -180 0 180
0 -180 0 0 0 -180 0 -180 0.184097 -159.028 0 -180 0 -180 0 0 0 -180
0 180 0 -0 0 180 0 180 0.814405 11.7176 0 180 0 180 0 -0 0 180
inside=1 lambda=0.647 phi=5 theta=0
0 -180 0 -180 0 -180 0 0 0.183599 -163.858 0 0 0 -180 0 -180 0 -180
0 180 0 180 0 180 0 -0 0.815305 9.14495 0 -0 0 180 0 180 0 180
0 -180 0 -0 0 0 0 180 1.33618e-12 110.461 0 -0 0 0 0 180 0 -180
0 180 0 180 0 -0 0 0 3.04438e-12 -82.6282 0 180 0 -0 0 -0 0 180
0 -180 0 -180 0 0 0 -0 1.35887e-12 106.693 0 -0 0 0 0 0 0 -180
0 180 0 180 0 -0 0 -0 2.88856e-12 -81.1039 0 -180 0 -0 0 -0 0 180
0 -180 0 0 0 -180 0 -180 0.185544 -163.945 0 -180 0 -180 0 0 0 -180
0 180 0 -0 0 180 0 180 0.813358 9.09006 0 180 0 180 0 -0 0 180
inside=1 lambda=0.647 phi=5 theta=15
0 -180 0 -180 0 -180 0 0 0.183729 -163.864 0 0 0 -180 0 -180 0 -180
0 180 0 180 0 180 0 -0 0.815174 9.14128 0 -0 0 180 0 180 0 180
0 -180 0 -0 0 0 0 -180 0.000493033 6.34878 0 0 0 0 0 180 0 -180
0 180 0 180 0 -0 0 180 0.00053432 33.4895 0 -0 0 -0 0 -0 0 180
0 -180 0 -180 0 0 0 -0 0.000493021 6.35891 0 180 0 0 0 0 0 -180
0 180 0 180 0 -0 0 180 0.000534263 33.4791 0 -0 0 -0 0 -0 0 180
0 -180 0 0 0 -180 0 -180 0.185414 -163.939 0 -180 0 -180 0 0 0 -180
0 180 0 -0 0 180 0 180 0.813488 9.09375 0 180 0 180 0 -0 0 180
inside=1 lambda=0.647 phi=5 theta=30
0 -180 0 -180 0 -180 0 0 0.184085 -163.88 0 0 0 -180 0 -180 0 -180
0 180 0 180 0 180 0 -0 0.814818 9.13125 0 -0 0 180 0 180 0 180
0 -180 0 -0 0 0 0 -180 0.000853953 6.35093 0 0 0 0 0 180 0 -180
0 180 0 180 0 -0 0 180 0.000925449 33.4873 0 -0 0 -0 0 -0 0 180
0 -180 0 -180 0 0 0 -0 0.000853941 6.35678 0 180 0 0 0 0 0 -180
0 180 0 180 0 -0 0 180 0.000925391 33.4813 0 -0 0 -0 0 -0 0 180
0 -180 0 0 0 -180 0 -180 0.185058 -163.923 0 -180 0 -180 0 0 0 -180
0 180 0 -0 0 180 0 180 0.813844 9.10381 0 180 0 180 0 -0 0 180
inside=1 lambda=0.647 phi=5 theta=45
0 -180 0 -180 0 -180 0 0 0.184571 -163.902 0 0 0 -180 0 -180 0 -180
0 180 0 180 0 180 0 -0 0.814331 9.11754 0 -0 0 180 0 180 0 180
0 -180 0 -0 0 0 0 -180 0.000986053 6.35386 0 0 0 0 0 180 0 -180
0 180 0 180 0 -0 0 180 0.00106858 33.4843 0 -0 0 -0 0 -0 0 180
0 -180 0 -180 0 0 0 -0 0.000986053 6.35386 0 180 0 0 0 0 0 -180
0 180 0 180 0 -0 0 180 0.00106858 33.4843 0 -0 0 -0 0 -0 0 180
0 -180 0 0 0 -180 0 -180 0.184571 -163.902 0 -180 0 -180 0 0 0 -180
0 180 0 -0 0 180 0 180 0.814331 9.11754 0 180 0 180 0 -0 0 180
inside=1 lambda=0.647 phi=10 theta=0
0 -180 0 -180 0 -180 0 0 0.181515 -178.274 0 0 0 -180 0 -180 0 -180
0 -180 0 180 0 180 0 -0 0.81813 1.45202 0 -0 0 -180 0 180 0 180
0 -180 0 -0 0 0 0 180 4.88622e-14 -87.4191 0 0 0 0 0 180 0 -180
0 180 0 0 0 -0 0 -180 1.08499e-13 88.3163 0 -180 0 -0 0 -180 0 180
0 -180 0 -180 0 0 0 -0 7.9812e-14 -41.0276 0 -0 0 0 0 0 0 -180
0 180 0 180 0 -0 0 -0 1.03185e-13 37.2317 0 180 0 -0 0 -0 0 180
0 -180 0 0 0 -180 0 -180 0.189357 -178.583 0 -180 0 -180 0 0 0 -180
0 180 0 -0 0 180 0 180 0.810267 1.23468 0 180 0 180 0 -0 0 180
inside=1 lambda=0.647 phi=10 theta=15
0 -180 0 -180 0 -180 0 0 0.182041 -178.296 0 0 0 -180 0 -180 0 -180
0 -180 0 180 0 180 0 -0 0.817603 1.4376 0 -0 0 -180 0 180 0 180
0 -180 0 -0 0 0 0 -180 0.00198269 -7.31399 0 0 0 0 0 180 0 -180
0 180 0 0 0 -0 0 180 0.00215236 25.3816 0 -0 0 -0 0 -180 0 180
0 -180 0 -180 0 0 0 -0 0.0019825 -7.27145 0 180 0 0 0 0 0 -180
0 180 0 180 0 -0 0 0 0.00215145 25.339 0 -180 0 -0 0 -0 0 180
0 -180 0 0 0 -180 0 -180 0.188831 -178.563 0 -180 0 -180 0 0 0 -180
0 180 0 -0 0 180 0 180 0.810793 1.24938 0 180 0 180 0 -0 0 180
inside=1 lambda=0.647 phi=10 theta=30
0 -180 0 -180 0 -180 0 0 0.183475 -178.354 0 0 0 -180 0 -180 0 -180
0 180 0 180 0 180 0 -0 0.816163 1.3981 0 -0 0 180 0 180 0 180
0 -180 0 -0 0 0 0 -180 0.00343405 -7.30483 0 0 0 0 0 180 0 -180
0 180 0 0 0 -0 0 180 0.00372766 25.3721 0 -0 0 -0 0 -180 0 180
0 -180 0 -180 0 0 0 -0 0.00343386 -7.28027 0 180 0 0 0 0 0 -180
0 180 0 180 0 -0 0 0 0.00372674 25.3476 0 -180 0 -0 0 -0 0 180
0 -180 0 0 0 -180 0 -180 0.187396 -178.508 0 -180 0 -180 0 0 0 -180
0 180 0 -0 0 180 0 180 0.812232 1.28943 0 180 0 180 0 -0 0 180
inside=1 lambda=0.647 phi=10 theta=45
0 -180 0 -180 0 -180 0 0 0.185435 -178.432 0 0 0 -180 0 -180 0 -180
0 180 0 180 0 180 0 -0 0.814197 1.34391 0 -0 0 180 0 180 0 180
0 -180 0 -0 0 0 0 -180 0.00396519 -7.29246 0 0 0 0 0 180 0 -180
0 180 0 0 0 -0 0 180 0.00430379 25.3597 0 -0 0 -0 0 -180 0 180
0 -180 0 -180 0 0 0 -0 0.00396519 -7.29246 0 180 0 0 0 0 0 -180
0 180 0 180 0 -0 0 0 0.00430379 25.3597 0 -180 0 -0 0 -0 0 180
0 -180 0 0 0 -180 0 -180 0.185435 -178.432 0 -180 0 -180 0 0 0 -180
0 180 0 -0 0 180 0 180 0.814197 1.34391 0 180 0 180 0 -0 0 180
inside=1 lambda=0.647 phi=15 theta=0
0 180 0 -180 0 -180 0 0 0.17621 157.801 0 0 0 180 0 -180 0 -180
0 -180 0 180 0 180 0 -0 0.823234 -11.2909 0 -0 0 -180 0 180 0 180
0 -180 0 -0 0 0 0 -180 3.57656e-13 64.2324 0 -0 0 0 0 180 0 -180
0 180 0 0 0 -0 0 0 7.91473e-13 -101.84 0 180 0 -0 0 -180 0 180
0 -180 0 -180 0 0 0 -0 4.07497e-13 62.4307 0 0 0 0 0 0 0 -180
0 180 0 180 0 -0 0 0 7.28181e-13 -103.074 0 -0 0 -0 0 -0 0 180
0 -180 0 0 0 -180 0 -180 0.193776 157.242 0 -180 0 -180 0 0 0 -180
0 180 0 -0 0 180 0 180 0.805326 -11.7721 0 180 0 180 0 -0 0 180
inside=1 lambda=0.647 phi=15 theta=15
0 180 0 -180 0 -180 0 0 0.177386 157.759 0 0 0 180 0 -180 0 -180
0 -180 0 180 0 180 0 -0 0.822032 -11.3224 0 -0 0 -180 0 180 0 180
0 -180 0 -0 0 0 0 -180 0.00443109 -30.1212 0 0 0 0 0 180 0 -180
0 180 0 0 0 -0 0 180 0.00488578 12.0633 0 -0 0 -0 0 -180 0 180
0 -180 0 -180 0 0 0 -0 0.00443002 -30.0179 0 180 0 0 0 0 0 -180
0 180 0 180 0 -0 0 0 0.00488115 11.9646 0 -180 0 -0 0 -0 0 180
0 -180 0 0 0 -180 0 -180 0.192599 157.276 0 -180 0 -180 0 0 0 -180
0 180 0 -0 0 180 0 180 0.806523 -11.7391 0 180 0 180 0 -0 0 180
inside=1 lambda=0.647 phi=15 theta=30
0 -180 0 -180 0 -180 0 0 0.180599 157.648 0 0 0 180 0 -180 0 -180
0 180 0 180 0 180 0 -0 0.81875 -11.4091 0 -0 0 -180 0 180 0 180
0 -180 0 -0 0 0 0 -180 0.0076745 -30.0984 0 0 0 0 0 180 0 -180
0 180 0 0 0 -0 0 180 0.00846057 12.0402 0 -0 0 -0 0 -180 0 180
0 -180 0 -180 0 0 0 -0 0.00767343 -30.0389 0 180 0 0 0 0 0 -180
0 180 0 180 0 -0 0 0 0.00845594 11.9832 0 -180 0 -0 0 -0 0 180
0 -180 0 0 0 -180 0 -180 0.189382 157.369 0 -180 0 -180 0 0 0 -180
0 180 0 -0 0 180 0 180 0.809796 -11.6497 0 180 0 180 0 -0 0 180
inside=1 lambda=0.647 phi=15 theta=45
0 -180 0 -180 0 -180 0 0 0.18499 157.504 0 0 0 -180 0 -180 0 -180
0 180 0 180 0 180 0 -0 0.81427 -11.5287 0 -0 0 180 0 180 0 180
0 -180 0 -0 0 0 0 -180 0.00886114 -30.0682 0 0 0 0 0 180 0 -180
0 180 0 0 0 -0 0 180 0.00976667 12.0106 0 -0 0 -0 0 -180 0 180
0 -180 0 -180 0 0 0 -0 0.00886114 -30.0682 0 180 0 0 0 0 0 -180
0 180 0 180 0 -0 0 0 0.00976667 12.0106 0 -180 0 -0 0 -0 0 180
0 -180 0 0 0 -180 0 -180 0.18499 157.504 0 -180 0 -180 0 0 0 -180
0 180 0 -0 0 180 0 180 0.81427 -11.5287 0 180 0 180 0 -0 0 180
inside=1 lambda=0.647 phi=20 theta=0
0 180 0 -180 0 -180 0 0 0.165805 124.088 0 0 0 180 0 -180 0 -180
0 180 0 180 0 180 0 -0 0.831044 -28.9778 0 -0 0 180 0 180 0 180
0 180 0 -0 0 0 0 0 1.63188e-13 24.9003 0 0 0 -0 0 180 0 -180
0 180 0 0 0 -0 0 0 6.42345e-13 -120.858 0 0 0 -0 0 -180 0 180
0 -180 0 -180 0 0 0 -180 1.3323e-13 11.0942 0 0 0 0 0 0 0 -180
0 180 0 180 0 -0 0 -0 1.32707e-13 -116.927 0 -0 0 -0 0 -0 0 180
0 -180 0 0 0 -180 0 -180 0.195859 123.313 0 -180 0 -180 0 0 0 -180
0 180 0 -0 0 180 0 180 0.798884 -29.824 0 180 0 180 0 -0 0 180
inside=1 lambda=0.647 phi=20 theta=15
0 180 0 -180 0 -180 0 0 0.167817 124.023 0 0 0 180 0 -180 0 -180
0 180 0 180 0 180 0 -0 0.828882 -29.0324 0 -0 0 180 0 180 0 180
0 -180 0 -0 0 0 0 -180 0.00757727 -62.9272 0 0 0 -0 0 180 0 -180
0 180 0 0 0 -0 0 180 0.0087608 -6.04552 0 -0 0 -0 0 -180 0 180
0 -180 0 -180 0 0 0 -0 0.00757286 -62.7261 0 0 0 0 0 0 0 -180
0 180 0 180 0 -0 0 0 0.00874586 -6.23036 0 -180 0 -0 0 -0 0 180
0 -180 0 0 0 -180 0 -180 0.193845 123.355 0 -180 0 -180 0 0 0 -180
0 180 0 -0 0 180 0 180 0.801031 -29.7651 0 180 0 180 0 -0 0 180
inside=1 lambda=0.647 phi=20 theta=30
0 180 0 -180 0 -180 0 0 0.173314 123.858 0 0 0 180 0 -180 0 -180
0 180 0 180 0 180 0 -0 0.822981 -29.1829 0 -0 0 180 0 180 0 180
0 -180 0 -0 0 0 0 -180 0.0131227 -62.8814 0 0 0 0 0 180 0 -180
0 180 0 0 0 -0 0 180 0.0151678 -6.09221 0 -0 0 -0 0 -180 0 180
0 -180 0 -180 0 0 0 -0 0.0131183 -62.7656 0 0 0 0 0 0 0 -180
0 180 0 180 0 -0 0 0 0.0151529 -6.1987 0 -180 0 -0 0 -0 0 180
0 -180 0 0 0 -180 0 -180 0.188342 123.474 0 -180 0 -180 0 0 0 -180
0 180 0 -0 0 180 0 180 0.806901 -29.6059 0 180 0 180 0 -0 0 180
inside=1 lambda=0.647 phi=20 theta=45
0 -180 0 -180 0 -180 0 0 0.180827 123.655 0 0 0 180 0 -180 0 -180
0 180 0 180 0 180 0 -0 0.814934 -29.3923 0 -0 0 180 0 180 0 180
0 -180 0 -0 0 0 0 -180 0.0151504 -62.822 0 0 0 0 0 0 0 -180
0 180 0 0 0 -0 0 180 0.0175052 -6.1492 0 -0 0 -0 0 -180 0 180
0 -180 0 -180 0 0 0 -0 0.0151504 -62.822 0 0 0 0 0 0 0 -180
0 180 0 180 0 -0 0 0 0.0175052 -6.1492 0 -180 0 -0 0 -0 0 180
0 -180 0 0 0 180 0 -180 0.180827 123.655 0 -180 0 -180 0 0 0 -180
0 180 0 -0 0 180 0 180 0.814934 -29.3923 0 180 0 180 0 -0 0 180
inside=1 lambda=0.647 phi=25 theta=0
0 180 0 -180 0 -180 0 0 0.150357 79.6842 0 0 0 180 0 -180 0 -180
0 180 0 180 0 0 0 -0 0.841738 -51.4619 0 -180 0 180 0 180 0 0
0 180 0 -0 0 0 0 180 3.10079e-13 157.008 0 180 0 -0 0 180 0 -180
0 180 0 0 0 -180 0 -0 5.30413e-13 35.8429 0 -180 0 -0 0 -180 0 0
0 -180 0 -180 0 0 0 180 3.04269e-13 134.891 0 180 0 0 0 0 0 -180
0 180 0 180 0 -0 0 -0 7.59973e-13 44.0149 0 0 0 -0 0 -0 0 180
0 -180 0 0 0 -180 0 -180 0.193509 78.3517 0 -180 0 -180 0 0 0 -180
0 180 0 -0 0 180 0 0 0.791089 -52.8147 0 180 0 180 0 -0 0 180
inside=1 lambda=0.647 phi=25 theta=15
0 180 0 -180 0 -180 0 0 0.153244 79.5619 0 0 0 180 0 -180 0 -180
0 180 0 180 0 0 0 -0 0.838325 -51.5474 0 -180 0 180 0 180 0 0
0 180 0 -0 0 0 0 -180 0.0109327 -108.453 0 0 0 -0 0 180 0 -180
0 180 0 0 0 -180 0 180 0.0138542 -28.2931 0 -180 0 -0 0 -180 0 0
0 -180 0 -180 0 0 0 -180 0.0109163 -108.116 0 180 0 0 0 0 0 -180
0 180 0 180 0 -0 0 0 0.0138148 -28.6007 0 -180 0 -0 0 -180 0 180
0 -180 0 0 0 -180 0 -180 0.190618 78.414 0 -180 0 -180 0 0 0 -180
0 180 0 -0 0 180 0 0 0.794461 -52.7186 0 180 0 0 0 -180 0 0
inside=1 lambda=0.647 phi=25 theta=30
0 180 0 -180 0 -180 0 0 0.161137 79.2566 0 0 0 180 0 -180 0 -180
0 180 0 180 0 0 0 -0 0.829017 -51.7844 0 -180 0 180 0 180 0 0
0 180 0 -0 0 0 0 -180 0.0189304 -108.372 0 0 0 -0 0 180 0 -180
0 180 0 0 0 -180 0 180 0.023978 -28.3784 0 -180 0 -0 0 -180 0 0
0 -180 0 -180 0 0 0 -0 0.0189141 -108.178 0 180 0 0 0 0 0 -180
0 180 0 180 0 -0 0 0 0.023939 -28.5551 0 -180 0 -180 0 -180 0 0
0 -180 0 0 0 -180 0 -180 0.182718 78.6008 0 -180 0 -180 0 0 0 -180
0 180 0 -0 0 180 0 180 0.803691 -52.4602 0 180 0 0 0 -180 0 0
inside=1 lambda=0.647 phi=25 theta=45
0 180 0 -180 0 -180 0 0 0.171925 78.8995 0 0 0 180 0 -180 0 -180
0 180 0 180 0 0 0 -0 0.816334 -52.117 0 -180 0 180 0 180 0 0
0 -180 0 -0 0 0 0 -180 0.0218498 -108.271 0 0 0 0 0 180 0 -180
0 180 0 0 0 -180 0 180 0.0276628 -28.4765 0 -180 0 -0 0 -180 0 0
0 -180 0 -180 0 0 0 -0 0.0218498 -108.271 0 180 0 0 0 0 0 -180
0 180 0 180 0 -0 0 0 0.0276628 -28.4765 0 -180 0 -180 0 -180 0 0
0 180 0 0 0 180 0 -180 0.171925 78.8995 0 -180 0 -180 0 0 0 -180
0 180 0 -0 0 180 0 180 0.816334 -52.117 0 180 0 0 0 -180 0 0
inside=1 lambda=0.647 phi=30 theta=0
0 180 0 180 0 -180 0 -0 0.133971 23.8853 0 0 0 180 0 180 0 -180
0 180 0 180 0 0 0 -0 0.855101 -78.5151 0 -180 0 180 0 180 0 0
0 180 0 -0 0 0 0 0 1.44048e-12 -83.7945 0 180 0 -0 0 180 0 -180
0 180 0 0 0 -180 0 -0 3.40183e-12 -167.973 0 -0 0 -0 0 -180 0 0
0 -180 0 -180 0 0 0 -0 1.55423e-12 -84.8274 0 -0 0 0 0 0 0 -180
0 0 0 0 0 -180 0 180 3.99625e-12 -168.78 0 -0 0 -180 0 -180 0 0
0 -180 0 0 0 -180 0 -180 0.191865 20.1423 0 -180 0 -180 0 0 0 -180
0 0 0 -180 0 0 0 0 0.780836 -80.631 0 0 0 0 0 -180 0 0
inside=1 lambda=0.647 phi=30 theta=15
0 180 0 180 0 -180 0 -0 0.137823 23.5146 0 0 0 180 0 180 0 -180
0 180 0 180 0 0 0 -0 0.850079 -78.6456 0 -180 0 180 0 180 0 0
0 180 0 -0 0 0 0 -180 0.0149338 -170.547 0 0 0 -0 0 180 0 -180
0 180 0 0 0 -180 0 180 0.0205559 -54.2823 0 -180 0 -0 0 -180 0 0
0 -180 0 -180 0 0 0 -0 0.0148828 -170.081 0 180 0 0 0 0 0 -180
0 0 0 0 0 -0 0 0 0.0204606 -54.7459 0 -180 0 -180 0 -180 0 0
0 -180 0 0 0 -180 0 -180 0.187976 20.3044 0 -180 0 -180 0 0 0 -180
0 180 0 -180 0 180 0 0 0.785761 -80.4768 0 0 0 0 0 -180 0 0
inside=1 lambda=0.647 phi=30 theta=30
0 180 0 -180 0 -180 0 0 0.148377 22.6151 0 0 0 180 0 180 0 -180
0 180 0 0 0 0 0 -0 0.836392 -79.0096 0 -180 0 180 0 180 0 0
0 180 0 -0 0 0 0 -180 0.0258466 -170.424 0 0 0 -0 0 180 0 -180
0 180 0 0 0 -180 0 180 0.0355554 -54.4256 0 -180 0 -0 0 -180 0 0
0 -180 0 -180 0 -0 0 -0 0.0257965 -170.159 0 180 0 0 0 0 0 -180
0 180 0 0 0 -0 0 0 0.0354618 -54.6905 0 -180 0 -180 0 -180 0 0
0 180 0 0 0 180 0 -180 0.17735 20.7971 0 -180 0 -180 0 0 0 -180
0 180 0 -0 0 180 0 0 0.799254 -80.0654 0 0 0 0 0 -180 0 0
inside=1 lambda=0.647 phi=30 theta=45
0 180 0 -180 0 -180 0 0 0.162845 21.607 0 0 0 180 0 180 0 -180
0 180 0 0 0 0 0 -0 0.817775 -79.5256 0 -180 0 180 0 180 0 0
0 180 0 -0 0 0 0 -180 0.0298159 -170.28 0 0 0 -0 0 180 0 -180
0 180 0 0 0 -180 0 0 0.0409947 -54.5796 0 -180 0 -0 0 -180 0 0
0 180 0 -180 0 -0 0 -0 0.0298159 -170.28 0 180 0 0 0 0 0 -180
0 180 0 0 0 -0 0 0 0.0409947 -54.5796 0 -180 0 -180 0 -180 0 0
0 180 0 0 0 180 0 -180 0.162845 21.607 0 180 0 -180 0 0 0 -180
0 180 0 -0 0 180 0 0 0.817775 -79.5256 0 180 0 0 0 -180 0 0
inside=1 lambda=0.647 phi=35 theta=0
0 180 0 180 0 -180 0 -0 0.120706 -41.3328 0 0 0 180 0 180 0 -180
0 180 0 0 0 0 0 -180 0.871294 -109.792 0 -180 0 180 0 0 0 0
0 180 0 -0 0 0 0 180 3.43714e-13 30.174 0 -0 0 -0 0 180 0 -180
0 180 0 -0 0 -180 0 180 6.07244e-13 -18.2032 0 0 0 -0 0 180 0 0
0 -180 0 -180 0 0 0 180 2.2854e-13 28.8814 0 -0 0 0 0 0 0 -180
0 0 0 0 0 -180 0 -180 6.62863e-13 -23.7825 0 -180 0 -180 0 -180 0 0
0 -180 0 0 0 -180 0 -180 0.208267 -50.0349 0 -180 0 -180 0 0 0 -180
0 0 0 -180 0 0 0 0 0.765022 -113.014 0 0 0 0 0 -180 0 0
inside=1 lambda=0.647 phi=35 theta=15
0 180 0 180 0 -180 0 -0 0.126414 -42.3351 0 0 0 180 0 180 0 -180
0 180 0 0 0 0 0 -180 0.864069 -109.985 0 -180 0 180 0 0 0 0
0 180 0 -0 0 0 0 -180 0.0230417 116.458 0 0 0 -0 0 180 0 -180
0 180 0 -0 0 -180 0 0 0.0297603 -84.7444 0 -180 0 -0 0 180 0 0
0 180 0 -180 0 -0 0 -0 0.0229409 117.007 0 180 0 0 0 0 0 -180
0 0 0 0 0 -180 0 -0 0.0295498 -85.3744 0 180 0 -180 0 -180 0 0
0 180 0 -0 0 180 0 -180 0.20232 -49.7185 0 -180 0 -180 0 0 0 -180
0 0 0 -180 0 0 0 0 0.772025 -112.771 0 0 0 0 0 -180 0 0
inside=1 lambda=0.647 phi=35 theta=30
0 180 0 180 0 -180 0 -0 0.142191 -44.6298 0 0 0 180 0 180 0 -180
0 180 0 0 0 0 0 -180 0.844405 -110.526 0 -180 0 180 0 0 0 0
0 180 0 -0 0 0 0 -180 0.0398651 116.612 0 0 0 -0 0 180 0 -180
0 180 0 -0 0 -180 0 0 0.0514275 -84.9654 0 -180 0 -0 0 180 0 0
0 180 0 180 0 -0 0 -0 0.039767 116.922 0 180 0 0 0 0 0 -180
0 0 0 0 0 -180 0 -0 0.0512241 -85.3227 0 180 0 -180 0 -180 0 0
0 180 0 -0 0 180 0 -180 0.186096 -48.7243 0 180 0 -180 0 0 0 -180
0 0 0 -180 0 180 0 0 0.791253 -112.129 0 0 0 0 0 -180 0 0
inside=1 lambda=0.647 phi=35 theta=45
0 180 0 180 0 -180 0 -0 0.164039 -46.9853 0 0 0 180 0 180 0 -180
0 180 0 0 0 0 0 -180 0.817721 -111.302 0 -180 0 180 0 0 0 0
0 180 0 -0 0 0 0 180 0.0459715 116.784 0 0 0 -0 0 180 0 -180
0 0 0 -0 0 -180 0 0 0.0592447 -85.1848 0 -180 0 -0 0 180 0 0
0 180 0 180 0 -0 0 -0 0.0459715 116.784 0 180 0 0 0 0 0 -180
0 0 0 0 0 -0 0 -0 0.0592447 -85.1848 0 180 0 -180 0 -180 0 0
0 180 0 -0 0 180 0 180 0.164039 -46.9853 0 180 0 -180 0 0 0 -180
0 180 0 -180 0 180 0 0 0.817721 -111.302 0 0 0 0 0 -180 0 0
inside=1 lambda=0.647 phi=40 theta=0
0 180 0 180 0 -180 0 -0 0.10547 -112.829 0 0 0 180 0 180 0 -180
0 180 0 0 0 -0 0 -180 0.891777 -144.889 0 180 0 180 0 0 0 -0
0 180 0 -0 0 0 0 -0 9.80813e-14 68.4662 0 -0 0 -0 0 180 0 -180
0 0 0 -0 0 180 0 -0 1.29916e-13 -167.675 0 -0 0 -180 0 180 0 -0
0 -180 0 -180 0 0 0 180 4.93551e-14 -111.144 0 -0 0 0 0 0 0 -180
0 0 0 -0 0 -180 0 0 9.65529e-14 111.44 0 -0 0 -180 0 180 0 0
0 -180 0 0 0 -180 0 -180 0.2492 -123.578 0 -180 0 -180 0 0 0 -180
0 0 0 180 0 0 0 -0 0.741392 -149.345 0 0 0 0 0 180 0 0
inside=1 lambda=0.647 phi=40 theta=15
0 180 0 180 0 -180 0 -0 0.114784 -114.479 0 0 0 180 0 180 0 -180
0 0 0 0 0 -0 0 -180 0.881505 -145.146 0 180 0 180 0 0 0 -0
0 180 0 -0 0 0 0 180 0.0370671 46.5792 0 0 0 -0 0 180 0 -180
0 0 0 -0 0 180 0 0 0.0419775 -120.818 0 180 0 -180 0 180 0 -0
0 180 0 -180 0 -0 0 -0 0.0369401 47.3577 0 180 0 0 0 0 0 -180
0 0 0 0 0 -180 0 -0 0.041579 -121.628 0 180 0 180 0 180 0 -0
0 180 0 -0 0 180 0 -180 0.239454 -123.323 0 180 0 -180 0 0 0 -180
0 0 0 -180 0 0 0 -0 0.751246 -148.994 0 0 0 -0 0 180 0 -0
inside=1 lambda=0.647 phi=40 theta=30
0 180 0 180 0 -180 0 -0 0.140662 -117.811 0 0 0 180 0 180 0 -180
0 0 0 0 0 -0 0 -180 0.853585 -145.87 0 180 0 180 0 0 0 -0
0 180 0 -0 0 0 0 180 0.0641498 46.7949 0 0 0 -0 0 180 0 -180
0 0 0 -0 0 180 0 0 0.0724542 -121.147 0 180 0 -180 0 180 0 -0
0 180 0 180 0 -0 0 -0 0.06403 47.2247 0 180 0 0 0 0 0 -180
0 0 0 0 0 -180 0 -0 0.0720796 -121.602 0 180 0 180 0 180 0 -0
0 180 0 -0 0 180 0 -180 0.212824 -122.442 0 180 0 -180 0 0 0 -180
0 0 0 -180 0 0 0 -0 0.778354 -148.079 0 0 0 -0 0 180 0 -0
inside=1 lambda=0.647 phi=40 theta=45
0 180 0 180 0 -180 0 -0 0.17658 -120.666 0 0 0 180 0 180 0 -180
0 0 0 0 0 -0 0 -180 0.815771 -146.926 0 180 0 180 0 0 0 -0
0 180 0 -0 0 0 0 180 0.074 47.0293 0 0 0 -0 0 180 0 -180
0 0 0 -0 0 180 0 0 0.0833954 -121.445 0 180 0 -180 0 180 0 -0
0 180 0 180 0 -0 0 -0 0.074 47.0293 0 180 0 0 0 0 0 -180
0 0 0 0 0 -180 0 -0 0.0833954 -121.445 0 180 0 180 0 180 0 -0
0 180 0 -0 0 180 0 180 0.17658 -120.666 0 180 0 -180 0 0 0 -180
0 0 0 -180 0 180 0 0 0.815771 -146.926 0 0 0 -0 0 180 0 -0
inside=1 lambda=0.647 phi=45 theta=0
0 180 0 180 0 -180 0 -0 0.0843368 166.007 0 0 0 180 0 180 0 -180
0 0 0 0 0 -0 0.00572815 115.379 0.917871 176.613 0 180 0 0 0 0 0 -0
0 180 0 -0 0 0 0 180 6.39933e-14 11.3541 0 -180 0 -0 0 180 0 -180
0 0 0 -180 0 180 2.4139e-13 -135.699 2.80159e-13 99.8676 0 -180 0 -180 0 0 0 -0
0 -180 0 -180 0 0 0 180 4.82559e-13 76.6639 0 -0 0 0 0 0 0 -180
0 -0 0 -0 0 180 1.04101e-14 1.78196 1.26345e-12 82.9455 0 -0 0 180 0 180 0 -0
0 -180 0 0 0 -180 0 -180 0.284335 163.013 0 -180 0 -180 0 0 0 -180
0 -0 0 180 0 -0 0.0348101 -49.1097 0.714305 171.127 0 -0 0 -0 0 180 0 -0
inside=1 lambda=0.647 phi=45 theta=15
0 180 0 180 0 -180 0 -0 0.0973451 165.168 0 0 0 180 0 180 0 -180
0 0 0 0 0 -0 0 -180 0.904107 176.295 0 180 0 0 0 0 0 -0
0 180 0 -0 0 0 0 180 0.0504236 -21.1226 0 0 0 -0 0 180 0 -180
0 0 0 -180 0 180 0 -0 0.0561315 -161.421 0 180 0 -180 0 0 0 -0
0 -180 0 -180 0 -0 0 -0 0.0502978 -19.8425 0 0 0 0 0 0 0 -180
0 -0 0 -0 0 -180 0 -0 0.0554646 -162.492 0 0 0 180 0 180 0 -0
0 -180 0 0 0 180 0 -180 0.271054 162.972 0 -180 0 -180 0 0 0 -180
0 0 0 180 0 0 0 -0 0.727667 171.571 0 -0 0 -0 0 180 0 -0
inside=1 lambda=0.647 phi=45 theta=30
0 180 0 180 0 -180 0 -0 0.133817 163.889 0 0 0 180 0 180 0 -180
0 0 0 0 0 -0 0 -180 0.866238 175.428 0 180 0 0 0 0 0 -0
0 180 0 -0 0 0 0 180 0.0873543 -20.7682 0 0 0 -0 0 180 0 -180
0 0 0 -180 0 180 0 -0 0.0967363 -161.936 0 180 0 -180 0 0 0 -0
0 180 0 -180 0 -0 0 -0 0.0872498 -20.0846 0 180 0 0 0 0 0 -180
0 0 0 -0 0 -180 0 -180 0.0961446 -162.531 0 0 0 180 0 180 0 -0
0 180 0 -0 0 180 0 -180 0.234282 162.921 0 180 0 -180 0 0 0 -180
0 0 0 -180 0 0 0 -0 0.764309 172.731 0 -0 0 -0 0 180 0 -0
inside=1 lambda=0.647 phi=45 theta=45
0 180 0 180 0 -180 0 -0 0.183986 163.143 0 0 0 180 0 180 0 -180
0 0 0 -0 0 -0 0 -180 0.814981 174.155 0 180 0 0 0 0 0 -0
0 180 0 -0 0 0 0 180 0.100828 -20.4015 0 0 0 -0 0 180 0 -180
0 0 0 -180 0 180 0 -0 0.111256 -162.355 0 180 0 -180 0 0 0 -0
0 180 0 180 0 -0 0 -0 0.100828 -20.4015 0 180 0 0 0 0 0 -180
0 0 0 -0 0 -180 0 -180 0.111256 -162.355 0 0 0 180 0 180 0 -0
0 180 0 -0 0 180 0 180 0.183986 163.143 0 180 0 -180 0 0 0 -180
0 0 0 -180 0 0 0 -0 0.814981 174.155 0 0 0 -0 0 180 0 -0
