RSoft_BSDF_File_Version 2
1 0 5 2 1 1.00571
0.3 0.3
-1 1
-1 1
1 0.647 0.647
10 0 45 0.5
4 0 45
Begin_Dispersion_Data
0.647 1.45662 0 1 0 0
End_Dispersion_Data
inside=0 lambda=0.647 phi=0 theta=0
0 -180 0 -180 0 -180 0 0 0.0923936 13.0784 0 0 0 -180 0 -180 0 -180
0 0 0 0 0 0 0 -180 1.20174 -101.662 0 -180 0 0 0 0 0 0
0 -180 0 0 0 0 0 -0 1.96757e-12 96.1278 0 -0 0 0 0 0 0 -180
0 0 0 180 0 -180 0 0 4.66952e-12 166.906 0 0 0 -180 0 -0 0 0
0 -180 0 -180 0 0 0 -180 1.88586e-12 154.374 0 180 0 0 0 -0 0 -180
0 0 0 180 0 -180 0 0 4.19363e-12 -169.678 0 0 0 -180 0 0 0 0
0 -180 0 0 0 -180 0 -180 0.0923936 13.0784 0 -180 0 -180 0 0 0 -180
0 0 0 -180 0 0 0 0 1.20174 -101.662 0 0 0 0 0 -180 0 0
inside=0 lambda=0.647 phi=0 theta=15
0 -180 0 -180 0 -180 0 0 0.0923936 13.0784 0 0 0 -180 0 -180 0 -180
0 0 0 0 0 0 0 -180 1.20174 -101.662 0 -180 0 0 0 0 0 0
0 -180 0 0 0 0 0 -0 1.96757e-12 96.1278 0 -0 0 0 0 0 0 -180
0 0 0 180 0 -180 0 0 4.66952e-12 166.906 0 0 0 -180 0 -0 0 0
0 -180 0 -180 0 0 0 -180 1.88586e-12 154.374 0 180 0 0 0 -0 0 -180
0 0 0 180 0 -180 0 0 4.19363e-12 -169.678 0 0 0 -180 0 0 0 0
0 -180 0 0 0 -180 0 -180 0.0923936 13.0784 0 -180 0 -180 0 0 0 -180
0 0 0 -180 0 0 0 0 1.20174 -101.662 0 0 0 0 0 -180 0 0
inside=0 lambda=0.647 phi=0 theta=30
0 -180 0 -180 0 -180 0 0 0.0923936 13.0784 0 0 0 -180 0 -180 0 -180
0 0 0 0 0 0 0 -180 1.20174 -101.662 0 -180 0 0 0 0 0 0
0 -180 0 0 0 0 0 -0 1.96757e-12 96.1278 0 -0 0 0 0 0 0 -180
0 0 0 180 0 -180 0 0 4.66952e-12 166.906 0 0 0 -180 0 -0 0 0
0 -180 0 -180 0 0 0 -180 1.88586e-12 154.374 0 180 0 0 0 -0 0 -180
0 0 0 180 0 -180 0 0 4.19363e-12 -169.678 0 0 0 -180 0 0 0 0
0 -180 0 0 0 -180 0 -180 0.0923936 13.0784 0 -180 0 -180 0 0 0 -180
0 0 0 -180 0 0 0 0 1.20174 -101.662 0 0 0 0 0 -180 0 0
inside=0 lambda=0.647 phi=0 theta=45
0 -180 0 -180 0 -180 0 0 0.0923936 13.0784 0 0 0 -180 0 -180 0 -180
0 0 0 0 0 0 0 -180 1.20174 -101.662 0 -180 0 0 0 0 0 0
0 -180 0 0 0 0 0 -0 1.96757e-12 96.1278 0 -0 0 0 0 0 0 -180
0 0 0 180 0 -180 0 0 4.66952e-12 166.906 0 0 0 -180 0 -0 0 0
0 -180 0 -180 0 0 0 -180 1.88586e-12 154.374 0 180 0 0 0 -0 0 -180
0 0 0 180 0 -180 0 0 4.19363e-12 -169.678 0 0 0 -180 0 0 0 0
0 -180 0 0 0 -180 0 -180 0.0923936 13.0784 0 -180 0 -180 0 0 0 -180
0 0 0 -180 0 0 0 0 1.20174 -101.662 0 0 0 0 0 -180 0 0
inside=0 lambda=0.647 phi=5 theta=0
0 -180 0 -180 0 -180 0 0 0.0956947 16.1992 0 0 0 -180 0 -180 0 -180
0 0 0 0 0 0 0 -180 1.19878 -105.655 0 -180 0 0 0 0 0 0
0 -180 0 -180 0 0 0 -180 2.79705e-13 76.4783 0 -180 0 0 0 0 0 -180
0 0 0 -0 0 -180 0 180 1.43333e-12 165.491 0 -180 0 -180 0 180 0 0
0 -180 0 -180 0 0 0 180 2.27308e-13 35.3121 0 0 0 0 0 0 0 -180
0 0 0 0 0 -180 0 0 1.0677e-12 155.865 0 -180 0 -180 0 -180 0 0
0 -180 0 0 0 -180 0 -180 0.097309 16.5552 0 -180 0 -180 0 0 0 -180
0 0 0 -180 0 0 0 0 1.20377 -105.797 0 0 0 0 0 -180 0 0
inside=0 lambda=0.647 phi=5 theta=15
0 -180 0 -180 0 -180 0 0 0.0958032 16.2234 0 0 0 -180 0 -180 0 -180
0 0 0 0 0 0 0 -180 1.19911 -105.665 0 -180 0 0 0 0 0 0
0 -180 0 -180 0 0 0 -180 0.000479632 -143.685 0 0 0 0 0 180 0 -180
0 0 0 -0 0 -180 0 0 0.00178624 28.3402 0 -180 0 -180 0 180 0 0
0 -180 0 -180 0 0 0 -180 0.000479308 -143.682 0 180 0 0 0 0 0 -180
0 0 0 0 0 -180 0 -0 0.00178189 28.4565 0 180 0 -180 0 -180 0 0
0 -180 0 0 0 -180 0 -180 0.0972012 16.5317 0 -180 0 -180 0 0 0 -180
0 0 0 -180 0 0 0 0 1.20343 -105.787 0 0 0 0 0 -180 0 0
inside=0 lambda=0.647 phi=5 theta=30
0 -180 0 -180 0 -180 0 0 0.0960993 16.2893 0 0 0 -180 0 -180 0 -180
0 0 0 0 0 0 0 -180 1.20002 -105.691 0 -180 0 0 0 0 0 0
0 -180 0 -180 0 0 0 -180 0.000830629 -143.685 0 0 0 0 0 180 0 -180
0 0 0 -0 0 -180 0 0 0.00309223 28.365 0 -180 0 -180 0 180 0 0
0 -180 0 -180 0 0 0 -180 0.000830305 -143.683 0 180 0 0 0 0 0 -180
0 0 0 0 0 -180 0 -0 0.00308789 28.4322 0 180 0 -180 0 -180 0 0
0 -180 0 0 0 -180 0 -180 0.0969065 16.4673 0 -180 0 -180 0 0 0 -180
0 0 0 -180 0 0 0 0 1.20252 -105.761 0 0 0 0 0 -180 0 0
inside=0 lambda=0.647 phi=5 theta=45
0 -180 0 -180 0 -180 0 0 0.0965032 16.3787 0 0 0 -180 0 -180 0 -180
0 0 0 0 0 0 0 -180 1.20127 -105.726 0 -180 0 0 0 0 0 0
0 -180 0 -180 0 0 0 -180 0.000958941 -143.684 0 0 0 0 0 180 0 -180
0 0 0 -0 0 -180 0 0 0.00356808 28.3988 0 -180 0 -180 0 180 0 0
0 -180 0 -180 0 0 0 -180 0.000958941 -143.684 0 180 0 0 0 0 0 -180
0 0 0 0 0 -180 0 -0 0.00356808 28.3988 0 180 0 -180 0 -180 0 0
0 -180 0 0 0 -180 0 -180 0.0965032 16.3787 0 -180 0 -180 0 0 0 -180
0 0 0 -180 0 0 0 0 1.20127 -105.726 0 0 0 0 0 -180 0 0
inside=0 lambda=0.647 phi=10 theta=0
0 -180 0 -180 0 -180 0 0 0.108796 21.7495 0 0 0 -180 0 -180 0 -180
0 0 0 0 0 0 0 -180 1.18914 -117.622 0 -180 0 0 0 0 0 0
0 -180 0 -180 0 0 0 0 6.67103e-13 -133.283 0 180 0 0 0 0 0 -180
0 0 0 -0 0 -180 0 -0 5.17365e-13 75.8211 0 180 0 -180 0 180 0 0
0 -180 0 -180 0 0 0 -0 2.41844e-13 92.1437 0 -180 0 0 0 0 0 -180
0 0 0 0 0 -180 0 0 3.682e-13 147.887 0 -0 0 -180 0 -180 0 0
0 -180 0 0 0 -180 0 -180 0.118469 22.9047 0 -180 0 -180 0 0 0 -180
0 0 0 -180 0 0 0 0 1.20909 -118.224 0 0 0 0 0 -180 0 0
inside=0 lambda=0.647 phi=10 theta=15
0 -180 0 -180 0 -180 0 0 0.109449 21.832 0 0 0 -180 0 -180 0 -180
0 0 0 0 0 0 0 -180 1.19046 -117.664 0 -180 0 0 0 0 0 0
0 -180 0 -180 0 0 0 -180 0.00266258 -145.156 0 0 0 0 0 0 0 -180
0 0 0 -0 0 -180 0 0 0.00736063 14.5099 0 -180 0 -180 0 180 0 0
0 -180 0 -180 0 0 0 -180 0.00265793 -145.136 0 180 0 0 0 0 0 -180
0 0 0 0 0 -180 0 -0 0.00728484 14.9662 0 180 0 -180 0 -180 0 0
0 -180 0 0 0 -180 0 -180 0.117827 22.832 0 -180 0 -180 0 0 0 -180
0 0 0 -180 0 0 0 0 1.20774 -118.185 0 0 0 0 0 -180 0 0
inside=0 lambda=0.647 phi=10 theta=30
0 -180 0 -180 0 -180 0 0 0.111232 22.0532 0 0 0 -180 0 -180 0 -180
0 0 0 0 0 0 0 -180 1.19409 -117.777 0 -180 0 0 0 0 0 0
0 -180 0 -180 0 0 0 -180 0.00461004 -145.152 0 0 0 0 0 180 0 -180
0 0 0 -0 0 -180 0 0 0.0127192 14.6108 0 -180 0 -180 0 180 0 0
0 -180 0 -180 0 0 0 -180 0.00460539 -145.14 0 180 0 0 0 0 0 -180
0 0 0 0 0 -180 0 -0 0.0126434 14.8741 0 180 0 -180 0 -180 0 0
0 -180 0 0 0 -180 0 -180 0.116069 22.6301 0 -180 0 -180 0 0 0 -180
0 0 0 -180 0 0 0 0 1.20406 -118.078 0 0 0 0 0 -180 0 0
inside=0 lambda=0.647 phi=10 theta=45
0 -180 0 -180 0 -180 0 0 0.113656 22.3465 0 0 0 -180 0 -180 0 -180
0 0 0 0 0 0 0 -180 1.19906 -117.929 0 -180 0 0 0 0 0 0
0 -180 0 -180 0 0 0 -180 0.00532054 -145.146 0 0 0 0 0 180 0 -180
0 0 0 -0 0 -180 0 0 0.0146419 14.7446 0 -180 0 -180 0 180 0 0
0 -180 0 -180 0 0 0 -180 0.00532054 -145.146 0 180 0 0 0 0 0 -180
0 0 0 0 0 -180 0 -0 0.0146419 14.7446 0 180 0 -180 0 -180 0 0
0 -180 0 0 0 -180 0 -180 0.113656 22.3465 0 -180 0 -180 0 0 0 -180
0 0 0 -180 0 0 0 0 1.19906 -117.929 0 0 0 0 0 -180 0 0
inside=0 lambda=0.647 phi=15 theta=0
0 180 0 -180 0 -180 0 0 0.130172 21.6821 0 0 0 180 0 -180 0 -180
0 0 0 0 0 -0 0 -180 1.17178 -137.516 0 180 0 0 0 0 0 -0
0 -180 0 -180 0 0 0 -0 6.14862e-13 -82.3957 0 0 0 0 0 0 0 -180
0 0 0 -0 0 -180 0 0 3.08096e-13 165.956 0 -180 0 -180 0 180 0 0
0 -180 0 -180 0 0 0 0 3.51034e-13 60.2176 0 0 0 0 0 0 0 -180
0 0 0 0 0 -180 0 180 6.8272e-13 -161.893 0 180 0 -180 0 -180 0 0
0 -180 0 0 0 -180 0 -180 0.163279 22.196 0 -180 0 -180 0 0 0 -180
0 0 0 -180 0 0 0 0 1.21597 -138.948 0 0 0 0 0 -180 0 0
inside=0 lambda=0.647 phi=15 theta=15
0 180 0 -180 0 -180 0 0 0.132419 21.7114 0 0 0 180 0 -180 0 -180
0 0 0 0 0 -0 0 -180 1.17466 -137.621 0 180 0 0 0 0 0 -0
0 -180 0 -180 0 0 0 -180 0.00858116 -156.211 0 0 0 0 0 180 0 -180
0 0 0 -0 0 -180 0 0 0.0170933 -8.08146 0 -180 0 -180 0 180 0 0
0 -180 0 -180 0 0 0 -180 0.00856383 -156.187 0 180 0 0 0 0 0 -180
0 0 0 0 0 -180 0 -0 0.0166521 -7.04273 0 180 0 -180 0 -180 0 0
0 -180 0 0 0 -180 0 -180 0.161093 22.1582 0 -180 0 -180 0 0 0 -180
0 0 0 -180 0 0 0 0 1.21293 -138.861 0 0 0 0 0 -180 0 0
inside=0 lambda=0.647 phi=15 theta=30
0 -180 0 -180 0 -180 0 0 0.138537 21.7966 0 0 0 180 0 -180 0 -180
0 0 0 0 0 0 0 -180 1.18259 -137.901 0 180 0 0 0 0 0 0
0 -180 0 -180 0 0 0 -180 0.0148567 -156.201 0 0 0 0 0 180 0 -180
0 0 0 -0 0 -180 0 0 0.0294166 -7.83959 0 -180 0 -180 0 180 0 0
0 -180 0 -180 0 0 0 -180 0.0148394 -156.186 0 180 0 0 0 0 0 -180
0 0 0 0 0 -180 0 -0 0.0289774 -7.24041 0 180 0 -180 0 -180 0 0
0 -180 0 0 0 -180 0 -180 0.155095 22.0565 0 -180 0 -180 0 0 0 -180
0 0 0 -180 0 0 0 0 1.20468 -138.616 0 0 0 0 0 -180 0 0
inside=0 lambda=0.647 phi=15 theta=45
0 -180 0 -180 0 -180 0 0 0.146846 21.9227 0 0 0 -180 0 -180 0 -180
0 0 0 0 0 0 0 -180 1.19356 -138.267 0 -180 0 0 0 0 0 0
0 -180 0 -180 0 0 0 -180 0.017145 -156.191 0 0 0 0 0 180 0 -180
0 0 0 -0 0 -180 0 0 0.0336981 -7.52896 0 -180 0 -180 0 180 0 0
0 -180 0 -180 0 0 0 -180 0.017145 -156.191 0 180 0 0 0 0 0 -180
0 0 0 0 0 -180 0 -0 0.0336981 -7.52896 0 180 0 -180 0 -180 0 0
0 -180 0 0 0 -180 0 -180 0.146846 21.9227 0 -180 0 -180 0 0 0 -180
0 0 0 -180 0 0 0 0 1.19356 -138.267 0 0 0 0 0 -180 0 0
inside=0 lambda=0.647 phi=20 theta=0
0 180 0 -180 0 -180 0 0 0.140931 13.7887 0 0 0 180 0 -180 0 -180
0 0 0 0 0 -0 0 -180 1.14776 -165.363 0 180 0 0 0 0 0 -0
0 180 0 -0 0 0 0 180 6.88617e-13 149.806 0 -0 0 -0 0 180 0 -180
0 0 0 -0 0 180 0 180 1.02681e-12 -18.5221 0 0 0 -180 0 180 0 -0
0 -180 0 -180 0 0 0 0 3.47034e-13 60.0043 0 180 0 0 0 0 0 -180
0 -0 0 -0 0 180 0 180 9.14634e-13 -107.064 0 -180 0 180 0 180 0 -0
0 -180 0 0 0 -180 0 -180 0.216937 9.74899 0 -180 0 -180 0 0 0 -180
0 -0 0 180 0 -0 0 -0 1.22651 -167.844 0 -0 0 -0 0 180 0 -0
inside=0 lambda=0.647 phi=20 theta=15
0 180 0 -180 0 -180 0 0 0.146014 13.3294 0 0 0 180 0 -180 0 -180
0 0 0 0 0 -0 0 -180 1.1528 -165.561 0 180 0 0 0 0 0 -0
0 180 0 -180 0 0 0 -180 0.0194211 -177.277 0 0 0 -0 0 180 0 -180
0 0 0 -0 0 180 0 0 0.0312943 -37.4826 0 180 0 -180 0 180 0 -0
0 -180 0 -180 0 0 0 -180 0.019404 -177.312 0 180 0 0 0 0 0 -180
0 -0 0 -0 0 -180 0 -0 0.0296524 -35.3716 0 180 0 180 0 180 0 -0
0 -180 0 0 0 -180 0 -180 0.211877 9.90018 0 -180 0 -180 0 0 0 -180
0 -0 0 180 0 0 0 -0 1.22098 -167.709 0 -0 0 -0 0 180 0 -0
inside=0 lambda=0.647 phi=20 theta=30
0 180 0 -180 0 -180 0 0 0.159933 12.2737 0 0 0 180 0 -180 0 -180
0 0 0 0 0 -0 0 -180 1.16674 -166.078 0 180 0 0 0 0 0 -0
0 -180 0 -180 0 0 0 -180 0.0336334 -177.245 0 0 0 -0 0 180 0 -180
0 0 0 -0 0 180 0 0 0.0534067 -36.9543 0 180 0 -180 0 180 0 -0
0 -180 0 -180 0 0 0 -180 0.0336171 -177.264 0 180 0 0 0 0 0 -180
0 0 0 -0 0 -180 0 -0 0.0517886 -35.7379 0 180 0 180 0 180 0 -0
0 -180 0 0 0 180 0 -180 0.198001 10.3702 0 -180 0 -180 0 0 0 -180
0 0 0 180 0 0 0 -0 1.20609 -167.316 0 0 0 -0 0 180 0 -0
inside=0 lambda=0.647 phi=20 theta=45
0 -180 0 -180 0 -180 0 0 0.178977 11.1827 0 0 0 180 0 -180 0 -180
0 0 0 -0 0 -0 0 -180 1.18618 -166.727 0 180 0 0 0 0 0 -0
0 -180 0 -180 0 0 0 -180 0.0388278 -177.235 0 0 0 0 0 180 0 -180
0 0 0 -0 0 180 0 -0 0.060631 -36.3056 0 180 0 -180 0 180 0 -0
0 -180 0 -180 0 0 0 -180 0.0388278 -177.235 0 180 0 0 0 0 0 -180
0 0 0 -0 0 -180 0 -0 0.060631 -36.3056 0 180 0 180 0 180 0 -0
0 -180 0 0 0 180 0 -180 0.178977 11.1827 0 -180 0 -180 0 0 0 -180
0 0 0 -180 0 0 0 -0 1.18618 -166.727 0 0 0 -0 0 180 0 -0
inside=0 lambda=0.647 phi=25 theta=0
0 180 0 180 0 -180 0 -0 0.121488 6.06779 0 0 0 180 0 180 0 -180
0 0 0 0 0 -0 0 180 1.11709 158.467 0 180 0 0 0 0 0 -0
0 180 0 -0 0 0 0 -0 3.62312e-13 40.8723 0 -180 0 -0 0 180 0 -180
0 -0 0 -180 0 180 0 -0 3.17398e-12 59.113 0 -0 0 180 0 0 0 -0
0 -180 0 -180 0 0 0 180 7.77466e-13 -98.4822 0 -180 0 0 0 0 0 -180
0 -0 0 -0 0 180 0 0 3.70324e-12 61.8696 0 -0 0 180 0 180 0 -0
0 -180 0 0 0 -180 0 -180 0.23048 -11.4011 0 -180 0 -180 0 0 0 -180
0 -0 0 180 0 -0 0 -0 1.25944 154.96 0 -0 0 -0 0 180 0 -0
inside=0 lambda=0.647 phi=25 theta=15
0 180 0 -180 0 -180 0 -0 0.127888 3.83673 0 0 0 180 0 180 0 -180
0 0 0 -0 0 -0 0 180 1.12613 158.121 0 180 0 0 0 0 0 -0
0 180 0 -0 0 0 0 -180 0.0293424 152.957 0 0 0 -0 0 180 0 -180
0 -0 0 -180 0 180 0 -0 0.0538352 -71.5664 0 180 0 180 0 0 0 -0
0 -180 0 -180 0 0 0 -180 0.029455 152.666 0 180 0 0 0 0 0 -180
0 -0 0 -0 0 180 0 -180 0.0492561 -67.3535 0 0 0 180 0 180 0 -0
0 -180 0 0 0 -180 0 -180 0.222783 -10.7969 0 -180 0 -180 0 0 0 -180
0 -0 0 180 0 -0 0 -0 1.24934 155.093 0 -0 0 -0 0 180 0 -0
inside=0 lambda=0.647 phi=25 theta=30
0 180 0 -180 0 -180 0 -0 0.146473 -1.01401 0 0 0 180 0 180 0 -180
0 -0 0 -0 0 -0 0 180 1.1512 157.275 0 180 0 -0 0 -0 0 -0
0 180 0 -180 0 0 0 -180 0.0508825 153.088 0 0 0 -0 0 180 0 -180
0 -0 0 -180 0 180 0 -0 0.0906555 -70.4191 0 180 0 180 0 0 0 -0
0 -180 0 -180 0 -0 0 -180 0.0509953 152.933 0 180 0 0 0 0 0 -180
0 -0 0 -0 0 180 0 -180 0.0862633 -67.9974 0 0 0 180 0 180 0 -0
0 -180 0 0 0 180 0 -180 0.201757 -8.93524 0 -180 0 -180 0 0 0 -180
0 -0 0 180 0 -0 0 -0 1.22229 155.536 0 -0 0 -0 0 180 0 -0
inside=0 lambda=0.647 phi=25 theta=45
0 180 0 -180 0 -180 0 0 0.173543 -5.66292 0 0 0 180 0 180 0 -180
0 -0 0 -0 0 -0 0 180 1.18628 156.311 0 180 0 -0 0 -0 0 -0
0 -180 0 -180 0 0 0 -180 0.0588274 153.1 0 0 0 -0 0 180 0 -180
0 -0 0 -180 0 180 0 -0 0.101704 -69.0839 0 180 0 180 0 0 0 -0
0 -180 0 -180 0 -0 0 -180 0.0588274 153.1 0 180 0 0 0 0 0 -180
0 -0 0 -0 0 180 0 -180 0.101704 -69.0839 0 0 0 180 0 180 0 -0
0 180 0 0 0 180 0 -180 0.173543 -5.66292 0 180 0 -180 0 0 0 -180
0 -0 0 180 0 -0 0 -0 1.18628 156.311 0 -0 0 -0 0 180 0 -0
inside=0 lambda=0.647 phi=30 theta=0
0 180 0 180 0 -180 0.0375575 -87.8065 0.100162 11.5929 0 0 0 180 0 180 0 -180
0 -0 0 -0 0 -180 0 180 1.06481 113.586 0 0 0 -0 0 -0 0 -180
0 180 0 -0 0 0 1.75512e-13 139.987 8.28728e-13 -21.5691 0 180 0 -0 0 180 0 -180
0 -0 0 -180 0 0 0 -0 2.64083e-12 -142.23 0 0 0 180 0 0 0 -180
0 -180 0 -180 0 0 1.13654e-13 -123.191 3.43581e-13 50.4818 0 -0 0 0 0 0 0 -180
0 -180 0 -180 0 180 0 0 3.0968e-12 -174.348 0 -0 0 0 0 0 0 -0
0 -180 0 0 0 -180 0.142067 -119.226 0.133658 -22.1918 0 -180 0 -180 0 0 0 -180
0 -180 0 0 0 -0 0 -180 1.34149 107.463 0 -0 0 -180 0 0 0 -0
inside=0 lambda=0.647 phi=30 theta=15
0 180 0 180 0 -180 0 -0 0.103137 8.2302 0 0 0 180 0 180 0 -180
0 -0 0 -0 0 -180 0 180 1.08481 112.751 0 0 0 -0 0 -0 0 -180
0 180 0 -0 0 0 0 -180 0.0145102 121.967 0 0 0 -0 0 180 0 -180
0 -0 0 -180 0 0 0 -0 0.102264 -116.598 0 0 0 180 0 0 0 -180
0 -180 0 -180 0 0 0 -180 0.0151238 119.016 0 180 0 0 0 0 0 -180
0 -0 0 -0 0 180 0 -180 0.0902609 -110.588 0 0 0 0 0 0 0 -180
0 -180 0 0 0 180 0 -180 0.13029 -18.939 0 -180 0 -180 0 0 0 -180
0 -0 0 180 0 -0 0 -180 1.32426 107.475 0 -0 0 -180 0 0 0 -180
inside=0 lambda=0.647 phi=30 theta=30
0 180 0 180 0 -180 0 -0 0.105971 1.63265 0 0 0 180 0 180 0 -180
0 -0 0 -0 0 -180 0 180 1.13231 110.855 0 0 0 -0 0 -0 0 -180
0 180 0 -0 0 0 0 -180 0.0254581 124.09 0 0 0 -0 0 180 0 -180
0 -0 0 -180 0 0 0 -0 0.168506 -114.981 0 0 0 180 0 0 0 -180
0 -180 0 -180 0 -0 0 -180 0.0259622 122.575 0 180 0 0 0 0 0 -180
0 -0 0 -0 0 180 0 -180 0.157934 -111.459 0 0 0 0 0 0 0 -180
0 180 0 0 0 180 0 -180 0.123158 -13.2411 0 -180 0 -180 0 0 0 -180
0 -0 0 180 0 -0 0 -0 1.27034 107.853 0 -0 0 -180 0 0 0 -180
inside=0 lambda=0.647 phi=30 theta=45
0 180 0 -180 0 -180 0 -0 0.113488 -5.94091 0 0 0 180 0 180 0 -180
0 -0 0 -0 0 -180 0 180 1.19988 109.033 0 0 0 -0 0 -0 0 -180
0 180 0 -180 0 0 0 -180 0.0297076 124.189 0 0 0 -0 0 180 0 -180
0 -0 0 -180 0 0 0 -0 0.186884 -113.036 0 0 0 180 0 0 0 -180
0 180 0 -180 0 -0 0 -180 0.0297076 124.189 0 180 0 0 0 0 0 -180
0 -0 0 -0 0 180 0 -180 0.186884 -113.036 0 0 0 0 0 0 0 -180
0 180 0 -0 0 180 0 -180 0.113488 -5.94091 0 180 0 -180 0 0 0 -180
0 -0 0 180 0 -0 0 -0 1.19988 109.033 0 -0 0 -180 0 0 0 -180
inside=0 lambda=0.647 phi=35 theta=0
0 180 0 180 0 -180 0.115838 -81.8354 0.0545275 -24.7352 0 0 0 180 0 180 0 -180
0 -0 0 -0 0 180 0 0 0.974035 59.565 0 -0 0 -0 0 -0 0 180
0 180 0 -0 0 0 2.07308e-13 120.477 1.49807e-12 -58.4905 0 180 0 -0 0 180 0 -180
0 -0 0 180 0 -0 0 -0 1.29223e-12 172.844 0 0 0 180 0 -0 0 180
0 -180 0 -180 0 0 2.54434e-13 -112.003 1.1862e-12 -69.9577 0 -180 0 0 0 0 0 -180
0 -180 0 -180 0 0 0 -180 2.28058e-12 125.704 0 -0 0 0 0 0 0 -180
0 -180 0 0 0 -180 0.204508 -98.8543 0.25722 28.972 0 -180 0 -180 0 0 0 -180
0 -180 0 0 0 -180 0 -180 1.40748 46.4667 0 -180 0 -180 0 0 0 -180
inside=0 lambda=0.647 phi=35 theta=15
0 180 0 180 0 -180 0.0883934 -88.1368 0.070113 -10.9276 0 0 0 180 0 180 0 -180
0 -0 0 -0 0 180 0 0 1.00012 57.5416 0 -0 0 -0 0 -0 0 180
0 180 0 -0 0 0 0.00525983 138.404 0.0620169 -137.263 0 0 0 -0 0 180 0 -180
0 -0 0 180 0 -0 0 -180 0.184716 179.941 0 -0 0 180 0 -0 0 180
0 -180 0 -180 0 0 0.048685 -122.154 0.0606944 -137.74 0 180 0 0 0 0 0 -180
0 -180 0 -180 0 0 0 180 0.152111 -173.774 0 -0 0 0 0 0 0 -180
0 -180 0 0 0 180 0.180745 -108.877 0.248608 28.1786 0 -180 0 -180 0 0 0 -180
0 -180 0 0 0 -180 0 -180 1.37284 46.3538 0 -180 0 -180 0 0 0 -180
inside=0 lambda=0.647 phi=35 theta=30
0 180 0 180 0 -180 0 -0 0.11443 4.7905 0 0 0 180 0 180 0 -180
0 -0 0 -0 0 180 0 0 1.07483 53.0426 0 -0 0 -0 0 -0 0 180
0 180 0 -180 0 0 0 -180 0.111251 -137.284 0 0 0 -0 0 180 0 -180
0 -180 0 180 0 -0 0 -180 0.294418 -179.545 0 -0 0 0 0 -0 0 180
0 180 0 -180 0 -0 0 -180 0.109754 -137.104 0 180 0 0 0 0 0 -180
0 -180 0 -180 0 0 0 180 0.262732 -175.488 0 -0 0 0 0 0 0 -180
0 180 0 -0 0 180 0 -180 0.219896 24.6723 0 -180 0 -180 0 0 0 -180
0 -180 0 0 0 -180 0 -180 1.28792 46.8129 0 -180 0 -180 0 0 0 -180
inside=0 lambda=0.647 phi=35 theta=45
0 180 0 -180 0 -180 0 -0 0.167769 17.028 0 0 0 180 0 180 0 -180
0 -0 0 -180 0 -180 0 0 1.17555 49.0285 0 0 0 -180 0 -180 0 -180
0 180 0 -180 0 0 0 -180 0.128423 -137.897 0 0 0 -0 0 180 0 -180
0 -180 0 180 0 0 0 -180 0.314244 -177.426 0 0 0 0 0 -0 0 -180
0 180 0 -180 0 -0 0 -180 0.128423 -137.897 0 180 0 0 0 0 0 -180
0 -180 0 -180 0 0 0 180 0.314244 -177.426 0 -0 0 0 0 0 0 -180
0 180 0 -0 0 180 0 -180 0.167769 17.028 0 180 0 -180 0 0 0 -180
0 -0 0 0 0 -180 0 -180 1.17555 49.0285 0 -180 0 -180 0 0 0 -180
inside=0 lambda=0.647 phi=40 theta=0
0 180 0 180 0 -180 0.180717 -74.7748 0.248379 141.067 0 0 0 180 0 180 0 -180
0 -180 0 -180 0 180 0 0 0.772027 -4.26168 0 -0 0 -180 0 -180 0 180
0 180 0 -0 0 0 2.1787e-13 -26.753 9.0563e-13 150.594 0 -0 0 -0 0 180 0 -180
0 -180 0 0 0 -0 0 -0 1.63845e-12 -95.8571 0 180 0 0 0 -180 0 180
0 -180 0 -180 0 0 4.10978e-13 74.7832 1.11699e-12 82.5228 0 -0 0 0 0 0 0 -180
0 180 0 180 0 -0 0 0 4.4209e-13 97.0825 0 180 0 -0 0 -0 0 180
0 -180 0 0 0 -180 0.183184 -88.5753 0.48948 -20.601 0 -180 0 -180 0 0 0 -180
0 180 0 -0 0 180 0 180 1.52967 -19.4527 0 180 0 180 0 -0 0 180
inside=0 lambda=0.647 phi=40 theta=15
0 180 0 180 0 -180 0.147983 -86.7957 0.188808 140.384 0 0 0 180 0 180 0 -180
0 -180 0 -180 0 180 0 0 0.821322 -9.73132 0 -0 0 -180 0 -180 0 180
0 180 0 -180 0 0 0.0194024 -20.762 0.161152 156.022 0 0 0 -0 0 180 0 -180
0 -180 0 0 0 -0 0 -180 0.325342 114.001 0 -0 0 0 0 -180 0 180
0 -180 0 180 0 -0 0.0656561 -111.985 0.166693 154.768 0 180 0 0 0 0 0 -180
0 180 0 180 0 -0 0 180 0.232354 131.448 0 -180 0 -0 0 -0 0 180
0 180 0 -0 0 180 0.161593 -99.0898 0.42853 -21.7642 0 180 0 -180 0 0 0 -180
0 180 0 -0 0 180 0 180 1.48599 -21.33 0 180 0 180 0 -0 0 180
inside=0 lambda=0.647 phi=40 theta=30
0 180 0 180 0 -180 0.0625848 -109.697 0.0519942 130.208 0 0 0 180 0 180 0 -180
0 -180 0 -180 0 180 0 0 0.967925 -18.1916 0 -0 0 -180 0 -180 0 180
0 180 0 -180 0 0 0.0345618 -88.3067 0.27337 156.544 0 0 0 -0 0 180 0 -180
0 -180 0 0 0 -0 0 -180 0.489047 118.121 0 -0 0 0 0 -180 0 180
0 180 0 180 0 -0 0.0671359 -141.153 0.277066 155.562 0 180 0 0 0 0 0 -180
0 -180 0 180 0 0 0 180 0.408903 127.678 0 -180 0 -0 0 -0 0 180
0 180 0 -0 0 180 0.122178 -130.275 0.287381 -23.6032 0 180 0 -180 0 0 0 -180
0 -180 0 0 0 -180 0 180 1.35634 -23.3448 0 -180 0 180 0 -0 0 180
inside=0 lambda=0.647 phi=40 theta=45
0 180 0 -180 0 -180 0 -0 0.11648 -22.9469 0 0 0 180 0 180 0 -180
0 -180 0 -180 0 180 0 0 1.16545 -22.9286 0 -0 0 -180 0 -180 0 180
0 180 0 -180 0 0 0 -180 0.319002 156.1 0 0 0 -0 0 180 0 -180
0 -180 0 0 0 -0 0 -180 0.499242 123.278 0 -0 0 0 0 -180 0 180
0 180 0 -180 0 -0 0 -180 0.319002 156.1 0 180 0 0 0 0 0 -180
0 -180 0 -180 0 0 0 0 0.499242 123.278 0 -180 0 -0 0 -0 0 180
0 180 0 -0 0 180 0 -180 0.11648 -22.9469 0 180 0 -180 0 0 0 -180
0 -180 0 0 0 -180 0 -180 1.16545 -22.9286 0 -180 0 180 0 -0 0 180
inside=0 lambda=0.647 phi=45 theta=0
0 -180 0 180 0 -180 0.803954 -37.7025 0.528115 5.33754 0 0 0 -180 0 180 0 -180
0 180 0 180 0 -0 0 -0 0 -0 0 180 0 180 0 180 0 -0
0 -180 0 -0 0 0 8.21381e-13 10.043 1.57793e-12 -169.739 0 -0 0 0 0 180 0 -180
0 180 0 -0 0 180 0 -180 0 -0 0 180 0 -0 0 180 0 -0
0 -180 0 -180 0 0 1.78336e-12 84.7554 2.27036e-12 76.0254 0 -0 0 0 0 0 0 -180
0 0 0 0 0 -180 0 0 0 0 0 -0 0 -180 0 -180 0 0
0 -180 0 0 0 -180 0.632763 -82.7026 0.800698 40.5333 0 -180 0 -180 0 0 0 -180
0 0 0 -180 0 0 0 0 0 -180 0 0 0 0 0 -180 0 0
inside=0 lambda=0.647 phi=45 theta=15
0 -180 0 180 0 -180 0.617243 -58.058 0.698969 -15.7131 0 0 0 -180 0 180 0 -180
0 180 0 180 0 -0 0 -0 0 -0 0 180 0 180 0 180 0 -0
0 -180 0 -0 0 0 0.146373 131.837 0.0452297 -115.524 0 0 0 0 0 180 0 -180
0 180 0 -0 0 180 0 180 0 -0 0 180 0 -0 0 180 0 -0
0 -180 0 -180 0 0 0.179673 -82.3334 0.0974567 -110.374 0 180 0 0 0 0 0 -180
0 0 0 0 0 -180 0 0 0 0 0 180 0 -180 0 -180 0 0
0 -180 0 0 0 -180 0.407983 -108.987 0.91843 21.923 0 -180 0 -180 0 0 0 -180
0 0 0 -180 0 0 0 0 0 -180 0 0 0 0 0 -180 0 0
inside=0 lambda=0.647 phi=45 theta=30
0 180 0 180 0 -180 0.240296 -94.0944 0.873447 -28.7787 0 0 0 180 0 180 0 -180
0 180 0 180 0 -0 0 -0 0 -0 0 180 0 180 0 180 0 -0
0 180 0 -0 0 0 0.130368 120.734 0.267161 -107.566 0 0 0 -0 0 180 0 -180
0 180 0 -0 0 180 0 180 0 -0 0 180 0 -0 0 180 0 -0
0 180 0 180 0 -0 0.15836 -126.753 0.298548 -109.827 0 180 0 0 0 0 0 -180
0 180 0 180 0 -0 0 -0 0 -0 0 180 0 180 0 180 0 -0
0 180 0 -0 0 180 0.20719 -157.479 0.942279 -1.2602 0 180 0 -180 0 0 0 -180
0 180 0 -0 0 180 0 180 0 -180 0 180 0 -0 0 180 0 -0
inside=0 lambda=0.647 phi=45 theta=45
0 180 0 180 0 -180 0 -0 0.911584 -22.1899 0 0 0 180 0 180 0 0
0 180 0 180 0 -0 0 -0 0 -180 0 180 0 180 0 180 0 -0
0 180 0 -0 0 0 0 180 0.411113 -112.19 0 0 0 -0 0 180 0 180
0 180 0 -0 0 180 0 180 0 -0 0 180 0 -0 0 180 0 -0
0 180 0 180 0 -0 0 -0 0.411113 -112.19 0 180 0 0 0 0 0 180
0 180 0 180 0 -0 0 -0 0 -0 0 180 0 180 0 180 0 -0
0 180 0 -0 0 180 0 180 0.911584 -22.1899 0 180 0 -180 0 0 0 0
0 180 0 -0 0 180 0 180 0 -180 0 180 0 -0 0 180 0 -0
inside=1 lambda=0.647 phi=0 theta=0
0 -180 0 -180 0 -180 0 0 0.0923936 -36.4018 0 0 0 -180 0 -180 0 -180
0 0 0 0 0 0 0 -180 0.825022 -101.662 0 -180 0 0 0 0 0 0
0 -180 0 180 0 0 0 180 8.46189e-13 149.151 0 180 0 0 0 -180 0 -180
0 0 0 -180 0 -180 0 0 2.67404e-12 -17.2047 0 0 0 -180 0 -180 0 0
0 -180 0 0 0 0 0 0 6.40422e-13 98.194 0 0 0 0 0 0 0 -180
0 0 0 180 0 -180 0 0 2.10084e-12 -14.8307 0 180 0 -180 0 180 0 0
0 -180 0 0 0 -180 0 -180 0.0923936 -36.4018 0 -180 0 -180 0 0 0 -180
0 0 0 -180 0 0 0 0 0.825022 -101.662 0 0 0 0 0 -180 0 0
inside=1 lambda=0.647 phi=0 theta=15
0 -180 0 -180 0 -180 0 0 0.0923936 -36.4018 0 0 0 -180 0 -180 0 -180
0 0 0 0 0 0 0 -180 0.825022 -101.662 0 -180 0 0 0 0 0 0
0 -180 0 180 0 0 0 180 8.46189e-13 149.151 0 180 0 0 0 -180 0 -180
0 0 0 -180 0 -180 0 0 2.67404e-12 -17.2047 0 0 0 -180 0 -180 0 0
0 -180 0 0 0 0 0 0 6.40422e-13 98.194 0 0 0 0 0 0 0 -180
0 0 0 180 0 -180 0 0 2.10084e-12 -14.8307 0 180 0 -180 0 180 0 0
0 -180 0 0 0 -180 0 -180 0.0923936 -36.4018 0 -180 0 -180 0 0 0 -180
0 0 0 -180 0 0 0 0 0.825022 -101.662 0 0 0 0 0 -180 0 0
inside=1 lambda=0.647 phi=0 theta=30
0 -180 0 -180 0 -180 0 0 0.0923936 -36.4018 0 0 0 -180 0 -180 0 -180
0 0 0 0 0 0 0 -180 0.825022 -101.662 0 -180 0 0 0 0 0 0
0 -180 0 180 0 0 0 180 8.46189e-13 149.151 0 180 0 0 0 -180 0 -180
0 0 0 -180 0 -180 0 0 2.67404e-12 -17.2047 0 0 0 -180 0 -180 0 0
0 -180 0 0 0 0 0 0 6.40422e-13 98.194 0 0 0 0 0 0 0 -180
0 0 0 180 0 -180 0 0 2.10084e-12 -14.8307 0 180 0 -180 0 180 0 0
0 -180 0 0 0 -180 0 -180 0.0923936 -36.4018 0 -180 0 -180 0 0 0 -180
0 0 0 -180 0 0 0 0 0.825022 -101.662 0 0 0 0 0 -180 0 0
inside=1 lambda=0.647 phi=0 theta=45
0 -180 0 -180 0 -180 0 0 0.0923936 -36.4018 0 0 0 -180 0 -180 0 -180
0 0 0 0 0 0 0 -180 0.825022 -101.662 0 -180 0 0 0 0 0 0
0 -180 0 180 0 0 0 180 8.46189e-13 149.151 0 180 0 0 0 -180 0 -180
0 0 0 -180 0 -180 0 0 2.67404e-12 -17.2047 0 0 0 -180 0 -180 0 0
0 -180 0 0 0 0 0 0 6.40422e-13 98.194 0 0 0 0 0 0 0 -180
0 0 0 180 0 -180 0 0 2.10084e-12 -14.8307 0 180 0 -180 0 180 0 0
0 -180 0 0 0 -180 0 -180 0.0923936 -36.4018 0 -180 0 -180 0 0 0 -180
0 0 0 -180 0 0 0 0 0.825022 -101.662 0 0 0 0 0 -180 0 0
inside=1 lambda=0.647 phi=5 theta=0
0 -180 0 -180 0 -180 0 0 0.0938453 -41.7104 0 0 0 -180 0 -180 0 -180
0 0 0 0 0 0 0 -180 0.825743 -103.542 0 -180 0 0 0 0 0 0
0 -180 0 -0 0 0 0 -0 8.21698e-13 -115.303 0 180 0 0 0 180 0 -180
0 0 0 -0 0 -180 0 -180 1.89859e-13 16.8241 0 180 0 -180 0 180 0 0
0 -180 0 -180 0 0 0 180 2.55742e-13 164 0 -0 0 0 0 0 0 -180
0 0 0 0 0 -180 0 180 8.69411e-13 170.901 0 -0 0 -180 0 -180 0 0
0 -180 0 0 0 -180 0 -180 0.0945443 -42.0066 0 -180 0 -180 0 0 0 -180
0 0 0 -180 0 0 0 0 0.824023 -103.607 0 0 0 0 0 -180 0 0
inside=1 lambda=0.647 phi=5 theta=15
0 -180 0 -180 0 -180 0 0 0.0938921 -41.7304 0 0 0 -180 0 -180 0 -180
0 0 0 0 0 0 0 -180 0.825628 -103.546 0 -180 0 0 0 0 0 0
0 -180 0 -0 0 0 0 -180 0.000259656 97.4498 0 0 0 0 0 180 0 -180
0 0 0 -0 0 -180 0 0 0.000595599 -60.0537 0 -180 0 -180 0 180 0 0
0 -180 0 -180 0 0 0 -0 0.000259342 97.4813 0 180 0 0 0 0 0 -180
0 0 0 0 0 -180 0 -0 0.000594967 -60.1068 0 180 0 -180 0 -180 0 0
0 -180 0 0 0 -180 0 -180 0.0944975 -41.987 0 -180 0 -180 0 0 0 -180
0 0 0 -180 0 0 0 0 0.824138 -103.603 0 0 0 0 0 -180 0 0
inside=1 lambda=0.647 phi=5 theta=30
0 -180 0 -180 0 -180 0 0 0.0940199 -41.7851 0 0 0 -180 0 -180 0 -180
0 0 0 0 0 0 0 -180 0.825313 -103.558 0 -180 0 0 0 0 0 0
0 -180 0 -0 0 0 0 -180 0.000449623 97.4565 0 0 0 0 0 180 0 -180
0 0 0 -0 0 -180 0 0 0.00103137 -60.065 0 -180 0 -180 0 180 0 0
0 -180 0 -180 0 0 0 -0 0.000449308 97.4746 0 180 0 0 0 0 0 -180
0 0 0 0 0 -180 0 -0 0.00103074 -60.0957 0 180 0 -180 0 -180 0 0
0 -180 0 0 0 -180 0 -180 0.0943694 -41.9332 0 -180 0 -180 0 0 0 -180
0 0 0 -180 0 0 0 0 0.824453 -103.591 0 0 0 0 0 -180 0 0
inside=1 lambda=0.647 phi=5 theta=45
0 -180 0 -180 0 -180 0 0 0.0941946 -41.8593 0 0 0 -180 0 -180 0 -180
0 0 0 0 0 0 0 -180 0.824883 -103.574 0 -180 0 0 0 0 0 0
0 -180 0 -0 0 0 0 -180 0.000518998 97.4656 0 0 0 0 0 180 0 -180
0 0 0 -0 0 -180 0 0 0.00119056 -60.0804 0 -180 0 -180 0 180 0 0
0 -180 0 -180 0 0 0 -0 0.000518998 97.4656 0 180 0 0 0 0 0 -180
0 0 0 0 0 -180 0 -0 0.00119056 -60.0804 0 180 0 -180 0 -180 0 0
0 -180 0 0 0 -180 0 -180 0.0941946 -41.8593 0 -180 0 -180 0 0 0 -180
0 0 0 -180 0 0 0 0 0.824883 -103.574 0 0 0 0 0 -180 0 0
inside=1 lambda=0.647 phi=10 theta=0
0 -180 0 -180 0 -180 0 0 0.0991584 -56.6926 0 0 0 -180 0 -180 0 -180
0 0 0 0 0 0 0 -180 0.827851 -109.148 0 -180 0 0 0 0 0 0
0 -180 0 -0 0 0 0 180 3.33128e-13 -138.331 0 0 0 0 0 180 0 -180
0 0 0 -0 0 -180 0 180 1.10515e-12 156.532 0 0 0 -180 0 180 0 0
0 -180 0 -180 0 0 0 180 7.12284e-13 -147.595 0 180 0 0 0 0 0 -180
0 0 0 0 0 -180 0 -180 9.22239e-13 -177.842 0 -0 0 -180 0 -180 0 0
0 -180 0 0 0 -180 0 -180 0.102609 -57.8913 0 -180 0 -180 0 0 0 -180
0 0 0 -180 0 0 0 0 0.820841 -109.419 0 0 0 0 0 -180 0 0
inside=1 lambda=0.647 phi=10 theta=15
0 -180 0 -180 0 -180 0 0 0.0993887 -56.7767 0 0 0 -180 0 -180 0 -180
0 0 0 0 0 0 0 -180 0.827379 -109.166 0 -180 0 0 0 0 0 0
0 -180 0 -0 0 0 0 -180 0.00119342 85.6299 0 0 0 0 0 180 0 -180
0 0 0 -0 0 -180 0 0 0.00243459 -65.5993 0 -180 0 -180 0 180 0 0
0 -180 0 -180 0 0 0 -0 0.00118852 85.755 0 180 0 0 0 0 0 -180
0 0 0 0 0 -180 0 -0 0.00242427 -65.8076 0 180 0 -180 0 -180 0 0
0 -180 0 0 0 -180 0 -180 0.102377 -57.8147 0 -180 0 -180 0 0 0 -180
0 0 0 -180 0 0 0 0 0.821308 -109.4 0 0 0 0 0 -180 0 0
inside=1 lambda=0.647 phi=10 theta=30
0 -180 0 -180 0 -180 0 0 0.100018 -57.0036 0 0 0 -180 0 -180 0 -180
0 0 0 0 0 0 0 -180 0.826092 -109.216 0 -180 0 0 0 0 0 0
0 -180 0 -0 0 0 0 -180 0.00206524 85.6564 0 0 0 0 0 180 0 -180
0 0 0 -0 0 -180 0 0 0.00421294 -65.6448 0 -180 0 -180 0 180 0 0
0 -180 0 -180 0 0 0 -0 0.00206035 85.7285 0 180 0 0 0 0 0 -180
0 0 0 0 0 -180 0 -0 0.00420261 -65.7651 0 180 0 -180 0 -180 0 0
0 -180 0 0 0 -180 0 -180 0.101744 -57.6028 0 -180 0 -180 0 0 0 -180
0 0 0 -180 0 0 0 0 0.822587 -109.351 0 0 0 0 0 -180 0 0
inside=1 lambda=0.647 phi=10 theta=45
0 -180 0 -180 0 -180 0 0 0.10088 -57.3069 0 0 0 -180 0 -180 0 -180
0 0 0 0 0 0 0 -180 0.824338 -109.283 0 -180 0 0 0 0 0 0
0 -180 0 -0 0 0 0 -180 0.00238189 85.6924 0 0 0 0 0 180 0 -180
0 0 0 -0 0 -180 0 0 0.00485865 -65.7058 0 -180 0 -180 0 180 0 0
0 -180 0 -180 0 0 0 -0 0.00238189 85.6924 0 180 0 0 0 0 0 -180
0 0 0 0 0 -180 0 -0 0.00485865 -65.7058 0 180 0 -180 0 -180 0 0
0 -180 0 0 0 -180 0 -180 0.10088 -57.3069 0 -180 0 -180 0 0 0 -180
0 0 0 -180 0 0 0 0 0.824338 -109.283 0 0 0 0 0 -180 0 0
inside=1 lambda=0.647 phi=15 theta=0
0 180 0 -180 0 -180 0 0 0.109694 -78.6859 0 0 0 180 0 -180 0 -180
0 0 0 0 0 0 0 -180 0.831273 -118.38 0 -180 0 0 0 0 0 0
0 -180 0 -0 0 0 0 -0 1.79673e-13 -143.674 0 -0 0 0 0 180 0 -180
0 0 0 -0 0 -180 0 -180 4.00141e-13 142.665 0 -180 0 -180 0 180 0 0
0 -180 0 -180 0 0 0 -0 2.83309e-13 -39.8911 0 180 0 0 0 0 0 -180
0 0 0 0 0 -180 0 -180 5.02779e-13 151.188 0 0 0 -180 0 -180 0 0
0 -180 0 0 0 -180 0 -180 0.120045 -81.1282 0 -180 0 -180 0 0 0 -180
0 0 0 -180 0 0 0 0 0.814949 -119.012 0 0 0 0 0 -180 0 0
inside=1 lambda=0.647 phi=15 theta=15
0 -180 0 -180 0 -180 0 0 0.110383 -78.8696 0 0 0 180 0 -180 0 -180
0 0 0 0 0 0 0 -180 0.830169 -118.421 0 -180 0 0 0 0 0 0
0 -180 0 -0 0 0 0 -180 0.0032518 68.7816 0 0 0 0 0 180 0 -180
0 0 0 -0 0 -180 0 0 0.00567317 -75.0151 0 -180 0 -180 0 180 0 0
0 -180 0 -180 0 0 0 -0 0.00322823 69.0906 0 180 0 0 0 0 0 -180
0 0 0 0 0 -180 0 -0 0.00561948 -75.4718 0 180 0 -180 0 -180 0 0
0 -180 0 0 0 -180 0 -180 0.119348 -80.9833 0 -180 0 -180 0 0 0 -180
0 0 0 -180 0 0 0 0 0.816032 -118.969 0 0 0 0 0 -180 0 0
inside=1 lambda=0.647 phi=15 theta=30
0 -180 0 -180 0 -180 0 0 0.112269 -79.3558 0 0 0 180 0 -180 0 -180
0 0 0 0 0 0 0 -180 0.827161 -118.536 0 -180 0 0 0 0 0 0
0 -180 0 -0 0 0 0 -180 0.00562332 68.8472 0 0 0 0 0 180 0 -180
0 0 0 -0 0 -180 0 0 0.00980511 -75.1194 0 -180 0 -180 0 180 0 0
0 -180 0 -180 0 0 0 -0 0.00559977 69.0255 0 180 0 0 0 0 0 -180
0 0 0 0 0 -180 0 -0 0.00975147 -75.383 0 180 0 -180 0 -180 0 0
0 -180 0 0 0 -180 0 -180 0.117446 -80.5746 0 -180 0 -180 0 0 0 -180
0 0 0 -180 0 0 0 0 0.818999 -118.852 0 0 0 0 0 -180 0 0
inside=1 lambda=0.647 phi=15 theta=45
0 -180 0 -180 0 -180 0 0 0.114853 -79.9846 0 0 0 -180 0 -180 0 -180
0 0 0 0 0 0 0 -180 0.82307 -118.693 0 -180 0 0 0 0 0 0
0 -180 0 -0 0 0 0 -180 0.00647947 68.9365 0 0 0 0 0 180 0 -180
0 0 0 -0 0 -180 0 0 0.0112902 -75.2551 0 -180 0 -180 0 180 0 0
0 -180 0 -180 0 0 0 -0 0.00647947 68.9365 0 180 0 0 0 0 0 -180
0 0 0 0 0 -180 0 -0 0.0112902 -75.2551 0 180 0 -180 0 -180 0 0
0 -180 0 0 0 -180 0 -180 0.114853 -79.9846 0 -180 0 -180 0 0 0 -180
0 0 0 -180 0 0 0 0 0.82307 -118.693 0 0 0 0 0 -180 0 0
inside=1 lambda=0.647 phi=20 theta=0
0 180 0 -180 0 -180 0 0 0.124061 -104.712 0 0 0 180 0 -180 0 -180
0 0 0 0 0 -0 0 -180 0.836198 -131.063 0 180 0 0 0 0 0 -0
0 180 0 -0 0 0 0 -0 3.38703e-13 -153.052 0 0 0 -0 0 180 0 -180
0 0 0 -0 0 -180 0 -0 1.67778e-13 -13.7002 0 180 0 -180 0 180 0 0
0 -180 0 -180 0 0 0 180 3.39099e-13 -59.1391 0 -180 0 0 0 0 0 -180
0 0 0 0 0 -180 0 -0 6.55126e-14 38.3635 0 180 0 -180 0 -180 0 0
0 -180 0 0 0 -180 0 -180 0.148419 -108.021 0 -180 0 -180 0 0 0 -180
0 0 0 -180 0 0 0 0 0.80564 -132.224 0 0 0 0 0 -180 0 0
inside=1 lambda=0.647 phi=20 theta=15
0 180 0 -180 0 -180 0 0 0.125682 -104.992 0 0 0 180 0 -180 0 -180
0 0 0 0 0 -0 0 -180 0.834116 -131.138 0 180 0 0 0 0 0 -0
0 180 0 -0 0 0 0 -180 0.0070252 48.7253 0 0 0 -0 0 180 0 -180
0 0 0 -0 0 -180 0 0 0.0105412 -88.4511 0 180 0 -180 0 180 0 0
0 -180 0 -180 0 0 0 -0 0.00695667 49.3807 0 180 0 0 0 0 0 -180
0 0 0 0 0 -180 0 -0 0.0103679 -89.2448 0 180 0 -180 0 -180 0 0
0 -180 0 0 0 -180 0 -180 0.146782 -107.85 0 -180 0 -180 0 0 0 -180
0 0 0 -180 0 0 0 0 0.807652 -132.143 0 0 0 0 0 -180 0 0
inside=1 lambda=0.647 phi=20 theta=30
0 180 0 -180 0 -180 0 0 0.130121 -105.708 0 0 0 180 0 -180 0 -180
0 0 0 0 0 -0 0 -180 0.828455 -131.346 0 180 0 0 0 0 0 -0
0 -180 0 -0 0 0 0 -180 0.0121411 48.8663 0 0 0 -0 0 180 0 -180
0 0 0 -0 0 -180 0 0 0.0181859 -88.6439 0 180 0 -180 0 180 0 0
0 -180 0 -180 0 0 0 -0 0.0120728 49.2439 0 180 0 0 0 0 0 -180
0 0 0 0 0 -180 0 -0 0.0180132 -89.1017 0 180 0 -180 0 -180 0 0
0 -180 0 0 0 180 0 -180 0.142309 -107.35 0 -180 0 -180 0 0 0 -180
0 0 0 -180 0 0 0 0 0.813176 -131.926 0 0 0 0 0 -180 0 0
inside=1 lambda=0.647 phi=20 theta=45
0 -180 0 -180 0 -180 0 0 0.136207 -106.583 0 0 0 180 0 -180 0 -180
0 0 0 0 0 -0 0 -180 0.820781 -131.633 0 180 0 0 0 0 0 0
0 -180 0 -0 0 0 0 -180 0.013979 49.0561 0 0 0 -0 0 180 0 -180
0 0 0 -0 0 -180 0 0 0.0208948 -88.8852 0 -180 0 -180 0 180 0 0
0 -180 0 -180 0 -0 0 -0 0.013979 49.0561 0 180 0 0 0 0 0 -180
0 0 0 0 0 -180 0 -0 0.0208948 -88.8852 0 180 0 -180 0 -180 0 0
0 -180 0 0 0 180 0 -180 0.136207 -106.583 0 -180 0 -180 0 0 0 -180
0 0 0 -180 0 0 0 0 0.820781 -131.633 0 0 0 -0 0 180 0 0
inside=1 lambda=0.647 phi=25 theta=0
0 180 0 180 0 -180 0 0 0.136854 -133.398 0 0 0 180 0 180 0 -180
0 0 0 0 0 -0 0 -180 0.843406 -146.97 0 180 0 0 0 0 0 -0
0 180 0 -0 0 0 0 0 6.62471e-14 -116.428 0 -180 0 -0 0 180 0 -180
0 0 0 -0 0 180 0 -0 4.1493e-14 36.5158 0 -180 0 -180 0 180 0 -0
0 -180 0 -180 0 0 0 0 6.3355e-14 13.2013 0 -0 0 0 0 0 0 -180
0 -0 0 -0 0 -180 0 -180 2.55447e-13 -79.8392 0 -0 0 180 0 180 0 0
0 -180 0 0 0 -180 0 -180 0.1841 -136.449 0 -180 0 -180 0 0 0 -180
0 -0 0 180 0 0 0 -0 0.792548 -148.786 0 0 0 -0 0 180 0 0
inside=1 lambda=0.647 phi=25 theta=15
0 180 0 -180 0 -180 0 0 0.140004 -133.714 0 0 0 180 0 180 0 -180
0 0 0 0 0 -0 0 -180 0.839914 -147.085 0 180 0 0 0 0 0 -0
0 180 0 -0 0 0 0 -180 0.0127978 26.2586 0 0 0 -0 0 180 0 -180
0 0 0 -0 0 180 0 0 0.0172264 -105.83 0 180 0 -180 0 180 0 -0
0 -180 0 -180 0 0 0 -0 0.0126553 27.5226 0 180 0 0 0 0 0 -180
0 0 0 0 0 -180 0 -0 0.0168008 -107.071 0 180 0 180 0 180 0 -0
0 -180 0 0 0 -180 0 -180 0.180934 -136.335 0 -180 0 -180 0 0 0 -180
0 0 0 -180 0 0 0 -0 0.795869 -148.658 0 0 0 -0 0 180 0 -0
inside=1 lambda=0.647 phi=25 theta=30
0 180 0 -180 0 -180 0 0 0.14863 -134.478 0 0 0 180 0 180 0 -180
0 0 0 0 0 -0 0 -180 0.830437 -147.403 0 180 0 0 0 0 0 -0
0 180 0 -0 0 0 0 -180 0.0221083 26.537 0 0 0 -0 0 180 0 -180
0 0 0 -0 0 180 0 0 0.0296471 -106.156 0 180 0 -180 0 180 0 -0
0 -180 0 -180 0 -0 0 -0 0.0219671 27.2628 0 180 0 0 0 0 0 -180
0 0 0 0 0 -180 0 -0 0.0292247 -106.871 0 180 0 180 0 180 0 -0
0 -180 0 0 0 180 0 -180 0.172276 -135.968 0 -180 0 -180 0 0 0 -180
0 0 0 -180 0 0 0 -0 0.805007 -148.311 0 0 0 -0 0 180 0 -0
inside=1 lambda=0.647 phi=25 theta=45
0 180 0 -180 0 -180 0 0 0.160445 -135.32 0 0 0 180 0 -180 0 -180
0 0 0 0 0 -0 0 -180 0.817638 -147.85 0 180 0 0 0 0 0 -0
0 -180 0 -0 0 0 0 -180 0.0254438 26.9047 0 0 0 -0 0 180 0 -180
0 0 0 -0 0 180 0 0 0.0339711 -106.545 0 180 0 -180 0 180 0 -0
0 -180 0 -180 0 -0 0 -0 0.0254438 26.9047 0 180 0 0 0 0 0 -180
0 0 0 0 0 -180 0 -0 0.0339711 -106.545 0 180 0 180 0 180 0 -0
0 180 0 0 0 180 0 -180 0.160445 -135.32 0 -180 0 -180 0 0 0 -180
0 0 0 -180 0 0 0 0 0.817638 -147.85 0 0 0 -0 0 180 0 -0
inside=1 lambda=0.647 phi=30 theta=0
0 180 0 180 0 -180 0 0 0.140879 -165.33 0 0 0 180 0 180 0 -180
0 0 0 0 0 -0 0 -180 0.854274 -165.847 0 180 0 0 0 0 0 -0
0 180 0 -0 0 0 0 0 2.85339e-13 -104.849 0 -0 0 -0 0 180 0 -180
0 0 0 -0 0 180 0 -0 2.72131e-13 -53.417 0 0 0 -180 0 180 0 -0
0 -180 0 -180 0 0 0 -0 3.03787e-13 -14.4974 0 -0 0 0 0 0 0 -180
0 -0 0 -0 0 180 0 -180 5.96957e-13 -60.3646 0 180 0 180 0 180 0 -0
0 -180 0 0 0 -180 0 -180 0.217611 -166.167 0 -180 0 -180 0 0 0 -180
0 -0 0 180 0 -0 0 -0 0.776551 -168.344 0 -0 0 -0 0 180 0 -0
inside=1 lambda=0.647 phi=30 theta=15
0 180 0 180 0 -180 0 0 0.145998 -165.521 0 0 0 180 0 180 0 -180
0 0 0 0 0 -0 0 -180 0.848901 -166.001 0 180 0 0 0 0 0 -0
0 180 0 -0 0 0 0 -180 0.019867 1.55308 0 0 0 -0 0 180 0 -180
0 0 0 -0 0 180 0 -0 0.0256992 -126.574 0 180 0 -180 0 180 0 -0
0 -180 0 -180 0 0 0 -0 0.0196626 3.84003 0 180 0 0 0 0 0 -180
0 -0 0 -0 0 180 0 -0 0.0248234 -128.443 0 180 0 180 0 180 0 -0
0 -180 0 0 0 -180 0 -180 0.212478 -166.219 0 -180 0 -180 0 0 0 -180
0 -0 0 180 0 -0 0 -0 0.78159 -168.162 0 -0 0 -0 0 180 0 -0
inside=1 lambda=0.647 phi=30 theta=30
0 180 0 -180 0 -180 0 0 0.160016 -165.918 0 0 0 180 0 180 0 -180
0 0 0 -0 0 -0 0 -180 0.834349 -166.43 0 180 0 0 0 0 0 -0
0 180 0 -0 0 0 0 -180 0.0343232 2.07337 0 0 0 -0 0 180 0 -180
0 0 0 -0 0 180 0 -0 0.0440854 -127.111 0 180 0 -180 0 180 0 -0
0 -180 0 -180 0 -0 0 -0 0.0341245 3.3778 0 180 0 0 0 0 0 -180
0 -0 0 -0 0 -180 0 -0 0.0432237 -128.186 0 180 0 180 0 180 0 -0
0 -180 0 0 0 180 0 -180 0.198427 -166.291 0 -180 0 -180 0 0 0 -180
0 0 0 180 0 0 0 -0 0.795486 -167.676 0 -0 0 -0 0 180 0 -0
inside=1 lambda=0.647 phi=30 theta=45
0 180 0 -180 0 -180 0 0 0.179212 -166.218 0 0 0 180 0 -180 0 -180
0 0 0 -0 0 -0 0 180 0.814756 -167.039 0 180 0 0 0 -0 0 -0
0 -180 0 -0 0 0 0 -180 0.0395123 2.7405 0 0 0 -0 0 180 0 -180
0 0 0 -0 0 180 0 -0 0.0503519 -127.717 0 180 0 -180 0 180 0 -0
0 -180 0 -180 0 -0 0 -0 0.0395123 2.7405 0 180 0 0 0 0 0 -180
0 0 0 -0 0 -180 0 -0 0.0503519 -127.717 0 180 0 180 0 180 0 -0
0 180 0 0 0 180 0 -180 0.179212 -166.218 0 -180 0 -180 0 0 0 -180
0 0 0 180 0 0 0 -0 0.814756 -167.039 0 -0 0 -0 0 180 0 -0
inside=1 lambda=0.647 phi=35 theta=0
0 180 0 180 0 -180 0 0 0.131799 157.308 0 0 0 180 0 180 0 -180
0 0 0 -0 0 -0 0 180 0.870055 172.564 0 180 0 0 0 -0 0 -0
0 180 0 -0 0 0 0 -0 3.41655e-13 58.8191 0 180 0 -0 0 180 0 -180
0 0 0 -180 0 180 0 -0 9.53599e-13 76.6412 0 180 0 -180 0 0 0 -0
0 -180 0 -180 0 0 0 -0 2.68531e-13 86.1708 0 0 0 0 0 0 0 -180
0 -0 0 -0 0 180 0 -180 9.69826e-13 77.9421 0 0 0 180 0 180 0 -0
0 -180 0 0 0 -180 0 -180 0.234799 162.057 0 -180 0 -180 0 0 0 -180
0 -0 0 180 0 -0 0 -0 0.760307 169.449 0 -0 0 -0 0 180 0 -0
inside=1 lambda=0.647 phi=35 theta=15
0 180 0 180 0 -180 0 0 0.138586 157.616 0 0 0 180 0 180 0 -180
0 0 0 -0 0 -0 0 180 0.862429 172.373 0 180 0 0 0 -0 0 -0
0 180 0 -0 0 0 0 -180 0.0258556 -25.88 0 0 0 -0 0 180 0 -180
0 0 0 -180 0 180 0 -0 0.0357242 -149.455 0 180 0 -180 0 0 0 -0
0 -180 0 -180 0 0 0 -0 0.02575 -21.8422 0 0 0 0 0 0 0 -180
0 -0 0 -0 0 180 0 -180 0.0340905 -152.253 0 180 0 180 0 180 0 -0
0 -180 0 0 0 -180 0 -180 0.227864 161.688 0 -180 0 -180 0 0 0 -180
0 -0 0 180 0 -0 0 -0 0.767383 169.68 0 -0 0 -0 0 180 0 -0
inside=1 lambda=0.647 phi=35 theta=30
0 180 0 -180 0 -180 0 0 0.15725 158.438 0 0 0 180 0 180 0 -180
0 0 0 -0 0 -0 0 180 0.841814 171.844 0 180 0 0 0 -0 0 -0
0 180 0 -0 0 0 0 -180 0.0447359 -24.9265 0 0 0 -0 0 0 0 -180
0 -0 0 -180 0 180 0 -0 0.0609917 -150.339 0 180 0 -180 0 0 0 -0
0 -180 0 -180 0 0 0 -0 0.0446482 -22.6513 0 0 0 0 0 0 0 -180
0 -0 0 -0 0 180 0 -180 0.0594095 -151.944 0 180 0 180 0 180 0 -0
0 -180 0 0 0 180 0 -180 0.208867 160.747 0 -180 0 -180 0 0 0 -180
0 -0 0 180 0 0 0 -0 0.786939 170.294 0 -0 0 -0 0 180 0 -0
inside=1 lambda=0.647 phi=35 theta=45
0 180 0 -180 0 -180 0 0 0.182969 159.563 0 0 0 180 0 180 0 -180
0 0 0 -0 0 -0 0 180 0.814121 171.091 0 180 0 0 0 -0 0 -0
0 -180 0 -0 0 0 0 -180 0.0516038 -23.7508 0 0 0 -0 0 0 0 -180
0 -0 0 -180 0 180 0 -0 0.0693697 -151.28 0 180 0 180 0 0 0 -0
0 -180 0 -180 0 -0 0 -0 0.0516038 -23.7508 0 0 0 0 0 0 0 -180
0 -0 0 -0 0 180 0 -180 0.0693697 -151.28 0 0 0 180 0 180 0 -0
0 180 0 0 0 180 0 -180 0.182969 159.563 0 180 0 -180 0 0 0 -180
0 0 0 180 0 0 0 -0 0.814121 171.091 0 -0 0 -0 0 180 0 -0
inside=1 lambda=0.647 phi=40 theta=0
0 180 0 180 0 -180 0 0 0.114297 111.015 0 0 0 180 0 180 0 -180
0 0 0 -0 0 -180 0 180 0.890901 148.605 0 0 0 0 0 -0 0 -180
0 180 0 -0 0 0 0 -0 2.87267e-13 6.8746 0 180 0 -0 0 180 0 -180
0 -0 0 -180 0 180 0 -0 2.99141e-13 128.648 0 180 0 180 0 0 0 -0
0 -180 0 -180 0 0 0 -0 4.11281e-14 -103.233 0 -180 0 0 0 0 0 -180
0 -0 0 -0 0 180 0 -0 2.30395e-13 -102.494 0 0 0 180 0 180 0 -0
0 -180 0 0 0 -180 0 -180 0.219379 126.242 0 -180 0 -180 0 0 0 -180
0 -0 0 180 0 -0 0 -0 0.746894 144.763 0 -0 0 -0 0 180 0 -0
inside=1 lambda=0.647 phi=40 theta=15
0 180 0 180 0 -180 0 0 0.120746 112.395 0 0 0 180 0 180 0 -180
0 0 0 -0 0 -180 0 180 0.88081 148.354 0 0 0 0 0 -0 0 -180
0 180 0 -0 0 0 0 -180 0.0261755 -58.3728 0 0 0 -0 0 0 0 -180
0 -0 0 -180 0 180 0 -0 0.0475471 -172.813 0 0 0 180 0 0 0 -0
0 -180 0 -180 0 0 0 -0 0.0265961 -50.8055 0 0 0 0 0 0 0 -180
0 -0 0 -0 0 180 0 -180 0.0445079 -176.917 0 0 0 180 0 180 0 -0
0 -180 0 0 0 -180 0 -180 0.212071 125.303 0 -180 0 -180 0 0 0 -180
0 -0 0 180 0 -0 0 -0 0.756094 145.039 0 -0 0 -0 0 180 0 -0
inside=1 lambda=0.647 phi=40 theta=30
0 180 0 180 0 -180 0 0 0.139009 115.66 0 0 0 180 0 180 0 -180
0 -0 0 -0 0 -180 0 180 0.853624 147.686 0 0 0 0 0 -0 0 -0
0 180 0 -0 0 0 0 -180 0.0455283 -56.5089 0 0 0 -0 0 0 0 -180
0 -0 0 -180 0 180 0 -0 0.0805136 -174.243 0 0 0 180 0 0 0 -0
0 -180 0 -180 0 0 0 -0 0.0459888 -52.3372 0 0 0 0 0 0 0 -180
0 -0 0 -0 0 180 0 -180 0.0776452 -176.593 0 0 0 180 0 180 0 -0
0 -180 0 0 0 180 0 -180 0.191994 122.842 0 -180 0 -180 0 0 0 -180
0 -0 0 180 0 -0 0 -0 0.781623 145.785 0 -0 0 -180 0 180 0 -0
inside=1 lambda=0.647 phi=40 theta=45
0 180 0 -180 0 -180 0 0 0.165039 119.441 0 0 0 180 0 180 0 -180
0 -0 0 -0 0 -180 0 180 0.817235 146.759 0 0 0 0 0 -0 0 -0
0 -180 0 -0 0 0 0 -180 0.0528586 -54.3277 0 0 0 -0 0 0 0 -180
0 -0 0 -180 0 180 0 -0 0.0909717 -175.674 0 0 0 180 0 0 0 -0
0 -180 0 -180 0 -0 0 -0 0.0528586 -54.3277 0 0 0 0 0 0 0 -180
0 -0 0 -0 0 180 0 -180 0.0909717 -175.674 0 0 0 180 0 0 0 -0
0 180 0 0 0 180 0 -180 0.165039 119.441 0 180 0 -180 0 0 0 -180
0 -0 0 180 0 0 0 -0 0.817235 146.759 0 -0 0 -180 0 0 0 -0
inside=1 lambda=0.647 phi=45 theta=0
0 180 0 180 0 -180 0 -0 0.105011 55.5837 0 0 0 180 0 180 0 -180
0 -0 0 -0 0 -180 0.0149224 47.6022 0.915137 122.914 0 0 0 -0 0 -0 0 -180
0 180 0 -0 0 0 0 0 1.82967e-13 -9.00141 0 -180 0 -0 0 180 0 -180
0 -0 0 -180 0 0 3.73482e-13 42.8592 1.0479e-13 26.1261 0 -180 0 180 0 0 0 -180
0 -180 0 -180 0 0 0 -0 4.20632e-14 95.5078 0 180 0 0 0 0 0 -180
0 -180 0 -180 0 180 7.71699e-15 51.2498 1.61842e-13 -157.887 0 180 0 0 0 0 0 -0
0 -180 0 0 0 -180 0 -180 0.158926 79.3843 0 -180 0 -180 0 0 0 -180
0 -180 0 0 0 -0 0.107803 -103.159 0.734798 117.605 0 -0 0 -180 0 0 0 -0
inside=1 lambda=0.647 phi=45 theta=15
0 180 0 180 0 -180 0 -0 0.106131 57.3402 0 0 0 180 0 180 0 -180
0 -0 0 -0 0 -180 0 180 0.903355 122.454 0 0 0 -0 0 -0 0 -180
0 180 0 -0 0 0 0 -180 0.0150725 -111.787 0 0 0 -0 0 180 0 -180
0 -0 0 -180 0 0 0 -0 0.0636193 164.215 0 0 0 180 0 0 0 -180
0 -180 0 -180 0 0 0 -0 0.0158942 -90.1137 0 0 0 0 0 0 0 -180
0 -0 0 -0 0 180 0 -180 0.0575381 158.763 0 0 0 0 0 0 0 -180
0 -180 0 0 0 -180 0 -180 0.156178 77.5607 0 -180 0 -180 0 0 0 -180
0 -0 0 180 0 -0 0 -180 0.746738 117.888 0 -0 0 -180 0 0 0 -180
inside=1 lambda=0.647 phi=45 theta=30
0 180 0 180 0 -180 0 -0 0.114772 61.4507 0 0 0 180 0 180 0 -180
0 -0 0 -0 0 -180 0 180 0.868653 121.464 0 0 0 -0 0 -0 0 -180
0 180 0 -0 0 0 0 -180 0.026418 -106.114 0 0 0 -0 0 180 0 -180
0 -0 0 -180 0 0 0 -0 0.106089 162.064 0 0 0 180 0 0 0 -180
0 -180 0 -180 0 -0 0 -0 0.0273649 -94.6438 0 0 0 0 0 0 0 -180
0 -0 0 -0 0 180 0 -180 0.100593 158.92 0 0 0 0 0 0 0 -180
0 -180 0 0 0 180 0 -180 0.144228 72.8045 0 180 0 -180 0 0 0 -180
0 -0 0 180 0 -0 0 -180 0.778219 118.858 0 -0 0 -180 0 0 0 -180
inside=1 lambda=0.647 phi=45 theta=45
0 180 0 -180 0 -180 0 -0 0.128644 66.9903 0 0 0 180 0 180 0 -180
0 -0 0 -0 0 -180 0 180 0.822698 120.177 0 0 0 -0 0 -0 0 -180
0 180 0 -0 0 0 0 -180 0.0310334 -99.9621 0 0 0 -0 0 180 0 -180
0 -0 0 -180 0 0 0 -0 0.118548 160.064 0 0 0 180 0 0 0 -180
0 180 0 -180 0 -0 0 -0 0.0310334 -99.9621 0 180 0 0 0 0 0 -180
0 -0 0 -0 0 180 0 -180 0.118548 160.064 0 0 0 0 0 0 0 -180
0 180 0 -0 0 180 0 -180 0.128644 66.9903 0 180 0 -180 0 0 0 -180
0 -0 0 180 0 -0 0 -0 0.822698 120.177 0 -0 0 -180 0 0 0 -180
