RSoft_BSDF_File_Version 2
1 0 5 2 1 1.28
0.3 0.3
-1 1
-1 1
1 0.647 0.647
10 0 45 0.5
4 0 45
Begin_Dispersion_Data
0.647 1.45662 0 1 0 0
End_Dispersion_Data
inside=0 lambda=0.647 phi=0 theta=0
0 0 0 -180 0 0 0 0 0.188307 -56.4728 0 0 0 0 0 -180 0 0
0 -0 0 180 0 -0 0 -0 1.18531 -27.4508 0 -0 0 -0 0 180 0 -0
0 0 0 -180 0 -180 0 -0 4.86335e-13 -134.077 0 -0 0 -180 0 -180 0 0
0 -0 0 -0 0 180 0 180 4.14948e-13 -49.0299 0 0 0 180 0 0 0 -0
0 0 0 180 0 -180 0 -0 8.60351e-13 -111.333 0 -180 0 -180 0 180 0 0
0 -0 0 180 0 180 0 0 7.76969e-13 -100.148 0 0 0 180 0 -180 0 -0
0 0 0 0 0 0 0 -180 0.188307 -56.4728 0 -180 0 0 0 0 0 0
0 -0 0 -0 0 -0 0 180 1.18531 -27.4508 0 180 0 -0 0 -0 0 -0
inside=0 lambda=0.647 phi=0 theta=15
0 0 0 -180 0 0 0 0 0.188307 -56.4728 0 0 0 0 0 -180 0 0
0 -0 0 180 0 -0 0 -0 1.18531 -27.4508 0 -0 0 -0 0 180 0 -0
0 0 0 -180 0 -180 0 -0 4.86335e-13 -134.077 0 -0 0 -180 0 -180 0 0
0 -0 0 -0 0 180 0 180 4.14948e-13 -49.0299 0 0 0 180 0 0 0 -0
0 0 0 180 0 -180 0 -0 8.60351e-13 -111.333 0 -180 0 -180 0 180 0 0
0 -0 0 180 0 180 0 0 7.76969e-13 -100.148 0 0 0 180 0 -180 0 -0
0 0 0 0 0 0 0 -180 0.188307 -56.4728 0 -180 0 0 0 0 0 0
0 -0 0 -0 0 -0 0 180 1.18531 -27.4508 0 180 0 -0 0 -0 0 -0
inside=0 lambda=0.647 phi=0 theta=30
0 0 0 -180 0 0 0 0 0.188307 -56.4728 0 0 0 0 0 -180 0 0
0 -0 0 180 0 -0 0 -0 1.18531 -27.4508 0 -0 0 -0 0 180 0 -0
0 0 0 -180 0 -180 0 -0 4.86335e-13 -134.077 0 -0 0 -180 0 -180 0 0
0 -0 0 -0 0 180 0 180 4.14948e-13 -49.0299 0 0 0 180 0 0 0 -0
0 0 0 180 0 -180 0 -0 8.60351e-13 -111.333 0 -180 0 -180 0 180 0 0
0 -0 0 180 0 180 0 0 7.76969e-13 -100.148 0 0 0 180 0 -180 0 -0
0 0 0 0 0 0 0 -180 0.188307 -56.4728 0 -180 0 0 0 0 0 0
0 -0 0 -0 0 -0 0 180 1.18531 -27.4508 0 180 0 -0 0 -0 0 -0
inside=0 lambda=0.647 phi=0 theta=45
0 0 0 -180 0 0 0 0 0.188307 -56.4728 0 0 0 0 0 -180 0 0
0 -0 0 180 0 -0 0 -0 1.18531 -27.4508 0 -0 0 -0 0 180 0 -0
0 0 0 -180 0 -180 0 -0 4.86335e-13 -134.077 0 -0 0 -180 0 -180 0 0
0 -0 0 -0 0 180 0 180 4.14948e-13 -49.0299 0 0 0 180 0 0 0 -0
0 0 0 180 0 -180 0 -0 8.60351e-13 -111.333 0 -180 0 -180 0 180 0 0
0 -0 0 180 0 180 0 0 7.76969e-13 -100.148 0 0 0 180 0 -180 0 -0
0 0 0 0 0 0 0 -180 0.188307 -56.4728 0 -180 0 0 0 0 0 0
0 -0 0 -0 0 -0 0 180 1.18531 -27.4508 0 180 0 -0 0 -0 0 -0
inside=0 lambda=0.647 phi=5 theta=0
0 0 0 -180 0 0 0 0 0.186975 -64.3659 0 0 0 0 0 -180 0 0
0 -0 0 180 0 -0 0 -0 1.18307 -31.3202 0 -0 0 -0 0 180 0 -0
0 0 0 -0 0 -180 0 -180 9.97057e-14 46.5236 0 180 0 -180 0 180 0 0
0 -0 0 0 0 180 0 0 2.23256e-13 77.8155 0 0 0 180 0 -180 0 -0
0 0 0 -180 0 -180 0 -0 1.98518e-14 107.737 0 -0 0 -180 0 0 0 0
0 -0 0 180 0 180 0 -180 2.48367e-13 77.9387 0 0 0 180 0 -0 0 -0
0 0 0 0 0 0 0 -180 0.191217 -64.4126 0 -180 0 0 0 0 0 0
0 -0 0 -0 0 -0 0 180 1.18719 -31.3426 0 180 0 -0 0 -0 0 -0
inside=0 lambda=0.647 phi=5 theta=15
0 0 0 -180 0 0 0 0 0.187259 -64.3691 0 0 0 0 0 -180 0 0
0 -0 0 180 0 -0 0 -0 1.18334 -31.3217 0 -0 0 -0 0 180 0 -0
0 0 0 -0 0 -180 0 -180 0.00105775 112.851 0 0 0 -180 0 180 0 0
0 -0 0 0 0 180 0 180 0.00104746 138.775 0 -0 0 180 0 -180 0 -0
0 0 0 -180 0 -180 0 -0 0.00105777 112.855 0 180 0 -180 0 0 0 0
0 -0 0 180 0 180 0 0 0.00104734 138.81 0 -180 0 180 0 -0 0 -0
0 0 0 0 0 0 0 -180 0.190933 -64.4096 0 -180 0 0 0 0 0 0
0 -0 0 -0 0 -0 0 180 1.18691 -31.3411 0 180 0 -0 0 -0 0 -0
inside=0 lambda=0.647 phi=5 theta=30
0 0 0 -180 0 0 0 0 0.188035 -64.3779 0 0 0 0 0 -180 0 0
0 -0 0 180 0 -0 0 -0 1.1841 -31.3258 0 -0 0 -0 0 180 0 -0
0 0 0 -0 0 -180 0 -180 0.00183208 112.852 0 0 0 -180 0 180 0 0
0 -0 0 0 0 180 0 180 0.00181421 138.783 0 -0 0 180 0 -180 0 -0
0 0 0 -180 0 -180 0 -0 0.00183211 112.854 0 180 0 -180 0 0 0 0
0 -0 0 180 0 180 0 0 0.00181409 138.803 0 -180 0 180 0 -0 0 -0
0 0 0 0 0 0 0 -180 0.190156 -64.4013 0 -180 0 0 0 0 0 0
0 -0 0 -0 0 -0 0 180 1.18616 -31.337 0 180 0 -0 0 -0 0 -0
inside=0 lambda=0.647 phi=5 theta=45
0 0 0 -180 0 0 0 0 0.189096 -64.3897 0 0 0 0 0 -180 0 0
0 -0 0 180 0 -0 0 -0 1.18513 -31.3314 0 -0 0 -0 0 180 0 -0
0 0 0 -0 0 -180 0 -180 0.00211552 112.853 0 0 0 -180 0 180 0 0
0 -0 0 0 0 180 0 180 0.0020948 138.793 0 -0 0 180 0 -180 0 -0
0 0 0 -180 0 -180 0 -0 0.00211552 112.853 0 180 0 -180 0 0 0 0
0 -0 0 180 0 180 0 0 0.0020948 138.793 0 -180 0 180 0 -0 0 -0
0 0 0 0 0 0 0 -180 0.189096 -64.3897 0 -180 0 0 0 0 0 0
0 -0 0 -0 0 -0 0 180 1.18513 -31.3314 0 180 0 -0 0 -0 0 -0
inside=0 lambda=0.647 phi=10 theta=0
0 -0 0 -180 0 0 0 0 0.182927 -87.7571 0 0 0 -0 0 -180 0 0
0 -0 0 180 0 -0 0 -0 1.17606 -42.8868 0 -0 0 -0 0 180 0 -0
0 0 0 -0 0 -180 0 180 5.06958e-14 98.5444 0 -180 0 -180 0 180 0 0
0 -0 0 0 0 180 0 180 5.39441e-14 53.7772 0 0 0 180 0 -180 0 -0
0 0 0 -180 0 -180 0 180 5.26808e-14 -138.504 0 -0 0 -180 0 0 0 0
0 -0 0 180 0 180 0 -0 5.62399e-14 -14.7442 0 -0 0 180 0 -0 0 -0
0 0 0 0 0 0 0 -180 0.200569 -87.9203 0 -180 0 0 0 0 0 0
0 -0 0 -0 0 -0 0 180 1.19292 -42.9767 0 180 0 -0 0 -0 0 -0
inside=0 lambda=0.647 phi=10 theta=15
0 -0 0 -180 0 0 0 0 0.184108 -87.7698 0 0 0 -0 0 -180 0 0
0 -0 0 180 0 -0 0 -0 1.17718 -42.8931 0 -0 0 -0 0 180 0 -0
0 0 0 -0 0 -180 0 -180 0.00439516 89.5842 0 0 0 -180 0 180 0 0
0 -0 0 0 0 180 0 180 0.00428455 127.147 0 -0 0 180 0 -180 0 -0
0 0 0 -180 0 -180 0 -0 0.0043956 89.6053 0 180 0 -180 0 0 0 0
0 -0 0 180 0 180 0 0 0.00428261 127.29 0 -180 0 180 0 -0 0 -0
0 0 0 0 0 0 0 -180 0.199387 -87.9111 0 -180 0 0 0 0 0 0
0 -0 0 -0 0 -0 0 180 1.19179 -42.971 0 180 0 -0 0 -0 0 -0
inside=0 lambda=0.647 phi=10 theta=30
0 -0 0 -180 0 0 0 0 0.187336 -87.8031 0 0 0 -0 0 -180 0 0
0 -0 0 180 0 -0 0 -0 1.18027 -42.9102 0 -0 0 -0 0 180 0 -0
0 0 0 -0 0 -180 0 -180 0.00761281 89.5883 0 0 0 -180 0 180 0 0
0 -0 0 0 0 180 0 180 0.00742032 127.179 0 -0 0 180 0 -180 0 -0
0 0 0 -180 0 -180 0 -0 0.00761325 89.6005 0 180 0 -180 0 0 0 0
0 -0 0 180 0 180 0 0 0.00741838 127.261 0 -180 0 180 0 -0 0 -0
0 0 0 0 0 0 0 -180 0.196157 -87.8846 0 -180 0 0 0 0 0 0
0 -0 0 -0 0 -0 0 180 1.1887 -42.9552 0 180 0 -0 0 -0 0 -0
inside=0 lambda=0.647 phi=10 theta=45
0 0 0 -180 0 0 0 0 0.191746 -87.8456 0 0 0 -0 0 -180 0 0
0 -0 0 180 0 -0 0 -0 1.18449 -42.933 0 -0 0 -0 0 180 0 -0
0 0 0 -0 0 -180 0 -180 0.00879077 89.5942 0 0 0 -180 0 180 0 0
0 -0 0 0 0 180 0 180 0.0085671 127.221 0 -0 0 180 0 -180 0 -0
0 0 0 -180 0 -180 0 -0 0.00879077 89.5942 0 180 0 -180 0 0 0 0
0 -0 0 180 0 180 0 0 0.0085671 127.221 0 -180 0 180 0 -0 0 -0
0 0 0 0 0 -0 0 -180 0.191746 -87.8456 0 -180 0 0 0 0 0 0
0 -0 0 -0 0 -0 0 180 1.18449 -42.933 0 180 0 -0 0 -0 0 -0
inside=0 lambda=0.647 phi=15 theta=0
0 -0 0 -180 0 0 0 0 0.174955 -125.76 0 0 0 -0 0 -180 0 0
0 -0 0 180 0 -180 0 -0 1.16361 -62.0294 0 -180 0 -0 0 180 0 -180
0 0 0 -0 0 -180 0 -0 5.75682e-14 146.897 0 -180 0 -180 0 180 0 0
0 -0 0 0 0 0 0 180 1.40883e-13 -150.744 0 180 0 180 0 -180 0 -180
0 0 0 -180 0 -180 0 -0 4.15292e-14 93.1965 0 -0 0 -180 0 0 0 0
0 -0 0 0 0 180 0 -0 1.77654e-13 -167.839 0 -180 0 180 0 -180 0 -0
0 0 0 0 0 0 0 -180 0.217244 -126.061 0 -180 0 0 0 0 0 0
0 -0 0 -180 0 -0 0 0 1.20307 -62.222 0 180 0 -0 0 -180 0 -0
inside=0 lambda=0.647 phi=15 theta=15
0 -0 0 -180 0 0 0 0 0.177786 -125.79 0 0 0 -0 0 -180 0 0
0 -0 0 0 0 -180 0 -0 1.16625 -62.044 0 -180 0 -0 0 180 0 -180
0 0 0 -0 0 -180 0 -180 0.0105374 51.6541 0 0 0 -180 0 180 0 0
0 -0 0 0 0 0 0 0 0.010019 108.212 0 -180 0 180 0 -180 0 -180
0 0 0 -180 0 -180 0 -0 0.0105395 51.7147 0 0 0 -180 0 0 0 0
0 -0 0 0 0 180 0 0 0.0100087 108.548 0 -180 0 180 0 -180 0 -0
0 0 0 0 0 0 0 -180 0.214409 -126.05 0 -180 0 0 0 0 0 0
0 -0 0 -0 0 -0 0 0 1.20043 -62.211 0 180 0 -0 0 -180 0 -0
inside=0 lambda=0.647 phi=15 theta=30
0 -0 0 -180 0 0 0 0 0.185521 -125.864 0 0 0 -0 0 -180 0 0
0 -0 0 0 0 -180 0 -0 1.17347 -62.0828 0 -180 0 -0 0 180 0 -180
0 0 0 -0 0 -180 0 -180 0.018252 51.6654 0 0 0 -180 0 180 0 0
0 -0 0 0 0 0 0 0 0.0173492 108.291 0 -180 0 180 0 -180 0 -180
0 0 0 -180 0 -180 0 -0 0.0182541 51.7001 0 0 0 -180 0 0 0 0
0 -0 0 0 0 180 0 0 0.017339 108.484 0 -180 0 180 0 -180 0 -0
0 0 0 0 0 -0 0 -180 0.206664 -126.013 0 -180 0 0 0 0 0 0
0 -0 0 -0 0 -0 0 0 1.1932 -62.1794 0 180 0 -180 0 -180 0 -180
inside=0 lambda=0.647 phi=15 theta=45
0 -0 0 -180 0 0 0 0 0.19609 -125.948 0 0 0 -0 0 -180 0 0
0 -0 0 0 0 -180 0 -0 1.18334 -62.1328 0 -180 0 -0 0 180 0 -180
0 0 0 -0 0 -180 0 -180 0.0210768 51.6819 0 0 0 -180 0 0 0 0
0 -0 0 0 0 0 0 0 0.020027 108.392 0 -180 0 180 0 -180 0 -180
0 0 0 -180 0 -180 0 -0 0.0210768 51.6819 0 0 0 -180 0 0 0 0
0 -0 0 0 0 180 0 0 0.020027 108.392 0 -180 0 0 0 -180 0 -180
0 -0 0 0 0 -0 0 -180 0.19609 -125.948 0 -180 0 0 0 0 0 0
0 -0 0 -0 0 -0 0 0 1.18334 -62.1328 0 180 0 -180 0 -180 0 -180
inside=0 lambda=0.647 phi=20 theta=0
0 -0 0 -180 0 0 0 0 0.158412 -177.283 0 0 0 -0 0 -180 0 0
0 -0 0 0 0 -180 0 -180 1.14469 -88.5715 0 -180 0 -0 0 0 0 -180
0 0 0 -180 0 -180 0 0 1.64991e-13 -100.828 0 0 0 -180 0 0 0 0
0 -180 0 0 0 0 0 -180 2.06838e-13 -1.57304 0 -180 0 0 0 -180 0 -180
0 0 0 -180 0 -180 0 180 1.1976e-13 31.8101 0 180 0 -180 0 0 0 0
0 -180 0 0 0 0 0 180 1.45072e-13 -51.8207 0 -0 0 0 0 -180 0 -180
0 0 0 0 0 0 0 -180 0.23966 -177.806 0 -180 0 0 0 0 0 0
0 -180 0 -180 0 -180 0 0 1.21982 -88.8538 0 0 0 -180 0 -180 0 -180
inside=0 lambda=0.647 phi=20 theta=15
0 -0 0 -180 0 0 0 0 0.163855 -177.358 0 0 0 -0 0 -180 0 0
0 -0 0 0 0 -180 0 -180 1.14972 -88.5964 0 -180 0 -0 0 0 0 -180
0 0 0 -180 0 -180 0 -180 0.0203195 -0.147031 0 0 0 -180 0 0 0 0
0 -180 0 0 0 0 0 0 0.0190101 82.5071 0 -180 0 180 0 -180 0 -180
0 0 0 -180 0 -180 0 -0 0.0203189 -0.0147317 0 0 0 -180 0 0 0 0
0 -180 0 0 0 0 0 -0 0.0189732 83.1494 0 180 0 0 0 -180 0 -180
0 0 0 0 0 0 0 -180 0.234223 -177.807 0 -180 0 0 0 0 0 0
0 -180 0 -180 0 -180 0 0 1.21478 -88.8425 0 0 0 -180 0 -180 0 -180
inside=0 lambda=0.647 phi=20 theta=30
0 -0 0 -180 0 0 0 0 0.178726 -177.527 0 0 0 -0 0 -180 0 0
0 -0 0 0 0 -180 0 -180 1.16346 -88.6607 0 -180 0 -0 0 0 0 -180
0 0 0 -180 0 -180 0 -180 0.0351908 -0.124219 0 0 0 -180 0 0 0 0
0 -180 0 0 0 0 0 0 0.0329089 82.6725 0 -180 0 180 0 -180 0 -180
0 0 0 -180 0 -180 0 -0 0.0351907 -0.0502874 0 0 0 -180 0 0 0 0
0 -180 0 0 0 0 0 -0 0.0328732 83.0354 0 -180 0 0 0 -180 0 -180
0 0 0 0 0 -0 0 -180 0.219358 -177.781 0 -180 0 0 0 0 0 0
0 -180 0 -180 0 -0 0 0 1.20102 -88.8045 0 0 0 -180 0 -180 0 -180
inside=0 lambda=0.647 phi=20 theta=45
0 -0 0 -180 0 0 0 0 0.199043 -177.689 0 0 0 -0 0 -180 0 0
0 -0 0 0 0 -180 0 -180 1.18224 -88.739 0 -180 0 -0 0 0 0 -180
0 0 0 -180 0 -180 0 -180 0.0406331 -0.0904653 0 0 0 -180 0 0 0 0
0 -180 0 0 0 0 0 0 0.0379774 82.8662 0 -180 0 0 0 -180 0 -180
0 0 0 -180 0 -180 0 -180 0.0406331 -0.0904653 0 0 0 -180 0 0 0 0
0 -180 0 0 0 0 0 0 0.0379774 82.8662 0 -180 0 0 0 -180 0 -180
0 -0 0 0 0 -0 0 -180 0.199043 -177.689 0 -180 0 0 0 0 0 0
0 -0 0 -180 0 -0 0 0 1.18224 -88.739 0 0 0 -180 0 -180 0 -180
inside=0 lambda=0.647 phi=25 theta=0
0 -0 0 -180 0 0 0 0 0.125729 117.677 0 0 0 -0 0 -180 0 0
0 -0 0 0 0 -180 0 -180 1.11649 -122.322 0 -180 0 -0 0 0 0 -180
0 0 0 -180 0 -180 0 -180 3.94716e-13 84.7285 0 -180 0 -180 0 0 0 0
0 -180 0 -0 0 0 0 180 5.57127e-13 -155.131 0 -180 0 0 0 180 0 -180
0 0 0 -180 0 -180 0 -0 2.37941e-13 -158.936 0 180 0 -180 0 0 0 0
0 -180 0 0 0 0 0 0 5.47996e-13 -155.296 0 180 0 0 0 -180 0 -180
0 0 0 0 0 0 0 -180 0.263432 116.385 0 -180 0 0 0 0 0 0
0 -180 0 -180 0 -180 0 -0 1.24857 -122.617 0 0 0 -180 0 -180 0 -180
inside=0 lambda=0.647 phi=25 theta=15
0 -0 0 -180 0 0 0 0 0.134987 117.428 0 0 0 -0 0 -180 0 0
0 -180 0 0 0 -180 0 -180 1.12531 -122.36 0 -180 0 -0 0 0 0 -180
0 0 0 -180 0 -180 0 -180 0.0347609 -66.1912 0 0 0 -180 0 0 0 0
0 -180 0 -0 0 0 0 0 0.0332647 49.873 0 -180 0 0 0 180 0 -180
0 0 0 -180 0 -180 0 -180 0.0347162 -65.9874 0 0 0 -180 0 0 0 0
0 -180 0 0 0 0 0 -0 0.0331455 51.0166 0 180 0 0 0 -180 0 -180
0 0 0 0 0 0 0 -180 0.254389 116.344 0 -180 0 0 0 0 0 0
0 -180 0 -180 0 -180 0 -0 1.23963 -122.627 0 0 0 -180 0 -180 0 -180
inside=0 lambda=0.647 phi=25 theta=30
0 -0 0 -180 0 0 0 0 0.160294 116.925 0 0 0 -0 0 -180 0 0
0 -180 0 0 0 -180 0 -180 1.14942 -122.451 0 -180 0 -180 0 0 0 -180
0 0 0 -180 0 -180 0 -180 0.0601501 -66.1767 0 0 0 -180 0 0 0 0
0 -180 0 -0 0 0 0 0 0.0575384 50.2138 0 -180 0 0 0 180 0 -180
0 0 0 -180 0 -180 0 -180 0.060118 -66.0677 0 0 0 -180 0 0 0 0
0 -180 0 0 0 0 0 -0 0.0574319 50.8306 0 180 0 0 0 -180 0 -180
0 0 0 0 0 -0 0 -180 0.229339 116.344 0 -180 0 0 0 0 0 0
0 -180 0 -180 0 -180 0 0 1.21538 -122.615 0 0 0 -180 0 -180 0 -180
inside=0 lambda=0.647 phi=25 theta=45
0 -0 0 -180 0 0 0 0 0.194858 116.523 0 0 0 -0 0 -180 0 0
0 -180 0 0 0 -180 0 -180 1.18237 -122.551 0 -180 0 -180 0 0 0 -180
0 0 0 -180 0 -180 0 -180 0.0694223 -66.1371 0 0 0 -180 0 0 0 0
0 -180 0 -0 0 0 0 0 0.066366 50.5543 0 -180 0 0 0 180 0 -180
0 0 0 -180 0 -180 0 -180 0.0694223 -66.1371 0 0 0 -180 0 0 0 0
0 -180 0 0 0 0 0 -0 0.066366 50.5543 0 180 0 0 0 -180 0 -180
0 -0 0 0 0 -0 0 -180 0.194858 116.523 0 -180 0 0 0 0 0 0
0 -180 0 -180 0 -180 0 0 1.18237 -122.551 0 0 0 -180 0 -180 0 -180
inside=0 lambda=0.647 phi=30 theta=0
0 -0 0 -180 0 0 0.0142246 -5.56927 0.0717967 37.2861 0 0 0 -0 0 -180 0 0
0 -180 0 0 0 180 0 180 1.07032 -163.053 0 180 0 -180 0 0 0 180
0 -0 0 -180 0 -180 4.75818e-13 -29.9472 8.20184e-14 -50.8943 0 180 0 180 0 0 0 0
0 -180 0 -0 0 -0 0 0 8.17764e-14 156.354 0 -0 0 0 0 180 0 180
0 0 0 -180 0 -180 5.57372e-13 -95.6232 1.29331e-13 112.38 0 -180 0 -180 0 0 0 0
0 -180 0 0 0 0 0 -0 2.21185e-13 -0.384592 0 0 0 0 0 -180 0 -180
0 0 0 0 0 0 0.0945242 49.3608 0.297718 34.2707 0 -180 0 0 0 0 0 0
0 -180 0 -180 0 -180 0 -180 1.29383 -163.452 0 0 0 -180 0 -180 0 -180
inside=0 lambda=0.647 phi=30 theta=15
0 0 0 -180 0 -0 0 0 0.0919413 40.1677 0 0 0 -180 0 0 0 0
0 0 0 -0 0 180 0 0 1.08695 -163.036 0 180 0 -180 0 0 0 180
0 0 0 0 0 -180 0 0 0.0405263 112.811 0 -180 0 180 0 0 0 0
0 180 0 0 0 -0 0 0 0.146849 64.9966 0 -180 0 0 0 0 0 180
0 0 0 -180 0 -180 0 0 0.0381486 169.673 0 0 0 -180 0 0 0 0
0 0 0 -180 0 -180 0 0 0.0502389 4.56962 0 0 0 -180 0 0 0 0
0 0 0 0 0 0 0 0 0.622153 41.2247 0 -180 0 0 0 0 0 0
0 0 0 0 0 0 0 0 1.04655 170.436 0 -180 0 0 0 0 0 0
inside=0 lambda=0.647 phi=30 theta=30
0 -0 0 -180 0 0 0 -0 0.128289 34.6974 0 0 0 -0 0 -180 0 0
0 -180 0 -0 0 180 0 -180 1.12689 -163.258 0 180 0 -180 0 0 0 180
0 0 0 -180 0 -180 0 -180 0.0978093 -148.174 0 0 0 180 0 0 0 0
0 -180 0 -0 0 -0 0 -0 0.0980304 9.77063 0 180 0 0 0 180 0 180
0 0 0 -180 0 -180 0 -180 0.0977373 -148.077 0 180 0 -180 0 0 0 0
0 -180 0 -0 0 0 0 -0 0.0977574 10.7898 0 180 0 -0 0 180 0 180
0 -0 0 0 0 -0 0 -180 0.240572 33.6991 0 -180 0 0 0 0 0 0
0 -180 0 -180 0 -180 0 -0 1.23932 -163.475 0 0 0 180 0 180 0 180
inside=0 lambda=0.647 phi=30 theta=45
0 -0 0 -180 0 0 0 0 0.184523 33.9319 0 0 0 -0 0 -180 0 0
0 -180 0 -0 0 180 0 -180 1.18305 -163.413 0 180 0 -180 0 0 0 180
0 0 0 -180 0 -180 0 -180 0.11286 -148.181 0 0 0 180 0 0 0 0
0 -180 0 -0 0 -0 0 -0 0.112987 10.3655 0 180 0 0 0 180 0 180
0 0 0 -180 0 180 0 -180 0.11286 -148.181 0 0 0 -180 0 0 0 0
0 -180 0 -0 0 0 0 -0 0.112987 10.3655 0 180 0 -0 0 180 0 180
0 -0 0 0 0 -0 0 -180 0.184523 33.9319 0 -180 0 0 0 0 0 0
0 -180 0 -180 0 -180 0 -0 1.18305 -163.413 0 0 0 180 0 180 0 180
inside=0 lambda=0.647 phi=35 theta=0
0 -0 0 -180 0 0 0.0167676 45.6831 0.0109955 125.175 0 0 0 -0 0 -180 0 0
0 -180 0 -0 0 0 0 -180 0.988182 149.684 0 0 0 -180 0 -0 0 0
0 -0 0 -180 0 -180 7.80884e-13 101.965 2.79408e-13 176.181 0 -0 0 180 0 0 0 0
0 180 0 -180 0 -0 0 0 3.0503e-13 76.2713 0 -0 0 -0 0 0 0 180
0 0 0 -180 0 -180 1.06674e-13 -90.0295 1.31839e-13 -19.3022 0 -180 0 -180 0 0 0 0
0 180 0 -0 0 -0 0 180 1.26386e-13 76.8347 0 -180 0 -0 0 180 0 180
0 0 0 0 0 0 0.0846476 57.7975 0.373411 -62.9169 0 -180 0 0 0 0 0 0
0 180 0 180 0 180 0 -0 1.36403 148.754 0 -0 0 180 0 180 0 180
inside=0 lambda=0.647 phi=35 theta=15
0 -0 0 -180 0 0 0.0262488 -20.0594 0.0152223 -74.0123 0 0 0 -0 0 180 0 0
0 -180 0 -0 0 180 0 -180 1.01334 149.562 0 0 0 -180 0 -0 0 0
0 -0 0 -180 0 -180 0.0479034 -59.1641 0.0944709 115.944 0 0 0 180 0 0 0 0
0 180 0 -180 0 -0 0 -0 0.0979493 -38.6255 0 180 0 -0 0 0 0 180
0 -0 0 -180 0 180 0.0326642 -62.1221 0.095477 115.994 0 0 0 -180 0 0 0 0
0 180 0 -0 0 -0 0 -180 0.094702 -36.2577 0 0 0 -0 0 180 0 180
0 -0 0 -0 0 -0 0.130295 -61.3105 0.354217 -64.3233 0 180 0 0 0 0 0 0
0 180 0 180 0 180 0 -0 1.33231 148.91 0 -0 0 180 0 180 0 180
inside=0 lambda=0.647 phi=35 theta=30
0 -0 0 -180 0 0 0 -0 0.0850837 -66.4664 0 0 0 -0 0 180 0 0
0 -180 0 -0 0 180 0 180 1.08287 149.256 0 180 0 -180 0 -0 0 0
0 -0 0 -180 0 -180 0 -180 0.166264 115.498 0 0 0 180 0 0 0 0
0 180 0 -180 0 -0 0 -180 0.164965 -38.2452 0 180 0 -0 0 0 0 180
0 -0 0 -180 0 180 0 -0 0.166549 115.656 0 0 0 -180 0 0 0 0
0 180 0 -0 0 -0 0 -180 0.164562 -36.5029 0 0 0 -0 0 180 0 180
0 -0 0 -0 0 -0 0 -180 0.278851 -64.4927 0 180 0 0 0 0 0 0
0 180 0 180 0 -180 0 -180 1.27159 148.965 0 -0 0 180 0 180 0 180
inside=0 lambda=0.647 phi=35 theta=45
0 -0 0 -180 0 0 0 -0 0.181624 -65.3486 0 0 0 -0 0 180 0 0
0 -180 0 -0 0 180 0 180 1.17739 148.963 0 180 0 -180 0 -0 0 180
0 0 0 -0 0 -180 0 -180 0.192243 115.418 0 0 0 180 0 0 0 0
0 180 0 -180 0 -0 0 -0 0.19023 -37.1501 0 180 0 -0 0 0 0 180
0 0 0 -180 0 180 0 -0 0.192243 115.418 0 0 0 -180 0 0 0 0
0 180 0 -0 0 -0 0 -180 0.19023 -37.1501 0 0 0 -0 0 180 0 180
0 -0 0 -0 0 -0 0 -180 0.181624 -65.3486 0 180 0 0 0 0 0 0
0 -180 0 180 0 -180 0 -0 1.17739 148.963 0 -0 0 180 0 180 0 180
inside=0 lambda=0.647 phi=40 theta=0
0 -0 0 180 0 0 0.0101977 173.526 0.19703 12.72 0 0 0 -0 0 180 0 0
0 180 0 -0 0 0 0 -0 0.801127 96.3592 0 0 0 180 0 -0 0 0
0 -0 0 -180 0 -180 2.70416e-13 65.4908 1.8094e-13 -16.2388 0 -180 0 180 0 0 0 0
0 180 0 -180 0 -180 0 -180 1.44653e-13 -58.8307 0 180 0 -0 0 0 0 0
0 0 0 -180 0 -180 4.11862e-13 67.1786 2.31542e-13 -121.859 0 180 0 -180 0 0 0 0
0 180 0 -0 0 -0 0 180 1.98813e-13 -12.0383 0 -180 0 -0 0 180 0 180
0 0 0 0 0 0 0.365159 24.174 0.486204 -170.89 0 -180 0 0 0 0 0 0
0 180 0 180 0 180 0 -180 1.45743 97.1362 0 -0 0 180 0 180 0 180
inside=0 lambda=0.647 phi=40 theta=15
0 -0 0 -180 0 0 0.0155956 46.3612 0.147916 14.3572 0 0 0 -180 0 180 0 0
0 180 0 -0 0 0 0 -180 0.848035 96.0397 0 0 0 180 0 -0 0 0
0 -0 0 -180 0 -180 0.00472213 82.5816 0.185515 10.9915 0 0 0 180 0 0 0 0
0 180 0 -180 0 -180 0 -180 0.178316 -91.3914 0 0 0 -0 0 0 0 0
0 0 0 -180 0 -180 0.0424149 -71.2898 0.183198 11.7536 0 0 0 -180 0 0 0 0
0 180 0 -0 0 -0 0 180 0.174068 -85.9692 0 0 0 -180 0 0 0 0
0 0 0 0 0 -180 0.186866 -52.0104 0.473231 -167.283 0 -180 0 0 0 0 0 0
0 180 0 180 0 180 0 180 1.44686 96.7107 0 -0 0 0 0 0 0 0
inside=0 lambda=0.647 phi=40 theta=30
0 -0 0 -180 0 0 0.0259648 86.8128 0.0182717 56.6316 0 0 0 -180 0 180 0 0
0 -180 0 -180 0 0 0 180 0.976485 95.5814 0 0 0 180 0 -0 0 0
0 0 0 -0 0 -180 0.0573697 129.135 0.317755 10.6696 0 0 0 180 0 0 0 0
0 180 0 -180 0 -180 0 -180 0.306957 -89.2925 0 0 0 -0 0 -0 0 0
0 0 0 -180 0 180 0.122555 51.6852 0.315443 10.3607 0 0 0 -180 0 0 0 0
0 180 0 -0 0 -0 0 180 0.300905 -87.6556 0 -0 0 -180 0 0 0 0
0 -0 0 0 0 -180 0.30308 47.3629 0.343281 -172.948 0 -180 0 0 0 0 0 0
0 180 0 180 0 180 0 -180 1.31161 95.2771 0 -0 0 0 0 0 0 0
inside=0 lambda=0.647 phi=40 theta=45
0 -0 0 -180 0 0 0 0 0.17114 -174.389 0 0 0 -180 0 -180 0 0
0 180 0 -180 0 0 0 180 1.15131 95.3242 0 0 0 180 0 -0 0 0
0 0 0 -0 0 -180 0 -180 0.367617 10.1362 0 0 0 180 0 0 0 0
0 180 0 -180 0 -180 0 -180 0.351336 -88.5184 0 0 0 -0 0 -0 0 0
0 0 0 -180 0 180 0 -0 0.367617 10.1362 0 0 0 -180 0 0 0 0
0 180 0 -180 0 -0 0 -180 0.351336 -88.5184 0 -0 0 -180 0 0 0 0
0 -0 0 0 0 -180 0 -180 0.17114 -174.389 0 -180 0 0 0 0 0 0
0 180 0 180 0 180 0 -180 1.15131 95.3242 0 -0 0 0 0 0 0 0
inside=0 lambda=0.647 phi=45 theta=0
0 -0 0 180 0 180 0.0201104 15.4852 0.999774 -159.099 0 180 0 -0 0 180 0 180
0 180 0 -0 0 -0 0 -0 0 180 0 -0 0 180 0 -0 0 -0
0 -0 0 -0 0 -0 3.2215e-12 116.188 1.83418e-12 -170.159 0 -180 0 180 0 180 0 180
0 180 0 180 0 180 0 -180 0 -180 0 0 0 -0 0 -0 0 -0
0 0 0 -180 0 -180 8.63385e-13 115.8 3.40864e-13 -140.408 0 180 0 -180 0 0 0 0
0 -0 0 -180 0 -180 0 180 0 180 0 0 0 180 0 0 0 0
0 0 0 0 0 0 0.442252 -137.541 0.908124 58.9834 0 -180 0 0 0 0 0 0
0 -0 0 0 0 0 0 -180 0 0 0 -180 0 -0 0 0 0 0
inside=0 lambda=0.647 phi=45 theta=15
0 -0 0 180 0 180 0.0552362 63.2237 0.863223 -160.863 0 180 0 -0 0 180 0 180
0 180 0 -0 0 -0 0 -180 0 180 0 -0 0 0 0 -180 0 -180
0 -0 0 -0 0 -0 0.368898 53.7131 0.432865 -143.224 0 0 0 180 0 180 0 180
0 180 0 180 0 180 0 -180 0 180 0 -0 0 -180 0 -180 0 -0
0 0 0 -180 0 180 0.132611 50.1172 0.454785 -143.841 0 180 0 -180 0 0 0 0
0 0 0 -180 0 -180 0 180 0 180 0 -180 0 -180 0 0 0 -0
0 -0 0 -0 0 -0 0.0950087 24.5244 0.875202 51.5838 0 -180 0 0 0 0 0 0
0 180 0 0 0 0 0 -180 0 0 0 -180 0 0 0 -0 0 -0
inside=0 lambda=0.647 phi=45 theta=30
0 -180 0 -0 0 0 0.0212522 -36.9844 0.52548 -168.425 0 180 0 -0 0 180 0 180
0 180 0 -0 0 -0 0 180 0 0 0 -0 0 0 0 -180 0 -0
0 -0 0 -180 0 -180 0.0544685 19.8665 0.851751 -145.473 0 0 0 180 0 180 0 180
0 180 0 180 0 180 0 0 0 180 0 -0 0 -180 0 -180 0 -0
0 0 0 -180 0 180 0.0282429 -73.6169 0.848037 -145.501 0 180 0 -180 0 0 0 0
0 0 0 -180 0 -180 0 180 0 180 0 -180 0 180 0 -0 0 -0
0 -180 0 -0 0 -0 0.0494506 -50.4182 0.525529 57.2824 0 -180 0 0 0 0 0 180
0 180 0 0 0 0 0 -0 0 0 0 -180 0 -0 0 -0 0 -0
inside=0 lambda=0.647 phi=45 theta=45
0 -180 0 -180 0 0 0 -0 0.191402 123.952 0 0 0 -0 0 180 0 180
0 180 0 180 0 -0 0 0 0 0 0 -0 0 0 0 -180 0 -0
0 -0 0 -180 0 -180 0 -0 0.981512 -146.048 0 0 0 180 0 180 0 180
0 0 0 180 0 180 0 0 0 180 0 -0 0 -180 0 -180 0 -0
0 -0 0 -0 0 180 0 -180 0.981512 -146.048 0 180 0 -180 0 0 0 180
0 0 0 0 0 -180 0 180 0 180 0 -180 0 180 0 -0 0 -0
0 -180 0 -0 0 -0 0 -180 0.191402 123.952 0 180 0 0 0 0 0 180
0 180 0 0 0 0 0 180 0 0 0 -180 0 -0 0 -0 0 -0
inside=1 lambda=0.647 phi=0 theta=0
0 0 0 -180 0 0 0 0 0.188307 -178.429 0 0 0 0 0 -180 0 0
0 -0 0 180 0 -0 0 -0 0.813744 -27.4508 0 -0 0 -0 0 180 0 -0
0 0 0 0 0 -180 0 180 6.19577e-13 -69.4494 0 180 0 -180 0 0 0 0
0 -0 0 0 0 180 0 0 8.09532e-13 14.7514 0 0 0 180 0 180 0 -0
0 0 0 -180 0 -180 0 0 1.93112e-13 34.1061 0 0 0 -180 0 -0 0 0
0 -0 0 -0 0 180 0 180 6.19314e-13 39.987 0 -0 0 180 0 -0 0 -0
0 0 0 0 0 0 0 -180 0.188307 -178.429 0 -180 0 0 0 0 0 0
0 -0 0 -0 0 -0 0 180 0.813744 -27.4508 0 180 0 -0 0 -0 0 -0
inside=1 lambda=0.647 phi=0 theta=15
0 0 0 -180 0 0 0 0 0.188307 -178.429 0 0 0 0 0 -180 0 0
0 -0 0 180 0 -0 0 -0 0.813744 -27.4508 0 -0 0 -0 0 180 0 -0
0 0 0 0 0 -180 0 180 6.19577e-13 -69.4494 0 180 0 -180 0 0 0 0
0 -0 0 0 0 180 0 0 8.09532e-13 14.7514 0 0 0 180 0 180 0 -0
0 0 0 -180 0 -180 0 0 1.93112e-13 34.1061 0 0 0 -180 0 -0 0 0
0 -0 0 -0 0 180 0 180 6.19314e-13 39.987 0 -0 0 180 0 -0 0 -0
0 0 0 0 0 0 0 -180 0.188307 -178.429 0 -180 0 0 0 0 0 0
0 -0 0 -0 0 -0 0 180 0.813744 -27.4508 0 180 0 -0 0 -0 0 -0
inside=1 lambda=0.647 phi=0 theta=30
0 0 0 -180 0 0 0 0 0.188307 -178.429 0 0 0 0 0 -180 0 0
0 -0 0 180 0 -0 0 -0 0.813744 -27.4508 0 -0 0 -0 0 180 0 -0
0 0 0 0 0 -180 0 180 6.19577e-13 -69.4494 0 180 0 -180 0 0 0 0
0 -0 0 0 0 180 0 0 8.09532e-13 14.7514 0 0 0 180 0 180 0 -0
0 0 0 -180 0 -180 0 0 1.93112e-13 34.1061 0 0 0 -180 0 -0 0 0
0 -0 0 -0 0 180 0 180 6.19314e-13 39.987 0 -0 0 180 0 -0 0 -0
0 0 0 0 0 0 0 -180 0.188307 -178.429 0 -180 0 0 0 0 0 0
0 -0 0 -0 0 -0 0 180 0.813744 -27.4508 0 180 0 -0 0 -0 0 -0
inside=1 lambda=0.647 phi=0 theta=45
0 0 0 -180 0 0 0 0 0.188307 -178.429 0 0 0 0 0 -180 0 0
0 -0 0 180 0 -0 0 -0 0.813744 -27.4508 0 -0 0 -0 0 180 0 -0
0 0 0 0 0 -180 0 180 6.19577e-13 -69.4494 0 180 0 -180 0 0 0 0
0 -0 0 0 0 180 0 0 8.09532e-13 14.7514 0 0 0 180 0 180 0 -0
0 0 0 -180 0 -180 0 0 1.93112e-13 34.1061 0 0 0 -180 0 -0 0 0
0 -0 0 -0 0 180 0 180 6.19314e-13 39.987 0 -0 0 180 0 -0 0 -0
0 0 0 0 0 0 0 -180 0.188307 -178.429 0 -180 0 0 0 0 0 0
0 -0 0 -0 0 -0 0 180 0.813744 -27.4508 0 180 0 -0 0 -0 0 -0
inside=1 lambda=0.647 phi=5 theta=0
0 0 0 -180 0 0 0 0 0.187679 -178.352 0 0 0 0 0 -180 0 0
0 -0 0 180 0 -0 0 -0 0.814665 -29.2729 0 -0 0 -0 0 180 0 -0
0 0 0 -180 0 -180 0 -0 9.57656e-14 -156.34 0 -0 0 -180 0 0 0 0
0 -0 0 0 0 180 0 180 4.19044e-14 -12.3162 0 -180 0 180 0 -180 0 -0
0 0 0 -180 0 -180 0 0 1.83629e-13 44.8367 0 180 0 -180 0 0 0 0
0 -0 0 180 0 180 0 -180 2.79608e-13 50.4674 0 -180 0 180 0 -0 0 -0
0 0 0 0 0 0 0 -180 0.189662 -178.351 0 -180 0 0 0 0 0 0
0 -0 0 -0 0 -0 0 180 0.812707 -29.2834 0 180 0 -0 0 -0 0 -0
inside=1 lambda=0.647 phi=5 theta=15
0 0 0 -180 0 0 0 0 0.187811 -178.352 0 0 0 0 0 -180 0 0
0 -0 0 180 0 -0 0 -0 0.814534 -29.2736 0 -0 0 -0 0 180 0 -0
0 0 0 -0 0 -180 0 -180 0.000494018 1.33909 0 0 0 -180 0 0 0 0
0 -0 0 0 0 180 0 180 0.000492806 -22.5402 0 -0 0 180 0 -180 0 -0
0 0 0 -180 0 -180 0 -0 0.000494029 1.34208 0 0 0 -180 0 0 0 0
0 -0 0 180 0 180 0 0 0.000492796 -22.5518 0 -180 0 180 0 -0 0 -0
0 0 0 0 0 0 0 -180 0.189529 -178.351 0 -180 0 0 0 0 0 0
0 -0 0 -0 0 -0 0 180 0.812838 -29.2827 0 180 0 -0 0 -0 0 -0
inside=1 lambda=0.647 phi=5 theta=30
0 0 0 -180 0 0 0 0 0.188174 -178.352 0 0 0 0 0 -180 0 0
0 -0 0 180 0 -0 0 -0 0.814176 -29.2755 0 -0 0 -0 0 180 0 -0
0 0 0 -0 0 -180 0 -180 0.000855668 1.33973 0 0 0 -180 0 0 0 0
0 -0 0 0 0 180 0 180 0.000853561 -22.5427 0 -0 0 180 0 -180 0 -0
0 0 0 -180 0 -180 0 -0 0.000855679 1.34145 0 0 0 -180 0 0 0 0
0 -0 0 180 0 180 0 0 0.000853551 -22.5494 0 -180 0 180 0 -0 0 -0
0 0 0 0 0 0 0 -180 0.189166 -178.351 0 -180 0 0 0 0 0 0
0 -0 0 -0 0 -0 0 180 0.813196 -29.2808 0 180 0 -0 0 -0 0 -0
inside=1 lambda=0.647 phi=5 theta=45
0 0 0 -180 0 0 0 0 0.18867 -178.351 0 0 0 0 0 -180 0 0
0 -0 0 180 0 -0 0 -0 0.813686 -29.2781 0 -0 0 -0 0 180 0 -0
0 0 0 -0 0 -180 0 -180 0.000988046 1.34059 0 0 0 -180 0 0 0 0
0 -0 0 0 0 180 0 180 0.000985601 -22.546 0 -0 0 180 0 -180 0 -0
0 0 0 -180 0 -180 0 -0 0.000988046 1.34059 0 0 0 -180 0 0 0 0
0 -0 0 180 0 180 0 0 0.000985601 -22.546 0 -180 0 180 0 -0 0 -0
0 0 0 0 0 0 0 -180 0.18867 -178.351 0 -180 0 0 0 0 0 0
0 -0 0 -0 0 -0 0 180 0.813686 -29.2781 0 180 0 -0 0 -0 0 -0
inside=1 lambda=0.647 phi=10 theta=0
0 0 0 -180 0 0 0 0 0.185813 -178.166 0 0 0 0 0 -180 0 0
0 -0 0 180 0 -0 0 -0 0.817462 -34.7005 0 -0 0 -0 0 180 0 -0
0 0 0 -180 0 -180 0 -0 2.5915e-14 172.182 0 -0 0 -180 0 0 0 0
0 -0 0 0 0 180 0 180 1.72084e-13 -126.305 0 0 0 180 0 -180 0 -0
0 0 0 -180 0 -180 0 -0 1.32116e-13 130.297 0 -0 0 -180 0 0 0 0
0 -0 0 180 0 180 0 -0 2.13439e-13 141.359 0 180 0 180 0 -0 0 -0
0 0 0 0 0 0 0 -180 0.193857 -178.166 0 -180 0 0 0 0 0 0
0 -0 0 -0 0 -0 0 180 0.809542 -34.7427 0 180 0 -0 0 -0 0 -0
inside=1 lambda=0.647 phi=10 theta=15
0 0 0 -180 0 0 0 0 0.186351 -178.166 0 0 0 0 0 -180 0 0
0 -0 0 180 0 -0 0 -0 0.816932 -34.7034 0 -0 0 -0 0 180 0 -0
0 0 0 -0 0 -180 0 -180 0.00200305 1.41668 0 0 0 -180 0 0 0 0
0 -0 0 0 0 180 0 180 0.00199254 -27.9853 0 -0 0 180 0 -180 0 -0
0 0 0 -180 0 -180 0 -0 0.00200326 1.42765 0 0 0 -180 0 0 0 0
0 -0 0 180 0 180 0 0 0.00199238 -28.0325 0 -180 0 180 0 -0 0 -0
0 0 0 0 0 0 0 -180 0.193318 -178.166 0 -180 0 0 0 0 0 0
0 -0 0 -0 0 -0 0 180 0.810073 -34.7399 0 180 0 -0 0 -0 0 -0
inside=1 lambda=0.647 phi=10 theta=30
0 0 0 -180 0 0 0 0 0.187824 -178.167 0 0 0 0 0 -180 0 0
0 -0 0 180 0 -0 0 -0 0.815482 -34.7111 0 -0 0 -0 0 180 0 -0
0 0 0 -0 0 -180 0 -180 0.00346947 1.41907 0 0 0 -180 0 0 0 0
0 -0 0 0 0 180 0 180 0.00345112 -27.9956 0 -0 0 180 0 -180 0 -0
0 0 0 -180 0 -180 0 -0 0.00346968 1.4254 0 0 0 -180 0 0 0 0
0 -0 0 180 0 180 0 0 0.00345096 -28.0229 0 -180 0 180 0 -0 0 -0
0 0 0 0 0 0 0 -180 0.191846 -178.167 0 -180 0 0 0 0 0 0
0 -0 0 -0 0 -0 0 180 0.811522 -34.7322 0 180 0 -0 0 -0 0 -0
inside=1 lambda=0.647 phi=10 theta=45
0 0 0 -180 0 0 0 0 0.189835 -178.167 0 0 0 0 0 -180 0 0
0 -0 0 180 0 -0 0 -0 0.813502 -34.7216 0 -0 0 -0 0 180 0 -0
0 0 0 -0 0 -180 0 -180 0.00400632 1.42228 0 0 0 -180 0 0 0 0
0 -0 0 0 0 180 0 180 0.00398492 -28.0095 0 -0 0 180 0 -180 0 -0
0 0 0 -180 0 -180 0 -0 0.00400632 1.42228 0 0 0 -180 0 0 0 0
0 -0 0 180 0 180 0 0 0.00398492 -28.0095 0 -180 0 180 0 -0 0 -0
0 0 0 0 0 0 0 -180 0.189835 -178.167 0 -180 0 0 0 0 0 0
0 -0 0 -0 0 -0 0 180 0.813502 -34.7216 0 180 0 -0 0 -0 0 -0
inside=1 lambda=0.647 phi=15 theta=0
0 0 0 -180 0 0 0 0 0.18266 -178.011 0 0 0 0 0 -180 0 0
0 -0 0 180 0 -0 0 -0 0.82225 -43.6179 0 -180 0 -0 0 180 0 -0
0 0 0 -180 0 -180 0 180 3.03618e-14 52.1221 0 -180 0 -180 0 0 0 0
0 -0 0 0 0 180 0 0 2.45755e-13 48.041 0 180 0 180 0 -180 0 -0
0 0 0 -180 0 -180 0 -0 9.93631e-14 90.8088 0 -0 0 -180 0 0 0 0
0 -0 0 180 0 180 0 -0 2.79323e-13 64.3774 0 0 0 180 0 -0 0 -0
0 0 0 0 0 0 0 -180 0.201187 -178.03 0 -180 0 0 0 0 0 0
0 -0 0 -0 0 -0 0 0 0.804101 -43.7121 0 180 0 -0 0 -0 0 -0
inside=1 lambda=0.647 phi=15 theta=15
0 0 0 -180 0 0 0 0 0.183901 -178.013 0 0 0 0 0 -180 0 0
0 -0 0 180 0 -0 0 -0 0.821034 -43.6242 0 -180 0 -0 0 180 0 -0
0 0 0 -0 0 -180 0 -180 0.00461061 1.43382 0 0 0 -180 0 0 0 0
0 -0 0 0 0 180 0 180 0.00456488 -36.9757 0 -0 0 180 0 -180 0 -0
0 0 0 -180 0 -180 0 -0 0.00461183 1.45433 0 0 0 -180 0 0 0 0
0 -0 0 180 0 180 0 0 0.0045641 -37.0849 0 -180 0 180 0 -0 0 -0
0 0 0 0 0 0 0 -180 0.199945 -178.029 0 -180 0 0 0 0 0 0
0 -0 0 -0 0 -0 0 0 0.805316 -43.7058 0 180 0 -0 0 -0 0 -0
inside=1 lambda=0.647 phi=15 theta=30
0 0 0 -180 0 0 0 0 0.18729 -178.017 0 0 0 0 0 -180 0 0
0 -0 0 0 0 -0 0 -0 0.817712 -43.6414 0 -180 0 -0 0 180 0 -0
0 0 0 -0 0 -180 0 -180 0.00798627 1.43844 0 0 0 -180 0 0 0 0
0 -0 0 0 0 180 0 180 0.00790628 -37.0006 0 -0 0 180 0 -180 0 -0
0 0 0 -180 0 -180 0 -0 0.00798749 1.45026 0 0 0 -180 0 0 0 0
0 -0 0 180 0 180 0 0 0.00790551 -37.0636 0 -180 0 180 0 -0 0 -0
0 0 0 0 0 0 0 -180 0.196554 -178.026 0 -180 0 0 0 0 0 0
0 -0 0 -0 0 -0 0 0 0.808638 -43.6886 0 180 0 -0 0 -0 0 -0
inside=1 lambda=0.647 phi=15 theta=45
0 0 0 -180 0 0 0 0 0.191922 -178.022 0 0 0 0 0 -180 0 0
0 -0 0 0 0 -0 0 -0 0.813175 -43.665 0 -180 0 -0 0 180 0 -0
0 0 0 -0 0 -180 0 -180 0.00922247 1.44449 0 0 0 -180 0 0 0 0
0 -0 0 0 0 180 0 180 0.00912893 -37.033 0 -0 0 180 0 -180 0 -0
0 0 0 -180 0 -180 0 -0 0.00922247 1.44449 0 0 0 -180 0 0 0 0
0 -0 0 180 0 180 0 0 0.00912893 -37.033 0 -180 0 180 0 -0 0 -0
0 0 0 0 0 0 0 -180 0.191922 -178.022 0 -180 0 0 0 0 0 0
0 -0 0 -0 0 -0 0 0 0.813175 -43.665 0 180 0 -0 0 -180 0 -0
inside=1 lambda=0.647 phi=20 theta=0
0 -0 0 -180 0 0 0 0 0.177806 -178.113 0 0 0 -0 0 -180 0 0
0 -0 0 0 0 -180 0 -180 0.82928 -55.8328 0 -180 0 -0 0 0 0 -180
0 0 0 -180 0 -180 0 -0 1.1456e-14 -147.364 0 0 0 -180 0 0 0 0
0 -0 0 0 0 0 0 -180 9.16719e-15 9.93891 0 180 0 180 0 -180 0 -180
0 0 0 -180 0 -180 0 180 2.55678e-15 144.001 0 180 0 -180 0 0 0 0
0 -0 0 0 0 180 0 180 3.4688e-14 45.4261 0 -180 0 180 0 -180 0 -0
0 0 0 0 0 0 0 -180 0.21178 -178.176 0 -180 0 0 0 0 0 0
0 -0 0 -180 0 -0 0 0 0.796184 -55.9945 0 0 0 -0 0 -180 0 -0
inside=1 lambda=0.647 phi=20 theta=15
0 -0 0 -180 0 0 0 0 0.18008 -178.119 0 0 0 -0 0 -180 0 0
0 -0 0 0 0 -180 0 -180 0.827063 -55.8436 0 -180 0 -0 0 0 0 -180
0 0 0 -0 0 -180 0 -180 0.0084546 1.24695 0 0 0 -180 0 0 0 0
0 -0 0 0 0 0 0 0 0.00832163 -49.3764 0 -180 0 180 0 -180 0 -180
0 0 0 -180 0 -180 0 -0 0.00845858 1.27236 0 0 0 -180 0 0 0 0
0 -0 0 0 0 180 0 0 0.00831911 -49.5781 0 -180 0 180 0 -180 0 -0
0 0 0 0 0 0 0 -180 0.209503 -178.173 0 -180 0 0 0 0 0 0
0 -0 0 -180 0 -0 0 0 0.798401 -55.9838 0 0 0 -180 0 -180 0 -0
inside=1 lambda=0.647 phi=20 theta=30
0 0 0 -180 0 0 0 0 0.186295 -178.132 0 0 0 -0 0 -180 0 0
0 -0 0 0 0 -180 0 -180 0.821006 -55.8733 0 -180 0 -0 0 0 0 -180
0 0 0 -0 0 -180 0 -180 0.0146454 1.25274 0 0 0 -180 0 0 0 0
0 -0 0 0 0 0 0 0 0.0144124 -49.4252 0 -180 0 180 0 -180 0 -180
0 0 0 -180 0 -180 0 -0 0.0146493 1.26739 0 0 0 -180 0 0 0 0
0 -0 0 0 0 180 0 0 0.0144099 -49.5412 0 -180 0 0 0 -180 0 -0
0 0 0 0 0 0 0 -180 0.203282 -178.163 0 -180 0 0 0 0 0 0
0 -0 0 -180 0 -0 0 0 0.804458 -55.9543 0 0 0 -180 0 -180 0 -180
inside=1 lambda=0.647 phi=20 theta=45
0 0 0 -180 0 0 0 0 0.194787 -178.149 0 0 0 -0 0 -180 0 0
0 -0 0 0 0 -180 0 -180 0.812732 -55.9138 0 -180 0 -0 0 0 0 -180
0 0 0 -0 0 -180 0 -180 0.0169133 1.26027 0 0 0 -180 0 0 0 0
0 -0 0 0 0 0 0 0 0.0166405 -49.4862 0 -180 0 180 0 -180 0 -180
0 0 0 -180 0 -180 0 -0 0.0169133 1.26027 0 0 0 -180 0 0 0 0
0 -0 0 0 0 180 0 0 0.0166405 -49.4862 0 -180 0 0 0 -180 0 -180
0 0 0 0 0 -0 0 -180 0.194787 -178.149 0 -180 0 0 0 0 0 0
0 -0 0 -180 0 -0 0 0 0.812732 -55.9138 0 0 0 -180 0 -180 0 -180
inside=1 lambda=0.647 phi=25 theta=0
0 -0 0 -180 0 0 0 0 0.170168 -178.711 0 0 0 -0 0 -180 0 0
0 -0 0 0 0 -180 0 -180 0.838999 -71.0804 0 -180 0 -0 0 0 0 -180
0 0 0 -180 0 -180 0 -0 1.32776e-14 -76.9341 0 -0 0 -180 0 0 0 0
0 -0 0 0 0 0 0 0 1.46265e-13 18.8597 0 -180 0 180 0 -180 0 -180
0 0 0 -180 0 -180 0 -0 7.99686e-14 -105.631 0 -0 0 -180 0 0 0 0
0 -180 0 0 0 0 0 -0 1.00156e-13 12.9878 0 0 0 0 0 -180 0 -180
0 0 0 0 0 0 0 -180 0.225157 -178.813 0 -180 0 0 0 0 0 0
0 -180 0 -180 0 -180 0 0 0.785625 -71.3121 0 0 0 -180 0 -180 0 -180
inside=1 lambda=0.647 phi=25 theta=15
0 -0 0 -180 0 0 0 0 0.17385 -178.72 0 0 0 -0 0 -180 0 0
0 -0 0 0 0 -180 0 -180 0.835423 -71.0961 0 -180 0 -0 0 0 0 -180
0 0 0 -0 0 -180 0 -180 0.0136992 0.746272 0 0 0 -180 0 0 0 0
0 -0 0 0 0 0 0 0 0.0134146 -64.9655 0 -180 0 180 0 -180 0 -180
0 0 0 -180 0 -180 0 -0 0.0137067 0.765959 0 0 0 -180 0 0 0 0
0 -180 0 0 0 0 0 0 0.0134074 -65.2968 0 -180 0 0 0 -180 0 -180
0 0 0 0 0 0 0 -180 0.221471 -178.808 0 -180 0 0 0 0 0 0
0 -180 0 -180 0 -0 0 0 0.7892 -71.2971 0 0 0 -180 0 -180 0 -180
inside=1 lambda=0.647 phi=25 theta=30
0 -0 0 -180 0 0 0 0 0.18391 -178.743 0 0 0 -0 0 -180 0 0
0 -0 0 0 0 -180 0 -180 0.825654 -71.1389 0 -180 0 -0 0 0 0 -180
0 0 0 -0 0 -180 0 -180 0.0237304 0.750154 0 0 0 -180 0 0 0 0
0 -0 0 0 0 0 0 0 0.0232315 -65.0519 0 -180 0 180 0 -180 0 -180
0 0 0 -180 0 -180 0 -0 0.0237379 0.761782 0 0 0 -180 0 0 0 0
0 -180 0 0 0 180 0 0 0.0232244 -65.241 0 -180 0 0 0 -180 0 -180
0 0 0 0 0 -0 0 -180 0.211404 -178.793 0 -180 0 0 0 0 0 0
0 -0 0 -180 0 -0 0 0 0.798967 -71.2554 0 0 0 -180 0 -180 0 -180
inside=1 lambda=0.647 phi=25 theta=45
0 0 0 -180 0 0 0 0 0.197655 -178.77 0 0 0 -0 0 -180 0 0
0 -0 0 0 0 -180 0 -180 0.81231 -71.1974 0 -180 0 -0 0 0 0 -180
0 0 0 -0 0 -180 0 -180 0.0274058 0.755938 0 0 0 -180 0 0 0 0
0 -180 0 0 0 0 0 0 0.0268209 -65.1539 0 -180 0 180 0 -180 0 -180
0 0 0 -180 0 -180 0 -0 0.0274058 0.755938 0 0 0 -180 0 0 0 0
0 -180 0 0 0 180 0 0 0.0268209 -65.1539 0 -180 0 0 0 -180 0 -180
0 0 0 0 0 -0 0 -180 0.197655 -178.77 0 -180 0 0 0 0 0 0
0 -0 0 -180 0 -0 0 0 0.81231 -71.1974 0 0 0 -180 0 -180 0 -180
inside=1 lambda=0.647 phi=30 theta=0
0 -0 0 -180 0 0 0 0 0.158056 -179.894 0 0 0 -0 0 -180 0 0
0 -0 0 0 0 -180 0 -180 0.852034 -89.0292 0 -180 0 -0 0 0 0 -180
0 0 0 -180 0 -180 0 -0 3.47465e-14 116.239 0 -0 0 -180 0 0 0 0
0 -180 0 0 0 0 0 180 7.03375e-14 -148.866 0 180 0 0 0 -180 0 -180
0 0 0 -180 0 -180 0 180 1.20054e-13 17.152 0 -0 0 -180 0 0 0 0
0 -180 0 0 0 0 0 180 3.18022e-14 178.575 0 -0 0 0 0 -180 0 -180
0 0 0 0 0 0 0 -180 0.24002 -179.931 0 -180 0 0 0 0 0 0
0 -180 0 -180 0 -180 0 0 0.77236 -89.3124 0 0 0 -180 0 -180 0 -180
inside=1 lambda=0.647 phi=30 theta=15
0 -0 0 -180 0 0 0 0 0.163549 -179.898 0 0 0 -0 0 -180 0 0
0 -0 0 0 0 -180 0 -180 0.846694 -89.0489 0 -180 0 -0 0 0 0 -180
0 0 0 -0 0 -180 0 -180 0.0204788 -0.0276191 0 0 0 -180 0 0 0 0
0 -180 0 0 0 0 0 0 0.0200203 -83.3855 0 -180 0 0 0 -180 0 -180
0 0 0 -180 0 -180 0 -0 0.0204818 -0.0211292 0 0 0 -180 0 0 0 0
0 -180 0 0 0 0 0 0 0.0200003 -83.889 0 -180 0 0 0 -180 0 -180
0 0 0 0 0 0 0 -180 0.234537 -179.928 0 -180 0 0 0 0 0 0
0 -180 0 -180 0 -180 0 0 0.777694 -89.2955 0 0 0 -180 0 -180 0 -180
inside=1 lambda=0.647 phi=30 theta=30
0 -0 0 -180 0 0 0 0 0.178556 -179.905 0 0 0 -0 0 -180 0 0
0 -0 0 0 0 -180 0 -180 0.832108 -89.1027 0 -180 0 -0 0 0 0 -180
0 0 0 -0 0 -180 0 -180 0.0354686 -0.0288711 0 0 0 180 0 0 0 0
0 -180 0 0 0 0 0 0 0.0346662 -83.5292 0 -180 0 0 0 -180 0 -180
0 0 0 -180 0 -180 0 -0 0.0354726 -0.023516 0 0 0 -180 0 0 0 0
0 -180 0 0 0 0 0 0 0.0346471 -83.8127 0 -180 0 0 0 -180 0 -180
0 0 0 0 0 -0 0 -180 0.219546 -179.921 0 -180 0 0 0 0 0 0
0 -180 0 -180 0 -0 0 0 0.792269 -89.2466 0 0 0 -180 0 -180 0 -180
inside=1 lambda=0.647 phi=30 theta=45
0 -0 0 -180 0 0 0 0 0.199054 -179.914 0 0 0 -0 0 -180 0 0
0 -0 0 0 0 -180 0 -180 0.812186 -89.1756 0 -180 0 -0 0 0 0 -180
0 0 0 -0 0 -180 0 -180 0.0409568 -0.0268369 0 0 0 -180 0 0 0 0
0 -180 0 0 0 0 0 0 0.0400169 -83.687 0 -180 0 0 0 -180 0 -180
0 0 0 -180 0 -180 0 -0 0.0409568 -0.0268369 0 0 0 -180 0 0 0 0
0 -180 0 0 0 0 0 0 0.0400169 -83.687 0 -180 0 0 0 -180 0 -180
0 -0 0 0 0 -0 0 -180 0.199054 -179.914 0 -180 0 0 0 0 0 0
0 -0 0 -180 0 -0 0 0 0.812186 -89.1756 0 0 0 -180 0 -180 0 -180
inside=1 lambda=0.647 phi=35 theta=0
0 -0 0 -180 0 0 0 0 0.139851 178.559 0 0 0 -0 0 -180 0 0
0 -0 0 0 0 -180 0 -180 0.869086 -109.281 0 -180 0 -0 0 0 0 -180
0 -0 0 -180 0 -180 0 -0 1.10326e-13 -139.53 0 -0 0 180 0 0 0 0
0 -180 0 -0 0 0 0 -180 2.27624e-14 130.248 0 -180 0 0 0 180 0 -180
0 0 0 -180 0 -180 0 0 5.06837e-14 110.111 0 -0 0 -180 0 0 0 0
0 -180 0 0 0 0 0 180 1.52361e-13 173.277 0 180 0 0 0 -180 0 -180
0 0 0 0 0 0 0 -180 0.254826 178.857 0 -180 0 0 0 0 0 0
0 -180 0 -180 0 -180 0 0 0.756351 -109.582 0 0 0 -180 0 -180 0 -180
inside=1 lambda=0.647 phi=35 theta=15
0 -0 0 -180 0 0 0 0 0.147574 178.592 0 0 0 -0 0 -180 0 0
0 -0 0 0 0 -180 0 -180 0.861525 -109.304 0 -180 0 -0 0 0 0 -180
0 0 0 -0 0 -180 0 -180 0.0288787 -0.814329 0 0 0 180 0 0 0 0
0 -180 0 -0 0 0 0 0 0.0283386 -104.104 0 -180 0 0 0 180 0 -180
0 0 0 -180 0 -180 0 -0 0.0288435 -0.801177 0 0 0 -180 0 0 0 0
0 -180 0 0 0 0 0 -0 0.0282858 -104.826 0 180 0 0 0 -180 0 -180
0 0 0 0 0 0 0 -180 0.247191 178.85 0 -180 0 0 0 0 0 0
0 -180 0 -180 0 -180 0 0 0.763884 -109.569 0 0 0 -180 0 -180 0 -180
inside=1 lambda=0.647 phi=35 theta=30
0 -0 0 -180 0 0 0 0 0.168669 178.671 0 0 0 -0 0 -180 0 0
0 -0 0 0 0 -180 0 -180 0.840873 -109.365 0 -180 0 -0 0 0 0 -180
0 0 0 -0 0 -180 0 -180 0.0499871 -0.815243 0 0 0 180 0 0 0 0
0 -180 0 -0 0 0 0 0 0.0490555 -104.335 0 -180 0 0 0 180 0 -180
0 0 0 -180 0 -180 0 -0 0.0499617 -0.804196 0 0 0 -180 0 0 0 0
0 -180 0 0 0 0 0 -0 0.0490083 -104.732 0 180 0 0 0 -180 0 -180
0 0 0 0 0 -0 0 -180 0.226224 178.817 0 -180 0 0 0 0 0 0
0 -180 0 -180 0 -0 0 0 0.784492 -109.523 0 0 0 -180 0 -180 0 -180
inside=1 lambda=0.647 phi=35 theta=45
0 -0 0 -180 0 0 0 0 0.197471 178.755 0 0 0 -0 0 -180 0 0
0 -180 0 0 0 -180 0 -180 0.812674 -109.447 0 -180 0 -0 0 0 0 -180
0 0 0 -0 0 -180 0 -180 0.0576989 -0.809925 0 0 0 180 0 0 0 0
0 -180 0 -0 0 0 0 0 0.056614 -104.564 0 -180 0 0 0 180 0 -180
0 0 0 -180 0 180 0 -0 0.0576989 -0.809925 0 0 0 -180 0 0 0 0
0 -180 0 0 0 0 0 -0 0.056614 -104.564 0 180 0 0 0 -180 0 -180
0 -0 0 0 0 -0 0 -180 0.197471 178.755 0 -180 0 0 0 0 0 0
0 -180 0 -180 0 -0 0 0 0.812674 -109.447 0 0 0 -180 0 -180 0 -180
inside=1 lambda=0.647 phi=40 theta=0
0 -0 0 -180 0 0 0 0 0.11499 177.204 0 0 0 -0 0 -180 0 0
0 -0 0 0 0 180 0 -180 0.89083 -131.361 0 180 0 -0 0 0 0 180
0 -0 0 -180 0 -180 0 -0 1.76572e-13 140.369 0 0 0 180 0 0 0 0
0 -180 0 -0 0 -0 0 -180 1.80396e-13 -28.7331 0 -180 0 0 0 180 0 180
0 0 0 -180 0 -180 0 -0 2.12375e-13 -75.2749 0 -180 0 -180 0 0 0 0
0 -180 0 0 0 0 0 0 1.93358e-13 -149.952 0 -0 0 0 0 -180 0 -180
0 0 0 0 0 0 0 -180 0.26922 178.286 0 -180 0 0 0 0 0 0
0 -180 0 -180 0 -180 0 -0 0.737278 -131.644 0 0 0 -180 0 -180 0 -180
inside=1 lambda=0.647 phi=40 theta=15
0 -0 0 -180 0 0 0 0 0.125384 177.339 0 0 0 -0 0 -180 0 0
0 -0 0 0 0 180 0 -180 0.880516 -131.387 0 180 0 -0 0 0 0 180
0 -0 0 -0 0 -180 0 -180 0.0390694 -1.22953 0 0 0 180 0 0 0 0
0 -180 0 -0 0 -0 0 -0 0.038656 -126.432 0 180 0 0 0 180 0 -180
0 0 0 -180 0 -180 0 -0 0.0389183 -1.11691 0 0 0 -180 0 0 0 0
0 -180 0 0 0 0 0 -0 0.0385302 -127.422 0 180 0 0 0 -180 0 -180
0 0 0 0 0 -0 0 -180 0.259274 178.237 0 -180 0 0 0 0 0 0
0 -180 0 -180 0 -180 0 -0 0.74747 -131.653 0 0 0 -180 0 -180 0 -180
inside=1 lambda=0.647 phi=40 theta=30
0 -0 0 -180 0 0 0 0 0.153812 177.635 0 0 0 -0 0 -180 0 0
0 -180 0 0 0 180 0 -180 0.852353 -131.456 0 180 0 -0 0 0 0 180
0 0 0 -0 0 -180 0 -180 0.0675309 -1.18971 0 0 0 180 0 0 0 0
0 -180 0 -0 0 0 0 -0 0.0668783 -126.806 0 180 0 0 0 180 0 -180
0 0 0 -180 0 180 0 -0 0.0674354 -1.1324 0 0 0 -180 0 0 0 0
0 -180 0 0 0 0 0 -0 0.0667789 -127.329 0 180 0 0 0 -180 0 -180
0 0 0 0 0 -0 0 -180 0.231296 178.113 0 -180 0 0 0 0 0 0
0 -180 0 -180 0 -0 0 -0 0.775501 -131.623 0 0 0 180 0 180 0 -180
inside=1 lambda=0.647 phi=40 theta=45
0 -0 0 -180 0 0 0 0 0.192621 177.913 0 0 0 -0 0 -180 0 0
0 -180 0 -0 0 180 0 -180 0.813906 -131.546 0 180 0 -0 0 0 0 180
0 0 0 -0 0 -180 0 -180 0.0779028 -1.15566 0 0 0 180 0 0 0 0
0 -180 0 -0 0 0 0 0 0.0771598 -127.122 0 180 0 0 0 180 0 -180
0 0 0 -180 0 180 0 -0 0.0779028 -1.15566 0 0 0 -180 0 0 0 0
0 -180 0 0 0 0 0 -0 0.0771598 -127.122 0 180 0 0 0 180 0 -180
0 -0 0 0 0 -0 0 -180 0.192621 177.913 0 -180 0 0 0 0 0 0
0 -180 0 -180 0 -0 0 -0 0.813906 -131.546 0 0 0 180 0 180 0 180
inside=1 lambda=0.647 phi=45 theta=0
0 -0 0 -180 0 0 0 -0 0.0843582 177.015 0 0 0 -0 0 -180 0 0
0 -0 0 0 0 180 0.00726833 165.942 0.917773 -154.691 0 180 0 -0 0 0 0 180
0 -0 0 -180 0 -180 0 -180 1.46975e-13 -51.8881 0 0 0 180 0 0 0 0
0 -180 0 -0 0 -0 5.95384e-13 59.4007 2.59456e-13 135.985 0 0 0 0 0 180 0 180
0 0 0 -180 0 -180 0 180 1.11718e-13 146.983 0 0 0 -180 0 0 0 0
0 180 0 -0 0 0 1.46953e-13 38.2215 2.67179e-13 113.832 0 0 0 -0 0 180 0 -180
0 0 0 0 0 0 0 -180 0.288857 178.595 0 -180 0 0 0 0 0 0
0 180 0 180 0 -180 0.0349099 -23.1775 0.713297 -155.117 0 -0 0 180 0 180 0 -180
inside=1 lambda=0.647 phi=45 theta=15
0 -0 0 -180 0 0 0 -0 0.0979677 177.014 0 0 0 -0 0 -180 0 0
0 -180 0 -0 0 180 0 -180 0.904296 -154.725 0 180 0 -0 0 0 0 180
0 -0 0 -0 0 -180 0 -180 0.0516926 -1.21142 0 0 0 180 0 0 0 0
0 -180 0 -0 0 -0 0 -0 0.0515136 -149.452 0 180 0 0 0 180 0 180
0 0 0 -180 0 -180 0 -0 0.0512171 -0.604823 0 0 0 -180 0 0 0 0
0 -180 0 -0 0 0 0 -0 0.0512156 -150.861 0 180 0 -0 0 180 0 180
0 0 0 0 0 -0 0 -180 0.273293 179.031 0 -180 0 0 0 0 0 0
0 -180 0 -180 0 -180 0 -0 0.727488 -154.966 0 0 0 180 0 180 0 180
inside=1 lambda=0.647 phi=45 theta=30
0 -0 0 -180 0 0 0 0 0.13529 177.714 0 0 0 -0 0 -180 0 0
0 -180 0 -0 0 180 0 -180 0.866831 -154.819 0 180 0 -0 0 0 0 180
0 0 0 -0 0 -180 0 -180 0.0890108 -0.874292 0 0 0 180 0 0 0 0
0 -180 0 -0 0 -0 0 -0 0.0889928 -150.256 0 180 0 0 0 180 0 180
0 0 0 -180 0 180 0 -0 0.088846 -0.709162 0 0 0 -180 0 0 0 0
0 -180 0 -0 0 0 0 -0 0.0888275 -150.917 0 180 0 -0 0 180 0 180
0 -0 0 0 0 -0 0 -180 0.237374 178.571 0 -180 0 0 0 0 0 0
0 -180 0 -180 0 -180 0 -0 0.764575 -155.015 0 0 0 180 0 180 0 180
inside=1 lambda=0.647 phi=45 theta=45
0 -0 0 -180 0 0 0 0 0.186437 178.221 0 0 0 -0 0 -180 0 0
0 -180 0 -0 0 180 0 -180 0.815671 -154.928 0 180 0 -0 0 0 0 180
0 0 0 -0 0 -180 0 -180 0.102648 -0.771105 0 0 0 180 0 0 0 0
0 -180 0 -0 0 -0 0 -0 0.10265 -150.68 0 180 0 0 0 180 0 180
0 0 0 -180 0 180 0 -0 0.102648 -0.771105 0 0 0 -180 0 0 0 0
0 -180 0 -0 0 0 0 -0 0.10265 -150.68 0 180 0 -0 0 180 0 180
0 -0 0 0 0 -0 0 -180 0.186437 178.221 0 -180 0 0 0 0 0 0
0 -180 0 -180 0 -0 0 -0 0.815671 -154.928 0 0 0 180 0 180 0 180
