RSoft_BSDF_File_Version 2
1 0 5 2 1 0.548571
0.3 0.3
-1 1
-1 1
1 0.647 0.647
10 0 45 0.5
4 0 45
Begin_Dispersion_Data
0.647 1.45662 0 1 0 0
End_Dispersion_Data
inside=0 lambda=0.647 phi=0 theta=0
0 -180 0 -180 0 -180 0 0 0.174575 -7.64451 0 0 0 -180 0 -180 0 -180
0 180 0 180 0 180 0 -0 1.18837 -22.2598 0 -0 0 180 0 180 0 180
0 -180 0 180 0 0 0 180 4.48828e-12 -133.405 0 180 0 0 0 180 0 -180
0 180 0 -180 0 -0 0 180 5.52556e-12 -117.568 0 180 0 -0 0 0 0 180
0 -180 0 180 0 0 0 180 3.35335e-12 -112.459 0 180 0 0 0 180 0 -180
0 180 0 -180 0 -0 0 180 5.18795e-12 -101.342 0 180 0 -0 0 180 0 180
0 -180 0 0 0 -180 0 -180 0.174575 -7.64451 0 -180 0 -180 0 0 0 -180
0 180 0 -0 0 180 0 180 1.18837 -22.2598 0 180 0 180 0 -0 0 180
inside=0 lambda=0.647 phi=0 theta=15
0 -180 0 -180 0 -180 0 0 0.174575 -7.64451 0 0 0 -180 0 -180 0 -180
0 180 0 180 0 180 0 -0 1.18837 -22.2598 0 -0 0 180 0 180 0 180
0 -180 0 180 0 0 0 180 4.48828e-12 -133.405 0 180 0 0 0 180 0 -180
0 180 0 -180 0 -0 0 180 5.52556e-12 -117.568 0 180 0 -0 0 0 0 180
0 -180 0 180 0 0 0 180 3.35335e-12 -112.459 0 180 0 0 0 180 0 -180
0 180 0 -180 0 -0 0 180 5.18795e-12 -101.342 0 180 0 -0 0 180 0 180
0 -180 0 0 0 -180 0 -180 0.174575 -7.64451 0 -180 0 -180 0 0 0 -180
0 180 0 -0 0 180 0 180 1.18837 -22.2598 0 180 0 180 0 -0 0 180
inside=0 lambda=0.647 phi=0 theta=30
0 -180 0 -180 0 -180 0 0 0.174575 -7.64451 0 0 0 -180 0 -180 0 -180
0 180 0 180 0 180 0 -0 1.18837 -22.2598 0 -0 0 180 0 180 0 180
0 -180 0 180 0 0 0 180 4.48828e-12 -133.405 0 180 0 0 0 180 0 -180
0 180 0 -180 0 -0 0 180 5.52556e-12 -117.568 0 180 0 -0 0 0 0 180
0 -180 0 180 0 0 0 180 3.35335e-12 -112.459 0 180 0 0 0 180 0 -180
0 180 0 -180 0 -0 0 180 5.18795e-12 -101.342 0 180 0 -0 0 180 0 180
0 -180 0 0 0 -180 0 -180 0.174575 -7.64451 0 -180 0 -180 0 0 0 -180
0 180 0 -0 0 180 0 180 1.18837 -22.2598 0 180 0 180 0 -0 0 180
inside=0 lambda=0.647 phi=0 theta=45
0 -180 0 -180 0 -180 0 0 0.174575 -7.64451 0 0 0 -180 0 -180 0 -180
0 180 0 180 0 180 0 -0 1.18837 -22.2598 0 -0 0 180 0 180 0 180
0 -180 0 180 0 0 0 180 4.48828e-12 -133.405 0 180 0 0 0 180 0 -180
0 180 0 -180 0 -0 0 180 5.52556e-12 -117.568 0 180 0 -0 0 0 0 180
0 -180 0 180 0 0 0 180 3.35335e-12 -112.459 0 180 0 0 0 180 0 -180
0 180 0 -180 0 -0 0 180 5.18795e-12 -101.342 0 180 0 -0 0 180 0 180
0 -180 0 0 0 -180 0 -180 0.174575 -7.64451 0 -180 0 -180 0 0 0 -180
0 180 0 -0 0 180 0 180 1.18837 -22.2598 0 180 0 180 0 -0 0 180
inside=0 lambda=0.647 phi=5 theta=0
0 -180 0 -180 0 -180 0 0 0.170934 -8.38347 0 0 0 -180 0 -180 0 -180
0 180 0 180 0 180 0 -0 1.18658 -24.4048 0 -0 0 180 0 180 0 180
0 -180 0 -0 0 0 0 -0 2.78544e-13 -134.448 0 -180 0 0 0 180 0 -180
0 180 0 0 0 -0 0 180 8.91101e-13 -110.303 0 -180 0 -0 0 -180 0 180
0 -180 0 -180 0 0 0 180 2.65641e-13 -171.598 0 180 0 0 0 0 0 -180
0 180 0 180 0 -0 0 0 6.3023e-13 -124.16 0 -0 0 -0 0 -0 0 180
0 -180 0 0 0 -180 0 -180 0.174471 -8.7368 0 -180 0 -180 0 0 0 -180
0 180 0 -0 0 180 0 180 1.19096 -24.4539 0 180 0 180 0 -0 0 180
inside=0 lambda=0.647 phi=5 theta=15
0 -180 0 -180 0 -180 0 0 0.17117 -8.40756 0 0 0 -180 0 -180 0 -180
0 180 0 180 0 180 0 -0 1.18687 -24.4081 0 -0 0 180 0 180 0 180
0 -180 0 -0 0 0 0 -180 0.000911533 157.607 0 0 0 0 0 180 0 -180
0 180 0 0 0 -0 0 180 0.00122798 128.58 0 -0 0 -0 0 -180 0 180
0 -180 0 -180 0 0 0 -0 0.000911604 157.588 0 180 0 0 0 0 0 -180
0 180 0 180 0 -0 0 0 0.00122611 128.717 0 -180 0 -0 0 -0 0 180
0 -180 0 0 0 -180 0 -180 0.174234 -8.71354 0 -180 0 -180 0 0 0 -180
0 180 0 -0 0 180 0 180 1.19066 -24.4507 0 180 0 180 0 -0 0 180
inside=0 lambda=0.647 phi=5 theta=30
0 -180 0 -180 0 -180 0 0 0.171818 -8.47306 0 0 0 -180 0 -180 0 -180
0 180 0 180 0 180 0 -0 1.18767 -24.4172 0 -0 0 180 0 180 0 180
0 -180 0 -0 0 0 0 -180 0.00157885 157.603 0 0 0 0 0 180 0 -180
0 180 0 0 0 -0 0 180 0.00212623 128.609 0 -0 0 -0 0 -180 0 180
0 -180 0 -180 0 0 0 -0 0.00157892 157.592 0 180 0 0 0 0 0 -180
0 180 0 180 0 -0 0 0 0.00212436 128.688 0 -180 0 -0 0 -0 0 180
0 -180 0 0 0 -180 0 -180 0.173586 -8.64971 0 -180 0 -180 0 0 0 -180
0 180 0 -0 0 180 0 180 1.18986 -24.4418 0 180 0 180 0 -0 0 180
inside=0 lambda=0.647 phi=5 theta=45
0 -180 0 -180 0 -180 0 0 0.172702 -8.5618 0 0 0 -180 0 -180 0 -180
0 180 0 180 0 180 0 -0 1.18877 -24.4295 0 -0 0 180 0 180 0 180
0 -180 0 -0 0 0 0 -180 0.00182314 157.597 0 0 0 0 0 180 0 -180
0 180 0 0 0 -0 0 180 0.00245407 128.649 0 -0 0 -0 0 -180 0 180
0 -180 0 -180 0 0 0 -0 0.00182314 157.597 0 180 0 0 0 0 0 -180
0 180 0 180 0 -0 0 0 0.00245407 128.649 0 -180 0 -0 0 -0 0 180
0 -180 0 0 0 -180 0 -180 0.172702 -8.5618 0 -180 0 -180 0 0 0 -180
0 180 0 -0 0 180 0 180 1.18877 -24.4295 0 180 0 180 0 -0 0 180
inside=0 lambda=0.647 phi=10 theta=0
0 -180 0 -180 0 -180 0 0 0.159365 -10.2756 0 0 0 -180 0 -180 0 -180
0 180 0 180 0 180 0 -0 1.18095 -30.8656 0 -0 0 180 0 180 0 180
0 -180 0 -0 0 0 0 180 6.25187e-13 41.5609 0 180 0 0 0 180 0 -180
0 180 0 0 0 -0 0 0 7.35402e-13 170.285 0 -180 0 -0 0 -180 0 180
0 -180 0 -180 0 0 0 -180 2.53574e-13 -92.0209 0 -180 0 0 0 0 0 -180
0 180 0 180 0 -0 0 180 2.58357e-13 -126.524 0 0 0 -0 0 -0 0 180
0 -180 0 0 0 -180 0 -180 0.172852 -11.8914 0 -180 0 -180 0 0 0 -180
0 180 0 -0 0 180 0 180 1.19933 -31.058 0 180 0 180 0 -0 0 180
inside=0 lambda=0.647 phi=10 theta=15
0 -180 0 -180 0 -180 0 0 0.160265 -10.3917 0 0 0 -180 0 -180 0 -180
0 180 0 180 0 180 0 -0 1.18218 -30.8793 0 -0 0 180 0 180 0 180
0 -180 0 -0 0 0 0 -180 0.00351678 153.074 0 0 0 0 0 180 0 -180
0 180 0 0 0 -0 0 180 0.00512909 122.678 0 -0 0 -0 0 -180 0 180
0 -180 0 -180 0 0 0 -0 0.003518 152.986 0 180 0 0 0 0 0 -180
0 180 0 180 0 -0 0 0 0.0050989 123.234 0 -180 0 -0 0 -0 0 180
0 -180 0 0 0 -180 0 -180 0.171946 -11.7903 0 -180 0 -180 0 0 0 -180
0 180 0 -0 0 180 0 180 1.1981 -31.0459 0 180 0 180 0 -0 0 180
inside=0 lambda=0.647 phi=10 theta=30
0 -180 0 -180 0 -180 0 0 0.162727 -10.7026 0 0 0 -180 0 -180 0 -180
0 180 0 180 0 180 0 -0 1.18554 -30.9162 0 -0 0 180 0 180 0 180
0 -180 0 -0 0 0 0 -180 0.00609177 153.058 0 0 0 0 0 180 0 -180
0 180 0 0 0 -0 0 180 0.0088719 122.803 0 -0 0 -0 0 -180 0 180
0 -180 0 -180 0 0 0 -0 0.00609299 153.007 0 180 0 0 0 0 0 -180
0 180 0 180 0 -0 0 0 0.00884174 123.124 0 -180 0 -0 0 -0 0 180
0 -180 0 0 0 -180 0 -180 0.169472 -11.5093 0 -180 0 -180 0 0 0 -180
0 180 0 -0 0 180 0 180 1.19473 -31.0124 0 180 0 180 0 -0 0 180
inside=0 lambda=0.647 phi=10 theta=45
0 -180 0 -180 0 -180 0 0 0.166096 -11.1134 0 0 0 -180 0 -180 0 -180
0 180 0 180 0 180 0 -0 1.19013 -30.9652 0 -0 0 180 0 180 0 180
0 -180 0 -0 0 0 0 -180 0.00703492 153.034 0 0 0 0 0 180 0 -180
0 180 0 0 0 -0 0 180 0.0102265 122.968 0 -0 0 -0 0 -180 0 180
0 -180 0 -180 0 0 0 -0 0.00703492 153.034 0 180 0 0 0 0 0 -180
0 180 0 180 0 -0 0 0 0.0102265 122.968 0 -180 0 -0 0 -0 0 180
0 -180 0 0 0 -180 0 -180 0.166096 -11.1134 0 -180 0 -180 0 0 0 -180
0 180 0 -0 0 180 0 180 1.19013 -30.9652 0 180 0 180 0 -0 0 180
inside=0 lambda=0.647 phi=15 theta=0
0 180 0 -180 0 -180 0 0 0.13897 -12.0176 0 0 0 180 0 -180 0 -180
0 180 0 180 0 180 0 -0 1.17037 -41.7181 0 -0 0 180 0 180 0 180
0 -180 0 -0 0 0 0 -0 6.13061e-13 109.093 0 -0 0 0 0 180 0 -180
0 180 0 0 0 -0 0 180 6.00386e-13 -111.181 0 -0 0 -0 0 -180 0 180
0 -180 0 -180 0 0 0 -0 3.45671e-13 -108.408 0 180 0 0 0 0 0 -180
0 180 0 180 0 -0 0 -180 6.87012e-13 -53.0848 0 -180 0 -0 0 -0 0 180
0 -180 0 0 0 -180 0 -180 0.165621 -16.4931 0 -180 0 -180 0 0 0 -180
0 180 0 -0 0 180 0 180 1.21548 -42.1556 0 180 0 180 0 -0 0 180
inside=0 lambda=0.647 phi=15 theta=15
0 180 0 -180 0 -180 0 0 0.140729 -12.366 0 0 0 180 0 -180 0 -180
0 180 0 180 0 180 0 -0 1.17338 -41.7524 0 -0 0 180 0 180 0 180
0 -180 0 -0 0 0 0 -180 0.00716047 145.852 0 0 0 0 0 180 0 -180
0 180 0 0 0 -0 0 180 0.0125206 112.335 0 -0 0 -0 0 -180 0 180
0 -180 0 -180 0 0 0 -180 0.00716708 145.606 0 180 0 0 0 0 0 -180
0 180 0 180 0 -0 0 0 0.0123638 113.599 0 -180 0 -0 0 -0 0 180
0 -180 0 0 0 -180 0 -180 0.163817 -16.2328 0 -180 0 -180 0 0 0 -180
0 180 0 -0 0 180 0 180 1.21245 -42.1314 0 180 0 180 0 -0 0 180
inside=0 lambda=0.647 phi=15 theta=30
0 180 0 -180 0 -180 0 0 0.145558 -13.2759 0 0 0 180 0 -180 0 -180
0 180 0 180 0 180 0 -0 1.18161 -41.8426 0 -0 0 180 0 180 0 180
0 -180 0 -0 0 0 0 -180 0.0124057 145.816 0 0 0 0 0 180 0 -180
0 180 0 0 0 -0 0 180 0.0216177 112.642 0 -0 0 -0 0 -180 0 180
0 -180 0 -180 0 0 0 -180 0.0124123 145.675 0 180 0 0 0 0 0 -180
0 180 0 180 0 -0 0 0 0.021462 113.37 0 -180 0 -0 0 -0 0 180
0 -180 0 0 0 -180 0 -180 0.158898 -15.498 0 -180 0 -180 0 0 0 -180
0 180 0 -0 0 180 0 180 1.20417 -42.0613 0 180 0 180 0 -0 0 180
inside=0 lambda=0.647 phi=15 theta=45
0 -180 0 -180 0 -180 0 0 0.152205 -14.4305 0 0 0 180 0 -180 0 -180
0 180 0 180 0 180 0 -0 1.19288 -41.9569 0 -0 0 180 0 180 0 180
0 -180 0 -0 0 0 0 -180 0.0143293 145.754 0 0 0 0 0 180 0 -180
0 180 0 0 0 -0 0 180 0.024866 113.025 0 -0 0 -0 0 -180 0 180
0 -180 0 -180 0 0 0 -0 0.0143293 145.754 0 180 0 0 0 0 0 -180
0 180 0 180 0 -0 0 0 0.024866 113.025 0 -180 0 -0 0 -0 0 180
0 -180 0 0 0 180 0 -180 0.152205 -14.4305 0 -180 0 -180 0 0 0 -180
0 180 0 -0 0 180 0 180 1.19288 -41.9569 0 180 0 180 0 -0 0 180
inside=0 lambda=0.647 phi=20 theta=0
0 180 0 -180 0 -180 0 0 0.112448 -10.3505 0 0 0 180 0 -180 0 -180
0 180 0 180 0 0 0 -0 1.15197 -57.0692 0 -180 0 180 0 180 0 0
0 180 0 -0 0 0 0 180 7.27391e-13 10.4159 0 180 0 -0 0 180 0 -180
0 180 0 0 0 -180 0 -180 1.17163e-12 103.932 0 180 0 -0 0 -180 0 0
0 -180 0 -180 0 0 0 -0 3.28498e-13 -73.9083 0 180 0 0 0 0 0 -180
0 180 0 180 0 -0 0 -180 7.18254e-13 -11.2216 0 0 0 -0 0 -0 0 180
0 -180 0 0 0 -180 0 -180 0.146143 -20.1398 0 -180 0 -180 0 0 0 -180
0 180 0 -0 0 180 0 180 1.24294 -57.9534 0 180 0 180 0 -0 0 180
inside=0 lambda=0.647 phi=20 theta=15
0 180 0 -180 0 -180 0 0 0.114596 -11.1654 0 0 0 180 0 -180 0 -180
0 180 0 180 0 0 0 -0 1.15802 -57.1496 0 -180 0 180 0 180 0 0
0 180 0 -0 0 0 0 -180 0.00981032 137.78 0 0 0 -0 0 180 0 -180
0 180 0 0 0 -180 0 180 0.0252816 96.558 0 -180 0 -0 0 -180 0 0
0 -180 0 -180 0 0 0 -180 0.00982878 137.13 0 180 0 0 0 0 0 -180
0 180 0 180 0 -0 0 0 0.0247384 98.7679 0 -180 0 -0 0 -0 0 180
0 -180 0 0 0 -180 0 -180 0.14383 -19.5948 0 -180 0 -180 0 0 0 -180
0 180 0 -0 0 180 0 180 1.23679 -57.9148 0 180 0 180 0 -180 0 180
inside=0 lambda=0.647 phi=20 theta=30
0 180 0 -180 0 -180 0 0 0.120579 -13.2401 0 0 0 180 0 -180 0 -180
0 180 0 180 0 0 0 -0 1.17458 -57.3524 0 -180 0 180 0 180 0 0
0 -180 0 -0 0 0 0 -180 0.017005 137.723 0 0 0 -0 0 180 0 -180
0 180 0 0 0 -180 0 180 0.0435145 97.1507 0 -180 0 -0 0 -180 0 0
0 -180 0 -180 0 0 0 -180 0.0170235 137.354 0 180 0 0 0 0 0 -180
0 180 0 180 0 -0 0 0 0.0429845 98.4158 0 -180 0 -180 0 -180 0 180
0 -180 0 0 0 180 0 -180 0.137516 -18.0523 0 -180 0 -180 0 0 0 -180
0 180 0 -0 0 180 0 180 1.22004 -57.7937 0 180 0 0 0 -180 0 0
inside=0 lambda=0.647 phi=20 theta=45
0 180 0 -180 0 -180 0 0 0.128964 -15.7775 0 0 0 180 0 -180 0 -180
0 180 0 180 0 0 0 -0 1.19726 -57.593 0 -180 0 180 0 180 0 0
0 -180 0 -0 0 0 0 -180 0.0196499 137.578 0 0 0 -0 0 180 0 -180
0 180 0 0 0 -180 0 180 0.0499018 97.8422 0 -180 0 -0 0 -180 0 0
0 -180 0 -180 0 -0 0 -0 0.0196499 137.578 0 180 0 0 0 0 0 -180
0 180 0 180 0 -0 0 0 0.0499018 97.8422 0 -180 0 -180 0 -180 0 0
0 180 0 0 0 180 0 -180 0.128964 -15.7775 0 -180 0 -180 0 0 0 -180
0 180 0 -0 0 180 0 180 1.19726 -57.593 0 180 0 0 0 -180 0 0
inside=0 lambda=0.647 phi=25 theta=0
0 180 0 180 0 -180 0 -0 0.091851 -1.70385 0 0 0 180 0 180 0 -180
0 180 0 180 0 0 0 -0 1.12067 -76.9883 0 -180 0 180 0 180 0 0
0 180 0 -0 0 0 0 0 6.25145e-13 -90.5767 0 180 0 -0 0 180 0 -180
0 180 0 0 0 -180 0 180 1.25228e-12 177.057 0 180 0 -0 0 -180 0 0
0 -180 0 -180 0 0 0 180 8.9356e-13 177.373 0 180 0 0 0 0 0 -180
0 0 0 0 0 -180 0 180 2.06089e-12 -175.887 0 0 0 -180 0 -180 0 0
0 -180 0 0 0 -180 0 -180 0.113015 -12.4646 0 -180 0 -180 0 0 0 -180
0 0 0 -180 0 0 0 0 1.28599 -78.8789 0 0 0 0 0 -180 0 0
inside=0 lambda=0.647 phi=25 theta=15
0 180 0 180 0 -180 0 -0 0.0932838 -2.56352 0 0 0 180 0 180 0 -180
0 180 0 180 0 0 0 -0 1.13156 -77.1948 0 -180 0 180 0 180 0 0
0 180 0 -0 0 0 0 -180 0.00731398 146.821 0 0 0 -0 0 180 0 -180
0 180 0 0 0 -180 0 180 0.0468708 73.9987 0 -180 0 -0 0 -180 0 0
0 -180 0 -180 0 0 0 -180 0.00725212 144.462 0 180 0 0 0 0 0 -180
0 0 0 0 0 -0 0 0 0.0451702 77.2745 0 -180 0 -180 0 -180 0 0
0 -180 0 0 0 -180 0 -180 0.111858 -11.7315 0 -180 0 -180 0 0 0 -180
0 0 0 -180 0 180 0 0 1.27467 -78.8282 0 0 0 0 0 -180 0 0
inside=0 lambda=0.647 phi=25 theta=30
0 180 0 -180 0 -180 0 -0 0.0973112 -4.67771 0 0 0 180 0 180 0 -180
0 180 0 180 0 0 0 -0 1.16144 -77.6862 0 -180 0 180 0 180 0 0
0 180 0 -0 0 0 0 -180 0.0127124 146.853 0 0 0 -0 0 180 0 -180
0 180 0 0 0 -180 0 180 0.0801448 74.9834 0 -180 0 -0 0 -180 0 0
0 -180 0 -180 0 -0 0 -180 0.012651 145.559 0 180 0 0 0 0 0 -180
0 180 0 0 0 -0 0 0 0.0785587 76.8403 0 -180 0 -180 0 -180 0 0
0 -180 0 0 0 180 0 -180 0.108268 -9.82791 0 -180 0 -180 0 0 0 -180
0 180 0 -0 0 180 0 0 1.244 -78.6253 0 180 0 0 0 -180 0 0
inside=0 lambda=0.647 phi=25 theta=45
0 180 0 -180 0 -180 0 0 0.10288 -7.2994 0 0 0 180 0 -180 0 -180
0 180 0 180 0 0 0 -0 1.20253 -78.2233 0 -180 0 180 0 180 0 0
0 -180 0 -180 0 0 0 -180 0.014678 146.441 0 0 0 -0 0 180 0 -180
0 180 0 0 0 -180 0 180 0.0914407 76.0422 0 -180 0 -0 0 -180 0 0
0 -180 0 -180 0 -0 0 -180 0.014678 146.441 0 180 0 0 0 0 0 -180
0 180 0 180 0 -0 0 0 0.0914407 76.0422 0 -180 0 -180 0 -180 0 0
0 180 0 0 0 180 0 -180 0.10288 -7.2994 0 -180 0 -180 0 0 0 -180
0 180 0 -0 0 180 0 180 1.20253 -78.2233 0 180 0 0 0 -180 0 0
inside=0 lambda=0.647 phi=30 theta=0
0 180 0 180 0 -180 0.0372936 -88.4151 0.0812388 4.21401 0 0 0 180 0 180 0 -180
0 180 0 180 0 0 0 -180 1.06671 -101.375 0 -180 0 180 0 180 0 0
0 180 0 -0 0 0 1.20067e-13 97.5679 6.81023e-13 -83.1811 0 0 0 -0 0 180 0 -180
0 180 0 -0 0 -180 0 0 1.75059e-12 8.42177 0 180 0 -0 0 180 0 0
0 -180 0 -180 0 0 1.0989e-13 -120.784 4.65904e-13 24.2401 0 -0 0 0 0 0 0 -180
0 0 0 0 0 -180 0 -180 1.91572e-12 -38.638 0 180 0 -180 0 -180 0 0
0 -180 0 0 0 -180 0.157595 -118.846 0.126319 22.8081 0 -180 0 -180 0 0 0 -180
0 0 0 -180 0 0 0 0 1.34207 -105.522 0 0 0 0 0 -180 0 0
inside=0 lambda=0.647 phi=30 theta=15
0 180 0 180 0 -180 0 -0 0.0870322 4.96181 0 0 0 180 0 180 0 -180
0 180 0 180 0 0 0 -180 1.0876 -101.946 0 -180 0 180 0 180 0 0
0 180 0 -0 0 0 0 -180 0.0177948 -128.643 0 0 0 -0 0 180 0 -180
0 180 0 -0 0 -180 0 0 0.0828219 43.8523 0 -180 0 -0 0 180 0 0
0 -180 0 -180 0 0 0 -180 0.0171076 -128.076 0 180 0 0 0 0 0 -180
0 0 0 0 0 -180 0 -0 0.0767931 48.1384 0 180 0 -180 0 -180 0 0
0 -180 0 0 0 -180 0 -180 0.126211 22.7871 0 -180 0 -180 0 0 0 -180
0 0 0 -180 0 0 0 0 1.326 -105.525 0 0 0 0 0 -180 0 0
inside=0 lambda=0.647 phi=30 theta=30
0 180 0 180 0 -180 0 -0 0.0955487 9.09361 0 0 0 180 0 180 0 -180
0 180 0 180 0 0 0 -180 1.13655 -103.236 0 -180 0 180 0 180 0 0
0 180 0 -0 0 0 0 -180 0.0313715 -129.698 0 0 0 -0 0 180 0 -180
0 180 0 -0 0 -180 0 0 0.138596 45.2787 0 -180 0 -0 0 180 0 0
0 -180 0 -180 0 -0 0 -180 0.0308113 -129.374 0 180 0 0 0 0 0 -180
0 0 0 0 0 -180 0 -0 0.133756 47.7556 0 180 0 -180 0 -180 0 0
0 180 0 0 0 180 0 -180 0.12015 19.547 0 -180 0 -180 0 0 0 -180
0 0 0 -180 0 180 0 0 1.27371 -105.274 0 0 0 0 0 -180 0 0
inside=0 lambda=0.647 phi=30 theta=45
0 180 0 -180 0 -180 0 -0 0.108225 14.824 0 0 0 180 0 180 0 -180
0 180 0 0 0 0 0 -180 1.2044 -104.461 0 -180 0 180 0 180 0 0
0 180 0 -180 0 0 0 -180 0.036155 -129.825 0 0 0 -0 0 180 0 -180
0 0 0 -0 0 -180 0 0 0.156389 46.7443 0 -180 0 -0 0 180 0 0
0 180 0 -180 0 -0 0 -180 0.036155 -129.825 0 180 0 0 0 0 0 -180
0 0 0 0 0 -0 0 -0 0.156389 46.7443 0 180 0 -180 0 -180 0 0
0 180 0 -0 0 180 0 -180 0.108225 14.824 0 180 0 -180 0 0 0 -180
0 180 0 -180 0 180 0 0 1.2044 -104.461 0 180 0 0 0 -180 0 0
inside=0 lambda=0.647 phi=35 theta=0
0 180 0 180 0 -180 0.115441 -81.8794 0.0323708 -37.2379 0 0 0 180 0 180 0 -180
0 180 0 180 0 -0 0 -180 0.975089 -130.77 0 180 0 180 0 180 0 -0
0 180 0 -0 0 0 1.99761e-13 106.831 1.49762e-12 -73.3579 0 180 0 -0 0 180 0 -180
0 0 0 -0 0 180 0 180 8.63332e-13 5.9484 0 -180 0 -180 0 180 0 -0
0 -180 0 -180 0 0 2.60959e-13 -116.92 1.15019e-12 -83.007 0 -180 0 0 0 0 0 -180
0 0 0 0 0 -180 0 0 1.586e-12 -67.2239 0 180 0 -180 0 -180 0 0
0 -180 0 0 0 -180 0.206375 -99.5835 0.27702 26.4616 0 -180 0 -180 0 0 0 -180
0 0 0 -180 0 0 0 0 1.39899 -138.621 0 0 0 0 0 -180 0 0
inside=0 lambda=0.647 phi=35 theta=15
0 180 0 180 0 -180 0.087899 -88.2668 0.0481013 -13.8724 0 0 0 180 0 180 0 -180
0 180 0 180 0 -0 0 -180 1.00551 -131.972 0 180 0 180 0 180 0 -0
0 180 0 -0 0 0 0.00327707 118.81 0.0680865 -142.857 0 0 0 -0 0 180 0 -180
0 0 0 -0 0 180 0 0 0.137408 8.91543 0 180 0 -180 0 180 0 -0
0 -180 0 -180 0 0 0.0486938 -122.567 0.0674426 -143.735 0 180 0 0 0 0 0 -180
0 0 0 0 0 -180 0 -0 0.121922 13.6029 0 180 0 -180 0 -180 0 0
0 -180 0 0 0 180 0.181943 -109.367 0.2631 26.2605 0 -180 0 -180 0 0 0 -180
0 0 0 -180 0 0 0 0 1.37108 -138.689 0 0 0 0 0 -180 0 0
inside=0 lambda=0.647 phi=35 theta=30
0 180 0 180 0 -180 0 -0 0.0971491 5.50581 0 0 0 180 0 180 0 -180
0 180 0 180 0 -0 0 -180 1.08733 -134.739 0 180 0 180 0 180 0 -0
0 180 0 -180 0 0 0 -180 0.122238 -142.282 0 0 0 -0 0 180 0 -180
0 0 0 -0 0 180 0 0 0.224927 9.48564 0 180 0 -180 0 180 0 -0
0 180 0 -180 0 -0 0 -180 0.121215 -142.358 0 180 0 0 0 0 0 -180
0 0 0 0 0 -180 0 -0 0.209624 12.9769 0 180 0 -180 0 -180 0 0
0 180 0 -0 0 180 0 -180 0.2231 24.0228 0 -180 0 -180 0 0 0 -180
0 0 0 -180 0 0 0 0 1.29709 -138.462 0 0 0 0 0 180 0 -0
inside=0 lambda=0.647 phi=35 theta=45
0 180 0 -180 0 -180 0 -0 0.1595 17.5949 0 0 0 180 0 180 0 -180
0 0 0 0 0 -0 0 -180 1.19005 -137.164 0 180 0 0 0 0 0 -0
0 180 0 -180 0 0 0 -180 0.14152 -142.714 0 0 0 -0 0 180 0 -180
0 0 0 -0 0 180 0 0 0.247128 11.6196 0 180 0 -180 0 180 0 -0
0 180 0 -180 0 -0 0 -180 0.14152 -142.714 0 180 0 0 0 0 0 -180
0 0 0 0 0 -180 0 -0 0.247128 11.6196 0 180 0 180 0 180 0 -0
0 180 0 -0 0 180 0 -180 0.1595 17.5949 0 180 0 -180 0 0 0 -180
0 0 0 -180 0 0 0 0 1.19005 -137.164 0 0 0 -0 0 180 0 -0
inside=0 lambda=0.647 phi=40 theta=0
0 180 0 180 0 -180 0.213785 -80.9259 0.207803 168.033 0 0 0 180 0 180 0 -180
0 0 0 0 0 -0 0 -180 0.772116 -165.576 0 180 0 0 0 0 0 -0
0 180 0 -0 0 0 7.74246e-14 28.6689 9.37457e-13 -166.65 0 -0 0 -0 0 180 0 -180
0 0 0 -0 0 180 0 180 1.30623e-12 110.482 0 -0 0 -180 0 180 0 -0
0 -180 0 -180 0 0 4.31036e-13 104.886 9.67809e-13 129.521 0 0 0 0 0 0 0 -180
0 -0 0 -0 0 180 0 -180 8.52708e-14 97.8614 0 -0 0 180 0 180 0 -0
0 -180 0 0 0 -180 0.240312 -93.6867 0.511202 -0.103028 0 -180 0 -180 0 0 0 -180
0 -0 0 180 0 -0 0 -0 1.48864 -175.632 0 -0 0 -0 0 180 0 -0
inside=0 lambda=0.647 phi=40 theta=15
0 180 0 180 0 -180 0.169036 -90.3074 0.145018 170.526 0 0 0 180 0 180 0 -180
0 0 0 0 0 -0 0 -180 0.829645 -168.761 0 180 0 0 0 0 0 -0
0 180 0 -0 0 0 0.0313374 26.6052 0.168445 -177.531 0 0 0 -0 0 180 0 -180
0 0 0 -0 0 180 0 0 0.236964 -26.8768 0 180 0 -180 0 180 0 -0
0 -180 0 -180 0 -0 0.0784663 -117.38 0.170909 -179.219 0 180 0 0 0 0 0 -180
0 0 0 0 0 -180 0 -0 0.194249 -15.6452 0 180 0 180 0 180 0 -0
0 180 0 -0 0 180 0.201252 -103.007 0.464454 0.324554 0 180 0 -180 0 0 0 -180
0 0 0 -180 0 0 0 -0 1.44851 -176.638 0 0 0 -0 0 180 0 -0
inside=0 lambda=0.647 phi=40 theta=30
0 180 0 180 0 -180 0.0637628 -108.355 0.00319456 -128.195 0 0 0 180 0 180 0 -180
0 0 0 0 0 -0 0 -180 0.974864 -173.752 0 180 0 0 0 0 0 -0
0 180 0 -180 0 0 0.0224692 -49.5769 0.297858 -176.054 0 0 0 -0 0 180 0 -180
0 0 0 -0 0 180 0 0 0.374716 -23.6373 0 180 0 -180 0 180 0 -0
0 180 0 180 0 -0 0.0751926 -144.776 0.297173 -176.98 0 180 0 0 0 0 0 -180
0 0 0 0 0 -180 0 -0 0.333411 -17.4015 0 180 0 180 0 180 0 -0
0 180 0 -0 0 180 0.135986 -133.035 0.339198 -0.525696 0 180 0 -180 0 0 0 -180
0 0 0 -180 0 0 0 0 1.3273 -177.404 0 0 0 -0 0 180 0 -0
inside=0 lambda=0.647 phi=40 theta=45
0 180 0 180 0 -180 0 -0 0.167782 -3.73695 0 0 0 180 0 180 0 -180
0 0 0 0 0 -0 0 -180 1.1535 -176.913 0 180 0 0 0 0 0 -0
0 180 0 -180 0 0 0 180 0.349258 -176.707 0 0 0 -0 0 180 0 -180
0 0 0 -0 0 180 0 0 0.39665 -19.8616 0 180 0 -180 0 180 0 -0
0 180 0 180 0 -0 0 -180 0.349258 -176.707 0 180 0 0 0 0 0 -180
0 0 0 0 0 -180 0 -0 0.39665 -19.8616 0 180 0 180 0 180 0 -0
0 180 0 -0 0 180 0 180 0.167782 -3.73695 0 180 0 -180 0 0 0 -180
0 0 0 -180 0 0 0 0 1.1535 -176.913 0 0 0 -0 0 180 0 -0
inside=0 lambda=0.647 phi=45 theta=0
0 -0 0 0 0 -180 0.384018 5.56171 0.914043 87.6388 0 0 0 -0 0 0 0 -180
0 0 0 0 0 -180 0 -180 0 -180 0 0 0 0 0 0 0 -180
0 -0 0 -180 0 0 1.44102e-12 160.816 2.36012e-12 -14.4015 0 180 0 180 0 0 0 -180
0 0 0 -180 0 0 0 0 0 -180 0 0 0 -180 0 0 0 -180
0 0 0 180 0 -0 1.13326e-12 -176.977 2.05245e-12 -162.272 0 180 0 -180 0 -0 0 180
0 -0 0 -0 0 180 0 -0 0 -0 0 -180 0 180 0 180 0 -0
0 0 0 -0 0 180 0.412453 18.6666 0.920607 -91.9171 0 180 0 0 0 -0 0 180
0 -0 0 180 0 -0 0 -0 0 180 0 -0 0 -0 0 180 0 -0
inside=0 lambda=0.647 phi=45 theta=15
0 -180 0 -180 0 -180 0.246242 -12.9821 0.877165 79.5526 0 0 0 0 0 0 0 -180
0 0 0 0 0 -180 0 -180 0 -180 0 0 0 0 0 0 0 -180
0 -180 0 -180 0 0 0.156393 -137.834 0.338665 61.7756 0 0 0 180 0 0 0 -180
0 0 0 -180 0 0 0 0 0 -180 0 0 0 -180 0 0 0 -180
0 -0 0 -0 0 -180 0.148907 -41.4955 0.398051 61.5341 0 0 0 180 0 180 0 -180
0 -0 0 -0 0 180 0 -0 0 -0 0 -0 0 180 0 180 0 -0
0 -0 0 -180 0 0 0.398601 -12.6364 0.84505 -137.631 0 0 0 -0 0 0 0 -180
0 -0 0 180 0 -0 0 -0 0 180 0 -0 0 -0 0 180 0 -0
inside=0 lambda=0.647 phi=45 theta=30
0 -180 0 -180 0 -180 0.0757942 -59.3676 0.805512 83.6827 0 0 0 -0 0 0 0 -180
0 0 0 0 0 -180 0 -180 0 180 0 0 0 -0 0 -0 0 -180
0 -180 0 -180 0 0 0.155725 -153.515 0.542421 25.5787 0 0 0 180 0 0 0 -180
0 0 0 -180 0 0 0 0 0 -180 0 0 0 180 0 -0 0 -180
0 -180 0 -180 0 180 0.138972 -100.291 0.593401 25.5767 0 0 0 0 0 0 0 -180
0 -0 0 -0 0 180 0 -180 0 -180 0 -0 0 0 0 0 0 -180
0 -180 0 180 0 0 0.253773 -78.7401 0.795775 146.318 0 -0 0 -180 0 0 0 -180
0 0 0 180 0 -0 0 -0 0 0 0 -0 0 -180 0 0 0 -180
inside=0 lambda=0.647 phi=45 theta=45
0 -180 0 -180 0 -180 0 180 0.788864 104.676 0 0 0 -0 0 -0 0 -180
0 0 0 0 0 -180 0 180 0 0 0 0 0 -0 0 -0 0 -180
0 -180 0 -180 0 0 0 -180 0.614568 14.6756 0 0 0 180 0 0 0 -180
0 0 0 -180 0 0 0 0 0 -180 0 0 0 180 0 -0 0 -180
0 -180 0 -180 0 180 0 -180 0.614568 14.6756 0 0 0 0 0 0 0 -180
0 0 0 0 0 180 0 -180 0 -180 0 -0 0 0 0 0 0 -180
0 -180 0 180 0 -0 0 -180 0.788864 104.676 0 -0 0 -180 0 0 0 -180
0 0 0 180 0 -0 0 0 0 0 0 -0 0 -180 0 0 0 -180
inside=1 lambda=0.647 phi=0 theta=0
0 -180 0 -180 0 -180 0 0 0.174575 143.125 0 0 0 -180 0 -180 0 -180
0 180 0 180 0 180 0 -0 0.815843 -22.2598 0 -0 0 180 0 180 0 180
0 -180 0 180 0 0 0 -0 8.6044e-13 -36.4312 0 -0 0 0 0 180 0 -180
0 180 0 -0 0 -0 0 180 1.46783e-12 44.472 0 180 0 -0 0 -0 0 180
0 -180 0 -180 0 0 0 180 7.17029e-13 -91.7693 0 180 0 0 0 -180 0 -180
0 180 0 -180 0 -0 0 180 7.95466e-13 23.0076 0 -180 0 -0 0 -180 0 180
0 -180 0 0 0 -180 0 -180 0.174575 143.125 0 -180 0 -180 0 0 0 -180
0 180 0 -0 0 180 0 180 0.815843 -22.2598 0 180 0 180 0 -0 0 180
inside=1 lambda=0.647 phi=0 theta=15
0 -180 0 -180 0 -180 0 0 0.174575 143.125 0 0 0 -180 0 -180 0 -180
0 180 0 180 0 180 0 -0 0.815843 -22.2598 0 -0 0 180 0 180 0 180
0 -180 0 180 0 0 0 -0 8.6044e-13 -36.4312 0 -0 0 0 0 180 0 -180
0 180 0 -0 0 -0 0 180 1.46783e-12 44.472 0 180 0 -0 0 -0 0 180
0 -180 0 -180 0 0 0 180 7.17029e-13 -91.7693 0 180 0 0 0 -180 0 -180
0 180 0 -180 0 -0 0 180 7.95466e-13 23.0076 0 -180 0 -0 0 -180 0 180
0 -180 0 0 0 -180 0 -180 0.174575 143.125 0 -180 0 -180 0 0 0 -180
0 180 0 -0 0 180 0 180 0.815843 -22.2598 0 180 0 180 0 -0 0 180
inside=1 lambda=0.647 phi=0 theta=30
0 -180 0 -180 0 -180 0 0 0.174575 143.125 0 0 0 -180 0 -180 0 -180
0 180 0 180 0 180 0 -0 0.815843 -22.2598 0 -0 0 180 0 180 0 180
0 -180 0 180 0 0 0 -0 8.6044e-13 -36.4312 0 -0 0 0 0 180 0 -180
0 180 0 -0 0 -0 0 180 1.46783e-12 44.472 0 180 0 -0 0 -0 0 180
0 -180 0 -180 0 0 0 180 7.17029e-13 -91.7693 0 180 0 0 0 -180 0 -180
0 180 0 -180 0 -0 0 180 7.95466e-13 23.0076 0 -180 0 -0 0 -180 0 180
0 -180 0 0 0 -180 0 -180 0.174575 143.125 0 -180 0 -180 0 0 0 -180
0 180 0 -0 0 180 0 180 0.815843 -22.2598 0 180 0 180 0 -0 0 180
inside=1 lambda=0.647 phi=0 theta=45
0 -180 0 -180 0 -180 0 0 0.174575 143.125 0 0 0 -180 0 -180 0 -180
0 180 0 180 0 180 0 -0 0.815843 -22.2598 0 -0 0 180 0 180 0 180
0 -180 0 180 0 0 0 -0 8.6044e-13 -36.4312 0 -0 0 0 0 180 0 -180
0 180 0 -0 0 -0 0 180 1.46783e-12 44.472 0 180 0 -0 0 -0 0 180
0 -180 0 -180 0 0 0 180 7.17029e-13 -91.7693 0 180 0 0 0 -180 0 -180
0 180 0 -180 0 -0 0 180 7.95466e-13 23.0076 0 -180 0 -0 0 -180 0 180
0 -180 0 0 0 -180 0 -180 0.174575 143.125 0 -180 0 -180 0 0 0 -180
0 180 0 -0 0 180 0 180 0.815843 -22.2598 0 180 0 180 0 -0 0 180
inside=1 lambda=0.647 phi=5 theta=0
0 -180 0 -180 0 -180 0 0 0.172876 141.461 0 0 0 -180 0 -180 0 -180
0 180 0 180 0 180 0 -0 0.816916 -23.2689 0 -0 0 180 0 180 0 180
0 -180 0 -180 0 0 0 -180 7.25863e-13 47.6261 0 -180 0 0 0 0 0 -180
0 180 0 0 0 -0 0 -180 3.85172e-13 77.4605 0 -180 0 -0 0 -180 0 180
0 -180 0 -180 0 0 0 0 2.27783e-13 -62.7499 0 -0 0 0 0 0 0 -180
0 180 0 180 0 -0 0 -180 6.51659e-13 -110.049 0 0 0 -0 0 -0 0 180
0 -180 0 0 0 -180 0 -180 0.174552 141.576 0 -180 0 -180 0 0 0 -180
0 180 0 -0 0 180 0 180 0.815023 -23.2921 0 180 0 180 0 -0 0 180
inside=1 lambda=0.647 phi=5 theta=15
0 -180 0 -180 0 -180 0 0 0.172989 141.468 0 0 0 -180 0 -180 0 -180
0 180 0 180 0 180 0 -0 0.816789 -23.2704 0 -0 0 180 0 180 0 180
0 -180 0 -180 0 0 0 -180 0.000419879 -35.1834 0 0 0 0 0 0 0 -180
0 180 0 0 0 -0 0 180 0.00050612 -2.50421 0 -0 0 -0 0 -180 0 180
0 -180 0 -180 0 0 0 -0 0.000419902 -35.1263 0 0 0 0 0 0 0 -180
0 180 0 180 0 -0 0 0 0.000505923 -2.54617 0 -180 0 -0 0 -0 0 180
0 -180 0 0 0 -180 0 -180 0.17444 141.569 0 -180 0 -180 0 0 0 -180
0 180 0 -0 0 180 0 180 0.81515 -23.2905 0 180 0 180 0 -0 0 180
inside=1 lambda=0.647 phi=5 theta=30
0 -180 0 -180 0 -180 0 0 0.173295 141.49 0 0 0 -180 0 -180 0 -180
0 180 0 180 0 180 0 -0 0.816442 -23.2747 0 -0 0 180 0 180 0 180
0 -180 0 -180 0 0 0 -180 0.00072726 -35.1713 0 0 0 0 0 0 0 -180
0 180 0 0 0 -0 0 180 0.000876553 -2.51317 0 -0 0 -0 0 -180 0 180
0 -180 0 -180 0 0 0 -0 0.000727283 -35.1383 0 0 0 0 0 0 0 -180
0 180 0 180 0 -0 0 0 0.000876355 -2.5374 0 -180 0 -0 0 -0 0 180
0 -180 0 0 0 -180 0 -180 0.174133 141.548 0 -180 0 -180 0 0 0 -180
0 180 0 -0 0 180 0 180 0.815496 -23.2863 0 180 0 180 0 -0 0 180
inside=1 lambda=0.647 phi=5 theta=45
0 -180 0 -180 0 -180 0 0 0.173714 141.519 0 0 0 -180 0 -180 0 -180
0 180 0 180 0 180 0 -0 0.815969 -23.2805 0 -0 0 180 0 180 0 180
0 -180 0 -0 0 0 0 -180 0.000839781 -35.1548 0 0 0 0 0 0 0 -180
0 180 0 0 0 -0 0 180 0.00101204 -2.52534 0 -0 0 -0 0 -180 0 180
0 -180 0 -180 0 0 0 -0 0.000839781 -35.1548 0 0 0 0 0 0 0 -180
0 180 0 180 0 -0 0 0 0.00101204 -2.52534 0 -180 0 -0 0 -0 0 180
0 -180 0 0 0 -180 0 -180 0.173714 141.519 0 -180 0 -180 0 0 0 -180
0 180 0 -0 0 180 0 180 0.815969 -23.2805 0 180 0 180 0 -0 0 180
inside=1 lambda=0.647 phi=10 theta=0
0 -180 0 -180 0 -180 0 0 0.16765 136.418 0 0 0 -180 0 -180 0 -180
0 180 0 180 0 180 0 -0 0.820176 -26.2854 0 -0 0 180 0 180 0 180
0 -180 0 -180 0 0 0 180 8.05778e-14 69.9332 0 -180 0 0 0 0 0 -180
0 180 0 0 0 -0 0 -180 5.86767e-13 -124.115 0 180 0 -0 0 -180 0 180
0 -180 0 -180 0 0 0 0 4.3299e-13 19.75 0 -0 0 0 0 0 0 -180
0 180 0 180 0 -0 0 -0 4.91787e-13 -68.9464 0 0 0 -0 0 -0 0 180
0 -180 0 0 0 -180 0 -180 0.174204 136.924 0 -180 0 -180 0 0 0 -180
0 180 0 -0 0 180 0 180 0.812579 -26.3768 0 180 0 180 0 -0 0 180
inside=1 lambda=0.647 phi=10 theta=15
0 -180 0 -180 0 -180 0 0 0.168089 136.452 0 0 0 -180 0 -180 0 -180
0 180 0 180 0 180 0 -0 0.819667 -26.2915 0 -0 0 180 0 180 0 180
0 -180 0 -180 0 0 0 -180 0.00164514 -39.2178 0 0 0 0 0 0 0 -180
0 180 0 0 0 -0 0 180 0.002032 -5.56812 0 -0 0 -0 0 -180 0 180
0 -180 0 -180 0 0 0 -0 0.00164557 -38.9815 0 0 0 0 0 0 0 -180
0 180 0 180 0 -0 0 0 0.00202882 -5.7388 0 -180 0 -0 0 -0 0 180
0 -180 0 0 0 -180 0 -180 0.173764 136.891 0 -180 0 -180 0 0 0 -180
0 180 0 -0 0 180 0 180 0.813087 -26.3706 0 180 0 180 0 -0 0 180
inside=1 lambda=0.647 phi=10 theta=30
0 -180 0 -180 0 -180 0 0 0.169288 136.546 0 0 0 -180 0 -180 0 -180
0 180 0 180 0 180 0 -0 0.818276 -26.3082 0 -0 0 180 0 180 0 180
0 -180 0 -180 0 0 0 -180 0.00284963 -39.1675 0 0 0 0 0 0 0 -180
0 180 0 0 0 -0 0 180 0.00351833 -5.60578 0 -0 0 -0 0 -180 0 180
0 -180 0 -180 0 0 0 -0 0.00285006 -39.0311 0 0 0 0 0 0 0 -180
0 180 0 180 0 -0 0 0 0.00351515 -5.70431 0 -180 0 -0 0 -0 0 180
0 -180 0 0 0 -180 0 -180 0.172565 136.799 0 -180 0 -180 0 0 0 -180
0 180 0 -0 0 180 0 180 0.814477 -26.3538 0 180 0 180 0 -0 0 180
inside=1 lambda=0.647 phi=10 theta=45
0 -180 0 -180 0 -180 0 0 0.170927 136.673 0 0 0 -180 0 -180 0 -180
0 180 0 180 0 180 0 -0 0.816376 -26.331 0 -0 0 180 0 180 0 180
0 -180 0 -0 0 0 0 -180 0.00329072 -39.0991 0 0 0 0 0 0 0 -180
0 180 0 0 0 -0 0 180 0.00406076 -5.65584 0 -0 0 -0 0 -180 0 180
0 -180 0 -180 0 0 0 -0 0.00329072 -39.0991 0 0 0 0 0 0 0 -180
0 180 0 180 0 -0 0 0 0.00406076 -5.65584 0 -180 0 -0 0 -0 0 180
0 -180 0 0 0 -180 0 -180 0.170927 136.673 0 -180 0 -180 0 0 0 -180
0 180 0 -0 0 180 0 180 0.816376 -26.331 0 180 0 180 0 -0 0 180
inside=1 lambda=0.647 phi=15 theta=0
0 -180 0 -180 0 -180 0 0 0.158605 127.824 0 0 0 -180 0 -180 0 -180
0 180 0 180 0 180 0 -0 0.825734 -31.2764 0 -0 0 180 0 180 0 180
0 -180 0 -180 0 0 0 -0 8.83388e-14 45.9956 0 -180 0 0 0 0 0 -180
0 180 0 0 0 -0 0 -0 2.23512e-13 -137.662 0 -0 0 -0 0 -180 0 180
0 -180 0 -180 0 0 0 -0 3.3563e-13 146.729 0 180 0 0 0 0 0 -180
0 180 0 180 0 -0 0 -0 3.40846e-13 -125.416 0 180 0 -0 0 -0 0 180
0 -180 0 0 0 -180 0 -180 0.172682 129.128 0 -180 0 -180 0 0 0 -180
0 180 0 -0 0 180 0 180 0.808554 -31.4779 0 180 0 180 0 -0 0 180
inside=1 lambda=0.647 phi=15 theta=15
0 -180 0 -180 0 -180 0 0 0.159548 127.914 0 0 0 -180 0 -180 0 -180
0 180 0 180 0 180 0 -0 0.824581 -31.2898 0 -0 0 180 0 180 0 180
0 -180 0 -180 0 0 0 -180 0.0035485 -46.0193 0 0 0 0 0 0 0 -180
0 180 0 0 0 -0 0 180 0.00459974 -10.539 0 -0 0 -0 0 -180 0 180
0 -180 0 -180 0 0 0 -0 0.00355127 -45.4549 0 0 0 0 0 0 0 -180
0 180 0 180 0 -0 0 0 0.00458339 -10.9339 0 -180 0 -0 0 -0 0 180
0 -180 0 0 0 -180 0 -180 0.171738 129.043 0 -180 0 -180 0 0 0 -180
0 180 0 -0 0 180 0 180 0.809703 -31.4642 0 180 0 180 0 -0 0 180
inside=1 lambda=0.647 phi=15 theta=30
0 -180 0 -180 0 -180 0 0 0.162122 128.158 0 0 0 -180 0 -180 0 -180
0 180 0 180 0 180 0 -0 0.821434 -31.3264 0 -0 0 180 0 180 0 180
0 -180 0 -180 0 0 0 -180 0.0061473 -45.8982 0 0 0 0 0 0 0 -180
0 180 0 0 0 -0 0 180 0.00796052 -10.6308 0 -0 0 -0 0 -180 0 180
0 -180 0 -180 0 0 0 -0 0.00615008 -45.5727 0 0 0 0 0 0 0 -180
0 180 0 180 0 -0 0 0 0.00794419 -10.8587 0 -180 0 -0 0 -0 0 180
0 -180 0 0 0 -180 0 -180 0.169161 128.809 0 -180 0 -180 0 0 0 -180
0 180 0 -0 0 180 0 180 0.812844 -31.4271 0 180 0 180 0 -0 0 180
inside=1 lambda=0.647 phi=15 theta=45
0 -180 0 -180 0 -180 0 0 0.165641 128.486 0 0 0 -180 0 -180 0 -180
0 180 0 180 0 180 0 -0 0.817137 -31.3766 0 -0 0 180 0 180 0 180
0 -180 0 -0 0 0 0 -180 0.00709996 -45.7346 0 0 0 0 0 0 0 -180
0 180 0 0 0 -0 0 180 0.00918232 -10.7489 0 -0 0 -0 0 -180 0 180
0 -180 0 -180 0 0 0 -0 0.00709996 -45.7346 0 0 0 0 0 0 0 -180
0 180 0 180 0 -0 0 0 0.00918232 -10.7489 0 -180 0 -0 0 -0 0 180
0 -180 0 0 0 -180 0 -180 0.165641 128.486 0 -180 0 -180 0 0 0 -180
0 180 0 -0 0 180 0 180 0.817137 -31.3766 0 180 0 180 0 -0 0 180
inside=1 lambda=0.647 phi=20 theta=0
0 -180 0 -180 0 -180 0 0 0.145632 115.312 0 0 0 -180 0 -180 0 -180
0 180 0 180 0 0 0 -0 0.833724 -38.1836 0 -180 0 180 0 180 0 0
0 -180 0 -180 0 0 0 -180 3.36688e-13 35.9077 0 0 0 0 0 0 0 -180
0 180 0 0 0 -0 0 0 1.89156e-13 68.3301 0 -180 0 -0 0 -180 0 180
0 -180 0 -180 0 0 0 180 3.40148e-13 128.706 0 -180 0 0 0 0 0 -180
0 180 0 180 0 -0 0 0 8.49499e-14 123.869 0 -180 0 -0 0 -0 0 180
0 -180 0 0 0 -180 0 -180 0.1686 118.041 0 -180 0 -180 0 0 0 -180
0 180 0 -0 0 180 0 180 0.803 -38.5385 0 180 0 180 0 -0 0 180
inside=1 lambda=0.647 phi=20 theta=15
0 -180 0 -180 0 -180 0 0 0.147166 115.506 0 0 0 -180 0 -180 0 -180
0 180 0 180 0 0 0 -0 0.831661 -38.2071 0 -180 0 180 0 180 0 0
0 -180 0 -180 0 0 0 -180 0.00583951 -55.7977 0 0 0 0 0 0 0 -180
0 180 0 0 0 -0 0 180 0.00824934 -17.2071 0 -0 0 -0 0 -180 0 180
0 -180 0 -180 0 0 0 -0 0.00585049 -54.6962 0 0 0 0 0 0 0 -180
0 180 0 180 0 -0 0 0 0.00819582 -17.9373 0 -180 0 -0 0 -0 0 180
0 -180 0 0 0 -180 0 -180 0.167059 117.867 0 -180 0 -180 0 0 0 -180
0 180 0 -0 0 180 0 180 0.805053 -38.5145 0 180 0 180 0 -0 0 180
inside=1 lambda=0.647 phi=20 theta=30
0 -180 0 -180 0 -180 0 0 0.15136 116.027 0 0 0 -180 0 -180 0 -180
0 180 0 180 0 0 0 -0 0.826027 -38.2715 0 -0 0 180 0 180 0 180
0 -180 0 -180 0 0 0 -180 0.010119 -55.5589 0 0 0 0 0 0 0 -180
0 180 0 0 0 -0 0 180 0.0142658 -17.3891 0 -0 0 -0 0 -180 0 180
0 -180 0 -180 0 0 0 -0 0.0101301 -54.9249 0 0 0 0 0 0 0 -180
0 180 0 180 0 -0 0 0 0.0142125 -17.8098 0 -180 0 -0 0 -0 0 180
0 -180 0 0 0 -180 0 -180 0.162848 117.387 0 -180 0 -180 0 0 0 -180
0 180 0 -0 0 180 0 180 0.810666 -38.449 0 180 0 180 0 -0 0 180
inside=1 lambda=0.647 phi=20 theta=45
0 -180 0 -180 0 -180 0 0 0.157101 116.717 0 0 0 -180 0 -180 0 -180
0 180 0 180 0 180 0 -0 0.818341 -38.36 0 -0 0 180 0 180 0 180
0 -180 0 -0 0 0 0 -180 0.0116912 -55.2394 0 0 0 0 0 0 0 -180
0 180 0 0 0 -0 0 180 0.0164403 -17.613 0 -0 0 -0 0 -180 0 180
0 -180 0 -180 0 0 0 -0 0.0116912 -55.2394 0 0 0 0 0 0 0 -180
0 180 0 180 0 -0 0 0 0.0164403 -17.613 0 -180 0 -0 0 -0 0 180
0 -180 0 0 0 -180 0 -180 0.157101 116.717 0 -180 0 -180 0 0 0 -180
0 180 0 -0 0 180 0 180 0.818341 -38.36 0 180 0 180 0 -0 0 180
inside=1 lambda=0.647 phi=25 theta=0
0 180 0 -180 0 -180 0 0 0.129387 98.2188 0 0 0 180 0 -180 0 -180
0 180 0 180 0 0 0 -0 0.84426 -46.9158 0 -180 0 180 0 180 0 0
0 -180 0 -180 0 0 0 0 5.68308e-14 84.6037 0 -180 0 0 0 0 0 -180
0 180 0 0 0 -180 0 0 4.39669e-14 100.312 0 0 0 -0 0 -180 0 0
0 -180 0 -180 0 0 0 0 3.20438e-14 -106.752 0 -180 0 0 0 0 0 -180
0 180 0 180 0 -0 0 0 1.80726e-13 11.7595 0 0 0 -0 0 -0 0 180
0 -180 0 0 0 -180 0 -180 0.160169 103.251 0 -180 0 -180 0 0 0 -180
0 180 0 -0 0 180 0 180 0.79592 -47.4851 0 180 0 180 0 -0 0 180
inside=1 lambda=0.647 phi=25 theta=15
0 -180 0 -180 0 -180 0 0 0.131431 98.5892 0 0 0 180 0 -180 0 -180
0 180 0 180 0 0 0 -0 0.841008 -46.9538 0 -180 0 180 0 180 0 0
0 -180 0 -180 0 0 0 -180 0.00796069 -69.1352 0 0 0 0 0 0 0 -180
0 180 0 0 0 -180 0 180 0.0130616 -25.2844 0 -180 0 -0 0 -180 0 0
0 -180 0 -180 0 0 0 -0 0.00799194 -67.147 0 0 0 0 0 0 0 -180
0 180 0 180 0 -0 0 0 0.0129214 -26.4805 0 -180 0 -0 0 -0 0 180
0 -180 0 0 0 -180 0 -180 0.158099 102.936 0 -180 0 -180 0 0 0 -180
0 180 0 -0 0 180 0 180 0.799144 -47.4467 0 180 0 0 0 -180 0 180
inside=1 lambda=0.647 phi=25 theta=30
0 -180 0 -180 0 -180 0 0 0.137034 99.5693 0 0 0 -180 0 -180 0 -180
0 180 0 180 0 0 0 -0 0.832134 -47.0575 0 -180 0 180 0 180 0 0
0 -180 0 -0 0 0 0 -180 0.0138025 -68.6995 0 0 0 0 0 0 0 -180
0 180 0 0 0 -180 0 180 0.0225596 -25.6086 0 -180 0 -0 0 -180 0 0
0 -180 0 -180 0 0 0 -0 0.0138342 -67.5601 0 0 0 0 0 0 0 -180
0 180 0 180 0 -0 0 0 0.0224211 -26.296 0 -180 0 -180 0 -180 0 180
0 -180 0 0 0 -180 0 -180 0.152442 102.066 0 -180 0 -180 0 0 0 -180
0 180 0 -0 0 180 0 180 0.807964 -47.3421 0 180 0 0 0 -180 0 0
inside=1 lambda=0.647 phi=25 theta=45
0 -180 0 -180 0 -180 0 0 0.144724 100.845 0 0 0 -180 0 -180 0 -180
0 180 0 180 0 0 0 -0 0.820036 -47.1995 0 -180 0 180 0 180 0 0
0 -180 0 -0 0 0 0 -180 0.0159578 -68.124 0 0 0 0 0 0 0 -180
0 180 0 0 0 -180 0 180 0.025963 -25.9868 0 -180 0 -0 0 -180 0 0
0 -180 0 -180 0 0 0 -0 0.0159578 -68.124 0 0 0 0 0 0 0 -180
0 180 0 180 0 -0 0 0 0.025963 -25.9868 0 -180 0 -180 0 -180 0 0
0 -180 0 0 0 -180 0 -180 0.144724 100.845 0 -180 0 -180 0 0 0 -180
0 180 0 -0 0 180 0 180 0.820036 -47.1995 0 180 0 0 0 -180 0 0
inside=1 lambda=0.647 phi=30 theta=0
0 180 0 180 0 -180 0 0 0.112049 75.6002 0 0 0 180 0 180 0 -180
0 180 0 180 0 0 0 -0 0.857446 -57.3367 0 -180 0 180 0 180 0 0
0 180 0 -0 0 0 0 180 2.60628e-13 91.8089 0 -0 0 -0 0 180 0 -180
0 180 0 0 0 -180 0 180 1.95073e-13 59.5053 0 -180 0 -0 0 -180 0 0
0 -180 0 -180 0 0 0 -0 2.01494e-13 -136.224 0 -0 0 0 0 0 0 -180
0 0 0 0 0 -0 0 0 3.57651e-13 65.0731 0 -180 0 -180 0 -180 0 180
0 -180 0 0 0 -180 0 -180 0.145721 83.6945 0 -180 0 -180 0 0 0 -180
0 0 0 -180 0 180 0 0 0.787125 -58.2305 0 180 0 0 0 -180 0 180
inside=1 lambda=0.647 phi=30 theta=15
0 180 0 -180 0 -180 0 0 0.114265 76.2015 0 0 0 180 0 180 0 -180
0 180 0 180 0 0 0 -0 0.852702 -57.3974 0 -180 0 180 0 180 0 0
0 -180 0 -0 0 0 0 -180 0.00900656 -87.8261 0 0 0 -0 0 180 0 -180
0 180 0 0 0 -180 0 180 0.0192278 -34.4561 0 -180 0 -0 0 -180 0 0
0 -180 0 -180 0 0 0 -0 0.00906544 -84.2017 0 0 0 0 0 0 0 -180
0 180 0 180 0 -0 0 0 0.0188997 -36.2619 0 -180 0 -180 0 -180 0 0
0 -180 0 0 0 -180 0 -180 0.143458 83.1798 0 -180 0 -180 0 0 0 -180
0 180 0 -0 0 180 0 0 0.791802 -58.1712 0 180 0 0 0 -180 0 0
inside=1 lambda=0.647 phi=30 theta=30
0 -180 0 -180 0 -180 0 0 0.120365 77.7806 0 0 0 180 0 -180 0 -180
0 180 0 180 0 0 0 -0 0.839767 -57.562 0 -180 0 180 0 180 0 0
0 -180 0 -0 0 0 0 -180 0.0156298 -87.0235 0 0 0 -0 0 0 0 -180
0 180 0 0 0 -180 0 180 0.0331402 -34.9952 0 -180 0 -0 0 -180 0 0
0 -180 0 -180 0 0 0 -0 0.0156903 -84.963 0 0 0 0 0 0 0 -180
0 180 0 180 0 -0 0 0 0.0328206 -36.0286 0 -180 0 -180 0 -180 0 0
0 -180 0 0 0 -180 0 -180 0.137256 81.7745 0 -180 0 -180 0 0 0 -180
0 180 0 -0 0 180 0 0 0.804607 -58.0085 0 180 0 0 0 -180 0 0
inside=1 lambda=0.647 phi=30 theta=45
0 -180 0 -180 0 -180 0 0 0.128783 79.8212 0 0 0 180 0 -180 0 -180
0 180 0 180 0 0 0 -0 0.822155 -57.7855 0 -180 0 180 0 180 0 0
0 -180 0 -0 0 0 0 -180 0.0180879 -85.9815 0 0 0 0 0 0 0 -180
0 180 0 0 0 -180 0 180 0.0380607 -35.5864 0 -180 0 -0 0 -180 0 0
0 -180 0 -180 0 0 0 -0 0.0180879 -85.9815 0 0 0 0 0 0 0 -180
0 180 0 180 0 -0 0 0 0.0380607 -35.5864 0 -180 0 -180 0 -180 0 0
0 -180 0 0 0 180 0 -180 0.128783 79.8212 0 -180 0 -180 0 0 0 -180
0 180 0 -0 0 180 0 180 0.822155 -57.7855 0 180 0 0 0 -180 0 0
inside=1 lambda=0.647 phi=35 theta=0
0 180 0 180 0 -180 0 0 0.0975539 46.9921 0 0 0 180 0 180 0 -180
0 180 0 180 0 0 0 -0 0.873525 -69.2486 0 -180 0 180 0 180 0 0
0 180 0 -0 0 0 0 -0 2.47278e-13 -100.445 0 180 0 -0 0 180 0 -180
0 180 0 0 0 -180 0 0 5.55499e-13 -167.636 0 -180 0 -0 0 -180 0 0
0 -180 0 -180 0 0 0 -0 1.01388e-13 -64.9745 0 180 0 0 0 0 0 -180
0 0 0 0 0 -180 0 0 5.10075e-13 -163.714 0 -180 0 -180 0 -180 0 0
0 -180 0 0 0 -180 0 -180 0.125437 56.7025 0 -180 0 -180 0 0 0 -180
0 0 0 -180 0 0 0 0 0.775995 -70.6712 0 0 0 0 0 -180 0 0
inside=1 lambda=0.647 phi=35 theta=15
0 180 0 180 0 -180 0 0 0.0994187 47.65 0 0 0 180 0 180 0 -180
0 180 0 180 0 0 0 -0 0.86691 -69.3489 0 -180 0 180 0 180 0 0
0 180 0 -0 0 0 0 -180 0.00797455 -119.19 0 0 0 -0 0 180 0 -180
0 180 0 0 0 -180 0 180 0.0271909 -44.5081 0 -180 0 -0 0 -180 0 0
0 -180 0 -180 0 0 0 -0 0.00793983 -111.73 0 180 0 0 0 0 0 -180
0 0 0 0 0 -0 0 0 0.0264647 -47.0491 0 -180 0 -180 0 -180 0 0
0 -180 0 0 0 -180 0 -180 0.123657 55.996 0 -180 0 -180 0 0 0 -180
0 180 0 -180 0 180 0 0 0.782448 -70.5795 0 0 0 0 0 -180 0 0
inside=1 lambda=0.647 phi=35 theta=30
0 180 0 -180 0 -180 0 0 0.104555 49.4017 0 0 0 180 0 180 0 -180
0 180 0 180 0 0 0 -0 0.848906 -69.6155 0 -180 0 180 0 180 0 0
0 -180 0 -0 0 0 0 -180 0.0138162 -117.527 0 0 0 -0 0 180 0 -180
0 180 0 0 0 -180 0 180 0.0466967 -45.3553 0 -180 0 -0 0 -180 0 0
0 -180 0 -180 0 0 0 -0 0.0137897 -113.341 0 180 0 0 0 0 0 -180
0 180 0 0 0 -0 0 0 0.0460057 -46.8006 0 -180 0 -180 0 -180 0 0
0 -180 0 0 0 180 0 -180 0.118639 54.1563 0 -180 0 -180 0 0 0 -180
0 180 0 -0 0 180 0 0 0.800143 -70.3244 0 180 0 0 0 -180 0 0
inside=1 lambda=0.647 phi=35 theta=45
0 -180 0 -180 0 -180 0 0 0.111616 51.7598 0 0 0 180 0 180 0 -180
0 180 0 0 0 0 0 -0 0.82445 -69.9716 0 -180 0 180 0 180 0 0
0 -180 0 -0 0 0 0 -180 0.0159488 -115.41 0 0 0 -0 0 180 0 -180
0 180 0 0 0 -180 0 180 0.0534591 -46.2201 0 -180 0 -0 0 -180 0 0
0 -180 0 -180 0 -0 0 -0 0.0159488 -115.41 0 180 0 0 0 0 0 -180
0 180 0 180 0 -0 0 0 0.0534591 -46.2201 0 -180 0 -180 0 -180 0 0
0 -180 0 0 0 180 0 -180 0.111616 51.7598 0 180 0 -180 0 0 0 -180
0 180 0 -0 0 180 0 0 0.82445 -69.9716 0 180 0 0 0 -180 0 0
inside=1 lambda=0.647 phi=40 theta=0
0 180 0 180 0 -180 0 -0 0.0893851 14.5718 0 0 0 180 0 180 0 -180
0 180 0 180 0 0 0 -0 0.893189 -82.3784 0 -180 0 180 0 180 0 0
0 180 0 -0 0 0 0 0 3.08228e-13 -101.35 0 180 0 -0 0 180 0 -180
0 180 0 0 0 -180 0 180 2.56213e-13 -87.2039 0 -180 0 -0 0 -180 0 0
0 -180 0 -180 0 0 0 -0 2.55715e-14 80.6814 0 -0 0 0 0 0 0 -180
0 0 0 0 0 -180 0 0 1.05262e-13 38.1197 0 180 0 -180 0 -180 0 0
0 -180 0 0 0 -180 0 -180 0.106957 16.6348 0 -180 0 -180 0 0 0 -180
0 0 0 -180 0 0 0 0 0.761152 -84.6637 0 0 0 0 0 -180 0 0
inside=1 lambda=0.647 phi=40 theta=15
0 180 0 180 0 -180 0 -0 0.0907155 14.534 0 0 0 180 0 180 0 -180
0 180 0 180 0 0 0 -0 0.884146 -82.5512 0 -180 0 180 0 180 0 0
0 180 0 -0 0 0 0 -180 0.00718978 167.145 0 0 0 -0 0 180 0 -180
0 180 0 0 0 -180 0 0 0.037828 -55.5024 0 -180 0 -0 0 -180 0 0
0 -180 0 -180 0 0 0 -0 0.00595409 177.268 0 180 0 0 0 0 0 -180
0 0 0 0 0 -180 0 0 0.0362782 -58.8211 0 -180 0 -180 0 -180 0 0
0 -180 0 0 0 180 0 -180 0.106302 16.1734 0 -180 0 -180 0 0 0 -180
0 0 0 -180 0 180 0 0 0.769803 -84.5243 0 0 0 0 0 -180 0 0
inside=1 lambda=0.647 phi=40 theta=30
0 180 0 180 0 -180 0 -0 0.0944028 14.424 0 0 0 180 0 180 0 -180
0 180 0 0 0 0 0 -0 0.85962 -82.9893 0 -180 0 180 0 180 0 0
0 180 0 -0 0 0 0 -180 0.012021 169.451 0 0 0 -0 0 180 0 -180
0 180 0 0 0 -180 0 0 0.0645725 -56.7646 0 -180 0 -0 0 -180 0 0
0 -180 0 -180 0 -0 0 -0 0.0108579 175.042 0 180 0 0 0 0 0 -180
0 0 0 0 0 -0 0 0 0.0631529 -58.6408 0 -180 0 -180 0 -180 0 0
0 -180 0 0 0 180 0 -180 0.103716 15.2622 0 180 0 -180 0 0 0 -180
0 180 0 -180 0 180 0 0 0.793606 -84.1224 0 0 0 0 0 -180 0 0
inside=1 lambda=0.647 phi=40 theta=45
0 180 0 -180 0 -180 0 -0 0.0992957 14.591 0 0 0 180 0 180 0 -180
0 180 0 0 0 0 0 -0 0.826444 -83.5599 0 -180 0 180 0 180 0 0
0 180 0 -0 0 0 0 -180 0.0132229 172.292 0 0 0 -0 0 180 0 -180
0 180 0 0 0 -180 0 0 0.0735813 -57.9484 0 -180 0 -0 0 -180 0 0
0 180 0 -180 0 -0 0 -0 0.0132229 172.292 0 180 0 0 0 0 0 -180
0 180 0 0 0 -0 0 0 0.0735813 -57.9484 0 -180 0 -180 0 -180 0 0
0 180 0 -0 0 180 0 -180 0.0992957 14.591 0 180 0 -180 0 0 0 -180
0 180 0 -0 0 180 0 0 0.826444 -83.5599 0 180 0 0 0 -180 0 0
inside=1 lambda=0.647 phi=45 theta=0
0 180 0 180 0 -180 0 -0 0.0871777 -16.8098 0 0 0 180 0 180 0 -180
0 180 0 180 0 0 0.0149751 -172.041 0.916718 -96.3045 0 -180 0 180 0 180 0 0
0 180 0 -0 0 0 0 0 2.05048e-13 -44.6389 0 -180 0 -0 0 180 0 -180
0 180 0 -0 0 -180 3.81602e-13 -177.829 1.98115e-14 163.529 0 0 0 -0 0 180 0 0
0 -180 0 -180 0 0 0 -0 3.50539e-14 19.8255 0 180 0 0 0 0 0 -180
0 0 0 0 0 -180 7.76381e-15 -176.062 8.94122e-14 -22.0286 0 -180 0 -180 0 -180 0 0
0 -180 0 0 0 -180 0 -180 0.113547 -37.6259 0 -180 0 -180 0 0 0 -180
0 0 0 -180 0 0 0.108768 39.0511 0.739439 -99.8951 0 0 0 0 0 -180 0 0
inside=1 lambda=0.647 phi=45 theta=15
0 180 0 180 0 -180 0 -0 0.087167 -18.3725 0 0 0 180 0 180 0 -180
0 180 0 180 0 0 0 -0 0.905562 -96.6686 0 -180 0 180 0 180 0 0
0 180 0 -0 0 0 0 -180 0.0176561 99.3211 0 0 0 -0 0 180 0 -180
0 180 0 -0 0 -180 0 0 0.0525631 -67.7999 0 -180 0 -0 0 180 0 0
0 -180 0 -180 0 -0 0 -0 0.0149916 100.408 0 180 0 0 0 0 0 -180
0 0 0 0 0 -180 0 0 0.04934 -71.7762 0 -180 0 -180 0 -180 0 0
0 -180 0 0 0 180 0 -180 0.113448 -36.2749 0 -180 0 -180 0 0 0 -180
0 0 0 -180 0 0 0 0 0.751716 -99.7625 0 0 0 0 0 -180 0 0
inside=1 lambda=0.647 phi=45 theta=30
0 180 0 180 0 -180 0 -0 0.0922468 -23.5157 0 0 0 180 0 180 0 -180
0 180 0 0 0 0 0 -0 0.872256 -97.3891 0 -180 0 180 0 180 0 0
0 180 0 -0 0 0 0 -180 0.029635 100.24 0 0 0 -0 0 180 0 -180
0 180 0 -0 0 -180 0 0 0.0888061 -69.6118 0 -180 0 -0 0 180 0 0
0 180 0 -180 0 -0 0 -0 0.0272328 100.913 0 180 0 0 0 0 0 -180
0 0 0 0 0 -0 0 -0 0.0860668 -71.8675 0 -180 0 -180 0 -180 0 0
0 180 0 -0 0 180 0 -180 0.108729 -33.9298 0 180 0 -180 0 0 0 -180
0 180 0 -180 0 180 0 0 0.783407 -99.1551 0 0 0 0 0 -180 0 0
inside=1 lambda=0.647 phi=45 theta=45
0 180 0 -180 0 -180 0 -0 0.100463 -29.4994 0 0 0 180 0 180 0 -180
0 180 0 0 0 0 0 -0 0.827468 -98.2785 0 -180 0 180 0 180 0 0
0 180 0 -0 0 0 0 -180 0.032836 100.769 0 0 0 -0 0 180 0 -180
0 0 0 -0 0 -180 0 0 0.10059 -71.133 0 -180 0 -0 0 180 0 0
0 180 0 -180 0 -0 0 -0 0.032836 100.769 0 180 0 0 0 0 0 -180
0 0 0 0 0 -0 0 -0 0.10059 -71.133 0 180 0 -180 0 -180 0 0
0 180 0 -0 0 180 0 -180 0.100463 -29.4994 0 180 0 -180 0 0 0 -180
0 180 0 -0 0 180 0 0 0.827468 -98.2785 0 180 0 0 0 -180 0 0
