RSoft_BSDF_File_Version 2
1 0 5 2 1 1.28
0.3 0.3
-1 1
-1 1
1 0.647 0.647
10 0 45 0.5
4 0 45
Begin_Dispersion_Data
0.647 1.45662 0 1 0 0
End_Dispersion_Data
inside=0 lambda=0.647 phi=0 theta=0
0 -0 0 -180 0 -0 0 0 0.133605 112.857 0 0 0 -0 0 -180 0 -0
0 -180 0 0 0 -180 0 -180 1.19608 -117.475 0 -180 0 -180 0 0 0 -180
0 0 0 0 0 -180 0 -180 2.3579e-13 133.332 0 -180 0 -180 0 0 0 0
0 -180 0 -0 0 0 0 -0 4.94032e-13 -66.9312 0 -180 0 0 0 -0 0 -180
0 0 0 -0 0 -180 0 -0 1.39476e-13 -77.3077 0 -180 0 -180 0 0 0 0
0 -180 0 180 0 0 0 180 3.1149e-13 -11.1731 0 180 0 0 0 -0 0 -180
0 -0 0 0 0 -0 0 -180 0.133605 112.857 0 -180 0 -0 0 0 0 -0
0 -180 0 -180 0 -180 0 0 1.19608 -117.475 0 0 0 -180 0 -180 0 -180
inside=0 lambda=0.647 phi=0 theta=15
0 -0 0 -180 0 -0 0 0 0.133605 112.857 0 0 0 -0 0 -180 0 -0
0 -180 0 0 0 -180 0 -180 1.19608 -117.475 0 -180 0 -180 0 0 0 -180
0 0 0 0 0 -180 0 -180 2.3579e-13 133.332 0 -180 0 -180 0 0 0 0
0 -180 0 -0 0 0 0 -0 4.94032e-13 -66.9312 0 -180 0 0 0 -0 0 -180
0 0 0 -0 0 -180 0 -0 1.39476e-13 -77.3077 0 -180 0 -180 0 0 0 0
0 -180 0 180 0 0 0 180 3.1149e-13 -11.1731 0 180 0 0 0 -0 0 -180
0 -0 0 0 0 -0 0 -180 0.133605 112.857 0 -180 0 -0 0 0 0 -0
0 -180 0 -180 0 -180 0 0 1.19608 -117.475 0 0 0 -180 0 -180 0 -180
inside=0 lambda=0.647 phi=0 theta=30
0 -0 0 -180 0 -0 0 0 0.133605 112.857 0 0 0 -0 0 -180 0 -0
0 -180 0 0 0 -180 0 -180 1.19608 -117.475 0 -180 0 -180 0 0 0 -180
0 0 0 0 0 -180 0 -180 2.3579e-13 133.332 0 -180 0 -180 0 0 0 0
0 -180 0 -0 0 0 0 -0 4.94032e-13 -66.9312 0 -180 0 0 0 -0 0 -180
0 0 0 -0 0 -180 0 -0 1.39476e-13 -77.3077 0 -180 0 -180 0 0 0 0
0 -180 0 180 0 0 0 180 3.1149e-13 -11.1731 0 180 0 0 0 -0 0 -180
0 -0 0 0 0 -0 0 -180 0.133605 112.857 0 -180 0 -0 0 0 0 -0
0 -180 0 -180 0 -180 0 0 1.19608 -117.475 0 0 0 -180 0 -180 0 -180
inside=0 lambda=0.647 phi=0 theta=45
0 -0 0 -180 0 -0 0 0 0.133605 112.857 0 0 0 -0 0 -180 0 -0
0 -180 0 0 0 -180 0 -180 1.19608 -117.475 0 -180 0 -180 0 0 0 -180
0 0 0 0 0 -180 0 -180 2.3579e-13 133.332 0 -180 0 -180 0 0 0 0
0 -180 0 -0 0 0 0 -0 4.94032e-13 -66.9312 0 -180 0 0 0 -0 0 -180
0 0 0 -0 0 -180 0 -0 1.39476e-13 -77.3077 0 -180 0 -180 0 0 0 0
0 -180 0 180 0 0 0 180 3.1149e-13 -11.1731 0 180 0 0 0 -0 0 -180
0 -0 0 0 0 -0 0 -180 0.133605 112.857 0 -180 0 -0 0 0 0 -0
0 -180 0 -180 0 -180 0 0 1.19608 -117.475 0 0 0 -180 0 -180 0 -180
inside=0 lambda=0.647 phi=5 theta=0
0 -0 0 -180 0 0 0 0 0.13702 104.058 0 0 0 -0 0 -180 0 0
0 -180 0 0 0 -180 0 -180 1.19295 -121.628 0 -180 0 -180 0 0 0 -180
0 -0 0 -180 0 -180 0 -0 2.86144e-13 -130.67 0 -0 0 180 0 0 0 0
0 -180 0 -0 0 0 0 180 8.46216e-13 -28.5642 0 -0 0 0 0 180 0 -180
0 0 0 -180 0 -180 0 180 2.83019e-13 -140.656 0 180 0 -180 0 0 0 0
0 -180 0 0 0 0 0 -0 1.15801e-12 -31.2376 0 -0 0 0 0 -180 0 -180
0 -0 0 0 0 -0 0 -180 0.140465 104.022 0 -180 0 -0 0 0 0 -0
0 -180 0 -180 0 -180 0 0 1.19752 -121.689 0 0 0 -180 0 -180 0 -180
inside=0 lambda=0.647 phi=5 theta=15
0 -0 0 -180 0 0 0 0 0.137251 104.055 0 0 0 -0 0 -180 0 0
0 -180 0 0 0 -180 0 -180 1.19325 -121.632 0 -180 0 -180 0 0 0 -180
0 -0 0 -180 0 -180 0 -180 0.000953863 -89.334 0 0 0 180 0 0 0 0
0 -180 0 -0 0 0 0 0 0.00168924 10.4025 0 -180 0 0 0 180 0 -180
0 0 0 -180 0 -180 0 -180 0.000953134 -89.2637 0 0 0 -180 0 0 0 0
0 -180 0 0 0 0 0 -0 0.00168209 10.6034 0 180 0 0 0 -180 0 -180
0 -0 0 0 0 -0 0 -180 0.140234 104.023 0 -180 0 -0 0 0 0 -0
0 -180 0 -180 0 -180 0 0 1.19721 -121.685 0 0 0 -180 0 -180 0 -180
inside=0 lambda=0.647 phi=5 theta=30
0 -0 0 -180 0 0 0 0 0.137882 104.047 0 0 0 -0 0 -180 0 0
0 -180 0 0 0 -180 0 -180 1.19409 -121.644 0 -180 0 -180 0 0 0 -180
0 -0 0 -180 0 -180 0 -180 0.00165186 -89.3194 0 0 0 -180 0 0 0 0
0 -180 0 -0 0 0 0 0 0.00292319 10.4451 0 -180 0 0 0 180 0 -180
0 0 0 -180 0 -180 0 -180 0.00165113 -89.2788 0 0 0 -180 0 0 0 0
0 -180 0 0 0 0 0 -0 0.00291605 10.561 0 180 0 0 0 -180 0 -180
0 -0 0 0 0 -0 0 -180 0.139604 104.028 0 -180 0 -0 0 0 0 -0
0 -180 0 -180 0 -180 0 0 1.19637 -121.674 0 0 0 -180 0 -180 0 -180
inside=0 lambda=0.647 phi=5 theta=45
0 -0 0 -180 0 -0 0 0 0.138743 104.037 0 0 0 -0 0 -180 0 0
0 -180 0 0 0 -180 0 -180 1.19523 -121.659 0 -180 0 -180 0 0 0 -180
0 0 0 -180 0 -180 0 -180 0.00190698 -89.2992 0 0 0 -180 0 0 0 0
0 -180 0 -0 0 0 0 0 0.00337127 10.5031 0 -180 0 0 0 180 0 -180
0 0 0 -180 0 -180 0 -180 0.00190698 -89.2992 0 0 0 -180 0 0 0 0
0 -180 0 0 0 0 0 -0 0.00337127 10.5031 0 180 0 0 0 -180 0 -180
0 -0 0 0 0 -0 0 -180 0.138743 104.037 0 -180 0 -0 0 0 0 0
0 -180 0 -180 0 -180 0 0 1.19523 -121.659 0 0 0 -180 0 -180 0 -180
inside=0 lambda=0.647 phi=10 theta=0
0 -0 0 -180 0 0 0 0 0.146782 79.7381 0 0 0 -0 0 -180 0 0
0 -180 0 0 0 -180 0 -180 1.18328 -134.022 0 -180 0 -180 0 0 0 -180
0 -0 0 -180 0 -180 0 -0 5.36811e-14 -175.375 0 -0 0 180 0 0 0 0
0 -180 0 -0 0 0 0 0 1.54758e-13 -42.4121 0 180 0 0 0 180 0 -180
0 0 0 -180 0 -180 0 180 4.07345e-14 -82.3788 0 -180 0 -180 0 0 0 0
0 -180 0 0 0 0 0 0 7.28593e-14 -46.0299 0 -180 0 0 0 -180 0 -180
0 -0 0 0 0 -0 0 -180 0.161732 79.4612 0 -180 0 -0 0 0 0 -0
0 -180 0 -180 0 -180 0 0 1.20163 -134.266 0 0 0 -180 0 -180 0 -180
inside=0 lambda=0.647 phi=10 theta=15
0 -0 0 -180 0 0 0 0 0.147789 79.7069 0 0 0 -0 0 -180 0 0
0 -180 0 0 0 -180 0 -180 1.1845 -134.041 0 -180 0 -180 0 0 0 -180
0 -0 0 -180 0 -180 0 -180 0.00415054 -113.236 0 0 0 180 0 0 0 0
0 -180 0 -0 0 0 0 0 0.00685504 -2.74824 0 -180 0 0 0 180 0 -180
0 0 0 -180 0 -180 0 -180 0.00413841 -113.001 0 0 0 -180 0 0 0 0
0 -180 0 0 0 0 0 -0 0.00673436 -1.92092 0 180 0 0 0 -180 0 -180
0 -0 0 0 0 -0 0 -180 0.160737 79.4679 0 -180 0 -0 0 0 0 0
0 -180 0 -180 0 -180 0 0 1.20039 -134.252 0 0 0 -180 0 -180 0 -180
inside=0 lambda=0.647 phi=10 theta=30
0 -0 0 -180 0 0 0 0 0.150536 79.6315 0 0 0 -0 0 -180 0 0
0 -180 0 0 0 -180 0 -180 1.18783 -134.09 0 -180 0 -180 0 0 0 -180
0 -0 0 -180 0 -180 0 -180 0.0071839 -113.191 0 0 0 180 0 0 0 0
0 -180 0 -0 0 0 0 0 0.0118265 -2.5712 0 -180 0 0 0 180 0 -180
0 -0 0 -180 0 -180 0 -180 0.0071718 -113.055 0 0 0 -180 0 0 0 0
0 -180 0 0 0 0 0 -0 0.011706 -2.09369 0 180 0 0 0 -180 0 -180
0 -0 0 0 0 -0 0 -180 0.158013 79.4944 0 -180 0 -0 0 0 0 0
0 -180 0 -180 0 -180 0 0 1.197 -134.212 0 0 0 -180 0 -180 0 -180
inside=0 lambda=0.647 phi=10 theta=45
0 -0 0 -180 0 0 0 0 0.15428 79.5508 0 0 0 -0 0 -180 0 0
0 -180 0 0 0 -180 0 -180 1.1924 -134.153 0 -180 0 -180 0 0 0 -180
0 -0 0 -180 0 -180 0 -180 0.00828792 -113.125 0 0 0 180 0 0 0 0
0 -180 0 -0 0 0 0 0 0.0135851 -2.33138 0 -180 0 0 0 180 0 -180
0 -0 0 -180 0 180 0 -180 0.00828792 -113.125 0 0 0 -180 0 0 0 0
0 -180 0 0 0 0 0 -0 0.0135851 -2.33138 0 180 0 0 0 -180 0 -180
0 -0 0 0 0 -0 0 -180 0.15428 79.5508 0 -180 0 0 0 0 0 0
0 -180 0 -180 0 -180 0 0 1.1924 -134.153 0 0 0 -180 0 -180 0 -180
inside=0 lambda=0.647 phi=15 theta=0
0 -0 0 -180 0 0 0 0 0.155847 44.2861 0 0 0 -0 0 -180 0 0
0 -180 0 0 0 180 0 -180 1.16739 -154.496 0 180 0 -180 0 0 0 180
0 -0 0 -180 0 -180 0 -180 3.60004e-14 38.3214 0 180 0 180 0 0 0 0
0 -180 0 -0 0 -0 0 -0 4.03467e-14 -134.176 0 -180 0 0 0 180 0 180
0 0 0 -180 0 -180 0 -0 2.00245e-14 -63.909 0 180 0 -180 0 0 0 0
0 -180 0 -0 0 0 0 -0 6.59975e-14 99.4975 0 -0 0 0 0 180 0 -180
0 -0 0 0 0 -0 0 -180 0.194016 42.8972 0 -180 0 -0 0 0 0 -0
0 -180 0 180 0 -180 0 -0 1.20909 -154.982 0 0 0 -180 0 180 0 -180
inside=0 lambda=0.647 phi=15 theta=15
0 -0 0 -180 0 0 0 0 0.158418 44.1224 0 0 0 -0 0 -180 0 0
0 -180 0 0 0 180 0 -180 1.17012 -154.54 0 180 0 -180 0 0 0 180
0 -0 0 -180 0 -180 0 -180 0.0103996 -150.28 0 0 0 180 0 0 0 0
0 -180 0 -0 0 -0 0 -0 0.0157268 -23.7017 0 180 0 0 0 180 0 180
0 -0 0 -180 0 -180 0 -180 0.0103486 -149.874 0 0 0 -180 0 0 0 0
0 -180 0 -0 0 0 0 -0 0.0150649 -21.6765 0 180 0 0 0 180 0 -180
0 -0 0 0 0 -0 0 -180 0.191485 42.9307 0 -180 0 -0 0 0 0 0
0 -180 0 180 0 -180 0 -0 1.20622 -154.962 0 0 0 -180 0 180 0 -180
inside=0 lambda=0.647 phi=15 theta=30
0 -0 0 -180 0 0 0 0 0.165438 43.7354 0 0 0 -0 0 -180 0 0
0 -180 0 -0 0 180 0 -180 1.17761 -154.653 0 180 0 -180 0 0 0 180
0 -0 0 -180 0 -180 0 -180 0.0179866 -150.215 0 0 0 180 0 0 0 0
0 -180 0 -0 0 -0 0 -0 0.0269638 -23.2578 0 180 0 0 0 180 0 180
0 -0 0 -180 0 180 0 -180 0.0179361 -149.98 0 0 0 -180 0 0 0 0
0 -180 0 -0 0 0 0 -0 0.0263048 -22.0902 0 180 0 0 0 180 0 180
0 -0 0 0 0 -0 0 -180 0.184543 43.06 0 -180 0 0 0 0 0 0
0 -180 0 180 0 -180 0 -0 1.19845 -154.898 0 0 0 -180 0 180 0 180
inside=0 lambda=0.647 phi=15 theta=45
0 -0 0 -180 0 0 0 0 0.17501 43.334 0 0 0 -0 0 -180 0 0
0 -180 0 -0 0 180 0 -180 1.18796 -154.788 0 180 0 -180 0 0 0 180
0 -0 0 -180 0 -180 0 -180 0.0207359 -150.107 0 0 0 180 0 0 0 0
0 -180 0 -0 0 -0 0 -0 0.0307362 -22.6665 0 180 0 0 0 180 0 180
0 -0 0 -180 0 180 0 -180 0.0207359 -150.107 0 0 0 -180 0 0 0 0
0 -180 0 -0 0 0 0 -0 0.0307362 -22.6665 0 180 0 -0 0 180 0 180
0 -0 0 0 0 -0 0 -180 0.17501 43.334 0 -180 0 0 0 0 0 0
0 -180 0 -180 0 -180 0 -0 1.18796 -154.788 0 0 0 180 0 180 0 180
inside=0 lambda=0.647 phi=20 theta=0
0 -0 0 -180 0 0 0 0 0.144446 0.248153 0 0 0 -0 0 -180 0 0
0 -180 0 -0 0 180 0 180 1.14717 177.071 0 180 0 -180 0 -0 0 180
0 -0 0 -180 0 -180 0 180 5.06455e-15 -25.1704 0 -0 0 180 0 0 0 0
0 -180 0 -180 0 -0 0 180 8.651e-14 82.3451 0 0 0 0 0 0 0 180
0 -0 0 -180 0 -180 0 -0 5.77467e-14 -113.778 0 180 0 180 0 0 0 0
0 180 0 -0 0 -0 0 -180 1.01339e-13 94.5638 0 -180 0 -0 0 180 0 180
0 -0 0 0 0 -0 0 -180 0.220914 -4.5784 0 -180 0 -0 0 0 0 -0
0 -180 0 180 0 180 0 -0 1.22539 176.506 0 -0 0 -180 0 180 0 180
inside=0 lambda=0.647 phi=20 theta=15
0 -0 0 -180 0 0 0 0 0.149445 -0.397706 0 0 0 -0 0 -180 0 0
0 -180 0 -0 0 180 0 180 1.15225 176.992 0 180 0 -180 0 -0 0 180
0 -0 0 -180 0 -180 0 -180 0.0198621 160.128 0 0 0 180 0 0 0 0
0 -180 0 -180 0 -0 0 -0 0.0292031 -50.9701 0 180 0 0 0 0 0 180
0 -0 0 -180 0 180 0 -180 0.019813 160.762 0 180 0 -180 0 0 0 0
0 -180 0 -0 0 -0 0 -180 0.0269347 -46.7403 0 0 0 -0 0 180 0 180
0 -0 0 0 0 -0 0 -180 0.215731 -4.47812 0 -180 0 -0 0 0 0 0
0 -180 0 180 0 -180 0 -0 1.21997 176.499 0 -0 0 180 0 180 0 180
inside=0 lambda=0.647 phi=20 theta=30
0 -0 0 -180 0 0 0 0 0.163237 -1.84084 0 0 0 -0 0 -180 0 0
0 -180 0 -0 0 180 0 180 1.16625 176.806 0 180 0 -180 0 -0 0 180
0 -0 0 -180 0 -180 0 -180 0.034343 160.201 0 0 0 180 0 0 0 0
0 -180 0 -180 0 -0 0 -0 0.0495355 -49.9941 0 180 0 0 0 0 0 180
0 -0 0 -180 0 180 0 -180 0.0342969 160.572 0 180 0 -180 0 0 0 0
0 -180 0 -0 0 0 0 -180 0.0473025 -47.5651 0 0 0 -0 0 180 0 180
0 -0 0 0 0 -0 0 -180 0.201575 -4.08682 0 -180 0 0 0 0 0 0
0 -180 0 180 0 -180 0 -0 1.20533 176.517 0 -0 0 180 0 180 0 180
inside=0 lambda=0.647 phi=20 theta=45
0 -0 0 -180 0 0 0 0 0.182316 -3.21743 0 0 0 -0 0 -180 0 0
0 -180 0 -0 0 180 0 180 1.18563 176.62 0 180 0 -180 0 -0 0 180
0 -0 0 -180 0 -180 0 -180 0.0396074 160.358 0 0 0 180 0 180 0 0
0 -180 0 -180 0 -0 0 -0 0.0557992 -48.7428 0 180 0 0 0 0 0 180
0 -0 0 -180 0 180 0 -180 0.0396074 160.358 0 180 0 -180 0 0 0 0
0 -180 0 -0 0 0 0 -180 0.0557992 -48.7428 0 0 0 -0 0 180 0 180
0 -0 0 0 0 -0 0 -180 0.182316 -3.21743 0 -180 0 0 0 0 0 0
0 -180 0 180 0 -180 0 -0 1.18563 176.62 0 -0 0 180 0 180 0 180
inside=0 lambda=0.647 phi=25 theta=0
0 -180 0 -180 0 0 0 0 0.0913538 -54.2302 0 0 0 -180 0 -180 0 0
0 -180 0 -0 0 0 0 180 1.12072 140.567 0 180 0 -180 0 -0 0 0
0 -0 0 -0 0 -180 0 180 4.74558e-14 -176.088 0 -0 0 180 0 180 0 0
0 -180 0 -180 0 -180 0 -180 7.11124e-14 72.0272 0 0 0 0 0 0 0 0
0 -0 0 -180 0 -180 0 -0 6.41172e-14 -18.0118 0 -0 0 180 0 0 0 0
0 180 0 -0 0 -0 0 180 1.60909e-13 -142.439 0 0 0 -0 0 180 0 180
0 -0 0 0 0 -0 0 -180 0.218016 -68.4674 0 -180 0 -0 0 0 0 -0
0 180 0 180 0 180 0 -0 1.26315 140.36 0 -0 0 180 0 180 0 180
inside=0 lambda=0.647 phi=25 theta=15
0 -0 0 -180 0 0 0 0 0.0986677 -57.0156 0 0 0 -0 0 -180 0 0
0 -180 0 -0 0 0 0 180 1.13004 140.419 0 180 0 -180 0 -0 0 0
0 -0 0 -0 0 -180 0 -180 0.0306797 92.2154 0 0 0 180 0 180 0 0
0 -180 0 -180 0 -180 0 -0 0.0517361 -85.0063 0 180 0 -0 0 0 0 0
0 -0 0 -180 0 180 0 -0 0.030945 93.7639 0 0 0 180 0 0 0 0
0 180 0 -0 0 -0 0 -180 0.0457184 -77.308 0 0 0 -0 0 180 0 180
0 -0 0 0 0 -0 0 -180 0.208422 -68.4571 0 -180 0 -0 0 0 0 0
0 -180 0 180 0 180 0 -0 1.25351 140.211 0 -0 0 180 0 180 0 180
inside=0 lambda=0.647 phi=25 theta=30
0 -0 0 -180 0 0 0 0 0.119803 -62.3486 0 0 0 -0 0 -180 0 0
0 -180 0 -0 0 0 0 180 1.15576 140.115 0 180 0 -180 0 -0 0 0
0 -0 0 -0 0 -180 0 -180 0.0530677 92.34 0 0 0 180 0 0 0 0
0 -180 0 -180 0 -0 0 -0 0.0864869 -83.1217 0 180 0 -0 0 0 0 0
0 -0 0 -180 0 180 0 -0 0.0533216 93.2338 0 0 0 -180 0 0 0 0
0 180 0 -0 0 -0 0 -180 0.0807339 -78.7517 0 0 0 -0 0 180 0 180
0 -0 0 0 0 -0 0 -180 0.183261 -68.0535 0 -180 0 -0 0 0 0 0
0 -180 0 180 0 180 0 -0 1.22716 139.967 0 -0 0 180 0 180 0 180
inside=0 lambda=0.647 phi=25 theta=45
0 -0 0 -180 0 0 0 0 0.150633 -66.2969 0 0 0 -0 0 -180 0 0
0 -180 0 -0 0 180 0 180 1.1913 139.912 0 180 0 -180 0 -0 0 0
0 -0 0 -0 0 -180 0 -180 0.0613324 92.6942 0 0 0 180 0 0 0 0
0 180 0 -180 0 -0 0 -0 0.0961339 -80.837 0 180 0 -0 0 0 0 180
0 -0 0 -180 0 180 0 -0 0.0613324 92.6942 0 0 0 -180 0 0 0 0
0 180 0 -0 0 -0 0 -180 0.0961339 -80.837 0 0 0 -0 0 180 0 180
0 -0 0 0 0 -0 0 -180 0.150633 -66.2969 0 -180 0 0 0 0 0 0
0 -180 0 180 0 -180 0 -0 1.1913 139.912 0 -0 0 180 0 180 0 0
inside=0 lambda=0.647 phi=30 theta=0
0 -180 0 180 0 0 0.0426302 -51.1103 0.0162057 -159.79 0 0 0 -180 0 180 0 0
0 180 0 -0 0 0 0 180 1.06911 96.143 0 0 0 180 0 -0 0 0
0 -0 0 -180 0 -180 5.20352e-14 -170.013 7.0808e-14 53.0524 0 -0 0 180 0 0 0 0
0 180 0 -180 0 -180 0 180 1.98819e-14 -144.823 0 180 0 -0 0 0 0 0
0 -0 0 -180 0 -180 4.80277e-13 -109.128 1.06315e-13 114.748 0 -0 0 180 0 0 0 0
0 180 0 -180 0 -180 0 0 2.10952e-13 148.401 0 -180 0 -0 0 0 0 0
0 -0 0 0 0 0 0.343353 -71.8731 0.198744 -160.02 0 -180 0 -0 0 0 0 0
0 180 0 0 0 0 0 -180 1.31113 96.6156 0 -180 0 180 0 0 0 0
inside=0 lambda=0.647 phi=30 theta=15
0 -180 0 -180 0 0 0 0 0.02482 -172.637 0 0 0 -180 0 -180 0 0
0 180 0 -0 0 0 0 180 1.08964 95.7444 0 0 0 180 0 -0 0 0
0 -0 0 -180 0 -180 0 -180 0.0469834 -4.95496 0 0 0 180 0 0 0 0
0 180 0 -180 0 -180 0 -180 0.0935877 -130.277 0 0 0 -0 0 0 0 0
0 -0 0 -180 0 180 0 -180 0.0468785 -0.379695 0 0 0 180 0 0 0 0
0 180 0 -180 0 -0 0 180 0.0772569 -118.74 0 0 0 -0 0 0 0 0
0 -180 0 0 0 -0 0 -180 0.193912 -165.645 0 -180 0 -0 0 0 0 0
0 180 0 0 0 180 0 -180 1.30904 96.0568 0 -180 0 180 0 0 0 0
inside=0 lambda=0.647 phi=30 theta=30
0 -180 0 -180 0 0 0 0 0.0586296 -177.405 0 0 0 -180 0 -180 0 0
0 -180 0 -180 0 0 0 180 1.13449 94.9086 0 0 0 180 0 -0 0 0
0 -0 0 -0 0 -180 0 -180 0.0804056 -5.02725 0 0 0 180 0 0 0 0
0 180 0 -180 0 -180 0 -180 0.151384 -127.489 0 0 0 -0 0 0 0 0
0 -0 0 -180 0 180 0 -180 0.0803224 -2.80543 0 0 0 -180 0 0 0 0
0 180 0 -180 0 -0 0 -180 0.137217 -121.067 0 0 0 -180 0 0 0 0
0 -180 0 0 0 -0 0 -180 0.153691 -171.962 0 -180 0 -0 0 0 0 0
0 180 0 0 0 180 0 -180 1.26162 94.8363 0 -180 0 0 0 0 0 0
inside=0 lambda=0.647 phi=30 theta=45
0 -180 0 -180 0 0 0 0 0.105436 -176.336 0 0 0 -0 0 -180 0 0
0 -180 0 -180 0 0 0 0 1.19725 94.4839 0 0 0 180 0 -0 0 0
0 -0 0 -0 0 -180 0 -180 0.0923802 -4.35009 0 0 0 180 0 0 0 0
0 180 0 -180 0 -180 0 -180 0.165108 -124.22 0 0 0 -0 0 0 0 0
0 -0 0 -180 0 180 0 -0 0.0923802 -4.35009 0 0 0 -180 0 0 0 0
0 180 0 -180 0 -0 0 -180 0.165108 -124.22 0 0 0 -180 0 0 0 0
0 -180 0 0 0 -0 0 -180 0.105436 -176.336 0 -180 0 0 0 0 0 0
0 -180 0 0 0 180 0 -180 1.19725 94.4839 0 -0 0 0 0 0 0 0
inside=0 lambda=0.647 phi=35 theta=0
0 -0 0 180 0 0 0.086957 15.6336 0.0323448 -81.0488 0 0 0 -0 0 180 0 0
0 180 0 -180 0 -0 0 0 0.980694 43.5309 0 -0 0 180 0 -180 0 -0
0 -0 0 -0 0 -180 7.45981e-14 148.578 9.08898e-14 -14.31 0 -0 0 180 0 180 0 0
0 180 0 180 0 180 0 180 2.3708e-13 -67.1042 0 -180 0 -0 0 -0 0 -0
0 0 0 -180 0 -180 1.85147e-11 -145.176 1.96171e-12 84.7045 0 -0 0 -180 0 0 0 0
0 0 0 -180 0 -180 0 -180 1.69558e-12 91.5859 0 -180 0 -180 0 0 0 0
0 -0 0 0 0 -0 0.196668 8.33385 0.316986 76.6171 0 -180 0 -0 0 0 0 -0
0 0 0 0 0 0 0 0 1.38202 45.3657 0 -180 0 0 0 0 0 0
inside=0 lambda=0.647 phi=35 theta=15
0 -0 0 180 0 0 0.104732 -11.651 0.0189439 -13.2486 0 0 0 -180 0 180 0 0
0 180 0 -180 0 -0 0 0 1.00154 42.8211 0 -0 0 180 0 -180 0 -0
0 -0 0 -180 0 -180 0.0425838 -12.0384 0.0936095 -110.669 0 0 0 180 0 180 0 0
0 180 0 180 0 180 0 180 0.158646 176.322 0 -0 0 -0 0 -0 0 -0
0 -0 0 -180 0 -180 0.0707815 -40.4553 0.0893289 -109.446 0 180 0 180 0 0 0 0
0 0 0 -180 0 -180 0 180 0.116408 -164.951 0 -0 0 -180 0 0 0 0
0 -0 0 0 0 -0 0.354312 -57.4816 0.275606 70.1386 0 -180 0 -0 0 0 0 0
0 180 0 0 0 0 0 180 1.33253 44.3113 0 -180 0 0 0 0 0 0
inside=0 lambda=0.647 phi=35 theta=30
0 -180 0 -180 0 0 0 -0 0.0836236 43.1582 0 0 0 -180 0 180 0 0
0 180 0 -180 0 -0 0 0 1.08017 41.6422 0 -0 0 180 0 -180 0 -0
0 -0 0 -180 0 -180 0 -180 0.156882 -112.781 0 0 0 180 0 180 0 0
0 180 0 180 0 180 0 -180 0.245006 178.129 0 -0 0 -0 0 -0 0 -0
0 -0 0 -180 0 180 0 -180 0.154252 -110.838 0 180 0 -180 0 0 0 0
0 180 0 -180 0 -180 0 180 0.207057 -172.012 0 -0 0 -180 0 0 0 -0
0 -180 0 0 0 -0 0 -180 0.239993 67.1244 0 -180 0 0 0 0 0 0
0 180 0 0 0 180 0 -180 1.2795 41.9527 0 -180 0 0 0 0 0 -0
inside=0 lambda=0.647 phi=35 theta=45
0 -180 0 -180 0 0 0 0 0.16423 56.7448 0 0 0 -0 0 -180 0 0
0 180 0 -180 0 -0 0 0 1.17605 40.8862 0 -0 0 180 0 -180 0 -0
0 -0 0 -180 0 -180 0 -180 0.17817 -112.796 0 0 0 180 0 180 0 0
0 180 0 180 0 180 0 -180 0.253674 -176.918 0 0 0 -180 0 -0 0 -0
0 -0 0 -180 0 180 0 -180 0.17817 -112.796 0 180 0 -180 0 0 0 0
0 180 0 -180 0 -180 0 180 0.253674 -176.918 0 -0 0 180 0 0 0 -0
0 -180 0 0 0 -0 0 -180 0.16423 56.7448 0 -180 0 0 0 0 0 0
0 180 0 0 0 180 0 -180 1.17605 40.8862 0 -180 0 -0 0 -0 0 -0
inside=0 lambda=0.647 phi=40 theta=0
0 -180 0 180 0 0 0.0507416 -37.1936 0.21144 139.335 0 0 0 -180 0 180 0 0
0 0 0 -180 0 -180 0 -0 0.797219 -16.4315 0 -0 0 0 0 -180 0 -180
0 -0 0 -180 0 -180 6.5382e-13 -123.671 1.65422e-13 123.595 0 -0 0 180 0 0 0 0
0 0 0 0 0 0 0 -180 5.63075e-13 87.9175 0 0 0 -180 0 -180 0 -180
0 0 0 -180 0 180 4.47423e-12 -104.69 7.39624e-13 67.7563 0 -0 0 -180 0 0 0 -0
0 0 0 180 0 180 0 180 2.59562e-12 77.9915 0 180 0 -180 0 -0 0 -0
0 -0 0 0 0 -0 0.0929819 28.6436 0.514501 -11.3473 0 -180 0 -0 0 0 0 -0
0 0 0 -0 0 -0 0 0 1.522 -6.82326 0 180 0 0 0 -0 0 -0
inside=0 lambda=0.647 phi=40 theta=15
0 -0 0 180 0 0 0.0342417 35.8638 0.151529 148.686 0 0 0 -180 0 180 0 0
0 0 0 -180 0 -180 0 180 0.852601 -18.7573 0 -0 0 0 0 -180 0 -180
0 -0 0 -180 0 -180 0.203908 -1.52929 0.152071 142.201 0 0 0 180 0 0 0 0
0 0 0 0 0 0 0 180 0.302206 124.163 0 -0 0 -180 0 -180 0 -180
0 -0 0 -180 0 180 0.0450993 19.4379 0.16521 147.35 0 0 0 -180 0 0 0 0
0 180 0 180 0 -180 0 180 0.17771 152.371 0 -180 0 -0 0 -0 0 -0
0 -0 0 -0 0 -0 0.278057 6.96716 0.508604 -23.8653 0 180 0 -0 0 0 0 0
0 180 0 -0 0 0 0 180 1.39176 -11.6119 0 180 0 180 0 -0 0 -0
inside=0 lambda=0.647 phi=40 theta=30
0 -180 0 -180 0 0 0.114528 -70.0092 0.0676885 -157.984 0 0 0 -180 0 180 0 0
0 0 0 -180 0 -0 0 0 0.976148 -20.2957 0 -0 0 0 0 -180 0 -180
0 -180 0 -180 0 -180 0.189839 -77.1034 0.293309 142.588 0 0 0 0 0 0 0 0
0 0 0 0 0 180 0 180 0.423031 126.295 0 -0 0 -180 0 -180 0 -180
0 -0 0 -180 0 180 0.109153 -82.5031 0.300134 143.944 0 0 0 180 0 0 0 0
0 0 0 180 0 -180 0 0 0.33822 144.408 0 -180 0 180 0 -0 0 -0
0 -180 0 -0 0 -0 0.225844 -82.3251 0.338803 -41.2484 0 180 0 0 0 0 0 0
0 180 0 0 0 0 0 180 1.32311 -15.6408 0 -180 0 -0 0 -0 0 -0
inside=0 lambda=0.647 phi=40 theta=45
0 -180 0 -180 0 0 0 -0 0.162222 -61.9269 0 0 0 -0 0 180 0 0
0 0 0 180 0 -0 0 0 1.16058 -19.7135 0 -0 0 0 0 -180 0 -0
0 -0 0 -180 0 -180 0 -180 0.340717 141.233 0 0 0 180 0 180 0 0
0 0 0 0 0 180 0 180 0.417401 135.637 0 -0 0 -180 0 -180 0 -0
0 -0 0 -180 0 180 0 -180 0.340717 141.233 0 180 0 -180 0 0 0 0
0 0 0 180 0 -180 0 0 0.417401 135.637 0 -180 0 180 0 -0 0 -0
0 -180 0 -0 0 -0 0 -180 0.162222 -61.9269 0 180 0 0 0 0 0 0
0 0 0 0 0 0 0 180 1.16058 -19.7135 0 -180 0 -0 0 -0 0 -0
inside=0 lambda=0.647 phi=45 theta=0
0 -0 0 180 0 180 0.303406 -58.9619 0.947258 -36.4937 0 -0 0 -0 0 180 0 180
0 -0 0 180 0 180 0 0 0 -0 0 180 0 -0 0 180 0 180
0 -0 0 -0 0 -0 8.18896e-13 148.979 2.70898e-13 78.7779 0 -180 0 180 0 180 0 180
0 -0 0 -0 0 -0 0 0 0 0 0 180 0 180 0 180 0 180
0 0 0 -180 0 0 7.05549e-12 77.8665 8.80912e-12 96.3257 0 0 0 -180 0 0 0 -180
0 0 0 180 0 0 0 -180 0 180 0 -0 0 -180 0 -0 0 -180
0 0 0 0 0 -180 0.815716 78.8357 0.635285 176.105 0 -180 0 0 0 0 0 -180
0 0 0 -0 0 -180 0 0 0 -0 0 180 0 0 0 -0 0 -180
inside=0 lambda=0.647 phi=45 theta=15
0 0 0 180 0 180 0.088295 48.7796 0.794361 -30.3951 0 0 0 -0 0 180 0 -0
0 0 0 -180 0 180 0 -0 0 -0 0 180 0 -0 0 180 0 180
0 -0 0 -0 0 -180 0.42851 124.575 0.568776 1.48571 0 180 0 180 0 180 0 -0
0 -0 0 -0 0 -0 0 -0 0 0 0 -180 0 180 0 180 0 180
0 -0 0 -180 0 -0 0.204187 77.3539 0.449077 -3.70732 0 -0 0 180 0 0 0 -180
0 0 0 180 0 180 0 -0 0 0 0 -180 0 180 0 -0 0 -180
0 -0 0 0 0 180 0.772998 0.875205 0.371231 -162.042 0 -180 0 -0 0 0 0 -180
0 0 0 -0 0 -0 0 0 0 -0 0 180 0 -0 0 -0 0 -180
inside=0 lambda=0.647 phi=45 theta=30
0 -180 0 180 0 180 0.173796 3.24048 0.497076 -3.05711 0 0 0 -0 0 -180 0 -0
0 0 0 -180 0 -180 0 -0 0 -0 0 -180 0 -0 0 180 0 180
0 -0 0 -0 0 180 0.301894 154.385 0.757742 -31.5263 0 0 0 180 0 -0 0 -0
0 -0 0 0 0 -0 0 -0 0 0 0 -180 0 180 0 180 0 180
0 -0 0 -180 0 -180 0.269536 -26.6452 0.771795 -30.502 0 -0 0 -180 0 0 0 180
0 0 0 180 0 180 0 -0 0 0 0 180 0 0 0 -180 0 -180
0 -0 0 0 0 180 0.35471 -61.8743 0.526457 128.342 0 -180 0 180 0 0 0 180
0 0 0 -0 0 -0 0 0 0 -180 0 180 0 -180 0 -180 0 -180
inside=0 lambda=0.647 phi=45 theta=45
0 -180 0 180 0 180 0 0 0.399278 53.9929 0 0 0 -180 0 -180 0 -0
0 0 0 -180 0 -180 0 -0 0 -180 0 -180 0 -0 0 180 0 180
0 0 0 -180 0 180 0 180 0.91683 -36.0071 0 0 0 180 0 -0 0 0
0 -0 0 0 0 0 0 180 0 0 0 -180 0 180 0 180 0 180
0 0 0 180 0 180 0 -180 0.91683 -36.0071 0 -0 0 180 0 0 0 0
0 -0 0 180 0 180 0 0 0 0 0 180 0 0 0 -180 0 180
0 -180 0 0 0 -180 0 180 0.399278 53.9929 0 -180 0 180 0 0 0 -0
0 0 0 -0 0 -0 0 -180 0 -180 0 180 0 -180 0 -180 0 180
inside=1 lambda=0.647 phi=0 theta=0
0 -0 0 -180 0 -0 0 0 0.133605 -167.808 0 0 0 -0 0 -180 0 -0
0 -0 0 0 0 -0 0 -180 0.821138 -117.475 0 -180 0 -0 0 0 0 -0
0 0 0 -0 0 -180 0 180 1.18235e-13 -1.85187 0 -0 0 -180 0 180 0 0
0 -180 0 180 0 0 0 -0 3.33494e-13 139.974 0 -0 0 0 0 -180 0 -180
0 0 0 180 0 -180 0 0 1.32459e-13 161.195 0 180 0 -180 0 -0 0 0
0 -180 0 180 0 0 0 -0 2.45845e-13 161.824 0 -0 0 0 0 180 0 -180
0 -0 0 0 0 -0 0 -180 0.133605 -167.808 0 -180 0 -0 0 0 0 -0
0 -0 0 -180 0 -0 0 0 0.821138 -117.475 0 0 0 -0 0 -180 0 -0
inside=1 lambda=0.647 phi=0 theta=15
0 -0 0 -180 0 -0 0 0 0.133605 -167.808 0 0 0 -0 0 -180 0 -0
0 -0 0 0 0 -0 0 -180 0.821138 -117.475 0 -180 0 -0 0 0 0 -0
0 0 0 -0 0 -180 0 180 1.18235e-13 -1.85187 0 -0 0 -180 0 180 0 0
0 -180 0 180 0 0 0 -0 3.33494e-13 139.974 0 -0 0 0 0 -180 0 -180
0 0 0 180 0 -180 0 0 1.32459e-13 161.195 0 180 0 -180 0 -0 0 0
0 -180 0 180 0 0 0 -0 2.45845e-13 161.824 0 -0 0 0 0 180 0 -180
0 -0 0 0 0 -0 0 -180 0.133605 -167.808 0 -180 0 -0 0 0 0 -0
0 -0 0 -180 0 -0 0 0 0.821138 -117.475 0 0 0 -0 0 -180 0 -0
inside=1 lambda=0.647 phi=0 theta=30
0 -0 0 -180 0 -0 0 0 0.133605 -167.808 0 0 0 -0 0 -180 0 -0
0 -0 0 0 0 -0 0 -180 0.821138 -117.475 0 -180 0 -0 0 0 0 -0
0 0 0 -0 0 -180 0 180 1.18235e-13 -1.85187 0 -0 0 -180 0 180 0 0
0 -180 0 180 0 0 0 -0 3.33494e-13 139.974 0 -0 0 0 0 -180 0 -180
0 0 0 180 0 -180 0 0 1.32459e-13 161.195 0 180 0 -180 0 -0 0 0
0 -180 0 180 0 0 0 -0 2.45845e-13 161.824 0 -0 0 0 0 180 0 -180
0 -0 0 0 0 -0 0 -180 0.133605 -167.808 0 -180 0 -0 0 0 0 -0
0 -0 0 -180 0 -0 0 0 0.821138 -117.475 0 0 0 -0 0 -180 0 -0
inside=1 lambda=0.647 phi=0 theta=45
0 -0 0 -180 0 -0 0 0 0.133605 -167.808 0 0 0 -0 0 -180 0 -0
0 -0 0 0 0 -0 0 -180 0.821138 -117.475 0 -180 0 -0 0 0 0 -0
0 0 0 -0 0 -180 0 180 1.18235e-13 -1.85187 0 -0 0 -180 0 180 0 0
0 -180 0 180 0 0 0 -0 3.33494e-13 139.974 0 -0 0 0 0 -180 0 -180
0 0 0 180 0 -180 0 0 1.32459e-13 161.195 0 180 0 -180 0 -0 0 0
0 -180 0 180 0 0 0 -0 2.45845e-13 161.824 0 -0 0 0 0 180 0 -180
0 -0 0 0 0 -0 0 -180 0.133605 -167.808 0 -180 0 -0 0 0 0 -0
0 -0 0 -180 0 -0 0 0 0.821138 -117.475 0 0 0 -0 0 -180 0 -0
inside=1 lambda=0.647 phi=5 theta=0
0 -0 0 -180 0 0 0 0 0.135203 -167.53 0 0 0 -0 0 -180 0 0
0 -0 0 0 0 -180 0 -180 0.821788 -119.431 0 -180 0 -0 0 0 0 -180
0 -0 0 -0 0 -180 0 -0 8.81523e-14 -132.704 0 -0 0 180 0 180 0 0
0 -180 0 -0 0 0 0 0 3.85125e-14 163.785 0 -180 0 0 0 180 0 -180
0 0 0 -180 0 -180 0 180 2.45689e-14 -153.596 0 -0 0 -180 0 0 0 0
0 -180 0 0 0 0 0 0 1.40283e-13 144.536 0 -180 0 0 0 -180 0 -180
0 -0 0 0 0 -0 0 -180 0.136803 -167.573 0 -180 0 -0 0 0 0 -0
0 -0 0 -180 0 -0 0 0 0.819948 -119.46 0 0 0 -0 0 -180 0 -0
inside=1 lambda=0.647 phi=5 theta=15
0 -0 0 -180 0 0 0 0 0.135311 -167.533 0 0 0 -0 0 -180 0 0
0 -0 0 0 0 -180 0 -180 0.821665 -119.433 0 -180 0 -0 0 0 0 -180
0 -0 0 -0 0 -180 0 -180 0.000430574 8.50796 0 0 0 180 0 180 0 0
0 -180 0 -0 0 0 0 0 0.000614149 -78.4144 0 -180 0 0 0 180 0 -180
0 0 0 -180 0 -180 0 -0 0.000430377 8.51014 0 180 0 -180 0 0 0 0
0 -180 0 0 0 0 0 -0 0.000613092 -78.5146 0 180 0 0 0 -180 0 -180
0 -0 0 0 0 -0 0 -180 0.136696 -167.57 0 -180 0 -0 0 0 0 -0
0 -0 0 -180 0 -0 0 0 0.820072 -119.458 0 0 0 -0 0 -180 0 -180
inside=1 lambda=0.647 phi=5 theta=30
0 -0 0 -180 0 0 0 0 0.135603 -167.541 0 0 0 -0 0 -180 0 0
0 -0 0 0 0 -180 0 -180 0.821328 -119.438 0 -180 0 -0 0 0 0 -180
0 -0 0 -0 0 -180 0 -180 0.000745703 8.50842 0 0 0 180 0 180 0 0
0 -180 0 -0 0 0 0 0 0.00106335 -78.4357 0 -180 0 0 0 180 0 -180
0 0 0 -180 0 -180 0 -0 0.000745506 8.50968 0 180 0 -180 0 0 0 0
0 -180 0 0 0 0 0 -0 0.00106229 -78.4935 0 180 0 0 0 -180 0 -180
0 -0 0 0 0 -0 0 -180 0.136403 -167.562 0 -180 0 -0 0 0 0 0
0 -0 0 -180 0 -0 0 0 0.820408 -119.453 0 0 0 -180 0 -180 0 -180
inside=1 lambda=0.647 phi=5 theta=45
0 -0 0 -180 0 0 0 0 0.136003 -167.552 0 0 0 -0 0 -180 0 0
0 -0 0 0 0 -180 0 -180 0.820868 -119.446 0 -180 0 -0 0 0 0 -180
0 -0 0 -0 0 -180 0 -180 0.00086095 8.50905 0 0 0 -180 0 180 0 0
0 -180 0 -0 0 0 0 0 0.00122724 -78.4647 0 -180 0 0 0 180 0 -180
0 -0 0 -180 0 -180 0 -0 0.00086095 8.50905 0 180 0 -180 0 0 0 0
0 -180 0 0 0 0 0 -0 0.00122724 -78.4647 0 180 0 0 0 -180 0 -180
0 -0 0 0 0 -0 0 -180 0.136003 -167.552 0 -180 0 0 0 0 0 0
0 -0 0 -180 0 -0 0 0 0.820868 -119.446 0 0 0 -180 0 -180 0 -180
inside=1 lambda=0.647 phi=10 theta=0
0 -0 0 -180 0 0 0 0 0.140013 -167.165 0 0 0 -0 0 -180 0 0
0 -0 0 0 0 -180 0 -180 0.823756 -125.253 0 -180 0 -0 0 0 0 -180
0 -0 0 -0 0 -180 0 -180 7.33196e-14 147.111 0 -0 0 180 0 180 0 0
0 -180 0 -0 0 0 0 -0 4.04189e-13 149.115 0 -0 0 0 0 180 0 -180
0 0 0 -180 0 -180 0 180 3.68584e-14 169.72 0 180 0 -180 0 0 0 0
0 -180 0 0 0 0 0 0 3.63376e-13 145.629 0 -0 0 0 0 -180 0 -180
0 -0 0 0 0 -0 0 -180 0.146625 -167.315 0 -180 0 -0 0 0 0 -0
0 -0 0 -180 0 -180 0 0 0.816278 -125.368 0 0 0 -0 0 -180 0 -180
inside=1 lambda=0.647 phi=10 theta=15
0 -0 0 -180 0 0 0 0 0.140457 -167.176 0 0 0 -0 0 -180 0 0
0 -0 0 0 0 -180 0 -180 0.823253 -125.26 0 -180 0 -0 0 0 0 -180
0 -0 0 -0 0 -180 0 -180 0.00179486 7.89274 0 0 0 180 0 180 0 0
0 -180 0 -0 0 0 0 0 0.00249199 -84.5091 0 -180 0 0 0 180 0 -180
0 -0 0 -180 0 -180 0 -0 0.0017912 7.93194 0 180 0 -180 0 0 0 0
0 -180 0 0 0 0 0 -0 0.00247502 -84.907 0 180 0 0 0 -180 0 -180
0 -0 0 0 0 -0 0 -180 0.146184 -167.305 0 -180 0 -0 0 0 0 0
0 -0 0 -180 0 -0 0 0 0.816777 -125.361 0 0 0 -180 0 -180 0 -180
inside=1 lambda=0.647 phi=10 theta=30
0 -0 0 -180 0 0 0 0 0.141671 -167.204 0 0 0 -0 0 -180 0 0
0 -0 0 0 0 -180 0 -180 0.82188 -125.282 0 -180 0 -0 0 0 0 -180
0 -0 0 -0 0 -180 0 -180 0.00310742 7.90101 0 0 0 180 0 180 0 0
0 -180 0 -0 0 0 0 0 0.00430989 -84.5951 0 -180 0 0 0 180 0 -180
0 -0 0 -180 0 180 0 -0 0.00310377 7.92364 0 180 0 -180 0 0 0 0
0 -180 0 0 0 0 0 -0 0.00429293 -84.8248 0 180 0 0 0 -180 0 -180
0 -0 0 0 0 -0 0 -180 0.144977 -167.279 0 -180 0 0 0 0 0 0
0 -0 0 -180 0 -0 0 0 0.818141 -125.34 0 0 0 -180 0 -180 0 -180
inside=1 lambda=0.647 phi=10 theta=45
0 -0 0 -180 0 0 0 0 0.143326 -167.242 0 0 0 -0 0 -180 0 0
0 -0 0 0 0 -180 0 -180 0.820009 -125.311 0 -180 0 -0 0 0 0 -180
0 -0 0 -0 0 -180 0 -180 0.00358601 7.91232 0 0 0 180 0 180 0 0
0 -180 0 -0 0 0 0 0 0.00496675 -84.7109 0 -180 0 0 0 180 0 -180
0 -0 0 -180 0 180 0 -0 0.00358601 7.91232 0 180 0 -180 0 0 0 0
0 -180 0 0 0 0 0 -0 0.00496675 -84.7109 0 180 0 0 0 -180 0 -180
0 -0 0 0 0 -0 0 -180 0.143326 -167.242 0 -180 0 0 0 0 0 0
0 -0 0 -180 0 -0 0 0 0.820009 -125.311 0 0 0 -180 0 -180 0 -180
inside=1 lambda=0.647 phi=15 theta=0
0 -0 0 -180 0 0 0 0 0.147329 -167.898 0 0 0 -0 0 -180 0 0
0 -0 0 0 0 -180 0 -180 0.827193 -134.805 0 180 0 -0 0 0 0 -180
0 -0 0 -0 0 -180 0 180 6.68992e-15 158.468 0 -0 0 180 0 180 0 0
0 -180 0 -0 0 0 0 0 2.26406e-14 138.046 0 0 0 0 0 180 0 -180
0 0 0 -180 0 -180 0 -0 1.18913e-14 150.595 0 0 0 -180 0 0 0 0
0 -180 0 0 0 0 0 180 1.05745e-13 140.401 0 -0 0 0 0 -180 0 -180
0 -0 0 0 0 -0 0 -180 0.163071 -168.105 0 -180 0 -0 0 0 0 -0
0 -0 0 -180 0 -180 0 -0 0.809897 -135.059 0 0 0 -0 0 -180 0 -180
inside=1 lambda=0.647 phi=15 theta=15
0 -0 0 -180 0 0 0 0 0.148392 -167.915 0 0 0 -0 0 -180 0 0
0 -0 0 0 0 -180 0 -180 0.826025 -134.822 0 180 0 -0 0 0 0 -180
0 -0 0 -0 0 -180 0 -180 0.00428707 6.23709 0 0 0 180 0 180 0 0
0 -180 0 -0 0 0 0 0 0.00572996 -94.639 0 180 0 0 0 180 0 -180
0 -0 0 -180 0 -180 0 -0 0.00426629 6.43691 0 180 0 -180 0 0 0 0
0 -180 0 0 0 0 0 -0 0.00564423 -95.5292 0 180 0 0 0 -180 0 -180
0 -0 0 0 0 -0 0 -180 0.162026 -168.095 0 -180 0 -0 0 0 0 0
0 -0 0 -180 0 -180 0 -0 0.811046 -135.042 0 0 0 -180 0 -180 0 -180
inside=1 lambda=0.647 phi=15 theta=30
0 -0 0 -180 0 0 0 0 0.15129 -167.961 0 0 0 -0 0 -180 0 0
0 -0 0 0 0 -180 0 -180 0.822839 -134.869 0 180 0 -0 0 0 0 -180
0 -0 0 -0 0 -180 0 -180 0.00741736 6.27991 0 0 0 180 0 180 0 0
0 -180 0 -0 0 0 0 0 0.00989143 -94.8371 0 180 0 0 0 180 0 -180
0 -0 0 -180 0 180 0 -0 0.00739662 6.39518 0 180 0 -180 0 0 0 0
0 -180 0 0 0 0 0 -0 0.00980577 -95.3509 0 180 0 0 0 180 0 -180
0 -0 0 0 0 -0 0 -180 0.159163 -168.064 0 -180 0 0 0 0 0 0
0 -0 0 -180 0 -0 0 -0 0.81419 -134.996 0 0 0 -180 0 180 0 -180
inside=1 lambda=0.647 phi=15 theta=45
0 -0 0 -180 0 0 0 0 0.155235 -168.016 0 0 0 -0 0 -180 0 0
0 -0 0 0 0 -180 0 -180 0.818504 -134.933 0 180 0 -0 0 0 0 -180
0 -0 0 -0 0 -180 0 -180 0.00855261 6.33782 0 0 0 180 0 180 0 0
0 -180 0 -0 0 0 0 0 0.0113712 -95.0989 0 180 0 0 0 180 0 -180
0 -0 0 -180 0 180 0 -0 0.00855261 6.33782 0 180 0 -180 0 0 0 0
0 -180 0 0 0 0 0 -0 0.0113712 -95.0989 0 180 0 0 0 180 0 -180
0 -0 0 0 0 -0 0 -180 0.155235 -168.016 0 -180 0 0 0 0 0 0
0 -0 0 -180 0 -0 0 0 0.818504 -134.933 0 0 0 -180 0 180 0 -180
inside=1 lambda=0.647 phi=20 theta=0
0 -0 0 -180 0 0 0 0 0.154277 -171.008 0 0 0 -0 0 -180 0 0
0 -0 0 -0 0 180 0 180 0.832619 -147.871 0 180 0 -0 0 -0 0 180
0 -0 0 -0 0 -180 0 0 3.7988e-15 64.4131 0 -180 0 180 0 180 0 0
0 -180 0 -0 0 -0 0 180 3.53208e-14 120.899 0 -0 0 0 0 180 0 180
0 0 0 -180 0 -180 0 -0 1.19019e-14 141.865 0 -0 0 -180 0 0 0 0
0 -180 0 -0 0 0 0 -180 1.25052e-13 117.624 0 -180 0 0 0 180 0 -180
0 -0 0 0 0 0 0 -180 0.184392 -170.931 0 -180 0 -0 0 0 0 0
0 -180 0 180 0 -180 0 -0 0.800693 -148.291 0 -0 0 -180 0 180 0 -180
inside=1 lambda=0.647 phi=20 theta=15
0 -0 0 -180 0 0 0 0 0.156317 -171.014 0 0 0 -0 0 -180 0 0
0 -0 0 -0 0 180 0 180 0.830448 -147.899 0 180 0 -0 0 -0 0 180
0 -0 0 -0 0 -180 0 -180 0.00811043 3.09323 0 0 0 180 0 180 0 0
0 -180 0 -0 0 -0 0 -0 0.0104473 -108.653 0 180 0 0 0 180 0 180
0 -0 0 -180 0 180 0 -0 0.00804696 3.69988 0 0 0 -180 0 0 0 0
0 -180 0 -0 0 0 0 -0 0.0101805 -110.245 0 180 0 0 0 180 0 -180
0 -0 0 0 0 -0 0 -180 0.182403 -170.947 0 -180 0 -0 0 0 0 0
0 -0 0 180 0 -180 0 -0 0.802799 -148.264 0 -0 0 -180 0 180 0 -180
inside=1 lambda=0.647 phi=20 theta=30
0 -0 0 -180 0 0 0 0 0.161878 -171.021 0 0 0 -0 0 -180 0 0
0 -0 0 -0 0 180 0 180 0.824542 -147.977 0 180 0 -0 0 -0 0 180
0 -0 0 -0 0 -180 0 -180 0.0140211 3.22705 0 0 0 180 0 180 0 0
0 -180 0 -0 0 -0 0 -0 0.0179872 -109.022 0 180 0 0 0 180 0 180
0 -0 0 -180 0 180 0 -0 0.0139582 3.57612 0 0 0 -180 0 0 0 0
0 -180 0 -0 0 0 0 -0 0.0177212 -109.94 0 180 0 0 0 180 0 -180
0 -0 0 0 0 -0 0 -180 0.176945 -170.982 0 -180 0 0 0 0 0 0
0 -0 0 180 0 -0 0 -0 0.808578 -148.188 0 -0 0 -180 0 180 0 -180
inside=1 lambda=0.647 phi=20 theta=45
0 -0 0 -180 0 0 0 0 0.169437 -171.012 0 0 0 -0 0 -180 0 0
0 -0 0 -0 0 -180 0 180 0.816528 -148.083 0 180 0 -0 0 -0 0 180
0 -0 0 -0 0 -180 0 -180 0.0161521 3.40412 0 0 0 180 0 0 0 0
0 -180 0 -0 0 0 0 -0 0.0206105 -109.497 0 180 0 0 0 180 0 180
0 -0 0 -180 0 180 0 -0 0.0161521 3.40412 0 0 0 -180 0 0 0 0
0 -180 0 -0 0 0 0 -0 0.0206105 -109.497 0 180 0 0 0 180 0 180
0 -0 0 0 0 -0 0 -180 0.169437 -171.012 0 -180 0 0 0 0 0 0
0 -0 0 180 0 -0 0 -0 0.816528 -148.083 0 -0 0 -180 0 180 0 180
inside=1 lambda=0.647 phi=25 theta=0
0 -0 0 -180 0 0 0 0 0.15535 -177.195 0 0 0 -0 0 -180 0 0
0 -0 0 -0 0 180 0 180 0.84108 -164.176 0 180 0 -0 0 -0 0 180
0 -0 0 -0 0 -180 0 -0 3.22517e-14 147.21 0 -0 0 180 0 180 0 0
0 -180 0 -0 0 -0 0 -0 3.80698e-14 -70.6052 0 -180 0 0 0 180 0 180
0 -0 0 -180 0 -180 0 180 3.60326e-14 -135.754 0 180 0 180 0 0 0 0
0 -180 0 -0 0 0 0 -180 5.6218e-14 -56.4092 0 180 0 0 0 180 0 -180
0 -0 0 0 0 0 0 -180 0.206034 -176.018 0 -180 0 -0 0 0 0 0
0 -180 0 180 0 -180 0 -0 0.78903 -164.73 0 -0 0 -180 0 180 0 -180
inside=1 lambda=0.647 phi=25 theta=15
0 -0 0 -180 0 0 0 0 0.158779 -177.13 0 0 0 -0 0 -180 0 0
0 -0 0 -0 0 180 0 180 0.837523 -164.214 0 180 0 -0 0 -0 0 180
0 -0 0 -0 0 -180 0 -180 0.0132324 -1.43184 0 0 0 180 0 180 0 0
0 -180 0 -0 0 -0 0 -0 0.0167192 -126.133 0 180 0 0 0 180 0 180
0 -0 0 -180 0 180 0 -0 0.0131297 -0.0763661 0 0 0 -180 0 0 0 0
0 -180 0 -0 0 0 0 -0 0.0160887 -128.705 0 180 0 0 0 180 0 180
0 -0 0 0 0 -0 0 -180 0.202689 -176.115 0 -180 0 -0 0 0 0 0
0 -180 0 180 0 -180 0 -0 0.792445 -164.694 0 -0 0 -180 0 180 0 180
inside=1 lambda=0.647 phi=25 theta=30
0 -0 0 -180 0 0 0 0 0.16813 -176.943 0 0 0 -0 0 -180 0 0
0 -0 0 -0 0 180 0 180 0.827857 -164.317 0 180 0 -0 0 -0 0 180
0 -0 0 -0 0 -180 0 -180 0.0228675 -1.11801 0 0 0 180 0 0 0 0
0 -180 0 -0 0 -0 0 -0 0.0286864 -126.761 0 180 0 0 0 180 0 180
0 -0 0 -180 0 180 0 -0 0.0227679 -0.342794 0 0 0 -180 0 0 0 0
0 -180 0 -0 0 0 0 -0 0.0280607 -128.243 0 180 0 -0 0 180 0 180
0 -0 0 0 0 -0 0 -180 0.1935 -176.362 0 -180 0 0 0 0 0 0
0 -0 0 180 0 -180 0 -0 0.80183 -164.595 0 -0 0 -180 0 180 0 180
inside=1 lambda=0.647 phi=25 theta=45
0 -0 0 -180 0 0 0 0 0.180854 -176.667 0 0 0 -0 0 -180 0 0
0 -0 0 -0 0 180 0 180 0.814774 -164.457 0 180 0 -180 0 -0 0 180
0 -0 0 -0 0 -180 0 -180 0.0263406 -0.718595 0 0 0 180 0 0 0 0
0 -180 0 -0 0 -0 0 -0 0.0327408 -127.542 0 180 0 0 0 180 0 180
0 -0 0 -180 0 180 0 -0 0.0263406 -0.718595 0 0 0 -180 0 0 0 0
0 -180 0 -0 0 0 0 -0 0.0327408 -127.542 0 180 0 -0 0 180 0 180
0 -0 0 0 0 -0 0 -180 0.180854 -176.667 0 -180 0 0 0 0 0 0
0 -0 0 180 0 -180 0 -0 0.814774 -164.457 0 -0 0 180 0 180 0 180
inside=1 lambda=0.647 phi=30 theta=0
0 -0 0 -180 0 0 0 0 0.143987 173.645 0 0 0 -0 0 -180 0 0
0 -180 0 -0 0 180 0 180 0.853888 176.579 0 180 0 -180 0 -0 0 180
0 -0 0 -0 0 -180 0 180 4.31352e-14 -92.9116 0 -0 0 180 0 180 0 0
0 -180 0 -180 0 -0 0 0 4.82022e-13 -94.4343 0 0 0 0 0 0 0 180
0 -0 0 -180 0 -180 0 180 1.07553e-14 -174.72 0 -0 0 180 0 0 0 0
0 -180 0 -0 0 -0 0 0 3.12274e-13 -91.638 0 -180 0 0 0 180 0 180
0 -0 0 0 0 0 0 -180 0.221143 177.43 0 -180 0 -0 0 0 0 0
0 -180 0 180 0 -180 0 -0 0.775919 176.016 0 -0 0 -180 0 180 0 -180
inside=1 lambda=0.647 phi=30 theta=15
0 -0 0 -180 0 0 0 0 0.149142 173.927 0 0 0 -0 0 -180 0 0
0 -180 0 -0 0 180 0 180 0.848548 176.539 0 180 0 -180 0 -0 0 180
0 -0 0 -0 0 -180 0 -180 0.0191175 -6.38848 0 0 0 180 0 0 0 0
0 -180 0 -180 0 -0 0 -0 0.0245558 -146.29 0 180 0 0 0 180 0 180
0 -0 0 -180 0 180 0 -0 0.0191474 -3.99344 0 0 0 -180 0 0 0 0
0 -180 0 -0 0 0 0 -180 0.0232948 -150.272 0 180 0 -0 0 180 0 180
0 -0 0 0 0 -0 0 -180 0.215989 177.171 0 -180 0 0 0 0 0 0
0 -180 0 180 0 -180 0 -0 0.781028 176.048 0 -0 0 -180 0 180 0 180
inside=1 lambda=0.647 phi=30 theta=30
0 -0 0 -180 0 0 0 0 0.163245 174.657 0 0 0 -0 0 -180 0 0
0 -180 0 -0 0 180 0 180 0.834052 176.43 0 180 0 -180 0 -0 0 180
0 -0 0 -0 0 -180 0 -180 0.0330869 -5.78943 0 0 0 180 0 0 0 0
0 -180 0 -180 0 -0 0 -0 0.0419403 -147.319 0 180 0 0 0 180 0 180
0 -0 0 -180 0 180 0 -0 0.0331264 -4.43821 0 0 0 -180 0 0 0 0
0 -180 0 -0 0 0 0 -180 0.0406994 -149.608 0 180 0 -0 0 180 0 180
0 -0 0 0 0 -0 0 -180 0.201868 176.492 0 -180 0 0 0 0 0 0
0 -180 0 180 0 -180 0 -0 0.795074 176.142 0 -0 0 180 0 180 0 180
inside=1 lambda=0.647 phi=30 theta=45
0 -0 0 -180 0 0 0 0 0.182549 175.588 0 0 0 -0 0 -180 0 0
0 -180 0 -0 0 180 0 180 0.814453 176.283 0 180 0 -180 0 -0 0 180
0 -0 0 -0 0 -180 0 -180 0.0382115 -5.07622 0 0 0 180 0 0 0 0
0 -180 0 -180 0 -0 0 -0 0.047645 -148.552 0 180 0 0 0 180 0 180
0 -0 0 -180 0 180 0 -0 0.0382115 -5.07622 0 0 0 -180 0 0 0 0
0 -180 0 -0 0 0 0 -180 0.047645 -148.552 0 180 0 -0 0 180 0 180
0 -0 0 0 0 -0 0 -180 0.182549 175.588 0 -180 0 0 0 0 0 0
0 -180 0 180 0 -180 0 -0 0.814453 176.283 0 -0 0 180 0 180 0 180
inside=1 lambda=0.647 phi=35 theta=0
0 -0 0 -180 0 0 0 0 0.11585 162.367 0 0 0 -0 0 -180 0 0
0 -180 0 -0 0 0 0 180 0.871802 154.727 0 180 0 -180 0 -0 0 0
0 -0 0 -0 0 -180 0 180 1.77615e-14 89.8138 0 -0 0 180 0 180 0 0
0 -180 0 -180 0 -0 0 0 1.96492e-14 34.5432 0 -180 0 0 0 0 0 180
0 -0 0 -180 0 -180 0 -0 5.66e-14 160.507 0 -0 0 180 0 0 0 0
0 180 0 -0 0 -0 0 0 8.90032e-14 -112.963 0 -180 0 -0 0 180 0 180
0 -0 0 0 0 0 0 -180 0.223342 171.32 0 -180 0 -0 0 0 0 0
0 -180 0 180 0 180 0 -0 0.762416 154.339 0 -0 0 -180 0 180 0 180
inside=1 lambda=0.647 phi=35 theta=15
0 -0 0 -180 0 0 0 0 0.122794 163.255 0 0 0 -0 0 -180 0 0
0 -180 0 -0 0 0 0 180 0.864315 154.69 0 180 0 -180 0 -0 0 0
0 -0 0 -0 0 -180 0 -180 0.0247778 -9.67453 0 0 0 180 0 0 0 0
0 -180 0 -180 0 -0 0 -0 0.0341073 -168.027 0 180 0 0 0 0 0 180
0 -0 0 -180 0 180 0 -0 0.025504 -6.4673 0 0 0 -180 0 0 0 0
0 -180 0 -0 0 -0 0 -180 0.0317613 -174.063 0 0 0 -0 0 180 0 180
0 -0 0 0 0 -0 0 -180 0.215862 170.817 0 -180 0 0 0 0 0 0
0 -180 0 180 0 -180 0 -0 0.769621 154.342 0 -0 0 -180 0 180 0 180
inside=1 lambda=0.647 phi=35 theta=30
0 -0 0 -180 0 0 0 0 0.141946 165.319 0 0 0 -0 0 -180 0 0
0 -180 0 -0 0 180 0 180 0.844014 154.593 0 180 0 -180 0 -0 0 0
0 -0 0 -0 0 -180 0 -180 0.0431451 -8.76083 0 0 0 180 0 0 0 0
0 -180 0 -180 0 -0 0 -0 0.0578604 -169.685 0 180 0 0 0 0 0 180
0 -0 0 -180 0 180 0 -0 0.0438736 -7.00732 0 0 0 -180 0 0 0 0
0 -180 0 -0 0 0 0 -180 0.0555837 -173.136 0 0 0 -0 0 180 0 180
0 -0 0 0 0 -0 0 -180 0.195661 169.484 0 -180 0 0 0 0 0 0
0 -180 0 180 0 -180 0 -0 0.789381 154.379 0 -0 0 180 0 180 0 180
inside=1 lambda=0.647 phi=35 theta=45
0 -0 0 -180 0 0 0 0 0.168547 167.574 0 0 0 -0 0 -180 0 0
0 -180 0 -0 0 180 0 180 0.816567 154.473 0 180 0 -180 0 -0 0 180
0 -0 0 -0 0 -180 0 -180 0.050225 -7.79757 0 0 0 180 0 0 0 0
0 -180 0 -180 0 -0 0 -0 0.0653226 -171.584 0 180 0 0 0 0 0 180
0 -0 0 -180 0 180 0 -0 0.050225 -7.79757 0 0 0 -180 0 0 0 0
0 -180 0 -0 0 0 0 -180 0.0653226 -171.584 0 0 0 -0 0 180 0 180
0 -0 0 0 0 -0 0 -180 0.168547 167.574 0 -180 0 0 0 0 0 0
0 -180 0 180 0 -180 0 -0 0.816567 154.473 0 -0 0 180 0 180 0 180
inside=1 lambda=0.647 phi=40 theta=0
0 -0 0 180 0 0 0 0 0.0727177 151.11 0 0 0 -0 0 180 0 0
0 -180 0 -0 0 0 0 180 0.894404 130.718 0 0 0 -180 0 -0 0 0
0 -0 0 -0 0 -180 0 -0 1.01863e-14 138.306 0 -180 0 180 0 180 0 0
0 -180 0 -180 0 -180 0 -180 1.22998e-14 68.7337 0 -0 0 0 0 0 0 0
0 -0 0 -180 0 -180 0 -0 2.647e-14 -13.102 0 0 0 180 0 0 0 0
0 180 0 -0 0 -0 0 180 6.20703e-14 42.3913 0 -0 0 -0 0 180 0 180
0 -0 0 0 0 0 0 -180 0.212943 168.957 0 -180 0 -0 0 0 0 0
0 -180 0 180 0 180 0 -180 0.747985 130.653 0 -0 0 -180 0 180 0 180
inside=1 lambda=0.647 phi=40 theta=15
0 -0 0 -180 0 0 0 0 0.0812449 153.824 0 0 0 -0 0 180 0 0
0 -180 0 -0 0 0 0 180 0.884355 130.669 0 0 0 -180 0 -0 0 0
0 -0 0 -0 0 -180 0 -180 0.0299545 -7.68944 0 0 0 180 0 0 0 0
0 -180 0 -180 0 -180 0 -180 0.0462641 169.608 0 0 0 0 0 0 0 0
0 -0 0 -180 0 180 0 -0 0.0322004 -5.51027 0 0 0 -180 0 0 0 0
0 180 0 -0 0 -0 0 -180 0.0418131 160.779 0 0 0 -0 0 0 0 180
0 -0 0 0 0 -0 0 -180 0.202241 168.274 0 -180 0 0 0 0 0 0
0 -180 0 180 0 -180 0 -180 0.757741 130.569 0 -0 0 180 0 0 0 0
inside=1 lambda=0.647 phi=40 theta=30
0 -0 0 -180 0 0 0 0 0.105103 159.075 0 0 0 -0 0 180 0 0
0 -180 0 -0 0 0 0 180 0.857196 130.568 0 0 0 -180 0 -0 0 0
0 -0 0 -0 0 -180 0 -180 0.0528383 -6.84029 0 0 0 180 0 0 0 0
0 -180 0 -180 0 -180 0 -0 0.077581 167.001 0 0 0 0 0 0 0 0
0 -0 0 -180 0 180 0 -0 0.0549527 -5.75574 0 0 0 -180 0 0 0 0
0 180 0 -0 0 -0 0 -180 0.0733635 162.016 0 0 0 -0 0 0 0 0
0 -0 0 0 0 -0 0 -180 0.174694 166.465 0 -180 0 0 0 0 0 0
0 -180 0 180 0 -180 0 -180 0.78426 130.47 0 -0 0 180 0 0 0 0
inside=1 lambda=0.647 phi=40 theta=45
0 -0 0 -180 0 0 0 0 0.139087 163.501 0 0 0 -0 0 -180 0 0
0 -180 0 -180 0 0 0 180 0.820565 130.479 0 0 0 -180 0 -0 0 0
0 -0 0 -0 0 -180 0 -180 0.0622771 -6.17459 0 0 0 180 0 0 0 0
0 180 0 -180 0 -0 0 -0 0.0867365 164.203 0 0 0 -0 0 0 0 0
0 -0 0 -180 0 180 0 -0 0.0622771 -6.17459 0 0 0 -180 0 0 0 0
0 180 0 -0 0 -0 0 -180 0.0867365 164.203 0 0 0 -0 0 0 0 0
0 -0 0 0 0 -0 0 -180 0.139087 163.501 0 -180 0 0 0 0 0 0
0 -180 0 180 0 -180 0 -180 0.820565 130.479 0 -0 0 0 0 0 0 0
inside=1 lambda=0.647 phi=45 theta=0
0 -0 0 180 0 0 0 0 0.0227883 150.531 0 0 0 -0 0 180 0 0
0 -180 0 -0 0 0 0.0191876 19.4546 0.919294 105.325 0 0 0 -180 0 -0 0 0
0 -0 0 -0 0 -180 0 180 2.28729e-14 19.7721 0 -0 0 180 0 180 0 0
0 -180 0 -180 0 -180 1.04888e-13 -130.265 9.92821e-14 -164.192 0 -0 0 0 0 0 0 0
0 -0 0 -180 0 -180 0 -0 3.47875e-14 -2.48122 0 180 0 180 0 0 0 0
0 -180 0 -180 0 -180 3.63981e-14 34.3313 4.19528e-14 -173.984 0 180 0 0 0 0 0 0
0 -0 0 0 0 0 0 -180 0.210832 174.584 0 -180 0 -0 0 0 0 0
0 -180 0 0 0 0 0.218596 -126.386 0.72471 105.801 0 -180 0 -180 0 0 0 0
inside=1 lambda=0.647 phi=45 theta=15
0 -0 0 180 0 0 0 0 0.0363294 158.712 0 0 0 -0 0 180 0 0
0 -180 0 -0 0 0 0 180 0.907588 105.132 0 0 0 -180 0 -0 0 0
0 -0 0 -0 0 -180 0 -180 0.0383864 1.21246 0 0 0 180 0 0 0 0
0 180 0 -180 0 -180 0 -180 0.0633347 146.698 0 0 0 -0 0 0 0 0
0 -0 0 -180 0 180 0 -0 0.0414319 -0.873536 0 0 0 -180 0 0 0 0
0 180 0 -180 0 -0 0 -180 0.0544315 134.658 0 0 0 -0 0 0 0 0
0 -0 0 0 0 -0 0 -180 0.191587 173.545 0 -180 0 -0 0 0 0 0
0 -180 0 0 0 180 0 -180 0.741922 105.308 0 -180 0 180 0 0 0 0
inside=1 lambda=0.647 phi=45 theta=30
0 -0 0 -180 0 0 0 0 0.0671797 167.444 0 0 0 -0 0 180 0 0
0 -180 0 -180 0 0 0 180 0.871644 104.945 0 0 0 -180 0 -0 0 0
0 -0 0 -0 0 -180 0 -180 0.0682585 0.890056 0 0 0 180 0 0 0 0
0 180 0 -180 0 -180 0 -180 0.103986 142.7 0 0 0 -0 0 0 0 0
0 -0 0 -180 0 180 0 -0 0.0707285 -0.139692 0 0 0 -180 0 0 0 0
0 180 0 -180 0 -0 0 -180 0.0960002 136.08 0 0 0 -180 0 0 0 0
0 -0 0 0 0 -0 0 -180 0.155485 173.218 0 -180 0 0 0 0 0 0
0 -180 0 0 0 -180 0 -180 0.77643 104.911 0 -180 0 0 0 0 0 0
inside=1 lambda=0.647 phi=45 theta=45
0 -0 0 -180 0 0 0 0 0.110484 171.62 0 0 0 -0 0 180 0 0
0 -180 0 -180 0 0 0 180 0.823639 104.835 0 0 0 -180 0 -0 0 0
0 -0 0 -0 0 -180 0 -180 0.0804005 0.429987 0 0 0 180 0 0 0 0
0 180 0 -180 0 -180 0 -180 0.114568 138.887 0 0 0 -0 0 0 0 0
0 -0 0 -180 0 180 0 -0 0.0804005 0.429987 0 0 0 -180 0 0 0 0
0 180 0 -180 0 -0 0 -180 0.114568 138.887 0 0 0 -180 0 0 0 0
0 -0 0 0 0 -0 0 -180 0.110484 171.62 0 180 0 0 0 0 0 0
0 -180 0 180 0 -180 0 -180 0.823639 104.835 0 -0 0 0 0 0 0 0
