RSoft_BSDF_File_Version 2
1 0 5 2 1 0.182857
0.3 0.3
-1 1
-1 1
1 0.647 0.647
10 0 45 0.5
4 0 45
Begin_Dispersion_Data
0.647 1.45662 0 1 0 0
End_Dispersion_Data
inside=0 lambda=0.647 phi=0 theta=0
0 0 0 -180 0 0 0 0 0.183948 -63.5878 0 0 0 0 0 -180 0 0
0 180 0 -0 0 180 0 180 1.18631 147.935 0 180 0 180 0 -0 0 180
0 0 0 0 0 -180 0 -180 3.58186e-13 -56.845 0 -0 0 -180 0 0 0 0
0 180 0 0 0 -0 0 -180 2.24636e-13 -177.473 0 -0 0 -0 0 180 0 180
0 0 0 -180 0 -180 0 -0 4.01491e-13 53.7828 0 -180 0 -180 0 180 0 0
0 180 0 -180 0 -0 0 -0 6.42932e-13 -95.1284 0 -180 0 -0 0 180 0 180
0 0 0 0 0 0 0 -180 0.183948 -63.5878 0 -180 0 0 0 0 0 0
0 180 0 180 0 180 0 -0 1.18631 147.935 0 -0 0 180 0 180 0 180
inside=0 lambda=0.647 phi=0 theta=15
0 0 0 -180 0 0 0 0 0.183948 -63.5878 0 0 0 0 0 -180 0 0
0 180 0 -0 0 180 0 180 1.18631 147.935 0 180 0 180 0 -0 0 180
0 0 0 0 0 -180 0 -180 3.58186e-13 -56.845 0 -0 0 -180 0 0 0 0
0 180 0 0 0 -0 0 -180 2.24636e-13 -177.473 0 -0 0 -0 0 180 0 180
0 0 0 -180 0 -180 0 -0 4.01491e-13 53.7828 0 -180 0 -180 0 180 0 0
0 180 0 -180 0 -0 0 -0 6.42932e-13 -95.1284 0 -180 0 -0 0 180 0 180
0 0 0 0 0 0 0 -180 0.183948 -63.5878 0 -180 0 0 0 0 0 0
0 180 0 180 0 180 0 -0 1.18631 147.935 0 -0 0 180 0 180 0 180
inside=0 lambda=0.647 phi=0 theta=30
0 0 0 -180 0 0 0 0 0.183948 -63.5878 0 0 0 0 0 -180 0 0
0 180 0 -0 0 180 0 180 1.18631 147.935 0 180 0 180 0 -0 0 180
0 0 0 0 0 -180 0 -180 3.58186e-13 -56.845 0 -0 0 -180 0 0 0 0
0 180 0 0 0 -0 0 -180 2.24636e-13 -177.473 0 -0 0 -0 0 180 0 180
0 0 0 -180 0 -180 0 -0 4.01491e-13 53.7828 0 -180 0 -180 0 180 0 0
0 180 0 -180 0 -0 0 -0 6.42932e-13 -95.1284 0 -180 0 -0 0 180 0 180
0 0 0 0 0 0 0 -180 0.183948 -63.5878 0 -180 0 0 0 0 0 0
0 180 0 180 0 180 0 -0 1.18631 147.935 0 -0 0 180 0 180 0 180
inside=0 lambda=0.647 phi=0 theta=45
0 0 0 -180 0 0 0 0 0.183948 -63.5878 0 0 0 0 0 -180 0 0
0 180 0 -0 0 180 0 180 1.18631 147.935 0 180 0 180 0 -0 0 180
0 0 0 0 0 -180 0 -180 3.58186e-13 -56.845 0 -0 0 -180 0 0 0 0
0 180 0 0 0 -0 0 -180 2.24636e-13 -177.473 0 -0 0 -0 0 180 0 180
0 0 0 -180 0 -180 0 -0 4.01491e-13 53.7828 0 -180 0 -180 0 180 0 0
0 180 0 -180 0 -0 0 -0 6.42932e-13 -95.1284 0 -180 0 -0 0 180 0 180
0 0 0 0 0 0 0 -180 0.183948 -63.5878 0 -180 0 0 0 0 0 0
0 180 0 180 0 180 0 -0 1.18631 147.935 0 -0 0 180 0 180 0 180
inside=0 lambda=0.647 phi=5 theta=0
0 0 0 -180 0 0 0 0 0.181802 -64.6829 0 0 0 0 0 -180 0 0
0 180 0 -0 0 180 0 180 1.18424 147.374 0 180 0 180 0 -0 0 180
0 0 0 -0 0 -180 0 0 3.64207e-13 -105.454 0 0 0 -180 0 180 0 0
0 180 0 -180 0 -0 0 0 3.57987e-13 128.816 0 0 0 -0 0 0 0 180
0 0 0 -180 0 -180 0 -180 5.23703e-13 122.622 0 180 0 -180 0 0 0 0
0 180 0 -0 0 -0 0 180 6.4996e-13 -7.76602 0 -0 0 -0 0 180 0 180
0 0 0 0 0 0 0 -180 0.186032 -64.7351 0 -180 0 0 0 0 0 0
0 180 0 180 0 180 0 -0 1.18839 147.375 0 -0 0 180 0 180 0 180
inside=0 lambda=0.647 phi=5 theta=15
0 0 0 -180 0 0 0 0 0.182085 -64.6864 0 0 0 0 0 -180 0 0
0 180 0 -0 0 180 0 180 1.18451 147.374 0 180 0 180 0 -0 0 180
0 0 0 -0 0 -180 0 -180 0.00103687 114.08 0 0 0 -180 0 180 0 0
0 180 0 -180 0 -0 0 -0 0.00104552 -34.9713 0 180 0 -0 0 0 0 180
0 0 0 -180 0 -180 0 -0 0.00103701 114.073 0 180 0 -180 0 0 0 0
0 180 0 -0 0 -0 0 -180 0.00104541 -34.9375 0 0 0 -0 0 180 0 180
0 0 0 0 0 0 0 -180 0.185748 -64.7317 0 -180 0 0 0 0 0 0
0 180 0 180 0 180 0 -0 1.18812 147.375 0 -0 0 180 0 180 0 180
inside=0 lambda=0.647 phi=5 theta=30
0 0 0 -180 0 0 0 0 0.182859 -64.6961 0 0 0 0 0 -180 0 0
0 180 0 -0 0 180 0 180 1.18528 147.374 0 180 0 180 0 -0 0 180
0 0 0 -0 0 -180 0 -180 0.00179596 114.079 0 0 0 -180 0 180 0 0
0 180 0 -180 0 -0 0 -0 0.00181086 -34.964 0 180 0 -0 0 0 0 180
0 0 0 -180 0 -180 0 -0 0.0017961 114.075 0 180 0 -180 0 0 0 0
0 180 0 -0 0 -0 0 -180 0.00181074 -34.9445 0 0 0 -0 0 180 0 180
0 0 0 0 0 0 0 -180 0.184974 -64.7222 0 -180 0 0 0 0 0 0
0 180 0 180 0 180 0 -0 1.18735 147.375 0 -0 0 180 0 180 0 180
inside=0 lambda=0.647 phi=5 theta=45
0 0 0 -180 0 0 0 0 0.183916 -64.7092 0 0 0 0 0 -180 0 0
0 180 0 -0 0 180 0 180 1.18632 147.374 0 180 0 180 0 -0 0 180
0 0 0 -0 0 -180 0 -180 0.00207388 114.077 0 0 0 -180 0 180 0 0
0 180 0 -180 0 -0 0 -0 0.00209093 -34.9541 0 180 0 -0 0 0 0 180
0 0 0 -180 0 -180 0 -0 0.00207388 114.077 0 180 0 -180 0 0 0 0
0 180 0 -0 0 -0 0 -180 0.00209093 -34.9541 0 0 0 -0 0 180 0 180
0 0 0 0 0 0 0 -180 0.183916 -64.7092 0 -180 0 0 0 0 0 0
0 180 0 180 0 180 0 -0 1.18632 147.374 0 -0 0 180 0 180 0 180
inside=0 lambda=0.647 phi=10 theta=0
0 -0 0 -180 0 0 0 0 0.175101 -67.9565 0 0 0 -0 0 -180 0 0
0 180 0 -0 0 180 0 180 1.17776 145.694 0 180 0 180 0 -0 0 180
0 0 0 -0 0 -180 0 0 3.58504e-13 -175.309 0 -0 0 -180 0 180 0 0
0 180 0 -180 0 -0 0 0 3.59754e-13 56.0202 0 0 0 -0 0 0 0 180
0 0 0 -180 0 -180 0 180 1.09785e-13 174.109 0 0 0 -180 0 0 0 0
0 180 0 -0 0 -0 0 -180 3.26736e-13 39.7255 0 0 0 -0 0 180 0 180
0 0 0 0 0 0 0 -180 0.192533 -68.169 0 -180 0 0 0 0 0 0
0 180 0 180 0 180 0 -0 1.19488 145.699 0 -0 0 180 0 180 0 180
inside=0 lambda=0.647 phi=10 theta=15
0 -0 0 -180 0 0 0 0 0.176267 -67.9716 0 0 0 -0 0 -180 0 0
0 180 0 -0 0 180 0 180 1.17891 145.694 0 180 0 180 0 -0 0 180
0 0 0 -0 0 -180 0 -180 0.00426773 110.736 0 0 0 -180 0 180 0 0
0 180 0 -180 0 -0 0 -0 0.00430509 -36.6631 0 180 0 -0 0 0 0 180
0 0 0 -180 0 -180 0 -0 0.00427015 110.709 0 180 0 -180 0 0 0 0
0 180 0 -0 0 -0 0 -180 0.00430322 -36.5255 0 0 0 -0 0 180 0 180
0 0 0 0 0 0 0 -180 0.191363 -68.1555 0 -180 0 0 0 0 0 0
0 180 0 180 0 180 0 -0 1.19373 145.699 0 -0 0 180 0 180 0 180
inside=0 lambda=0.647 phi=10 theta=30
0 -0 0 -180 0 0 0 0 0.179454 -68.0121 0 0 0 -0 0 -180 0 0
0 180 0 -0 0 180 0 180 1.18204 145.695 0 180 0 180 0 -0 0 180
0 0 0 -0 0 -180 0 -180 0.0073929 110.729 0 0 0 -180 0 180 0 0
0 180 0 -180 0 -0 0 -0 0.00745594 -36.6305 0 180 0 -0 0 0 0 180
0 0 0 -180 0 -180 0 -0 0.00739532 110.713 0 180 0 -180 0 0 0 0
0 180 0 -0 0 -0 0 -180 0.00745408 -36.5513 0 0 0 -0 0 180 0 180
0 0 0 0 0 -0 0 -180 0.18817 -68.1181 0 -180 0 0 0 0 0 0
0 180 0 180 0 180 0 -0 1.1906 145.697 0 -0 0 180 0 180 0 180
inside=0 lambda=0.647 phi=10 theta=45
0 -0 0 -180 0 0 0 0 0.18381 -68.0659 0 0 0 -0 0 -180 0 0
0 180 0 -0 0 180 0 180 1.18632 145.696 0 180 0 180 0 -0 0 180
0 0 0 -0 0 -180 0 -180 0.00853804 110.721 0 0 0 -180 0 180 0 0
0 180 0 -180 0 -0 0 -0 0.0086083 -36.5892 0 180 0 -0 0 0 0 180
0 0 0 -180 0 -180 0 -0 0.00853804 110.721 0 180 0 -180 0 0 0 0
0 180 0 -0 0 -0 0 -180 0.0086083 -36.5892 0 0 0 -0 0 180 0 180
0 -0 0 0 0 -0 0 -180 0.18381 -68.0659 0 -180 0 0 0 0 0 0
0 180 0 180 0 180 0 -0 1.18632 145.696 0 -0 0 180 0 180 0 180
inside=0 lambda=0.647 phi=15 theta=0
0 -0 0 -180 0 0 0 0 0.162974 -73.3717 0 0 0 -0 0 -180 0 0
0 180 0 -0 0 180 0 180 1.16603 142.909 0 180 0 180 0 -0 0 180
0 -0 0 -0 0 -180 0 -180 5.39347e-14 94.5868 0 180 0 180 0 180 0 0
0 180 0 -180 0 -0 0 -180 6.5082e-14 -18.8861 0 -0 0 -0 0 0 0 180
0 0 0 -180 0 -180 0 -180 6.278e-15 -23.2704 0 -0 0 -180 0 0 0 0
0 180 0 -0 0 -0 0 0 2.18302e-14 -172.429 0 180 0 -0 0 180 0 180
0 0 0 0 0 0 0 -180 0.204282 -73.8652 0 -180 0 0 0 0 0 0
0 180 0 180 0 180 0 -0 1.20651 142.926 0 -0 0 180 0 180 0 180
inside=0 lambda=0.647 phi=15 theta=15
0 -0 0 -180 0 0 0 0 0.165732 -73.4103 0 0 0 -0 0 -180 0 0
0 180 0 -0 0 180 0 180 1.16875 142.909 0 180 0 180 0 -0 0 180
0 0 0 -0 0 -180 0 -180 0.0100902 105.197 0 0 0 180 0 180 0 0
0 180 0 -180 0 -0 0 -0 0.010186 -39.4833 0 180 0 -0 0 0 0 180
0 0 0 -180 0 -180 0 -180 0.0101043 105.138 0 180 0 -180 0 0 0 0
0 180 0 -0 0 -0 0 -180 0.010176 -39.162 0 0 0 -0 0 180 0 180
0 0 0 0 0 -0 0 -180 0.201503 -73.8356 0 -180 0 0 0 0 0 0
0 180 0 180 0 180 0 -0 1.20381 142.923 0 -0 0 180 0 180 0 180
inside=0 lambda=0.647 phi=15 theta=30
0 -0 0 -180 0 0 0 0 0.173273 -73.5103 0 0 0 -0 0 -180 0 0
0 180 0 -0 0 180 0 180 1.17617 142.909 0 180 0 180 0 -0 0 180
0 0 0 -0 0 -180 0 -180 0.0174831 105.177 0 0 0 180 0 180 0 0
0 180 0 -180 0 -0 0 -0 0.017639 -39.3963 0 180 0 -0 0 0 0 180
0 0 0 -180 0 -180 0 -0 0.0174971 105.144 0 180 0 -180 0 0 0 0
0 180 0 -0 0 -0 0 -180 0.0176291 -39.2135 0 0 0 -0 0 180 0 180
0 -0 0 0 0 -0 0 -180 0.19392 -73.7534 0 -180 0 0 0 0 0 0
0 180 0 180 0 180 0 -0 1.19641 142.918 0 -0 0 180 0 180 0 180
inside=0 lambda=0.647 phi=15 theta=45
0 -0 0 -180 0 0 0 0 0.183586 -73.6363 0 0 0 -0 0 -180 0 0
0 180 0 -0 0 180 0 180 1.1863 142.912 0 180 0 180 0 -0 0 180
0 0 0 -0 0 -180 0 -180 0.0201965 105.157 0 0 0 180 0 180 0 0
0 180 0 -180 0 -0 0 -0 0.020362 -39.2962 0 180 0 -0 0 0 0 180
0 0 0 -180 0 180 0 -0 0.0201965 105.157 0 180 0 -180 0 0 0 0
0 180 0 -0 0 -0 0 -180 0.020362 -39.2962 0 0 0 -0 0 180 0 180
0 -0 0 0 0 -0 0 -180 0.183586 -73.6363 0 -180 0 0 0 0 0 0
0 180 0 180 0 180 0 -0 1.1863 142.912 0 -0 0 180 0 180 0 180
inside=0 lambda=0.647 phi=20 theta=0
0 -0 0 -180 0 0 0 0 0.143627 -80.8544 0 0 0 -0 0 -180 0 0
0 180 0 -0 0 180 0 180 1.14731 139.041 0 180 0 180 0 -0 0 180
0 -0 0 -180 0 -180 0 180 1.05844e-13 -176.261 0 -180 0 180 0 0 0 0
0 180 0 -180 0 -0 0 -180 3.17055e-13 -111.714 0 -180 0 -0 0 0 0 180
0 0 0 -180 0 -180 0 0 2.25791e-13 -116.275 0 -180 0 -180 0 0 0 0
0 180 0 -0 0 -0 0 180 2.33841e-13 63.412 0 -0 0 -0 0 180 0 180
0 0 0 0 0 0 0 -180 0.223009 -81.7844 0 -180 0 0 0 0 0 0
0 180 0 180 0 180 0 -0 1.22479 139.087 0 -0 0 180 0 180 0 180
inside=0 lambda=0.647 phi=20 theta=15
0 -0 0 -180 0 0 0 0 0.148914 -80.9411 0 0 0 -0 0 -180 0 0
0 180 0 -0 0 180 0 180 1.15252 139.04 0 180 0 180 0 -0 0 180
0 -0 0 -180 0 -180 0 -180 0.0193133 97.5168 0 0 0 180 0 0 0 0
0 180 0 -180 0 -0 0 -0 0.0195205 -43.4444 0 180 0 -0 0 0 0 180
0 0 0 -180 0 -180 0 -180 0.0193678 97.4162 0 0 0 -180 0 0 0 0
0 180 0 -0 0 -0 0 -180 0.0194849 -42.8296 0 0 0 -0 0 180 0 180
0 0 0 0 0 -0 0 -180 0.217629 -81.7319 0 -180 0 0 0 0 0 0
0 180 0 180 0 180 0 -0 1.21963 139.078 0 -0 0 180 0 180 0 180
inside=0 lambda=0.647 phi=20 theta=30
0 -0 0 -180 0 0 0 0 0.163364 -81.1495 0 0 0 -0 0 -180 0 0
0 180 0 -0 0 180 0 180 1.16674 139.04 0 180 0 180 0 -0 0 180
0 0 0 -180 0 -180 0 -180 0.0334811 97.4697 0 0 0 180 0 0 0 0
0 180 0 -180 0 -0 0 -0 0.033797 -43.2444 0 180 0 -0 0 0 0 180
0 0 0 -180 0 180 0 -180 0.0335332 97.4157 0 0 0 -180 0 0 0 0
0 180 0 -0 0 -0 0 -180 0.0337642 -42.9071 0 0 0 -0 0 180 0 180
0 -0 0 0 0 -0 0 -180 0.203003 -81.5903 0 -180 0 0 0 0 0 0
0 180 0 180 0 180 0 -0 1.20551 139.059 0 -0 0 180 0 180 0 180
inside=0 lambda=0.647 phi=20 theta=45
0 -0 0 -180 0 0 0 0 0.183142 -81.3862 0 0 0 -0 0 -180 0 0
0 180 0 -0 0 180 0 180 1.18615 139.045 0 180 0 180 0 -0 0 180
0 0 0 -180 0 -180 0 -180 0.0386953 97.4318 0 0 0 180 0 0 0 0
0 180 0 -180 0 -0 0 -0 0.0390071 -43.0474 0 180 0 -0 0 0 0 180
0 0 0 -180 0 180 0 -180 0.0386953 97.4318 0 0 0 -180 0 0 0 0
0 180 0 -0 0 -0 0 -180 0.0390071 -43.0474 0 0 0 -0 0 180 0 180
0 -0 0 0 0 -0 0 -180 0.183142 -81.3862 0 -180 0 0 0 0 0 0
0 180 0 180 0 180 0 -0 1.18615 139.045 0 -0 0 180 0 180 0 180
inside=0 lambda=0.647 phi=25 theta=0
0 -0 0 -180 0 0 0 0 0.113524 -90.2467 0 0 0 -0 0 -180 0 0
0 180 0 -0 0 0 0 180 1.11815 134.127 0 0 0 180 0 -0 0 0
0 -0 0 -180 0 -180 0 180 5.60575e-14 -58.1098 0 -180 0 180 0 0 0 0
0 180 0 -180 0 -180 0 180 6.6295e-14 179.732 0 -180 0 -0 0 0 0 0
0 0 0 -180 0 -180 0 180 1.56178e-13 -69.6826 0 -0 0 -180 0 0 0 0
0 180 0 -0 0 -0 0 -0 5.13109e-13 -168.238 0 -180 0 -0 0 180 0 180
0 0 0 0 0 0 0 -180 0.252295 -91.8872 0 -180 0 0 0 0 0 0
0 180 0 180 0 180 0 -0 1.25241 134.257 0 -0 0 180 0 180 0 180
inside=0 lambda=0.647 phi=25 theta=15
0 -0 0 -180 0 0 0 0 0.122735 -90.4523 0 0 0 -0 0 -180 0 0
0 180 0 -0 0 0 0 180 1.12721 134.12 0 0 0 180 0 -0 0 0
0 -0 0 -180 0 -180 0 -180 0.0334867 87.7881 0 0 0 180 0 0 0 0
0 180 0 -180 0 -0 0 -0 0.0339185 -48.6177 0 180 0 -0 0 0 0 0
0 0 0 -180 0 180 0 -180 0.0336669 87.6355 0 0 0 -180 0 0 0 0
0 180 0 -0 0 -0 0 -180 0.0338072 -47.4968 0 0 0 -0 0 180 0 180
0 -0 0 0 0 -0 0 -180 0.242669 -91.7907 0 -180 0 0 0 0 0 0
0 180 0 180 0 180 0 -0 1.24359 134.219 0 -0 0 180 0 180 0 180
inside=0 lambda=0.647 phi=25 theta=30
0 -0 0 -180 0 0 0 0 0.147858 -90.8779 0 0 0 -0 0 -180 0 0
0 180 0 -0 0 0 0 180 1.15194 134.114 0 0 0 180 0 -0 0 0
0 -0 0 -180 0 -180 0 -180 0.0581217 87.6739 0 0 0 180 0 0 0 0
0 180 0 -180 0 -0 0 -0 0.058707 -48.1539 0 180 0 -0 0 0 0 180
0 0 0 -180 0 180 0 -180 0.0582793 87.6033 0 0 0 -180 0 0 0 0
0 180 0 -0 0 -0 0 -180 0.0586211 -47.5975 0 0 0 -0 0 180 0 180
0 -0 0 0 0 -0 0 -180 0.216888 -91.573 0 -180 0 0 0 0 0 0
0 180 0 180 0 180 0 -0 1.21922 134.159 0 -0 0 180 0 180 0 180
inside=0 lambda=0.647 phi=25 theta=45
0 -0 0 -180 0 0 0 0 0.182238 -91.2737 0 0 0 -0 0 -180 0 0
0 180 0 -0 0 180 0 180 1.18566 134.123 0 180 0 180 0 -0 0 0
0 0 0 -180 0 -180 0 -180 0.0672259 87.6101 0 0 0 180 0 0 0 0
0 180 0 -180 0 -0 0 -0 0.0677461 -47.8038 0 180 0 -0 0 0 0 180
0 0 0 -180 0 180 0 -180 0.0672259 87.6101 0 0 0 -180 0 0 0 0
0 180 0 -0 0 -0 0 -180 0.0677461 -47.8038 0 0 0 -0 0 180 0 180
0 -0 0 0 0 -0 0 -180 0.182238 -91.2737 0 -180 0 0 0 0 0 0
0 180 0 180 0 180 0 -0 1.18566 134.123 0 -0 0 180 0 180 0 0
inside=0 lambda=0.647 phi=30 theta=0
0 -0 0 -180 0 0 0.0244767 -44.8589 0.0656694 -101.978 0 0 0 -0 0 -180 0 0
0 -180 0 -0 0 0 0 180 1.06983 128.234 0 0 0 -180 0 -0 0 0
0 -0 0 -180 0 -180 1.48333e-12 -83.6405 2.5139e-13 79.1764 0 180 0 180 0 0 0 0
0 180 0 -180 0 -180 0 -180 2.807e-13 -21.3659 0 -180 0 -0 0 0 0 0
0 -0 0 -180 0 180 2.29564e-13 -81.4009 4.31664e-13 -86.9639 0 -0 0 180 0 0 0 -0
0 180 0 -0 0 -0 0 -180 3.1948e-13 83.6864 0 -180 0 -0 0 180 0 180
0 -0 0 0 0 -0 0.237361 -69.8025 0.304574 -103.037 0 -180 0 -0 0 0 0 -0
0 180 0 180 0 180 0 -0 1.28321 128.564 0 -0 0 180 0 180 0 180
inside=0 lambda=0.647 phi=30 theta=15
0 -0 0 -180 0 0 0 -0 0.0803753 -101.806 0 0 0 -0 0 -180 0 0
0 -180 0 -0 0 0 0 180 1.0865 128.218 0 0 0 180 0 -0 0 0
0 -0 0 -180 0 -180 0 -180 0.0556418 76.3759 0 0 0 180 0 0 0 0
0 180 0 -180 0 -180 0 -180 0.0567997 -55.8023 0 0 0 -0 0 0 0 0
0 0 0 -180 0 180 0 -180 0.0563636 76.0646 0 0 0 -180 0 0 0 0
0 180 0 -0 0 -0 0 -180 0.0562154 -53.095 0 0 0 -0 0 180 0 180
0 -0 0 0 0 -0 0 -180 0.284436 -104.081 0 -180 0 0 0 0 0 0
0 180 0 180 0 180 0 -180 1.27954 128.594 0 -0 0 180 0 180 0 180
inside=0 lambda=0.647 phi=30 theta=30
0 -0 0 -180 0 0 0 -0 0.122781 -102.654 0 0 0 -0 0 -180 0 0
0 180 0 -0 0 0 0 180 1.12786 128.168 0 0 0 180 0 -0 0 0
0 -0 0 -180 0 -180 0 -180 0.0970483 75.8857 0 0 0 180 0 0 0 0
0 180 0 -180 0 -180 0 -180 0.0980906 -54.1081 0 0 0 -0 0 0 0 0
0 0 0 -180 0 180 0 -180 0.0974758 75.812 0 0 0 -180 0 0 0 0
0 180 0 -0 0 -0 0 -180 0.0978964 -53.2347 0 0 0 -0 0 180 0 180
0 -0 0 0 0 -0 0 -180 0.238513 -103.624 0 -180 0 0 0 0 0 0
0 180 0 180 0 180 0 -0 1.24017 128.269 0 -0 0 180 0 180 0 0
inside=0 lambda=0.647 phi=30 theta=45
0 -0 0 -180 0 0 0 0 0.180249 -103.262 0 0 0 -0 0 -180 0 0
0 180 0 -0 0 0 0 180 1.18424 128.18 0 0 0 180 0 -0 0 0
0 0 0 -180 0 -180 0 -180 0.112393 75.7791 0 0 0 180 0 0 0 0
0 180 0 -180 0 -0 0 -0 0.113202 -53.5142 0 180 0 -0 0 0 0 0
0 0 0 -180 0 180 0 -180 0.112393 75.7791 0 0 0 -180 0 0 0 0
0 180 0 -0 0 -0 0 -180 0.113202 -53.5142 0 0 0 -0 0 180 0 0
0 -0 0 0 0 -0 0 -180 0.180249 -103.262 0 -180 0 0 0 0 0 0
0 180 0 180 0 180 0 -0 1.18424 128.18 0 -0 0 0 0 0 0 0
inside=0 lambda=0.647 phi=35 theta=0
0 -0 0 180 0 0 0.0462253 -7.65543 0.0165663 53.8769 0 0 0 -0 0 180 0 0
0 -180 0 -0 0 0 0 -180 0.986319 121.213 0 0 0 -180 0 -0 0 0
0 -0 0 -180 0 -180 2.90257e-13 14.43 2.81873e-13 122.685 0 -0 0 180 0 0 0 0
0 180 0 -180 0 -180 0 -0 3.40329e-13 33.6036 0 -0 0 -0 0 0 0 0
0 0 0 -180 0 -180 2.56604e-13 76.2674 3.2527e-13 154.219 0 -0 0 -180 0 0 0 0
0 180 0 -0 0 -0 0 -180 4.94467e-13 -10.0803 0 180 0 -0 0 180 0 180
0 0 0 0 0 0 0.21407 -9.11029 0.369134 -115.288 0 -180 0 0 0 0 0 0
0 180 0 180 0 180 0 -0 1.35067 120.946 0 -0 0 180 0 180 0 180
inside=0 lambda=0.647 phi=35 theta=15
0 -0 0 -180 0 0 0.0484759 -29.6247 0.00943417 -108.217 0 0 0 -180 0 180 0 0
0 -180 0 -0 0 0 0 -180 1.01215 121.236 0 0 0 180 0 -0 0 0
0 -0 0 -180 0 -180 0.058334 -70.5087 0.0928033 61.3543 0 0 0 180 0 0 0 0
0 180 0 -180 0 -180 0 -0 0.0999396 -61.2641 0 0 0 -0 0 0 0 0
0 -0 0 -180 0 180 0.0497831 -44.9198 0.0941412 62.2172 0 0 0 -180 0 0 0 0
0 180 0 -0 0 -0 0 -180 0.0953265 -60.1475 0 0 0 -0 0 180 0 180
0 -0 0 0 0 -0 0.222043 -31.3667 0.347037 -115.579 0 -180 0 0 0 0 0 0
0 180 0 180 0 180 0 -0 1.32576 121.196 0 -0 0 180 0 0 0 0
inside=0 lambda=0.647 phi=35 theta=30
0 -0 0 -180 0 0 0 -0 0.0778935 -116.689 0 0 0 -0 0 180 0 0
0 -180 0 -0 0 0 0 180 1.08435 121.244 0 0 0 180 0 -0 0 0
0 -0 0 -180 0 -180 0 -180 0.164027 62.2757 0 0 0 180 0 0 0 0
0 180 0 -180 0 -180 0 -180 0.165887 -61.1622 0 0 0 -0 0 0 0 0
0 0 0 -180 0 180 0 -180 0.165203 62.2236 0 0 0 -180 0 0 0 0
0 180 0 -0 0 -0 0 -180 0.165467 -59.7265 0 0 0 -0 0 180 0 0
0 -0 0 -0 0 -0 0 -180 0.274862 -117.633 0 -180 0 0 0 0 0 0
0 180 0 180 0 180 0 -180 1.27405 121.497 0 -0 0 0 0 0 0 0
inside=0 lambda=0.647 phi=35 theta=45
0 -0 0 -180 0 0 0 -0 0.175185 -117.364 0 0 0 -0 0 180 0 0
0 180 0 -0 0 0 0 180 1.17996 121.255 0 0 0 180 0 -0 0 0
0 0 0 -180 0 -180 0 -180 0.190397 62.0489 0 0 0 180 0 0 0 0
0 180 0 -180 0 -180 0 -0 0.191632 -60.1124 0 0 0 -0 0 0 0 0
0 0 0 -180 0 180 0 -180 0.190397 62.0489 0 0 0 -180 0 0 0 0
0 180 0 -0 0 -0 0 -180 0.191632 -60.1124 0 0 0 -180 0 0 0 0
0 -0 0 -0 0 -0 0 -180 0.175185 -117.364 0 180 0 0 0 0 0 0
0 180 0 180 0 180 0 -0 1.17996 121.255 0 -0 0 0 0 0 0 0
inside=0 lambda=0.647 phi=40 theta=0
0 -180 0 180 0 0 0.0555773 15.5791 0.204046 45.7924 0 0 0 -180 0 180 0 0
0 -180 0 -0 0 0 0 -0 0.798203 113.269 0 0 0 -180 0 -0 0 0
0 -0 0 -180 0 -180 1.84203e-12 -131.663 5.36026e-13 -66.4302 0 0 0 180 0 0 0 0
0 180 0 -180 0 -180 0 180 8.89434e-13 -148.12 0 180 0 -0 0 0 0 0
0 0 0 -180 0 -180 4.07454e-13 -116.492 5.30602e-13 -160.829 0 0 0 -180 0 0 0 0
0 180 0 -0 0 -0 0 0 4.39877e-13 109.476 0 0 0 -0 0 180 0 180
0 0 0 0 0 0 0.208406 33.967 0.505057 -131.903 0 -180 0 0 0 0 0 0
0 180 0 180 0 180 0 -0 1.50609 112.529 0 -0 0 180 0 180 0 180
inside=0 lambda=0.647 phi=40 theta=15
0 -0 0 180 0 0 0.0655716 -5.74378 0.15471 46.0709 0 0 0 -180 0 180 0 0
0 -180 0 -0 0 0 0 -180 0.847152 113.255 0 0 0 180 0 -0 0 0
0 -0 0 -180 0 -180 0.0744486 -55.1415 0.177058 45.1691 0 0 0 180 0 0 0 0
0 180 0 -180 0 -180 0 -0 0.18804 -68.2422 0 0 0 -0 0 0 0 0
0 0 0 -180 0 180 0.060183 -8.76709 0.177414 46.1375 0 0 0 -180 0 0 0 0
0 180 0 -0 0 -0 0 -0 0.180173 -67.7484 0 0 0 -180 0 0 0 0
0 -0 0 0 0 -180 0.208691 11.3626 0.462485 -131.634 0 -180 0 0 0 0 0 0
0 180 0 180 0 180 0 -0 1.45538 112.765 0 -0 0 0 0 0 0 0
inside=0 lambda=0.647 phi=40 theta=30
0 -0 0 -180 0 0 0.073627 -89.6283 0.0235157 56.4199 0 0 0 -180 0 180 0 0
0 -180 0 -0 0 0 0 -180 0.980223 113.299 0 0 0 180 0 -0 0 0
0 -0 0 -180 0 -180 0.162443 -113.298 0.30638 46.6552 0 0 0 180 0 0 0 0
0 180 0 -180 0 -180 0 -180 0.318674 -69.0465 0 0 0 -0 0 0 0 0
0 -0 0 -180 0 180 0.108249 -78.34 0.309249 47.0673 0 0 0 -180 0 0 0 0
0 180 0 -0 0 -0 0 -180 0.311151 -67.2839 0 0 0 -180 0 0 0 0
0 -0 0 -0 0 -180 0.240638 -71.946 0.345014 -132.156 0 180 0 0 0 0 0 0
0 180 0 180 0 180 0 -0 1.32705 113.691 0 -0 0 0 0 0 0 0
inside=0 lambda=0.647 phi=40 theta=45
0 -0 0 -180 0 0 0 -0 0.156902 -133.91 0 0 0 -180 0 180 0 0
0 -180 0 -180 0 0 0 180 1.16267 113.372 0 0 0 180 0 -0 0 0
0 0 0 -180 0 -180 0 -180 0.360526 46.5625 0 0 0 180 0 0 0 0
0 180 0 -180 0 -180 0 -180 0.362644 -67.4989 0 0 0 -0 0 0 0 0
0 0 0 -180 0 180 0 -180 0.360526 46.5625 0 0 0 -180 0 0 0 0
0 180 0 -180 0 -0 0 -180 0.362644 -67.4989 0 0 0 -180 0 0 0 0
0 -0 0 -0 0 -180 0 -180 0.156902 -133.91 0 180 0 0 0 0 0 0
0 -180 0 180 0 180 0 -180 1.16267 113.372 0 -0 0 0 0 0 0 0
inside=0 lambda=0.647 phi=45 theta=0
0 -0 0 180 0 0 0.103766 32.1408 0.993976 -24.2563 0 -0 0 -0 0 180 0 0
0 180 0 -0 0 -0 0 -0 0 180 0 -0 0 180 0 -0 0 -0
0 -0 0 -0 0 180 1.84459e-12 -47.9563 2.17295e-12 167.058 0 0 0 180 0 180 0 -0
0 180 0 180 0 180 0 -180 0 0 0 180 0 -0 0 -0 0 -0
0 0 0 -180 0 -180 6.75233e-13 105.77 6.88646e-13 -63.8225 0 180 0 -180 0 0 0 0
0 0 0 -180 0 -180 0 0 0 180 0 0 0 -180 0 0 0 0
0 0 0 0 0 0 0.312279 61.9962 0.955296 -179.772 0 -180 0 0 0 0 0 0
0 0 0 0 0 0 0 0 0 0 0 -180 0 0 0 0 0 0
inside=0 lambda=0.647 phi=45 theta=15
0 -0 0 180 0 0 0.10816 4.67637 0.863955 -25.8469 0 0 0 0 0 180 0 -0
0 -180 0 0 0 -0 0 -180 0 180 0 -0 0 180 0 -0 0 -0
0 -0 0 -0 0 -180 0.131617 -107.345 0.476799 -12.5542 0 180 0 180 0 -180 0 -0
0 180 0 180 0 180 0 -180 0 -180 0 0 0 -0 0 -0 0 -0
0 0 0 -180 0 -180 0.094628 18.7214 0.476237 -12.1734 0 -0 0 -180 0 180 0 0
0 180 0 -0 0 -0 0 -0 0 -180 0 -0 0 -180 0 0 0 0
0 0 0 0 0 180 0.279603 42.6683 0.836744 -177.089 0 -180 0 180 0 0 0 0
0 180 0 180 0 180 0 -0 0 180 0 -0 0 0 0 0 0 0
inside=0 lambda=0.647 phi=45 theta=30
0 -0 0 180 0 180 0.0949825 -86.4492 0.52485 -34.247 0 0 0 0 0 -180 0 -0
0 -180 0 0 0 0 0 -180 0 180 0 -0 0 180 0 -0 0 -0
0 -0 0 -0 0 -180 0.265725 -149.113 0.824657 -10.8738 0 180 0 180 0 -0 0 -0
0 180 0 -180 0 -180 0 -180 0 -180 0 0 0 -0 0 -0 0 -0
0 0 0 180 0 -180 0.156401 -51.6698 0.826688 -10.713 0 -0 0 -180 0 180 0 0
0 180 0 -0 0 -0 0 -180 0 -180 0 -0 0 -180 0 0 0 0
0 -0 0 0 0 180 0.194857 -36.4515 0.525782 -166.427 0 -180 0 180 0 0 0 -0
0 -180 0 180 0 180 0 -0 0 180 0 -0 0 0 0 0 0 -0
inside=0 lambda=0.647 phi=45 theta=45
0 -0 0 180 0 180 0 0 0.212385 -100.748 0 0 0 180 0 -180 0 -0
0 -180 0 -0 0 0 0 180 0 180 0 0 0 180 0 -0 0 -0
0 0 0 -0 0 -180 0 180 0.977186 -10.7476 0 180 0 -180 0 -0 0 -0
0 180 0 -180 0 -180 0 0 0 -180 0 0 0 -0 0 -0 0 -0
0 0 0 180 0 -180 0 -0 0.977186 -10.7476 0 -0 0 -180 0 180 0 -0
0 180 0 0 0 -0 0 -180 0 -180 0 -0 0 -180 0 0 0 -0
0 -0 0 0 0 180 0 180 0.212385 -100.748 0 -180 0 180 0 0 0 -0
0 -180 0 180 0 180 0 -0 0 180 0 -0 0 0 0 0 0 -0
inside=1 lambda=0.647 phi=0 theta=0
0 0 0 -180 0 0 0 0 0.183948 179.459 0 0 0 0 0 -180 0 0
0 180 0 -0 0 180 0 180 0.814428 147.935 0 180 0 180 0 -0 0 180
0 0 0 0 0 -180 0 180 4.25181e-13 -111.084 0 180 0 -180 0 0 0 0
0 180 0 -0 0 -0 0 -180 4.0843e-13 59.0716 0 -0 0 -0 0 180 0 180
0 0 0 -0 0 -180 0 -180 1.18583e-13 -147.136 0 -180 0 -180 0 -0 0 0
0 180 0 -0 0 -0 0 0 4.56206e-14 23.1129 0 0 0 -0 0 -0 0 180
0 0 0 0 0 0 0 -180 0.183948 179.459 0 -180 0 0 0 0 0 0
0 180 0 180 0 180 0 -0 0.814428 147.935 0 -0 0 180 0 180 0 180
inside=1 lambda=0.647 phi=0 theta=15
0 0 0 -180 0 0 0 0 0.183948 179.459 0 0 0 0 0 -180 0 0
0 180 0 -0 0 180 0 180 0.814428 147.935 0 180 0 180 0 -0 0 180
0 0 0 0 0 -180 0 180 4.25181e-13 -111.084 0 180 0 -180 0 0 0 0
0 180 0 -0 0 -0 0 -180 4.0843e-13 59.0716 0 -0 0 -0 0 180 0 180
0 0 0 -0 0 -180 0 -180 1.18583e-13 -147.136 0 -180 0 -180 0 -0 0 0
0 180 0 -0 0 -0 0 0 4.56206e-14 23.1129 0 0 0 -0 0 -0 0 180
0 0 0 0 0 0 0 -180 0.183948 179.459 0 -180 0 0 0 0 0 0
0 180 0 180 0 180 0 -0 0.814428 147.935 0 -0 0 180 0 180 0 180
inside=1 lambda=0.647 phi=0 theta=30
0 0 0 -180 0 0 0 0 0.183948 179.459 0 0 0 0 0 -180 0 0
0 180 0 -0 0 180 0 180 0.814428 147.935 0 180 0 180 0 -0 0 180
0 0 0 0 0 -180 0 180 4.25181e-13 -111.084 0 180 0 -180 0 0 0 0
0 180 0 -0 0 -0 0 -180 4.0843e-13 59.0716 0 -0 0 -0 0 180 0 180
0 0 0 -0 0 -180 0 -180 1.18583e-13 -147.136 0 -180 0 -180 0 -0 0 0
0 180 0 -0 0 -0 0 0 4.56206e-14 23.1129 0 0 0 -0 0 -0 0 180
0 0 0 0 0 0 0 -180 0.183948 179.459 0 -180 0 0 0 0 0 0
0 180 0 180 0 180 0 -0 0.814428 147.935 0 -0 0 180 0 180 0 180
inside=1 lambda=0.647 phi=0 theta=45
0 0 0 -180 0 0 0 0 0.183948 179.459 0 0 0 0 0 -180 0 0
0 180 0 -0 0 180 0 180 0.814428 147.935 0 180 0 180 0 -0 0 180
0 0 0 0 0 -180 0 180 4.25181e-13 -111.084 0 180 0 -180 0 0 0 0
0 180 0 -0 0 -0 0 -180 4.0843e-13 59.0716 0 -0 0 -0 0 180 0 180
0 0 0 -0 0 -180 0 -180 1.18583e-13 -147.136 0 -180 0 -180 0 -0 0 0
0 180 0 -0 0 -0 0 0 4.56206e-14 23.1129 0 0 0 -0 0 -0 0 180
0 0 0 0 0 0 0 -180 0.183948 179.459 0 -180 0 0 0 0 0 0
0 180 0 180 0 180 0 -0 0.814428 147.935 0 -0 0 180 0 180 0 180
inside=1 lambda=0.647 phi=5 theta=0
0 0 0 -180 0 0 0 0 0.182943 179.445 0 0 0 0 0 -180 0 0
0 180 0 -0 0 180 0 180 0.815406 147.671 0 180 0 180 0 -0 0 180
0 0 0 -180 0 -180 0 -180 2.31729e-13 -88.8841 0 0 0 -180 0 0 0 0
0 180 0 -180 0 -0 0 -180 1.7154e-13 120.038 0 180 0 -0 0 0 0 180
0 0 0 -180 0 -180 0 180 1.15875e-13 94.09 0 180 0 -180 0 0 0 0
0 180 0 -0 0 -0 0 -0 7.75323e-14 21.069 0 -180 0 -0 0 180 0 180
0 0 0 0 0 0 0 -180 0.184924 179.471 0 -180 0 0 0 0 0 0
0 180 0 180 0 180 0 -0 0.813455 147.671 0 -0 0 180 0 180 0 180
inside=1 lambda=0.647 phi=5 theta=15
0 0 0 -180 0 0 0 0 0.183076 179.447 0 0 0 0 0 -180 0 0
0 180 0 -0 0 180 0 180 0.815275 147.671 0 180 0 180 0 -0 0 180
0 0 0 -180 0 -180 0 -180 0.000485511 -0.0641335 0 0 0 -180 0 0 0 0
0 180 0 -180 0 -0 0 -0 0.000486611 149.288 0 180 0 -0 0 0 0 180
0 0 0 -180 0 -180 0 -180 0.000485575 -0.0513905 0 0 0 -180 0 0 0 0
0 180 0 -0 0 -0 0 -180 0.00048661 149.281 0 0 0 -0 0 180 0 180
0 0 0 0 0 0 0 -180 0.184791 179.469 0 -180 0 0 0 0 0 0
0 180 0 180 0 180 0 -0 0.813585 147.671 0 -0 0 180 0 180 0 180
inside=1 lambda=0.647 phi=5 theta=30
0 0 0 -180 0 0 0 0 0.183438 179.452 0 0 0 0 0 -180 0 0
0 180 0 -0 0 180 0 180 0.814918 147.671 0 180 0 180 0 -0 0 180
0 0 0 -180 0 -180 0 -180 0.000840953 -0.0614106 0 0 0 -180 0 0 0 0
0 180 0 -180 0 -0 0 -0 0.000842835 149.287 0 180 0 -0 0 0 0 180
0 0 0 -180 0 -180 0 -180 0.000841017 -0.0540537 0 0 0 -180 0 0 0 0
0 180 0 -0 0 -0 0 -180 0.000842834 149.283 0 0 0 -0 0 180 0 180
0 0 0 0 0 0 0 -180 0.184428 179.465 0 -180 0 0 0 0 0 0
0 180 0 180 0 180 0 -0 0.813942 147.671 0 -0 0 180 0 180 0 180
inside=1 lambda=0.647 phi=5 theta=45
0 0 0 -180 0 0 0 0 0.183933 179.458 0 0 0 0 0 -180 0 0
0 180 0 -0 0 180 0 180 0.81443 147.671 0 180 0 180 0 -0 0 180
0 0 0 -180 0 -180 0 -180 0.000971086 -0.0577173 0 0 0 -180 0 0 0 0
0 180 0 -180 0 -0 0 -0 0.000973221 149.285 0 180 0 -0 0 0 0 180
0 0 0 -180 0 -180 0 -180 0.000971086 -0.0577173 0 0 0 -180 0 0 0 0
0 180 0 -0 0 -0 0 -180 0.000973221 149.285 0 0 0 -0 0 180 0 180
0 0 0 0 0 0 0 -180 0.183933 179.458 0 -180 0 0 0 0 0 0
0 180 0 180 0 180 0 -0 0.81443 147.671 0 -0 0 180 0 180 0 180
inside=1 lambda=0.647 phi=10 theta=0
0 0 0 -180 0 0 0 0 0.179889 179.406 0 0 0 0 0 -180 0 0
0 180 0 -0 0 180 0 180 0.818379 146.883 0 180 0 180 0 -0 0 180
0 0 0 -180 0 -180 0 -180 7.80928e-14 153.843 0 -0 0 -180 0 0 0 0
0 180 0 -180 0 -0 0 180 8.49719e-14 14.3807 0 -0 0 -0 0 0 0 180
0 0 0 -180 0 -180 0 -0 1.06944e-13 149.629 0 -0 0 -180 0 0 0 0
0 180 0 -0 0 -0 0 -0 1.55458e-13 -3.42279 0 -0 0 -0 0 180 0 180
0 0 0 0 0 0 0 -180 0.187889 179.509 0 -180 0 0 0 0 0 0
0 180 0 180 0 180 0 -0 0.8105 146.885 0 -0 0 180 0 180 0 180
inside=1 lambda=0.647 phi=10 theta=15
0 0 0 -180 0 0 0 0 0.180424 179.413 0 0 0 0 0 -180 0 0
0 180 0 -0 0 180 0 180 0.817851 146.883 0 180 0 180 0 -0 0 180
0 0 0 -180 0 -180 0 -180 0.00195968 -0.0778283 0 0 0 -180 0 0 0 0
0 180 0 -180 0 -0 0 -0 0.00196441 148.498 0 180 0 -0 0 0 0 180
0 0 0 -180 0 -180 0 -0 0.00196076 -0.0270229 0 0 0 -180 0 0 0 0
0 180 0 -0 0 -0 0 -180 0.00196441 148.471 0 0 0 -0 0 180 0 180
0 0 0 0 0 0 0 -180 0.187352 179.502 0 -180 0 0 0 0 0 0
0 180 0 180 0 180 0 -0 0.811028 146.885 0 -0 0 180 0 180 0 180
inside=1 lambda=0.647 phi=10 theta=30
0 0 0 -180 0 0 0 0 0.181888 179.432 0 0 0 0 0 -180 0 0
0 180 0 -0 0 180 0 180 0.81641 146.884 0 180 0 180 0 -0 0 180
0 0 0 -180 0 -180 0 -180 0.00339468 -0.0666099 0 0 0 -180 0 0 0 0
0 180 0 -180 0 -0 0 -0 0.00340246 148.492 0 180 0 -0 0 0 0 180
0 0 0 -180 0 -180 0 -0 0.00339575 -0.0372977 0 0 0 -180 0 0 0 0
0 180 0 -0 0 -0 0 -180 0.00340246 148.476 0 0 0 -0 0 180 0 180
0 0 0 0 0 0 0 -180 0.185888 179.483 0 -180 0 0 0 0 0 0
0 180 0 180 0 180 0 -0 0.81247 146.885 0 -0 0 180 0 180 0 180
inside=1 lambda=0.647 phi=10 theta=45
0 0 0 -180 0 0 0 0 0.183887 179.457 0 0 0 0 0 -180 0 0
0 180 0 -0 0 180 0 180 0.81444 146.884 0 180 0 180 0 -0 0 180
0 0 0 -180 0 -180 0 -180 0.00392046 -0.0517181 0 0 0 -180 0 0 0 0
0 180 0 -180 0 -0 0 -0 0.00392882 148.484 0 180 0 -0 0 0 0 180
0 0 0 -180 0 -180 0 -180 0.00392046 -0.0517181 0 0 0 -180 0 0 0 0
0 180 0 -0 0 -0 0 -180 0.00392882 148.484 0 0 0 -0 0 180 0 180
0 0 0 0 0 0 0 -180 0.183887 179.457 0 -180 0 0 0 0 0 0
0 180 0 180 0 180 0 -0 0.81444 146.884 0 -0 0 180 0 180 0 180
inside=1 lambda=0.647 phi=15 theta=0
0 -0 0 -180 0 0 0 0 0.174663 179.338 0 0 0 -0 0 -180 0 0
0 180 0 -0 0 180 0 180 0.823464 145.588 0 180 0 180 0 -0 0 180
0 0 0 -180 0 -180 0 -0 8.89723e-14 -125.088 0 0 0 -180 0 0 0 0
0 180 0 -180 0 -0 0 -0 1.37304e-13 66.9023 0 0 0 -0 0 0 0 180
0 0 0 -180 0 -180 0 0 1.59411e-14 47.1796 0 -0 0 -180 0 0 0 0
0 180 0 -0 0 -0 0 -0 2.68776e-13 0.769177 0 -0 0 -0 0 180 0 180
0 0 0 0 0 0 0 -180 0.192958 179.573 0 -180 0 0 0 0 0 0
0 180 0 180 0 180 0 -0 0.805458 145.593 0 -0 0 180 0 180 0 180
inside=1 lambda=0.647 phi=15 theta=15
0 0 0 -180 0 0 0 0 0.175886 179.354 0 0 0 -0 0 -180 0 0
0 180 0 -0 0 180 0 180 0.822259 145.588 0 180 0 180 0 -0 0 180
0 0 0 -180 0 -180 0 -180 0.00447645 -0.102075 0 0 0 -180 0 0 0 0
0 180 0 -180 0 -0 0 -0 0.00448845 147.202 0 180 0 -0 0 0 0 180
0 0 0 -180 0 -180 0 -0 0.00448221 0.0117446 0 0 0 -180 0 0 0 0
0 180 0 -0 0 -0 0 -180 0.0044885 147.14 0 0 0 -0 0 180 0 180
0 0 0 0 0 0 0 -180 0.191731 179.557 0 -180 0 0 0 0 0 0
0 180 0 180 0 180 0 -0 0.806665 145.593 0 -0 0 180 0 180 0 180
inside=1 lambda=0.647 phi=15 theta=30
0 0 0 -180 0 0 0 0 0.179231 179.397 0 0 0 -0 0 -180 0 0
0 180 0 -0 0 180 0 180 0.818964 145.589 0 180 0 180 0 -0 0 180
0 0 0 -180 0 -180 0 -180 0.0077557 -0.0755571 0 0 0 -180 0 0 0 0
0 180 0 -180 0 -0 0 -0 0.00777422 147.186 0 180 0 -0 0 0 0 180
0 0 0 -180 0 -180 0 -0 0.00776144 -0.0100765 0 0 0 -180 0 0 0 0
0 180 0 -0 0 -0 0 -180 0.00777428 147.15 0 0 0 -0 0 180 0 180
0 0 0 0 0 0 0 -180 0.188379 179.515 0 -180 0 0 0 0 0 0
0 180 0 180 0 180 0 -0 0.809962 145.592 0 -0 0 180 0 180 0 180
inside=1 lambda=0.647 phi=15 theta=45
0 0 0 -180 0 0 0 0 0.183803 179.456 0 0 0 0 0 -180 0 0
0 180 0 -0 0 180 0 180 0.814464 145.59 0 180 0 180 0 -0 0 180
0 0 0 -0 0 -180 0 -180 0.00895891 -0.0416482 0 0 0 -180 0 0 0 0
0 180 0 -180 0 -0 0 -0 0.00897693 147.166 0 180 0 -0 0 0 0 180
0 0 0 -180 0 -180 0 -0 0.00895891 -0.0416482 0 0 0 -180 0 0 0 0
0 180 0 -0 0 -0 0 -180 0.00897693 147.166 0 0 0 -0 0 180 0 180
0 0 0 0 0 0 0 -180 0.183803 179.456 0 -180 0 0 0 0 0 0
0 180 0 180 0 180 0 -0 0.814464 145.59 0 -0 0 180 0 180 0 180
inside=1 lambda=0.647 phi=20 theta=0
0 -0 0 -180 0 0 0 0 0.167051 179.241 0 0 0 -0 0 -180 0 0
0 180 0 -0 0 180 0 180 0.830867 143.811 0 180 0 180 0 -0 0 180
0 0 0 -180 0 -180 0 0 2.9638e-14 -27.1553 0 -0 0 -180 0 0 0 0
0 180 0 -180 0 -0 0 0 3.85659e-14 132.121 0 -0 0 -0 0 0 0 180
0 0 0 -180 0 -180 0 -180 1.26413e-13 122.583 0 180 0 -180 0 0 0 0
0 180 0 -0 0 -0 0 0 9.50646e-14 -7.8208 0 180 0 -0 0 180 0 180
0 0 0 0 0 0 0 -180 0.200334 179.666 0 -180 0 0 0 0 0 0
0 180 0 180 0 180 0 -0 0.798147 143.823 0 -0 0 180 0 180 0 180
inside=1 lambda=0.647 phi=20 theta=15
0 -0 0 -180 0 0 0 0 0.169275 179.27 0 0 0 -0 0 -180 0 0
0 180 0 -0 0 180 0 180 0.828677 143.811 0 180 0 180 0 -0 0 180
0 0 0 -180 0 -180 0 -180 0.00812905 -0.139203 0 0 0 -180 0 0 0 0
0 180 0 -180 0 -0 0 -0 0.00815441 145.429 0 180 0 -0 0 0 0 180
0 0 0 -180 0 -180 0 -0 0.00814883 0.0624582 0 0 0 -180 0 0 0 0
0 180 0 -0 0 -0 0 -180 0.00815486 145.316 0 0 0 -0 0 180 0 180
0 0 0 0 0 0 0 -180 0.198097 179.638 0 -180 0 0 0 0 0 0
0 180 0 180 0 180 0 -0 0.800341 143.822 0 -0 0 180 0 180 0 180
inside=1 lambda=0.647 phi=20 theta=30
0 -0 0 -180 0 0 0 0 0.175354 179.349 0 0 0 -0 0 -180 0 0
0 180 0 -0 0 180 0 180 0.822693 143.813 0 180 0 180 0 -0 0 180
0 0 0 -0 0 -180 0 -180 0.0140881 -0.0886494 0 0 0 -180 0 0 0 0
0 180 0 -180 0 -0 0 -0 0.0141239 145.395 0 180 0 -0 0 0 0 180
0 0 0 -180 0 -180 0 -0 0.0141077 0.0264563 0 0 0 -180 0 0 0 0
0 180 0 -0 0 -0 0 -180 0.0141244 145.331 0 0 0 -0 0 180 0 180
0 0 0 0 0 0 0 -180 0.191992 179.56 0 -180 0 0 0 0 0 0
0 180 0 180 0 180 0 -0 0.806334 143.819 0 -0 0 180 0 180 0 180
inside=1 lambda=0.647 phi=20 theta=45
0 0 0 -180 0 0 0 0 0.183667 179.455 0 0 0 -0 0 -180 0 0
0 180 0 -0 0 180 0 180 0.814515 143.815 0 180 0 180 0 -0 0 180
0 0 0 -0 0 -180 0 -180 0.0162794 -0.0275146 0 0 0 -180 0 0 0 0
0 180 0 -180 0 -0 0 -0 0.0163091 145.358 0 180 0 -0 0 0 0 180
0 0 0 -180 0 -180 0 -0 0.0162794 -0.0275146 0 0 0 -180 0 0 0 0
0 180 0 -0 0 -0 0 -180 0.0163091 145.358 0 0 0 -0 0 180 0 180
0 0 0 0 0 -0 0 -180 0.183667 179.455 0 -180 0 0 0 0 0 0
0 180 0 180 0 180 0 -0 0.814515 143.815 0 -0 0 180 0 180 0 180
inside=1 lambda=0.647 phi=25 theta=0
0 -0 0 -180 0 0 0 0 0.156735 179.109 0 0 0 -0 0 -180 0 0
0 -180 0 -0 0 0 0 180 0.840894 141.59 0 180 0 -180 0 -0 0 0
0 0 0 -180 0 -180 0 0 1.22198e-14 -82.6292 0 -180 0 -180 0 0 0 0
0 180 0 -180 0 -0 0 0 1.18626e-14 -144.653 0 0 0 -0 0 0 0 180
0 0 0 -180 0 -180 0 180 2.13201e-14 30.6348 0 180 0 -180 0 0 0 0
0 180 0 -0 0 -0 0 -0 9.50026e-15 -129.819 0 0 0 -0 0 180 0 180
0 0 0 0 0 0 0 -180 0.210321 179.793 0 -180 0 0 0 0 0 0
0 180 0 180 0 180 0 -0 0.788294 141.615 0 -0 0 180 0 180 0 180
inside=1 lambda=0.647 phi=25 theta=15
0 -0 0 -180 0 0 0 0 0.16031 179.157 0 0 0 -0 0 -180 0 0
0 180 0 -0 0 180 0 180 0.837375 141.591 0 180 0 -180 0 -0 0 180
0 0 0 -180 0 -180 0 -180 0.0130551 -0.193085 0 0 0 -180 0 0 0 0
0 180 0 -180 0 -0 0 -0 0.0131049 143.222 0 180 0 -0 0 0 0 180
0 0 0 -180 0 -180 0 -0 0.0131088 0.122321 0 0 0 -180 0 0 0 0
0 180 0 -0 0 -0 0 -180 0.0131069 143.041 0 0 0 -0 0 180 0 180
0 0 0 0 0 0 0 -180 0.206709 179.746 0 -180 0 0 0 0 0 0
0 180 0 180 0 180 0 -0 0.791824 141.612 0 -0 0 180 0 180 0 180
inside=1 lambda=0.647 phi=25 theta=30
0 -0 0 -180 0 0 0 0 0.170083 179.285 0 0 0 -0 0 -180 0 0
0 180 0 -0 0 180 0 180 0.827759 141.593 0 180 0 180 0 -0 0 180
0 0 0 -0 0 -180 0 -180 0.0226359 -0.106398 0 0 0 -180 0 0 0 0
0 180 0 -180 0 -0 0 -0 0.0226987 143.159 0 180 0 -0 0 0 0 180
0 0 0 -180 0 -180 0 -0 0.0226886 0.0705468 0 0 0 -180 0 0 0 0
0 180 0 -0 0 -0 0 -180 0.0227007 143.057 0 0 0 -0 0 180 0 180
0 0 0 0 0 -0 0 -180 0.196863 179.62 0 -180 0 0 0 0 0 0
0 180 0 180 0 180 0 -0 0.801463 141.604 0 -0 0 180 0 180 0 180
inside=1 lambda=0.647 phi=25 theta=45
0 -0 0 -180 0 0 0 0 0.183456 179.453 0 0 0 -0 0 -180 0 0
0 180 0 -0 0 180 0 180 0.814617 141.597 0 180 0 180 0 -0 0 180
0 0 0 -0 0 -180 0 -180 0.0261701 -0.00953448 0 0 0 -180 0 0 0 0
0 180 0 -180 0 -0 0 -0 0.0262112 143.097 0 180 0 -0 0 0 0 180
0 0 0 -180 0 -180 0 -0 0.0261701 -0.00953448 0 0 0 -180 0 0 0 0
0 180 0 -0 0 -0 0 -180 0.0262112 143.097 0 0 0 -0 0 180 0 180
0 -0 0 0 0 -0 0 -180 0.183456 179.453 0 -180 0 0 0 0 0 0
0 180 0 180 0 180 0 -0 0.814617 141.597 0 -0 0 180 0 180 0 180
inside=1 lambda=0.647 phi=30 theta=0
0 -0 0 -180 0 0 0 0 0.143264 178.931 0 0 0 -0 0 -180 0 0
0 -180 0 -0 0 0 0 180 0.853979 138.974 0 0 0 -180 0 -0 0 0
0 -0 0 -180 0 -180 0 -0 1.0376e-13 -143.827 0 0 0 180 0 0 0 0
0 180 0 -180 0 -0 0 -0 2.94753e-14 37.8257 0 -0 0 -0 0 0 0 180
0 0 0 -180 0 -180 0 180 5.04566e-14 8.11093 0 -0 0 -180 0 0 0 0
0 180 0 -0 0 -0 0 -0 3.74515e-14 -170.761 0 180 0 -0 0 180 0 180
0 0 0 0 0 0 0 -180 0.223361 179.963 0 -180 0 0 0 0 0 0
0 180 0 180 0 180 0 -180 0.775517 139.021 0 -0 0 180 0 180 0 180
inside=1 lambda=0.647 phi=30 theta=15
0 -0 0 -180 0 0 0 0 0.148596 179.008 0 0 0 -0 0 -180 0 0
0 -180 0 -0 0 0 0 180 0.848734 138.975 0 0 0 -180 0 -0 0 0
0 0 0 -180 0 -180 0 -180 0.0194433 -0.270469 0 0 0 180 0 0 0 0
0 180 0 -180 0 -0 0 -0 0.019539 140.641 0 0 0 -0 0 0 0 180
0 0 0 -180 0 -180 0 -0 0.0195708 0.188909 0 0 0 -180 0 0 0 0
0 180 0 -0 0 -0 0 -180 0.0195453 140.367 0 0 0 -0 0 180 0 180
0 0 0 0 0 0 0 -180 0.217934 179.887 0 -180 0 0 0 0 0 0
0 180 0 180 0 180 0 -180 0.780791 139.013 0 -0 0 180 0 180 0 180
inside=1 lambda=0.647 phi=30 theta=30
0 -0 0 -180 0 0 0 0 0.163175 179.204 0 0 0 -0 0 -180 0 0
0 180 0 -0 0 0 0 180 0.8344 138.977 0 0 0 -180 0 -0 0 0
0 0 0 -0 0 -180 0 -180 0.0337383 -0.129406 0 0 0 180 0 0 0 0
0 180 0 -180 0 -0 0 -0 0.0338435 140.528 0 180 0 -0 0 0 0 180
0 0 0 -180 0 -180 0 -0 0.0338604 0.119814 0 0 0 -180 0 0 0 0
0 180 0 -0 0 -0 0 -180 0.0338502 140.377 0 0 0 -0 0 180 0 180
0 0 0 0 0 -0 0 -180 0.203177 179.695 0 -180 0 0 0 0 0 0
0 180 0 180 0 180 0 -0 0.795181 138.997 0 -0 0 180 0 180 0 180
inside=1 lambda=0.647 phi=30 theta=45
0 -0 0 -180 0 0 0 0 0.183134 179.452 0 0 0 -0 0 -180 0 0
0 180 0 -0 0 0 0 180 0.814803 138.984 0 0 0 -180 0 -0 0 180
0 0 0 -0 0 -180 0 -180 0.0390348 0.0117069 0 0 0 180 0 0 0 0
0 180 0 -180 0 -0 0 -0 0.0390824 140.428 0 180 0 -0 0 0 0 180
0 0 0 -180 0 180 0 -0 0.0390348 0.0117069 0 0 0 -180 0 0 0 0
0 180 0 -0 0 -0 0 -180 0.0390824 140.428 0 0 0 -0 0 180 0 180
0 -0 0 0 0 -0 0 -180 0.183134 179.452 0 -180 0 0 0 0 0 0
0 180 0 180 0 -180 0 -0 0.814803 138.984 0 -0 0 0 0 0 0 180
inside=1 lambda=0.647 phi=35 theta=0
0 -0 0 -180 0 0 0 0 0.126015 178.69 0 0 0 -0 0 -180 0 0
0 -180 0 -0 0 0 0 180 0.870715 136.024 0 0 0 -180 0 -0 0 0
0 -0 0 -180 0 -180 0 180 8.65381e-14 90.9295 0 -180 0 180 0 0 0 0
0 180 0 -180 0 -180 0 0 7.60594e-14 2.61441 0 -180 0 -0 0 0 0 0
0 0 0 -180 0 -180 0 -180 2.11064e-13 -38.377 0 -180 0 -180 0 0 0 0
0 180 0 -0 0 -0 0 -0 2.38957e-13 -164.384 0 -180 0 -0 0 180 0 180
0 0 0 0 0 0 0 -180 0.240097 -179.8 0 -180 0 0 0 0 0 0
0 180 0 180 0 180 0 -180 0.759294 136.112 0 -0 0 180 0 180 0 180
inside=1 lambda=0.647 phi=35 theta=15
0 -0 0 -180 0 0 0 0 0.133591 178.81 0 0 0 -0 0 -180 0 0
0 -180 0 -0 0 0 0 180 0.863275 136.024 0 0 0 -180 0 -0 0 0
0 -0 0 -180 0 -180 0 -180 0.0275409 -0.384882 0 0 0 180 0 0 0 0
0 180 0 -180 0 -180 0 -0 0.0277261 137.764 0 0 0 -0 0 0 0 0
0 0 0 -180 0 -180 0 -0 0.0278199 0.261454 0 0 0 -180 0 0 0 0
0 180 0 -0 0 -0 0 -180 0.0277429 137.363 0 0 0 -0 0 180 0 180
0 0 0 0 0 -0 0 -180 0.232287 -179.927 0 -180 0 0 0 0 0 0
0 180 0 180 0 180 0 -180 0.766806 136.093 0 -0 0 180 0 180 0 180
inside=1 lambda=0.647 phi=35 theta=30
0 -0 0 -180 0 0 0 0 0.154294 179.104 0 0 0 -0 0 -180 0 0
0 180 0 -0 0 0 0 180 0.84294 136.026 0 0 0 -180 0 -0 0 0
0 0 0 -0 0 -180 0 -180 0.0478518 -0.158394 0 0 0 180 0 0 0 0
0 180 0 -180 0 -180 0 -0 0.0480247 137.564 0 0 0 -0 0 0 0 0
0 0 0 -180 0 180 0 -0 0.0481074 0.171337 0 0 0 -180 0 0 0 0
0 180 0 -0 0 -0 0 -180 0.0480429 137.352 0 0 0 -0 0 180 0 180
0 -0 0 0 0 -0 0 -180 0.211178 179.787 0 -180 0 0 0 0 0 0
0 180 0 180 0 180 0 -180 0.787267 136.059 0 -0 0 0 0 0 0 180
inside=1 lambda=0.647 phi=35 theta=45
0 -0 0 -180 0 0 0 0 0.182647 179.451 0 0 0 -0 0 -180 0 0
0 180 0 -0 0 0 0 180 0.815131 136.036 0 0 0 -180 0 -0 0 0
0 0 0 -0 0 -180 0 -180 0.0554205 0.0351308 0 0 0 180 0 0 0 0
0 180 0 -180 0 -0 0 -0 0.055463 137.413 0 0 0 -0 0 0 0 180
0 0 0 -180 0 180 0 -0 0.0554205 0.0351308 0 0 0 -180 0 0 0 0
0 180 0 -0 0 -0 0 -180 0.055463 137.413 0 0 0 -0 0 0 0 180
0 -0 0 0 0 -0 0 -180 0.182647 179.451 0 -180 0 0 0 0 0 0
0 180 0 180 0 -180 0 -0 0.815131 136.036 0 -0 0 0 0 0 0 0
inside=1 lambda=0.647 phi=40 theta=0
0 -0 0 -180 0 0 0 -0 0.104107 178.348 0 0 0 -0 0 -180 0 0
0 -180 0 -0 0 0 0 180 0.891905 132.814 0 0 0 -180 0 -0 0 0
0 -0 0 -180 0 -180 0 0 7.38665e-14 -93.02 0 180 0 180 0 0 0 0
0 180 0 -180 0 -180 0 0 1.59897e-14 68.979 0 180 0 -0 0 0 0 0
0 0 0 -180 0 -180 0 180 9.17857e-14 65.6585 0 -0 0 -180 0 0 0 0
0 180 0 -0 0 -0 0 -0 5.29487e-14 -158.127 0 0 0 -0 0 180 0 180
0 0 0 0 0 0 0 -180 0.26159 -179.412 0 -180 0 0 0 0 0 0
0 180 0 180 0 180 0 -180 0.738886 132.989 0 -0 0 180 0 180 0 180
inside=1 lambda=0.647 phi=40 theta=15
0 -0 0 -180 0 0 0 -0 0.114543 178.537 0 0 0 -0 0 -180 0 0
0 -180 0 -0 0 0 0 180 0.881705 132.811 0 0 0 -180 0 -0 0 0
0 -0 0 -180 0 -180 0 -180 0.0376528 -0.570704 0 0 0 180 0 0 0 0
0 180 0 -180 0 -180 0 -180 0.0380261 134.707 0 0 0 -0 0 0 0 0
0 0 0 -180 0 -180 0 -0 0.0382456 0.344261 0 0 0 -180 0 0 0 0
0 180 0 -0 0 -0 0 -180 0.038065 134.119 0 0 0 -0 0 180 0 180
0 0 0 0 0 -0 0 -180 0.250528 -179.664 0 -180 0 0 0 0 0 0
0 180 0 180 0 180 0 -180 0.749278 132.936 0 -0 0 180 0 180 0 180
inside=1 lambda=0.647 phi=40 theta=30
0 -0 0 -180 0 0 0 0 0.142981 178.979 0 0 0 -0 0 -180 0 0
0 -180 0 -0 0 0 0 180 0.853824 132.81 0 0 0 -180 0 -0 0 0
0 -0 0 -0 0 -180 0 -180 0.0655783 -0.194361 0 0 0 180 0 0 0 0
0 180 0 -180 0 -180 0 -180 0.0658627 134.342 0 0 0 -0 0 0 0 0
0 0 0 -180 0 180 0 -0 0.0660775 0.221912 0 0 0 -180 0 0 0 0
0 180 0 -0 0 -0 0 -180 0.0659063 134.055 0 0 0 -0 0 0 0 180
0 -0 0 0 0 -0 0 -180 0.221183 179.895 0 -180 0 0 0 0 0 0
0 180 0 180 0 -180 0 -180 0.777438 132.863 0 -0 0 0 0 0 0 0
inside=1 lambda=0.647 phi=40 theta=45
0 -0 0 -180 0 0 0 0 0.181907 179.45 0 0 0 -0 0 -180 0 0
0 180 0 -0 0 0 0 180 0.815685 132.823 0 0 0 -180 0 -0 0 0
0 0 0 -0 0 -180 0 -180 0.0760567 0.0591251 0 0 0 180 0 0 0 0
0 180 0 -180 0 -180 0 -0 0.0760726 134.12 0 0 0 -0 0 0 0 0
0 0 0 -180 0 180 0 -0 0.0760567 0.0591251 0 0 0 -180 0 0 0 0
0 180 0 -0 0 -0 0 -180 0.0760726 134.12 0 0 0 -180 0 0 0 0
0 -0 0 0 0 -0 0 -180 0.181907 179.45 0 -180 0 0 0 0 0 0
0 180 0 180 0 -180 0 -0 0.815685 132.823 0 -0 0 0 0 0 0 0
inside=1 lambda=0.647 phi=45 theta=0
0 -0 0 -180 0 0 0 -0 0.0753587 177.592 0 0 0 -0 0 -180 0 0
0 -180 0 -0 0 0 0.0121328 44.4124 0.91798 129.473 0 0 0 -180 0 -0 0 0
0 -0 0 -180 0 -180 0 0 5.53783e-14 169.37 0 -0 0 180 0 0 0 0
0 180 0 -180 0 -180 5.57699e-13 42.9385 4.04891e-14 61.5471 0 -0 0 -0 0 0 0 0
0 0 0 -180 0 -180 0 -180 2.64314e-13 140.638 0 -180 0 -180 0 0 0 0
0 180 0 -0 0 -0 1.63192e-12 -15.8302 4.31186e-13 -100.543 0 0 0 -0 0 180 0 180
0 0 0 0 0 0 0 -180 0.287448 -177.495 0 -180 0 0 0 0 0 0
0 180 0 180 0 180 0.227242 -83.1512 0.709629 129.953 0 -0 0 180 0 180 0 180
inside=1 lambda=0.647 phi=45 theta=15
0 -0 0 -180 0 0 0 -0 0.0903488 178.15 0 0 0 -0 0 180 0 0
0 -180 0 -0 0 0 0 180 0.904983 129.428 0 0 0 -180 0 -0 0 0
0 -0 0 -180 0 -180 0 -180 0.0500768 -0.972627 0 0 0 180 0 0 0 0
0 180 0 -180 0 -180 0 -180 0.0509283 131.723 0 0 0 -0 0 0 0 0
0 0 0 -180 0 180 0 -0 0.0514065 0.465967 0 0 0 -180 0 0 0 0
0 180 0 -0 0 -0 0 -180 0.0510003 130.788 0 0 0 -0 0 180 0 180
0 -0 0 0 0 -0 0 -180 0.2741 -179.176 0 -180 0 0 0 0 0 0
0 180 0 180 0 180 0 -180 0.727341 129.683 0 -0 0 180 0 0 0 180
inside=1 lambda=0.647 phi=45 theta=30
0 -0 0 -180 0 0 0 -0 0.128606 178.817 0 0 0 -0 0 180 0 0
0 -180 0 -0 0 0 0 180 0.867663 129.413 0 0 0 -180 0 -0 0 0
0 -0 0 -0 0 -180 0 -180 0.0877023 -0.239071 0 0 0 180 0 0 0 0
0 180 0 -180 0 -180 0 -180 0.088176 130.953 0 0 0 -0 0 0 0 0
0 0 0 -180 0 180 0 -0 0.0886309 0.268504 0 0 0 -180 0 0 0 0
0 180 0 -0 0 -0 0 -180 0.0882709 130.572 0 0 0 -180 0 0 0 0
0 -0 0 0 0 -0 0 -180 0.2336 -179.98 0 -180 0 0 0 0 0 0
0 180 0 180 0 -180 0 -180 0.76534 129.495 0 -0 0 0 0 0 0 0
inside=1 lambda=0.647 phi=45 theta=45
0 -0 0 -180 0 0 0 -0 0.180779 179.45 0 0 0 -0 0 -180 0 0
0 180 0 -180 0 0 0 180 0.8166 129.429 0 0 0 -180 0 -0 0 0
0 0 0 -0 0 -180 0 -180 0.101908 0.0816392 0 0 0 180 0 0 0 0
0 180 0 -180 0 -180 0 -0 0.101861 130.632 0 0 0 -0 0 0 0 0
0 0 0 -180 0 180 0 -0 0.101908 0.0816392 0 0 0 -180 0 0 0 0
0 180 0 -0 0 -0 0 -180 0.101861 130.632 0 0 0 -180 0 0 0 0
0 -0 0 -0 0 -0 0 -180 0.180779 179.45 0 -180 0 0 0 0 0 0
0 180 0 180 0 -180 0 -180 0.8166 129.429 0 -0 0 0 0 0 0 0
