RSoft_BSDF_File_Version 2
1 0 5 2 1 0.731429
0.3 0.3
-1 1
-1 1
1 0.647 0.647
10 0 45 0.5
4 0 45
Begin_Dispersion_Data
0.647 1.45662 0 1 0 0
End_Dispersion_Data
inside=0 lambda=0.647 phi=0 theta=0
0 0 0 -180 0 0 0 0 0.184836 102.972 0 0 0 0 0 -180 0 0
0 -180 0 0 0 -180 0 -180 1.18611 -128.421 0 -180 0 -180 0 0 0 -180
0 0 0 -0 0 -180 0 -0 3.85206e-13 118.804 0 -0 0 -180 0 -0 0 0
0 -180 0 180 0 0 0 -0 5.50748e-13 -59.4236 0 0 0 0 0 -180 0 -180
0 0 0 0 0 -180 0 180 4.21208e-13 -141.481 0 180 0 -180 0 0 0 0
0 -180 0 -180 0 0 0 0 7.70101e-13 -16.9712 0 -0 0 0 0 -180 0 -180
0 0 0 0 0 0 0 -180 0.184836 102.972 0 -180 0 0 0 0 0 0
0 -180 0 -180 0 -180 0 0 1.18611 -128.421 0 0 0 -180 0 -180 0 -180
inside=0 lambda=0.647 phi=0 theta=15
0 0 0 -180 0 0 0 0 0.184836 102.972 0 0 0 0 0 -180 0 0
0 -180 0 0 0 -180 0 -180 1.18611 -128.421 0 -180 0 -180 0 0 0 -180
0 0 0 -0 0 -180 0 -0 3.85206e-13 118.804 0 -0 0 -180 0 -0 0 0
0 -180 0 180 0 0 0 -0 5.50748e-13 -59.4236 0 0 0 0 0 -180 0 -180
0 0 0 0 0 -180 0 180 4.21208e-13 -141.481 0 180 0 -180 0 0 0 0
0 -180 0 -180 0 0 0 0 7.70101e-13 -16.9712 0 -0 0 0 0 -180 0 -180
0 0 0 0 0 0 0 -180 0.184836 102.972 0 -180 0 0 0 0 0 0
0 -180 0 -180 0 -180 0 0 1.18611 -128.421 0 0 0 -180 0 -180 0 -180
inside=0 lambda=0.647 phi=0 theta=30
0 0 0 -180 0 0 0 0 0.184836 102.972 0 0 0 0 0 -180 0 0
0 -180 0 0 0 -180 0 -180 1.18611 -128.421 0 -180 0 -180 0 0 0 -180
0 0 0 -0 0 -180 0 -0 3.85206e-13 118.804 0 -0 0 -180 0 -0 0 0
0 -180 0 180 0 0 0 -0 5.50748e-13 -59.4236 0 0 0 0 0 -180 0 -180
0 0 0 0 0 -180 0 180 4.21208e-13 -141.481 0 180 0 -180 0 0 0 0
0 -180 0 -180 0 0 0 0 7.70101e-13 -16.9712 0 -0 0 0 0 -180 0 -180
0 0 0 0 0 0 0 -180 0.184836 102.972 0 -180 0 0 0 0 0 0
0 -180 0 -180 0 -180 0 0 1.18611 -128.421 0 0 0 -180 0 -180 0 -180
inside=0 lambda=0.647 phi=0 theta=45
0 0 0 -180 0 0 0 0 0.184836 102.972 0 0 0 0 0 -180 0 0
0 -180 0 0 0 -180 0 -180 1.18611 -128.421 0 -180 0 -180 0 0 0 -180
0 0 0 -0 0 -180 0 -0 3.85206e-13 118.804 0 -0 0 -180 0 -0 0 0
0 -180 0 180 0 0 0 -0 5.50748e-13 -59.4236 0 0 0 0 0 -180 0 -180
0 0 0 0 0 -180 0 180 4.21208e-13 -141.481 0 180 0 -180 0 0 0 0
0 -180 0 -180 0 0 0 0 7.70101e-13 -16.9712 0 -0 0 0 0 -180 0 -180
0 0 0 0 0 0 0 -180 0.184836 102.972 0 -180 0 0 0 0 0 0
0 -180 0 -180 0 -180 0 0 1.18611 -128.421 0 0 0 -180 0 -180 0 -180
inside=0 lambda=0.647 phi=5 theta=0
0 0 0 -180 0 0 0 0 0.182862 98.5173 0 0 0 0 0 -180 0 0
0 -180 0 0 0 -180 0 -180 1.184 -130.658 0 -180 0 -180 0 0 0 -180
0 0 0 -180 0 -180 0 180 4.10882e-13 53.3021 0 -180 0 -180 0 0 0 0
0 -180 0 -0 0 0 0 180 5.25649e-13 178.4 0 180 0 0 0 180 0 -180
0 0 0 -180 0 -180 0 -0 5.25668e-13 -68.1991 0 180 0 -180 0 0 0 0
0 -180 0 0 0 0 0 -180 7.96746e-13 91.2477 0 -0 0 0 0 -180 0 -180
0 0 0 0 0 0 0 -180 0.186966 98.4874 0 -180 0 0 0 0 0 0
0 -180 0 -180 0 -180 0 0 1.18818 -130.667 0 0 0 -180 0 -180 0 -180
inside=0 lambda=0.647 phi=5 theta=15
0 0 0 -180 0 0 0 0 0.183137 98.5151 0 0 0 0 0 -180 0 0
0 -180 0 0 0 -180 0 -180 1.18428 -130.659 0 -180 0 -180 0 0 0 -180
0 0 0 -180 0 -180 0 -180 0.00104111 -84.5063 0 0 0 -180 0 0 0 0
0 -180 0 -0 0 0 0 0 0.00105885 39.2335 0 -180 0 0 0 180 0 -180
0 0 0 -180 0 -180 0 -180 0.001041 -84.4955 0 0 0 -180 0 0 0 0
0 -180 0 0 0 0 0 -0 0.00105852 39.306 0 180 0 0 0 -180 0 -180
0 0 0 0 0 0 0 -180 0.186691 98.4892 0 -180 0 0 0 0 0 0
0 -180 0 -180 0 -180 0 0 1.1879 -130.667 0 0 0 -180 0 -180 0 -180
inside=0 lambda=0.647 phi=5 theta=30
0 0 0 -180 0 0 0 0 0.183888 98.5094 0 0 0 0 0 -180 0 0
0 -180 0 0 0 -180 0 -180 1.18504 -130.66 0 -180 0 -180 0 0 0 -180
0 0 0 -180 0 -180 0 -180 0.00180321 -84.5041 0 0 0 -180 0 0 0 0
0 -180 0 -0 0 0 0 0 0.00183386 39.2491 0 -180 0 0 0 180 0 -180
0 0 0 -180 0 -180 0 -180 0.00180311 -84.4979 0 0 0 -180 0 0 0 0
0 -180 0 0 0 0 0 -0 0.00183352 39.2909 0 180 0 0 0 -180 0 -180
0 0 0 0 0 0 0 -180 0.18594 98.4944 0 -180 0 0 0 0 0 0
0 -180 0 -180 0 -180 0 0 1.18713 -130.665 0 0 0 -180 0 -180 0 -180
inside=0 lambda=0.647 phi=5 theta=45
0 0 0 -180 0 0 0 0 0.184914 98.5017 0 0 0 0 0 -180 0 0
0 -180 0 0 0 -180 0 -180 1.18609 -130.663 0 -180 0 -180 0 0 0 -180
0 0 0 -180 0 -180 0 -180 0.00208211 -84.501 0 0 0 -180 0 0 0 0
0 -180 0 -0 0 0 0 0 0.00211736 39.2701 0 -180 0 0 0 180 0 -180
0 0 0 -180 0 -180 0 -180 0.00208211 -84.501 0 0 0 -180 0 0 0 0
0 -180 0 0 0 0 0 -0 0.00211736 39.2701 0 180 0 0 0 -180 0 -180
0 0 0 0 0 0 0 -180 0.184914 98.5017 0 -180 0 0 0 0 0 0
0 -180 0 -180 0 -180 0 0 1.18609 -130.663 0 0 0 -180 0 -180 0 -180
inside=0 lambda=0.647 phi=10 theta=0
0 0 0 -180 0 0 0 0 0.176674 85.2145 0 0 0 0 0 -180 0 0
0 -180 0 0 0 -180 0 -180 1.17742 -137.351 0 -180 0 -180 0 0 0 -180
0 0 0 -180 0 -180 0 180 4.10392e-13 -18.5498 0 180 0 -180 0 0 0 0
0 -180 0 -0 0 0 0 180 6.26166e-13 133.454 0 180 0 0 0 180 0 -180
0 0 0 -180 0 -180 0 180 1.66085e-13 -20.7329 0 180 0 -180 0 0 0 0
0 -180 0 0 0 0 0 -180 5.93731e-13 124.631 0 180 0 0 0 -180 0 -180
0 0 0 0 0 0 0 -180 0.193544 85.0744 0 -180 0 0 0 0 0 0
0 -180 0 -180 0 -180 0 0 1.19464 -137.386 0 0 0 -180 0 -180 0 -180
inside=0 lambda=0.647 phi=10 theta=15
0 0 0 -180 0 0 0 0 0.177806 85.2027 0 0 0 0 0 -180 0 0
0 -180 0 0 0 -180 0 -180 1.17857 -137.354 0 -180 0 -180 0 0 0 -180
0 0 0 -180 0 -180 0 -180 0.00428599 -97.874 0 0 0 -180 0 0 0 0
0 -180 0 -0 0 0 0 0 0.00435747 32.5848 0 -180 0 0 0 180 0 -180
0 0 0 -180 0 -180 0 -180 0.0042842 -97.8358 0 0 0 -180 0 0 0 0
0 -180 0 0 0 0 0 -0 0.00435186 32.8838 0 180 0 0 0 -180 0 -180
0 0 0 0 0 0 0 -180 0.192416 85.0814 0 -180 0 0 0 0 0 0
0 -180 0 -180 0 -180 0 0 1.19348 -137.384 0 0 0 -180 0 -180 0 -180
inside=0 lambda=0.647 phi=10 theta=30
0 0 0 -180 0 0 0 0 0.180898 85.1722 0 0 0 0 0 -180 0 0
0 -180 0 0 0 -180 0 -180 1.18172 -137.361 0 -180 0 -180 0 0 0 -180
0 0 0 -180 0 -180 0 -180 0.00742272 -97.867 0 0 0 -180 0 0 0 0
0 -180 0 -0 0 0 0 0 0.00754513 32.6517 0 -180 0 0 0 180 0 -180
0 0 0 -180 0 -180 0 -180 0.00742095 -97.845 0 0 0 -180 0 0 0 0
0 -180 0 0 0 0 0 -0 0.00753953 32.8241 0 180 0 0 0 -180 0 -180
0 0 0 0 0 0 0 -180 0.189334 85.1023 0 -180 0 0 0 0 0 0
0 -180 0 -180 0 -180 0 0 1.19033 -137.379 0 0 0 -180 0 -180 0 -180
inside=0 lambda=0.647 phi=10 theta=45
0 0 0 -180 0 0 0 0 0.185118 85.1349 0 0 0 0 0 -180 0 0
0 -180 0 0 0 -180 0 -180 1.18603 -137.37 0 -180 0 -180 0 0 0 -180
0 0 0 -180 0 -180 0 -180 0.0085699 -97.8566 0 0 0 -180 0 0 0 0
0 -180 0 -0 0 0 0 0 0.00870904 32.7396 0 -180 0 0 0 180 0 -180
0 0 0 -180 0 -180 0 -180 0.0085699 -97.8566 0 0 0 -180 0 0 0 0
0 -180 0 0 0 0 0 -0 0.00870904 32.7396 0 180 0 0 0 -180 0 -180
0 0 0 0 0 0 0 -180 0.185118 85.1349 0 -180 0 0 0 0 0 0
0 -180 0 -180 0 -180 0 0 1.18603 -137.37 0 0 0 -180 0 -180 0 -180
inside=0 lambda=0.647 phi=15 theta=0
0 -0 0 -180 0 0 0 0 0.165338 63.2542 0 0 0 -0 0 -180 0 0
0 -180 0 0 0 180 0 -180 1.16557 -148.444 0 180 0 -180 0 0 0 180
0 0 0 -180 0 -180 0 -0 5.3695e-14 -118.158 0 180 0 -180 0 0 0 0
0 -180 0 -0 0 -0 0 -0 9.04232e-14 78.1648 0 -0 0 0 0 180 0 180
0 0 0 -180 0 -180 0 180 1.11938e-14 -8.07869 0 -0 0 -180 0 0 0 0
0 -180 0 0 0 0 0 180 4.66829e-14 140.211 0 -180 0 0 0 -180 0 -180
0 0 0 0 0 0 0 -180 0.205212 62.842 0 -180 0 0 0 0 0 0
0 -180 0 -180 0 -180 0 -0 1.20628 -148.513 0 0 0 -180 0 -180 0 -180
inside=0 lambda=0.647 phi=15 theta=15
0 -0 0 -180 0 0 0 0 0.168019 63.2124 0 0 0 -0 0 -180 0 0
0 -180 0 0 0 180 0 -180 1.16829 -148.451 0 180 0 -180 0 0 0 180
0 0 0 -180 0 -180 0 -180 0.0101374 -120.019 0 0 0 -180 0 0 0 0
0 -180 0 -0 0 -0 0 -0 0.0103029 21.5495 0 180 0 0 0 180 0 180
0 0 0 -180 0 -180 0 -180 0.0101278 -119.953 0 0 0 -180 0 0 0 0
0 -180 0 0 0 0 0 -0 0.010272 22.2625 0 180 0 0 0 -180 0 -180
0 0 0 0 0 0 0 -180 0.202556 62.8573 0 -180 0 0 0 0 0 0
0 -180 0 -180 0 -180 0 -0 1.20354 -148.511 0 0 0 -180 0 180 0 -180
inside=0 lambda=0.647 phi=15 theta=30
0 -0 0 -180 0 0 0 0 0.175339 63.1101 0 0 0 -0 0 -180 0 0
0 -180 0 -0 0 180 0 -180 1.17573 -148.469 0 180 0 -180 0 0 0 180
0 0 0 -180 0 -180 0 -180 0.0175529 -120.012 0 0 0 -180 0 0 0 0
0 -180 0 -0 0 -0 0 -0 0.0178314 21.7213 0 180 0 0 0 180 0 180
0 0 0 -180 0 -180 0 -180 0.0175436 -119.974 0 0 0 -180 0 0 0 0
0 -180 0 0 0 0 0 -0 0.0178009 22.13 0 180 0 0 0 -180 0 -180
0 0 0 0 0 0 0 -180 0.195285 62.9072 0 -180 0 0 0 0 0 0
0 -180 0 -180 0 -180 0 -0 1.19608 -148.505 0 0 0 -180 0 180 0 -180
inside=0 lambda=0.647 phi=15 theta=45
0 0 0 -180 0 0 0 0 0.185324 62.9957 0 0 0 -0 0 -180 0 0
0 -180 0 -0 0 180 0 -180 1.1859 -148.49 0 180 0 -180 0 0 0 180
0 0 0 -180 0 -180 0 -180 0.0202619 -119.997 0 0 0 -180 0 0 0 0
0 -180 0 -0 0 0 0 -0 0.020571 21.9353 0 180 0 0 0 180 0 -180
0 0 0 -180 0 -180 0 -180 0.0202619 -119.997 0 0 0 -180 0 0 0 0
0 -180 0 -0 0 0 0 -0 0.020571 21.9353 0 180 0 0 0 180 0 -180
0 0 0 0 0 -0 0 -180 0.185324 62.9957 0 -180 0 0 0 0 0 0
0 -180 0 -180 0 -180 0 -0 1.1859 -148.49 0 0 0 180 0 180 0 180
inside=0 lambda=0.647 phi=20 theta=0
0 -0 0 -180 0 0 0 0 0.146791 32.9672 0 0 0 -0 0 -180 0 0
0 -180 0 -0 0 180 0 180 1.14677 -163.847 0 180 0 -180 0 -0 0 180
0 0 0 -180 0 -180 0 0 1.1305e-13 -66.7565 0 180 0 -180 0 0 0 0
0 -180 0 -0 0 -0 0 -180 2.9455e-13 -51.3262 0 -0 0 0 0 180 0 180
0 0 0 -180 0 -180 0 180 2.2416e-13 -1.52596 0 -0 0 -180 0 0 0 0
0 180 0 -0 0 0 0 -180 2.25874e-13 120.966 0 0 0 -0 0 180 0 -180
0 0 0 0 0 0 0 -180 0.223375 31.9376 0 -180 0 0 0 0 0 0
0 180 0 180 0 -180 0 -0 1.22469 -163.935 0 -0 0 180 0 180 0 -180
inside=0 lambda=0.647 phi=20 theta=15
0 -0 0 -180 0 0 0 0 0.151945 32.8388 0 0 0 -0 0 -180 0 0
0 -180 0 -0 0 180 0 180 1.15197 -163.863 0 180 0 -180 0 -0 0 180
0 0 0 -180 0 -180 0 -180 0.019417 -150.741 0 0 0 -180 0 0 0 0
0 -180 0 -0 0 -0 0 -0 0.0197382 6.1689 0 180 0 0 0 180 0 180
0 0 0 -180 0 -180 0 -180 0.0193918 -150.669 0 0 0 -180 0 0 0 0
0 -180 0 -0 0 0 0 -0 0.0196295 7.56251 0 180 0 -0 0 180 0 180
0 0 0 0 0 0 0 -180 0.2183 31.9657 0 -180 0 0 0 0 0 0
0 -180 0 180 0 -180 0 -0 1.21944 -163.942 0 -0 0 180 0 180 0 180
inside=0 lambda=0.647 phi=20 theta=30
0 -0 0 -180 0 0 0 0 0.166023 32.5475 0 0 0 -0 0 -180 0 0
0 -180 0 -0 0 180 0 180 1.1662 -163.899 0 180 0 -180 0 -0 0 180
0 0 0 -180 0 -180 0 -180 0.0336111 -150.756 0 0 0 -180 0 0 0 0
0 -180 0 -0 0 -0 0 -0 0.0341306 6.54647 0 180 0 0 0 180 0 180
0 0 0 -180 0 -180 0 -180 0.0335881 -150.712 0 0 0 -180 0 0 0 0
0 -180 0 -0 0 0 0 -0 0.0340263 7.33005 0 180 0 -0 0 180 0 180
0 0 0 0 0 -0 0 -180 0.204364 32.0635 0 -180 0 0 0 0 0 0
0 -180 0 180 0 -180 0 -0 1.20514 -163.948 0 -0 0 180 0 180 0 180
inside=0 lambda=0.647 phi=20 theta=45
0 -0 0 -180 0 0 0 0 0.185226 32.2588 0 0 0 -0 0 -180 0 0
0 -180 0 -0 0 180 0 180 1.18565 -163.934 0 180 0 -180 0 -0 0 180
0 0 0 -180 0 -180 0 -180 0.0387923 -150.748 0 0 0 -180 0 0 0 0
0 -180 0 -0 0 -0 0 -0 0.0393424 6.97237 0 180 0 0 0 180 0 180
0 0 0 -180 0 -180 0 -180 0.0387923 -150.748 0 0 0 -180 0 0 0 0
0 -180 0 -0 0 0 0 -0 0.0393424 6.97237 0 180 0 -0 0 180 0 180
0 -0 0 0 0 -0 0 -180 0.185226 32.2588 0 -180 0 0 0 0 0 0
0 -180 0 180 0 -180 0 -0 1.18565 -163.934 0 -0 0 180 0 180 0 180
inside=0 lambda=0.647 phi=25 theta=0
0 -0 0 -180 0 0 0 0 0.116948 -5.12429 0 0 0 -0 0 -180 0 0
0 -180 0 -0 0 180 0 180 1.1177 176.564 0 180 0 -180 0 -0 0 180
0 -0 0 -180 0 -180 0 180 8.50307e-14 38.4438 0 180 0 180 0 0 0 0
0 -180 0 -180 0 -0 0 180 1.71649e-13 -108.385 0 -0 0 0 0 0 0 180
0 0 0 -180 0 -180 0 -0 1.66516e-13 22.2101 0 -0 0 -180 0 0 0 0
0 180 0 -0 0 -0 0 0 5.98745e-13 -119.576 0 -0 0 -0 0 180 0 180
0 0 0 0 0 0 0 -180 0.251295 -7.44981 0 -180 0 0 0 0 0 0
0 180 0 180 0 180 0 -0 1.25275 176.548 0 -0 0 180 0 180 0 180
inside=0 lambda=0.647 phi=25 theta=15
0 -0 0 -180 0 0 0 0 0.125959 -5.53544 0 0 0 -0 0 -180 0 0
0 -180 0 -0 0 180 0 180 1.12673 176.531 0 180 0 -180 0 -0 0 180
0 -0 0 -180 0 -180 0 -180 0.0336986 170.247 0 0 0 180 0 0 0 0
0 -180 0 -180 0 -0 0 -0 0.0343192 -13.5954 0 180 0 0 0 0 0 180
0 0 0 -180 0 -180 0 -180 0.03369 170.302 0 180 0 -180 0 0 0 0
0 180 0 -0 0 -0 0 -180 0.0340159 -11.0578 0 0 0 -0 0 180 0 180
0 0 0 0 0 -0 0 -180 0.242367 -7.39537 0 -180 0 0 0 0 0 0
0 180 0 180 0 180 0 -0 1.24366 176.498 0 -0 0 180 0 180 0 180
inside=0 lambda=0.647 phi=25 theta=30
0 -0 0 -180 0 0 0 0 0.150586 -6.31403 0 0 0 -0 0 -180 0 0
0 -180 0 -0 0 180 0 180 1.15141 176.464 0 180 0 -180 0 -0 0 180
0 0 0 -180 0 -180 0 -180 0.0583401 170.157 0 0 0 180 0 0 0 0
0 180 0 -180 0 -0 0 -0 0.0592475 -12.7676 0 180 0 0 0 0 0 180
0 0 0 -180 0 180 0 -180 0.0583367 170.203 0 180 0 -180 0 0 0 0
0 180 0 -0 0 -0 0 -180 0.0589801 -11.4188 0 0 0 -0 0 180 0 180
0 -0 0 0 0 -0 0 -180 0.217847 -7.25109 0 -180 0 0 0 0 0 0
0 -180 0 180 0 -180 0 -0 1.2189 176.427 0 -0 0 180 0 180 0 180
inside=0 lambda=0.647 phi=25 theta=45
0 -0 0 -180 0 0 0 0 0.184235 -6.92431 0 0 0 -0 0 -180 0 0
0 -180 0 -0 0 180 0 180 1.18514 176.415 0 180 0 -180 0 -0 0 180
0 0 0 -180 0 -180 0 -180 0.0673532 170.141 0 0 0 180 0 0 0 0
0 180 0 -180 0 -0 0 -0 0.0682287 -11.9986 0 180 0 0 0 0 0 180
0 0 0 -180 0 180 0 -180 0.0673532 170.141 0 0 0 -180 0 0 0 0
0 180 0 -0 0 0 0 -180 0.0682287 -11.9986 0 0 0 -0 0 180 0 180
0 -0 0 0 0 -0 0 -180 0.184235 -6.92431 0 -180 0 0 0 0 0 0
0 -180 0 180 0 -180 0 -0 1.18514 176.415 0 -0 0 180 0 180 0 180
inside=0 lambda=0.647 phi=30 theta=0
0 -0 0 -180 0 0 0.0257864 43.211 0.0685217 -52.1918 0 0 0 -0 0 -180 0 0
0 -180 0 -0 0 180 0 -180 1.06947 152.802 0 180 0 -180 0 -0 0 180
0 -0 0 -0 0 -180 1.34794e-12 0.86099 2.83137e-13 116.375 0 -180 0 180 0 180 0 0
0 180 0 -180 0 -0 0 -0 2.83558e-13 -15.7671 0 -0 0 -0 0 0 0 180
0 0 0 -180 0 -180 2.02352e-13 25.4727 4.28716e-13 -36.8647 0 0 0 -180 0 0 0 0
0 180 0 -0 0 -0 0 -180 2.92256e-13 113.768 0 -180 0 -0 0 180 0 180
0 0 0 0 0 0 0.319636 16.6499 0.297666 -51.5854 0 -180 0 0 0 0 0 0
0 180 0 180 0 180 0 -0 1.27875 152.639 0 -0 0 180 0 180 0 180
inside=0 lambda=0.647 phi=30 theta=15
0 -0 0 -180 0 0 0 -0 0.0820272 -50.842 0 0 0 -0 0 -180 0 0
0 -180 0 -0 0 180 0 180 1.08629 152.952 0 180 0 -180 0 -0 0 180
0 -0 0 -180 0 -180 0 -180 0.0559048 123.532 0 0 0 180 0 0 0 0
0 180 0 -180 0 -0 0 -0 0.0577031 -39.2119 0 180 0 -0 0 0 0 180
0 -0 0 -180 0 180 0 -0 0.0564677 123.515 0 0 0 -180 0 0 0 0
0 180 0 -0 0 -0 0 -180 0.0566384 -33.5525 0 0 0 -0 0 180 0 180
0 -0 0 -0 0 -0 0 -180 0.284253 -54.9007 0 -180 0 0 0 0 0 0
0 180 0 180 0 180 0 -180 1.27957 153.371 0 -0 0 180 0 180 0 180
inside=0 lambda=0.647 phi=30 theta=30
0 -0 0 -180 0 0 0 -0 0.124541 -53.5883 0 0 0 -0 0 -180 0 0
0 -180 0 -0 0 180 0 180 1.12749 152.756 0 180 0 -180 0 -0 0 180
0 -0 0 -180 0 -180 0 -180 0.0974128 123.061 0 0 0 180 0 0 0 0
0 180 0 -180 0 -0 0 -0 0.0989647 -36.0981 0 180 0 -0 0 0 0 180
0 0 0 -180 0 180 0 -0 0.0976117 123.182 0 0 0 -180 0 0 0 0
0 180 0 -0 0 -0 0 -180 0.098419 -33.9246 0 0 0 -0 0 180 0 180
0 -0 0 -0 0 -0 0 -180 0.238703 -54.7632 0 -180 0 0 0 0 0 0
0 180 0 180 0 180 0 -0 1.23999 152.814 0 -0 0 180 0 180 0 180
inside=0 lambda=0.647 phi=30 theta=45
0 -0 0 -180 0 0 0 -0 0.18142 -54.5647 0 0 0 -0 0 -180 0 0
0 -180 0 -0 0 180 0 180 1.18383 152.7 0 180 0 -180 0 -0 0 180
0 -0 0 -0 0 -180 0 -180 0.11261 123.022 0 0 0 180 0 0 0 0
0 180 0 -180 0 -0 0 -0 0.113899 -34.796 0 180 0 -0 0 0 0 180
0 -0 0 -180 0 180 0 -0 0.11261 123.022 0 0 0 -180 0 0 0 0
0 180 0 -0 0 -0 0 -180 0.113899 -34.796 0 0 0 -0 0 180 0 180
0 -0 0 -0 0 -0 0 -180 0.18142 -54.5647 0 -180 0 0 0 0 0 0
0 -180 0 180 0 -180 0 -0 1.18383 152.7 0 -0 0 180 0 180 0 180
inside=0 lambda=0.647 phi=35 theta=0
0 -0 0 -180 0 0 0.010795 -49.6106 0.016819 58.042 0 0 0 -0 0 -180 0 0
0 -180 0 -0 0 0 0 180 0.98826 125.377 0 0 0 -180 0 -0 0 0
0 -0 0 -180 0 -180 3.06805e-13 -140.241 2.93446e-13 144.198 0 -0 0 180 0 0 0 0
0 180 0 -180 0 -180 0 0 3.7427e-13 42.7779 0 -0 0 -0 0 0 0 0
0 0 0 -180 0 -180 1.02644e-13 -92.0127 3.46992e-13 -149.681 0 -180 0 -180 0 0 0 0
0 180 0 -0 0 -0 0 -180 5.43039e-13 28.4797 0 180 0 -0 0 180 0 180
0 0 0 0 0 0 0.389337 38.1336 0.313915 -107.646 0 -180 0 0 0 0 0 0
0 180 0 180 0 180 0 -180 1.33723 126.576 0 -0 0 180 0 180 0 180
inside=0 lambda=0.647 phi=35 theta=15
0 -0 0 -180 0 0 0.0088578 -18.7101 0.009564 -99.755 0 0 0 -0 0 180 0 0
0 -180 0 -0 0 0 0 180 1.01396 125.236 0 0 0 -180 0 -0 0 0
0 -0 0 -0 0 -180 0.0112991 -67.7762 0.0968086 68.1344 0 0 0 180 0 0 0 0
0 180 0 -180 0 -180 0 -180 0.0984761 -65.2297 0 0 0 -0 0 0 0 0
0 0 0 -180 0 180 0.0492753 -29.7429 0.0951689 69.7919 0 0 0 -180 0 0 0 0
0 180 0 -0 0 -0 0 180 0.095288 -58.2513 0 0 0 -0 0 180 0 180
0 -0 0 0 0 -0 0.236585 -18.9408 0.326588 -105.76 0 -180 0 0 0 0 0 0
0 180 0 180 0 180 0 -180 1.33371 126.52 0 -0 0 180 0 180 0 180
inside=0 lambda=0.647 phi=35 theta=30
0 -0 0 -180 0 0 0 -0 0.0779657 -111.264 0 0 0 -180 0 180 0 0
0 -180 0 -0 0 0 0 180 1.08403 125.133 0 0 0 -180 0 -0 0 0
0 -0 0 -180 0 -180 0 -180 0.164671 68.4832 0 0 0 180 0 0 0 0
0 180 0 -180 0 -180 0 -180 0.167281 -63.2775 0 0 0 -0 0 0 0 0
0 -0 0 -180 0 180 0 -0 0.165579 68.9172 0 0 0 -180 0 0 0 0
0 180 0 -0 0 -0 0 -180 0.166352 -59.8773 0 0 0 -0 0 180 0 0
0 -0 0 -0 0 -0 0 -180 0.274061 -109.755 0 180 0 0 0 0 0 0
0 180 0 180 0 180 0 -180 1.27413 125.549 0 -0 0 180 0 0 0 0
inside=0 lambda=0.647 phi=35 theta=45
0 -0 0 -180 0 0 0 -0 0.175155 -111.081 0 0 0 -0 0 180 0 0
0 180 0 -180 0 0 0 180 1.17966 125.07 0 0 0 180 0 -0 0 0
0 0 0 -0 0 -180 0 -180 0.190818 68.3813 0 0 0 180 0 0 0 0
0 180 0 -180 0 -180 0 -180 0.192641 -61.1792 0 0 0 -0 0 0 0 0
0 0 0 -180 0 180 0 -0 0.190818 68.3813 0 0 0 -180 0 0 0 0
0 180 0 -180 0 -0 0 -180 0.192641 -61.1792 0 0 0 -180 0 0 0 0
0 -0 0 -0 0 -0 0 -180 0.175155 -111.081 0 180 0 0 0 0 0 0
0 180 0 180 0 180 0 -180 1.17966 125.07 0 -0 0 0 0 0 0 0
inside=0 lambda=0.647 phi=40 theta=0
0 -0 0 180 0 0 0.031515 -71.4854 0.203833 8.27107 0 0 0 -0 0 180 0 0
0 180 0 -0 0 0 0 -180 0.799468 94.2829 0 0 0 180 0 -0 0 0
0 -0 0 -180 0 -180 1.9761e-12 89.1875 2.12144e-13 -10.084 0 -180 0 180 0 0 0 0
0 180 0 -180 0 -180 0 180 7.86808e-13 -155.205 0 180 0 -0 0 0 0 0
0 0 0 -180 0 -180 9.99907e-14 -132.913 4.31532e-13 153.366 0 0 0 -180 0 0 0 0
0 180 0 -0 0 -0 0 0 1.82331e-13 77.1259 0 0 0 -0 0 180 0 180
0 0 0 0 0 0 0.273277 137.047 0.570978 -179.536 0 -180 0 0 0 0 0 0
0 180 0 180 0 180 0 -180 1.40435 94.9072 0 -0 0 180 0 180 0 180
inside=0 lambda=0.647 phi=40 theta=15
0 -0 0 -180 0 0 0.0138746 109.518 0.154631 10.0144 0 0 0 -0 0 180 0 0
0 -180 0 -0 0 0 0 180 0.849652 93.9315 0 0 0 180 0 -0 0 0
0 -0 0 -180 0 -180 0.106603 147.131 0.17343 13.4768 0 0 0 180 0 0 0 0
0 180 0 -180 0 -180 0 -180 0.194247 -94.3458 0 0 0 -0 0 -0 0 0
0 0 0 -180 0 -180 0.120983 81.2412 0.170667 8.87802 0 0 0 -180 0 0 0 0
0 180 0 -0 0 -0 0 180 0.168908 -87.1523 0 -0 0 -0 0 180 0 0
0 0 0 0 0 -0 0.432658 67.5165 0.432099 177.426 0 -180 0 0 0 0 0 0
0 180 0 180 0 180 0 -180 1.38438 95.4513 0 -0 0 180 0 180 0 0
inside=0 lambda=0.647 phi=40 theta=30
0 -0 0 -180 0 0 0.0328095 7.39687 0.0246382 40.8504 0 0 0 -180 0 180 0 0
0 180 0 -0 0 0 0 -180 0.98016 93.3344 0 0 0 180 0 -0 0 0
0 -0 0 -0 0 -180 0.0427223 -70.6917 0.314263 6.56316 0 0 0 180 0 0 0 0
0 180 0 -180 0 -180 0 -180 0.319783 -93.3038 0 0 0 -0 0 -0 0 0
0 0 0 -180 0 180 0.107508 27.2533 0.30944 6.98184 0 0 0 -180 0 0 0 0
0 180 0 -180 0 -0 0 0 0.311523 -88.5675 0 -0 0 -180 0 0 0 0
0 -0 0 0 0 -180 0.30434 18.9734 0.318321 -173.895 0 -180 0 0 0 0 0 0
0 180 0 180 0 180 0 0 1.33202 94.1256 0 -0 0 0 0 0 0 0
inside=0 lambda=0.647 phi=40 theta=45
0 -0 0 -180 0 0 0 0 0.157685 -178.52 0 0 0 -180 0 -180 0 0
0 180 0 -180 0 0 0 180 1.16204 93.625 0 0 0 180 0 -0 0 0
0 0 0 -0 0 -180 0 -180 0.360666 6.83387 0 0 0 180 0 0 0 0
0 180 0 -180 0 -180 0 -180 0.363536 -90.6714 0 0 0 -0 0 -0 0 0
0 0 0 -180 0 180 0 -0 0.360666 6.83387 0 0 0 -180 0 0 0 0
0 180 0 -180 0 -0 0 -180 0.363536 -90.6714 0 -0 0 -180 0 0 0 0
0 -0 0 0 0 -180 0 -180 0.157685 -178.52 0 -180 0 0 0 0 0 0
0 180 0 180 0 180 0 -180 1.16204 93.625 0 -0 0 0 0 0 0 0
inside=0 lambda=0.647 phi=45 theta=0
0 -0 0 180 0 180 0.0556047 -90.092 0.998274 -114.094 0 180 0 -0 0 180 0 180
0 180 0 -0 0 -0 0 180 0 180 0 -0 0 180 0 -0 0 -0
0 -0 0 -0 0 -0 1.34475e-12 -153.616 2.481e-12 85.2822 0 -180 0 180 0 180 0 180
0 180 0 180 0 180 0 -180 0 -0 0 0 0 -0 0 -0 0 -0
0 0 0 -180 0 -180 5.33533e-13 -27.6209 3.53331e-13 -178.664 0 0 0 -180 0 0 0 0
0 -0 0 -180 0 -180 0 -0 0 0 0 -0 0 180 0 0 0 0
0 0 0 0 0 0 0.690119 -64.4027 0.757039 104.617 0 -180 0 0 0 0 0 0
0 -0 0 0 0 0 0 -0 0 0 0 -180 0 -0 0 0 0 0
inside=0 lambda=0.647 phi=45 theta=15
0 -0 0 180 0 180 0.0597131 175.444 0.862557 -115.695 0 180 0 -0 0 180 0 180
0 180 0 -0 0 -0 0 180 0 180 0 -0 0 180 0 -0 0 -0
0 -0 0 -0 0 -0 0.380795 131.896 0.422365 -103.494 0 0 0 180 0 180 0 180
0 180 0 180 0 180 0 -180 0 -180 0 -0 0 -0 0 -0 0 -0
0 0 0 -180 0 -180 0.172174 179.659 0.439701 -100.63 0 180 0 -180 0 0 0 0
0 0 0 -180 0 -180 0 -180 0 -180 0 -180 0 180 0 0 0 -0
0 0 0 0 0 0 0.293891 -120.574 0.828425 101.664 0 -180 0 0 0 0 0 180
0 -0 0 0 0 0 0 -180 0 0 0 -180 0 -0 0 -0 0 -0
inside=0 lambda=0.647 phi=45 theta=30
0 -0 0 180 0 180 0.135947 -6.10068 0.490106 -121.291 0 180 0 -0 0 180 0 180
0 180 0 -0 0 -0 0 180 0 0 0 -0 0 0 0 -180 0 -0
0 -0 0 -0 0 -0 0.401729 20.8117 0.847267 -96.5758 0 0 0 180 0 180 0 180
0 180 0 180 0 180 0 180 0 -180 0 -0 0 -0 0 -0 0 -0
0 0 0 180 0 -180 0.198961 -62.6086 0.827426 -98.0499 0 180 0 -180 0 0 0 0
0 180 0 -0 0 -180 0 180 0 -180 0 -0 0 -180 0 0 0 -0
0 -0 0 -0 0 0 0.391217 -57.2446 0.467218 98.1669 0 -180 0 0 0 0 0 180
0 180 0 180 0 0 0 180 0 0 0 -180 0 0 0 0 0 -0
inside=0 lambda=0.647 phi=45 theta=45
0 -180 0 -180 0 0 0 -0 0.157388 168.884 0 180 0 -0 0 -180 0 180
0 180 0 -180 0 -0 0 180 0 0 0 -0 0 180 0 -180 0 -0
0 -0 0 -0 0 -180 0 0 0.987537 -101.116 0 0 0 180 0 180 0 180
0 180 0 180 0 180 0 0 0 -180 0 0 0 -180 0 -0 0 -0
0 -0 0 0 0 180 0 -0 0.987537 -101.116 0 180 0 -180 0 0 0 180
0 180 0 0 0 -180 0 180 0 -180 0 -0 0 180 0 0 0 -0
0 -180 0 -0 0 -0 0 -180 0.157388 168.884 0 -180 0 0 0 180 0 180
0 180 0 180 0 180 0 -180 0 0 0 -180 0 -0 0 -0 0 -0
inside=1 lambda=0.647 phi=0 theta=0
0 0 0 -180 0 0 0 0 0.184836 -179.814 0 0 0 0 0 -180 0 0
0 -180 0 0 0 -180 0 -180 0.81429 -128.421 0 -180 0 -180 0 0 0 -180
0 0 0 180 0 -180 0 0 3.85972e-13 59.5 0 -0 0 -180 0 180 0 0
0 -180 0 0 0 0 0 -0 5.54804e-13 148.207 0 0 0 0 0 -180 0 -180
0 0 0 180 0 -180 0 -0 1.31048e-13 5.65759 0 -0 0 -180 0 -180 0 0
0 -180 0 -0 0 0 0 180 1.70876e-13 140.429 0 180 0 0 0 -0 0 -180
0 0 0 0 0 0 0 -180 0.184836 -179.814 0 -180 0 0 0 0 0 0
0 -180 0 -180 0 -180 0 0 0.81429 -128.421 0 0 0 -180 0 -180 0 -180
inside=1 lambda=0.647 phi=0 theta=15
0 0 0 -180 0 0 0 0 0.184836 -179.814 0 0 0 0 0 -180 0 0
0 -180 0 0 0 -180 0 -180 0.81429 -128.421 0 -180 0 -180 0 0 0 -180
0 0 0 180 0 -180 0 0 3.85972e-13 59.5 0 -0 0 -180 0 180 0 0
0 -180 0 0 0 0 0 -0 5.54804e-13 148.207 0 0 0 0 0 -180 0 -180
0 0 0 180 0 -180 0 -0 1.31048e-13 5.65759 0 -0 0 -180 0 -180 0 0
0 -180 0 -0 0 0 0 180 1.70876e-13 140.429 0 180 0 0 0 -0 0 -180
0 0 0 0 0 0 0 -180 0.184836 -179.814 0 -180 0 0 0 0 0 0
0 -180 0 -180 0 -180 0 0 0.81429 -128.421 0 0 0 -180 0 -180 0 -180
inside=1 lambda=0.647 phi=0 theta=30
0 0 0 -180 0 0 0 0 0.184836 -179.814 0 0 0 0 0 -180 0 0
0 -180 0 0 0 -180 0 -180 0.81429 -128.421 0 -180 0 -180 0 0 0 -180
0 0 0 180 0 -180 0 0 3.85972e-13 59.5 0 -0 0 -180 0 180 0 0
0 -180 0 0 0 0 0 -0 5.54804e-13 148.207 0 0 0 0 0 -180 0 -180
0 0 0 180 0 -180 0 -0 1.31048e-13 5.65759 0 -0 0 -180 0 -180 0 0
0 -180 0 -0 0 0 0 180 1.70876e-13 140.429 0 180 0 0 0 -0 0 -180
0 0 0 0 0 0 0 -180 0.184836 -179.814 0 -180 0 0 0 0 0 0
0 -180 0 -180 0 -180 0 0 0.81429 -128.421 0 0 0 -180 0 -180 0 -180
inside=1 lambda=0.647 phi=0 theta=45
0 0 0 -180 0 0 0 0 0.184836 -179.814 0 0 0 0 0 -180 0 0
0 -180 0 0 0 -180 0 -180 0.81429 -128.421 0 -180 0 -180 0 0 0 -180
0 0 0 180 0 -180 0 0 3.85972e-13 59.5 0 -0 0 -180 0 180 0 0
0 -180 0 0 0 0 0 -0 5.54804e-13 148.207 0 0 0 0 0 -180 0 -180
0 0 0 180 0 -180 0 -0 1.31048e-13 5.65759 0 -0 0 -180 0 -180 0 0
0 -180 0 -0 0 0 0 180 1.70876e-13 140.429 0 180 0 0 0 -0 0 -180
0 0 0 0 0 0 0 -180 0.184836 -179.814 0 -180 0 0 0 0 0 0
0 -180 0 -180 0 -180 0 0 0.81429 -128.421 0 0 0 -180 0 -180 0 -180
inside=1 lambda=0.647 phi=5 theta=0
0 0 0 -180 0 0 0 0 0.183912 -179.823 0 0 0 0 0 -180 0 0
0 -180 0 0 0 -180 0 -180 0.815256 -129.474 0 -180 0 -180 0 0 0 -180
0 0 0 -0 0 -180 0 0 2.13629e-13 88.4172 0 0 0 -180 0 180 0 0
0 -180 0 -0 0 0 0 -0 3.34069e-13 157.395 0 -180 0 0 0 180 0 -180
0 0 0 -180 0 -180 0 180 1.27087e-13 -126.789 0 180 0 -180 0 0 0 0
0 -180 0 0 0 0 0 0 4.8513e-13 133.796 0 -0 0 0 0 -180 0 -180
0 0 0 0 0 0 0 -180 0.185835 -179.818 0 -180 0 0 0 0 0 0
0 -180 0 -180 0 -180 0 0 0.813312 -129.479 0 0 0 -180 0 -180 0 -180
inside=1 lambda=0.647 phi=5 theta=15
0 0 0 -180 0 0 0 0 0.184041 -179.822 0 0 0 0 0 -180 0 0
0 -180 0 0 0 -180 0 -180 0.815126 -129.475 0 -180 0 -180 0 0 0 -180
0 0 0 -0 0 -180 0 -180 0.000486931 -0.00278442 0 0 0 -180 0 180 0 0
0 -180 0 -0 0 0 0 0 0.000490627 -122.476 0 -180 0 0 0 180 0 -180
0 0 0 -180 0 -180 0 -0 0.000486889 0.00143506 0 0 0 -180 0 0 0 0
0 -180 0 0 0 0 0 -0 0.000490577 -122.501 0 180 0 0 0 -180 0 -180
0 0 0 0 0 0 0 -180 0.185706 -179.818 0 -180 0 0 0 0 0 0
0 -180 0 -180 0 -180 0 0 0.813442 -129.478 0 0 0 -180 0 -180 0 -180
inside=1 lambda=0.647 phi=5 theta=30
0 0 0 -180 0 0 0 0 0.184393 -179.821 0 0 0 0 0 -180 0 0
0 -180 0 0 0 -180 0 -180 0.81477 -129.475 0 -180 0 -180 0 0 0 -180
0 0 0 -0 0 -180 0 -180 0.000843373 -0.0018843 0 0 0 -180 0 0 0 0
0 -180 0 -0 0 0 0 0 0.000849773 -122.481 0 -180 0 0 0 180 0 -180
0 0 0 -180 0 -180 0 -0 0.000843332 0.000551595 0 0 0 -180 0 0 0 0
0 -180 0 0 0 0 0 -0 0.000849723 -122.496 0 180 0 0 0 -180 0 -180
0 0 0 0 0 0 0 -180 0.185354 -179.819 0 -180 0 0 0 0 0 0
0 -180 0 -180 0 -180 0 0 0.813798 -129.478 0 0 0 -180 0 -180 0 -180
inside=1 lambda=0.647 phi=5 theta=45
0 0 0 -180 0 0 0 0 0.184873 -179.82 0 0 0 0 0 -180 0 0
0 -180 0 0 0 -180 0 -180 0.814284 -129.477 0 -180 0 -180 0 0 0 -180
0 0 0 -0 0 -180 0 -180 0.000973819 -0.000662267 0 0 0 -180 0 0 0 0
0 -180 0 -0 0 0 0 0 0.000981204 -122.489 0 -180 0 0 0 180 0 -180
0 0 0 -180 0 -180 0 -0 0.000973819 -0.000662272 0 0 0 -180 0 0 0 0
0 -180 0 0 0 0 0 -0 0.000981204 -122.489 0 180 0 0 0 -180 0 -180
0 0 0 0 0 0 0 -180 0.184873 -179.82 0 -180 0 0 0 0 0 0
0 -180 0 -180 0 -180 0 0 0.814284 -129.477 0 0 0 -180 0 -180 0 -180
inside=1 lambda=0.647 phi=10 theta=0
0 0 0 -180 0 0 0 0 0.181099 -179.854 0 0 0 0 0 -180 0 0
0 -180 0 0 0 -180 0 -180 0.818194 -132.613 0 -180 0 -180 0 0 0 -180
0 0 0 -0 0 -180 0 180 6.85441e-14 -48.0582 0 180 0 -180 0 180 0 0
0 -180 0 -0 0 0 0 -180 1.71717e-13 124.275 0 0 0 0 0 180 0 -180
0 0 0 -180 0 -180 0 -0 9.83259e-14 -59.8872 0 0 0 -180 0 0 0 0
0 -180 0 0 0 0 0 0 2.84752e-13 113.423 0 0 0 0 0 -180 0 -180
0 0 0 0 0 0 0 -180 0.188854 -179.829 0 -180 0 0 0 0 0 0
0 -180 0 -180 0 -180 0 -0 0.810347 -132.63 0 0 0 -180 0 -180 0 -180
inside=1 lambda=0.647 phi=10 theta=15
0 0 0 -180 0 0 0 0 0.181619 -179.852 0 0 0 0 0 -180 0 0
0 -180 0 0 0 -180 0 -180 0.817668 -132.614 0 -180 0 -180 0 0 0 -180
0 0 0 -0 0 -180 0 -180 0.00196594 -0.0136319 0 0 0 -180 0 0 0 0
0 -180 0 -0 0 0 0 0 0.00198089 -125.641 0 -180 0 0 0 180 0 -180
0 0 0 -180 0 -180 0 -0 0.00196523 0.00577398 0 0 0 -180 0 0 0 0
0 -180 0 0 0 0 0 -0 0.00198007 -125.741 0 180 0 0 0 -180 0 -180
0 0 0 0 0 0 0 -180 0.188335 -179.831 0 -180 0 0 0 0 0 0
0 -180 0 -180 0 -180 0 -0 0.810872 -132.629 0 0 0 -180 0 -180 0 -180
inside=1 lambda=0.647 phi=10 theta=30
0 0 0 -180 0 0 0 0 0.183039 -179.848 0 0 0 0 0 -180 0 0
0 -180 0 0 0 -180 0 -180 0.816232 -132.618 0 -180 0 -180 0 0 0 -180
0 0 0 -0 0 -180 0 -180 0.00340483 -0.00937879 0 0 0 -180 0 0 0 0
0 -180 0 -0 0 0 0 0 0.0034307 -125.663 0 -180 0 0 0 180 0 -180
0 0 0 -180 0 -180 0 -0 0.00340411 0.00182001 0 0 0 -180 0 0 0 0
0 -180 0 0 0 0 0 -0 0.00342988 -125.721 0 180 0 0 0 -180 0 -180
0 0 0 0 0 0 0 -180 0.186917 -179.835 0 -180 0 0 0 0 0 0
0 -180 0 -180 0 -180 0 -0 0.812308 -132.626 0 0 0 -180 0 -180 0 -180
inside=1 lambda=0.647 phi=10 theta=45
0 0 0 -180 0 0 0 0 0.184979 -179.841 0 0 0 0 0 -180 0 0
0 -180 0 0 0 -180 0 -180 0.81427 -132.622 0 -180 0 -180 0 0 0 -180
0 0 0 -0 0 -180 0 -180 0.00393113 -0.00370464 0 0 0 -180 0 0 0 0
0 -180 0 -0 0 0 0 0 0.00396095 -125.692 0 -180 0 0 0 180 0 -180
0 0 0 -180 0 -180 0 -0 0.00393113 -0.00370464 0 0 0 -180 0 0 0 0
0 -180 0 0 0 0 0 -0 0.00396095 -125.692 0 180 0 0 0 -180 0 -180
0 0 0 0 0 0 0 -180 0.184979 -179.841 0 -180 0 0 0 0 0 0
0 -180 0 -180 0 -180 0 0 0.81427 -132.622 0 0 0 -180 0 -180 0 -180
inside=1 lambda=0.647 phi=15 theta=0
0 -0 0 -180 0 0 0 0 0.176268 -179.922 0 0 0 -0 0 -180 0 0
0 -180 0 0 0 180 0 -180 0.823225 -137.774 0 180 0 -180 0 0 0 180
0 0 0 -0 0 -180 0 -180 6.50537e-14 52.2257 0 -180 0 -180 0 180 0 0
0 -180 0 -0 0 0 0 0 3.7713e-13 138.457 0 180 0 0 0 180 0 -180
0 0 0 -180 0 -180 0 -180 4.31971e-14 176.02 0 -0 0 -180 0 0 0 0
0 -180 0 0 0 0 0 -0 4.55919e-13 102.778 0 0 0 0 0 -180 0 -180
0 0 0 0 0 0 0 -180 0.193971 -179.847 0 -180 0 0 0 0 0 0
0 -180 0 -180 0 -180 0 -0 0.805294 -137.811 0 0 0 -180 0 -180 0 -180
inside=1 lambda=0.647 phi=15 theta=15
0 0 0 -180 0 0 0 0 0.177456 -179.917 0 0 0 -0 0 -180 0 0
0 -180 0 -0 0 180 0 -180 0.822023 -137.777 0 180 0 -180 0 0 0 180
0 0 0 -0 0 -180 0 -180 0.00449292 -0.0349721 0 0 0 -180 0 0 0 0
0 -180 0 -0 0 0 0 -0 0.00452713 -130.843 0 180 0 0 0 180 0 -180
0 0 0 -180 0 -180 0 -0 0.00448902 0.0187384 0 0 0 -180 0 0 0 0
0 -180 0 0 0 0 0 -0 0.00452286 -131.069 0 180 0 0 0 180 0 -180
0 0 0 0 0 0 0 -180 0.192788 -179.852 0 -180 0 0 0 0 0 0
0 -180 0 -180 0 -180 0 -0 0.806495 -137.808 0 0 0 -180 0 180 0 -180
inside=1 lambda=0.647 phi=15 theta=30
0 0 0 -180 0 0 0 0 0.180701 -179.904 0 0 0 -0 0 -180 0 0
0 -180 0 -0 0 180 0 -180 0.81874 -137.784 0 180 0 -180 0 0 0 -180
0 0 0 -0 0 -180 0 -180 0.00778033 -0.022665 0 0 0 -180 0 0 0 0
0 -180 0 -0 0 0 0 -0 0.00783955 -130.895 0 180 0 0 0 180 0 -180
0 0 0 -180 0 -180 0 -0 0.00777645 0.00826623 0 0 0 -180 0 0 0 0
0 -180 0 0 0 0 0 -0 0.0078353 -131.025 0 180 0 0 0 180 0 -180
0 0 0 0 0 0 0 -180 0.189553 -179.866 0 -180 0 0 0 0 0 0
0 -180 0 -180 0 -180 0 -0 0.809775 -137.802 0 0 0 -180 0 180 0 -180
inside=1 lambda=0.647 phi=15 theta=45
0 0 0 -180 0 0 0 0 0.18513 -179.885 0 0 0 0 0 -180 0 0
0 -180 0 -0 0 -180 0 -180 0.814257 -137.793 0 180 0 -180 0 0 0 -180
0 0 0 -0 0 -180 0 -180 0.0089816 -0.00674183 0 0 0 -180 0 0 0 0
0 -180 0 -0 0 0 0 -0 0.00904982 -130.962 0 180 0 0 0 180 0 -180
0 0 0 -180 0 -180 0 -0 0.0089816 -0.00674183 0 0 0 -180 0 0 0 0
0 -180 0 -0 0 0 0 -0 0.00904982 -130.962 0 180 0 0 0 180 0 -180
0 0 0 0 0 0 0 -180 0.18513 -179.885 0 -180 0 0 0 0 0 0
0 -180 0 -180 0 -180 0 -0 0.814257 -137.793 0 0 0 -180 0 180 0 -180
inside=1 lambda=0.647 phi=20 theta=0
0 -0 0 -180 0 0 0 0 0.169172 179.944 0 0 0 -0 0 -180 0 0
0 -180 0 -0 0 180 0 -180 0.830562 -144.851 0 180 0 -180 0 -0 0 180
0 0 0 -0 0 -180 0 180 4.05685e-14 127.06 0 -0 0 -180 0 180 0 0
0 -180 0 -0 0 -0 0 180 9.73583e-14 143.242 0 0 0 0 0 180 0 180
0 0 0 -180 0 -180 0 -180 1.25408e-13 -102.036 0 180 0 -180 0 0 0 0
0 -180 0 -0 0 0 0 180 1.94531e-13 101.306 0 180 0 0 0 180 0 -180
0 0 0 0 0 0 0 -180 0.20132 -179.864 0 -180 0 0 0 0 0 0
0 -180 0 180 0 -180 0 -0 0.797983 -144.91 0 -0 0 -180 0 180 0 -180
inside=1 lambda=0.647 phi=20 theta=15
0 -0 0 -180 0 0 0 0 0.171333 179.957 0 0 0 -0 0 -180 0 0
0 -180 0 -0 0 180 0 -180 0.828377 -144.855 0 180 0 -180 0 -0 0 180
0 0 0 -0 0 -180 0 -180 0.00816518 -0.0725556 0 0 0 -180 0 0 0 0
0 -180 0 -0 0 -0 0 -0 0.00822719 -137.973 0 180 0 0 0 180 0 180
0 0 0 -180 0 -180 0 -0 0.00815213 0.0493116 0 0 0 -180 0 0 0 0
0 -180 0 -0 0 0 0 -0 0.00821333 -138.374 0 180 0 0 0 180 0 -180
0 0 0 0 0 0 0 -180 0.199176 -179.878 0 -180 0 0 0 0 0 0
0 -180 0 180 0 -180 0 -0 0.800162 -144.907 0 -0 0 -180 0 180 0 -180
inside=1 lambda=0.647 phi=20 theta=30
0 -0 0 -180 0 0 0 0 0.177233 179.992 0 0 0 -0 0 -180 0 0
0 -180 0 -0 0 180 0 -180 0.822409 -144.868 0 180 0 -180 0 -0 0 180
0 0 0 -0 0 -180 0 -180 0.0141365 -0.0428928 0 0 0 -180 0 0 0 0
0 -180 0 -0 0 -0 0 -0 0.0142442 -138.072 0 180 0 0 0 180 0 180
0 0 0 -180 0 -180 0 -0 0.0141237 0.0268596 0 0 0 -180 0 0 0 0
0 -180 0 -0 0 0 0 -0 0.0142305 -138.302 0 180 0 -0 0 180 0 -180
0 0 0 0 0 0 0 -180 0.193311 -179.913 0 -180 0 0 0 0 0 0
0 -180 0 180 0 -180 0 -0 0.806119 -144.898 0 -0 0 180 0 180 0 180
inside=1 lambda=0.647 phi=20 theta=45
0 0 0 -180 0 0 0 0 0.18528 -179.961 0 0 0 -0 0 -180 0 0
0 -180 0 -0 0 180 0 -180 0.814262 -144.884 0 180 0 -180 0 -0 0 180
0 0 0 -0 0 -180 0 -180 0.0163154 -0.00623209 0 0 0 -180 0 0 0 0
0 -180 0 -0 0 -0 0 -0 0.0164396 -138.194 0 180 0 0 0 180 0 180
0 0 0 -180 0 -180 0 -0 0.0163154 -0.00623209 0 0 0 -180 0 0 0 0
0 -180 0 -0 0 0 0 -0 0.0164396 -138.194 0 180 0 -0 0 180 0 180
0 0 0 0 0 -0 0 -180 0.18528 -179.961 0 -180 0 0 0 0 0 0
0 -180 0 -180 0 -180 0 -0 0.814262 -144.884 0 -0 0 180 0 180 0 180
inside=1 lambda=0.647 phi=25 theta=0
0 -0 0 -180 0 0 0 0 0.159421 179.709 0 0 0 -0 0 -180 0 0
0 -180 0 -0 0 180 0 180 0.840528 -153.695 0 180 0 -180 0 -0 0 180
0 0 0 -0 0 -180 0 -180 1.56371e-14 22.2667 0 -0 0 -180 0 180 0 0
0 -180 0 -0 0 -0 0 0 5.40222e-14 -69.5464 0 0 0 0 0 180 0 180
0 0 0 -180 0 -180 0 180 2.09836e-14 160.25 0 180 0 -180 0 0 0 0
0 180 0 -0 0 0 0 0 1.44839e-14 -42.3247 0 180 0 -0 0 180 0 -180
0 0 0 0 0 0 0 -180 0.211116 -179.862 0 -180 0 0 0 0 0 0
0 180 0 180 0 -180 0 -0 0.788156 -153.775 0 -0 0 180 0 180 0 -180
inside=1 lambda=0.647 phi=25 theta=15
0 -0 0 -180 0 0 0 0 0.1629 179.739 0 0 0 -0 0 -180 0 0
0 -180 0 -0 0 180 0 180 0.837014 -153.702 0 180 0 -180 0 -0 0 180
0 0 0 -0 0 -180 0 -180 0.0131272 -0.135529 0 0 0 -180 0 0 0 0
0 -180 0 -0 0 -0 0 -0 0.0132264 -146.873 0 180 0 0 0 180 0 180
0 0 0 -180 0 -180 0 -0 0.0130959 0.109049 0 0 0 -180 0 0 0 0
0 -180 0 -0 0 0 0 -0 0.0131922 -147.502 0 180 0 -0 0 180 0 180
0 0 0 0 0 0 0 -180 0.20768 -179.893 0 -180 0 0 0 0 0 0
0 -180 0 180 0 -180 0 -0 0.791657 -153.772 0 -0 0 180 0 180 0 180
inside=1 lambda=0.647 phi=25 theta=30
0 -0 0 -180 0 0 0 0 0.1724 179.817 0 0 0 -0 0 -180 0 0
0 -180 0 -0 0 180 0 180 0.827417 -153.72 0 180 0 -180 0 -0 0 180
0 0 0 -0 0 -180 0 -180 0.0227208 -0.0713352 0 0 0 -180 0 0 0 0
0 -180 0 -0 0 -0 0 -0 0.0228938 -147.043 0 180 0 0 0 180 0 180
0 0 0 -180 0 -180 0 -0 0.0226909 0.066695 0 0 0 -180 0 0 0 0
0 -180 0 -0 0 0 0 -0 0.0228604 -147.402 0 180 0 -0 0 180 0 180
0 0 0 0 0 -0 0 -180 0.198265 -179.973 0 -180 0 0 0 0 0 0
0 -180 0 180 0 -180 0 -0 0.801228 -153.761 0 -0 0 180 0 180 0 180
inside=1 lambda=0.647 phi=25 theta=45
0 -0 0 -180 0 0 0 0 0.185352 179.922 0 0 0 -0 0 -180 0 0
0 -180 0 -0 0 180 0 180 0.814316 -153.743 0 180 0 -180 0 -0 0 180
0 0 0 -0 0 -180 0 -180 0.0262162 0.00298128 0 0 0 -180 0 0 0 0
0 -180 0 -0 0 -0 0 -0 0.026415 -147.24 0 180 0 0 0 180 0 180
0 0 0 -180 0 -180 0 -0 0.0262162 0.00298128 0 0 0 -180 0 0 0 0
0 -180 0 -0 0 0 0 -0 0.026415 -147.24 0 180 0 -0 0 180 0 180
0 -0 0 0 0 -0 0 -180 0.185352 179.922 0 -180 0 0 0 0 0 0
0 -180 0 180 0 -180 0 -0 0.814316 -153.743 0 -0 0 180 0 180 0 180
inside=1 lambda=0.647 phi=30 theta=0
0 -0 0 -180 0 0 0 0 0.146437 179.327 0 0 0 -0 0 -180 0 0
0 -180 0 -0 0 180 0 180 0.853578 -164.113 0 180 0 -180 0 -0 0 180
0 -0 0 -180 0 -180 0 0 1.12949e-13 -31.1448 0 180 0 180 0 0 0 0
0 -180 0 -0 0 -0 0 0 3.92664e-14 -113.099 0 0 0 0 0 180 0 180
0 0 0 -180 0 -180 0 180 4.21331e-14 116.681 0 -0 0 -180 0 0 0 0
0 180 0 -0 0 -0 0 -0 1.24359e-13 -80.5034 0 -180 0 -0 0 180 0 180
0 0 0 0 0 0 0 -180 0.223712 -179.806 0 -180 0 0 0 0 0 0
0 180 0 180 0 180 0 -0 0.775453 -164.201 0 -0 0 180 0 180 0 180
inside=1 lambda=0.647 phi=30 theta=15
0 -0 0 -180 0 0 0 0 0.151642 179.391 0 0 0 -0 0 -180 0 0
0 -180 0 -0 0 180 0 180 0.848334 -164.123 0 180 0 -180 0 -0 0 180
0 0 0 -0 0 -180 0 -180 0.0195778 -0.236203 0 0 0 180 0 0 0 0
0 -180 0 -0 0 -0 0 -0 0.0197259 -157.334 0 180 0 0 0 180 0 180
0 0 0 -180 0 -180 0 -0 0.0195232 0.207983 0 0 0 -180 0 0 0 0
0 180 0 -0 0 0 0 -0 0.0196569 -158.25 0 180 0 -0 0 180 0 180
0 0 0 0 0 0 0 -180 0.218594 -179.871 0 -180 0 0 0 0 0 0
0 -180 0 180 0 -180 0 -0 0.780671 -164.202 0 -0 0 180 0 180 0 180
inside=1 lambda=0.647 phi=30 theta=30
0 -0 0 -180 0 0 0 0 0.165853 179.555 0 0 0 -0 0 -180 0 0
0 -180 0 -0 0 180 0 180 0.834014 -164.147 0 180 0 -180 0 -0 0 180
0 0 0 -0 0 -180 0 -180 0.0338763 -0.108467 0 0 0 180 0 0 0 0
0 -180 0 -0 0 -0 0 -0 0.0341329 -157.61 0 180 0 0 0 180 0 180
0 0 0 -180 0 -180 0 -0 0.0338271 0.135261 0 0 0 -180 0 0 0 0
0 180 0 -0 0 0 0 -0 0.0340673 -158.128 0 180 0 -0 0 180 0 180
0 0 0 0 0 -0 0 -180 0.204538 179.968 0 -180 0 0 0 0 0 0
0 -180 0 180 0 -180 0 -0 0.794943 -164.196 0 -0 0 180 0 180 0 180
inside=1 lambda=0.647 phi=30 theta=45
0 -0 0 -180 0 0 0 0 0.185231 179.763 0 0 0 -0 0 -180 0 0
0 -180 0 -0 0 180 0 180 0.814468 -164.176 0 180 0 -180 0 -0 0 180
0 0 0 -0 0 -180 0 -180 0.039083 0.0262069 0 0 0 180 0 0 0 0
0 -180 0 -0 0 -0 0 -0 0.039372 -157.906 0 180 0 0 0 180 0 180
0 0 0 -180 0 180 0 -0 0.039083 0.0262069 0 0 0 -180 0 0 0 0
0 -180 0 -0 0 0 0 -0 0.039372 -157.906 0 180 0 -0 0 180 0 180
0 -0 0 0 0 -0 0 -180 0.185231 179.763 0 -180 0 0 0 0 0 0
0 -180 0 180 0 -180 0 -0 0.814468 -164.176 0 -0 0 180 0 180 0 180
inside=1 lambda=0.647 phi=35 theta=0
0 -0 0 -180 0 0 0 0 0.129447 178.741 0 0 0 -0 0 -180 0 0
0 -180 0 -0 0 180 0 180 0.870327 -175.87 0 180 0 -180 0 -0 0 180
0 -0 0 -180 0 -180 0 -0 8.12408e-14 -169.235 0 0 0 180 0 0 0 0
0 -180 0 -0 0 -0 0 180 6.63298e-14 -5.00495 0 -180 0 0 0 180 0 180
0 0 0 -180 0 -180 0 -0 2.02482e-13 60.7475 0 -180 0 -180 0 0 0 0
0 180 0 -0 0 -0 0 -0 2.88989e-13 -108.443 0 -0 0 -0 0 180 0 180
0 0 0 0 0 0 0 -180 0.239695 -179.643 0 -180 0 0 0 0 0 0
0 180 0 180 0 180 0 -0 0.759371 -175.933 0 -0 0 180 0 180 0 180
inside=1 lambda=0.647 phi=35 theta=15
0 -0 0 -180 0 0 0 0 0.136865 178.878 0 0 0 -0 0 -180 0 0
0 -180 0 -0 0 180 0 180 0.86288 -175.882 0 180 0 -180 0 -0 0 180
0 -0 0 -0 0 -180 0 -180 0.0277759 -0.389324 0 0 0 180 0 0 0 0
0 -180 0 -0 0 -0 0 -0 0.027995 -169.08 0 180 0 0 0 180 0 180
0 0 0 -180 0 -180 0 -0 0.0277206 0.348268 0 0 0 -180 0 0 0 0
0 180 0 -0 0 -0 0 -0 0.0278772 -170.369 0 180 0 -0 0 180 0 180
0 0 0 0 0 -0 0 -180 0.232401 -179.775 0 -180 0 0 0 0 0 0
0 180 0 180 0 -180 0 -0 0.766779 -175.946 0 -0 0 180 0 180 0 180
inside=1 lambda=0.647 phi=35 theta=30
0 -0 0 -180 0 0 0 0 0.157126 179.201 0 0 0 -0 0 -180 0 0
0 -180 0 -0 0 180 0 180 0.842544 -175.912 0 180 0 -180 0 -0 0 180
0 0 0 -0 0 -180 0 -180 0.0480617 -0.152129 0 0 0 180 0 0 0 0
0 180 0 -0 0 -0 0 -0 0.0484233 -169.526 0 180 0 0 0 180 0 180
0 0 0 -180 0 180 0 -0 0.0480202 0.231624 0 0 0 -180 0 0 0 0
0 180 0 -0 0 0 0 -0 0.0483163 -170.24 0 180 0 -0 0 180 0 180
0 -0 0 0 0 -0 0 -180 0.212338 179.928 0 -180 0 0 0 0 0 0
0 -180 0 180 0 -180 0 -0 0.787051 -175.959 0 -0 0 180 0 180 0 180
inside=1 lambda=0.647 phi=35 theta=45
0 -0 0 -180 0 0 0 0 0.184772 179.573 0 0 0 -0 0 -180 0 0
0 -180 0 -0 0 180 0 180 0.814784 -175.944 0 180 0 -180 0 -0 0 180
0 0 0 -0 0 -180 0 -180 0.0554634 0.0655854 0 0 0 180 0 0 0 0
0 180 0 -0 0 -0 0 -0 0.0558441 -169.953 0 180 0 0 0 180 0 180
0 0 0 -180 0 180 0 -0 0.0554634 0.0655854 0 0 0 -180 0 0 0 0
0 180 0 -0 0 0 0 -0 0.0558441 -169.953 0 180 0 -0 0 180 0 180
0 -0 0 0 0 -0 0 -180 0.184772 179.573 0 -180 0 0 0 0 0 0
0 -180 0 180 0 -180 0 -0 0.814784 -175.944 0 -0 0 180 0 180 0 180
inside=1 lambda=0.647 phi=40 theta=0
0 -0 0 -180 0 0 0 0 0.107443 177.83 0 0 0 -0 0 -180 0 0
0 -180 0 -0 0 180 0 180 0.891587 171.322 0 180 0 -180 0 -0 0 180
0 -0 0 -180 0 -180 0 0 6.98524e-14 -12.3749 0 180 0 180 0 0 0 0
0 180 0 -180 0 -0 0 180 6.93883e-14 99.4662 0 180 0 -0 0 0 0 180
0 0 0 -180 0 -180 0 180 1.04384e-13 142.531 0 -0 0 -180 0 0 0 0
0 180 0 -0 0 -0 0 -0 5.70247e-15 127.028 0 180 0 -0 0 180 0 180
0 0 0 0 0 0 0 -180 0.260149 -179.256 0 -180 0 0 0 0 0 0
0 180 0 180 0 180 0 -0 0.739185 171.365 0 -0 0 180 0 180 0 180
inside=1 lambda=0.647 phi=40 theta=15
0 -0 0 -180 0 0 0 0 0.11769 178.151 0 0 0 -0 0 -180 0 0
0 -180 0 -0 0 180 0 180 0.881367 171.304 0 180 0 -180 0 -0 0 180
0 -0 0 -0 0 -180 0 -180 0.0380364 -0.619224 0 0 0 180 0 0 0 0
0 180 0 -180 0 -0 0 -0 0.038389 178.258 0 180 0 0 0 0 0 180
0 0 0 -180 0 -180 0 -0 0.0380918 0.522092 0 0 0 -180 0 0 0 0
0 180 0 -0 0 -0 0 -180 0.0382208 176.45 0 180 0 -0 0 180 0 180
0 0 0 0 0 -0 0 -180 0.249919 -179.561 0 -180 0 0 0 0 0 0
0 180 0 180 0 -180 0 -0 0.74939 171.306 0 -0 0 180 0 180 0 180
inside=1 lambda=0.647 phi=40 theta=30
0 -0 0 -180 0 0 0 0 0.145643 178.775 0 0 0 -0 0 -180 0 0
0 -180 0 -0 0 180 0 180 0.853463 171.268 0 180 0 -180 0 -0 0 180
0 -0 0 -0 0 -180 0 -180 0.065879 -0.194919 0 0 0 180 0 0 0 0
0 180 0 -180 0 -0 0 -0 0.0663738 177.51 0 180 0 0 0 180 0 180
0 0 0 -180 0 180 0 -0 0.0659417 0.339455 0 0 0 -180 0 0 0 0
0 180 0 -0 0 -0 0 -180 0.0662311 176.547 0 180 0 -0 0 180 0 180
0 -0 0 0 0 -0 0 -180 0.22199 179.925 0 -180 0 0 0 0 0 0
0 -180 0 180 0 -180 0 -0 0.777268 171.242 0 -0 0 180 0 180 0 180
inside=1 lambda=0.647 phi=40 theta=45
0 -0 0 -180 0 0 0 0 0.18382 179.383 0 0 0 -0 0 -180 0 0
0 -180 0 -0 0 180 0 180 0.815361 171.236 0 180 0 -180 0 -0 0 180
0 0 0 -0 0 -180 0 -180 0.0760994 0.11608 0 0 0 180 0 0 0 0
0 180 0 -180 0 -0 0 -0 0.0765405 176.903 0 180 0 0 0 180 0 180
0 0 0 -180 0 180 0 -0 0.0760994 0.11608 0 0 0 -180 0 0 0 0
0 180 0 -0 0 0 0 -180 0.0765405 176.903 0 180 0 -0 0 180 0 180
0 -0 0 0 0 -0 0 -180 0.18382 179.383 0 -180 0 0 0 0 0 0
0 -180 0 180 0 -180 0 -0 0.815361 171.236 0 -0 0 180 0 180 0 180
inside=1 lambda=0.647 phi=45 theta=0
0 -0 0 -180 0 0 0 0 0.0830121 174.442 0 0 0 -0 0 -180 0 0
0 -180 0 -0 0 180 0.0291022 150.387 0.914022 157.771 0 180 0 -180 0 -0 0 180
0 -0 0 -180 0 -180 0 180 2.79914e-14 -155.857 0 -0 0 180 0 0 0 0
0 180 0 -180 0 -0 1.01963e-12 106.617 5.75847e-14 142.586 0 -0 0 -0 0 0 0 180
0 0 0 -180 0 -180 0 -0 2.37936e-12 92.6734 0 -0 0 -180 0 0 0 0
0 180 0 -0 0 -0 1.52948e-11 108.354 2.36607e-12 -68.6237 0 180 0 -0 0 180 0 180
0 0 0 0 0 0 0 -0 0.277085 -175.964 0 -180 0 0 0 0 0 0
0 180 0 180 0 180 0.390299 -55.4675 0.703916 158.377 0 -0 0 180 0 180 0 180
inside=1 lambda=0.647 phi=45 theta=15
0 -0 0 -180 0 0 0 -0 0.0928691 176.997 0 0 0 -0 0 180 0 0
0 -180 0 -0 0 180 0 180 0.904755 157.781 0 180 0 -180 0 -0 0 180
0 -0 0 -0 0 -180 0 -180 0.050609 -1.07542 0 0 0 180 0 0 0 0
0 180 0 -180 0 -0 0 -180 0.0513823 165.357 0 180 0 -0 0 0 0 180
0 0 0 -180 0 180 0 -0 0.0512462 0.761662 0 0 0 -180 0 0 0 0
0 180 0 -0 0 -0 0 -180 0.0512091 162.669 0 0 0 -0 0 180 0 180
0 0 0 0 0 -0 0 -180 0.273022 -179.065 0 -180 0 0 0 0 0 0
0 180 0 180 0 -180 0 -180 0.727547 157.992 0 -0 0 180 0 180 0 180
inside=1 lambda=0.647 phi=45 theta=30
0 -0 0 -180 0 0 0 0 0.130747 178.325 0 0 0 -0 0 180 0 0
0 -180 0 -0 0 180 0 180 0.867375 157.719 0 180 0 -180 0 -0 0 180
0 -0 0 -0 0 -180 0 -180 0.0881141 -0.221736 0 0 0 180 0 0 0 0
0 180 0 -180 0 -0 0 -0 0.0887878 163.855 0 180 0 -0 0 0 0 180
0 0 0 -180 0 180 0 -0 0.0884923 0.425908 0 0 0 -180 0 0 0 0
0 180 0 -0 0 -0 0 -180 0.0886408 162.562 0 0 0 -0 0 180 0 180
0 -0 0 0 0 -0 0 -180 0.233957 179.956 0 -180 0 0 0 0 0 0
0 180 0 180 0 -180 0 -0 0.765227 157.747 0 -0 0 180 0 180 0 180
inside=1 lambda=0.647 phi=45 theta=45
0 -0 0 -180 0 0 0 0 0.182232 179.236 0 0 0 -0 0 -180 0 0
0 -180 0 -0 0 180 0 180 0.816329 157.696 0 180 0 -180 0 -0 0 180
0 0 0 -0 0 -180 0 -180 0.101981 0.164039 0 0 0 180 0 0 0 0
0 180 0 -180 0 -0 0 -0 0.102399 162.994 0 180 0 -0 0 0 0 180
0 0 0 -180 0 180 0 -0 0.101981 0.164039 0 0 0 -180 0 0 0 0
0 180 0 -0 0 -0 0 -180 0.102399 162.994 0 0 0 -0 0 180 0 180
0 -0 0 0 0 -0 0 -180 0.182232 179.236 0 -180 0 0 0 0 0 0
0 -180 0 180 0 -180 0 -0 0.816329 157.696 0 -0 0 180 0 180 0 180
