RSoft_BSDF_File_Version 2
1 0 5 2 1 1.09714
0.3 0.3
-1 1
-1 1
1 0.647 0.647
10 0 45 0.5
4 0 45
Begin_Dispersion_Data
0.647 1.45662 0 1 0 0
End_Dispersion_Data
inside=0 lambda=0.647 phi=0 theta=0
0 0 0 -180 0 0 0 0 0.184829 -24.7154 0 0 0 0 0 -180 0 0
0 180 0 -0 0 180 0 180 1.18611 167.382 0 180 0 180 0 -0 0 180
0 0 0 -0 0 -180 0 -0 4.53403e-13 6.38042 0 -180 0 -180 0 -0 0 0
0 180 0 180 0 -0 0 -180 8.03733e-13 -116.764 0 -0 0 -0 0 180 0 180
0 0 0 0 0 -180 0 180 4.63777e-13 87.1601 0 180 0 -180 0 0 0 0
0 180 0 -180 0 -0 0 -0 8.86992e-13 -83.6399 0 -180 0 -0 0 180 0 180
0 0 0 0 0 0 0 -180 0.184829 -24.7154 0 -180 0 0 0 0 0 0
0 180 0 180 0 180 0 -0 1.18611 167.382 0 -0 0 180 0 180 0 180
inside=0 lambda=0.647 phi=0 theta=15
0 0 0 -180 0 0 0 0 0.184829 -24.7154 0 0 0 0 0 -180 0 0
0 180 0 -0 0 180 0 180 1.18611 167.382 0 180 0 180 0 -0 0 180
0 0 0 -0 0 -180 0 -0 4.53403e-13 6.38042 0 -180 0 -180 0 -0 0 0
0 180 0 180 0 -0 0 -180 8.03733e-13 -116.764 0 -0 0 -0 0 180 0 180
0 0 0 0 0 -180 0 180 4.63777e-13 87.1601 0 180 0 -180 0 0 0 0
0 180 0 -180 0 -0 0 -0 8.86992e-13 -83.6399 0 -180 0 -0 0 180 0 180
0 0 0 0 0 0 0 -180 0.184829 -24.7154 0 -180 0 0 0 0 0 0
0 180 0 180 0 180 0 -0 1.18611 167.382 0 -0 0 180 0 180 0 180
inside=0 lambda=0.647 phi=0 theta=30
0 0 0 -180 0 0 0 0 0.184829 -24.7154 0 0 0 0 0 -180 0 0
0 180 0 -0 0 180 0 180 1.18611 167.382 0 180 0 180 0 -0 0 180
0 0 0 -0 0 -180 0 -0 4.53403e-13 6.38042 0 -180 0 -180 0 -0 0 0
0 180 0 180 0 -0 0 -180 8.03733e-13 -116.764 0 -0 0 -0 0 180 0 180
0 0 0 0 0 -180 0 180 4.63777e-13 87.1601 0 180 0 -180 0 0 0 0
0 180 0 -180 0 -0 0 -0 8.86992e-13 -83.6399 0 -180 0 -0 0 180 0 180
0 0 0 0 0 0 0 -180 0.184829 -24.7154 0 -180 0 0 0 0 0 0
0 180 0 180 0 180 0 -0 1.18611 167.382 0 -0 0 180 0 180 0 180
inside=0 lambda=0.647 phi=0 theta=45
0 0 0 -180 0 0 0 0 0.184829 -24.7154 0 0 0 0 0 -180 0 0
0 180 0 -0 0 180 0 180 1.18611 167.382 0 180 0 180 0 -0 0 180
0 0 0 -0 0 -180 0 -0 4.53403e-13 6.38042 0 -180 0 -180 0 -0 0 0
0 180 0 180 0 -0 0 -180 8.03733e-13 -116.764 0 -0 0 -0 0 180 0 180
0 0 0 0 0 -180 0 180 4.63777e-13 87.1601 0 180 0 -180 0 0 0 0
0 180 0 -180 0 -0 0 -0 8.86992e-13 -83.6399 0 -180 0 -0 0 180 0 180
0 0 0 0 0 0 0 -180 0.184829 -24.7154 0 -180 0 0 0 0 0 0
0 180 0 180 0 180 0 -0 1.18611 167.382 0 -0 0 180 0 180 0 180
inside=0 lambda=0.647 phi=5 theta=0
0 0 0 -180 0 0 0 0 0.182596 -31.3745 0 0 0 0 0 -180 0 0
0 180 0 -0 0 180 0 180 1.18406 164.028 0 180 0 180 0 -0 0 180
0 0 0 -0 0 -180 0 0 4.66698e-13 -86.7653 0 0 0 -180 0 180 0 0
0 180 0 -180 0 -0 0 0 6.99659e-13 102.638 0 0 0 -0 0 0 0 180
0 0 0 -180 0 -180 0 -0 5.66897e-13 169.025 0 180 0 -180 0 0 0 0
0 180 0 -0 0 -0 0 180 9.2908e-13 34.4721 0 -0 0 -0 0 180 0 180
0 0 0 0 0 0 0 -180 0.186779 -31.4633 0 -180 0 0 0 0 0 0
0 180 0 180 0 180 0 -0 1.18822 164.011 0 -0 0 180 0 180 0 180
inside=0 lambda=0.647 phi=5 theta=15
0 0 0 -180 0 0 0 0 0.182877 -31.3807 0 0 0 0 0 -180 0 0
0 180 0 -0 0 180 0 180 1.18434 164.027 0 180 0 180 0 -0 0 180
0 0 0 -0 0 -180 0 -180 0.0010426 143.271 0 0 0 -180 0 180 0 0
0 180 0 -180 0 -0 0 -0 0.00107905 -30.8141 0 180 0 -0 0 0 0 180
0 0 0 -180 0 -180 0 -0 0.00104264 143.28 0 180 0 -180 0 0 0 0
0 180 0 -0 0 -0 0 -180 0.00107851 -30.715 0 0 0 -0 0 180 0 180
0 0 0 0 0 0 0 -180 0.186499 -31.4576 0 -180 0 0 0 0 0 0
0 180 0 180 0 180 0 -0 1.18794 164.012 0 -0 0 180 0 180 0 180
inside=0 lambda=0.647 phi=5 theta=30
0 0 0 -180 0 0 0 0 0.183642 -31.3974 0 0 0 0 0 -180 0 0
0 180 0 -0 0 180 0 180 1.1851 164.024 0 180 0 180 0 -0 0 180
0 0 0 -0 0 -180 0 -180 0.00180585 143.273 0 0 0 -180 0 180 0 0
0 180 0 -180 0 -0 0 -0 0.00186877 -30.7929 0 180 0 -0 0 0 0 180
0 0 0 -180 0 -180 0 -0 0.00180588 143.278 0 180 0 -180 0 0 0 0
0 180 0 -0 0 -0 0 -180 0.00186823 -30.7357 0 0 0 -0 0 180 0 180
0 0 0 0 0 0 0 -180 0.185734 -31.4418 0 -180 0 0 0 0 0 0
0 180 0 180 0 180 0 -0 1.18718 164.015 0 -0 0 180 0 180 0 180
inside=0 lambda=0.647 phi=5 theta=45
0 0 0 -180 0 0 0 0 0.184688 -31.4198 0 0 0 0 0 -180 0 0
0 180 0 -0 0 180 0 180 1.18614 164.019 0 180 0 180 0 -0 0 180
0 0 0 -0 0 -180 0 -180 0.00208523 143.275 0 0 0 -180 0 180 0 0
0 180 0 -180 0 -0 0 -0 0.00215756 -30.7642 0 180 0 -0 0 0 0 180
0 0 0 -180 0 -180 0 -0 0.00208523 143.275 0 180 0 -180 0 0 0 0
0 180 0 -0 0 -0 0 -180 0.00215756 -30.7642 0 0 0 -0 0 180 0 180
0 0 0 0 0 0 0 -180 0.184688 -31.4198 0 -180 0 0 0 0 0 0
0 180 0 180 0 180 0 -0 1.18614 164.019 0 -0 0 180 0 180 0 180
inside=0 lambda=0.647 phi=10 theta=0
0 -0 0 -180 0 0 0 0 0.17557 -51.3293 0 0 0 -0 0 -180 0 0
0 180 0 -0 0 180 0 180 1.17766 153.992 0 180 0 180 0 -0 0 180
0 0 0 -0 0 -180 0 -0 4.93218e-13 -154.005 0 -0 0 -180 0 180 0 0
0 180 0 -180 0 -0 0 0 8.13816e-13 65.2361 0 0 0 -0 0 0 0 180
0 0 0 -180 0 -180 0 180 2.48338e-13 -154.319 0 180 0 -180 0 0 0 0
0 180 0 -0 0 -0 0 -180 7.78946e-13 58.7803 0 0 0 -0 0 180 0 180
0 0 0 0 0 0 0 -180 0.192876 -51.6748 0 -180 0 0 0 0 0 0
0 180 0 180 0 180 0 -0 1.1948 153.927 0 -0 0 180 0 180 0 180
inside=0 lambda=0.647 phi=10 theta=15
0 -0 0 -180 0 0 0 0 0.176728 -51.3563 0 0 0 -0 0 -180 0 0
0 180 0 -0 0 180 0 180 1.17881 153.987 0 180 0 180 0 -0 0 180
0 0 0 -0 0 -180 0 -180 0.00429208 123.199 0 0 0 -180 0 180 0 0
0 180 0 -180 0 -0 0 -0 0.00444315 -40.7835 0 180 0 -0 0 0 0 180
0 0 0 -180 0 -180 0 -0 0.00429318 123.242 0 180 0 -180 0 0 0 0
0 180 0 -0 0 -0 0 -180 0.00443448 -40.3775 0 0 0 -0 0 180 0 180
0 0 0 0 0 0 0 -180 0.191715 -51.6553 0 -180 0 0 0 0 0 0
0 180 0 180 0 180 0 -0 1.19365 153.931 0 -0 0 180 0 180 0 180
inside=0 lambda=0.647 phi=10 theta=30
0 -0 0 -180 0 0 0 0 0.179892 -51.4272 0 0 0 -0 0 -180 0 0
0 180 0 -0 0 180 0 180 1.18194 153.974 0 180 0 180 0 -0 0 180
0 0 0 -0 0 -180 0 -180 0.00743451 123.206 0 0 0 -180 0 180 0 0
0 180 0 -180 0 -0 0 -0 0.00769237 -40.6932 0 180 0 -0 0 0 0 180
0 0 0 -180 0 -180 0 -0 0.0074356 123.231 0 180 0 -180 0 0 0 0
0 180 0 -0 0 -0 0 -180 0.00768372 -40.4591 0 0 0 -0 0 180 0 180
0 0 0 0 0 -0 0 -180 0.188545 -51.5996 0 -180 0 0 0 0 0 0
0 180 0 180 0 180 0 -0 1.19051 153.941 0 -0 0 180 0 180 0 180
inside=0 lambda=0.647 phi=10 theta=45
0 -0 0 -180 0 0 0 0 0.184217 -51.5172 0 0 0 -0 0 -180 0 0
0 180 0 -0 0 180 0 180 1.18623 153.957 0 180 0 180 0 -0 0 180
0 0 0 -0 0 -180 0 -180 0.00858526 123.218 0 0 0 -180 0 180 0 0
0 180 0 -180 0 -0 0 -0 0.00887728 -40.574 0 180 0 -0 0 0 0 180
0 0 0 -180 0 -180 0 -0 0.00858526 123.218 0 180 0 -180 0 0 0 0
0 180 0 -0 0 -0 0 -180 0.00887728 -40.574 0 0 0 -0 0 180 0 180
0 -0 0 0 0 -0 0 -180 0.184217 -51.5172 0 -180 0 0 0 0 0 0
0 180 0 180 0 180 0 -0 1.18623 153.957 0 -0 0 180 0 180 0 180
inside=0 lambda=0.647 phi=15 theta=0
0 -0 0 -180 0 0 0 0 0.162832 -84.5502 0 0 0 -0 0 -180 0 0
0 180 0 -0 0 180 0 180 1.16606 137.35 0 180 0 180 0 -0 0 180
0 -0 0 -0 0 -180 0 -180 5.42905e-14 108.395 0 180 0 180 0 180 0 0
0 180 0 -180 0 -0 0 -180 1.1615e-13 14.769 0 -180 0 -0 0 0 0 180
0 0 0 -180 0 -180 0 180 2.71286e-14 -167.06 0 -0 0 -180 0 0 0 0
0 180 0 -0 0 -0 0 0 8.66432e-14 57.1935 0 180 0 -0 0 180 0 180
0 0 0 0 0 0 0 -180 0.204008 -85.2193 0 -180 0 0 0 0 0 0
0 180 0 180 0 180 0 -0 1.20659 137.222 0 -0 0 180 0 180 0 180
inside=0 lambda=0.647 phi=15 theta=15
0 -0 0 -180 0 0 0 0 0.16558 -84.6182 0 0 0 -0 0 -180 0 0
0 180 0 -0 0 180 0 180 1.16878 137.338 0 180 0 180 0 -0 0 180
0 0 0 -0 0 -180 0 -180 0.0101522 89.9146 0 0 0 180 0 180 0 0
0 180 0 -180 0 -0 0 -0 0.0105132 -57.3508 0 180 0 -0 0 0 0 180
0 0 0 -180 0 -180 0 -0 0.0101608 90.0455 0 180 0 -180 0 0 0 0
0 180 0 -0 0 -0 0 -180 0.0104678 -56.4027 0 0 0 -0 0 180 0 180
0 0 0 0 0 -0 0 -180 0.201237 -85.195 0 -180 0 0 0 0 0 0
0 180 0 180 0 180 0 -0 1.20387 137.226 0 -0 0 180 0 180 0 180
inside=0 lambda=0.647 phi=15 theta=30
0 -0 0 -180 0 0 0 0 0.173095 -84.7849 0 0 0 -0 0 -180 0 0
0 180 0 -0 0 180 0 180 1.1762 137.306 0 180 0 180 0 -0 0 180
0 0 0 -0 0 -180 0 -180 0.0175874 89.9363 0 0 0 180 0 180 0 0
0 180 0 -180 0 -0 0 -0 0.0181904 -57.1268 0 180 0 -0 0 0 0 180
0 0 0 -180 0 -180 0 -0 0.017596 90.0115 0 180 0 -180 0 0 0 0
0 180 0 -0 0 -0 0 -180 0.0181454 -56.5827 0 0 0 -0 0 180 0 180
0 -0 0 0 0 -0 0 -180 0.193679 -85.1149 0 -180 0 0 0 0 0 0
0 180 0 180 0 180 0 -0 1.19646 137.242 0 -0 0 180 0 180 0 180
inside=0 lambda=0.647 phi=15 theta=45
0 -0 0 -180 0 0 0 0 0.183376 -84.9713 0 0 0 -0 0 -180 0 0
0 180 0 -0 0 180 0 180 1.18633 137.27 0 180 0 180 0 -0 0 180
0 0 0 -0 0 -180 0 -180 0.0203132 89.9709 0 0 0 180 0 180 0 0
0 180 0 -180 0 -0 0 -0 0.0209772 -56.8439 0 180 0 -0 0 0 0 180
0 0 0 -180 0 180 0 -0 0.0203132 89.9709 0 180 0 -180 0 0 0 0
0 180 0 -0 0 -0 0 -180 0.0209772 -56.8439 0 0 0 -0 0 180 0 180
0 -0 0 0 0 -0 0 -180 0.183376 -84.9713 0 -180 0 0 0 0 0 0
0 180 0 180 0 180 0 -0 1.18633 137.27 0 -0 0 180 0 180 0 180
inside=0 lambda=0.647 phi=20 theta=0
0 -0 0 -180 0 0 0 0 0.143113 -131.04 0 0 0 -0 0 -180 0 0
0 180 0 -0 0 0 0 180 1.14739 114.23 0 0 0 180 0 -0 0 0
0 -0 0 -0 0 -180 0 -180 1.21656e-13 130.62 0 180 0 180 0 180 0 0
0 180 0 -180 0 -180 0 -180 2.77023e-13 -131.63 0 -180 0 -0 0 0 0 0
0 0 0 -180 0 -180 0 180 2.25438e-13 -165.272 0 -180 0 -180 0 0 0 0
0 180 0 -180 0 -0 0 180 2.22554e-13 39.2836 0 -0 0 -0 0 0 0 180
0 0 0 0 0 0 0 -180 0.221987 -131.735 0 -180 0 0 0 0 0 0
0 180 0 0 0 180 0 -180 1.22508 114.063 0 -0 0 180 0 0 0 180
inside=0 lambda=0.647 phi=20 theta=15
0 -0 0 -180 0 0 0 0 0.14837 -131.175 0 0 0 -0 0 -180 0 0
0 180 0 -180 0 0 0 180 1.1526 114.205 0 0 0 180 0 -0 0 0
0 -0 0 -0 0 -180 0 -180 0.0194549 43.6883 0 0 0 180 0 0 0 0
0 180 0 -180 0 -180 0 -180 0.0201453 -80.4345 0 0 0 -0 0 0 0 0
0 0 0 -180 0 -180 0 -0 0.0194793 44.0251 0 0 0 -180 0 0 0 0
0 180 0 -180 0 -0 0 -180 0.0199869 -78.6544 0 0 0 -0 0 0 0 180
0 0 0 0 0 -0 0 -180 0.216663 -131.767 0 -180 0 0 0 0 0 0
0 180 0 180 0 180 0 -180 1.21989 114.056 0 -0 0 0 0 0 0 0
inside=0 lambda=0.647 phi=20 theta=30
0 -0 0 -180 0 0 0 0 0.162745 -131.464 0 0 0 -0 0 -180 0 0
0 180 0 -180 0 0 0 180 1.16683 114.145 0 0 0 180 0 -0 0 0
0 0 0 -0 0 -180 0 -180 0.0337036 43.7421 0 0 0 180 0 0 0 0
0 180 0 -180 0 -180 0 -180 0.0348186 -79.9793 0 0 0 -0 0 0 0 0
0 0 0 -180 0 -180 0 -0 0.0337275 43.9311 0 0 0 -180 0 0 0 0
0 180 0 -180 0 -0 0 -180 0.0346644 -78.9721 0 0 0 -180 0 0 0 0
0 -0 0 0 0 -0 0 -180 0.202161 -131.795 0 -180 0 0 0 0 0 0
0 180 0 180 0 180 0 -180 1.20568 114.054 0 -0 0 0 0 0 0 0
inside=0 lambda=0.647 phi=20 theta=45
0 -0 0 -180 0 0 0 0 0.182423 -131.705 0 0 0 -0 0 -180 0 0
0 180 0 -180 0 0 0 180 1.18626 114.085 0 0 0 180 0 -0 0 0
0 0 0 -0 0 -180 0 -180 0.0389301 43.8267 0 0 0 180 0 0 0 0
0 180 0 -180 0 -180 0 -180 0.0401084 -79.4428 0 0 0 -0 0 0 0 0
0 0 0 -180 0 180 0 -0 0.0389301 43.8267 0 0 0 -180 0 0 0 0
0 180 0 -180 0 -0 0 -180 0.0401084 -79.4428 0 0 0 -180 0 0 0 0
0 -0 0 0 0 -0 0 -180 0.182423 -131.705 0 -180 0 0 0 0 0 0
0 180 0 180 0 180 0 -180 1.18626 114.085 0 -0 0 0 0 0 0 0
inside=0 lambda=0.647 phi=25 theta=0
0 -0 0 -180 0 0 0 0 0.1145 169.433 0 0 0 -0 0 -180 0 0
0 180 0 -180 0 0 0 0 1.11802 84.8302 0 0 0 180 0 -180 0 0
0 -0 0 -180 0 -180 0 -0 8.87751e-14 -130.052 0 0 0 180 0 0 0 0
0 180 0 180 0 -180 0 0 2.46873e-13 163.22 0 -180 0 -0 0 -0 0 0
0 0 0 -180 0 -180 0 -0 1.65373e-13 -154.408 0 -0 0 -180 0 0 0 0
0 0 0 -180 0 -180 0 -0 6.50964e-13 150.766 0 -180 0 -180 0 0 0 0
0 0 0 0 0 0 0 -180 0.249104 169.565 0 -180 0 0 0 0 0 0
0 0 0 0 0 0 0 -180 1.25348 84.7522 0 -180 0 0 0 0 0 0
inside=0 lambda=0.647 phi=25 theta=15
0 -0 0 -180 0 0 0 0 0.123553 169.184 0 0 0 -0 0 -180 0 0
0 180 0 -180 0 0 0 0 1.12706 84.7792 0 0 0 180 0 -180 0 0
0 -0 0 -180 0 -180 0 -180 0.0338548 -15.0189 0 0 0 180 0 0 0 0
0 0 0 180 0 -180 0 -180 0.0350143 -109.912 0 0 0 -0 0 -0 0 0
0 0 0 -180 0 -180 0 -180 0.0338149 -14.3369 0 0 0 -180 0 0 0 0
0 0 0 -180 0 -180 0 180 0.0345115 -106.842 0 -0 0 -180 0 0 0 0
0 0 0 0 0 0 0 -180 0.240233 169.269 0 -180 0 0 0 0 0 0
0 0 0 0 0 0 0 -180 1.24432 84.6802 0 -180 0 0 0 0 0 0
inside=0 lambda=0.647 phi=25 theta=30
0 -0 0 -180 0 0 0 0 0.148276 168.749 0 0 0 -0 0 -180 0 0
0 180 0 -180 0 0 0 0 1.15178 84.6681 0 0 0 180 0 -180 0 0
0 0 0 -180 0 -180 0 -180 0.0585601 -14.9345 0 0 0 180 0 0 0 0
0 0 0 180 0 -180 0 -180 0.0603479 -109.041 0 0 0 -0 0 -0 0 0
0 0 0 -180 0 -180 0 -180 0.0585364 -14.5773 0 0 0 -180 0 0 0 0
0 0 0 -180 0 -180 0 180 0.0598874 -107.366 0 -0 0 -180 0 0 0 0
0 -0 0 0 0 -0 0 -180 0.215739 168.795 0 -180 0 0 0 0 0 0
0 0 0 0 0 180 0 -180 1.21943 84.5833 0 -180 0 0 0 0 0 0
inside=0 lambda=0.647 phi=25 theta=45
0 -0 0 -180 0 0 0 0 0.182042 168.577 0 0 0 -0 0 -180 0 0
0 180 0 -180 0 0 0 0 1.18557 84.5799 0 0 0 180 0 -180 0 0
0 0 0 -180 0 -180 0 -180 0.0675806 -14.7926 0 0 0 180 0 0 0 0
0 0 0 180 0 -180 0 -180 0.0693736 -108.127 0 0 0 -0 0 -0 0 0
0 0 0 -180 0 180 0 -180 0.0675806 -14.7926 0 0 0 -180 0 0 0 0
0 0 0 -180 0 -0 0 180 0.0693736 -108.127 0 -0 0 -180 0 0 0 0
0 -0 0 0 0 -0 0 -180 0.182042 168.577 0 -180 0 0 0 0 0 0
0 180 0 0 0 180 0 -180 1.18557 84.5799 0 -180 0 0 0 0 0 0
inside=0 lambda=0.647 phi=30 theta=0
0 -0 0 -180 0 0 0.0150091 -7.1497 0.0700571 99.5555 0 0 0 -0 0 -180 0 0
0 180 0 -180 0 -0 0 0 1.0704 49.362 0 -0 0 180 0 -180 0 -0
0 -0 0 -180 0 -180 1.50095e-12 -59.1226 3.99518e-13 -78.8452 0 180 0 180 0 0 0 0
0 0 0 180 0 180 0 180 2.86086e-13 -147.34 0 -180 0 -180 0 -0 0 -0
0 0 0 -180 0 -180 4.06339e-13 12.8929 4.98643e-13 128.265 0 -180 0 -180 0 0 0 0
0 0 0 -180 0 -180 0 180 2.23288e-13 10.9356 0 180 0 -180 0 0 0 0
0 0 0 0 0 0 0.0816352 74.5928 0.292442 98.4499 0 -180 0 0 0 0 0 0
0 0 0 0 0 0 0 180 1.29641 49.541 0 -180 0 0 0 0 0 0
inside=0 lambda=0.647 phi=30 theta=15
0 -180 0 -180 0 0 0 -0 0.0866837 97.2932 0 0 0 -180 0 -180 0 0
0 180 0 -180 0 -0 0 0 1.08586 49.3937 0 -0 0 180 0 -180 0 -0
0 -0 0 -180 0 -180 0 -0 0.0571527 -85.3357 0 0 0 180 0 0 0 0
0 0 0 180 0 180 0 180 0.0592608 -146.533 0 0 0 -180 0 -0 0 -0
0 0 0 -180 0 -180 0 -180 0.0562404 -84.2556 0 0 0 -180 0 0 0 0
0 0 0 -180 0 -180 0 180 0.0574276 -140.522 0 -0 0 -180 0 0 0 0
0 -0 0 0 0 0 0 -180 0.270855 99.0377 0 -180 0 0 0 0 0 0
0 0 0 0 0 0 0 180 1.28464 49.775 0 -180 0 0 0 0 0 0
inside=0 lambda=0.647 phi=30 theta=30
0 -0 0 -180 0 0 0 0 0.126501 96.7506 0 0 0 -0 0 -180 0 0
0 180 0 -180 0 -0 0 0 1.12714 49.1127 0 -0 0 180 0 -180 0 -0
0 0 0 -180 0 -180 0 -180 0.0978244 -85.4722 0 0 0 180 0 0 0 0
0 0 0 180 0 -180 0 180 0.100552 -144.013 0 0 0 -180 0 -0 0 -0
0 0 0 -180 0 -180 0 -180 0.0975052 -85.0483 0 0 0 -180 0 0 0 0
0 0 0 -180 0 -180 0 180 0.0992407 -141.282 0 -0 0 -180 0 0 0 0
0 -0 0 0 0 -0 0 -180 0.236839 97.227 0 -180 0 0 0 0 0 0
0 0 0 0 0 0 0 180 1.24039 49.1138 0 -180 0 0 0 0 0 0
inside=0 lambda=0.647 phi=30 theta=45
0 -0 0 -180 0 0 0 0 0.182115 96.609 0 0 0 -0 0 -180 0 0
0 0 0 -180 0 0 0 0 1.18353 48.9943 0 0 0 0 0 -180 0 -0
0 0 0 -180 0 -180 0 -180 0.112628 -85.3944 0 0 0 -180 0 0 0 0
0 0 0 180 0 -180 0 -180 0.115102 -142.466 0 0 0 -180 0 -0 0 0
0 0 0 -180 0 -180 0 -180 0.112628 -85.3944 0 0 0 -180 0 0 0 0
0 0 0 -180 0 -180 0 180 0.115102 -142.466 0 -0 0 -180 0 0 0 0
0 -0 0 0 0 -0 0 -180 0.182115 96.609 0 -180 0 0 0 0 0 0
0 0 0 0 0 0 0 -180 1.18353 48.9943 0 -180 0 0 0 0 0 -0
inside=0 lambda=0.647 phi=35 theta=0
0 -0 0 -180 0 0 0.014492 -89.9735 0.0117273 176.884 0 0 0 -0 0 -180 0 0
0 0 0 -180 0 -0 0 180 0.988242 8.16499 0 -0 0 0 0 -180 0 -0
0 -0 0 -180 0 -180 2.48428e-13 -155.219 3.08233e-13 -101 0 0 0 180 0 0 0 0
0 0 0 180 0 180 0 -180 3.97566e-13 -75.8807 0 180 0 -180 0 -0 0 -0
0 0 0 -180 0 -180 1.95631e-13 -94.8985 4.39521e-13 -58.8068 0 -0 0 -180 0 0 0 0
0 -0 0 180 0 180 0 180 6.90971e-13 -104.823 0 -0 0 180 0 -0 0 -0
0 0 0 0 0 0 0.028501 -177.401 0.369318 17.6523 0 -180 0 0 0 0 0 0
0 -0 0 -0 0 -0 0 -180 1.36904 8.53063 0 180 0 -0 0 -0 0 -0
inside=0 lambda=0.647 phi=35 theta=15
0 -0 0 -180 0 0 0.0293197 62.072 0.0142647 18.8137 0 0 0 -0 0 180 0 0
0 0 0 -180 0 -0 0 180 1.01381 7.94142 0 -0 0 0 0 -180 0 -0
0 -0 0 -180 0 -180 0.0712294 49.8441 0.0908867 -167.558 0 0 0 180 0 180 0 0
0 0 0 180 0 180 0 180 0.102528 177.638 0 -0 0 -180 0 -0 0 -0
0 0 0 -180 0 180 0.0455547 46.2207 0.0934297 -166.605 0 180 0 -180 0 0 0 0
0 -0 0 180 0 -180 0 180 0.0949628 -178.792 0 -180 0 180 0 -0 0 -0
0 0 0 0 0 -0 0.20934 37.2203 0.359661 15.6389 0 -180 0 0 0 0 0 0
0 0 0 0 0 0 0 180 1.32095 7.85389 0 180 0 -0 0 -0 0 -0
inside=0 lambda=0.647 phi=35 theta=30
0 -180 0 -180 0 0 0 -0 0.0839723 12.723 0 0 0 -0 0 180 0 0
0 0 0 180 0 -0 0 0 1.08349 7.70934 0 -0 0 0 0 -180 0 -0
0 -0 0 -180 0 -180 0 -180 0.165138 -167.129 0 0 0 180 0 0 0 0
0 0 0 180 0 180 0 180 0.169771 175.21 0 -0 0 -180 0 -0 0 -0
0 0 0 -180 0 180 0 -180 0.164705 -166.868 0 180 0 -180 0 0 0 0
0 0 0 180 0 -180 0 0 0.166673 179.933 0 -0 0 180 0 -0 0 -0
0 -0 0 -0 0 -0 0 -180 0.271895 13.8448 0 -180 0 0 0 0 0 0
0 0 0 0 0 0 0 180 1.27449 8.07239 0 -180 0 -0 0 -0 0 -0
inside=0 lambda=0.647 phi=35 theta=45
0 -0 0 -180 0 0 0 -0 0.178531 12.818 0 0 0 -0 0 -180 0 0
0 0 0 180 0 -0 0 0 1.17865 7.58769 0 -0 0 0 0 -180 0 -0
0 0 0 -180 0 -180 0 -180 0.190153 -167.394 0 0 0 180 0 180 0 0
0 0 0 180 0 180 0 180 0.193353 178.119 0 -0 0 -180 0 -0 0 -0
0 0 0 -180 0 180 0 -180 0.190153 -167.394 0 180 0 -180 0 0 0 0
0 0 0 180 0 -180 0 180 0.193353 178.119 0 -0 0 180 0 -0 0 -0
0 -0 0 -0 0 -0 0 -180 0.178531 12.818 0 -180 0 0 0 0 0 0
0 0 0 0 0 0 0 180 1.17865 7.58769 0 -180 0 -0 0 -0 0 -0
inside=0 lambda=0.647 phi=40 theta=0
0 -180 0 180 0 0 0.046886 -50.0829 0.202866 101.242 0 0 0 -180 0 180 0 0
0 0 0 -180 0 -180 0 180 0.798926 -38.5272 0 -180 0 0 0 -180 0 -180
0 -0 0 -180 0 -180 1.86218e-12 112.858 5.76092e-13 66.0517 0 -180 0 180 0 0 0 0
0 0 0 0 0 0 0 0 7.24843e-13 66.013 0 -0 0 -180 0 -180 0 -180
0 0 0 -180 0 -180 6.89928e-13 -117.781 2.8326e-13 -108.041 0 180 0 -180 0 0 0 0
0 0 0 180 0 180 0 -180 2.43199e-13 -22.6021 0 -0 0 -180 0 -0 0 -0
0 0 0 0 0 -0 0.507831 129.752 0.416588 -85.5129 0 -180 0 0 0 0 0 -0
0 0 0 -0 0 -0 0 0 1.4289 -34.3672 0 180 0 0 0 -0 0 -0
inside=0 lambda=0.647 phi=40 theta=15
0 -0 0 -180 0 0 0.0130489 -44.8535 0.154499 103.844 0 0 0 -180 0 180 0 0
0 0 0 -180 0 -180 0 0 0.848996 -39.1036 0 -180 0 0 0 -180 0 -180
0 -0 0 -180 0 -180 0.014558 -109.138 0.185408 102.345 0 0 0 180 0 0 0 0
0 0 0 0 0 0 0 0 0.193939 125.973 0 -180 0 -180 0 -180 0 -180
0 0 0 -180 0 180 0.0926207 50.9257 0.176652 103.955 0 0 0 -180 0 0 0 0
0 -0 0 180 0 180 0 0 0.175047 140.714 0 -180 0 180 0 -0 0 -0
0 0 0 -0 0 -0 0.385301 53.9237 0.406995 -71.6347 0 -180 0 0 0 0 0 0
0 0 0 -0 0 -0 0 0 1.43289 -35.6038 0 180 0 -0 0 -0 0 -0
inside=0 lambda=0.647 phi=40 theta=30
0 -0 0 -180 0 0 0.0335208 -99.5408 0.0297794 141.92 0 0 0 -180 0 180 0 0
0 0 0 180 0 -180 0 0 0.981637 -39.5736 0 -180 0 0 0 180 0 -180
0 -0 0 -180 0 -180 0.0738653 -137.779 0.316296 101.61 0 0 0 180 0 0 0 0
0 -0 0 0 0 0 0 0 0.326879 130.743 0 -0 0 180 0 -180 0 -180
0 0 0 -180 0 180 0.091163 165.183 0.31182 101.139 0 0 0 -180 0 0 0 0
0 -0 0 180 0 180 0 0 0.311012 136.106 0 -180 0 180 0 -0 0 -0
0 0 0 -0 0 -0 0.269441 146.959 0.321635 -84.1188 0 180 0 0 0 0 0 0
0 0 0 -0 0 0 0 0 1.3297 -38.7243 0 180 0 -0 0 -0 0 -180
inside=0 lambda=0.647 phi=40 theta=45
0 -0 0 -180 0 0 0 -0 0.159381 -86.3725 0 0 0 -180 0 180 0 0
0 0 0 180 0 -0 0 -0 1.16138 -39.5204 0 -180 0 0 0 180 0 -180
0 -0 0 -180 0 -180 0 -180 0.359959 100.199 0 0 0 180 0 0 0 0
0 -0 0 0 0 180 0 180 0.364276 134.201 0 -0 0 180 0 -180 0 -180
0 -0 0 -180 0 180 0 -180 0.359959 100.199 0 0 0 -180 0 0 0 0
0 -0 0 180 0 180 0 0 0.364276 134.201 0 -180 0 180 0 -0 0 -180
0 -0 0 -0 0 -180 0 -180 0.159381 -86.3725 0 180 0 0 0 0 0 0
0 0 0 -0 0 0 0 180 1.16138 -39.5204 0 180 0 -0 0 -180 0 -180
inside=0 lambda=0.647 phi=45 theta=0
0 -0 0 180 0 180 0.0835183 -51.2083 0.996101 -53.706 0 180 0 -0 0 180 0 180
0 -0 0 180 0 180 0 0 0 -0 0 180 0 -0 0 180 0 180
0 -0 0 -0 0 -180 8.009e-13 -96.9628 2.729e-12 143.778 0 -0 0 180 0 180 0 0
0 -0 0 -0 0 -0 0 0 0 -180 0 -180 0 180 0 180 0 180
0 0 0 -180 0 -180 3.99994e-13 4.62051 1.33121e-13 -147.394 0 180 0 -180 0 0 0 0
0 180 0 0 0 0 0 180 0 -180 0 180 0 -0 0 -180 0 -180
0 0 0 0 0 0 0.636393 -32.1378 0.798115 -179.831 0 -180 0 0 0 0 0 0
0 180 0 -180 0 -180 0 180 0 -180 0 0 0 180 0 -180 0 -180
inside=0 lambda=0.647 phi=45 theta=15
0 -0 0 180 0 180 0.081277 -168.984 0.853891 -54.2724 0 180 0 -0 0 180 0 180
0 -0 0 180 0 180 0 0 0 -0 0 180 0 -0 0 180 0 180
0 -0 0 -0 0 -180 0.529213 159.661 0.360386 -34.6839 0 0 0 180 0 180 0 180
0 -0 0 -0 0 -0 0 0 0 0 0 -180 0 180 0 180 0 180
0 0 0 -180 0 -180 0.21042 174.415 0.412732 -36.191 0 -180 0 -0 0 180 0 180
0 -0 0 180 0 180 0 0 0 0 0 180 0 -0 0 -180 0 -180
0 0 0 0 0 0 0.106377 146.264 0.871403 158.743 0 -180 0 180 0 180 0 180
0 0 0 -0 0 -0 0 0 0 -180 0 0 0 -180 0 -180 0 -180
inside=0 lambda=0.647 phi=45 theta=30
0 -0 0 180 0 180 0.02181 4.41817 0.499366 -57.4264 0 180 0 0 0 -180 0 -0
0 -0 0 180 0 180 0 0 0 -0 0 180 0 -0 0 180 0 180
0 -0 0 -0 0 -0 0.0643485 -151.812 0.869822 -39.9671 0 180 0 180 0 -180 0 -0
0 -0 0 -0 0 -0 0 -0 0 0 0 -180 0 180 0 180 0 180
0 0 0 -180 0 -180 0.0545439 64.2708 0.856162 -39.8729 0 -180 0 -180 0 180 0 0
0 -0 0 180 0 180 0 180 0 0 0 180 0 0 0 -180 0 -180
0 -0 0 0 0 0 0.0775562 25.9432 0.497733 158.239 0 -180 0 180 0 180 0 0
0 -0 0 -0 0 -0 0 -0 0 -180 0 180 0 -180 0 -180 0 180
inside=0 lambda=0.647 phi=45 theta=45
0 -0 0 -180 0 180 0 0 0.119694 -131.345 0 0 0 0 0 -180 0 -0
0 0 0 0 0 -180 0 -0 0 -0 0 -180 0 -0 0 180 0 180
0 0 0 -0 0 -180 0 180 0.992811 -41.3448 0 180 0 -180 0 -180 0 0
0 -0 0 -0 0 0 0 -180 0 0 0 -180 0 180 0 180 0 180
0 0 0 180 0 -180 0 -0 0.992811 -41.3448 0 -180 0 -180 0 180 0 0
0 -0 0 -180 0 180 0 -0 0 0 0 180 0 0 0 -180 0 180
0 -0 0 0 0 0 0 -180 0.119694 -131.345 0 -180 0 180 0 0 0 -0
0 0 0 -0 0 -0 0 0 0 -0 0 180 0 -180 0 -180 0 180
inside=1 lambda=0.647 phi=0 theta=0
0 0 0 -180 0 0 0 0 0.184829 179.479 0 0 0 0 0 -180 0 0
0 180 0 -0 0 180 0 180 0.814291 167.382 0 180 0 180 0 -0 0 180
0 0 0 180 0 -180 0 0 3.81341e-13 -74.386 0 -0 0 -180 0 180 0 0
0 180 0 -0 0 -0 0 -0 8.41262e-13 80.8128 0 -0 0 -0 0 180 0 180
0 0 0 180 0 -180 0 -0 1.5083e-13 -119.864 0 -0 0 -180 0 -180 0 0
0 180 0 -0 0 -0 0 0 2.7754e-13 70.048 0 0 0 -0 0 -0 0 180
0 0 0 0 0 0 0 -180 0.184829 179.479 0 -180 0 0 0 0 0 0
0 180 0 180 0 180 0 -0 0.814291 167.382 0 -0 0 180 0 180 0 180
inside=1 lambda=0.647 phi=0 theta=15
0 0 0 -180 0 0 0 0 0.184829 179.479 0 0 0 0 0 -180 0 0
0 180 0 -0 0 180 0 180 0.814291 167.382 0 180 0 180 0 -0 0 180
0 0 0 180 0 -180 0 0 3.81341e-13 -74.386 0 -0 0 -180 0 180 0 0
0 180 0 -0 0 -0 0 -0 8.41262e-13 80.8128 0 -0 0 -0 0 180 0 180
0 0 0 180 0 -180 0 -0 1.5083e-13 -119.864 0 -0 0 -180 0 -180 0 0
0 180 0 -0 0 -0 0 0 2.7754e-13 70.048 0 0 0 -0 0 -0 0 180
0 0 0 0 0 0 0 -180 0.184829 179.479 0 -180 0 0 0 0 0 0
0 180 0 180 0 180 0 -0 0.814291 167.382 0 -0 0 180 0 180 0 180
inside=1 lambda=0.647 phi=0 theta=30
0 0 0 -180 0 0 0 0 0.184829 179.479 0 0 0 0 0 -180 0 0
0 180 0 -0 0 180 0 180 0.814291 167.382 0 180 0 180 0 -0 0 180
0 0 0 180 0 -180 0 0 3.81341e-13 -74.386 0 -0 0 -180 0 180 0 0
0 180 0 -0 0 -0 0 -0 8.41262e-13 80.8128 0 -0 0 -0 0 180 0 180
0 0 0 180 0 -180 0 -0 1.5083e-13 -119.864 0 -0 0 -180 0 -180 0 0
0 180 0 -0 0 -0 0 0 2.7754e-13 70.048 0 0 0 -0 0 -0 0 180
0 0 0 0 0 0 0 -180 0.184829 179.479 0 -180 0 0 0 0 0 0
0 180 0 180 0 180 0 -0 0.814291 167.382 0 -0 0 180 0 180 0 180
inside=1 lambda=0.647 phi=0 theta=45
0 0 0 -180 0 0 0 0 0.184829 179.479 0 0 0 0 0 -180 0 0
0 180 0 -0 0 180 0 180 0.814291 167.382 0 180 0 180 0 -0 0 180
0 0 0 180 0 -180 0 0 3.81341e-13 -74.386 0 -0 0 -180 0 180 0 0
0 180 0 -0 0 -0 0 -0 8.41262e-13 80.8128 0 -0 0 -0 0 180 0 180
0 0 0 180 0 -180 0 -0 1.5083e-13 -119.864 0 -0 0 -180 0 -180 0 0
0 180 0 -0 0 -0 0 0 2.7754e-13 70.048 0 0 0 -0 0 -0 0 180
0 0 0 0 0 0 0 -180 0.184829 179.479 0 -180 0 0 0 0 0 0
0 180 0 180 0 180 0 -0 0.814291 167.382 0 -0 0 180 0 180 0 180
inside=1 lambda=0.647 phi=5 theta=0
0 0 0 -180 0 0 0 0 0.183785 179.456 0 0 0 0 0 -180 0 0
0 180 0 -0 0 180 0 180 0.815276 165.803 0 180 0 180 0 -0 0 180
0 0 0 -0 0 -180 0 0 2.08957e-13 -53.7203 0 0 0 -180 0 180 0 0
0 180 0 -180 0 -0 0 -0 5.876e-13 84.7964 0 180 0 -0 0 0 0 180
0 0 0 -180 0 -180 0 180 1.31006e-13 125.757 0 180 0 -180 0 0 0 0
0 180 0 -0 0 -0 0 0 7.09088e-13 71.1983 0 -180 0 -0 0 180 0 180
0 0 0 0 0 0 0 -180 0.185742 179.481 0 -180 0 0 0 0 0 0
0 180 0 180 0 180 0 -0 0.813327 165.794 0 -0 0 180 0 180 0 180
inside=1 lambda=0.647 phi=5 theta=15
0 0 0 -180 0 0 0 0 0.183916 179.457 0 0 0 0 0 -180 0 0
0 180 0 -0 0 180 0 180 0.815145 165.802 0 180 0 180 0 -0 0 180
0 0 0 -0 0 -180 0 -180 0.000486215 0.0360799 0 0 0 -180 0 180 0 0
0 180 0 -180 0 -0 0 -0 0.000494865 176.15 0 180 0 -0 0 0 0 180
0 0 0 -180 0 -180 0 -0 0.000486237 0.0482533 0 0 0 -180 0 0 0 0
0 180 0 -0 0 -0 0 -180 0.000494812 176.117 0 0 0 -0 0 180 0 180
0 0 0 0 0 0 0 -180 0.185611 179.479 0 -180 0 0 0 0 0 0
0 180 0 180 0 180 0 -0 0.813457 165.795 0 -0 0 180 0 180 0 180
inside=1 lambda=0.647 phi=5 theta=30
0 0 0 -180 0 0 0 0 0.184274 179.462 0 0 0 0 0 -180 0 0
0 180 0 -0 0 180 0 180 0.814789 165.801 0 180 0 180 0 -0 0 180
0 0 0 -0 0 -180 0 -180 0.000842157 0.0386735 0 0 0 -180 0 0 0 0
0 180 0 -180 0 -0 0 -0 0.000857112 176.143 0 180 0 -0 0 0 0 180
0 0 0 -180 0 -180 0 -0 0.000842179 0.0457016 0 0 0 -180 0 0 0 0
0 180 0 -0 0 -0 0 -180 0.000857058 176.124 0 0 0 -0 0 180 0 180
0 0 0 0 0 0 0 -180 0.185253 179.475 0 -180 0 0 0 0 0 0
0 180 0 180 0 180 0 -0 0.813814 165.797 0 -0 0 180 0 180 0 180
inside=1 lambda=0.647 phi=5 theta=45
0 0 0 -180 0 0 0 0 0.184764 179.468 0 0 0 0 0 -180 0 0
0 180 0 -0 0 180 0 180 0.814301 165.799 0 180 0 180 0 -0 0 180
0 0 0 -0 0 -180 0 -180 0.000972452 0.042198 0 0 0 -180 0 0 0 0
0 180 0 -180 0 -0 0 -0 0.000989676 176.134 0 180 0 -0 0 0 0 180
0 0 0 -180 0 -180 0 -0 0.000972452 0.042198 0 0 0 -180 0 0 0 0
0 180 0 -0 0 -0 0 -180 0.000989676 176.134 0 0 0 -0 0 180 0 180
0 0 0 0 0 0 0 -180 0.184764 179.468 0 -180 0 0 0 0 0 0
0 180 0 180 0 180 0 -0 0.814301 165.799 0 -0 0 180 0 180 0 180
inside=1 lambda=0.647 phi=10 theta=0
0 0 0 -180 0 0 0 0 0.180597 179.391 0 0 0 0 0 -180 0 0
0 180 0 -0 0 180 0 180 0.818271 161.097 0 180 0 180 0 -0 0 180
0 0 0 -0 0 -180 0 -180 7.73877e-14 -179.472 0 -0 0 -180 0 180 0 0
0 180 0 -180 0 -0 0 -180 2.27786e-13 56.2622 0 -0 0 -0 0 0 0 180
0 0 0 -180 0 -180 0 -0 1.14496e-13 175.788 0 0 0 -180 0 0 0 0
0 180 0 -0 0 -0 0 -0 3.7801e-13 49.2448 0 -0 0 -0 0 180 0 180
0 0 0 0 0 0 0 -180 0.188518 179.494 0 -180 0 0 0 0 0 0
0 180 0 180 0 180 0 -0 0.8104 161.065 0 -0 0 180 0 180 0 180
inside=1 lambda=0.647 phi=10 theta=15
0 0 0 -180 0 0 0 0 0.181128 179.398 0 0 0 0 0 -180 0 0
0 180 0 -0 0 180 0 180 0.817744 161.094 0 180 0 180 0 -0 0 180
0 0 0 -0 0 -180 0 -180 0.00196279 0.0313592 0 0 0 -180 0 0 0 0
0 180 0 -180 0 -0 0 -0 0.00199733 171.403 0 180 0 -0 0 0 0 180
0 0 0 -180 0 -180 0 -0 0.00196327 0.0787818 0 0 0 -180 0 0 0 0
0 180 0 -0 0 -0 0 -180 0.0019965 171.27 0 0 0 -0 0 180 0 180
0 0 0 0 0 0 0 -180 0.187988 179.487 0 -180 0 0 0 0 0 0
0 180 0 180 0 180 0 -0 0.810927 161.067 0 -0 0 180 0 180 0 180
inside=1 lambda=0.647 phi=10 theta=30
0 0 0 -180 0 0 0 0 0.182577 179.417 0 0 0 0 0 -180 0 0
0 180 0 -0 0 180 0 180 0.816303 161.089 0 180 0 180 0 -0 0 180
0 0 0 -0 0 -180 0 -180 0.00339983 0.0417074 0 0 0 -180 0 0 0 0
0 180 0 -180 0 -0 0 -0 0.00345916 171.374 0 180 0 -0 0 0 0 180
0 0 0 -180 0 -180 0 -0 0.00340031 0.0690733 0 0 0 -180 0 0 0 0
0 180 0 -0 0 -0 0 -180 0.00345834 171.298 0 0 0 -0 0 180 0 180
0 0 0 0 0 0 0 -180 0.186538 179.468 0 -180 0 0 0 0 0 0
0 180 0 180 0 180 0 -0 0.812368 161.073 0 -0 0 180 0 180 0 180
inside=1 lambda=0.647 phi=10 theta=45
0 0 0 -180 0 0 0 0 0.184557 179.443 0 0 0 0 0 -180 0 0
0 180 0 -0 0 180 0 180 0.814336 161.081 0 180 0 180 0 -0 0 180
0 0 0 -0 0 -180 0 -180 0.00392606 0.0555502 0 0 0 -180 0 0 0 0
0 180 0 -180 0 -0 0 -0 0.00399381 171.335 0 180 0 -0 0 0 0 180
0 0 0 -180 0 -180 0 -0 0.00392606 0.0555502 0 0 0 -180 0 0 0 0
0 180 0 -0 0 -0 0 -180 0.00399381 171.335 0 0 0 -0 0 180 0 180
0 0 0 0 0 0 0 -180 0.184557 179.443 0 -180 0 0 0 0 0 0
0 180 0 180 0 180 0 -0 0.814336 161.081 0 -0 0 180 0 180 0 180
inside=1 lambda=0.647 phi=15 theta=0
0 -0 0 -180 0 0 0 0 0.175108 179.308 0 0 0 -0 0 -180 0 0
0 180 0 -0 0 180 0 180 0.823398 153.357 0 180 0 180 0 -0 0 180
0 0 0 -0 0 -180 0 0 8.37052e-14 -110.814 0 -0 0 -180 0 180 0 0
0 180 0 -180 0 -0 0 -0 5.70064e-13 66.3097 0 0 0 -0 0 0 0 180
0 0 0 -180 0 -180 0 -180 1.07122e-14 89.7685 0 -0 0 -180 0 0 0 0
0 180 0 -0 0 -0 0 -0 5.9341e-13 41.7667 0 0 0 -0 0 180 0 180
0 0 0 0 0 0 0 -180 0.193276 179.533 0 -180 0 0 0 0 0 0
0 180 0 180 0 180 0 -0 0.805407 153.289 0 -0 0 180 0 180 0 180
inside=1 lambda=0.647 phi=15 theta=15
0 0 0 -180 0 0 0 0 0.176324 179.323 0 0 0 -0 0 -180 0 0
0 180 0 -0 0 180 0 180 0.822193 153.352 0 180 0 180 0 -0 0 180
0 0 0 -0 0 -180 0 -180 0.00448462 0.0253071 0 0 0 -180 0 0 0 0
0 180 0 -180 0 -0 0 -0 0.00456213 163.606 0 180 0 -0 0 0 0 180
0 0 0 -180 0 -180 0 -0 0.00448807 0.124384 0 0 0 -180 0 0 0 0
0 180 0 -0 0 -0 0 -180 0.00455818 163.3 0 0 0 -0 0 180 0 180
0 0 0 0 0 0 0 -180 0.192058 179.518 0 -180 0 0 0 0 0 0
0 180 0 180 0 180 0 -0 0.806612 153.294 0 -0 0 180 0 180 0 180
inside=1 lambda=0.647 phi=15 theta=30
0 0 0 -180 0 0 0 0 0.179647 179.365 0 0 0 0 0 -180 0 0
0 180 0 -0 0 180 0 180 0.8189 153.34 0 180 0 180 0 -0 0 180
0 0 0 -0 0 -180 0 -180 0.00776889 0.0477602 0 0 0 -180 0 0 0 0
0 180 0 -180 0 -0 0 -0 0.00790026 163.536 0 180 0 -0 0 0 0 180
0 0 0 -180 0 -180 0 -0 0.00777233 0.104826 0 0 0 -180 0 0 0 0
0 180 0 -0 0 -0 0 -180 0.00789632 163.36 0 0 0 -0 0 180 0 180
0 0 0 0 0 0 0 -180 0.18873 179.478 0 -180 0 0 0 0 0 0
0 180 0 180 0 180 0 -0 0.809905 153.306 0 -0 0 180 0 180 0 180
inside=1 lambda=0.647 phi=15 theta=45
0 0 0 -180 0 0 0 0 0.184187 179.422 0 0 0 0 0 -180 0 0
0 180 0 -0 0 180 0 180 0.814402 153.322 0 180 0 180 0 -0 0 180
0 0 0 -0 0 -180 0 -180 0.00897275 0.0770144 0 0 0 -180 0 0 0 0
0 180 0 -180 0 -0 0 -0 0.00912008 163.445 0 180 0 -0 0 0 0 180
0 0 0 -180 0 -180 0 -0 0.00897275 0.0770144 0 0 0 -180 0 0 0 0
0 180 0 -0 0 -0 0 -180 0.00912008 163.445 0 0 0 -0 0 180 0 180
0 0 0 0 0 0 0 -180 0.184187 179.422 0 -180 0 0 0 0 0 0
0 180 0 180 0 180 0 -0 0.814402 153.322 0 -0 0 180 0 180 0 180
inside=1 lambda=0.647 phi=20 theta=0
0 -0 0 -180 0 0 0 0 0.1671 179.25 0 0 0 -0 0 -180 0 0
0 180 0 -0 0 180 0 180 0.83086 142.741 0 180 0 180 0 -0 0 180
0 0 0 -0 0 -180 0 180 3.08957e-14 -32.2842 0 180 0 -180 0 180 0 0
0 180 0 -180 0 -0 0 0 1.67057e-13 66.0905 0 -0 0 -0 0 0 0 180
0 0 0 -180 0 -180 0 180 1.27333e-13 120.156 0 180 0 -180 0 0 0 0
0 180 0 -0 0 -0 0 0 2.26973e-13 30.9261 0 0 0 -0 0 180 0 180
0 0 0 0 0 0 0 -180 0.200248 179.615 0 -180 0 0 0 0 0 0
0 180 0 180 0 180 0 -180 0.798162 142.631 0 -0 0 180 0 180 0 180
inside=1 lambda=0.647 phi=20 theta=15
0 -0 0 -180 0 0 0 0 0.169316 179.276 0 0 0 -0 0 -180 0 0
0 180 0 -0 0 180 0 180 0.828669 142.733 0 180 0 180 0 -0 0 180
0 0 0 -0 0 -180 0 -180 0.00814723 0.022636 0 0 0 -180 0 0 0 0
0 180 0 -180 0 -0 0 -0 0.0082848 152.933 0 180 0 -0 0 0 0 180
0 0 0 -180 0 -180 0 -0 0.00816175 0.170934 0 0 0 -180 0 0 0 0
0 180 0 -0 0 -0 0 -180 0.00827288 152.367 0 0 0 -0 0 180 0 180
0 0 0 0 0 0 0 -180 0.198021 179.591 0 -180 0 0 0 0 0 0
0 180 0 180 0 180 0 -180 0.800352 142.638 0 -0 0 180 0 180 0 180
inside=1 lambda=0.647 phi=20 theta=30
0 -0 0 -180 0 0 0 0 0.175372 179.346 0 0 0 -0 0 -180 0 0
0 180 0 -0 0 180 0 180 0.822686 142.711 0 180 0 180 0 -0 0 180
0 0 0 -0 0 -180 0 -180 0.0141171 0.0578677 0 0 0 -180 0 0 0 0
0 180 0 -180 0 -0 0 -0 0.0143445 152.796 0 180 0 -0 0 0 0 180
0 0 0 -180 0 -180 0 -0 0.0141315 0.14291 0 0 0 -180 0 0 0 0
0 180 0 -0 0 -0 0 -180 0.0143327 152.47 0 0 0 -0 0 180 0 180
0 0 0 0 0 0 0 -180 0.191944 179.527 0 -180 0 0 0 0 0 0
0 180 0 180 0 180 0 -0 0.806337 142.656 0 -0 0 180 0 180 0 180
inside=1 lambda=0.647 phi=20 theta=45
0 0 0 -180 0 0 0 0 0.183653 179.438 0 0 0 -0 0 -180 0 0
0 180 0 -0 0 180 0 180 0.814512 142.683 0 180 0 180 0 -0 0 180
0 0 0 -0 0 -180 0 -180 0.0163095 0.102175 0 0 0 -180 0 0 0 0
0 180 0 -180 0 -0 0 -0 0.0165564 152.625 0 180 0 -0 0 0 0 180
0 0 0 -180 0 -180 0 -0 0.0163095 0.102175 0 0 0 -180 0 0 0 0
0 180 0 -0 0 -0 0 -180 0.0165564 152.625 0 0 0 -0 0 180 0 180
0 0 0 0 0 -0 0 -180 0.183653 179.438 0 -180 0 0 0 0 0 0
0 180 0 180 0 180 0 -0 0.814512 142.683 0 -0 0 180 0 180 0 180
inside=1 lambda=0.647 phi=25 theta=0
0 -0 0 -180 0 0 0 0 0.156365 179.29 0 0 0 -0 0 -180 0 0
0 180 0 -0 0 0 0 180 0.840944 129.47 0 0 0 180 0 -0 0 0
0 0 0 -0 0 -180 0 -0 1.07348e-14 -110.676 0 -0 0 -180 0 180 0 0
0 180 0 -180 0 -180 0 -0 7.74127e-14 -142.137 0 -0 0 -0 0 0 0 0
0 0 0 -180 0 -180 0 180 2.15228e-14 6.37528 0 180 0 -180 0 0 0 0
0 180 0 -180 0 -0 0 -0 1.58656e-14 -140.94 0 0 0 -0 0 0 0 180
0 0 0 0 0 0 0 -180 0.209791 179.737 0 -180 0 0 0 0 0 0
0 180 0 0 0 180 0 -180 0.788386 129.321 0 -0 0 180 0 0 0 180
inside=1 lambda=0.647 phi=25 theta=15
0 -0 0 -180 0 0 0 0 0.15993 179.325 0 0 0 -0 0 -180 0 0
0 180 0 -180 0 0 0 180 0.837424 129.458 0 0 0 180 0 -0 0 0
0 0 0 -0 0 -180 0 -180 0.0130947 0.0321392 0 0 0 -180 0 0 0 0
0 180 0 -180 0 -180 0 -180 0.01331 139.629 0 0 0 -0 0 0 0 0
0 0 0 -180 0 -180 0 -0 0.0131359 0.19275 0 0 0 -180 0 0 0 0
0 180 0 -180 0 -0 0 -180 0.0132804 138.693 0 0 0 -0 0 0 0 180
0 0 0 0 0 0 0 -180 0.206194 179.71 0 -180 0 0 0 0 0 0
0 180 0 180 0 180 0 -180 0.791909 129.328 0 -0 0 180 0 0 0 180
inside=1 lambda=0.647 phi=25 theta=30
0 -0 0 -180 0 0 0 0 0.169679 179.415 0 0 0 -0 0 -180 0 0
0 180 0 -180 0 0 0 180 0.827808 129.426 0 0 0 180 0 -0 0 0
0 0 0 -0 0 -180 0 -180 0.0226975 0.0718885 0 0 0 -180 0 0 0 0
0 180 0 -180 0 -180 0 -180 0.0230395 139.386 0 0 0 -0 0 0 0 0
0 0 0 -180 0 -180 0 -0 0.0227381 0.163585 0 0 0 -180 0 0 0 0
0 180 0 -180 0 -0 0 -180 0.0230102 138.851 0 0 0 -0 0 0 0 180
0 0 0 0 0 -0 0 -180 0.196384 179.635 0 -180 0 0 0 0 0 0
0 180 0 180 0 180 0 -180 0.801531 129.35 0 -0 0 0 0 0 0 0
inside=1 lambda=0.647 phi=25 theta=45
0 -0 0 -180 0 0 0 0 0.183017 179.529 0 0 0 -0 0 -180 0 0
0 180 0 -180 0 0 0 180 0.814671 129.386 0 0 0 180 0 -0 0 0
0 0 0 -0 0 -180 0 -180 0.026233 0.120367 0 0 0 -180 0 0 0 0
0 180 0 -180 0 -180 0 -180 0.0265851 139.098 0 0 0 -0 0 0 0 180
0 0 0 -180 0 -180 0 -0 0.026233 0.120367 0 0 0 -180 0 0 0 0
0 180 0 -180 0 -0 0 -180 0.0265851 139.098 0 0 0 -180 0 0 0 180
0 -0 0 0 0 -0 0 -180 0.183017 179.529 0 -180 0 0 0 0 0 0
0 180 0 180 0 180 0 -180 0.814671 129.386 0 -0 0 0 0 0 0 0
inside=1 lambda=0.647 phi=30 theta=0
0 -0 0 -180 0 0 0 0 0.142753 179.508 0 0 0 -0 0 -180 0 0
0 180 0 -180 0 0 0 0 0.854043 113.832 0 0 0 180 0 -180 0 0
0 -0 0 -180 0 -180 0 -0 1.05207e-13 163.747 0 180 0 180 0 0 0 0
0 180 0 -180 0 -180 0 -0 8.86356e-14 -147.933 0 -0 0 -0 0 0 0 0
0 0 0 -180 0 -180 0 180 4.93538e-14 -37.9774 0 -0 0 -180 0 0 0 0
0 0 0 -180 0 -0 0 -180 1.76026e-13 -162.915 0 180 0 -180 0 0 0 180
0 0 0 0 0 0 0 -180 0.222324 179.863 0 -180 0 0 0 0 0 0
0 0 0 0 0 180 0 -180 0.775706 113.664 0 -180 0 0 0 0 0 180
inside=1 lambda=0.647 phi=30 theta=15
0 -0 0 -180 0 0 0 0 0.148063 179.54 0 0 0 -0 0 -180 0 0
0 180 0 -180 0 0 0 0 0.848796 113.815 0 0 0 180 0 -180 0 0
0 0 0 -0 0 -180 0 -180 0.0195363 0.062819 0 0 0 180 0 0 0 0
0 180 0 -180 0 -180 0 -180 0.0198469 124.011 0 0 0 -0 0 0 0 0
0 0 0 -180 0 -180 0 -0 0.0196143 0.162316 0 0 0 -180 0 0 0 0
0 180 0 -180 0 -0 0 -180 0.0197756 122.568 0 0 0 -180 0 0 0 0
0 0 0 0 0 0 0 -180 0.216961 179.848 0 -180 0 0 0 0 0 0
0 180 0 0 0 180 0 -180 0.780957 113.666 0 -180 0 0 0 0 0 0
inside=1 lambda=0.647 phi=30 theta=30
0 -0 0 -180 0 0 0 0 0.162578 179.621 0 0 0 -0 0 -180 0 0
0 180 0 -180 0 0 0 0 0.834462 113.773 0 0 0 180 0 -180 0 0
0 0 0 -0 0 -180 0 -180 0.0338699 0.0853312 0 0 0 180 0 0 0 0
0 180 0 -180 0 -180 0 -180 0.0343387 123.603 0 0 0 -0 0 0 0 0
0 0 0 -180 0 -180 0 -0 0.0339461 0.144342 0 0 0 -180 0 0 0 0
0 180 0 -180 0 -0 0 -180 0.0342696 122.789 0 0 0 -180 0 0 0 0
0 0 0 0 0 -0 0 -180 0.202345 179.798 0 -180 0 0 0 0 0 0
0 180 0 0 0 180 0 -180 0.795298 113.682 0 -180 0 0 0 0 0 0
inside=1 lambda=0.647 phi=30 theta=45
0 -0 0 -180 0 0 0 0 0.182437 179.717 0 0 0 -0 0 -180 0 0
0 180 0 -180 0 0 0 0 0.814882 113.722 0 0 0 180 0 -180 0 0
0 0 0 -0 0 -180 0 -180 0.0391549 0.116316 0 0 0 180 0 0 0 0
0 180 0 -180 0 -180 0 -180 0.0396055 123.152 0 0 0 -0 0 0 0 0
0 0 0 -180 0 180 0 -0 0.0391549 0.116316 0 0 0 -180 0 0 0 0
0 180 0 -180 0 -0 0 -180 0.0396055 123.152 0 0 0 -180 0 0 0 0
0 -0 0 0 0 -0 0 -180 0.182437 179.717 0 -180 0 0 0 0 0 0
0 180 0 0 0 180 0 -180 0.814882 113.722 0 -180 0 0 0 0 0 0
inside=1 lambda=0.647 phi=35 theta=0
0 -0 0 -180 0 0 0 0 0.126103 179.924 0 0 0 -0 0 -180 0 0
0 180 0 -180 0 0 0 0 0.870705 96.1854 0 0 0 180 0 -180 0 0
0 -0 0 -180 0 -180 0 0 9.08069e-14 13.2796 0 180 0 180 0 0 0 0
0 180 0 -180 0 -180 0 0 8.06417e-14 -149.674 0 180 0 -0 0 0 0 0
0 0 0 -180 0 -180 0 -0 2.17007e-13 -115.982 0 -180 0 -180 0 0 0 0
0 0 0 -180 0 -180 0 -180 2.55793e-13 165.622 0 -180 0 -180 0 0 0 0
0 0 0 0 0 0 0 -180 0.238133 179.937 0 -180 0 0 0 0 0 0
0 0 0 0 0 0 0 -180 0.759672 96.0463 0 -180 0 0 0 0 0 0
inside=1 lambda=0.647 phi=35 theta=15
0 -0 0 -180 0 0 0 0 0.133606 179.929 0 0 0 -0 0 -180 0 0
0 180 0 -180 0 0 0 0 0.863258 96.1641 0 0 0 180 0 -180 0 0
0 -0 0 -0 0 -180 0 -180 0.0277792 0.109367 0 0 0 180 0 0 0 0
0 180 0 -180 0 -180 0 -180 0.0281933 106.465 0 0 0 -0 0 0 0 0
0 0 0 -180 0 -180 0 -0 0.0278465 0.0772242 0 0 0 -180 0 0 0 0
0 0 0 -180 0 -180 0 -180 0.0280175 104.352 0 0 0 -180 0 0 0 0
0 0 0 0 0 -0 0 -180 0.230637 179.959 0 -180 0 0 0 0 0 0
0 0 0 0 0 180 0 -180 0.767101 96.0299 0 -180 0 0 0 0 0 0
inside=1 lambda=0.647 phi=35 theta=30
0 -0 0 -180 0 0 0 0 0.154104 179.948 0 0 0 -0 0 -180 0 0
0 180 0 -180 0 0 0 0 0.842921 96.1107 0 0 0 180 0 -180 0 0
0 0 0 -0 0 -180 0 -180 0.048131 0.0841655 0 0 0 180 0 0 0 0
0 0 0 -180 0 -180 0 -180 0.0487332 105.803 0 0 0 -0 0 0 0 0
0 0 0 -180 0 180 0 -0 0.0482018 0.0816951 0 0 0 -180 0 0 0 0
0 0 0 -180 0 -0 0 -180 0.0485701 104.638 0 0 0 -180 0 0 0 0
0 -0 0 0 0 -0 0 -180 0.210137 179.98 0 -180 0 0 0 0 0 0
0 180 0 0 0 180 0 -180 0.787405 96.0198 0 -180 0 0 0 0 0 0
inside=1 lambda=0.647 phi=35 theta=45
0 -0 0 -180 0 0 0 0 0.182116 179.972 0 0 0 -0 0 -180 0 0
0 180 0 -180 0 0 0 0 0.815156 96.0517 0 0 0 180 0 -180 0 0
0 0 0 -0 0 -180 0 -180 0.0556145 0.0803517 0 0 0 180 0 0 0 0
0 0 0 -180 0 -180 0 -180 0.0561635 105.136 0 0 0 -0 0 0 0 0
0 0 0 -180 0 180 0 -0 0.0556145 0.0803517 0 0 0 -180 0 0 0 0
0 0 0 -180 0 -0 0 -180 0.0561635 105.136 0 0 0 -180 0 0 0 0
0 -0 0 0 0 -0 0 -180 0.182116 179.972 0 -180 0 0 0 0 0 0
0 180 0 0 0 180 0 -180 0.815156 96.0517 0 -180 0 0 0 0 0 0
inside=1 lambda=0.647 phi=40 theta=0
0 -0 0 -180 0 0 0 0 0.105939 -179.571 0 0 0 -0 0 -180 0 0
0 180 0 -180 0 0 0 0 0.891732 76.965 0 0 0 180 0 -180 0 0
0 -0 0 -180 0 -180 0 -0 8.00007e-14 159.401 0 -0 0 180 0 0 0 0
0 0 0 180 0 -180 0 0 9.94586e-14 -15.9513 0 0 0 -180 0 -0 0 0
0 0 0 -180 0 -180 0 180 9.82217e-14 -52.6581 0 -0 0 -180 0 0 0 0
0 0 0 -180 0 -180 0 -180 5.79514e-14 4.55727 0 0 0 -180 0 0 0 0
0 0 0 0 0 0 0 -180 0.256912 179.921 0 -180 0 0 0 0 0 0
0 0 0 0 0 0 0 -180 0.739848 76.9622 0 -180 0 0 0 0 0 0
inside=1 lambda=0.647 phi=40 theta=15
0 -0 0 -180 0 0 0 0 0.116162 -179.656 0 0 0 -0 0 -180 0 0
0 180 0 -180 0 0 0 0 0.881505 76.9352 0 0 0 180 0 -180 0 0
0 -0 0 -0 0 -180 0 -180 0.0382879 0.127703 0 0 0 180 0 0 0 0
0 0 0 180 0 -180 0 -180 0.0387705 87.4696 0 0 0 -180 0 -0 0 0
0 0 0 -180 0 -180 0 -0 0.0381228 -0.00882888 0 0 0 -180 0 0 0 0
0 0 0 -180 0 -180 0 180 0.0383365 84.4973 0 0 0 -180 0 0 0 0
0 0 0 0 0 -0 0 -180 0.247239 -179.969 0 -180 0 0 0 0 0 0
0 0 0 0 0 180 0 -180 0.749907 76.8819 0 -180 0 0 0 0 0 0
inside=1 lambda=0.647 phi=40 theta=30
0 -0 0 -180 0 0 0 0 0.144068 -179.75 0 0 0 -0 0 -180 0 0
0 180 0 -180 0 0 0 0 0.853607 76.8702 0 0 0 180 0 -180 0 0
0 -0 0 -0 0 -180 0 -180 0.0661458 0.0408047 0 0 0 180 0 0 0 0
0 0 0 180 0 -180 0 -180 0.0668858 86.3978 0 0 0 -0 0 -0 0 0
0 0 0 -180 0 180 0 -0 0.0660555 0.0164946 0 0 0 -180 0 0 0 0
0 0 0 -180 0 -180 0 180 0.0665181 84.8285 0 0 0 -180 0 0 0 0
0 -0 0 0 0 -0 0 -180 0.219994 -179.858 0 -180 0 0 0 0 0 0
0 180 0 0 0 180 0 -180 0.777584 76.8003 0 -180 0 0 0 0 0 0
inside=1 lambda=0.647 phi=40 theta=45
0 -0 0 -180 0 0 0 0 0.182134 -179.804 0 0 0 -0 0 -180 0 0
0 180 0 -180 0 0 0 0 0.815556 76.8081 0 0 0 180 0 -180 0 0
0 0 0 -0 0 -180 0 -180 0.0762977 0.0237425 0 0 0 180 0 0 0 0
0 0 0 180 0 -180 0 -180 0.0769863 85.4619 0 0 0 -180 0 -0 0 0
0 0 0 -180 0 180 0 -0 0.0762977 0.0237425 0 0 0 -180 0 0 0 0
0 0 0 -180 0 -180 0 180 0.0769863 85.4619 0 -0 0 -180 0 0 0 0
0 -0 0 0 0 -0 0 -180 0.182134 -179.804 0 -180 0 0 0 0 0 0
0 180 0 0 0 180 0 -180 0.815556 76.8081 0 -180 0 0 0 0 0 0
inside=1 lambda=0.647 phi=45 theta=0
0 -0 0 -180 0 0 0 0 0.0767252 179.017 0 0 0 -0 0 -180 0 0
0 180 0 -180 0 -0 0.0209282 130.552 0.916474 56.4907 0 -0 0 180 0 -180 0 -0
0 -0 0 -180 0 -180 0 -0 2.97419e-14 -13.3532 0 180 0 180 0 0 0 0
0 0 0 180 0 180 1.04713e-12 -7.40949 5.16051e-14 59.7216 0 -180 0 -180 0 -0 0 -0
0 0 0 -180 0 -180 0 -0 3.89284e-12 -56.9763 0 -180 0 -180 0 0 0 0
0 0 0 -180 0 -180 2.13881e-11 55.0946 2.29613e-12 -142.611 0 180 0 -180 0 0 0 0
0 0 0 0 0 0 0 -180 0.281184 177.639 0 -180 0 0 0 0 0 0
0 0 0 0 0 0 0.363363 -155.73 0.704635 57.4748 0 -180 0 0 0 0 0 0
inside=1 lambda=0.647 phi=45 theta=15
0 -0 0 -180 0 0 0 -0 0.0947809 -179.5 0 0 0 -0 0 180 0 0
0 180 0 -180 0 -0 0 0 0.904529 56.6424 0 0 0 180 0 -180 0 -0
0 -0 0 -0 0 -180 0 -180 0.0518726 0.0263095 0 0 0 180 0 0 0 0
0 0 0 180 0 -180 0 180 0.0522022 67.7822 0 -0 0 -180 0 -0 0 0
0 0 0 -180 0 180 0 -0 0.05075 0.0161847 0 0 0 -180 0 0 0 0
0 0 0 -180 0 -180 0 180 0.0511305 63.6191 0 -0 0 -180 0 0 0 0
0 0 0 0 0 -0 0 -180 0.26579 -179.82 0 -180 0 0 0 0 0 0
0 0 0 0 0 0 0 180 0.729062 56.8254 0 -180 0 0 0 0 0 0
inside=1 lambda=0.647 phi=45 theta=30
0 -0 0 -180 0 0 0 0 0.1317 -179.747 0 0 0 -0 0 180 0 0
0 180 0 -180 0 -0 0 0 0.867166 56.5509 0 0 0 180 0 -180 0 0
0 -0 0 -0 0 -180 0 -180 0.088767 -0.081412 0 0 0 180 0 0 0 0
0 0 0 180 0 -180 0 -180 0.0896533 65.8664 0 -0 0 -180 0 -0 0 0
0 0 0 -180 0 180 0 -0 0.0882442 0.0313373 0 0 0 -180 0 0 0 0
0 0 0 -180 0 -180 0 180 0.0889155 63.8682 0 -0 0 -180 0 0 0 0
0 -0 0 0 0 -0 0 -180 0.232088 -179.718 0 -180 0 0 0 0 0 0
0 0 0 0 0 180 0 180 0.765532 56.5337 0 -180 0 0 0 0 0 0
inside=1 lambda=0.647 phi=45 theta=45
0 -0 0 -180 0 0 0 0 0.18224 -179.748 0 0 0 -0 0 -180 0 0
0 180 0 -180 0 -0 0 0 0.816243 56.493 0 0 0 180 0 -180 0 0
0 0 0 -0 0 -180 0 -180 0.102097 -0.0170556 0 0 0 180 0 0 0 0
0 0 0 180 0 -180 0 -180 0.103024 64.6133 0 0 0 -180 0 -0 0 0
0 0 0 -180 0 180 0 -0 0.102097 -0.0170556 0 0 0 -180 0 0 0 0
0 0 0 -180 0 -180 0 180 0.103024 64.6133 0 -0 0 -180 0 0 0 0
0 -0 0 0 0 -0 0 -180 0.18224 -179.748 0 -180 0 0 0 0 0 0
0 180 0 0 0 180 0 -180 0.816243 56.493 0 -180 0 -0 0 0 0 0
