RSoft_BSDF_File_Version 2
1 0 5 2 1 0.457143
0.3 0.3
-1 1
-1 1
1 0.647 0.647
10 0 45 0.5
4 0 45
Begin_Dispersion_Data
0.647 1.45662 0 1 0 0
End_Dispersion_Data
inside=0 lambda=0.647 phi=0 theta=0
0 -0 0 -180 0 -0 0 0 0.177737 -23.3272 0 0 0 -0 0 -180 0 -0
0 -0 0 180 0 -0 0 -0 1.18769 -15.8856 0 -0 0 -0 0 180 0 -0
0 0 0 -0 0 -180 0 180 2.4717e-13 -36.5145 0 180 0 -180 0 -0 0 0
0 -0 0 0 0 180 0 0 3.19107e-13 6.63171 0 0 0 180 0 0 0 -0
0 0 0 -0 0 -180 0 -0 1.12073e-13 143.278 0 180 0 -180 0 -180 0 0
0 -0 0 -180 0 180 0 -180 1.04835e-13 129.774 0 -180 0 180 0 0 0 -0
0 -0 0 0 0 -0 0 -180 0.177737 -23.3272 0 -180 0 -0 0 0 0 -0
0 -0 0 -0 0 -0 0 180 1.18769 -15.8856 0 180 0 -0 0 -0 0 -0
inside=0 lambda=0.647 phi=0 theta=15
0 -0 0 -180 0 -0 0 0 0.177737 -23.3272 0 0 0 -0 0 -180 0 -0
0 -0 0 180 0 -0 0 -0 1.18769 -15.8856 0 -0 0 -0 0 180 0 -0
0 0 0 -0 0 -180 0 180 2.4717e-13 -36.5145 0 180 0 -180 0 -0 0 0
0 -0 0 0 0 180 0 0 3.19107e-13 6.63171 0 0 0 180 0 0 0 -0
0 0 0 -0 0 -180 0 -0 1.12073e-13 143.278 0 180 0 -180 0 -180 0 0
0 -0 0 -180 0 180 0 -180 1.04835e-13 129.774 0 -180 0 180 0 0 0 -0
0 -0 0 0 0 -0 0 -180 0.177737 -23.3272 0 -180 0 -0 0 0 0 -0
0 -0 0 -0 0 -0 0 180 1.18769 -15.8856 0 180 0 -0 0 -0 0 -0
inside=0 lambda=0.647 phi=0 theta=30
0 -0 0 -180 0 -0 0 0 0.177737 -23.3272 0 0 0 -0 0 -180 0 -0
0 -0 0 180 0 -0 0 -0 1.18769 -15.8856 0 -0 0 -0 0 180 0 -0
0 0 0 -0 0 -180 0 180 2.4717e-13 -36.5145 0 180 0 -180 0 -0 0 0
0 -0 0 0 0 180 0 0 3.19107e-13 6.63171 0 0 0 180 0 0 0 -0
0 0 0 -0 0 -180 0 -0 1.12073e-13 143.278 0 180 0 -180 0 -180 0 0
0 -0 0 -180 0 180 0 -180 1.04835e-13 129.774 0 -180 0 180 0 0 0 -0
0 -0 0 0 0 -0 0 -180 0.177737 -23.3272 0 -180 0 -0 0 0 0 -0
0 -0 0 -0 0 -0 0 180 1.18769 -15.8856 0 180 0 -0 0 -0 0 -0
inside=0 lambda=0.647 phi=0 theta=45
0 -0 0 -180 0 -0 0 0 0.177737 -23.3272 0 0 0 -0 0 -180 0 -0
0 -0 0 180 0 -0 0 -0 1.18769 -15.8856 0 -0 0 -0 0 180 0 -0
0 0 0 -0 0 -180 0 180 2.4717e-13 -36.5145 0 180 0 -180 0 -0 0 0
0 -0 0 0 0 180 0 0 3.19107e-13 6.63171 0 0 0 180 0 0 0 -0
0 0 0 -0 0 -180 0 -0 1.12073e-13 143.278 0 180 0 -180 0 -180 0 0
0 -0 0 -180 0 180 0 -180 1.04835e-13 129.774 0 -180 0 180 0 0 0 -0
0 -0 0 0 0 -0 0 -180 0.177737 -23.3272 0 -180 0 -0 0 0 0 -0
0 -0 0 -0 0 -0 0 180 1.18769 -15.8856 0 180 0 -0 0 -0 0 -0
inside=0 lambda=0.647 phi=5 theta=0
0 -0 0 -180 0 -0 0 0 0.174714 -25.6181 0 0 0 -0 0 -180 0 -0
0 0 0 180 0 -0 0 -0 1.18578 -17.3588 0 -0 0 0 0 180 0 -0
0 -0 0 -0 0 -180 0 -0 1.6644e-13 83.1155 0 -0 0 180 0 180 0 0
0 -0 0 0 0 180 0 -180 2.45258e-13 76.9206 0 0 0 180 0 -180 0 -0
0 -0 0 -180 0 -180 0 180 1.2911e-13 66.4715 0 180 0 180 0 0 0 0
0 -0 0 180 0 180 0 0 4.03372e-13 76.5992 0 0 0 180 0 -0 0 -0
0 -0 0 0 0 -0 0 -180 0.178798 -25.8645 0 -180 0 -0 0 0 0 -0
0 -0 0 -0 0 -0 0 180 1.19002 -17.3606 0 180 0 -0 0 -0 0 -0
inside=0 lambda=0.647 phi=5 theta=15
0 -0 0 -180 0 -0 0 0 0.174987 -25.635 0 0 0 -0 0 -180 0 -0
0 0 0 180 0 -0 0 -0 1.18607 -17.359 0 -0 0 0 0 180 0 -0
0 -0 0 -0 0 -180 0 -180 0.00100599 145.01 0 0 0 180 0 180 0 0
0 -0 0 0 0 180 0 180 0.00113108 143.006 0 -0 0 180 0 -180 0 -0
0 -0 0 -180 0 180 0 -0 0.00100621 145.001 0 180 0 -180 0 0 0 0
0 -0 0 180 0 180 0 0 0.00112947 143.2 0 -180 0 180 0 -0 0 -0
0 -0 0 0 0 -0 0 -180 0.178525 -25.8484 0 -180 0 -0 0 0 0 -0
0 -0 0 -0 0 -0 0 180 1.18973 -17.3606 0 180 0 -0 0 -0 0 -0
inside=0 lambda=0.647 phi=5 theta=30
0 -0 0 -180 0 -0 0 0 0.175734 -25.6809 0 0 0 -0 0 -180 0 -0
0 0 0 180 0 -0 0 -0 1.18684 -17.3594 0 -0 0 0 0 180 0 -0
0 -0 0 -0 0 -180 0 -180 0.00174251 145.008 0 0 0 180 0 180 0 0
0 -0 0 0 0 180 0 180 0.00195848 143.048 0 -0 0 180 0 -180 0 -0
0 -0 0 -180 0 180 0 -0 0.00174272 145.003 0 180 0 -180 0 0 0 0
0 -0 0 180 0 180 0 0 0.00195687 143.16 0 -180 0 180 0 -0 0 -0
0 -0 0 0 0 -0 0 -180 0.177777 -25.8041 0 -180 0 -0 0 0 0 -0
0 0 0 -0 0 -0 0 180 1.18896 -17.3603 0 180 0 -0 0 -0 0 -0
inside=0 lambda=0.647 phi=5 theta=45
0 -0 0 -180 0 -0 0 0 0.176755 -25.7429 0 0 0 -0 0 -180 0 -0
0 0 0 180 0 -0 0 -0 1.1879 -17.3599 0 -0 0 0 0 180 0 -0
0 -0 0 -0 0 -180 0 -180 0.0020122 145.005 0 0 0 180 0 180 0 0
0 -0 0 0 0 180 0 180 0.00226053 143.104 0 -0 0 180 0 -180 0 -0
0 -0 0 -180 0 180 0 -0 0.0020122 145.005 0 180 0 -180 0 0 0 0
0 -0 0 180 0 180 0 0 0.00226053 143.104 0 -180 0 180 0 -0 0 -0
0 -0 0 0 0 -0 0 -180 0.176755 -25.7429 0 -180 0 -0 0 0 0 -0
0 0 0 -0 0 0 0 180 1.1879 -17.3599 0 180 0 -0 0 -0 0 -0
inside=0 lambda=0.647 phi=10 theta=0
0 -0 0 -180 0 0 0 0 0.165051 -32.4847 0 0 0 -0 0 -180 0 0
0 0 0 180 0 -0 0 -0 1.17983 -21.7773 0 -0 0 0 0 180 0 -0
0 -0 0 -0 0 -180 0 -0 4.35239e-14 42.6011 0 -180 0 180 0 180 0 0
0 -0 0 0 0 180 0 180 7.43886e-14 75.3208 0 -180 0 180 0 -180 0 -0
0 -0 0 -180 0 -180 0 180 4.35658e-14 166.718 0 -0 0 180 0 0 0 0
0 -0 0 180 0 180 0 -180 8.56552e-15 -121.684 0 -0 0 180 0 -0 0 -0
0 -0 0 0 0 -0 0 -180 0.181757 -33.5605 0 -180 0 -0 0 0 0 -0
0 -0 0 -0 0 -0 0 180 1.19738 -21.7738 0 180 0 -0 0 -0 0 -0
inside=0 lambda=0.647 phi=10 theta=15
0 -0 0 -180 0 0 0 0 0.166165 -32.5645 0 0 0 -0 0 -180 0 0
0 0 0 180 0 -0 0 -0 1.18101 -21.7779 0 -0 0 0 0 180 0 -0
0 -0 0 -0 0 -180 0 -180 0.00408828 137.078 0 0 0 180 0 180 0 0
0 -0 0 0 0 180 0 180 0.00468093 138.991 0 -0 0 180 0 -180 0 -0
0 -0 0 -180 0 180 0 -0 0.00409262 137.047 0 180 0 -180 0 0 0 0
0 -0 0 180 0 180 0 0 0.00465518 139.781 0 -180 0 180 0 -0 0 -0
0 -0 0 0 0 -0 0 -180 0.180633 -33.4954 0 -180 0 -0 0 0 0 -0
0 0 0 -0 0 -0 0 180 1.19621 -21.775 0 180 0 -0 0 -0 0 -0
inside=0 lambda=0.647 phi=10 theta=30
0 -0 0 -180 0 0 0 0 0.169214 -32.7764 0 0 0 -0 0 -180 0 0
0 0 0 180 0 -0 0 -0 1.18422 -21.779 0 -0 0 0 0 180 0 -0
0 -0 0 -0 0 -180 0 -180 0.00708258 137.07 0 0 0 180 0 180 0 0
0 -0 0 0 0 180 0 180 0.00809752 139.168 0 -0 0 180 0 -180 0 -0
0 -0 0 -180 0 180 0 -0 0.00708692 137.052 0 180 0 -180 0 0 0 0
0 -0 0 180 0 180 0 0 0.00807181 139.623 0 -180 0 180 0 -0 0 -0
0 -0 0 0 0 -0 0 -180 0.177567 -33.3131 0 -180 0 -0 0 0 0 0
0 0 0 -0 0 -0 0 180 1.193 -21.7774 0 180 0 -0 0 -0 0 -0
inside=0 lambda=0.647 phi=10 theta=45
0 -0 0 -180 0 0 0 0 0.173386 -33.0521 0 0 0 -0 0 -180 0 0
0 0 0 180 0 -0 0 -0 1.18861 -21.7791 0 -0 0 0 0 180 0 -0
0 -0 0 -0 0 -180 0 -180 0.00818069 137.06 0 0 0 180 0 180 0 0
0 -0 0 0 0 180 0 180 0.009335 139.4 0 -0 0 180 0 -180 0 -0
0 -0 0 -180 0 180 0 -0 0.00818069 137.06 0 180 0 -180 0 0 0 0
0 -0 0 180 0 180 0 0 0.009335 139.4 0 -180 0 180 0 -0 0 -0
0 -0 0 0 0 -0 0 -180 0.173386 -33.0521 0 -180 0 0 0 0 0 0
0 0 0 -0 0 0 0 180 1.18861 -21.7791 0 180 0 -0 0 -0 0 -0
inside=0 lambda=0.647 phi=15 theta=0
0 -0 0 -180 0 0 0 0 0.147107 -43.9136 0 0 0 -0 0 -180 0 0
0 0 0 180 0 -0 0 -0 1.16898 -29.1374 0 -0 0 0 0 180 0 -0
0 -0 0 -0 0 -180 0 0 3.61706e-14 -67.8758 0 180 0 180 0 180 0 0
0 -0 0 0 0 180 0 0 4.58127e-14 0.597994 0 0 0 180 0 -180 0 -0
0 -0 0 -180 0 180 0 -0 1.17574e-14 160.447 0 180 0 180 0 0 0 -0
0 -0 0 180 0 180 0 0 2.24243e-14 -153.076 0 180 0 180 0 -0 0 -0
0 -0 0 0 0 -0 0 -180 0.186062 -46.7201 0 -180 0 -0 0 0 0 -0
0 -0 0 -0 0 -0 0 180 1.21098 -29.0892 0 180 0 -0 0 -0 0 -0
inside=0 lambda=0.647 phi=15 theta=15
0 -0 0 -180 0 0 0 0 0.149683 -44.1549 0 0 0 -0 0 -180 0 0
0 0 0 180 0 -0 0 -0 1.1718 -29.139 0 -0 0 0 0 180 0 -0
0 -0 0 -0 0 -180 0 -180 0.00943086 123.553 0 0 0 180 0 180 0 0
0 -0 0 0 0 180 0 180 0.0111989 132.162 0 -0 0 180 0 -180 0 -0
0 -0 0 -180 0 180 0 -0 0.00946084 123.51 0 180 0 180 0 0 0 0
0 -0 0 180 0 180 0 0 0.0110679 133.985 0 -180 0 180 0 -0 0 -0
0 -0 0 0 0 -0 0 -180 0.183419 -46.5748 0 -180 0 -0 0 0 0 0
0 0 0 -0 0 -0 0 180 1.20818 -29.0978 0 180 0 -0 0 -0 0 -0
inside=0 lambda=0.647 phi=15 theta=30
0 -0 0 -180 0 0 0 0 0.156745 -44.7672 0 0 0 -0 0 -180 0 0
0 0 0 180 0 -0 0 -0 1.1795 -29.1402 0 -0 0 0 0 180 0 -0
0 -0 0 -0 0 -180 0 -180 0.0163444 123.537 0 0 0 180 0 180 0 0
0 -0 0 0 0 180 0 180 0.0193413 132.601 0 -0 0 180 0 -180 0 -0
0 -0 0 -180 0 180 0 -0 0.0163743 123.513 0 180 0 -180 0 0 0 0
0 -0 0 180 0 180 0 0 0.0192114 133.649 0 -180 0 180 0 -0 0 -0
0 -0 0 0 0 -0 0 -180 0.176223 -46.1523 0 -180 0 -0 0 0 0 0
0 0 0 -0 0 -0 0 180 1.2005 -29.117 0 180 0 -0 0 -0 0 -0
inside=0 lambda=0.647 phi=15 theta=45
0 -0 0 -180 0 0 0 0 0.166451 -45.5066 0 0 0 -0 0 -180 0 0
0 0 0 180 0 -0 0 -0 1.19001 -29.1336 0 -0 0 0 0 180 0 -0
0 -0 0 -0 0 -180 0 -180 0.0188894 123.521 0 0 0 180 0 180 0 0
0 -0 0 0 0 180 0 180 0.0222543 133.15 0 -0 0 180 0 -180 0 -0
0 -0 0 -180 0 180 0 -0 0.0188894 123.521 0 180 0 -180 0 0 0 0
0 -0 0 180 0 180 0 0 0.0222543 133.15 0 -180 0 180 0 -0 0 -0
0 -0 0 0 0 -0 0 -180 0.166451 -45.5066 0 -180 0 0 0 0 0 0
0 0 0 -0 0 0 0 180 1.19001 -29.1336 0 180 0 -0 0 -0 0 -0
inside=0 lambda=0.647 phi=20 theta=0
0 -0 0 -180 0 0 0 0 0.118647 -59.8229 0 0 0 -0 0 -180 0 0
0 0 0 180 0 -180 0 -0 1.15114 -39.4297 0 -0 0 0 0 180 0 -180
0 -0 0 -0 0 -180 0 180 1.28312e-14 -25.8627 0 -0 0 180 0 180 0 0
0 -0 0 0 0 180 0 -180 2.34518e-14 -147.263 0 -180 0 180 0 -180 0 -0
0 -0 0 -180 0 180 0 -0 4.19457e-14 169.027 0 180 0 180 0 0 0 -0
0 -0 0 180 0 180 0 -0 3.00839e-14 -101.759 0 0 0 180 0 -0 0 -0
0 -0 0 0 0 -0 0 -180 0.191461 -66.0131 0 -180 0 -0 0 0 0 -0
0 -0 0 -0 0 -0 0 180 1.23319 -39.2412 0 180 0 -0 0 -0 0 -0
inside=0 lambda=0.647 phi=20 theta=15
0 -0 0 -180 0 0 0 0 0.123353 -60.5095 0 0 0 -0 0 -180 0 0
0 0 0 180 0 -180 0 -0 1.15667 -39.4355 0 -0 0 0 0 180 0 -180
0 -0 0 -0 0 -180 0 -180 0.0173644 103.845 0 0 0 180 0 180 0 0
0 -0 0 0 0 180 0 180 0.0218891 122.239 0 -0 0 180 0 -180 0 -0
0 -0 0 -180 0 180 0 -0 0.0174948 103.874 0 180 0 180 0 0 0 0
0 -0 0 180 0 180 0 0 0.0214601 125.589 0 -180 0 180 0 -0 0 -0
0 -0 0 0 0 -0 0 -180 0.186405 -65.7804 0 -180 0 -0 0 0 0 0
0 0 0 -0 0 -0 0 180 1.22774 -39.2765 0 180 0 -0 0 -0 0 -0
inside=0 lambda=0.647 phi=20 theta=30
0 -0 0 -180 0 0 0 0 0.136345 -62.1078 0 0 0 -0 0 -180 0 0
0 0 0 180 0 -0 0 -0 1.17175 -39.4393 0 -0 0 0 0 180 0 -180
0 -0 0 -0 0 -180 0 -180 0.0301151 103.827 0 0 0 180 0 180 0 0
0 -0 0 0 0 180 0 180 0.0377087 123.133 0 -0 0 180 0 -180 0 -0
0 -0 0 -180 0 180 0 -0 0.0302437 103.845 0 180 0 -180 0 0 0 0
0 -0 0 180 0 180 0 0 0.0372932 125.035 0 -180 0 180 0 -0 0 -0
0 -0 0 0 0 -0 0 -180 0.172741 -65.0515 0 -180 0 -0 0 0 0 0
0 0 0 -0 0 -0 0 180 1.21281 -39.3521 0 180 0 -0 0 -0 0 -0
inside=0 lambda=0.647 phi=20 theta=45
0 -0 0 -180 0 0 0 0 0.154381 -63.7879 0 0 0 -0 0 -180 0 0
0 0 0 180 0 -0 0 -0 1.19232 -39.4148 0 -0 0 0 0 180 0 -180
0 -0 0 -0 0 -180 0 -180 0.0348431 103.825 0 0 0 180 0 180 0 0
0 -0 0 0 0 180 0 180 0.0432803 124.166 0 -0 0 180 0 -180 0 -0
0 -0 0 -180 0 180 0 -0 0.0348431 103.825 0 180 0 -180 0 0 0 0
0 -0 0 180 0 180 0 0 0.0432803 124.166 0 -180 0 180 0 -0 0 -0
0 -0 0 0 0 -0 0 -180 0.154381 -63.7879 0 -180 0 0 0 0 0 0
0 0 0 -0 0 0 0 180 1.19232 -39.4148 0 180 0 -0 0 -0 0 -180
inside=0 lambda=0.647 phi=25 theta=0
0 -0 0 -180 0 0 0 0 0.0775788 -79.315 0 0 0 -0 0 -180 0 0
0 0 0 180 0 -180 0 -0 1.12203 -52.6156 0 -180 0 0 0 180 0 -180
0 -0 0 -0 0 -180 0 180 4.4702e-14 159.358 0 -0 0 180 0 180 0 0
0 -0 0 0 0 0 0 0 6.1877e-14 -118.599 0 -180 0 180 0 -180 0 -180
0 -0 0 -180 0 -180 0 -0 3.60626e-14 -57.8621 0 -0 0 180 0 0 0 0
0 -0 0 180 0 180 0 -0 6.2804e-14 -0.214808 0 180 0 180 0 -0 0 -0
0 -0 0 0 0 -0 0 -180 0.200261 -92.4947 0 -180 0 -0 0 0 0 -0
0 -0 0 -0 0 -0 0 0 1.26807 -52.0856 0 180 0 -0 0 -0 0 -0
inside=0 lambda=0.647 phi=25 theta=15
0 -0 0 -180 0 0 0 0 0.0851056 -81.623 0 0 0 -0 0 -180 0 0
0 0 0 180 0 -180 0 -0 1.13192 -52.6428 0 -180 0 0 0 180 0 -180
0 -0 0 -0 0 -180 0 -180 0.0287005 77.0099 0 0 0 180 0 180 0 0
0 -0 0 0 0 0 0 0 0.0391611 108.735 0 -180 0 180 0 -180 0 -180
0 -0 0 -180 0 180 0 -0 0.0291177 77.3958 0 0 0 180 0 0 0 0
0 -0 0 180 0 180 0 0 0.0379674 114.235 0 -180 0 180 0 -0 0 -0
0 -0 0 0 0 -0 0 -180 0.19119 -92.336 0 -180 0 -0 0 0 0 0
0 0 0 -0 0 -0 0 0 1.25853 -52.2149 0 180 0 -0 0 -0 0 -0
inside=0 lambda=0.647 phi=25 theta=30
0 -0 0 -180 0 0 0 0 0.106271 -86.0764 0 0 0 -0 0 -180 0 0
0 0 0 180 0 -180 0 -0 1.15891 -52.674 0 -180 0 0 0 180 0 -180
0 -0 0 -0 0 -180 0 -180 0.0498106 77.0071 0 0 0 180 0 0 0 0
0 -0 0 0 0 0 0 180 0.0671651 110.423 0 -180 0 180 0 -180 0 -180
0 -0 0 -180 0 180 0 -0 0.0502077 77.2156 0 0 0 -180 0 0 0 0
0 -0 0 180 0 180 0 0 0.0660837 113.445 0 -180 0 180 0 -0 0 -180
0 -0 0 0 0 -0 0 -180 0.167411 -91.5616 0 -180 0 -0 0 0 0 0
0 0 0 -0 0 -0 0 0 1.23215 -52.4565 0 180 0 -0 0 -0 0 -180
inside=0 lambda=0.647 phi=25 theta=45
0 -0 0 -180 0 0 0 0 0.136274 -89.6104 0 0 0 -0 0 -180 0 0
0 0 0 180 0 -180 0 -0 1.19567 -52.6261 0 -180 0 -0 0 180 0 -180
0 -0 0 -0 0 -180 0 -180 0.0577152 77.0697 0 0 0 180 0 0 0 0
0 -0 0 0 0 0 0 180 0.0768492 112.132 0 -0 0 180 0 -180 0 -180
0 -0 0 -180 0 180 0 -0 0.0577152 77.0697 0 0 0 -180 0 0 0 0
0 -0 0 180 0 180 0 0 0.0768492 112.132 0 -180 0 0 0 -0 0 -180
0 -0 0 0 0 -0 0 -180 0.136274 -89.6104 0 -180 0 0 0 0 0 0
0 0 0 -0 0 -0 0 180 1.19567 -52.6261 0 180 0 -180 0 -180 0 -180
inside=0 lambda=0.647 phi=30 theta=0
0 -180 0 180 0 0 0.0372743 -49.5223 0.0244771 -92.2049 0 0 0 -180 0 180 0 0
0 0 0 180 0 -180 0 -0 1.06995 -68.5436 0 -180 0 0 0 180 0 -180
0 -0 0 -180 0 -180 4.68905e-14 -151.2 7.56076e-14 83.7639 0 -0 0 180 0 0 0 0
0 -0 0 0 0 0 0 -0 1.42826e-14 91.3731 0 -0 0 180 0 -180 0 -180
0 -0 0 -180 0 -180 3.99185e-13 -104.684 8.42864e-14 158.26 0 -0 0 180 0 0 0 0
0 -0 0 180 0 180 0 -180 1.67137e-13 -19.1705 0 0 0 180 0 -0 0 -0
0 -0 0 0 0 0 0.316201 -64.3049 0.219878 -122.504 0 -180 0 -0 0 0 0 0
0 -0 0 -0 0 -0 0 0 1.30776 -67.1005 0 180 0 -0 0 -0 0 -0
inside=0 lambda=0.647 phi=30 theta=15
0 -180 0 -180 0 0 0 0 0.032847 -104.567 0 0 0 -180 0 180 0 0
0 0 0 180 0 -180 0 -0 1.09027 -68.6366 0 -180 0 0 0 180 0 -180
0 -0 0 -180 0 -180 0 -180 0.0462494 42.3847 0 0 0 180 0 0 0 0
0 -0 0 0 0 0 0 0 0.0683572 90.5661 0 -180 0 180 0 -180 0 -180
0 -0 0 -180 0 180 0 -180 0.0473655 44.0546 0 0 0 180 0 0 0 0
0 -0 0 180 0 180 0 0 0.0643682 99.5717 0 -180 0 180 0 -180 0 -180
0 -0 0 0 0 -0 0 -180 0.208783 -126.674 0 -180 0 -0 0 0 0 0
0 -0 0 -0 0 -0 0 0 1.30621 -67.4765 0 180 0 -0 0 -180 0 -180
inside=0 lambda=0.647 phi=30 theta=30
0 -180 0 -180 0 0 0 0 0.0663124 -121.09 0 0 0 -180 0 180 0 0
0 0 0 180 0 -180 0 -0 1.13663 -68.846 0 -180 0 -0 0 180 0 -180
0 -0 0 -0 0 -180 0 -180 0.0802057 42.2656 0 0 0 180 0 0 0 0
0 -0 0 0 0 0 0 0 0.11537 94.1435 0 -180 0 180 0 -180 0 -180
0 -0 0 -180 0 180 0 -0 0.0810617 42.9481 0 0 0 180 0 0 0 0
0 -0 0 180 0 180 0 0 0.112647 98.5773 0 -180 0 0 0 -180 0 -180
0 -0 0 0 0 -0 0 -180 0.165784 -128.237 0 -180 0 -0 0 0 0 0
0 0 0 -0 0 -0 0 0 1.26234 -68.4123 0 180 0 -180 0 -180 0 -180
inside=0 lambda=0.647 phi=30 theta=45
0 -0 0 -180 0 0 0 0 0.114787 -127.078 0 0 0 -0 0 -180 0 0
0 0 0 0 0 -180 0 -0 1.19983 -68.8087 0 -180 0 -0 0 180 0 -180
0 -0 0 -0 0 -180 0 -180 0.0929494 42.4258 0 0 0 180 0 0 0 0
0 -0 0 0 0 0 0 0 0.131359 96.7447 0 -180 0 180 0 -180 0 -180
0 -0 0 -180 0 180 0 -0 0.0929494 42.4258 0 0 0 -180 0 0 0 0
0 -0 0 0 0 180 0 0 0.131359 96.7447 0 -180 0 0 0 -180 0 -180
0 -0 0 0 0 -0 0 -180 0.114787 -127.078 0 -180 0 0 0 0 0 0
0 0 0 -0 0 -0 0 0 1.19983 -68.8087 0 180 0 -180 0 -180 0 -180
inside=0 lambda=0.647 phi=35 theta=0
0 -0 0 180 0 0 0.065033 15.042 0.0574024 -1.60881 0 0 0 -0 0 180 0 0
0 0 0 180 0 -180 0 -0 0.9828 -87.6437 0 -180 0 0 0 180 0 -180
0 -0 0 -0 0 -180 3.38171e-14 -29.8937 8.76692e-14 76.5043 0 -0 0 180 0 180 0 0
0 -0 0 0 0 0 0 0 1.56548e-13 144.955 0 0 0 180 0 -180 0 -180
0 -0 0 -180 0 -0 9.17954e-12 37.9977 8.67966e-13 -45.0559 0 180 0 180 0 0 0 180
0 -0 0 0 0 0 0 -180 1.22829e-12 139.789 0 -180 0 180 0 -180 0 -180
0 -0 0 0 0 180 0.494171 -4.94002 0.174443 -173.137 0 -180 0 -0 0 0 0 180
0 -0 0 -180 0 -180 0 0 1.35377 -85.0352 0 0 0 -0 0 -180 0 -180
inside=0 lambda=0.647 phi=35 theta=15
0 -0 0 180 0 0 0.0799496 -18.2399 0.0324212 5.76169 0 0 0 -180 0 180 0 0
0 0 0 180 0 -180 0 -0 1.00947 -87.732 0 -180 0 -0 0 180 0 -180
0 -0 0 -0 0 -180 0.0202904 -74.8864 0.0804918 0.860384 0 0 0 180 0 0 0 0
0 -0 0 0 0 0 0 0 0.124635 71.4146 0 -180 0 180 0 180 0 -180
0 -0 0 -180 0 180 0.0969931 -34.8657 0.076307 3.60425 0 0 0 180 0 0 0 0
0 -0 0 0 0 180 0 -0 0.110628 83.2648 0 -180 0 180 0 -180 0 -180
0 -0 0 0 0 -180 0.419335 -33.9198 0.199909 -167.403 0 -180 0 -0 0 0 0 180
0 -0 0 -180 0 -0 0 0 1.34769 -85.6165 0 0 0 -0 0 -180 0 -180
inside=0 lambda=0.647 phi=35 theta=30
0 -180 0 -180 0 0 0 -0 0.0242616 154.548 0 0 0 -180 0 180 0 0
0 0 0 180 0 -180 0 -0 1.09507 -88.0009 0 -180 0 -0 0 180 0 -180
0 -0 0 -180 0 -180 0 -180 0.137684 0.685993 0 0 0 180 0 0 0 0
0 -0 0 0 0 0 0 0 0.199347 74.2965 0 -180 0 180 0 180 0 -180
0 -0 0 -180 0 180 0 -180 0.138561 2.08283 0 0 0 180 0 0 0 0
0 -0 0 0 0 180 0 -0 0.191426 80.6197 0 180 0 0 0 -180 0 -180
0 -180 0 0 0 -0 0 -180 0.186477 -175.91 0 -180 0 -0 0 0 0 0
0 0 0 -0 0 -0 0 0 1.31058 -87.1689 0 180 0 -180 0 -180 0 -180
inside=0 lambda=0.647 phi=35 theta=45
0 -180 0 -180 0 0 0 0 0.103173 177.183 0 0 0 -180 0 -180 0 0
0 0 0 0 0 -180 0 -0 1.20329 -88.1211 0 -180 0 -0 0 180 0 -180
0 -0 0 -0 0 -180 0 -180 0.158872 0.59717 0 0 0 180 0 0 0 0
0 -0 0 0 0 0 0 0 0.224277 78.0716 0 -180 0 180 0 180 0 -180
0 -0 0 -180 0 180 0 -0 0.158872 0.59717 0 0 0 -180 0 0 0 0
0 -0 0 0 0 180 0 0 0.224277 78.0716 0 180 0 0 0 -180 0 -180
0 -180 0 0 0 -180 0 -180 0.103173 177.183 0 -180 0 0 0 0 0 0
0 0 0 -0 0 -0 0 0 1.20329 -88.1211 0 180 0 -180 0 -180 0 -180
inside=0 lambda=0.647 phi=40 theta=0
0 -0 0 180 0 0 0.0414988 -123.612 0.226546 -35.4552 0 0 0 -0 0 180 0 0
0 -0 0 180 0 180 0 -0 0.794946 -108.772 0 180 0 -0 0 180 0 180
0 -0 0 -0 0 -180 5.45994e-13 -108.986 3.48408e-13 -102.014 0 0 0 180 0 180 0 0
0 -0 0 -0 0 -0 0 180 2.08895e-13 23.2231 0 -0 0 180 0 180 0 180
0 0 0 -180 0 180 2.91518e-12 -161.591 9.26592e-13 -76.9232 0 -0 0 -180 0 0 0 -0
0 0 0 0 0 0 0 -180 1.29061e-12 -49.5036 0 -0 0 -180 0 -180 0 -180
0 0 0 0 0 -180 0.416844 96.2151 0.571359 117.614 0 -180 0 0 0 0 0 -180
0 0 0 -180 0 -180 0 0 1.32154 -108.85 0 0 0 0 0 -180 0 -180
inside=0 lambda=0.647 phi=40 theta=15
0 -0 0 180 0 0 0.0849716 66.2028 0.17955 -32.853 0 0 0 -0 0 180 0 0
0 0 0 180 0 180 0 -0 0.852371 -109.993 0 -180 0 -0 0 180 0 180
0 -0 0 -0 0 -180 0.137033 101.269 0.161921 -33.6698 0 0 0 180 0 180 0 0
0 -0 0 -0 0 -0 0 0 0.257944 52.8527 0 -180 0 180 0 180 0 180
0 0 0 -180 0 -0 0.156728 52.7155 0.150835 -40.8906 0 0 0 -180 0 0 0 180
0 -0 0 0 0 0 0 -0 0.18178 66.7473 0 180 0 180 0 -180 0 -180
0 -0 0 0 0 -180 0.552763 18.2855 0.321563 112.07 0 -180 0 0 0 0 0 180
0 0 0 -180 0 -180 0 0 1.38546 -106.203 0 0 0 -0 0 -180 0 -180
inside=0 lambda=0.647 phi=40 theta=30
0 -180 0 180 0 0 0.0766223 -58.8172 0.0716782 10.6508 0 0 0 -180 0 180 0 0
0 -0 0 180 0 180 0 -180 0.993354 -110.588 0 -180 0 -0 0 180 0 180
0 -180 0 -180 0 -180 0.0141469 -169.906 0.275009 -42.9096 0 0 0 0 0 0 0 0
0 -0 0 -0 0 0 0 0 0.379785 53.4735 0 -180 0 180 0 180 0 180
0 -0 0 -180 0 180 0.170305 -85.4204 0.269713 -41.9565 0 0 0 180 0 0 0 0
0 -0 0 0 0 180 0 -0 0.349747 60.8138 0 180 0 0 0 -180 0 -180
0 -180 0 0 0 -0 0.355872 -79.3148 0.250727 129.025 0 -180 0 -0 0 0 0 0
0 -0 0 -0 0 -0 0 0 1.37324 -108.832 0 0 0 -180 0 -180 0 -180
inside=0 lambda=0.647 phi=40 theta=45
0 -180 0 -180 0 0 0 0 0.125874 105.383 0 0 0 -180 0 -180 0 0
0 -0 0 0 0 -180 0 -0 1.19715 -111.181 0 -180 0 -0 0 180 0 180
0 -0 0 -180 0 -180 0 -180 0.322419 -44.9401 0 0 0 180 0 0 0 0
0 -0 0 -0 0 0 0 0 0.412913 57.3057 0 -180 0 180 0 180 0 180
0 -0 0 -180 0 180 0 -180 0.322419 -44.9401 0 0 0 -180 0 0 0 0
0 -0 0 0 0 180 0 -0 0.412913 57.3057 0 180 0 0 0 -180 0 180
0 -180 0 0 0 -180 0 -180 0.125874 105.383 0 -180 0 0 0 0 0 0
0 -0 0 -0 0 -0 0 0 1.19715 -111.181 0 180 0 -180 0 -180 0 180
inside=0 lambda=0.647 phi=45 theta=0
0 -0 0 180 0 180 0.202633 -104.229 0.976827 -139.833 0 180 0 -0 0 180 0 180
0 -0 0 180 0 180 0 -0 0 -0 0 180 0 -0 0 180 0 180
0 -0 0 -0 0 -0 1.7088e-13 172.517 1.44401e-13 -141.62 0 180 0 180 0 180 0 180
0 -0 0 -0 0 -0 0 180 0 0 0 0 0 180 0 180 0 180
0 -0 0 -180 0 -180 1.80051e-12 12.3373 3.10155e-12 171.321 0 180 0 180 0 0 0 0
0 180 0 0 0 0 0 -180 0 180 0 -180 0 -0 0 -180 0 -180
0 -180 0 0 0 0 0.765552 -90.0137 0.688974 69.2145 0 -180 0 -180 0 0 0 0
0 180 0 -180 0 -180 0 0 0 -180 0 0 0 180 0 -180 0 -180
inside=0 lambda=0.647 phi=45 theta=15
0 0 0 180 0 180 0.133941 -174.083 0.810366 -140.555 0 180 0 -0 0 180 0 180
0 -0 0 180 0 180 0 -0 0 -0 0 180 0 -180 0 0 0 180
0 -0 0 -0 0 -0 0.586422 110.082 0.39544 -137.817 0 0 0 180 0 180 0 180
0 -0 0 -0 0 -0 0 0 0 0 0 180 0 0 0 180 0 180
0 0 0 -180 0 180 0.242283 168.611 0.419458 -132.895 0 180 0 -0 0 0 0 0
0 0 0 0 0 0 0 0 0 -0 0 0 0 -180 0 -180 0 -180
0 180 0 0 0 -0 0.356192 -154.343 0.799659 65.5363 0 -180 0 180 0 0 0 0
0 0 0 -180 0 -180 0 0 0 -180 0 0 0 0 0 180 0 -180
inside=0 lambda=0.647 phi=45 theta=30
0 -0 0 180 0 180 0.20795 -23.8539 0.444134 -132.768 0 180 0 -180 0 180 0 180
0 -0 0 180 0 180 0 -0 0 -180 0 180 0 -180 0 0 0 180
0 -0 0 -180 0 -0 0.48775 21.1394 0.835207 -127.908 0 0 0 0 0 180 0 180
0 -0 0 -0 0 -0 0 -0 0 -0 0 180 0 180 0 180 0 180
0 -0 0 180 0 180 0.220687 -62.5241 0.825747 -129.502 0 180 0 -180 0 0 0 180
0 -0 0 0 0 0 0 -0 0 0 0 180 0 0 0 -180 0 180
0 -180 0 -0 0 -0 0.343614 -48.1359 0.485503 45.5592 0 -180 0 0 0 0 0 180
0 -0 0 -180 0 -180 0 -0 0 -180 0 0 0 180 0 180 0 180
inside=0 lambda=0.647 phi=45 theta=45
0 -180 0 -180 0 180 0 -0 0.0342446 -42.4406 0 0 0 -0 0 180 0 180
0 -0 0 180 0 180 0 -180 0 -180 0 180 0 -0 0 0 0 180
0 -0 0 -180 0 -0 0 -0 0.999413 -132.441 0 0 0 180 0 180 0 180
0 -0 0 -0 0 -0 0 180 0 -0 0 180 0 180 0 0 0 180
0 -0 0 -0 0 180 0 -180 0.999413 -132.441 0 180 0 -0 0 0 0 180
0 -0 0 180 0 180 0 -0 0 -0 0 0 0 -0 0 180 0 180
0 -180 0 -0 0 -0 0 -180 0.0342446 -42.4406 0 180 0 180 0 0 0 180
0 -0 0 -180 0 -0 0 180 0 -180 0 0 0 180 0 180 0 180
inside=1 lambda=0.647 phi=0 theta=0
0 -0 0 -180 0 -0 0 0 0.177737 171.556 0 0 0 -0 0 -180 0 -0
0 0 0 180 0 0 0 -0 0.815374 -15.8856 0 -0 0 0 0 180 0 0
0 0 0 -180 0 -180 0 0 1.49987e-13 -157.446 0 -0 0 -180 0 180 0 0
0 -0 0 -0 0 180 0 0 1.7574e-13 -142.159 0 180 0 180 0 -0 0 -0
0 0 0 180 0 -180 0 -0 1.0203e-13 -2.31186 0 180 0 -180 0 -180 0 0
0 -0 0 -180 0 180 0 0 1.10982e-13 -67.7813 0 0 0 180 0 -0 0 -0
0 -0 0 0 0 -0 0 -180 0.177737 171.556 0 -180 0 -0 0 0 0 -0
0 0 0 -0 0 0 0 180 0.815374 -15.8856 0 180 0 0 0 -0 0 0
inside=1 lambda=0.647 phi=0 theta=15
0 -0 0 -180 0 -0 0 0 0.177737 171.556 0 0 0 -0 0 -180 0 -0
0 0 0 180 0 0 0 -0 0.815374 -15.8856 0 -0 0 0 0 180 0 0
0 0 0 -180 0 -180 0 0 1.49987e-13 -157.446 0 -0 0 -180 0 180 0 0
0 -0 0 -0 0 180 0 0 1.7574e-13 -142.159 0 180 0 180 0 -0 0 -0
0 0 0 180 0 -180 0 -0 1.0203e-13 -2.31186 0 180 0 -180 0 -180 0 0
0 -0 0 -180 0 180 0 0 1.10982e-13 -67.7813 0 0 0 180 0 -0 0 -0
0 -0 0 0 0 -0 0 -180 0.177737 171.556 0 -180 0 -0 0 0 0 -0
0 0 0 -0 0 0 0 180 0.815374 -15.8856 0 180 0 0 0 -0 0 0
inside=1 lambda=0.647 phi=0 theta=30
0 -0 0 -180 0 -0 0 0 0.177737 171.556 0 0 0 -0 0 -180 0 -0
0 0 0 180 0 0 0 -0 0.815374 -15.8856 0 -0 0 0 0 180 0 0
0 0 0 -180 0 -180 0 0 1.49987e-13 -157.446 0 -0 0 -180 0 180 0 0
0 -0 0 -0 0 180 0 0 1.7574e-13 -142.159 0 180 0 180 0 -0 0 -0
0 0 0 180 0 -180 0 -0 1.0203e-13 -2.31186 0 180 0 -180 0 -180 0 0
0 -0 0 -180 0 180 0 0 1.10982e-13 -67.7813 0 0 0 180 0 -0 0 -0
0 -0 0 0 0 -0 0 -180 0.177737 171.556 0 -180 0 -0 0 0 0 -0
0 0 0 -0 0 0 0 180 0.815374 -15.8856 0 180 0 0 0 -0 0 0
inside=1 lambda=0.647 phi=0 theta=45
0 -0 0 -180 0 -0 0 0 0.177737 171.556 0 0 0 -0 0 -180 0 -0
0 0 0 180 0 0 0 -0 0.815374 -15.8856 0 -0 0 0 0 180 0 0
0 0 0 -180 0 -180 0 0 1.49987e-13 -157.446 0 -0 0 -180 0 180 0 0
0 -0 0 -0 0 180 0 0 1.7574e-13 -142.159 0 180 0 180 0 -0 0 -0
0 0 0 180 0 -180 0 -0 1.0203e-13 -2.31186 0 180 0 -180 0 -180 0 0
0 -0 0 -180 0 180 0 0 1.10982e-13 -67.7813 0 0 0 180 0 -0 0 -0
0 -0 0 0 0 -0 0 -180 0.177737 171.556 0 -180 0 -0 0 0 0 -0
0 0 0 -0 0 0 0 180 0.815374 -15.8856 0 180 0 0 0 -0 0 0
inside=1 lambda=0.647 phi=5 theta=0
0 -0 0 -180 0 0 0 0 0.176327 171.248 0 0 0 -0 0 -180 0 0
0 0 0 180 0 -0 0 -0 0.816408 -16.579 0 -0 0 0 0 180 0 -0
0 0 0 -0 0 -180 0 -180 7.89267e-14 81.3066 0 -0 0 -180 0 180 0 0
0 -0 0 0 0 180 0 180 5.1123e-14 50.5692 0 -0 0 180 0 -180 0 -0
0 0 0 -180 0 -180 0 180 1.13507e-14 89.1461 0 -0 0 -180 0 0 0 0
0 -0 0 180 0 180 0 180 5.03298e-14 -120.466 0 -0 0 180 0 -0 0 -0
0 -0 0 0 0 -0 0 -180 0.178242 171.36 0 -180 0 -0 0 0 0 -0
0 0 0 -0 0 0 0 180 0.814476 -16.5801 0 180 0 0 0 -0 0 0
inside=1 lambda=0.647 phi=5 theta=15
0 -0 0 -180 0 0 0 0 0.176455 171.255 0 0 0 -0 0 -180 0 0
0 0 0 180 0 -0 0 -0 0.816279 -16.5791 0 -0 0 0 0 180 0 -0
0 0 0 -0 0 -180 0 -180 0.000466616 -6.03745 0 0 0 -180 0 180 0 0
0 -0 0 0 0 180 0 180 0.000496584 -2.29708 0 -0 0 180 0 -180 0 -0
0 0 0 -180 0 -180 0 -0 0.000466719 -5.9854 0 180 0 -180 0 0 0 0
0 -0 0 180 0 180 0 0 0.000496437 -2.35513 0 -180 0 180 0 -0 0 -0
0 -0 0 0 0 -0 0 -180 0.178113 171.352 0 -180 0 -0 0 0 0 0
0 0 0 -0 0 0 0 180 0.814605 -16.58 0 180 0 0 0 -0 0 0
inside=1 lambda=0.647 phi=5 theta=30
0 -0 0 -180 0 0 0 0 0.176805 171.276 0 0 0 -0 0 -180 0 0
0 0 0 180 0 0 0 -0 0.815925 -16.5793 0 -0 0 0 0 180 0 -0
0 0 0 -0 0 -180 0 -180 0.00080824 -6.02639 0 0 0 -180 0 180 0 0
0 -0 0 0 0 180 0 180 0.000860054 -2.30947 0 -0 0 180 0 -180 0 -0
0 0 0 -180 0 -180 0 -0 0.000808343 -5.99634 0 180 0 -180 0 0 0 0
0 -0 0 180 0 180 0 0 0.000859908 -2.34298 0 -180 0 180 0 -0 0 -0
0 -0 0 0 0 -0 0 -180 0.177763 171.332 0 -180 0 0 0 0 0 0
0 0 0 -0 0 0 0 180 0.814959 -16.5798 0 180 0 0 0 -0 0 0
inside=1 lambda=0.647 phi=5 theta=45
0 -0 0 -180 0 0 0 0 0.177284 171.304 0 0 0 -0 0 -180 0 0
0 0 0 180 0 0 0 -0 0.815442 -16.5796 0 -0 0 0 0 180 0 -0
0 0 0 -0 0 -180 0 -180 0.000933335 -6.01133 0 0 0 -180 0 180 0 0
0 -0 0 0 0 180 0 180 0.00099302 -2.32628 0 -0 0 180 0 -180 0 -0
0 0 0 -180 0 -180 0 -0 0.000933335 -6.01133 0 180 0 -180 0 0 0 0
0 -0 0 180 0 180 0 0 0.00099302 -2.32628 0 -180 0 180 0 -0 0 -0
0 -0 0 0 0 -0 0 -180 0.177284 171.304 0 -180 0 0 0 0 0 0
0 0 0 -0 0 0 0 180 0.815442 -16.5796 0 180 0 0 0 -0 0 -0
inside=1 lambda=0.647 phi=10 theta=0
0 -0 0 -180 0 0 0 0 0.171986 170.326 0 0 0 -0 0 -180 0 0
0 0 0 180 0 -0 0 -0 0.819554 -18.6479 0 -0 0 0 0 180 0 -0
0 -0 0 -0 0 -180 0 180 3.62139e-14 -42.2759 0 0 0 180 0 180 0 0
0 -0 0 0 0 180 0 -0 1.49504e-13 -93.0899 0 0 0 180 0 -180 0 -0
0 0 0 -180 0 -180 0 180 9.35827e-15 -127.273 0 -180 0 -180 0 0 0 0
0 -0 0 180 0 180 0 180 1.35554e-13 -106.257 0 0 0 180 0 -0 0 -0
0 -0 0 0 0 0 0 -180 0.179695 170.796 0 -180 0 -0 0 0 0 0
0 0 0 -0 0 0 0 180 0.811764 -18.6498 0 180 0 0 0 -0 0 0
inside=1 lambda=0.647 phi=10 theta=15
0 -0 0 -180 0 0 0 0 0.172501 170.358 0 0 0 -0 0 -180 0 0
0 0 0 180 0 -0 0 -0 0.819032 -18.648 0 -0 0 0 0 180 0 -0
0 -0 0 -0 0 -180 0 -180 0.00187181 -6.43922 0 0 0 180 0 180 0 0
0 -0 0 0 0 180 0 180 0.00200017 -4.46224 0 -0 0 180 0 -180 0 -0
0 0 0 -180 0 -180 0 -0 0.0018737 -6.23172 0 0 0 -180 0 0 0 0
0 -0 0 180 0 180 0 0 0.00199788 -4.69703 0 -180 0 180 0 -0 0 -0
0 -0 0 0 0 -0 0 -180 0.179178 170.765 0 -180 0 -0 0 0 0 0
0 0 0 -0 0 0 0 180 0.812286 -18.6497 0 180 0 0 0 -0 0 -0
inside=1 lambda=0.647 phi=10 theta=30
0 -0 0 -180 0 0 0 0 0.173911 170.445 0 0 0 -0 0 -180 0 0
0 0 0 180 0 -0 0 -0 0.817607 -18.6485 0 -0 0 0 0 180 0 -0
0 -0 0 -0 0 -180 0 -180 0.00324275 -6.39441 0 0 0 180 0 180 0 0
0 -0 0 0 0 180 0 180 0.00346352 -4.51375 0 -0 0 180 0 -180 0 -0
0 -0 0 -180 0 -180 0 -0 0.00324464 -6.27465 0 0 0 -180 0 0 0 0
0 -0 0 180 0 180 0 0 0.00346123 -4.64929 0 -180 0 180 0 -0 0 -0
0 -0 0 0 0 -0 0 -180 0.177766 170.68 0 -180 0 0 0 0 0 0
0 0 0 -0 0 0 0 180 0.813712 -18.6495 0 180 0 0 0 -0 0 -0
inside=1 lambda=0.647 phi=10 theta=45
0 -0 0 -180 0 0 0 0 0.175838 170.563 0 0 0 -0 0 -180 0 0
0 0 0 180 0 -0 0 -0 0.815659 -18.649 0 -0 0 0 0 180 0 -0
0 -0 0 -0 0 -180 0 -180 0.00374549 -6.33406 0 0 0 180 0 0 0 0
0 -0 0 0 0 180 0 180 0.00399799 -4.58246 0 -0 0 180 0 -180 0 -0
0 -0 0 -180 0 180 0 -0 0.00374549 -6.33406 0 0 0 -180 0 0 0 0
0 -0 0 180 0 180 0 0 0.00399799 -4.58246 0 -180 0 180 0 -0 0 -0
0 -0 0 0 0 -0 0 -180 0.175838 170.563 0 -180 0 0 0 0 0 0
0 0 0 -0 0 0 0 180 0.815659 -18.649 0 180 0 -0 0 -0 0 -0
inside=1 lambda=0.647 phi=15 theta=0
0 -0 0 -180 0 0 0 0 0.164409 168.805 0 0 0 -0 0 -180 0 0
0 0 0 180 0 -0 0 -0 0.824939 -22.0573 0 -0 0 0 0 180 0 -0
0 -0 0 -0 0 -180 0 180 2.98042e-15 15.17 0 -0 0 180 0 180 0 0
0 0 0 0 0 180 0 -180 8.05381e-15 -100.646 0 180 0 -180 0 -180 0 -0
0 0 0 -180 0 -180 0 -0 2.9579e-15 -69.6552 0 0 0 -180 0 0 0 0
0 -0 0 180 0 180 0 -180 3.59401e-14 -101.755 0 0 0 180 0 -0 0 -0
0 -0 0 0 0 0 0 -180 0.181934 169.947 0 -180 0 -0 0 0 0 0
0 0 0 -0 0 0 0 180 0.807185 -22.053 0 180 0 0 0 -0 0 0
inside=1 lambda=0.647 phi=15 theta=15
0 -0 0 -180 0 0 0 0 0.165579 168.885 0 0 0 -0 0 -180 0 0
0 0 0 180 0 -0 0 -0 0.82375 -22.0572 0 -0 0 0 0 180 0 -0
0 -0 0 -0 0 -180 0 -180 0.00422833 -7.04264 0 0 0 180 0 180 0 0
0 -0 0 0 0 180 0 180 0.00455244 -7.9958 0 -0 0 180 0 -180 0 -0
0 -0 0 -180 0 -180 0 -0 0.00424001 -6.58033 0 0 0 -180 0 0 0 0
0 -0 0 180 0 180 0 0 0.00454123 -8.5347 0 -180 0 180 0 -0 0 -0
0 -0 0 0 0 -0 0 -180 0.180756 169.873 0 -180 0 -0 0 0 0 0
0 0 0 -0 0 0 0 180 0.808375 -22.0536 0 180 0 0 0 -0 0 -0
inside=1 lambda=0.647 phi=15 theta=30
0 -0 0 -180 0 0 0 0 0.16878 169.1 0 0 0 -0 0 -180 0 0
0 0 0 180 0 -0 0 -0 0.820501 -22.057 0 -0 0 0 0 180 0 -0
0 -0 0 -0 0 -180 0 -180 0.00732788 -6.94007 0 0 0 180 0 0 0 0
0 -0 0 0 0 180 0 180 0.00788053 -8.11955 0 -0 0 180 0 -180 0 -0
0 -0 0 -180 0 180 0 -0 0.00733956 -6.67357 0 0 0 -180 0 0 0 0
0 -0 0 180 0 180 0 0 0.00786935 -8.43041 0 -180 0 180 0 -0 0 -0
0 -0 0 0 0 -0 0 -180 0.177542 169.67 0 -180 0 0 0 0 0 0
0 0 0 -0 0 0 0 180 0.811625 -22.0549 0 180 0 -0 0 -0 0 -0
inside=1 lambda=0.647 phi=15 theta=45
0 -0 0 -180 0 0 0 0 0.173158 169.389 0 0 0 -0 0 -180 0 0
0 0 0 180 0 -0 0 -0 0.816063 -22.0562 0 -0 0 0 0 180 0 -0
0 -0 0 -0 0 -180 0 -180 0.0084682 -6.80449 0 0 0 180 0 0 0 0
0 -0 0 0 0 180 0 180 0.00909295 -8.27984 0 -0 0 180 0 -180 0 -0
0 -0 0 -180 0 180 0 -0 0.0084682 -6.80449 0 0 0 -180 0 0 0 0
0 -0 0 180 0 180 0 0 0.00909295 -8.27984 0 -180 0 180 0 -0 0 -0
0 -0 0 0 0 -0 0 -180 0.173158 169.389 0 -180 0 0 0 0 0 0
0 0 0 -0 0 0 0 180 0.816063 -22.0562 0 180 0 -0 0 -0 0 -0
inside=1 lambda=0.647 phi=20 theta=0
0 -0 0 -180 0 0 0 0 0.153171 166.709 0 0 0 -0 0 -180 0 0
0 0 0 180 0 -0 0 -0 0.832764 -26.7485 0 -0 0 0 0 180 0 -0
0 -0 0 -0 0 -180 0 0 5.35583e-15 -117.47 0 -180 0 180 0 180 0 0
0 0 0 0 0 180 0 -180 1.1808e-14 -111.916 0 180 0 -180 0 -180 0 -0
0 0 0 -180 0 -180 0 -0 4.48942e-15 -0.255552 0 -0 0 -180 0 0 0 0
0 -0 0 180 0 180 0 0 4.23195e-14 -127.224 0 -0 0 180 0 -0 0 -0
0 -0 0 0 0 0 0 -180 0.184735 168.957 0 -180 0 -0 0 0 0 0
0 0 0 -0 0 -0 0 180 0.800641 -26.7199 0 180 0 0 0 -0 0 -0
inside=1 lambda=0.647 phi=20 theta=15
0 -0 0 -180 0 0 0 0 0.15527 166.874 0 0 0 -0 0 -180 0 0
0 0 0 180 0 -0 0 -0 0.830614 -26.7475 0 -0 0 0 0 180 0 -0
0 -0 0 -0 0 -180 0 -180 0.00754842 -7.73852 0 0 0 180 0 0 0 0
0 0 0 0 0 180 0 180 0.00822436 -12.7817 0 -0 0 -180 0 -180 0 -0
0 -0 0 -180 0 -180 0 -0 0.00759466 -6.93582 0 0 0 -180 0 0 0 0
0 -0 0 180 0 180 0 0 0.0081904 -13.7693 0 -180 0 180 0 -0 0 -0
0 -0 0 0 0 -0 0 -180 0.182606 168.818 0 -180 0 0 0 0 0 0
0 0 0 -0 0 0 0 180 0.802794 -26.723 0 180 0 0 0 -0 0 -0
inside=1 lambda=0.647 phi=20 theta=30
0 -0 0 -180 0 0 0 0 0.161017 167.313 0 0 0 -0 0 -180 0 0
0 0 0 180 0 -0 0 -0 0.824738 -26.7441 0 -0 0 0 0 180 0 -0
0 -0 0 -0 0 -180 0 -180 0.0130909 -7.55352 0 0 0 180 0 0 0 0
0 -0 0 0 0 180 0 180 0.0142301 -13.023 0 -0 0 -180 0 -180 0 -0
0 -0 0 -180 0 180 0 -0 0.0131371 -7.09238 0 0 0 -180 0 0 0 0
0 -0 0 180 0 180 0 0 0.0141963 -13.5915 0 -180 0 180 0 -0 0 -0
0 -0 0 0 0 -0 0 -180 0.176799 168.431 0 -180 0 0 0 0 0 0
0 0 0 -0 0 0 0 180 0.808677 -26.7303 0 180 0 -0 0 -0 0 -0
inside=1 lambda=0.647 phi=20 theta=45
0 -0 0 -180 0 0 0 0 0.168893 167.884 0 0 0 -0 0 -180 0 0
0 0 0 180 0 -0 0 -0 0.816709 -26.7382 0 -0 0 0 0 180 0 -0
0 -0 0 -0 0 -180 0 -180 0.0151426 -7.31589 0 0 0 180 0 0 0 0
0 -0 0 0 0 180 0 180 0.0164106 -13.323 0 -0 0 180 0 -180 0 -0
0 -0 0 -180 0 180 0 -0 0.0151426 -7.31589 0 0 0 -180 0 0 0 0
0 -0 0 180 0 180 0 0 0.0164106 -13.323 0 -180 0 180 0 -0 0 -0
0 -0 0 0 0 -0 0 -180 0.168893 167.884 0 -180 0 0 0 0 0 0
0 0 0 -0 0 0 0 180 0.816709 -26.7382 0 180 0 -0 0 -0 0 -0
inside=1 lambda=0.647 phi=25 theta=0
0 -0 0 -180 0 0 0 0 0.137839 164.066 0 0 0 -0 0 -180 0 0
0 0 0 180 0 -180 0 -0 0.84329 -32.6368 0 -0 0 0 0 180 0 -180
0 -0 0 -0 0 -180 0 -0 3.01076e-14 52.9863 0 -0 0 180 0 180 0 0
0 0 0 0 0 180 0 0 6.58929e-14 54.9611 0 0 0 -180 0 -180 0 -0
0 0 0 -180 0 -180 0 180 3.63756e-14 119.175 0 180 0 -180 0 0 0 0
0 -0 0 180 0 180 0 -0 1.65524e-14 128.4 0 -180 0 180 0 -0 0 -0
0 -0 0 0 0 0 0 -180 0.187923 168.05 0 -180 0 -0 0 0 0 0
0 0 0 -0 0 -0 0 180 0.791964 -32.5513 0 180 0 0 0 -0 0 -0
inside=1 lambda=0.647 phi=25 theta=15
0 -0 0 -180 0 0 0 0 0.141144 164.385 0 0 0 -0 0 -180 0 0
0 0 0 180 0 -0 0 -0 0.839857 -32.6336 0 -0 0 0 0 180 0 -180
0 -0 0 -0 0 -180 0 -180 0.0118377 -8.35768 0 0 0 180 0 0 0 0
0 0 0 0 0 180 0 180 0.0131221 -18.6522 0 -0 0 -180 0 -180 0 -0
0 -0 0 -180 0 -180 0 -0 0.0119797 -7.16413 0 0 0 -180 0 0 0 0
0 -0 0 180 0 180 0 0 0.0130422 -20.2624 0 -180 0 180 0 -0 0 -0
0 -0 0 0 0 -0 0 -180 0.184516 167.818 0 -180 0 0 0 0 0 0
0 0 0 -0 0 0 0 180 0.79541 -32.5609 0 180 0 -0 0 -0 0 -0
inside=1 lambda=0.647 phi=25 theta=30
0 -0 0 -180 0 0 0 0 0.150211 165.207 0 0 0 -0 0 -180 0 0
0 0 0 180 0 -0 0 -0 0.830477 -32.6236 0 -0 0 0 0 180 0 -0
0 -0 0 -0 0 -180 0 -180 0.0205556 -8.06846 0 0 0 180 0 0 0 0
0 0 0 0 0 180 0 180 0.0226887 -19.0771 0 -0 0 -180 0 -180 0 -0
0 -0 0 -180 0 180 0 -0 0.0206971 -7.38783 0 0 0 -180 0 0 0 0
0 -0 0 180 0 180 0 0 0.0226101 -19.9998 0 -180 0 180 0 -0 0 -0
0 -0 0 0 0 -0 0 -180 0.175249 167.168 0 -180 0 0 0 0 0 0
0 0 0 -0 0 0 0 180 0.804818 -32.5831 0 180 0 -0 0 -0 0 -0
inside=1 lambda=0.647 phi=25 theta=45
0 -0 0 -180 0 0 0 0 0.16268 166.23 0 0 0 -0 0 -180 0 0
0 0 0 180 0 -0 0 -0 0.817654 -32.6063 0 -0 0 0 0 180 0 -0
0 -0 0 -0 0 -180 0 -180 0.0238173 -7.71205 0 0 0 180 0 0 0 0
0 -0 0 0 0 180 0 180 0.0261479 -19.5782 0 -0 0 180 0 -180 0 -0
0 -0 0 -180 0 180 0 -0 0.0238173 -7.71205 0 0 0 -180 0 0 0 0
0 -0 0 180 0 180 0 0 0.0261479 -19.5782 0 -180 0 180 0 -0 0 -0
0 -0 0 0 0 -0 0 -180 0.16268 166.23 0 -180 0 0 0 0 0 0
0 0 0 -0 0 0 0 180 0.817654 -32.6063 0 180 0 -0 0 -0 0 -0
inside=1 lambda=0.647 phi=30 theta=0
0 -0 0 -180 0 0 0 0 0.118124 160.88 0 0 0 -0 0 -180 0 0
0 0 0 180 0 -180 0 -0 0.856839 -39.6079 0 -180 0 0 0 180 0 -180
0 -0 0 -0 0 -180 0 180 6.48915e-15 103.673 0 -0 0 180 0 180 0 0
0 0 0 0 0 0 0 180 1.73418e-13 48.2423 0 -180 0 -180 0 -180 0 -180
0 -0 0 -180 0 -180 0 180 3.15535e-14 49.3748 0 -0 0 180 0 0 0 0
0 -0 0 180 0 180 0 180 1.28775e-13 53.84 0 -0 0 180 0 -0 0 -0
0 -0 0 0 0 0 0 -180 0.191557 167.525 0 -180 0 -0 0 0 0 0
0 0 0 -0 0 -0 0 0 0.780884 -39.4161 0 180 0 0 0 -0 0 -0
inside=1 lambda=0.647 phi=30 theta=15
0 -0 0 -180 0 0 0 0 0.122905 161.492 0 0 0 -0 0 -180 0 0
0 0 0 180 0 -180 0 -0 0.851767 -39.6015 0 -180 0 0 0 180 0 -180
0 -0 0 -0 0 -180 0 -180 0.0171044 -8.66467 0 0 0 180 0 0 0 0
0 0 0 0 0 180 0 180 0.0194038 -25.3851 0 -180 0 -180 0 -180 0 -180
0 -0 0 -180 0 180 0 -0 0.0174697 -7.10421 0 0 0 -180 0 0 0 0
0 -0 0 180 0 180 0 0 0.0192392 -27.8392 0 -180 0 180 0 -0 0 -0
0 -0 0 0 0 -0 0 -180 0.186484 167.175 0 -180 0 0 0 0 0 0
0 0 0 -0 0 0 0 0 0.785998 -39.44 0 180 0 -0 0 -0 0 -0
inside=1 lambda=0.647 phi=30 theta=30
0 -0 0 -180 0 0 0 0 0.136068 162.985 0 0 0 -0 0 -180 0 0
0 0 0 180 0 -180 0 -0 0.837904 -39.5812 0 -180 0 0 0 180 0 -180
0 -0 0 -0 0 -180 0 -180 0.0297638 -8.2613 0 0 0 180 0 0 0 0
0 -0 0 0 0 180 0 180 0.0335144 -26.0947 0 -180 0 -180 0 -180 0 -0
0 -0 0 -180 0 180 0 -0 0.030125 -7.38356 0 0 0 -180 0 0 0 0
0 -0 0 180 0 180 0 0 0.0333559 -27.4881 0 -180 0 180 0 -0 0 -0
0 -0 0 0 0 -0 0 -180 0.172759 166.187 0 -180 0 0 0 0 0 0
0 0 0 -0 0 0 0 180 0.799942 -39.493 0 180 0 -0 0 -0 0 -0
inside=1 lambda=0.647 phi=30 theta=45
0 -0 0 -180 0 0 0 0 0.154277 164.708 0 0 0 -0 0 -180 0 0
0 0 0 180 0 -0 0 -0 0.818943 -39.5448 0 -180 0 0 0 180 0 -180
0 -0 0 -0 0 -180 0 -180 0.0345784 -7.7926 0 0 0 180 0 0 0 0
0 -0 0 0 0 180 0 180 0.0385908 -26.8772 0 -0 0 180 0 -180 0 -0
0 -0 0 -180 0 180 0 -0 0.0345784 -7.7926 0 0 0 -180 0 0 0 0
0 -0 0 180 0 180 0 0 0.0385908 -26.8772 0 -180 0 180 0 -0 0 -0
0 -0 0 0 0 -0 0 -180 0.154277 164.708 0 -180 0 0 0 0 0 0
0 0 0 -0 0 0 0 180 0.818943 -39.5448 0 180 0 -0 0 -180 0 -180
inside=1 lambda=0.647 phi=35 theta=0
0 -0 0 -180 0 0 0 0 0.0940124 157.003 0 0 0 -0 0 -180 0 0
0 0 0 180 0 -180 0 -0 0.873825 -47.5123 0 -180 0 0 0 180 0 -180
0 -0 0 -0 0 -180 0 180 1.59017e-14 47.7882 0 -0 0 180 0 180 0 0
0 0 0 0 0 0 0 -180 1.25305e-14 170.477 0 -0 0 -180 0 -180 0 -180
0 -0 0 -180 0 -180 0 -0 5.8142e-14 110.531 0 -0 0 180 0 0 0 0
0 -0 0 180 0 180 0 180 4.6163e-14 43.2028 0 0 0 180 0 -0 0 -0
0 -0 0 0 0 0 0 -180 0.196263 167.73 0 -180 0 -0 0 0 0 0
0 0 0 -0 0 -0 0 0 0.766961 -47.1418 0 180 0 0 0 -0 0 -0
inside=1 lambda=0.647 phi=35 theta=15
0 -0 0 -180 0 0 0 0 0.100526 158.227 0 0 0 -0 0 -180 0 0
0 0 0 180 0 -180 0 -0 0.866703 -47.503 0 -180 0 0 0 180 0 -180
0 -0 0 -0 0 -180 0 -180 0.0234053 -8.37117 0 0 0 180 0 0 0 0
0 0 0 0 0 0 0 0 0.0273164 -32.7024 0 -180 0 -180 0 -180 0 -180
0 -0 0 -180 0 180 0 -0 0.0242225 -6.60374 0 0 0 -180 0 0 0 0
0 -0 0 180 0 180 0 0 0.0269935 -36.2944 0 -180 0 180 0 -0 0 -0
0 -0 0 0 0 -0 0 -180 0.188997 167.254 0 -180 0 0 0 0 0 0
0 0 0 -0 0 0 0 0 0.774191 -47.1973 0 180 0 -0 0 -180 0 -0
inside=1 lambda=0.647 phi=35 theta=30
0 -0 0 -180 0 0 0 0 0.118567 160.962 0 0 0 -0 0 -180 0 0
0 0 0 180 0 -180 0 -0 0.847236 -47.4713 0 -180 0 0 0 180 0 -180
0 -0 0 -0 0 -180 0 -180 0.0408624 -7.8736 0 0 0 180 0 0 0 0
0 -0 0 0 0 0 0 0 0.0470962 -33.8585 0 -180 0 180 0 -180 0 -180
0 -0 0 -180 0 180 0 -0 0.0416555 -6.90137 0 0 0 -180 0 0 0 0
0 -0 0 180 0 180 0 0 0.0467974 -35.8627 0 -180 0 180 0 -180 0 -180
0 -0 0 0 0 -0 0 -180 0.169579 165.896 0 -180 0 0 0 0 0 0
0 0 0 -0 0 0 0 0 0.793859 -47.3103 0 180 0 -0 0 -180 0 -180
inside=1 lambda=0.647 phi=35 theta=45
0 -0 0 -180 0 0 0 0 0.143754 163.746 0 0 0 -0 0 -180 0 0
0 0 0 0 0 -180 0 -0 0.820594 -47.4088 0 -180 0 0 0 180 0 -180
0 -0 0 -0 0 -180 0 -180 0.0476496 -7.34118 0 0 0 180 0 0 0 0
0 -0 0 0 0 180 0 180 0.0541645 -35.0266 0 -180 0 180 0 -180 0 -180
0 -0 0 -180 0 180 0 -0 0.0476496 -7.34118 0 0 0 -180 0 0 0 0
0 -0 0 180 0 180 0 0 0.0541645 -35.0266 0 -180 0 180 0 -180 0 -180
0 -0 0 0 0 -0 0 -180 0.143754 163.746 0 -180 0 0 0 0 0 0
0 0 0 -0 0 0 0 0 0.820594 -47.4088 0 180 0 -180 0 -180 0 -180
inside=1 lambda=0.647 phi=40 theta=0
0 -0 0 180 0 0 0 0 0.0658009 151.625 0 0 0 -0 0 180 0 0
0 0 0 180 0 -180 0 -0 0.894835 -56.1552 0 -180 0 0 0 180 0 -180
0 -0 0 -0 0 -180 0 -0 1.07312e-14 124.967 0 -180 0 180 0 180 0 0
0 0 0 0 0 0 0 0 9.15095e-15 -115.117 0 180 0 -180 0 -180 0 -180
0 -0 0 -180 0 -180 0 0 2.37699e-14 -24.7974 0 0 0 180 0 0 0 0
0 -0 0 0 0 180 0 -0 2.03675e-14 -149.595 0 180 0 180 0 -180 0 -0
0 -0 0 0 0 0 0 -180 0.203856 168.931 0 -180 0 -0 0 0 0 0
0 0 0 -180 0 -0 0 0 0.749467 -55.4827 0 180 0 0 0 -180 0 -0
inside=1 lambda=0.647 phi=40 theta=15
0 -0 0 -180 0 0 0 0 0.074305 154.379 0 0 0 -0 0 180 0 0
0 0 0 180 0 -180 0 -0 0.885166 -56.1495 0 -180 0 0 0 180 0 -180
0 -0 0 -0 0 -180 0 -180 0.0309511 -7.19299 0 0 0 180 0 0 0 0
0 0 0 0 0 0 0 0 0.0372722 -40.2522 0 -180 0 -180 0 -180 0 -180
0 -0 0 -180 0 180 0 -0 0.0325743 -5.59693 0 0 0 -180 0 0 0 0
0 -0 0 180 0 180 0 0 0.0366222 -45.3967 0 -180 0 180 0 -180 0 -180
0 -0 0 0 0 -0 0 -180 0.193451 168.375 0 -180 0 0 0 0 0 0
0 0 0 -0 0 0 0 0 0.759407 -55.6191 0 180 0 -0 0 -180 0 -180
inside=1 lambda=0.647 phi=40 theta=30
0 -0 0 -180 0 0 0 0 0.0980851 159.625 0 0 0 -0 0 180 0 0
0 0 0 180 0 -180 0 -0 0.858753 -56.1126 0 -180 0 0 0 180 0 -180
0 -0 0 -0 0 -180 0 -180 0.0542956 -6.68379 0 0 0 180 0 0 0 0
0 -0 0 0 0 0 0 0 0.0640405 -42.1392 0 -180 0 180 0 -180 0 -180
0 -0 0 -180 0 180 0 -0 0.0558091 -5.82722 0 0 0 -180 0 0 0 0
0 -0 0 180 0 180 0 0 0.0634813 -44.9167 0 -180 0 180 0 -180 0 -180
0 -0 0 0 0 -0 0 -180 0.166638 166.757 0 -180 0 0 0 0 0 0
0 0 0 -0 0 0 0 0 0.786248 -55.8517 0 180 0 -0 0 -180 0 -180
inside=1 lambda=0.647 phi=40 theta=45
0 -0 0 -180 0 0 0 0 0.131722 163.943 0 0 0 -0 0 -180 0 0
0 0 0 0 0 -180 0 -0 0.822592 -56.021 0 -180 0 0 0 180 0 -180
0 -0 0 -0 0 -180 0 -180 0.063591 -6.19515 0 0 0 180 0 0 0 0
0 -0 0 0 0 0 0 0 0.073516 -43.8239 0 -180 0 180 0 -180 0 -180
0 -0 0 -180 0 180 0 -0 0.063591 -6.19515 0 0 0 -180 0 0 0 0
0 -0 0 0 0 180 0 0 0.073516 -43.8239 0 -180 0 0 0 -180 0 -180
0 -0 0 0 0 -0 0 -180 0.131722 163.943 0 -180 0 0 0 0 0 0
0 0 0 -0 0 0 0 0 0.822592 -56.021 0 180 0 -180 0 -180 0 -180
inside=1 lambda=0.647 phi=45 theta=0
0 -0 0 180 0 0 0 0 0.0324783 138.286 0 0 0 -0 0 180 0 0
0 0 0 180 0 -180 0.0172165 -154.2 0.919394 -65.212 0 -180 0 0 0 180 0 -180
0 -0 0 -0 0 -180 0 180 2.41035e-14 22.2778 0 -0 0 180 0 180 0 0
0 0 0 0 0 0 1.04903e-13 47.8006 4.54003e-14 34.607 0 180 0 -180 0 -180 0 -180
0 -0 0 -180 0 -180 0 0 3.63336e-14 9.44475 0 180 0 180 0 0 0 0
0 0 0 0 0 180 3.92787e-14 -139.97 3.34379e-14 17.9628 0 -0 0 -180 0 -180 0 -0
0 -0 0 0 0 0 0 -180 0.221248 172.166 0 -180 0 -0 0 0 0 0
0 0 0 -180 0 -0 0.216374 60.091 0.723059 -63.8589 0 180 0 0 0 -180 0 -0
inside=1 lambda=0.647 phi=45 theta=15
0 -0 0 180 0 0 0 0 0.0447066 148.523 0 0 0 -0 0 180 0 0
0 0 0 180 0 -180 0 -0 0.90792 -65.2954 0 -180 0 0 0 180 0 -180
0 -0 0 -0 0 -180 0 -180 0.0402197 -4.94663 0 0 0 180 0 0 0 0
0 0 0 0 0 0 0 0 0.050042 -47.4494 0 -180 0 -180 0 -180 0 -180
0 -0 0 -180 0 180 0 -0 0.0431972 -4.26015 0 0 0 -180 0 0 0 0
0 -0 0 0 0 180 0 0 0.0485894 -54.8495 0 -180 0 180 0 -180 0 -180
0 -0 0 0 0 -0 0 -180 0.202951 170.541 0 -180 0 0 0 0 0 0
0 0 0 -180 0 -0 0 0 0.740696 -64.3759 0 180 0 -0 0 -180 0 -180
inside=1 lambda=0.647 phi=45 theta=30
0 -0 0 -180 0 0 0 0 0.0754358 159.751 0 0 0 -0 0 180 0 0
0 0 0 0 0 -180 0 -0 0.872867 -65.2843 0 -180 0 0 0 180 0 -180
0 -0 0 -0 0 -180 0 -180 0.0711017 -4.64374 0 0 0 180 0 0 0 0
0 -0 0 0 0 0 0 0 0.0852928 -50.7169 0 -180 0 180 0 -180 0 -180
0 -0 0 -180 0 180 0 -0 0.0735955 -4.20549 0 0 0 -180 0 0 0 0
0 -0 0 0 0 180 0 0 0.0842208 -54.4439 0 -180 0 180 0 -180 0 -180
0 -0 0 0 0 -0 0 -180 0.165808 169.118 0 -180 0 0 0 0 0 0
0 0 0 -0 0 0 0 0 0.776633 -64.8941 0 180 0 -180 0 -180 0 -180
inside=1 lambda=0.647 phi=45 theta=45
0 -0 0 -180 0 0 0 0 0.119554 166.015 0 0 0 -0 0 180 0 0
0 0 0 0 0 -180 0 -0 0.8249 -65.1678 0 -180 0 0 0 180 0 -180
0 -0 0 -0 0 -180 0 -180 0.0835848 -4.35884 0 0 0 180 0 0 0 0
0 -0 0 0 0 0 0 0 0.0976253 -53.0761 0 -180 0 180 0 -180 0 -180
0 -0 0 -180 0 180 0 -0 0.0835848 -4.35884 0 0 0 -180 0 0 0 0
0 -0 0 0 0 180 0 0 0.0976253 -53.0761 0 -180 0 0 0 -180 0 -180
0 -0 0 0 0 -0 0 -180 0.119554 166.015 0 180 0 0 0 0 0 0
0 0 0 -0 0 0 0 0 0.8249 -65.1678 0 180 0 -180 0 -180 0 -180
