RSoft_BSDF_File_Version 2
1 0 5 2 1 0.0914286
0.3 0.3
-1 1
-1 1
1 0.647 0.647
10 0 45 0.5
4 0 45
Begin_Dispersion_Data
0.647 1.45662 0 1 0 0
End_Dispersion_Data
inside=0 lambda=0.647 phi=0 theta=0
0 -180 0 -180 0 -180 0 0 0.157047 8.53808 0 0 0 -180 0 -180 0 -180
0 -180 0 -180 0 -180 0 0 1.19193 53.2684 0 0 0 -180 0 -180 0 -180
0 -180 0 -0 0 0 0 -180 3.6678e-13 152.081 0 180 0 0 0 -0 0 -180
0 -180 0 -0 0 0 0 -180 1.17539e-12 8.59072 0 180 0 0 0 -0 0 -180
0 -180 0 -0 0 0 0 0 2.89324e-13 150.556 0 -180 0 0 0 -0 0 -180
0 -180 0 -0 0 0 0 180 5.73827e-13 -17.4042 0 -0 0 0 0 -0 0 -180
0 -180 0 0 0 -180 0 -180 0.157047 8.53808 0 -180 0 -180 0 0 0 -180
0 -180 0 0 0 -180 0 -180 1.19193 53.2684 0 -180 0 -180 0 0 0 -180
inside=0 lambda=0.647 phi=0 theta=15
0 -180 0 -180 0 -180 0 0 0.157047 8.53808 0 0 0 -180 0 -180 0 -180
0 -180 0 -180 0 -180 0 0 1.19193 53.2684 0 0 0 -180 0 -180 0 -180
0 -180 0 -0 0 0 0 -180 3.6678e-13 152.081 0 180 0 0 0 -0 0 -180
0 -180 0 -0 0 0 0 -180 1.17539e-12 8.59072 0 180 0 0 0 -0 0 -180
0 -180 0 -0 0 0 0 0 2.89324e-13 150.556 0 -180 0 0 0 -0 0 -180
0 -180 0 -0 0 0 0 180 5.73827e-13 -17.4042 0 -0 0 0 0 -0 0 -180
0 -180 0 0 0 -180 0 -180 0.157047 8.53808 0 -180 0 -180 0 0 0 -180
0 -180 0 0 0 -180 0 -180 1.19193 53.2684 0 -180 0 -180 0 0 0 -180
inside=0 lambda=0.647 phi=0 theta=30
0 -180 0 -180 0 -180 0 0 0.157047 8.53808 0 0 0 -180 0 -180 0 -180
0 -180 0 -180 0 -180 0 0 1.19193 53.2684 0 0 0 -180 0 -180 0 -180
0 -180 0 -0 0 0 0 -180 3.6678e-13 152.081 0 180 0 0 0 -0 0 -180
0 -180 0 -0 0 0 0 -180 1.17539e-12 8.59072 0 180 0 0 0 -0 0 -180
0 -180 0 -0 0 0 0 0 2.89324e-13 150.556 0 -180 0 0 0 -0 0 -180
0 -180 0 -0 0 0 0 180 5.73827e-13 -17.4042 0 -0 0 0 0 -0 0 -180
0 -180 0 0 0 -180 0 -180 0.157047 8.53808 0 -180 0 -180 0 0 0 -180
0 -180 0 0 0 -180 0 -180 1.19193 53.2684 0 -180 0 -180 0 0 0 -180
inside=0 lambda=0.647 phi=0 theta=45
0 -180 0 -180 0 -180 0 0 0.157047 8.53808 0 0 0 -180 0 -180 0 -180
0 -180 0 -180 0 -180 0 0 1.19193 53.2684 0 0 0 -180 0 -180 0 -180
0 -180 0 -0 0 0 0 -180 3.6678e-13 152.081 0 180 0 0 0 -0 0 -180
0 -180 0 -0 0 0 0 -180 1.17539e-12 8.59072 0 180 0 0 0 -0 0 -180
0 -180 0 -0 0 0 0 0 2.89324e-13 150.556 0 -180 0 0 0 -0 0 -180
0 -180 0 -0 0 0 0 180 5.73827e-13 -17.4042 0 -0 0 0 0 -0 0 -180
0 -180 0 0 0 -180 0 -180 0.157047 8.53808 0 -180 0 -180 0 0 0 -180
0 -180 0 0 0 -180 0 -180 1.19193 53.2684 0 -180 0 -180 0 0 0 -180
inside=0 lambda=0.647 phi=5 theta=0
0 -180 0 -180 0 -180 0 0 0.155744 8.49669 0 0 0 -180 0 -180 0 -180
0 -180 0 -180 0 -180 0 0 1.18961 52.8853 0 0 0 -180 0 -180 0 -180
0 -180 0 -180 0 0 0 -0 3.64884e-13 -154.403 0 -180 0 0 0 0 0 -180
0 -180 0 180 0 0 0 -0 1.56114e-13 -132.644 0 -0 0 0 0 -0 0 -180
0 -180 0 -180 0 0 0 -0 5.08146e-13 93.4862 0 180 0 0 0 0 0 -180
0 -180 0 -180 0 0 0 180 5.36366e-13 34.5798 0 -180 0 0 0 0 0 -180
0 -180 0 0 0 -180 0 -180 0.159018 8.59642 0 -180 0 -180 0 0 0 -180
0 -180 0 0 0 -180 0 -180 1.19412 52.871 0 -180 0 -180 0 0 0 -180
inside=0 lambda=0.647 phi=5 theta=15
0 -180 0 -180 0 -180 0 0 0.155964 8.50348 0 0 0 -180 0 -180 0 -180
0 -180 0 -180 0 -180 0 0 1.18991 52.8843 0 0 0 -180 0 -180 0 -180
0 -180 0 -180 0 0 0 -180 0.000826516 -167.083 0 0 0 0 0 0 0 -180
0 -180 0 180 0 0 0 -180 0.00112926 -131.328 0 0 0 0 0 -0 0 -180
0 -180 0 -180 0 0 0 -180 0.000826481 -167.08 0 0 0 0 0 0 0 -180
0 -180 0 -180 0 0 0 180 0.00112919 -131.325 0 -0 0 0 0 0 0 -180
0 -180 0 0 0 -180 0 -180 0.158799 8.58985 0 -180 0 -180 0 0 0 -180
0 -180 0 0 0 -180 0 -180 1.19382 52.872 0 -180 0 -180 0 0 0 -180
inside=0 lambda=0.647 phi=5 theta=30
0 -180 0 -180 0 -180 0 0 0.156563 8.52195 0 0 0 -180 0 -180 0 -180
0 -180 0 -180 0 -180 0 0 1.19074 52.8817 0 0 0 -180 0 -180 0 -180
0 -180 0 -180 0 0 0 -180 0.00143155 -167.082 0 0 0 0 0 0 0 -180
0 -180 0 180 0 0 0 -180 0.00195591 -131.328 0 0 0 0 0 -0 0 -180
0 -180 0 -180 0 0 0 -180 0.00143152 -167.081 0 0 0 0 0 0 0 -180
0 -180 0 -180 0 0 0 180 0.00195584 -131.326 0 -0 0 0 0 0 0 -180
0 -180 0 0 0 -180 0 -180 0.1582 8.57182 0 -180 0 -180 0 0 0 -180
0 -180 0 0 0 -180 0 -180 1.19299 52.8746 0 -180 0 -180 0 0 0 -180
inside=0 lambda=0.647 phi=5 theta=45
0 -180 0 -180 0 -180 0 0 0.157381 8.54699 0 0 0 -180 0 -180 0 -180
0 -180 0 -180 0 -180 0 0 1.19186 52.8781 0 0 0 -180 0 -180 0 -180
0 -180 0 -180 0 0 0 -180 0.001653 -167.082 0 0 0 0 0 0 0 -180
0 -180 0 180 0 0 0 -180 0.00225845 -131.327 0 0 0 0 0 -0 0 -180
0 -180 0 -180 0 0 0 -180 0.001653 -167.082 0 0 0 0 0 0 0 -180
0 -180 0 -180 0 0 0 180 0.00225845 -131.327 0 -0 0 0 0 0 0 -180
0 -180 0 0 0 -180 0 -180 0.157381 8.54699 0 -180 0 -180 0 0 0 -180
0 -180 0 0 0 -180 0 -180 1.19186 52.8781 0 -180 0 -180 0 0 0 -180
inside=0 lambda=0.647 phi=10 theta=0
0 180 0 -180 0 -180 0 0 0.151602 8.34134 0 0 0 180 0 -180 0 -180
0 -180 0 -180 0 -180 0 0 1.18241 51.7317 0 0 0 -180 0 -180 0 -180
0 -180 0 -180 0 0 0 -180 2.36962e-13 -65.9341 0 0 0 0 0 0 0 -180
0 -180 0 180 0 0 0 180 2.16654e-13 -168.973 0 0 0 0 0 -0 0 -180
0 -180 0 -180 0 0 0 -0 6.57979e-13 65.4507 0 0 0 0 0 0 0 -180
0 -180 0 -180 0 0 0 0 8.71304e-13 40.5593 0 -0 0 0 0 0 0 -180
0 -180 0 0 0 -180 0 -180 0.165169 8.767 0 -180 0 -180 0 0 0 -180
0 -180 0 0 0 -180 0 -180 1.20094 51.6724 0 -180 0 -180 0 0 0 -180
inside=0 lambda=0.647 phi=10 theta=15
0 180 0 -180 0 -180 0 0 0.152511 8.37189 0 0 0 180 0 -180 0 -180
0 -180 0 -180 0 -180 0 0 1.18365 51.7276 0 0 0 -180 0 -180 0 -180
0 -180 0 -180 0 0 0 -180 0.00342531 -166.894 0 0 0 0 0 0 0 -180
0 -180 0 180 0 0 0 -180 0.00464004 -132.548 0 0 0 0 0 -0 0 -180
0 -180 0 -180 0 0 0 -180 0.00342476 -166.883 0 0 0 0 0 0 0 -180
0 -180 0 -180 0 0 0 180 0.00463889 -132.534 0 -0 0 0 0 0 0 -180
0 -180 0 0 0 -180 0 -180 0.164261 8.74035 0 -180 0 -180 0 0 0 -180
0 -180 0 0 0 -180 0 -180 1.1997 51.6763 0 -180 0 -180 0 0 0 -180
inside=0 lambda=0.647 phi=10 theta=30
0 180 0 -180 0 -180 0 0 0.154994 8.45376 0 0 0 180 0 -180 0 -180
0 -180 0 -180 0 -180 0 0 1.18704 51.7166 0 0 0 -180 0 -180 0 -180
0 -180 0 -180 0 0 0 -180 0.00593262 -166.892 0 0 0 0 0 0 0 -180
0 -180 0 180 0 0 0 -180 0.00803633 -132.544 0 0 0 0 0 -0 0 -180
0 -180 0 -180 0 0 0 -180 0.00593208 -166.886 0 0 0 0 0 0 0 -180
0 -180 0 -180 0 0 0 180 0.00803518 -132.537 0 -0 0 0 0 0 0 -180
0 -180 0 0 0 -180 0 -180 0.161778 8.66628 0 -180 0 -180 0 0 0 -180
0 -180 0 0 0 -180 0 -180 1.19631 51.6869 0 -180 0 -180 0 0 0 -180
inside=0 lambda=0.647 phi=10 theta=45
0 -180 0 -180 0 -180 0 0 0.158386 8.56197 0 0 0 180 0 -180 0 -180
0 -180 0 -180 0 -180 0 0 1.19167 51.7016 0 0 0 -180 0 -180 0 -180
0 -180 0 -180 0 0 0 -180 0.0068501 -166.889 0 0 0 0 0 0 0 -180
0 -180 0 180 0 0 0 -180 0.00927887 -132.54 0 0 0 0 0 -0 0 -180
0 -180 0 -180 0 0 0 -180 0.0068501 -166.889 0 0 0 0 0 0 0 -180
0 -180 0 -180 0 0 0 180 0.00927887 -132.54 0 -0 0 0 0 0 0 -180
0 -180 0 0 0 180 0 -180 0.158386 8.56197 0 -180 0 -180 0 0 0 -180
0 -180 0 0 0 -180 0 -180 1.19167 51.7016 0 -180 0 -180 0 0 0 -180
inside=0 lambda=0.647 phi=15 theta=0
0 180 0 -180 0 -180 0 -0 0.143843 7.96105 0 0 0 180 0 -180 0 -180
0 -180 0 -180 0 -180 0 0 1.16954 49.7929 0 0 0 -180 0 -180 0 -180
0 180 0 -180 0 0 0 180 8.08637e-14 31.6415 0 -0 0 -0 0 0 0 -180
0 -180 0 180 0 0 0 0 1.00746e-13 91.524 0 -0 0 0 0 -0 0 -180
0 -180 0 -180 0 0 0 -0 3.17302e-13 -120.169 0 0 0 0 0 0 0 -180
0 -180 0 -180 0 0 0 0 3.41449e-13 160.115 0 0 0 0 0 0 0 -180
0 -180 0 0 0 -180 0 -180 0.176288 9.03657 0 -180 0 -180 0 0 0 -180
0 -180 0 0 0 -180 0 -180 1.2132 49.6502 0 -180 0 -180 0 0 0 -180
inside=0 lambda=0.647 phi=15 theta=15
0 180 0 -180 0 -180 0 -0 0.146016 8.04632 0 0 0 180 0 -180 0 -180
0 -180 0 -180 0 -180 0 0 1.17247 49.7827 0 0 0 -180 0 -180 0 -180
0 180 0 -180 0 0 0 -180 0.00819323 -166.602 0 0 0 -0 0 0 0 -180
0 -180 0 180 0 0 0 -180 0.0109393 -134.595 0 0 0 0 0 -0 0 -180
0 -180 0 -180 0 0 0 -180 0.00819045 -166.58 0 0 0 0 0 0 0 -180
0 -180 0 -180 0 0 0 180 0.0109329 -134.565 0 -0 0 0 0 0 0 -180
0 -180 0 0 0 -180 0 -180 0.174115 8.97525 0 -180 0 -180 0 0 0 -180
0 -180 0 0 0 -180 0 -180 1.21028 49.6591 0 -180 0 -180 0 0 0 -180
inside=0 lambda=0.647 phi=15 theta=30
0 180 0 -180 0 -180 0 -0 0.151953 8.26783 0 0 0 180 0 -180 0 -180
0 -180 0 -180 0 -180 0 0 1.18045 49.7554 0 0 0 -180 0 -180 0 -180
0 180 0 -180 0 0 0 -180 0.0141903 -166.599 0 0 0 -0 0 0 0 -180
0 -180 0 180 0 0 0 -180 0.0189446 -134.586 0 0 0 0 0 -0 0 -180
0 -180 0 -180 0 0 0 -180 0.0141875 -166.586 0 0 0 0 0 0 0 -180
0 -180 0 -180 0 0 0 180 0.0189383 -134.569 0 -0 0 0 0 0 0 -180
0 180 0 0 0 180 0 -180 0.168177 8.80129 0 -180 0 -180 0 0 0 -180
0 -180 0 0 0 -180 0 -180 1.20228 49.6841 0 -180 0 -180 0 0 0 -180
inside=0 lambda=0.647 phi=15 theta=45
0 180 0 -180 0 -180 0 0 0.160065 8.54637 0 0 0 180 0 -180 0 -180
0 -180 0 -180 0 -180 0 0 1.19137 49.7191 0 0 0 -180 0 -180 0 -180
0 -180 0 -180 0 0 0 -180 0.0163841 -166.594 0 0 0 -0 0 0 0 -180
0 -180 0 180 0 0 0 -180 0.0218715 -134.577 0 0 0 0 0 -0 0 -180
0 -180 0 -180 0 -0 0 -180 0.0163841 -166.594 0 0 0 0 0 0 0 -180
0 -180 0 -180 0 0 0 180 0.0218715 -134.577 0 -0 0 0 0 0 0 -180
0 180 0 0 0 180 0 -180 0.160065 8.54637 0 -180 0 -180 0 0 0 -180
0 -180 0 0 0 -180 0 -180 1.19137 49.7191 0 -180 0 -180 0 0 0 -180
inside=0 lambda=0.647 phi=20 theta=0
0 180 0 180 0 -180 0 -0 0.130858 7.08288 0 0 0 180 0 180 0 -180
0 -180 0 -180 0 180 0 0 1.14936 47.0375 0 -0 0 -180 0 -180 0 180
0 180 0 -180 0 0 0 -180 1.63605e-13 167.303 0 -180 0 -0 0 0 0 -180
0 -180 0 180 0 0 0 -180 2.51657e-13 129.839 0 -180 0 0 0 -0 0 -180
0 -180 0 -180 0 0 0 180 3.21629e-14 -172.091 0 -0 0 0 0 0 0 -180
0 -180 0 -180 0 0 0 -0 1.92306e-13 -8.40896 0 -0 0 0 0 0 0 -180
0 -180 0 0 0 -180 0 -180 0.193966 9.38404 0 -180 0 -180 0 0 0 -180
0 -180 0 0 0 -180 0 -180 1.23257 46.759 0 -180 0 -180 0 0 0 -180
inside=0 lambda=0.647 phi=20 theta=15
0 180 0 -180 0 -180 0 -0 0.135077 7.29837 0 0 0 180 0 180 0 -180
0 -180 0 -180 0 180 0 0 1.15493 47.0165 0 0 0 -180 0 -180 0 180
0 180 0 -180 0 0 0 -180 0.0159476 -166.243 0 0 0 -0 0 0 0 -180
0 -180 0 180 0 0 0 -180 0.0208581 -137.498 0 0 0 0 0 -0 0 -180
0 -180 0 -180 0 0 0 -180 0.0159386 -166.205 0 0 0 0 0 0 0 -180
0 -180 0 -180 0 0 0 180 0.0208341 -137.449 0 -0 0 0 0 0 0 -180
0 -180 0 0 0 -180 0 -180 0.189738 9.27135 0 -180 0 -180 0 0 0 -180
0 -180 0 0 0 -180 0 -180 1.22699 46.7754 0 -180 0 -180 0 0 0 -180
inside=0 lambda=0.647 phi=20 theta=30
0 180 0 -180 0 -180 0 -0 0.146615 7.82654 0 0 0 180 0 -180 0 -180
0 -180 0 -180 0 -180 0 0 1.17015 46.9611 0 0 0 -180 0 -180 0 180
0 180 0 -180 0 0 0 -180 0.0276202 -166.242 0 0 0 -0 0 0 0 -180
0 -180 0 180 0 0 0 -180 0.0361154 -137.48 0 0 0 0 0 -0 0 -180
0 -180 0 -180 0 -0 0 -180 0.0276114 -166.221 0 0 0 0 0 0 0 -180
0 -180 0 -180 0 0 0 180 0.0360925 -137.453 0 -0 0 0 0 0 0 -180
0 180 0 0 0 180 0 -180 0.178183 8.94336 0 -180 0 -180 0 0 0 -180
0 -180 0 0 0 -180 0 -180 1.21175 46.822 0 -180 0 -180 0 0 0 -180
inside=0 lambda=0.647 phi=20 theta=45
0 180 0 -180 0 -180 0 -0 0.162395 8.43367 0 0 0 180 0 -180 0 -180
0 -180 0 -180 0 -180 0 0 1.19095 46.8894 0 0 0 -180 0 -180 0 -180
0 180 0 -180 0 0 0 -180 0.0318888 -166.235 0 0 0 -0 0 0 0 -180
0 -180 0 180 0 0 0 -180 0.0416879 -137.463 0 0 0 0 0 -0 0 -180
0 180 0 -180 0 -0 0 -180 0.0318888 -166.235 0 0 0 0 0 0 0 -180
0 -180 0 -180 0 0 0 180 0.0416879 -137.463 0 -0 0 0 0 0 0 -180
0 180 0 -0 0 180 0 -180 0.162395 8.43367 0 -180 0 -180 0 0 0 -180
0 -180 0 0 0 -180 0 -180 1.19095 46.8894 0 -180 0 -180 0 0 0 -180
inside=0 lambda=0.647 phi=25 theta=0
0 180 0 180 0 -180 0 -0 0.109536 4.92675 0 0 0 180 0 180 0 -180
0 -0 0 -180 0 180 0 0 1.11865 43.4043 0 -0 0 -0 0 -180 0 180
0 180 0 -180 0 0 0 -0 1.28153e-13 -177.198 0 -0 0 -0 0 0 0 -180
0 -180 0 180 0 -0 0 -180 1.02856e-13 111.418 0 -180 0 0 0 -0 0 180
0 -180 0 -180 0 0 0 -0 6.0688e-14 31.9427 0 -180 0 0 0 0 0 -180
0 -180 0 -180 0 0 0 -0 5.69014e-14 36.2251 0 -180 0 0 0 0 0 -180
0 -180 0 0 0 -180 0 -180 0.22123 9.78635 0 -180 0 -180 0 0 0 -180
0 -180 0 0 0 -180 0 -180 1.26221 42.9126 0 -180 0 -180 0 0 0 -180
inside=0 lambda=0.647 phi=25 theta=15
0 180 0 180 0 -180 0 -0 0.116957 5.5247 0 0 0 180 0 180 0 -180
0 -0 0 -180 0 180 0 0 1.12826 43.3636 0 -0 0 -180 0 -180 0 180
0 180 0 -180 0 0 0 180 0.0282831 -165.853 0 0 0 -0 0 0 0 -180
0 -180 0 180 0 -0 0 -180 0.0360082 -141.322 0 -0 0 0 0 -0 0 180
0 -180 0 -180 0 0 0 -180 0.0282586 -165.799 0 0 0 0 0 0 0 -180
0 -180 0 -180 0 0 0 180 0.0359313 -141.248 0 -0 0 0 0 0 0 -180
0 -180 0 0 0 180 0 -180 0.213741 9.59948 0 -180 0 -180 0 0 0 -180
0 -180 0 0 0 -180 0 -180 1.25258 42.9383 0 -180 0 -180 0 0 0 -180
inside=0 lambda=0.647 phi=25 theta=30
0 180 0 180 0 -180 0 -0 0.137325 6.83372 0 0 0 180 0 180 0 -180
0 -180 0 -180 0 180 0 0 1.15452 43.2596 0 -0 0 -180 0 -180 0 180
0 180 0 -180 0 0 0 180 0.0489852 -165.865 0 0 0 -0 0 0 0 -180
0 -180 0 180 0 -0 0 -180 0.0623226 -141.286 0 -0 0 0 0 -0 0 180
0 180 0 -180 0 -0 0 -180 0.0489625 -165.836 0 0 0 0 0 0 0 -180
0 -180 0 -180 0 0 0 180 0.0622555 -141.246 0 -0 0 0 0 0 0 -180
0 180 0 -0 0 180 0 -180 0.193256 9.04544 0 -180 0 -180 0 0 0 -180
0 -180 0 0 0 -180 0 -180 1.22628 43.0147 0 -180 0 -180 0 0 0 -180
inside=0 lambda=0.647 phi=25 theta=45
0 180 0 -180 0 -180 0 -0 0.165265 8.11288 0 0 0 180 0 180 0 -180
0 -180 0 -180 0 180 0 0 1.19039 43.1307 0 -0 0 -180 0 -180 0 180
0 180 0 -180 0 0 0 180 0.0565536 -165.861 0 0 0 -0 0 0 0 -180
0 -180 0 180 0 0 0 -180 0.0719191 -141.258 0 0 0 0 0 -0 0 180
0 180 0 180 0 -0 0 -180 0.0565536 -165.861 0 0 0 0 0 0 0 -180
0 -180 0 -180 0 0 0 180 0.0719191 -141.258 0 -0 0 0 0 0 0 180
0 180 0 -0 0 180 0 -180 0.165265 8.11288 0 180 0 -180 0 0 0 -180
0 -180 0 0 0 -180 0 -180 1.19039 43.1307 0 -180 0 180 0 -0 0 180
inside=0 lambda=0.647 phi=30 theta=0
0 180 0 180 0 -180 0.0136039 -118.365 0.0738094 -1.81582 0 0 0 180 0 180 0 -180
0 -0 0 -0 0 180 0 180 1.0702 38.7748 0 -0 0 -0 0 -0 0 180
0 180 0 -180 0 0 1.68741e-13 -71.404 6.83708e-15 -144.706 0 180 0 -0 0 0 0 -180
0 -180 0 180 0 -0 0 180 8.66408e-14 109.523 0 180 0 0 0 -0 0 180
0 -180 0 -180 0 0 5.33345e-14 22.2525 1.71889e-13 -117.945 0 0 0 0 0 0 0 -180
0 -180 0 -180 0 0 0 -180 7.5936e-14 87.9495 0 -180 0 0 0 0 0 -180
0 -180 0 0 0 -180 0.063961 -146.483 0.263723 10.2121 0 -180 0 -180 0 0 0 -180
0 -180 0 0 0 -180 0 -180 1.30811 37.9488 0 -180 0 -180 0 0 0 -180
inside=0 lambda=0.647 phi=30 theta=15
0 180 0 180 0 -180 0 -0 0.0862592 0.364109 0 0 0 180 0 180 0 -180
0 -0 0 -0 0 180 0 180 1.08657 38.6954 0 -0 0 -0 0 -0 0 180
0 180 0 -180 0 0 0 -180 0.0485174 -165.429 0 0 0 -0 0 0 0 -180
0 -180 0 180 0 -0 0 -180 0.0597874 -146.219 0 -0 0 0 0 -0 0 180
0 -180 0 -180 0 -0 0 -180 0.0484421 -165.358 0 180 0 0 0 0 0 -180
0 -180 0 -180 0 0 0 180 0.0594858 -146.11 0 -0 0 0 0 0 0 -180
0 180 0 0 0 180 0 -180 0.251319 9.95451 0 -180 0 -180 0 0 0 -180
0 -180 0 0 0 -180 0 -180 1.2926 37.9802 0 -180 0 -180 0 0 0 -180
inside=0 lambda=0.647 phi=30 theta=30
0 180 0 180 0 -180 0 -0 0.120553 4.47888 0 0 0 180 0 180 0 -180
0 -0 0 -180 0 180 0 0 1.13008 38.4958 0 -0 0 -180 0 -180 0 180
0 180 0 -180 0 0 0 180 0.0840379 -165.516 0 0 0 -0 0 0 0 -180
0 -180 0 180 0 -0 0 -180 0.103313 -146.131 0 -0 0 0 0 -0 0 180
0 180 0 180 0 -0 0 -180 0.0839836 -165.481 0 180 0 0 0 0 0 -180
0 -180 0 -180 0 0 0 180 0.103132 -146.079 0 -0 0 0 0 0 0 180
0 180 0 -0 0 180 0 -180 0.216262 9.04405 0 180 0 -180 0 0 0 -180
0 -180 0 0 0 -180 0 -180 1.24896 38.0864 0 -180 0 180 0 -0 0 180
inside=0 lambda=0.647 phi=30 theta=45
0 180 0 -180 0 -180 0 -0 0.168279 7.38184 0 0 0 180 0 180 0 -180
0 -180 0 -180 0 180 0 0 1.18949 38.2735 0 -0 0 -180 0 -180 0 180
0 180 0 -180 0 0 0 180 0.0970182 -165.526 0 0 0 -0 0 180 0 -180
0 -180 0 180 0 -0 0 -180 0.119169 -146.088 0 -0 0 0 0 -0 0 180
0 180 0 180 0 -0 0 -180 0.0970182 -165.526 0 180 0 0 0 0 0 -180
0 -180 0 -180 0 0 0 180 0.119169 -146.088 0 -0 0 -0 0 -0 0 180
0 180 0 -0 0 180 0 -180 0.168279 7.38184 0 180 0 -180 0 0 0 -180
0 -180 0 0 0 -180 0 -180 1.18949 38.2735 0 -180 0 180 0 -0 0 180
inside=0 lambda=0.647 phi=35 theta=0
0 180 0 180 0 -180 0.0383836 -118.539 0.0259849 -76.1996 0 0 0 180 0 180 0 -180
0 -0 0 -0 0 180 0 180 0.98676 32.7766 0 -0 0 -0 0 -0 0 180
0 180 0 -180 0 0 2.14236e-13 175.625 2.01248e-13 41.3873 0 0 0 -0 0 0 0 -180
0 -0 0 180 0 -0 0 180 2.86178e-13 6.41255 0 -0 0 180 0 -0 0 180
0 -180 0 -180 0 0 1.64503e-13 106.338 6.53742e-13 -100.969 0 0 0 0 0 0 0 -180
0 -180 0 -180 0 0 0 0 3.63967e-13 70.5744 0 -180 0 0 0 0 0 -180
0 -180 0 0 0 -180 0.0720844 -127.895 0.336651 10.4248 0 -180 0 -180 0 0 0 -180
0 -180 0 0 0 -180 0 -180 1.38544 31.3965 0 -180 0 -180 0 0 0 -180
inside=0 lambda=0.647 phi=35 theta=15
0 180 0 180 0 -180 0.0299455 -121.68 0.0342847 -34.9822 0 0 0 180 0 180 0 -180
0 -0 0 -0 0 180 0 180 1.01382 32.6479 0 -0 0 -0 0 -0 0 180
0 180 0 -180 0 0 0.00210888 125.407 0.0846107 -165.131 0 0 0 -0 0 180 0 -180
0 -180 0 180 0 -0 0 -0 0.100367 -152.193 0 -0 0 0 0 -0 0 180
0 180 0 -180 0 -0 0.0174548 -153.082 0.084455 -165.133 0 180 0 0 0 0 0 -180
0 -180 0 -180 0 0 0 180 0.0998514 -152.385 0 -0 0 0 0 0 0 -180
0 180 0 -0 0 180 0.0655933 -134.896 0.314451 10.0823 0 -180 0 -180 0 0 0 -180
0 -180 0 0 0 -180 0 -180 1.35897 31.458 0 -180 0 -180 0 0 0 180
inside=0 lambda=0.647 phi=35 theta=30
0 180 0 180 0 -180 0 -0 0.0877416 -3.02679 0 0 0 180 0 180 0 -180
0 -0 0 -0 0 180 0 180 1.08772 32.2977 0 -0 0 -0 0 -0 0 180
0 180 0 -180 0 0 0 180 0.146993 -165.216 0 0 0 -0 0 180 0 -180
0 -180 0 180 0 -0 0 -180 0.173288 -152.336 0 -0 0 0 0 -0 0 180
0 180 0 180 0 -0 0 -180 0.146848 -165.181 0 180 0 0 0 0 0 -180
0 -180 0 -180 0 0 0 180 0.172778 -152.271 0 -0 0 -0 0 -0 0 180
0 180 0 -0 0 180 0 -180 0.253696 8.84332 0 180 0 -180 0 0 0 -180
0 -180 0 0 0 -180 0 -180 1.28691 31.6251 0 -180 0 180 0 -0 0 180
inside=0 lambda=0.647 phi=35 theta=45
0 180 0 180 0 -180 0 -0 0.169956 5.7514 0 0 0 180 0 180 0 -180
0 -180 0 -180 0 180 0 0 1.18724 31.9127 0 -0 0 -180 0 -180 0 180
0 180 0 -180 0 0 0 180 0.169676 -165.271 0 0 0 -0 0 180 0 -180
0 -180 0 180 0 -0 0 -180 0.199721 -152.274 0 -0 0 0 0 -0 0 180
0 180 0 180 0 -0 0 -180 0.169676 -165.271 0 180 0 0 0 0 0 -180
0 -180 0 -180 0 0 0 180 0.199721 -152.274 0 -0 0 -0 0 -0 0 180
0 180 0 -0 0 180 0 180 0.169956 5.7514 0 180 0 -180 0 0 0 -180
0 -180 0 0 0 -180 0 -180 1.18724 31.9127 0 -180 0 180 0 -0 0 180
inside=0 lambda=0.647 phi=40 theta=0
0 180 0 180 0 -180 0.0746715 -121.508 0.178501 -152.758 0 0 0 180 0 180 0 -180
0 -0 0 -0 0 180 0 180 0.800827 24.369 0 -0 0 -0 0 -0 0 180
0 180 0 -0 0 0 1.75808e-12 -142.091 1.93695e-12 88.2792 0 180 0 -0 0 180 0 -180
0 -0 0 180 0 -0 0 -180 1.78853e-12 40.2024 0 180 0 180 0 -0 0 180
0 -180 0 -180 0 0 6.46811e-13 -161.86 1.52548e-13 -103.336 0 0 0 0 0 0 0 -180
0 -180 0 -180 0 0 0 180 1.92314e-13 5.51231 0 0 0 0 0 0 0 -180
0 -180 0 0 0 -180 0.086071 -117.287 0.490848 10.5554 0 -180 0 -180 0 0 0 -180
0 -180 0 0 0 -180 0 -180 1.54753 21.9129 0 -180 0 -180 0 0 0 -180
inside=0 lambda=0.647 phi=40 theta=15
0 180 0 180 0 -180 0.0594635 -125.481 0.135697 -148.66 0 0 0 180 0 180 0 -180
0 -0 0 -0 0 180 0 180 0.851516 24.0694 0 -0 0 -0 0 -0 0 180
0 180 0 -180 0 0 0.0114636 63.7799 0.166738 -164.842 0 0 0 -0 0 180 0 -180
0 -0 0 180 0 -0 0 -0 0.187706 -160.687 0 -0 0 180 0 -0 0 180
0 180 0 180 0 -0 0.0294228 -148.656 0.166527 -164.914 0 180 0 0 0 0 0 -180
0 -180 0 -180 0 0 0 180 0.187083 -160.98 0 -0 0 -0 0 -0 0 180
0 180 0 -0 0 180 0.0734485 -123.47 0.447065 10.0546 0 -180 0 -180 0 0 0 -180
0 -180 0 0 0 -180 0 -180 1.49788 21.9835 0 -180 0 180 0 -0 0 180
inside=0 lambda=0.647 phi=40 theta=30
0 180 0 180 0 -180 0.0207753 -138.033 0.0401387 -87.4082 0 0 0 180 0 180 0 -180
0 -0 0 -0 0 180 0 180 0.989634 23.3824 0 -0 0 -0 0 -0 0 180
0 180 0 -180 0 0 0.00588401 79.9728 0.289965 -164.894 0 0 0 -0 0 180 0 -180
0 -0 0 180 0 -0 0 -0 0.324969 -160.873 0 -0 0 0 0 -0 0 180
0 180 0 180 0 -0 0.029844 -164.9 0.289502 -164.918 0 180 0 0 0 0 0 -180
0 -180 0 -180 0 0 0 180 0.323401 -160.952 0 -0 0 -0 0 -0 0 180
0 180 0 -0 0 180 0.0520964 -150.688 0.326238 8.10161 0 180 0 -180 0 0 0 -180
0 -180 0 0 0 -180 0 -180 1.3622 22.2409 0 -180 0 180 0 -0 0 180
inside=0 lambda=0.647 phi=40 theta=45
0 180 0 180 0 -180 0 -0 0.162121 0.930113 0 0 0 180 0 180 0 -180
0 -0 0 -180 0 180 0 0 1.17638 22.6656 0 -0 0 -180 0 -180 0 180
0 180 0 -180 0 0 0 180 0.335161 -165.061 0 0 0 -0 0 180 0 -180
0 -180 0 180 0 -0 0 -180 0.373907 -160.906 0 -0 0 0 0 -0 0 180
0 180 0 180 0 -0 0 -180 0.335161 -165.061 0 180 0 0 0 0 0 -180
0 -180 0 -180 0 0 0 180 0.373907 -160.906 0 -0 0 -0 0 -0 0 180
0 180 0 -0 0 180 0 180 0.162121 0.930113 0 180 0 -180 0 0 0 -180
0 -0 0 0 0 -180 0 -180 1.17638 22.6656 0 -180 0 180 0 -0 0 180
inside=0 lambda=0.647 phi=45 theta=0
0 0 0 0 0 -180 0.150558 -152.912 0.987274 143.093 0 0 0 0 0 0 0 -180
0 -180 0 -180 0 0 0 180 0 0 0 -180 0 -180 0 -180 0 0
0 0 0 -180 0 0 4.52783e-13 -62.7203 7.14307e-13 -110.852 0 180 0 -180 0 0 0 -180
0 -180 0 0 0 -180 0 -180 0 -180 0 180 0 0 0 -180 0 0
0 180 0 180 0 -0 1.13361e-12 127.013 2.29326e-12 154.243 0 0 0 -0 0 -0 0 180
0 180 0 180 0 -0 0 0 0 0 0 -180 0 -0 0 -0 0 180
0 180 0 -0 0 180 0.110924 -125.498 0.99447 -18.4651 0 180 0 180 0 -0 0 180
0 180 0 -0 0 180 0 -180 0 -0 0 180 0 180 0 -0 0 180
inside=0 lambda=0.647 phi=45 theta=15
0 0 0 0 0 -180 0.109217 -159.684 0.861076 141.628 0 0 0 0 0 0 0 -180
0 -180 0 -180 0 0 0 180 0 0 0 -180 0 -180 0 -180 0 0
0 0 0 -180 0 0 0.0532394 11.8448 0.491033 152.695 0 0 0 -180 0 0 0 -180
0 -180 0 0 0 -180 0 -0 0 180 0 -180 0 0 0 -180 0 0
0 180 0 180 0 -0 0.0514206 -169.295 0.490612 152.494 0 0 0 0 0 0 0 -180
0 -180 0 -180 0 0 0 180 0 180 0 -180 0 -0 0 -0 0 180
0 180 0 -0 0 180 0.0843121 -126.448 0.866096 -17.1956 0 180 0 -180 0 0 0 -180
0 -180 0 0 0 -180 0 -180 0 -0 0 -180 0 180 0 -0 0 180
inside=0 lambda=0.647 phi=45 theta=30
0 0 0 0 0 -180 0.0389351 -161.175 0.514743 134.153 0 0 0 0 0 180 0 -180
0 -180 0 -180 0 0 0 0 0 0 0 -180 0 -180 0 -180 0 0
0 0 0 -180 0 0 0.0506725 -12.1022 0.854393 152.43 0 0 0 -0 0 0 0 -180
0 -180 0 0 0 -180 0 -0 0 180 0 -0 0 0 0 -180 0 0
0 180 0 180 0 -0 0.0475419 174.991 0.852956 152.335 0 0 0 0 0 0 0 -180
0 -180 0 -180 0 0 0 180 0 180 0 -180 0 -0 0 -0 0 180
0 0 0 -0 0 180 0.0456749 -127.858 0.516029 -10.0084 0 180 0 -180 0 0 0 -180
0 -180 0 0 0 -180 0 -180 0 -0 0 -180 0 180 0 -0 0 0
inside=0 lambda=0.647 phi=45 theta=45
0 0 0 0 0 -180 0 -0 0.159586 62.1909 0 0 0 180 0 180 0 -180
0 -180 0 -180 0 180 0 0 0 0 0 -180 0 -180 0 -180 0 0
0 180 0 -180 0 0 0 0 0.987184 152.191 0 0 0 -0 0 0 0 -180
0 -180 0 0 0 -0 0 -180 0 180 0 -0 0 0 0 -180 0 0
0 180 0 0 0 -0 0 -180 0.987184 152.191 0 0 0 0 0 0 0 -180
0 -180 0 -180 0 0 0 0 0 180 0 -180 0 -0 0 -0 0 0
0 0 0 -0 0 180 0 0 0.159586 62.1909 0 180 0 -180 0 0 0 -180
0 -180 0 0 0 -180 0 -180 0 0 0 -180 0 180 0 -180 0 0
inside=1 lambda=0.647 phi=0 theta=0
0 -180 0 -180 0 -180 0 0 0.157047 -82.0013 0 0 0 -180 0 -180 0 -180
0 -180 0 -180 0 -180 0 0 0.818285 53.2684 0 0 0 -180 0 -180 0 -180
0 -180 0 -0 0 0 0 180 1.02318e-12 46.2797 0 180 0 0 0 -0 0 -180
0 -180 0 -0 0 0 0 -180 8.357e-13 19.6857 0 180 0 0 0 -0 0 -180
0 -180 0 -0 0 0 0 -0 2.1432e-13 30.7153 0 -0 0 0 0 -180 0 -180
0 -180 0 -180 0 0 0 -180 2.19586e-13 138.545 0 -180 0 0 0 -180 0 -180
0 -180 0 0 0 -180 0 -180 0.157047 -82.0013 0 -180 0 -180 0 0 0 -180
0 -180 0 0 0 -180 0 -180 0.818285 53.2684 0 -180 0 -180 0 0 0 -180
inside=1 lambda=0.647 phi=0 theta=15
0 -180 0 -180 0 -180 0 0 0.157047 -82.0013 0 0 0 -180 0 -180 0 -180
0 -180 0 -180 0 -180 0 0 0.818285 53.2684 0 0 0 -180 0 -180 0 -180
0 -180 0 -0 0 0 0 180 1.02318e-12 46.2797 0 180 0 0 0 -0 0 -180
0 -180 0 -0 0 0 0 -180 8.357e-13 19.6857 0 180 0 0 0 -0 0 -180
0 -180 0 -0 0 0 0 -0 2.1432e-13 30.7153 0 -0 0 0 0 -180 0 -180
0 -180 0 -180 0 0 0 -180 2.19586e-13 138.545 0 -180 0 0 0 -180 0 -180
0 -180 0 0 0 -180 0 -180 0.157047 -82.0013 0 -180 0 -180 0 0 0 -180
0 -180 0 0 0 -180 0 -180 0.818285 53.2684 0 -180 0 -180 0 0 0 -180
inside=1 lambda=0.647 phi=0 theta=30
0 -180 0 -180 0 -180 0 0 0.157047 -82.0013 0 0 0 -180 0 -180 0 -180
0 -180 0 -180 0 -180 0 0 0.818285 53.2684 0 0 0 -180 0 -180 0 -180
0 -180 0 -0 0 0 0 180 1.02318e-12 46.2797 0 180 0 0 0 -0 0 -180
0 -180 0 -0 0 0 0 -180 8.357e-13 19.6857 0 180 0 0 0 -0 0 -180
0 -180 0 -0 0 0 0 -0 2.1432e-13 30.7153 0 -0 0 0 0 -180 0 -180
0 -180 0 -180 0 0 0 -180 2.19586e-13 138.545 0 -180 0 0 0 -180 0 -180
0 -180 0 0 0 -180 0 -180 0.157047 -82.0013 0 -180 0 -180 0 0 0 -180
0 -180 0 0 0 -180 0 -180 0.818285 53.2684 0 -180 0 -180 0 0 0 -180
inside=1 lambda=0.647 phi=0 theta=45
0 -180 0 -180 0 -180 0 0 0.157047 -82.0013 0 0 0 -180 0 -180 0 -180
0 -180 0 -180 0 -180 0 0 0.818285 53.2684 0 0 0 -180 0 -180 0 -180
0 -180 0 -0 0 0 0 180 1.02318e-12 46.2797 0 180 0 0 0 -0 0 -180
0 -180 0 -0 0 0 0 -180 8.357e-13 19.6857 0 180 0 0 0 -0 0 -180
0 -180 0 -0 0 0 0 -0 2.1432e-13 30.7153 0 -0 0 0 0 -180 0 -180
0 -180 0 -180 0 0 0 -180 2.19586e-13 138.545 0 -180 0 0 0 -180 0 -180
0 -180 0 0 0 -180 0 -180 0.157047 -82.0013 0 -180 0 -180 0 0 0 -180
0 -180 0 0 0 -180 0 -180 0.818285 53.2684 0 -180 0 -180 0 0 0 -180
inside=1 lambda=0.647 phi=5 theta=0
0 180 0 -180 0 -180 0 0 0.156439 -82.3429 0 0 0 180 0 -180 0 -180
0 -180 0 -180 0 -180 0 0 0.819192 53.0882 0 0 0 -180 0 -180 0 -180
0 -180 0 -0 0 0 0 -0 2.85824e-13 -17.8125 0 -0 0 0 0 180 0 -180
0 -180 0 180 0 0 0 -0 2.14038e-13 156.037 0 -180 0 0 0 -0 0 -180
0 -180 0 -180 0 0 0 -0 1.60573e-13 -28.2882 0 180 0 0 0 0 0 -180
0 -180 0 -180 0 0 0 -0 2.97568e-13 142.203 0 0 0 0 0 0 0 -180
0 -180 0 0 0 -180 0 -180 0.15797 -82.4027 0 -180 0 -180 0 0 0 -180
0 -180 0 0 0 -180 0 -180 0.817337 53.0815 0 -180 0 -180 0 0 0 -180
inside=1 lambda=0.647 phi=5 theta=15
0 180 0 -180 0 -180 0 0 0.156541 -82.3469 0 0 0 180 0 -180 0 -180
0 -180 0 -180 0 -180 0 0 0.819067 53.0877 0 0 0 -180 0 -180 0 -180
0 -180 0 -0 0 0 0 -180 0.000387548 91.7813 0 0 0 0 0 180 0 -180
0 -180 0 180 0 0 0 -180 0.000464691 56.3656 0 0 0 0 0 -0 0 -180
0 -180 0 -180 0 0 0 -0 0.000387531 91.7796 0 180 0 0 0 0 0 -180
0 -180 0 -180 0 0 0 180 0.000464677 56.3638 0 -0 0 0 0 0 0 -180
0 -180 0 0 0 -180 0 -180 0.157868 -82.3987 0 -180 0 -180 0 0 0 -180
0 -180 0 0 0 -180 0 -180 0.817462 53.0819 0 -180 0 -180 0 0 0 -180
inside=1 lambda=0.647 phi=5 theta=30
0 180 0 -180 0 -180 0 0 0.156822 -82.3579 0 0 0 180 0 -180 0 -180
0 -180 0 -180 0 -180 0 0 0.818728 53.0865 0 0 0 -180 0 -180 0 -180
0 -180 0 -0 0 0 0 -180 0.000671247 91.7809 0 0 0 0 0 180 0 -180
0 -180 0 180 0 0 0 -180 0.000804863 56.3652 0 0 0 0 0 -0 0 -180
0 -180 0 -180 0 0 0 -0 0.00067123 91.7799 0 180 0 0 0 0 0 -180
0 -180 0 -180 0 0 0 180 0.000804849 56.3641 0 -0 0 0 0 0 0 -180
0 -180 0 0 0 -180 0 -180 0.157587 -82.3878 0 -180 0 -180 0 0 0 -180
0 -180 0 0 0 -180 0 -180 0.817801 53.0832 0 -180 0 -180 0 0 0 -180
inside=1 lambda=0.647 phi=5 theta=45
0 -180 0 -180 0 -180 0 0 0.157205 -82.3729 0 0 0 -180 0 -180 0 -180
0 -180 0 -180 0 -180 0 0 0.818265 53.0848 0 0 0 -180 0 -180 0 -180
0 -180 0 -0 0 0 0 -180 0.000775079 91.7804 0 0 0 0 0 180 0 -180
0 -180 0 180 0 0 0 -180 0.000929368 56.3647 0 0 0 0 0 -0 0 -180
0 -180 0 -180 0 0 0 -0 0.000775079 91.7804 0 180 0 0 0 0 0 -180
0 -180 0 -180 0 0 0 180 0.000929368 56.3647 0 -0 0 0 0 0 0 -180
0 -180 0 0 0 -180 0 -180 0.157205 -82.3729 0 -180 0 -180 0 0 0 -180
0 -180 0 0 0 -180 0 -180 0.818265 53.0848 0 -180 0 -180 0 0 0 -180
inside=1 lambda=0.647 phi=10 theta=0
0 180 0 -180 0 -180 0 -0 0.154573 -83.3574 0 0 0 180 0 -180 0 -180
0 -180 0 -180 0 -180 0 0 0.821952 52.5495 0 0 0 -180 0 -180 0 -180
0 180 0 -0 0 0 0 -0 4.37433e-14 144.13 0 -0 0 -0 0 180 0 -180
0 -180 0 180 0 0 0 180 1.66391e-14 18.2286 0 -180 0 0 0 -0 0 -180
0 -180 0 -180 0 0 0 180 1.75327e-13 16.0308 0 -0 0 0 0 0 0 -180
0 -180 0 -180 0 0 0 180 1.56527e-13 -57.359 0 -0 0 0 0 0 0 -180
0 -180 0 0 0 -180 0 -180 0.160775 -83.602 0 -180 0 -180 0 0 0 -180
0 -180 0 0 0 -180 0 -180 0.814461 52.5225 0 -180 0 -180 0 0 0 -180
inside=1 lambda=0.647 phi=10 theta=15
0 180 0 -180 0 -180 0 -0 0.154988 -83.3743 0 0 0 180 0 -180 0 -180
0 -180 0 -180 0 -180 0 0 0.82145 52.5477 0 0 0 -180 0 -180 0 -180
0 180 0 -0 0 0 0 -180 0.00156957 90.5883 0 0 0 -0 0 180 0 -180
0 -180 0 180 0 0 0 -180 0.00187721 55.829 0 0 0 0 0 -0 0 -180
0 -180 0 -180 0 0 0 -0 0.00156931 90.5815 0 180 0 0 0 0 0 -180
0 -180 0 -180 0 0 0 180 0.00187698 55.8214 0 -0 0 0 0 0 0 -180
0 -180 0 0 0 -180 0 -180 0.160359 -83.5861 0 -180 0 -180 0 0 0 -180
0 -180 0 0 0 -180 0 -180 0.814963 52.5243 0 -180 0 -180 0 0 0 -180
inside=1 lambda=0.647 phi=10 theta=30
0 180 0 -180 0 -180 0 -0 0.156123 -83.4202 0 0 0 180 0 -180 0 -180
0 -180 0 -180 0 -180 0 0 0.820079 52.5428 0 0 0 -180 0 -180 0 -180
0 180 0 -0 0 0 0 -180 0.00271848 90.5869 0 0 0 -0 0 180 0 -180
0 -180 0 180 0 0 0 -180 0.00325134 55.8273 0 0 0 0 0 -0 0 -180
0 -180 0 -180 0 -0 0 -0 0.00271821 90.583 0 180 0 0 0 0 0 -180
0 -180 0 -180 0 0 0 180 0.00325111 55.8229 0 -0 0 0 0 0 0 -180
0 180 0 0 0 180 0 -180 0.159224 -83.5425 0 -180 0 -180 0 0 0 -180
0 -180 0 0 0 -180 0 -180 0.816334 52.5292 0 -180 0 -180 0 0 0 -180
inside=1 lambda=0.647 phi=10 theta=45
0 180 0 -180 0 -180 0 -0 0.157674 -83.4819 0 0 0 180 0 -180 0 -180
0 -180 0 -180 0 -180 0 0 0.818206 52.536 0 0 0 -180 0 -180 0 -180
0 180 0 -0 0 0 0 -180 0.00313887 90.585 0 0 0 -0 0 180 0 -180
0 -180 0 180 0 0 0 -180 0.00375419 55.825 0 0 0 0 0 -0 0 -180
0 180 0 -180 0 -0 0 -0 0.00313887 90.585 0 180 0 0 0 0 0 -180
0 -180 0 -180 0 0 0 180 0.00375419 55.825 0 -0 0 0 0 0 0 -180
0 180 0 -0 0 180 0 -180 0.157674 -83.4819 0 -180 0 -180 0 0 0 -180
0 -180 0 0 0 -180 0 -180 0.818206 52.536 0 -180 0 -180 0 0 0 -180
inside=1 lambda=0.647 phi=15 theta=0
0 180 0 -180 0 -180 0 -0 0.151328 -85.0131 0 0 0 180 0 -180 0 -180
0 -180 0 -180 0 -180 0 0 0.826688 51.6584 0 0 0 -180 0 -180 0 -180
0 180 0 -0 0 0 0 0 2.75764e-13 -35.4949 0 0 0 -0 0 180 0 -180
0 -180 0 180 0 0 0 -0 7.77962e-14 -151.211 0 -0 0 0 0 -0 0 -180
0 -180 0 -180 0 0 0 -0 9.95395e-14 -28.0803 0 -0 0 0 0 0 0 -180
0 -180 0 -180 0 0 0 180 2.03008e-13 149.398 0 0 0 0 0 0 0 -180
0 -180 0 0 0 -180 0 -180 0.165572 -85.5855 0 -180 0 -180 0 0 0 -180
0 -180 0 0 0 -180 0 -180 0.809555 51.596 0 -180 0 -180 0 0 0 -180
inside=1 lambda=0.647 phi=15 theta=15
0 180 0 -180 0 -180 0 -0 0.152282 -85.0546 0 0 0 180 0 -180 0 -180
0 -180 0 -180 0 -180 0 0 0.825541 51.6542 0 0 0 -180 0 -180 0 -180
0 180 0 -0 0 0 0 180 0.00360558 88.6197 0 0 0 -0 0 180 0 -180
0 -180 0 180 0 0 0 -180 0.00429416 54.9391 0 0 0 0 0 -0 0 -180
0 -180 0 -180 0 -0 0 -0 0.00360426 88.6046 0 180 0 0 0 0 0 -180
0 -180 0 -180 0 0 0 180 0.00429301 54.9225 0 -0 0 0 0 0 0 -180
0 -180 0 0 0 180 0 -180 0.164618 -85.5501 0 -180 0 -180 0 0 0 -180
0 -180 0 0 0 -180 0 -180 0.810703 51.6003 0 -180 0 -180 0 0 0 -180
inside=1 lambda=0.647 phi=15 theta=30
0 180 0 -180 0 -180 0 -0 0.154888 -85.1655 0 0 0 180 0 -180 0 -180
0 -180 0 -180 0 -180 0 0 0.822405 51.6429 0 0 0 -180 0 -180 0 -180
0 180 0 -0 0 0 0 180 0.00624458 88.6168 0 0 0 -0 0 180 0 -180
0 -180 0 180 0 0 0 -180 0.00743727 54.935 0 0 0 0 0 -0 0 -180
0 180 0 -180 0 -0 0 -0 0.00624327 88.6081 0 180 0 0 0 0 0 -180
0 -180 0 -180 0 0 0 180 0.00743612 54.9255 0 -0 0 0 0 0 0 -180
0 180 0 -0 0 180 0 -180 0.162011 -85.4513 0 -180 0 -180 0 0 0 -180
0 -180 0 0 0 -180 0 -180 0.813838 51.6118 0 -180 0 -180 0 0 0 -180
inside=1 lambda=0.647 phi=15 theta=45
0 180 0 -180 0 -180 0 -0 0.158449 -85.3114 0 0 0 180 0 -180 0 -180
0 -180 0 -180 0 -180 0 0 0.818121 51.6274 0 0 0 -180 0 -180 0 -180
0 180 0 -0 0 0 0 -180 0.00720988 88.6127 0 0 0 -0 0 180 0 -180
0 -180 0 180 0 0 0 -180 0.00858715 54.93 0 0 0 0 0 -0 0 -180
0 180 0 -180 0 -0 0 -0 0.00720988 88.6127 0 180 0 0 0 0 0 -180
0 -180 0 -180 0 0 0 180 0.00858715 54.93 0 -0 0 0 0 0 0 -180
0 180 0 -0 0 180 0 -180 0.158449 -85.3114 0 -180 0 -180 0 0 0 -180
0 -180 0 0 0 -180 0 -180 0.818121 51.6274 0 -180 0 -180 0 0 0 -180
inside=1 lambda=0.647 phi=20 theta=0
0 180 0 180 0 -180 0 -0 0.146488 -87.2537 0 0 0 180 0 180 0 -180
0 -180 0 -180 0 180 0 0 0.833617 50.4247 0 0 0 -180 0 -180 0 180
0 180 0 -0 0 0 0 0 4.53426e-14 6.01432 0 0 0 -0 0 180 0 -180
0 -180 0 180 0 0 0 0 2.49338e-13 -36.9186 0 0 0 0 0 -0 0 -180
0 -180 0 -180 0 0 0 -180 6.66536e-14 170.051 0 180 0 0 0 0 0 -180
0 -180 0 -180 0 0 0 0 2.27913e-13 30.3732 0 -180 0 0 0 0 0 -180
0 -180 0 0 0 -180 0 -180 0.172552 -88.3306 0 -180 0 -180 0 0 0 -180
0 -180 0 0 0 -180 0 -180 0.802443 50.3102 0 -180 0 -180 0 0 0 -180
inside=1 lambda=0.647 phi=20 theta=15
0 180 0 180 0 -180 0 -0 0.148233 -87.3371 0 0 0 180 0 180 0 -180
0 -180 0 -180 0 180 0 0 0.831529 50.4172 0 0 0 -180 0 -180 0 180
0 180 0 -0 0 0 0 180 0.00659953 85.9042 0 0 0 -0 0 180 0 -180
0 -180 0 180 0 0 0 -180 0.00781428 53.7032 0 0 0 0 0 -0 0 -180
0 180 0 -180 0 -0 0 -0 0.00659538 85.8781 0 180 0 0 0 0 0 -180
0 -180 0 -180 0 0 0 180 0.0078105 53.6744 0 -0 0 0 0 0 0 -180
0 180 0 0 0 180 0 -180 0.170806 -88.2681 0 -180 0 -180 0 0 0 -180
0 -180 0 0 0 -180 0 -180 0.804531 50.3181 0 -180 0 -180 0 0 0 -180
inside=1 lambda=0.647 phi=20 theta=30
0 180 0 180 0 -180 0 -0 0.153001 -87.5556 0 0 0 180 0 180 0 -180
0 -180 0 -180 0 -180 0 0 0.825822 50.3965 0 0 0 -180 0 -180 0 -180
0 180 0 -0 0 0 0 180 0.0114293 85.8997 0 0 0 -0 0 180 0 -180
0 -180 0 180 0 0 0 -180 0.0135333 53.6952 0 0 0 0 0 -0 0 -180
0 180 0 180 0 -0 0 -0 0.0114252 85.8847 0 180 0 0 0 0 0 -180
0 -180 0 -180 0 0 0 180 0.0135295 53.6787 0 -0 0 0 0 0 0 -180
0 180 0 -0 0 180 0 -180 0.166035 -88.0913 0 -180 0 -180 0 0 0 -180
0 -180 0 0 0 -180 0 -180 0.810235 50.3393 0 -180 0 -180 0 0 0 -180
inside=1 lambda=0.647 phi=20 theta=45
0 180 0 -180 0 -180 0 -0 0.159517 -87.8338 0 0 0 180 0 180 0 -180
0 -180 0 -180 0 -180 0 0 0.818028 50.3681 0 0 0 -180 0 -180 0 -180
0 180 0 -0 0 0 0 180 0.0131951 85.8928 0 0 0 -0 0 180 0 -180
0 -180 0 180 0 0 0 -180 0.0156247 53.686 0 0 0 0 0 -0 0 -180
0 180 0 180 0 -0 0 -0 0.0131951 85.8928 0 180 0 0 0 0 0 -180
0 -180 0 -180 0 0 0 180 0.0156247 53.686 0 -0 0 0 0 0 0 -180
0 180 0 -0 0 180 0 -180 0.159517 -87.8338 0 180 0 -180 0 0 0 -180
0 -180 0 0 0 -180 0 -180 0.818028 50.3681 0 -180 0 -180 0 0 0 -180
inside=1 lambda=0.647 phi=25 theta=0
0 180 0 180 0 -180 0 -0 0.139732 -89.9905 0 0 0 180 0 180 0 -180
0 -180 0 -180 0 180 0 0 0.843064 48.8624 0 -0 0 -180 0 -180 0 180
0 180 0 -0 0 0 0 0 7.9269e-14 -12.3282 0 180 0 -0 0 180 0 -180
0 -180 0 180 0 0 0 0 3.17747e-14 115.454 0 180 0 0 0 -0 0 -180
0 -180 0 -180 0 0 0 180 1.34042e-13 139.12 0 -0 0 0 0 0 0 -180
0 -180 0 -180 0 0 0 -0 7.78638e-14 87.5839 0 -0 0 0 0 0 0 -180
0 -180 0 0 0 -180 0 -180 0.181998 -91.8061 0 -180 0 -180 0 0 0 -180
0 -180 0 0 0 -180 0 -180 0.792863 48.6762 0 -180 0 -180 0 0 0 -180
inside=1 lambda=0.647 phi=25 theta=15
0 180 0 180 0 -180 0 -0 0.142559 -90.1445 0 0 0 180 0 180 0 -180
0 -180 0 -180 0 180 0 0 0.8397 48.8503 0 -0 0 -180 0 -180 0 180
0 180 0 -0 0 0 0 180 0.0107072 82.4806 0 0 0 -0 0 180 0 -180
0 -180 0 180 0 0 0 -180 0.0125854 52.1311 0 0 0 0 0 -0 0 -180
0 180 0 -180 0 -0 0 -0 0.010697 82.4411 0 180 0 0 0 0 0 -180
0 -180 0 -180 0 0 0 180 0.0125757 52.0874 0 -0 0 0 0 0 0 -180
0 180 0 -0 0 180 0 -180 0.179165 -91.7097 0 -180 0 -180 0 0 0 -180
0 -180 0 0 0 -180 0 -180 0.796225 48.6891 0 -180 0 -180 0 0 0 -180
inside=1 lambda=0.647 phi=25 theta=30
0 180 0 180 0 -180 0 -0 0.150287 -90.5362 0 0 0 180 0 180 0 -180
0 -180 0 -180 0 180 0 0 0.83051 48.817 0 0 0 -180 0 -180 0 180
0 180 0 -0 0 0 0 180 0.0185421 82.475 0 0 0 -0 0 180 0 -180
0 -180 0 180 0 0 0 -180 0.0217946 52.1172 0 0 0 0 0 -0 0 -180
0 180 0 180 0 -0 0 -0 0.018532 82.4524 0 180 0 0 0 0 0 -180
0 -180 0 -180 0 0 0 180 0.0217851 52.0923 0 -0 0 0 0 0 0 -180
0 180 0 -0 0 180 0 -180 0.171425 -91.4318 0 180 0 -180 0 0 0 -180
0 -180 0 0 0 -180 0 -180 0.80541 48.7239 0 -180 0 -180 0 0 0 -180
inside=1 lambda=0.647 phi=25 theta=45
0 180 0 180 0 -180 0 -0 0.160853 -91.0121 0 0 0 180 0 180 0 -180
0 -180 0 -180 0 180 0 0 0.817959 48.7709 0 0 0 -180 0 -180 0 180
0 180 0 -0 0 0 0 180 0.021405 82.4651 0 0 0 -0 0 180 0 -180
0 -180 0 180 0 0 0 -180 0.0251606 52.1026 0 0 0 0 0 -0 0 -180
0 180 0 180 0 -0 0 -0 0.021405 82.4651 0 180 0 0 0 0 0 -180
0 -180 0 -180 0 0 0 180 0.0251606 52.1026 0 -0 0 0 0 0 0 -180
0 180 0 -0 0 180 0 180 0.160853 -91.0121 0 180 0 -180 0 0 0 -180
0 -180 0 0 0 -180 0 -180 0.817959 48.7709 0 -180 0 180 0 0 0 180
inside=1 lambda=0.647 phi=30 theta=0
0 180 0 180 0 -180 0 -0 0.130608 -93.0845 0 0 0 180 0 180 0 -180
0 -0 0 -180 0 180 0 0 0.855489 46.9892 0 -0 0 -0 0 -180 0 180
0 180 0 -0 0 0 0 -180 2.60188e-13 177.706 0 -180 0 -0 0 180 0 -180
0 -180 0 180 0 -0 0 -180 1.6487e-13 -177.309 0 -180 0 0 0 -0 0 180
0 -180 0 -180 0 0 0 -0 7.69885e-14 88.2669 0 -180 0 0 0 0 0 -180
0 -180 0 -180 0 0 0 -180 1.07478e-13 6.55247 0 -180 0 0 0 0 0 -180
0 -180 0 0 0 -180 0 -180 0.194297 -95.9734 0 -180 0 -180 0 0 0 -180
0 -180 0 0 0 -180 0 -180 0.780456 46.7082 0 -180 0 -180 0 0 0 -180
inside=1 lambda=0.647 phi=30 theta=15
0 180 0 180 0 -180 0 -0 0.13486 -93.3608 0 0 0 180 0 180 0 -180
0 -0 0 -180 0 180 0 0 0.85046 46.9712 0 -0 0 -0 0 -180 0 180
0 180 0 -0 0 0 0 180 0.0161471 78.396 0 0 0 -0 0 180 0 -180
0 -180 0 180 0 -0 0 -180 0.0188151 50.2361 0 -0 0 0 0 -0 0 180
0 180 0 180 0 -0 0 -0 0.0161257 78.3415 0 180 0 0 0 0 0 -180
0 -180 0 -180 0 0 0 180 0.0187935 50.1751 0 -0 0 0 0 0 0 -180
0 180 0 -0 0 180 0 -180 0.190026 -95.8372 0 -180 0 -180 0 0 0 -180
0 -180 0 0 0 -180 0 -180 0.78548 46.7279 0 -180 0 -180 0 0 0 -180
inside=1 lambda=0.647 phi=30 theta=30
0 180 0 180 0 -180 0 -0 0.146494 -94.0345 0 0 0 180 0 180 0 -180
0 -180 0 -180 0 180 0 0 0.836724 46.9214 0 -0 0 -0 0 -180 0 180
0 180 0 -0 0 0 0 180 0.027961 78.3905 0 0 0 -0 0 180 0 -180
0 -180 0 180 0 -0 0 -180 0.0325794 50.2133 0 -0 0 0 0 -0 0 180
0 180 0 180 0 -0 0 -0 0.0279401 78.3598 0 180 0 0 0 0 0 -180
0 -180 0 -180 0 0 0 180 0.0325587 50.1789 0 -0 0 0 0 0 0 -180
0 180 0 -0 0 180 0 -180 0.178356 -95.4356 0 180 0 -180 0 0 0 -180
0 -180 0 0 0 -180 0 -180 0.799207 46.7811 0 -180 0 180 0 0 0 -180
inside=1 lambda=0.647 phi=30 theta=45
0 180 0 180 0 -180 0 -0 0.162416 -94.8012 0 0 0 180 0 180 0 -180
0 -180 0 -180 0 180 0 0 0.817963 46.8522 0 -0 0 -180 0 -180 0 180
0 180 0 -0 0 0 0 180 0.0322753 78.3782 0 0 0 -0 0 180 0 -180
0 -180 0 180 0 0 0 -180 0.037607 50.1916 0 0 0 0 0 -0 0 -180
0 180 0 180 0 -0 0 -0 0.0322753 78.3782 0 180 0 0 0 0 0 -180
0 -180 0 -180 0 0 0 180 0.037607 50.1916 0 -0 0 0 0 0 0 -180
0 180 0 -0 0 180 0 180 0.162416 -94.8012 0 180 0 -180 0 0 0 -180
0 -180 0 0 0 -180 0 -180 0.817963 46.8522 0 -180 0 180 0 -0 0 180
inside=1 lambda=0.647 phi=35 theta=0
0 180 0 180 0 -180 0 -0 0.118514 -96.302 0 0 0 180 0 180 0 -180
0 -0 0 -180 0 180 0 0 0.871526 44.827 0 -0 0 -0 0 -180 0 180
0 180 0 -0 0 0 0 0 1.37682e-13 18.921 0 -180 0 -0 0 180 0 -180
0 -180 0 180 0 -0 0 -0 9.37908e-14 71.3209 0 -180 0 0 0 -0 0 180
0 -180 0 -180 0 0 0 -0 8.57147e-14 -51.1416 0 -0 0 0 0 0 0 -180
0 -180 0 -180 0 0 0 180 9.37865e-15 90.4143 0 -180 0 0 0 0 0 -180
0 -180 0 0 0 -180 0 -180 0.209964 -100.788 0 -180 0 -180 0 0 0 -180
0 -180 0 0 0 -180 0 -180 0.764738 44.4238 0 -180 0 -180 0 0 0 -180
inside=1 lambda=0.647 phi=35 theta=15
0 180 0 180 0 -180 0 -0 0.124596 -96.804 0 0 0 180 0 180 0 -180
0 -0 0 -180 0 180 0 0 0.864368 44.8013 0 -0 0 -0 0 -180 0 180
0 180 0 -0 0 0 0 180 0.0232162 73.704 0 0 0 -0 0 180 0 -180
0 -180 0 180 0 -0 0 -180 0.0267862 48.0351 0 -0 0 0 0 -0 0 180
0 180 0 180 0 -0 0 -0 0.0231749 73.6333 0 180 0 0 0 0 0 -180
0 -180 0 -180 0 0 0 180 0.0267422 47.9546 0 -0 0 0 0 0 0 -180
0 180 0 -0 0 180 0 -180 0.203827 -100.606 0 180 0 -180 0 0 0 -180
0 -180 0 0 0 -180 0 -180 0.771887 44.4526 0 -180 0 -180 0 0 0 -180
inside=1 lambda=0.647 phi=35 theta=30
0 180 0 180 0 -180 0 -0 0.141272 -97.9546 0 0 0 180 0 180 0 -180
0 -180 0 -180 0 180 0 0 0.844817 44.7307 0 -0 0 -0 0 -180 0 180
0 180 0 -0 0 0 0 180 0.0401996 73.7015 0 0 0 -0 0 180 0 -180
0 -180 0 180 0 -0 0 -180 0.0463744 47.9988 0 -0 0 0 0 -0 0 180
0 180 0 180 0 -0 0 -0 0.0401604 73.6624 0 180 0 0 0 0 0 -180
0 -180 0 -180 0 0 0 180 0.0463339 47.9543 0 -0 0 0 0 0 0 -180
0 180 0 -0 0 180 0 -180 0.18705 -100.061 0 180 0 -180 0 0 0 -180
0 -180 0 0 0 -180 0 -180 0.791423 44.5299 0 -180 0 180 0 -0 0 180
inside=1 lambda=0.647 phi=35 theta=45
0 180 0 180 0 -180 0 -0 0.164138 -99.1501 0 0 0 180 0 180 0 -180
0 -180 0 -180 0 180 0 0 0.818116 44.6321 0 -0 0 -0 0 -180 0 180
0 180 0 -0 0 0 0 180 0.046398 73.6878 0 0 0 -0 0 180 0 -180
0 -180 0 180 0 -0 0 -180 0.0535237 47.9682 0 -0 0 0 0 -0 0 180
0 180 0 180 0 -0 0 -0 0.046398 73.6878 0 180 0 0 0 0 0 -180
0 -180 0 -180 0 0 0 180 0.0535237 47.9682 0 -0 0 -0 0 -0 0 180
0 180 0 -0 0 180 0 180 0.164138 -99.1501 0 180 0 -180 0 0 0 -180
0 -180 0 0 0 -0 0 -180 0.818116 44.6321 0 -180 0 180 0 -0 0 180
inside=1 lambda=0.647 phi=40 theta=0
0 180 0 180 0 -180 0 -0 0.102687 -99.1912 0 0 0 180 0 180 0 -180
0 -0 0 -180 0 180 0 0 0.892038 42.4026 0 -0 0 -0 0 -180 0 180
0 180 0 -0 0 0 0 -0 1.08767e-13 120.881 0 0 0 -0 0 180 0 -180
0 -180 0 180 0 -0 0 0 2.07434e-13 -55.2007 0 0 0 0 0 -0 0 180
0 -180 0 -180 0 -0 0 -0 1.4718e-13 140.502 0 180 0 0 0 0 0 180
0 -180 0 -180 0 0 0 180 1.88195e-13 -59.1965 0 180 0 0 0 0 0 -180
0 -180 0 0 0 180 0 -180 0.229662 -106.2 0 -180 0 -180 0 0 0 180
0 -180 0 0 0 -180 0 -180 0.745081 41.8446 0 -180 0 -180 0 0 0 -180
inside=1 lambda=0.647 phi=40 theta=15
0 180 0 180 0 -180 0 -0 0.111063 -100.154 0 0 0 180 0 180 0 -180
0 -0 0 -180 0 180 0 0 0.882186 42.3663 0 -0 0 -0 0 -180 0 180
0 180 0 -0 0 0 0 180 0.0323106 68.4615 0 0 0 -0 0 180 0 -180
0 -180 0 180 0 -0 0 -180 0.0368798 45.55 0 -0 0 0 0 -0 0 180
0 180 0 180 0 -0 0 -0 0.0322345 68.3741 0 180 0 0 0 0 0 -180
0 -180 0 -180 0 0 0 180 0.0367929 45.4476 0 -0 0 0 0 0 0 -180
0 180 0 -0 0 180 0 -180 0.221132 -105.969 0 180 0 -180 0 0 0 -180
0 -180 0 0 0 -180 0 -180 0.754917 41.8846 0 -180 0 180 0 0 0 -180
inside=1 lambda=0.647 phi=40 theta=30
0 180 0 180 0 -180 0 -0 0.134145 -102.165 0 0 0 180 0 180 0 -180
0 -0 0 -180 0 180 0 0 0.855277 42.2695 0 -0 0 -0 0 -180 0 180
0 180 0 -0 0 0 0 180 0.0559429 68.4678 0 0 0 -0 0 180 0 -180
0 -180 0 180 0 -0 0 -180 0.0638313 45.492 0 -0 0 0 0 -0 0 180
0 180 0 180 0 -0 0 -0 0.055874 68.4209 0 180 0 0 0 0 0 -180
0 -180 0 -180 0 0 0 180 0.0637573 45.4372 0 -0 0 -0 0 -0 0 180
0 180 0 -0 0 180 0 180 0.197791 -105.261 0 180 0 -180 0 0 0 -180
0 -180 0 0 0 -180 0 -180 0.781798 41.993 0 -180 0 180 0 -0 0 180
inside=1 lambda=0.647 phi=40 theta=45
0 180 0 180 0 -180 0 -0 0.165912 -104.004 0 0 0 180 0 180 0 -180
0 -180 0 -180 0 180 0 0 0.818531 42.1347 0 -0 0 -0 0 -180 0 180
0 180 0 -0 0 0 0 180 0.0645621 68.4547 0 0 0 -0 0 180 0 -180
0 -180 0 180 0 -0 0 -180 0.0736596 45.4505 0 -0 0 0 0 -0 0 180
0 180 0 180 0 -0 0 -0 0.0645621 68.4547 0 180 0 0 0 0 0 -180
0 -180 0 -180 0 0 0 180 0.0736596 45.4505 0 -0 0 -0 0 -0 0 180
0 180 0 -0 0 180 0 180 0.165912 -104.004 0 180 0 -180 0 0 0 -180
0 -180 0 0 0 -0 0 -180 0.818531 42.1347 0 -180 0 180 0 -0 0 180
inside=1 lambda=0.647 phi=45 theta=0
0 180 0 180 0 -180 0 -0 0.082466 -100.552 0 0 0 180 0 180 0 -180
0 -0 0 -180 0 180 0.00588486 -6.94975 0.918007 39.7576 0 -0 0 -0 0 -180 0 180
0 180 0 -0 0 0 0 0 2.4138e-13 173.657 0 180 0 -0 0 180 0 -180
0 -180 0 180 0 -0 1.74378e-13 10.6251 9.57971e-14 -167.329 0 180 0 0 0 -0 0 180
0 -180 0 -180 0 -0 0 180 1.33006e-13 153.331 0 180 0 0 0 0 0 180
0 -180 0 -180 0 0 3.73269e-15 -63.9304 1.19957e-13 -50.2472 0 180 0 0 0 0 0 -180
0 -180 0 0 0 180 0 -180 0.25426 -112.205 0 180 0 -180 0 0 0 180
0 -180 0 0 0 -180 0.0375375 -158.307 0.720558 39.0076 0 -180 0 -180 0 0 0 -180
inside=1 lambda=0.647 phi=45 theta=15
0 180 0 180 0 -180 0 -0 0.0934117 -102.735 0 0 0 180 0 180 0 -180
0 -0 0 -180 0 180 0 0 0.904943 39.698 0 -0 0 -0 0 -180 0 180
0 180 0 -0 0 0 0 180 0.0439556 62.7212 0 0 0 -0 0 180 0 -180
0 -180 0 180 0 -0 0 -180 0.0496126 42.8142 0 -0 0 0 0 -0 0 180
0 180 0 180 0 -0 0 -0 0.0438119 62.6173 0 0 0 0 0 0 0 -180
0 -180 0 -180 0 0 0 180 0.049433 42.6854 0 -0 0 0 0 0 0 -180
0 180 0 -0 0 180 0 -180 0.242651 -111.877 0 180 0 -180 0 0 0 -180
0 -180 0 0 0 -180 0 -180 0.733892 39.0511 0 -180 0 180 0 -0 0 180
inside=1 lambda=0.647 phi=45 theta=30
0 180 0 180 0 -180 0 -0 0.124468 -106.471 0 0 0 180 0 180 0 -180
0 -0 0 -180 0 180 0 0 0.868774 39.5664 0 -0 0 -0 0 -180 0 180
0 180 0 -0 0 0 0 180 0.0760963 62.7522 0 0 0 -0 0 180 0 -180
0 -180 0 180 0 -0 0 -180 0.085816 42.7151 0 -0 0 0 0 -0 0 180
0 180 0 180 0 -0 0 -0 0.07598 62.6986 0 0 0 0 0 0 0 -180
0 -180 0 -180 0 0 0 180 0.0856872 42.65 0 -0 0 -0 0 -0 0 180
0 180 0 -0 0 180 0 180 0.210927 -110.991 0 180 0 -180 0 0 0 -180
0 -180 0 0 0 -0 0 -180 0.770012 39.1969 0 -180 0 180 0 -0 0 180
inside=1 lambda=0.647 phi=45 theta=45
0 180 0 180 0 -180 0 -0 0.167573 -109.306 0 0 0 180 0 180 0 -180
0 -180 0 -180 0 180 0 0 0.819382 39.3877 0 -0 0 -0 0 -180 0 180
0 180 0 -0 0 0 0 180 0.0878104 62.7426 0 0 0 -0 0 180 0 -180
0 -180 0 180 0 -0 0 -180 0.0990088 42.6599 0 -0 0 0 0 -0 0 180
0 180 0 180 0 -0 0 -0 0.0878104 62.7426 0 180 0 0 0 0 0 -180
0 -180 0 -180 0 0 0 180 0.0990088 42.6599 0 -0 0 -0 0 -0 0 180
0 180 0 -0 0 180 0 180 0.167573 -109.306 0 180 0 -180 0 0 0 -180
0 -180 0 0 0 -0 0 -180 0.819382 39.3877 0 -180 0 180 0 -0 0 180
