RSoft_BSDF_File_Version 2
1 0 5 2 1 1.09714
0.3 0.3
-1 1
-1 1
1 0.647 0.647
10 0 45 0.5
4 0 45
Begin_Dispersion_Data
0.647 1.45662 0 1 0 0
End_Dispersion_Data
inside=0 lambda=0.647 phi=0 theta=0
0 -180 0 -180 0 -180 0 0 0.143152 -2.38203 0 0 0 -180 0 -180 0 -180
0 0 0 0 0 0 0 -180 1.19447 -80.6674 0 -180 0 0 0 0 0 0
0 -180 0 0 0 0 0 -0 7.42514e-13 -155.527 0 -0 0 0 0 0 0 -180
0 0 0 -180 0 -180 0 0 2.43553e-12 -149.423 0 0 0 -180 0 -180 0 0
0 -180 0 -180 0 0 0 0 4.35339e-13 169.738 0 0 0 0 0 -180 0 -180
0 0 0 -180 0 -180 0 -0 2.20696e-12 -157.924 0 180 0 -180 0 -180 0 0
0 -180 0 0 0 -180 0 -180 0.143152 -2.38203 0 -180 0 -180 0 0 0 -180
0 0 0 -180 0 0 0 0 1.19447 -80.6674 0 0 0 0 0 -180 0 0
inside=0 lambda=0.647 phi=0 theta=15
0 -180 0 -180 0 -180 0 0 0.143152 -2.38203 0 0 0 -180 0 -180 0 -180
0 0 0 0 0 0 0 -180 1.19447 -80.6674 0 -180 0 0 0 0 0 0
0 -180 0 0 0 0 0 -0 7.42514e-13 -155.527 0 -0 0 0 0 0 0 -180
0 0 0 -180 0 -180 0 0 2.43553e-12 -149.423 0 0 0 -180 0 -180 0 0
0 -180 0 -180 0 0 0 0 4.35339e-13 169.738 0 0 0 0 0 -180 0 -180
0 0 0 -180 0 -180 0 -0 2.20696e-12 -157.924 0 180 0 -180 0 -180 0 0
0 -180 0 0 0 -180 0 -180 0.143152 -2.38203 0 -180 0 -180 0 0 0 -180
0 0 0 -180 0 0 0 0 1.19447 -80.6674 0 0 0 0 0 -180 0 0
inside=0 lambda=0.647 phi=0 theta=30
0 -180 0 -180 0 -180 0 0 0.143152 -2.38203 0 0 0 -180 0 -180 0 -180
0 0 0 0 0 0 0 -180 1.19447 -80.6674 0 -180 0 0 0 0 0 0
0 -180 0 0 0 0 0 -0 7.42514e-13 -155.527 0 -0 0 0 0 0 0 -180
0 0 0 -180 0 -180 0 0 2.43553e-12 -149.423 0 0 0 -180 0 -180 0 0
0 -180 0 -180 0 0 0 0 4.35339e-13 169.738 0 0 0 0 0 -180 0 -180
0 0 0 -180 0 -180 0 -0 2.20696e-12 -157.924 0 180 0 -180 0 -180 0 0
0 -180 0 0 0 -180 0 -180 0.143152 -2.38203 0 -180 0 -180 0 0 0 -180
0 0 0 -180 0 0 0 0 1.19447 -80.6674 0 0 0 0 0 -180 0 0
inside=0 lambda=0.647 phi=0 theta=45
0 -180 0 -180 0 -180 0 0 0.143152 -2.38203 0 0 0 -180 0 -180 0 -180
0 0 0 0 0 0 0 -180 1.19447 -80.6674 0 -180 0 0 0 0 0 0
0 -180 0 0 0 0 0 -0 7.42514e-13 -155.527 0 -0 0 0 0 0 0 -180
0 0 0 -180 0 -180 0 0 2.43553e-12 -149.423 0 0 0 -180 0 -180 0 0
0 -180 0 -180 0 0 0 0 4.35339e-13 169.738 0 0 0 0 0 -180 0 -180
0 0 0 -180 0 -180 0 -0 2.20696e-12 -157.924 0 180 0 -180 0 -180 0 0
0 -180 0 0 0 -180 0 -180 0.143152 -2.38203 0 -180 0 -180 0 0 0 -180
0 0 0 -180 0 0 0 0 1.19447 -80.6674 0 0 0 0 0 -180 0 0
inside=0 lambda=0.647 phi=5 theta=0
0 -180 0 -180 0 -180 0 0 0.140726 -1.03842 0 0 0 -180 0 -180 0 -180
0 0 0 0 0 0 0 -180 1.19232 -85.2827 0 -180 0 0 0 0 0 0
0 -180 0 -0 0 0 0 180 1.93119e-13 -75.8792 0 -180 0 0 0 180 0 -180
0 0 0 -0 0 -180 0 180 2.52738e-12 179.102 0 -180 0 -180 0 180 0 0
0 -180 0 -180 0 0 0 -180 6.86895e-13 157.927 0 0 0 0 0 0 0 -180
0 0 0 0 0 -180 0 -0 2.75123e-12 -161.726 0 0 0 -180 0 -180 0 0
0 -180 0 0 0 -180 0 -180 0.143234 -1.02496 0 -180 0 -180 0 0 0 -180
0 0 0 -180 0 0 0 0 1.19704 -85.4139 0 0 0 0 0 -180 0 0
inside=0 lambda=0.647 phi=5 theta=15
0 -180 0 -180 0 -180 0 0 0.140895 -1.03749 0 0 0 -180 0 -180 0 -180
0 0 0 0 0 0 0 -180 1.19264 -85.2916 0 -180 0 0 0 0 0 0
0 -180 0 -0 0 0 0 -180 0.000639251 -179.661 0 0 0 0 0 180 0 -180
0 0 0 -0 0 -180 0 0 0.00145729 58.5302 0 -180 0 -180 0 180 0 0
0 -180 0 -180 0 0 0 -0 0.00063917 -179.665 0 180 0 0 0 0 0 -180
0 0 0 0 0 -180 0 -0 0.0014561 58.5874 0 180 0 -180 0 -180 0 0
0 -180 0 0 0 -180 0 -180 0.143066 -1.02584 0 -180 0 -180 0 0 0 -180
0 0 0 -180 0 0 0 0 1.19672 -85.4051 0 0 0 0 0 -180 0 0
inside=0 lambda=0.647 phi=5 theta=30
0 -180 0 -180 0 -180 0 0 0.141354 -1.03499 0 0 0 -180 0 -180 0 -180
0 0 0 0 0 0 0 -180 1.1935 -85.3157 0 -180 0 0 0 0 0 0
0 -180 0 -0 0 0 0 -180 0.00110719 -179.662 0 0 0 0 0 180 0 -180
0 0 0 -0 0 -180 0 0 0.00252366 58.5425 0 -180 0 -180 0 180 0 0
0 -180 0 -180 0 0 0 -0 0.00110711 -179.664 0 180 0 0 0 0 0 -180
0 0 0 0 0 -180 0 -0 0.00252247 58.5755 0 180 0 -180 0 -180 0 0
0 -180 0 0 0 -180 0 -180 0.142608 -1.02826 0 -180 0 -180 0 0 0 -180
0 0 0 -180 0 0 0 0 1.19586 -85.3812 0 0 0 0 0 -180 0 0
inside=0 lambda=0.647 phi=5 theta=45
0 -180 0 -180 0 -180 0 0 0.141981 -1.0316 0 0 0 -180 0 -180 0 -180
0 0 0 0 0 0 0 -180 1.19468 -85.3485 0 -180 0 0 0 0 0 0
0 -180 0 -0 0 0 0 -180 0.00127842 -179.663 0 0 0 0 0 180 0 -180
0 0 0 -0 0 -180 0 0 0.00291338 58.5591 0 -180 0 -180 0 180 0 0
0 -180 0 -180 0 0 0 -0 0.00127842 -179.663 0 180 0 0 0 0 0 -180
0 0 0 0 0 -180 0 -0 0.00291338 58.5591 0 180 0 -180 0 -180 0 0
0 -180 0 0 0 -180 0 -180 0.141981 -1.0316 0 -180 0 -180 0 0 0 -180
0 0 0 -180 0 0 0 0 1.19468 -85.3485 0 0 0 0 0 -180 0 0
inside=0 lambda=0.647 phi=10 theta=0
0 180 0 -180 0 -180 0 0 0.136905 3.07194 0 0 0 180 0 -180 0 -180
0 0 0 0 0 0 0 -180 1.18498 -99.1728 0 -180 0 0 0 0 0 0
0 -180 0 -0 0 0 0 -0 3.07762e-13 -30.3318 0 180 0 0 0 180 0 -180
0 0 0 -0 0 -180 0 -0 1.73181e-12 -3.33022 0 -180 0 -180 0 180 0 0
0 -180 0 -180 0 0 0 0 5.47771e-13 129.007 0 180 0 0 0 0 0 -180
0 0 0 0 0 -180 0 -180 1.90771e-12 -40.7022 0 180 0 -180 0 -180 0 0
0 -180 0 0 0 -180 0 -180 0.147762 3.44609 0 -180 0 -180 0 0 0 -180
0 0 0 -180 0 0 0 0 1.2043 -99.7364 0 0 0 0 0 -180 0 0
inside=0 lambda=0.647 phi=10 theta=15
0 180 0 -180 0 -180 0 0 0.137633 3.09876 0 0 0 180 0 -180 0 -180
0 0 0 0 0 0 0 -180 1.18626 -99.2114 0 -180 0 0 0 0 0 0
0 -180 0 -0 0 0 0 -180 0.00277197 -171.653 0 0 0 0 0 180 0 -180
0 0 0 -0 0 -180 0 0 0.0060675 43.1885 0 -180 0 -180 0 180 0 0
0 -180 0 -180 0 0 0 -180 0.00277073 -171.658 0 180 0 0 0 0 0 -180
0 0 0 0 0 -180 0 -0 0.0060466 43.4128 0 180 0 -180 0 -180 0 0
0 -180 0 0 0 -180 0 -180 0.147036 3.42268 0 -180 0 -180 0 0 0 -180
0 0 0 -180 0 0 0 0 1.203 -99.6994 0 0 0 0 0 -180 0 0
inside=0 lambda=0.647 phi=10 theta=30
0 180 0 -180 0 -180 0 0 0.139624 3.17069 0 0 0 180 0 -180 0 -180
0 0 0 0 0 0 0 -180 1.18979 -99.3162 0 -180 0 0 0 0 0 0
0 -180 0 -0 0 0 0 -180 0.00480078 -171.654 0 0 0 0 0 180 0 -180
0 0 0 -0 0 -180 0 0 0.0105009 43.2395 0 -180 0 -180 0 180 0 0
0 -180 0 -180 0 0 0 -0 0.00479953 -171.657 0 180 0 0 0 0 0 -180
0 0 0 0 0 -180 0 -0 0.01048 43.3689 0 180 0 -180 0 -180 0 0
0 -180 0 0 0 -180 0 -180 0.145053 3.35757 0 -180 0 -180 0 0 0 -180
0 0 0 -180 0 0 0 0 1.19945 -99.598 0 0 0 0 0 -180 0 0
inside=0 lambda=0.647 phi=10 theta=45
0 -180 0 -180 0 -180 0 0 0.14234 3.26583 0 0 0 -180 0 -180 0 -180
0 0 0 0 0 0 0 -180 1.19461 -99.4579 0 -180 0 0 0 0 0 0
0 -180 0 -0 0 0 0 -180 0.00554276 -171.656 0 0 0 0 0 180 0 -180
0 0 0 -0 0 -180 0 0 0.0121129 43.306 0 -180 0 -180 0 180 0 0
0 -180 0 -180 0 0 0 -0 0.00554276 -171.656 0 180 0 0 0 0 0 -180
0 0 0 0 0 -180 0 -0 0.0121129 43.306 0 180 0 -180 0 -180 0 0
0 -180 0 0 0 -180 0 -180 0.14234 3.26583 0 -180 0 -180 0 0 0 -180
0 0 0 -180 0 0 0 0 1.19461 -99.4579 0 0 0 0 0 -180 0 0
inside=0 lambda=0.647 phi=15 theta=0
0 180 0 -180 0 -180 0 0 0.138566 7.6472 0 0 0 180 0 -180 0 -180
0 0 0 0 0 0 0 -180 1.17043 -122.447 0 -180 0 0 0 0 0 0
0 180 0 -0 0 0 0 180 4.29569e-14 54.0668 0 -0 0 -0 0 180 0 -180
0 0 0 -0 0 -180 0 180 1.08705e-12 -37.5254 0 180 0 -180 0 180 0 0
0 -180 0 -180 0 0 0 -0 3.74084e-13 -107.17 0 -180 0 0 0 0 0 -180
0 0 0 0 0 -180 0 -180 1.15104e-12 -27.5934 0 -180 0 -180 0 -180 0 0
0 -180 0 0 0 -180 0 -180 0.170104 8.73404 0 -180 0 -180 0 0 0 -180
0 0 0 -180 0 0 0 0 1.21454 -123.842 0 0 0 0 0 -180 0 0
inside=0 lambda=0.647 phi=15 theta=15
0 180 0 -180 0 -180 0 0 0.140685 7.73317 0 0 0 180 0 -180 0 -180
0 0 0 0 0 0 0 -180 1.17335 -122.545 0 -180 0 0 0 0 0 0
0 180 0 -0 0 0 0 -180 0.00798465 -166.512 0 0 0 -0 0 180 0 -180
0 0 0 -0 0 -180 0 0 0.0143012 17.2846 0 -180 0 -180 0 180 0 0
0 -180 0 -180 0 0 0 -180 0.00798078 -166.511 0 180 0 0 0 0 0 -180
0 0 0 0 0 -180 0 -0 0.0141752 17.7901 0 180 0 -180 0 -180 0 0
0 -180 0 0 0 -180 0 -180 0.167998 8.67244 0 -180 0 -180 0 0 0 -180
0 0 0 -180 0 0 0 0 1.21155 -123.753 0 0 0 0 0 -180 0 0
inside=0 lambda=0.647 phi=15 theta=30
0 180 0 -180 0 -180 0 0 0.146468 7.95703 0 0 0 180 0 -180 0 -180
0 0 0 0 0 0 0 -180 1.18135 -122.81 0 -180 0 0 0 0 0 0
0 180 0 -0 0 0 0 -180 0.0138287 -166.51 0 0 0 -0 0 180 0 -180
0 0 0 -0 0 -180 0 0 0.0247148 17.41 0 -180 0 -180 0 180 0 0
0 -180 0 -180 0 0 0 -180 0.0138248 -166.509 0 180 0 0 0 0 0 -180
0 0 0 0 0 -180 0 -0 0.0245894 17.7011 0 180 0 -180 0 -180 0 0
0 -180 0 0 0 180 0 -180 0.162239 8.49706 0 -180 0 -180 0 0 0 -180
0 0 0 -180 0 0 0 0 1.20341 -123.508 0 0 0 0 0 -180 0 0
inside=0 lambda=0.647 phi=15 theta=45
0 180 0 -180 0 -180 0 0 0.15436 8.2391 0 0 0 180 0 -180 0 -180
0 0 0 0 0 0 0 -180 1.19234 -123.164 0 -180 0 0 0 0 0 0
0 -180 0 -180 0 0 0 -180 0.0159659 -166.509 0 0 0 -0 0 180 0 -180
0 0 0 -0 0 -180 0 0 0.0284605 17.5646 0 -180 0 -180 0 180 0 0
0 -180 0 -180 0 -0 0 -180 0.0159659 -166.509 0 180 0 0 0 0 0 -180
0 0 0 0 0 -180 0 -0 0.0284605 17.5646 0 180 0 -180 0 -180 0 0
0 180 0 0 0 180 0 -180 0.15436 8.2391 0 -180 0 -180 0 0 0 -180
0 0 0 -180 0 0 0 0 1.19234 -123.164 0 0 0 0 0 -180 0 0
inside=0 lambda=0.647 phi=20 theta=0
0 180 0 -180 0 -180 0 -0 0.139907 7.31398 0 0 0 180 0 -180 0 -180
0 0 0 0 0 -0 0 -180 1.14792 -155.329 0 180 0 0 0 0 0 -0
0 180 0 -0 0 0 0 -180 2.02889e-13 113.267 0 -0 0 -0 0 180 0 -180
0 0 0 -0 0 180 0 0 7.17244e-13 -64.49 0 -0 0 -180 0 180 0 -0
0 -180 0 -180 0 0 0 180 8.30983e-14 115.984 0 -0 0 0 0 0 0 -180
0 0 0 -0 0 -180 0 180 5.88046e-13 -81.0552 0 180 0 -180 0 180 0 0
0 -180 0 0 0 -180 0 -180 0.215114 6.67547 0 -180 0 -180 0 0 0 -180
0 0 0 180 0 0 0 -0 1.22702 -157.929 0 0 0 0 0 180 0 0
inside=0 lambda=0.647 phi=20 theta=15
0 180 0 -180 0 -180 0 -0 0.144955 7.23763 0 0 0 180 0 -180 0 -180
0 0 0 0 0 -0 0 -180 1.1531 -155.522 0 180 0 0 0 0 0 -0
0 180 0 -0 0 0 0 -180 0.01882 -174.2 0 0 0 -0 0 180 0 -180
0 0 0 -0 0 180 0 0 0.0263091 -17.7956 0 180 0 -180 0 180 0 -0
0 -180 0 -180 0 0 0 -180 0.0188189 -174.23 0 180 0 0 0 0 0 -180
0 0 0 0 0 -180 0 -0 0.0258136 -16.79 0 180 0 180 0 180 0 -0
0 -180 0 0 0 -180 0 -180 0.210092 6.69898 0 -180 0 -180 0 0 0 -180
0 0 0 -180 0 0 0 -0 1.22159 -157.772 0 0 0 -0 0 180 0 -0
inside=0 lambda=0.647 phi=20 theta=30
0 180 0 -180 0 -180 0 0 0.158742 7.06651 0 0 0 180 0 -180 0 -180
0 0 0 0 0 -0 0 -180 1.16733 -156.033 0 180 0 0 0 0 0 -0
0 180 0 -180 0 0 0 -180 0.0326006 -174.192 0 0 0 -0 0 180 0 -180
0 0 0 -0 0 180 0 0 0.0453201 -17.5182 0 180 0 -180 0 180 0 -0
0 -180 0 -180 0 -0 0 -180 0.0325996 -174.209 0 180 0 0 0 0 0 -180
0 0 0 0 0 -180 0 -0 0.0448324 -16.9418 0 180 0 180 0 180 0 -0
0 180 0 0 0 180 0 -180 0.196356 6.77116 0 -180 0 -180 0 0 0 -180
0 0 0 -180 0 0 0 0 1.20687 -157.332 0 0 0 -0 0 180 0 -0
inside=0 lambda=0.647 phi=20 theta=45
0 180 0 -180 0 -180 0 0 0.177561 6.89566 0 0 0 180 0 -180 0 -180
0 0 0 0 0 -0 0 -180 1.18698 -156.7 0 180 0 0 0 0 0 -0
0 180 0 -180 0 0 0 -180 0.0376453 -174.193 0 0 0 -0 0 180 0 -180
0 0 0 -0 0 180 0 0 0.0520138 -17.199 0 180 0 -180 0 180 0 -0
0 180 0 -180 0 -0 0 -180 0.0376453 -174.193 0 180 0 0 0 0 0 -180
0 0 0 0 0 -180 0 -0 0.0520138 -17.199 0 180 0 180 0 180 0 -0
0 180 0 0 0 180 0 -180 0.177561 6.89566 0 -180 0 -180 0 0 0 -180
0 0 0 -180 0 0 0 0 1.18698 -156.7 0 0 0 -0 0 180 0 -0
inside=0 lambda=0.647 phi=25 theta=0
0 180 0 180 0 -180 0 -0 0.121319 4.51333 0 0 0 180 0 180 0 -180
0 0 0 0 0 -0 0 180 1.11711 161.511 0 180 0 0 0 0 0 -0
0 180 0 -0 0 0 0 -0 1.1774e-13 56.936 0 -0 0 -0 0 180 0 -180
0 0 0 -180 0 180 0 -0 6.15283e-14 54.4272 0 -0 0 -180 0 0 0 -0
0 -180 0 -180 0 0 0 180 7.03234e-14 -106.659 0 -0 0 0 0 0 0 -180
0 -0 0 -0 0 180 0 0 1.40399e-13 97.1589 0 -0 0 180 0 180 0 -0
0 -180 0 0 0 -180 0 -180 0.243551 -4.36201 0 -180 0 -180 0 0 0 -180
0 -0 0 180 0 -0 0 -0 1.25531 157.56 0 -0 0 -0 0 180 0 -0
inside=0 lambda=0.647 phi=25 theta=15
0 180 0 180 0 -180 0 -0 0.129275 3.35115 0 0 0 180 0 180 0 -180
0 0 0 0 0 -0 0 180 1.12607 161.185 0 180 0 0 0 0 0 -0
0 180 0 -0 0 0 0 -180 0.0312408 168.095 0 0 0 -0 0 180 0 -180
0 0 0 -180 0 180 0 -0 0.0445086 -59.4414 0 180 0 -180 0 0 0 -0
0 -180 0 -180 0 -0 0 -180 0.0312483 167.939 0 180 0 0 0 0 0 -180
0 -0 0 -0 0 180 0 -180 0.0430918 -57.4439 0 0 0 180 0 180 0 -0
0 -180 0 0 0 180 0 -180 0.235309 -4.05691 0 -180 0 -180 0 0 0 -180
0 -0 0 180 0 -0 0 -0 1.24574 157.77 0 -0 0 -0 0 180 0 -0
inside=0 lambda=0.647 phi=25 theta=30
0 180 0 -180 0 -180 0 -0 0.151331 0.870723 0 0 0 180 0 180 0 -180
0 0 0 -0 0 -0 0 180 1.15077 160.349 0 180 0 0 0 0 0 -0
0 180 0 -0 0 0 0 -180 0.0541588 168.121 0 0 0 -0 0 180 0 -180
0 0 0 -180 0 180 0 -0 0.0762453 -58.824 0 180 0 -180 0 0 0 -0
0 180 0 -180 0 -0 0 -180 0.0541672 168.036 0 180 0 0 0 0 0 -180
0 -0 0 -0 0 180 0 -180 0.0748907 -57.6913 0 0 0 180 0 180 0 -0
0 180 0 0 0 180 0 -180 0.212723 -3.11634 0 -180 0 -180 0 0 0 -180
0 -0 0 180 0 -0 0 -0 1.21985 158.385 0 -0 0 -0 0 180 0 -0
inside=0 lambda=0.647 phi=25 theta=45
0 180 0 -180 0 -180 0 -0 0.181904 -1.47016 0 0 0 180 0 180 0 -180
0 0 0 -0 0 -0 0 180 1.18503 159.314 0 180 0 0 0 -0 0 -0
0 180 0 -180 0 0 0 -180 0.0625646 168.107 0 0 0 -0 0 180 0 -180
0 -0 0 -180 0 180 0 -0 0.087099 -58.1679 0 180 0 180 0 0 0 -0
0 180 0 -180 0 -0 0 -180 0.0625646 168.107 0 180 0 0 0 0 0 -180
0 -0 0 -0 0 180 0 -180 0.087099 -58.1679 0 0 0 180 0 180 0 -0
0 180 0 -0 0 180 0 -180 0.181904 -1.47016 0 180 0 -180 0 0 0 -180
0 0 0 180 0 0 0 -0 1.18503 159.314 0 -0 0 -0 0 180 0 -0
inside=0 lambda=0.647 phi=30 theta=0
0 180 0 180 0 -180 0.0220573 -99.1091 0.0968184 5.78996 0 0 0 180 0 180 0 -180
0 -0 0 -0 0 -180 0 180 1.06737 106.896 0 0 0 -0 0 -0 0 -180
0 180 0 -0 0 0 2.26901e-13 -33.3073 9.62152e-14 -32.9673 0 180 0 -0 0 180 0 -180
0 -0 0 -180 0 0 0 180 6.27702e-13 -167.448 0 -180 0 180 0 0 0 -180
0 -180 0 -180 0 0 7.09976e-14 42.7785 1.65688e-13 9.2261 0 -0 0 0 0 0 0 -180
0 -180 0 -180 0 0 0 -0 1.0851e-13 174.865 0 -180 0 0 0 0 0 -180
0 -180 0 0 0 -180 0.079555 -126.853 0.210635 -3.63286 0 -180 0 -180 0 0 0 -180
0 -180 0 0 0 -180 0 -180 1.32536 99.9533 0 -180 0 -180 0 0 0 -180
inside=0 lambda=0.647 phi=30 theta=15
0 180 0 180 0 -180 0 -0 0.104857 4.10752 0 0 0 180 0 180 0 -180
0 -0 0 -0 0 -180 0 180 1.08474 106.203 0 0 0 -0 0 -0 0 -180
0 180 0 -0 0 0 0 -180 0.0297325 171.541 0 0 0 -0 0 180 0 -180
0 -0 0 -180 0 0 0 -0 0.0821437 -114.922 0 0 0 180 0 0 0 -180
0 -180 0 -180 0 -0 0 -180 0.0295659 171.062 0 180 0 0 0 0 0 -180
0 -0 0 -0 0 180 0 -180 0.0783366 -112.007 0 0 0 0 0 0 0 -180
0 180 0 0 0 180 0 -180 0.203587 -3.12513 0 -180 0 -180 0 0 0 -180
0 -0 0 180 0 -0 0 -180 1.30791 100.223 0 -0 0 -180 0 0 0 -180
inside=0 lambda=0.647 phi=30 theta=30
0 180 0 180 0 -180 0 -0 0.1253 1.51884 0 0 0 180 0 180 0 -180
0 -0 0 -0 0 -180 0 180 1.13001 104.524 0 0 0 -0 0 -0 0 -180
0 180 0 -0 0 0 0 -180 0.0518763 171.555 0 0 0 -0 0 180 0 -180
0 -0 0 -180 0 0 0 -0 0.139267 -113.915 0 0 0 180 0 0 0 -180
0 180 0 -180 0 -0 0 -180 0.0517335 171.328 0 180 0 0 0 0 0 -180
0 -0 0 -0 0 180 0 -180 0.135954 -112.266 0 0 0 0 0 0 0 -180
0 180 0 -0 0 180 0 -180 0.183155 -2.20697 0 180 0 -180 0 0 0 -180
0 -0 0 180 0 -0 0 -180 1.25874 101.116 0 -0 0 -180 0 0 0 -180
inside=0 lambda=0.647 phi=30 theta=45
0 180 0 -180 0 -180 0 -0 0.154229 -0.663818 0 0 0 180 0 180 0 -180
0 -0 0 -0 0 -180 0 180 1.19347 102.646 0 0 0 -0 0 -0 0 -180
0 180 0 -180 0 0 0 -180 0.0599727 171.487 0 0 0 -0 0 180 0 -180
0 -0 0 -180 0 0 0 -0 0.158273 -112.92 0 0 0 180 0 0 0 -180
0 180 0 -180 0 -0 0 -180 0.0599727 171.487 0 180 0 0 0 0 0 -180
0 -0 0 -0 0 180 0 -180 0.158273 -112.92 0 0 0 0 0 0 0 -180
0 180 0 -0 0 180 0 -180 0.154229 -0.663818 0 180 0 -180 0 0 0 -180
0 -0 0 180 0 -0 0 -0 1.19347 102.646 0 -0 0 -180 0 0 0 -180
inside=0 lambda=0.647 phi=35 theta=0
0 180 0 180 0 -180 0.0704428 -96.986 0.0186932 -62.1927 0 0 0 180 0 180 0 -180
0 -0 0 -0 0 180 0 0 0.983556 38.7038 0 -0 0 -0 0 -0 0 180
0 180 0 -0 0 0 2.40246e-13 -16.9774 2.44601e-13 22.385 0 0 0 -0 0 180 0 -180
0 -180 0 180 0 -0 0 180 8.61394e-13 -36.5583 0 -0 0 0 0 -0 0 180
0 -180 0 -180 0 0 3.52967e-13 64.4808 7.70557e-13 -104.318 0 180 0 0 0 0 0 -180
0 -180 0 -180 0 0 0 180 8.60956e-13 -37.1127 0 -180 0 0 0 0 0 -180
0 -180 0 0 0 -180 0.10516 -109.524 0.345817 8.49053 0 -180 0 -180 0 0 0 -180
0 -180 0 0 0 -180 0 180 1.37816 25.4097 0 -180 0 -180 0 0 0 -180
inside=0 lambda=0.647 phi=35 theta=15
0 180 0 180 0 -180 0.0530435 -102.197 0.0355246 -22.417 0 0 0 180 0 180 0 -180
0 -0 0 -0 0 180 0 0 1.008 37.1294 0 -0 0 -0 0 -0 0 180
0 180 0 -0 0 0 0.00297932 79.2761 0.0849471 -167.052 0 0 0 -0 0 180 0 -180
0 -180 0 180 0 -0 0 -180 0.139024 167.746 0 -0 0 0 0 -0 0 180
0 -180 0 -180 0 -0 0.0270486 -131.674 0.0849243 -167.386 0 180 0 0 0 0 0 -180
0 -180 0 -180 0 0 0 180 0.127465 171.453 0 -0 0 -0 0 -0 0 180
0 180 0 -0 0 180 0.0927555 -118.212 0.324028 8.26627 0 -180 0 -180 0 0 0 -180
0 -180 0 0 0 -180 0 -180 1.34918 25.7805 0 -180 0 180 0 -0 0 180
inside=0 lambda=0.647 phi=35 theta=30
0 180 0 180 0 -180 0 -0 0.0960247 -2.69234 0 0 0 180 0 180 0 -180
0 -0 0 -0 0 180 0 0 1.07687 33.5063 0 -0 0 -180 0 -180 0 180
0 180 0 -0 0 0 0 -180 0.148589 -166.762 0 0 0 -0 0 180 0 -180
0 -180 0 180 0 -0 0 -180 0.230503 168.726 0 -0 0 0 0 -0 0 180
0 180 0 180 0 -0 0 -180 0.148358 -166.852 0 180 0 0 0 0 0 -180
0 -180 0 -180 0 0 0 180 0.219771 170.998 0 -0 0 -0 0 -0 0 180
0 180 0 -0 0 180 0 -180 0.263899 7.1775 0 180 0 -180 0 0 0 -180
0 -180 0 0 0 -180 0 -180 1.27338 27.1553 0 -180 0 180 0 -0 0 180
inside=0 lambda=0.647 phi=35 theta=45
0 180 0 -180 0 -180 0 -0 0.179627 4.28462 0 0 0 180 0 180 0 -180
0 -180 0 -180 0 180 0 0 1.17235 29.8257 0 -0 0 -180 0 -180 0 180
0 180 0 -180 0 0 0 180 0.171835 -166.888 0 0 0 -0 0 180 0 -180
0 -180 0 180 0 -0 0 -180 0.257157 170.162 0 -0 0 0 0 -0 0 180
0 180 0 180 0 -0 0 -180 0.171835 -166.888 0 180 0 0 0 0 0 -180
0 -180 0 -180 0 0 0 180 0.257157 170.162 0 -0 0 -0 0 -0 0 180
0 180 0 -0 0 180 0 -180 0.179627 4.28462 0 180 0 -180 0 0 0 -180
0 -180 0 0 0 -180 0 -180 1.17235 29.8257 0 -180 0 180 0 -0 0 180
inside=0 lambda=0.647 phi=40 theta=0
0 180 0 180 0 -180 0.133809 -84.9691 0.18565 93.22 0 0 0 180 0 180 0 -180
0 -180 0 -180 0 0 0 -0 0.792485 -46.6975 0 -180 0 -180 0 -180 0 0
0 180 0 -0 0 0 4.52711e-13 101.403 2.79376e-12 -92.8581 0 0 0 -0 0 180 0 -180
0 -180 0 0 0 -180 0 180 2.75045e-12 -30.9926 0 0 0 0 0 -180 0 0
0 -180 0 -180 0 0 3.31757e-13 -141.007 1.15265e-12 164.745 0 -0 0 0 0 0 0 -180
0 180 0 180 0 -0 0 -0 5.95851e-12 -146.228 0 -180 0 -0 0 -0 0 180
0 -180 0 0 0 -180 0.125249 -86.7157 0.317821 -16.0835 0 -180 0 -180 0 0 0 -180
0 180 0 -0 0 180 0 0 1.67947 -68.3998 0 180 0 180 0 -0 0 180
inside=0 lambda=0.647 phi=40 theta=15
0 180 0 180 0 -180 0.101342 -94.9355 0.161861 85.3817 0 0 0 180 0 180 0 -180
0 -180 0 -180 0 0 0 -0 0.845243 -51.4518 0 -180 0 -180 0 -180 0 0
0 180 0 -180 0 0 0.00627329 108.382 0.0990824 144.524 0 0 0 -0 0 180 0 -180
0 -180 0 0 0 -180 0 180 0.285769 80.6248 0 -180 0 0 0 -180 0 0
0 180 0 -180 0 -0 0.0450549 -117.036 0.0997123 143.039 0 180 0 0 0 0 0 -180
0 180 0 180 0 -0 0 0 0.258093 88.5191 0 -180 0 -180 0 -180 0 0
0 180 0 -0 0 180 0.103573 -98.1063 0.289487 -12.1497 0 180 0 -180 0 0 0 -180
0 180 0 -0 0 180 0 180 1.61688 -69.2105 0 180 0 0 0 -180 0 0
inside=0 lambda=0.647 phi=40 theta=30
0 180 0 180 0 -180 0.0355478 -118.712 0.13086 56.9309 0 0 0 180 0 180 0 -180
0 -180 0 -180 0 0 0 -0 0.999352 -59.9094 0 -180 0 -180 0 -180 0 0
0 180 0 -180 0 0 0.0113343 -145.967 0.167175 146.747 0 0 0 -0 0 180 0 -180
0 -180 0 0 0 -180 0 180 0.468346 82.5036 0 -180 0 0 0 -180 0 0
0 180 0 180 0 -0 0.0417089 -143.289 0.167152 145.832 0 180 0 0 0 0 0 -180
0 180 0 180 0 -0 0 0 0.444776 86.3841 0 -180 0 -180 0 -180 0 0
0 180 0 -0 0 180 0.0726092 -132.506 0.225429 -1.84394 0 180 0 -180 0 0 0 -180
0 180 0 -0 0 180 0 180 1.44685 -69.1052 0 180 0 0 0 -180 0 0
inside=0 lambda=0.647 phi=40 theta=45
0 180 0 180 0 -180 0 -0 0.155997 19.1282 0 0 0 180 0 180 0 -180
0 -180 0 -180 0 0 0 -0 1.21966 -66.2139 0 -180 0 180 0 180 0 0
0 180 0 -180 0 0 0 180 0.193088 147.164 0 0 0 -0 0 180 0 -180
0 180 0 0 0 -180 0 180 0.519478 84.5689 0 -180 0 -0 0 -180 0 0
0 180 0 180 0 -0 0 -180 0.193088 147.164 0 180 0 0 0 0 0 -180
0 180 0 180 0 -0 0 0 0.519478 84.5689 0 -180 0 -180 0 -180 0 0
0 180 0 -0 0 180 0 180 0.155997 19.1282 0 180 0 -180 0 0 0 -180
0 -180 0 -0 0 180 0 -180 1.21966 -66.2139 0 180 0 0 0 -180 0 0
inside=0 lambda=0.647 phi=45 theta=0
0 0 0 0 0 -180 0.338164 -140.4 0.934034 154.745 0 0 0 0 0 0 0 -180
0 0 0 0 0 -180 0 -180 0 -180 0 0 0 0 0 0 0 -180
0 180 0 -180 0 0 4.41889e-13 -37.8905 1.59393e-12 146.287 0 -0 0 -0 0 0 0 -180
0 0 0 -180 0 0 0 -180 0 0 0 -0 0 -180 0 0 0 -180
0 -0 0 -0 0 180 2.41727e-11 84.4955 4.80175e-11 94.1264 0 -0 0 180 0 180 0 -0
0 -0 0 -0 0 180 0 180 0 180 0 -0 0 180 0 180 0 -0
0 -0 0 180 0 -0 0.490711 -11.6104 0.885531 -145.718 0 -0 0 -0 0 180 0 -0
0 -0 0 180 0 -0 0 -0 0 180 0 -0 0 -0 0 180 0 -0
inside=0 lambda=0.647 phi=45 theta=15
0 0 0 0 0 -180 0.186073 -154.509 0.880542 138.057 0 0 0 0 0 0 0 -180
0 0 0 0 0 -180 0 -180 0 -0 0 0 0 180 0 180 0 -180
0 0 0 -180 0 0 0.130832 38.4294 0.453649 -161.974 0 0 0 -0 0 0 0 -180
0 0 0 -180 0 0 0 0 0 -180 0 0 0 -0 0 0 0 -180
0 -180 0 -180 0 -0 0.153178 -145.886 0.373216 -163.864 0 0 0 0 0 0 0 -180
0 -180 0 -180 0 0 0 -180 0 -180 0 180 0 0 0 0 0 -180
0 180 0 -0 0 180 0.334198 -83.6024 0.838158 70.776 0 -180 0 -180 0 0 0 -180
0 180 0 0 0 -180 0 -180 0 0 0 -180 0 -180 0 0 0 -180
inside=0 lambda=0.647 phi=45 theta=30
0 0 0 0 0 -180 0.0475829 -157.8 0.689695 111.769 0 0 0 0 0 180 0 -180
0 0 0 0 0 -180 0 -180 0 -0 0 0 0 0 0 0 0 -180
0 0 0 -180 0 0 0.0786198 -9.00798 0.734956 171.669 0 0 0 -0 0 0 0 -180
0 0 0 -180 0 0 0 0 0 -180 0 0 0 -180 0 0 0 -180
0 180 0 180 0 -0 0.0892383 -174.409 0.699481 171.262 0 0 0 0 0 0 0 -180
0 180 0 180 0 -0 0 -180 0 -180 0 0 0 0 0 0 0 -180
0 0 0 -0 0 180 0.120168 -108.233 0.679417 49.7395 0 180 0 -180 0 0 0 -180
0 0 0 -0 0 180 0 180 0 0 0 180 0 -180 0 0 0 -180
inside=0 lambda=0.647 phi=45 theta=45
0 0 0 180 0 -180 0 -0 0.586392 76.9065 0 0 0 180 0 180 0 -180
0 0 0 0 0 -180 0 -180 0 -0 0 0 0 180 0 180 0 -180
0 0 0 -180 0 0 0 0 0.810028 166.907 0 0 0 -0 0 0 0 -180
0 0 0 -180 0 0 0 0 0 -180 0 0 0 -0 0 0 0 -180
0 0 0 0 0 -0 0 -180 0.810028 166.907 0 0 0 0 0 0 0 -180
0 0 0 0 0 -0 0 -180 0 -180 0 0 0 0 0 0 0 -180
0 0 0 -0 0 180 0 180 0.586392 76.9065 0 180 0 -180 0 0 0 -180
0 0 0 -180 0 180 0 0 0 -0 0 180 0 -180 0 0 0 -180
inside=1 lambda=0.647 phi=0 theta=0
0 -180 0 -180 0 -180 0 0 0.143152 21.0473 0 0 0 -180 0 -180 0 -180
0 0 0 0 0 0 0 -180 0.820033 -80.6674 0 -180 0 0 0 0 0 0
0 -180 0 -180 0 0 0 180 1.33064e-12 137.648 0 180 0 0 0 -180 0 -180
0 0 0 180 0 -180 0 180 9.20626e-13 -12.1464 0 0 0 -180 0 180 0 0
0 -180 0 0 0 0 0 -180 5.51759e-13 95.9294 0 -180 0 0 0 0 0 -180
0 0 0 180 0 -180 0 0 1.36034e-12 12.6727 0 180 0 -180 0 180 0 0
0 -180 0 0 0 -180 0 -180 0.143152 21.0473 0 -180 0 -180 0 0 0 -180
0 0 0 -180 0 0 0 0 0.820033 -80.6674 0 0 0 0 0 -180 0 0
inside=1 lambda=0.647 phi=0 theta=15
0 -180 0 -180 0 -180 0 0 0.143152 21.0473 0 0 0 -180 0 -180 0 -180
0 0 0 0 0 0 0 -180 0.820033 -80.6674 0 -180 0 0 0 0 0 0
0 -180 0 -180 0 0 0 180 1.33064e-12 137.648 0 180 0 0 0 -180 0 -180
0 0 0 180 0 -180 0 180 9.20626e-13 -12.1464 0 0 0 -180 0 180 0 0
0 -180 0 0 0 0 0 -180 5.51759e-13 95.9294 0 -180 0 0 0 0 0 -180
0 0 0 180 0 -180 0 0 1.36034e-12 12.6727 0 180 0 -180 0 180 0 0
0 -180 0 0 0 -180 0 -180 0.143152 21.0473 0 -180 0 -180 0 0 0 -180
0 0 0 -180 0 0 0 0 0.820033 -80.6674 0 0 0 0 0 -180 0 0
inside=1 lambda=0.647 phi=0 theta=30
0 -180 0 -180 0 -180 0 0 0.143152 21.0473 0 0 0 -180 0 -180 0 -180
0 0 0 0 0 0 0 -180 0.820033 -80.6674 0 -180 0 0 0 0 0 0
0 -180 0 -180 0 0 0 180 1.33064e-12 137.648 0 180 0 0 0 -180 0 -180
0 0 0 180 0 -180 0 180 9.20626e-13 -12.1464 0 0 0 -180 0 180 0 0
0 -180 0 0 0 0 0 -180 5.51759e-13 95.9294 0 -180 0 0 0 0 0 -180
0 0 0 180 0 -180 0 0 1.36034e-12 12.6727 0 180 0 -180 0 180 0 0
0 -180 0 0 0 -180 0 -180 0.143152 21.0473 0 -180 0 -180 0 0 0 -180
0 0 0 -180 0 0 0 0 0.820033 -80.6674 0 0 0 0 0 -180 0 0
inside=1 lambda=0.647 phi=0 theta=45
0 -180 0 -180 0 -180 0 0 0.143152 21.0473 0 0 0 -180 0 -180 0 -180
0 0 0 0 0 0 0 -180 0.820033 -80.6674 0 -180 0 0 0 0 0 0
0 -180 0 -180 0 0 0 180 1.33064e-12 137.648 0 180 0 0 0 -180 0 -180
0 0 0 180 0 -180 0 180 9.20626e-13 -12.1464 0 0 0 -180 0 180 0 0
0 -180 0 0 0 0 0 -180 5.51759e-13 95.9294 0 -180 0 0 0 0 0 -180
0 0 0 180 0 -180 0 0 1.36034e-12 12.6727 0 180 0 -180 0 180 0 0
0 -180 0 0 0 -180 0 -180 0.143152 21.0473 0 -180 0 -180 0 0 0 -180
0 0 0 -180 0 0 0 0 0.820033 -80.6674 0 0 0 0 0 -180 0 0
inside=1 lambda=0.647 phi=5 theta=0
0 -180 0 -180 0 -180 0 0 0.141937 16.0813 0 0 0 -180 0 -180 0 -180
0 0 0 0 0 0 0 -180 0.821006 -82.8387 0 -180 0 0 0 0 0 0
0 -180 0 -0 0 0 0 -0 9.46125e-13 88.1547 0 -0 0 0 0 180 0 -180
0 0 0 0 0 -180 0 0 2.28573e-12 7.96763 0 0 0 -180 0 -180 0 0
0 -180 0 -180 0 0 0 -0 7.9553e-13 89.1247 0 180 0 0 0 0 0 -180
0 0 0 0 0 -180 0 -180 2.32197e-12 7.46041 0 -180 0 -180 0 -180 0 0
0 -180 0 0 0 -180 0 -180 0.143112 15.9606 0 -180 0 -180 0 0 0 -180
0 0 0 -180 0 0 0 0 0.81921 -82.8997 0 0 0 0 0 -180 0 0
inside=1 lambda=0.647 phi=5 theta=15
0 -180 0 -180 0 -180 0 0 0.142015 16.0731 0 0 0 -180 0 -180 0 -180
0 0 0 0 0 0 0 -180 0.820886 -82.8428 0 -180 0 0 0 0 0 0
0 -180 0 -0 0 0 0 -180 0.000315214 177.877 0 0 0 0 0 180 0 -180
0 0 0 0 0 -180 0 0 0.000526725 -51.5037 0 -180 0 -180 0 -180 0 0
0 -180 0 -180 0 0 0 -0 0.000315131 177.901 0 180 0 0 0 0 0 -180
0 0 0 0 0 -180 0 0 0.000526571 -51.5267 0 -180 0 -180 0 -180 0 0
0 -180 0 0 0 -180 0 -180 0.143033 15.9686 0 -180 0 -180 0 0 0 -180
0 0 0 -180 0 0 0 0 0.81933 -82.8956 0 0 0 0 0 -180 0 0
inside=1 lambda=0.647 phi=5 theta=30
0 -180 0 -180 0 -180 0 0 0.142231 16.0509 0 0 0 -180 0 -180 0 -180
0 0 0 0 0 0 0 -180 0.820557 -82.8539 0 -180 0 0 0 0 0 0
0 -180 0 -0 0 0 0 -180 0.000545936 177.882 0 0 0 0 0 180 0 -180
0 0 0 0 0 -180 0 0 0.000912258 -51.5086 0 -180 0 -180 0 -180 0 0
0 -180 0 -180 0 0 0 -0 0.000545854 177.896 0 180 0 0 0 0 0 -180
0 0 0 0 0 -180 0 0 0.000912103 -51.5219 0 -180 0 -180 0 -180 0 0
0 -180 0 0 0 -180 0 -180 0.142818 15.9905 0 -180 0 -180 0 0 0 -180
0 0 0 -180 0 0 0 0 0.819659 -82.8844 0 0 0 0 0 -180 0 0
inside=1 lambda=0.647 phi=5 theta=45
0 -180 0 -180 0 -180 0 0 0.142524 16.0206 0 0 0 -180 0 -180 0 -180
0 0 0 0 0 0 0 -180 0.820108 -82.8692 0 -180 0 0 0 0 0 0
0 -180 0 -0 0 0 0 -180 0.000630345 177.889 0 0 0 0 0 180 0 -180
0 0 0 0 0 -180 0 0 0.0010533 -51.5153 0 -180 0 -180 0 -180 0 0
0 -180 0 -180 0 0 0 -0 0.000630345 177.889 0 180 0 0 0 0 0 -180
0 0 0 0 0 -180 0 0 0.0010533 -51.5153 0 -180 0 -180 0 -180 0 0
0 -180 0 0 0 -180 0 -180 0.142524 16.0206 0 -180 0 -180 0 0 0 -180
0 0 0 -180 0 0 0 0 0.820108 -82.8692 0 0 0 0 0 -180 0 0
inside=1 lambda=0.647 phi=10 theta=0
0 -180 0 -180 0 -180 0 0 0.139089 1.16587 0 0 0 -180 0 -180 0 -180
0 0 0 0 0 0 0 -180 0.823864 -89.328 0 -180 0 0 0 0 0 0
0 -180 0 -0 0 0 0 -0 1.31033e-13 -108.224 0 -0 0 0 0 180 0 -180
0 0 0 -0 0 -180 0 0 2.97428e-13 -175.585 0 180 0 -180 0 180 0 0
0 -180 0 -180 0 0 0 -180 1.59082e-13 97.2344 0 -180 0 0 0 0 0 -180
0 0 0 0 0 -180 0 -0 2.68873e-13 167.593 0 180 0 -180 0 -180 0 0
0 -180 0 0 0 -180 0 -180 0.143855 0.589586 0 -180 0 -180 0 0 0 -180
0 0 0 -180 0 0 0 0 0.816613 -89.5792 0 0 0 0 0 -180 0 0
inside=1 lambda=0.647 phi=10 theta=15
0 -180 0 -180 0 -180 0 0 0.139408 1.12567 0 0 0 -180 0 -180 0 -180
0 0 0 0 0 0 0 -180 0.823377 -89.3447 0 -180 0 0 0 0 0 0
0 -180 0 -0 0 0 0 -180 0.001294 160.702 0 0 0 0 0 180 0 -180
0 0 0 -0 0 -180 0 0 0.0021378 -57.5875 0 -180 0 -180 0 180 0 0
0 -180 0 -180 0 0 0 -0 0.00129262 160.791 0 180 0 0 0 0 0 -180
0 0 0 0 0 -180 0 -0 0.00213522 -57.6793 0 180 0 -180 0 -180 0 0
0 -180 0 0 0 -180 0 -180 0.143536 0.626639 0 -180 0 -180 0 0 0 -180
0 0 0 -180 0 0 0 0 0.817098 -89.5622 0 0 0 0 0 -180 0 0
inside=1 lambda=0.647 phi=10 theta=30
0 -180 0 -180 0 -180 0 0 0.14028 1.01704 0 0 0 -180 0 -180 0 -180
0 0 0 0 0 0 0 -180 0.822049 -89.3903 0 -180 0 0 0 0 0 0
0 -180 0 -0 0 0 0 -180 0.00224076 160.721 0 0 0 0 0 180 0 -180
0 0 0 -0 0 -180 0 0 0.0037018 -57.6078 0 -180 0 -180 0 180 0 0
0 -180 0 -180 0 0 0 -0 0.00223937 160.773 0 180 0 0 0 0 0 -180
0 0 0 0 0 -180 0 -0 0.00369922 -57.6608 0 180 0 -180 0 -180 0 0
0 -180 0 0 0 -180 0 -180 0.142663 0.728977 0 -180 0 -180 0 0 0 -180
0 0 0 -180 0 0 0 0 0.818423 -89.5159 0 0 0 0 0 -180 0 0
inside=1 lambda=0.647 phi=10 theta=45
0 -180 0 -180 0 -180 0 0 0.141471 0.871436 0 0 0 -180 0 -180 0 -180
0 0 0 0 0 0 0 -180 0.820235 -89.453 0 -180 0 0 0 0 0 0
0 -180 0 -0 0 0 0 -180 0.0025866 160.747 0 0 0 0 0 180 0 -180
0 0 0 -0 0 -180 0 0 0.00427296 -57.6347 0 -180 0 -180 0 180 0 0
0 -180 0 -180 0 0 0 -0 0.0025866 160.747 0 180 0 0 0 0 0 -180
0 0 0 0 0 -180 0 -0 0.00427296 -57.6347 0 180 0 -180 0 -180 0 0
0 -180 0 0 0 -180 0 -180 0.141471 0.871436 0 -180 0 -180 0 0 0 -180
0 0 0 -180 0 0 0 0 0.820235 -89.453 0 0 0 0 0 -180 0 0
inside=1 lambda=0.647 phi=15 theta=0
0 180 0 -180 0 -180 0 0 0.136822 -23.4257 0 0 0 180 0 -180 0 -180
0 0 0 0 0 0 0 -180 0.828455 -100.055 0 -180 0 0 0 0 0 0
0 180 0 -0 0 0 0 180 6.97139e-13 45.6057 0 -180 0 -0 0 180 0 -180
0 0 0 -0 0 -180 0 180 1.29911e-12 -6.99842 0 -180 0 -180 0 180 0 0
0 -180 0 -180 0 0 0 -0 5.3078e-13 55.3116 0 -0 0 0 0 0 0 -180
0 0 0 0 0 -180 0 -0 1.43096e-12 -8.94406 0 -180 0 -180 0 -180 0 0
0 -180 0 0 0 -180 0 -180 0.148285 -25.0198 0 -180 0 -180 0 0 0 -180
0 0 0 -180 0 0 0 0 0.81181 -100.648 0 0 0 0 0 -180 0 0
inside=1 lambda=0.647 phi=15 theta=15
0 180 0 -180 0 -180 0 0 0.137586 -23.5426 0 0 0 180 0 -180 0 -180
0 0 0 0 0 0 0 -180 0.827335 -100.094 0 -180 0 0 0 0 0 0
0 180 0 -0 0 0 0 -180 0.00314942 133.518 0 0 0 -0 0 180 0 -180
0 0 0 -0 0 -180 0 0 0.00494336 -67.8252 0 -180 0 -180 0 180 0 0
0 -180 0 -180 0 0 0 -0 0.00314234 133.696 0 180 0 0 0 0 0 -180
0 0 0 0 0 -180 0 -0 0.00492952 -68.0293 0 180 0 -180 0 -180 0 0
0 -180 0 0 0 -180 0 -180 0.147514 -24.9225 0 -180 0 -180 0 0 0 -180
0 0 0 -180 0 0 0 0 0.812921 -100.608 0 0 0 0 0 -180 0 0
inside=1 lambda=0.647 phi=15 theta=30
0 180 0 -180 0 -180 0 0 0.139678 -23.8543 0 0 0 180 0 -180 0 -180
0 0 0 0 0 0 0 -180 0.82428 -100.201 0 -180 0 0 0 0 0 0
0 -180 0 -0 0 0 0 -180 0.00545225 133.558 0 0 0 -0 0 180 0 -180
0 0 0 -0 0 -180 0 0 0.00855664 -67.8727 0 -180 0 -180 0 180 0 0
0 -180 0 -180 0 0 0 -0 0.00544517 133.66 0 180 0 0 0 0 0 -180
0 0 0 0 0 -180 0 -0 0.00854281 -67.9905 0 180 0 -180 0 -180 0 0
0 -180 0 0 0 -180 0 -180 0.14541 -24.6501 0 -180 0 -180 0 0 0 -180
0 0 0 -180 0 0 0 0 0.815957 -100.498 0 0 0 0 0 -180 0 0
inside=1 lambda=0.647 phi=15 theta=45
0 -180 0 -180 0 -180 0 0 0.142541 -24.262 0 0 0 180 0 -180 0 -180
0 0 0 0 0 0 0 -180 0.820114 -100.349 0 -180 0 0 0 0 0 0
0 -180 0 -0 0 0 0 -180 0.00629156 133.61 0 0 0 0 0 180 0 -180
0 0 0 -0 0 -180 0 0 0.00987212 -67.9337 0 -180 0 -180 0 180 0 0
0 -180 0 -180 0 0 0 -0 0.00629156 133.61 0 180 0 0 0 0 0 -180
0 0 0 0 0 -180 0 -0 0.00987212 -67.9337 0 180 0 -180 0 -180 0 0
0 -180 0 0 0 180 0 -180 0.142541 -24.262 0 -180 0 -180 0 0 0 -180
0 0 0 -180 0 0 0 0 0.820114 -100.349 0 0 0 0 0 -180 0 0
inside=1 lambda=0.647 phi=20 theta=0
0 180 0 -180 0 -180 0 0 0.137425 -56.3846 0 0 0 180 0 -180 0 -180
0 0 0 0 0 0 0 -180 0.834713 -114.875 0 -180 0 0 0 0 0 0
0 180 0 -0 0 0 0 180 3.32268e-13 -147.304 0 -0 0 -0 0 180 0 -180
0 0 0 -0 0 -180 0 -180 1.20313e-12 152.859 0 -180 0 -180 0 180 0 0
0 -180 0 -180 0 0 0 -0 3.41256e-13 -150.07 0 180 0 0 0 0 0 -180
0 0 0 0 0 -180 0 -180 7.43761e-13 170.46 0 180 0 -180 0 -180 0 0
0 -180 0 0 0 -180 0 -180 0.161091 -59.5657 0 -180 0 -180 0 0 0 -180
0 0 0 -180 0 0 0 0 0.804023 -115.989 0 0 0 0 0 -180 0 0
inside=1 lambda=0.647 phi=20 theta=15
0 180 0 -180 0 -180 0 0 0.138995 -56.6377 0 0 0 180 0 180 0 -180
0 0 0 0 0 0 0 -180 0.832641 -114.947 0 -180 0 0 0 0 0 0
0 180 0 -0 0 0 0 -180 0.00646464 99.7552 0 0 0 -0 0 180 0 -180
0 0 0 -0 0 -180 0 0 0.0091611 -82.4505 0 -180 0 -180 0 180 0 0
0 -180 0 -180 0 0 0 -0 0.00644365 100.05 0 180 0 0 0 0 0 -180
0 0 0 0 0 -180 0 -0 0.00911439 -82.8059 0 180 0 -180 0 -180 0 0
0 -180 0 0 0 180 0 -180 0.159493 -59.3877 0 -180 0 -180 0 0 0 -180
0 0 0 -180 0 0 0 0 0.806062 -115.911 0 0 0 0 0 -180 0 0
inside=1 lambda=0.647 phi=20 theta=30
0 180 0 -180 0 -180 0 0 0.143297 -57.2964 0 0 0 180 0 -180 0 -180
0 0 0 0 0 0 0 -180 0.826993 -115.145 0 -180 0 0 0 0 0 0
0 180 0 -0 0 0 0 -180 0.0111887 99.8228 0 0 0 -0 0 180 0 -180
0 0 0 -0 0 -180 0 0 0.0158477 -82.5394 0 -180 0 -180 0 180 0 0
0 -180 0 -180 0 -0 0 -0 0.0111678 99.9924 0 180 0 0 0 0 0 -180
0 0 0 0 0 -180 0 -0 0.0158011 -82.7443 0 180 0 -180 0 -180 0 0
0 180 0 0 0 180 0 -180 0.155135 -58.8785 0 -180 0 -180 0 0 0 -180
0 0 0 -180 0 0 0 0 0.811647 -115.702 0 0 0 0 0 -180 0 0
inside=1 lambda=0.647 phi=20 theta=45
0 180 0 -180 0 -180 0 0 0.149202 -58.1246 0 0 0 180 0 -180 0 -180
0 0 0 0 0 0 0 -180 0.819304 -115.421 0 -180 0 0 0 0 0 0
0 180 0 -0 0 0 0 -180 0.0129071 99.9102 0 0 0 -0 0 180 0 -180
0 0 0 -0 0 -180 0 0 0.0182709 -82.6487 0 -180 0 -180 0 180 0 0
0 180 0 -180 0 -0 0 -0 0.0129071 99.9102 0 180 0 0 0 0 0 -180
0 0 0 0 0 -180 0 -0 0.0182709 -82.6487 0 180 0 -180 0 -180 0 0
0 180 0 0 0 180 0 -180 0.149202 -58.1246 0 -180 0 -180 0 0 0 -180
0 0 0 -180 0 0 0 0 0.819304 -115.421 0 0 0 0 0 -180 0 0
inside=1 lambda=0.647 phi=25 theta=0
0 180 0 180 0 -180 0 -0 0.140184 -95.4228 0 0 0 180 0 180 0 -180
0 0 0 0 0 -0 0 -180 0.843009 -133.574 0 180 0 0 0 0 0 -0
0 180 0 -0 0 0 0 180 2.52647e-13 -6.81168 0 180 0 -0 0 180 0 -180
0 0 0 -0 0 180 0 180 4.43668e-13 -47.1177 0 -0 0 -180 0 180 0 -0
0 -180 0 -180 0 0 0 180 1.39271e-13 54.9853 0 -180 0 0 0 0 0 -180
0 0 0 0 0 -180 0 180 5.01249e-13 -54.3275 0 180 0 -180 0 -180 0 0
0 -180 0 0 0 -180 0 -180 0.18517 -100.006 0 -180 0 -180 0 0 0 -180
0 0 0 -180 0 0 0 0 0.792385 -135.389 0 0 0 0 0 -180 0 0
inside=1 lambda=0.647 phi=25 theta=15
0 180 0 180 0 -180 0 -0 0.143157 -95.8365 0 0 0 180 0 180 0 -180
0 0 0 0 0 -0 0 -180 0.839577 -133.689 0 180 0 0 0 0 0 -0
0 180 0 -0 0 0 0 -180 0.0119644 62.979 0 0 0 -0 0 180 0 -180
0 0 0 -0 0 180 0 0 0.0150694 -101.737 0 180 0 -180 0 180 0 -0
0 -180 0 -180 0 -0 0 -0 0.0119205 63.4643 0 180 0 0 0 0 0 -180
0 0 0 0 0 -180 0 -0 0.0149494 -102.281 0 180 0 -180 0 -180 0 0
0 -180 0 0 0 180 0 -180 0.182127 -99.7845 0 -180 0 -180 0 0 0 -180
0 0 0 -180 0 0 0 0 0.795735 -135.26 0 0 0 0 0 -180 0 0
inside=1 lambda=0.647 phi=25 theta=30
0 180 0 -180 0 -180 0 -0 0.151316 -96.8724 0 0 0 180 0 180 0 -180
0 0 0 0 0 -0 0 -180 0.83023 -134.007 0 180 0 0 0 0 0 -0
0 180 0 -0 0 0 0 -180 0.0207047 63.0928 0 0 0 -0 0 180 0 -180
0 0 0 -0 0 180 0 0 0.0260459 -101.886 0 180 0 -180 0 180 0 -0
0 180 0 -180 0 -0 0 -0 0.0206611 63.3713 0 180 0 0 0 0 0 -180
0 0 0 0 0 -180 0 -0 0.025927 -102.199 0 180 0 -180 0 180 0 0
0 180 0 0 0 180 0 -180 0.173828 -99.1274 0 -180 0 -180 0 0 0 -180
0 0 0 -180 0 0 0 0 0.804916 -134.913 0 0 0 -0 0 180 0 -0
inside=1 lambda=0.647 phi=25 theta=45
0 180 0 -180 0 -180 0 -0 0.162538 -98.0933 0 0 0 180 0 180 0 -180
0 0 0 0 0 -0 0 -180 0.817532 -134.453 0 180 0 0 0 0 0 -0
0 180 0 -0 0 0 0 -180 0.0238814 63.2372 0 0 0 -0 0 180 0 -180
0 0 0 -0 0 180 0 0 0.0300005 -102.059 0 180 0 -180 0 180 0 -0
0 180 0 -180 0 -0 0 -0 0.0238814 63.2372 0 180 0 0 0 0 0 -180
0 0 0 0 0 -180 0 -0 0.0300005 -102.059 0 180 0 180 0 180 0 -0
0 180 0 -0 0 180 0 -180 0.162538 -98.0933 0 180 0 -180 0 0 0 -180
0 0 0 -180 0 0 0 0 0.817532 -134.453 0 0 0 -0 0 180 0 -0
inside=1 lambda=0.647 phi=30 theta=0
0 180 0 180 0 -180 0 -0 0.139809 -139.071 0 0 0 180 0 180 0 -180
0 0 0 0 0 -0 0 -180 0.854405 -155.903 0 180 0 0 0 0 0 -0
0 180 0 -0 0 0 0 -0 4.47064e-13 127.394 0 0 0 -0 0 180 0 -180
0 0 0 -0 0 180 0 0 3.68216e-13 76.8629 0 0 0 -180 0 180 0 -0
0 -180 0 -180 0 0 0 -0 1.36166e-13 96.2069 0 -0 0 0 0 0 0 -180
0 -0 0 -0 0 180 0 0 3.68233e-13 118.097 0 0 0 180 0 180 0 -0
0 -180 0 0 0 -180 0 -180 0.215833 -143.606 0 -180 0 -180 0 0 0 -180
0 -0 0 180 0 -0 0 -0 0.776865 -158.523 0 -0 0 -0 0 180 0 -0
inside=1 lambda=0.647 phi=30 theta=15
0 180 0 180 0 -180 0 -0 0.144842 -139.565 0 0 0 180 0 180 0 -180
0 0 0 0 0 -0 0 -180 0.849126 -156.064 0 180 0 0 0 0 0 -0
0 180 0 -0 0 0 0 -180 0.0196014 24.3941 0 0 0 -0 0 180 0 -180
0 0 0 -0 0 180 0 0 0.0227959 -125.594 0 180 0 -180 0 180 0 -0
0 -180 0 -180 0 -0 0 -0 0.0195314 25.2124 0 180 0 0 0 0 0 -180
0 0 0 -0 0 -180 0 -0 0.0225421 -126.384 0 180 0 180 0 180 0 -0
0 -180 0 0 0 180 0 -180 0.210705 -143.438 0 -180 0 -180 0 0 0 -180
0 0 0 180 0 0 0 -0 0.781971 -158.331 0 -0 0 -0 0 180 0 -0
inside=1 lambda=0.647 phi=30 theta=30
0 180 0 180 0 -180 0 -0 0.158655 -140.729 0 0 0 180 0 180 0 -180
0 0 0 0 0 -0 0 -180 0.834764 -156.514 0 180 0 0 0 0 0 -0
0 180 0 -0 0 0 0 -180 0.0339222 24.5897 0 0 0 -0 0 180 0 -180
0 0 0 -0 0 180 0 0 0.0393559 -125.836 0 180 0 -180 0 180 0 -0
0 180 0 -180 0 -0 0 -0 0.0338536 25.0557 0 180 0 0 0 0 0 -180
0 0 0 0 0 -180 0 -0 0.0391066 -126.288 0 180 0 180 0 180 0 -0
0 180 0 0 0 180 0 -180 0.196709 -142.905 0 -180 0 -180 0 0 0 -180
0 0 0 -180 0 0 0 -0 0.795989 -157.821 0 0 0 -0 0 180 0 -0
inside=1 lambda=0.647 phi=30 theta=45
0 180 0 -180 0 -180 0 -0 0.177637 -141.97 0 0 0 180 0 180 0 -180
0 0 0 -0 0 -0 0 -180 0.815291 -157.152 0 180 0 0 0 0 0 -0
0 180 0 -0 0 0 0 -180 0.0391289 24.8325 0 0 0 -0 0 180 0 -180
0 0 0 -0 0 180 0 0 0.045282 -126.098 0 180 0 -180 0 180 0 -0
0 180 0 -180 0 -0 0 -0 0.0391289 24.8325 0 180 0 0 0 0 0 -180
0 0 0 0 0 -180 0 -0 0.045282 -126.098 0 180 0 180 0 180 0 -0
0 180 0 -0 0 180 0 -180 0.177637 -141.97 0 180 0 -180 0 0 0 -180
0 0 0 -180 0 0 0 -0 0.815291 -157.152 0 0 0 -0 0 180 0 -0
inside=1 lambda=0.647 phi=35 theta=0
0 180 0 180 0 -180 0 -0 0.130661 171.742 0 0 0 180 0 180 0 -180
0 0 0 0 0 -0 0 -180 0.870187 178.397 0 180 0 0 0 0 0 -0
0 180 0 -0 0 0 0 180 4.37761e-13 -83.9552 0 0 0 -0 0 180 0 -180
0 0 0 -180 0 180 0 0 8.62168e-13 -99.2027 0 0 0 -180 0 0 0 -0
0 -180 0 -180 0 0 0 -0 1.27758e-13 -128.117 0 -0 0 0 0 0 0 -180
0 -0 0 -0 0 180 0 -180 2.06165e-13 -95.7493 0 -0 0 180 0 180 0 -0
0 -180 0 0 0 -180 0 -180 0.239579 169.837 0 -180 0 -180 0 0 0 -180
0 -0 0 180 0 -0 0 -0 0.759394 174.967 0 -0 0 -0 0 180 0 -0
inside=1 lambda=0.647 phi=35 theta=15
0 180 0 180 0 -180 0 -0 0.1379 171.424 0 0 0 180 0 180 0 -180
0 0 0 0 0 -0 0 -180 0.862618 178.191 0 180 0 0 0 0 0 -0
0 180 0 -0 0 0 0 -180 0.0275033 -17.2703 0 0 0 -0 0 180 0 -180
0 0 0 -180 0 180 0 -0 0.0321036 -153.105 0 180 0 -180 0 0 0 -0
0 -180 0 -180 0 0 0 -0 0.0274185 -15.8843 0 180 0 0 0 0 0 -180
0 -0 0 -0 0 180 0 -180 0.0316308 -154.245 0 180 0 180 0 180 0 -0
0 -180 0 0 0 -180 0 -180 0.23227 169.835 0 -180 0 -180 0 0 0 -180
0 -0 0 180 0 -0 0 -0 0.766658 175.225 0 -0 0 -0 0 180 0 -0
inside=1 lambda=0.647 phi=35 theta=30
0 180 0 180 0 -180 0 -0 0.15775 170.755 0 0 0 180 0 180 0 -180
0 0 0 -0 0 -0 0 -180 0.842046 177.615 0 180 0 0 0 0 0 -0
0 180 0 -0 0 0 0 -180 0.0476137 -16.9303 0 0 0 -0 0 180 0 -180
0 0 0 -180 0 180 0 -0 0.0553403 -153.499 0 180 0 -180 0 0 0 -0
0 -180 0 -180 0 -0 0 -0 0.0475338 -16.1507 0 180 0 0 0 0 0 -180
0 -0 0 -0 0 -180 0 -180 0.0548836 -154.148 0 180 0 180 0 180 0 -0
0 180 0 0 0 180 0 -180 0.212278 169.904 0 -180 0 -180 0 0 0 -180
0 0 0 180 0 0 0 -0 0.786633 175.908 0 -0 0 -0 0 180 0 -0
inside=1 lambda=0.647 phi=35 theta=45
0 180 0 -180 0 -180 0 0 0.184979 170.19 0 0 0 180 0 180 0 -180
0 0 0 -0 0 -0 0 -180 0.814193 176.789 0 180 0 0 0 -0 0 -0
0 180 0 -0 0 0 0 -180 0.0549377 -16.522 0 0 0 -0 0 180 0 -180
0 0 0 -180 0 180 0 -0 0.0635914 -153.894 0 180 0 -180 0 0 0 -0
0 180 0 -180 0 -0 0 -0 0.0549377 -16.522 0 180 0 0 0 0 0 -180
0 0 0 -0 0 -180 0 -180 0.0635914 -153.894 0 0 0 180 0 180 0 -0
0 180 0 0 0 180 0 -180 0.184979 170.19 0 180 0 -180 0 0 0 -180
0 0 0 -180 0 0 0 -0 0.814193 176.789 0 -0 0 -0 0 180 0 -0
inside=1 lambda=0.647 phi=40 theta=0
0 180 0 180 0 -180 0 -0 0.114699 114.438 0 0 0 180 0 180 0 -180
0 0 0 -0 0 -180 0 180 0.89086 149.637 0 0 0 0 0 -0 0 -180
0 180 0 -0 0 0 0 -0 4.16393e-13 14.597 0 180 0 -0 0 180 0 -180
0 0 0 -180 0 0 0 180 1.44266e-12 57.1625 0 180 0 -180 0 0 0 -180
0 -180 0 -180 0 0 0 -0 4.31397e-13 17.2421 0 180 0 0 0 0 0 -180
0 -0 0 -0 0 180 0 -180 1.37133e-12 55.1892 0 -0 0 180 0 180 0 -0
0 -180 0 0 0 -180 0 -180 0.240325 117.397 0 -180 0 -180 0 0 0 -180
0 -0 0 180 0 -0 0 -0 0.743107 145.263 0 -0 0 -0 0 180 0 -0
inside=1 lambda=0.647 phi=40 theta=15
0 180 0 180 0 -180 0 -0 0.122987 114.62 0 0 0 180 0 180 0 -180
0 0 0 -0 0 -180 0 180 0.880716 149.375 0 0 0 0 0 -0 0 -180
0 180 0 -0 0 0 0 -180 0.0317118 -66.5437 0 0 0 -0 0 180 0 -180
0 -0 0 -180 0 0 0 -0 0.0427873 177.51 0 0 0 -180 0 0 0 -180
0 -180 0 -180 0 0 0 -0 0.0315946 -64.1477 0 0 0 0 0 0 0 -180
0 -0 0 -0 0 180 0 -180 0.0419269 175.855 0 0 0 180 0 180 0 -0
0 -180 0 0 0 -180 0 -180 0.231932 117.148 0 -180 0 -180 0 0 0 -180
0 -0 0 180 0 -0 0 -0 0.752727 145.6 0 -0 0 -0 0 180 0 -0
inside=1 lambda=0.647 phi=40 theta=30
0 180 0 180 0 -180 0 -0 0.145831 115.105 0 0 0 180 0 180 0 -180
0 0 0 -0 0 -180 0 180 0.853184 148.65 0 0 0 0 0 -0 0 -180
0 180 0 -0 0 0 0 -180 0.0549348 -65.9292 0 0 0 -0 0 180 0 -180
0 -0 0 -180 0 0 0 -0 0.0735666 176.86 0 0 0 -180 0 0 0 -180
0 -180 0 -180 0 -0 0 -0 0.0548343 -64.6069 0 0 0 0 0 0 0 -180
0 -0 0 -0 0 180 0 -180 0.0727596 175.927 0 0 0 180 0 180 0 -0
0 180 0 0 0 180 0 -180 0.208856 116.534 0 -180 0 -180 0 0 0 -180
0 -0 0 180 0 0 0 -0 0.779258 146.484 0 -0 0 -180 0 180 0 -0
inside=1 lambda=0.647 phi=40 theta=45
0 180 0 -180 0 -180 0 0 0.177283 115.791 0 0 0 180 0 180 0 -180
0 0 0 -0 0 -180 0 180 0.815981 147.608 0 0 0 0 0 -0 0 -180
0 180 0 -0 0 0 0 -180 0.0634006 -65.229 0 0 0 -0 0 180 0 -180
0 -0 0 -180 0 0 0 -0 0.0843738 176.259 0 0 0 180 0 0 0 -0
0 180 0 -180 0 -0 0 -0 0.0634006 -65.229 0 180 0 0 0 0 0 -180
0 -0 0 -0 0 180 0 -180 0.0843738 176.259 0 0 0 0 0 0 0 -0
0 180 0 0 0 180 0 -180 0.177283 115.791 0 180 0 -180 0 0 0 -180
0 0 0 180 0 0 0 -0 0.815981 147.608 0 -0 0 -180 0 0 0 -180
inside=1 lambda=0.647 phi=45 theta=0
0 180 0 180 0 -180 0 -0 0.102091 50.4759 0 0 0 180 0 180 0 -180
0 -0 0 -0 0 -180 0.00884505 52.9612 0.916119 118.331 0 0 0 -0 0 -0 0 -180
0 180 0 -0 0 0 0 180 5.18319e-13 -44.2741 0 180 0 -0 0 180 0 -180
0 -0 0 -180 0 0 1.93062e-13 93.9476 7.6457e-13 18.513 0 -180 0 180 0 0 0 -180
0 -180 0 -180 0 0 0 -0 3.54474e-13 -58.7308 0 180 0 0 0 0 0 -180
0 -180 0 -180 0 180 1.15198e-14 -26.857 9.60874e-13 25.9216 0 -0 0 0 0 0 0 -0
0 -180 0 0 0 -180 0 -180 0.21655 51.409 0 -180 0 -180 0 0 0 -180
0 -180 0 0 0 -180 0.0568476 -107.812 0.727226 112.273 0 -180 0 -180 0 0 0 -180
inside=1 lambda=0.647 phi=45 theta=15
0 180 0 180 0 -180 0 -0 0.108992 50.1964 0 0 0 180 0 180 0 -180
0 -0 0 -0 0 -180 0 180 0.903397 117.938 0 0 0 -0 0 -0 0 -180
0 180 0 -0 0 0 0 -180 0.030164 -137.24 0 0 0 -0 0 180 0 -180
0 -0 0 -180 0 0 0 -0 0.0563277 147.726 0 0 0 180 0 0 0 -180
0 -180 0 -180 0 0 0 -0 0.0295387 -133.107 0 180 0 0 0 0 0 -180
0 -0 0 -0 0 180 0 -180 0.0546072 145.466 0 0 0 0 0 0 0 -180
0 -180 0 0 0 180 0 -180 0.209381 51.1548 0 -180 0 -180 0 0 0 -180
0 -0 0 180 0 -0 0 -180 0.739517 112.725 0 -0 0 -180 0 0 0 -180
inside=1 lambda=0.647 phi=45 theta=30
0 180 0 180 0 -180 0 -0 0.129906 49.8484 0 0 0 180 0 180 0 -180
0 -0 0 -0 0 -180 0 180 0.867833 116.932 0 0 0 -0 0 -0 0 -180
0 180 0 -0 0 0 0 -180 0.0521317 -136.045 0 0 0 -0 0 180 0 -180
0 -0 0 -180 0 0 0 -0 0.0963321 146.692 0 0 0 180 0 0 0 -180
0 180 0 -180 0 -0 0 -0 0.0515891 -133.831 0 180 0 0 0 0 0 -180
0 -0 0 -0 0 180 0 -180 0.0947999 145.423 0 0 0 0 0 0 0 -180
0 180 0 -0 0 180 0 -180 0.188287 50.479 0 180 0 -180 0 0 0 -180
0 -0 0 180 0 -0 0 -180 0.773118 113.958 0 -0 0 -180 0 0 0 -180
inside=1 lambda=0.647 phi=45 theta=45
0 180 0 180 0 -180 0 -0 0.159051 49.9351 0 0 0 180 0 180 0 -180
0 -0 0 -0 0 -180 0 180 0.820015 115.508 0 0 0 -0 0 -0 0 -180
0 180 0 -0 0 0 0 -180 0.0599228 -134.829 0 0 0 -0 0 180 0 -180
0 -0 0 -180 0 0 0 -0 0.110098 145.823 0 0 0 180 0 0 0 -180
0 180 0 -180 0 -0 0 -0 0.0599228 -134.829 0 180 0 0 0 0 0 -180
0 -0 0 -0 0 180 0 -180 0.110098 145.823 0 0 0 0 0 0 0 -180
0 180 0 -0 0 180 0 180 0.159051 49.9351 0 180 0 -180 0 0 0 -180
0 -0 0 180 0 -0 0 -0 0.820015 115.508 0 -0 0 -180 0 0 0 -180
