RSoft_BSDF_File_Version 2
1 0 5 2 1 0.64
0.3 0.3
-1 1
-1 1
1 0.647 0.647
10 0 45 0.5
4 0 45
Begin_Dispersion_Data
0.647 1.45662 0 1 0 0
End_Dispersion_Data
inside=0 lambda=0.647 phi=0 theta=0
0 -180 0 -180 0 -180 0 0 0.129826 33.3155 0 0 0 -180 0 -180 0 -180
0 -180 0 -180 0 -180 0 0 1.19669 46.7103 0 0 0 -180 0 -180 0 -180
0 -180 0 0 0 0 0 180 6.52355e-12 166.42 0 180 0 0 0 0 0 -180
0 -180 0 0 0 0 0 -0 7.91373e-12 -102.075 0 180 0 0 0 0 0 -180
0 -180 0 180 0 0 0 180 1.04674e-11 -175.821 0 180 0 0 0 180 0 -180
0 -180 0 0 0 0 0 -0 1.28251e-11 -68.5375 0 -180 0 0 0 0 0 -180
0 -180 0 0 0 -180 0 -180 0.129826 33.3155 0 -180 0 -180 0 0 0 -180
0 -180 0 0 0 -180 0 -180 1.19669 46.7103 0 -180 0 -180 0 0 0 -180
inside=0 lambda=0.647 phi=0 theta=15
0 -180 0 -180 0 -180 0 0 0.129826 33.3155 0 0 0 -180 0 -180 0 -180
0 -180 0 -180 0 -180 0 0 1.19669 46.7103 0 0 0 -180 0 -180 0 -180
0 -180 0 0 0 0 0 180 6.52355e-12 166.42 0 180 0 0 0 0 0 -180
0 -180 0 0 0 0 0 -0 7.91373e-12 -102.075 0 180 0 0 0 0 0 -180
0 -180 0 180 0 0 0 180 1.04674e-11 -175.821 0 180 0 0 0 180 0 -180
0 -180 0 0 0 0 0 -0 1.28251e-11 -68.5375 0 -180 0 0 0 0 0 -180
0 -180 0 0 0 -180 0 -180 0.129826 33.3155 0 -180 0 -180 0 0 0 -180
0 -180 0 0 0 -180 0 -180 1.19669 46.7103 0 -180 0 -180 0 0 0 -180
inside=0 lambda=0.647 phi=0 theta=30
0 -180 0 -180 0 -180 0 0 0.129826 33.3155 0 0 0 -180 0 -180 0 -180
0 -180 0 -180 0 -180 0 0 1.19669 46.7103 0 0 0 -180 0 -180 0 -180
0 -180 0 0 0 0 0 180 6.52355e-12 166.42 0 180 0 0 0 0 0 -180
0 -180 0 0 0 0 0 -0 7.91373e-12 -102.075 0 180 0 0 0 0 0 -180
0 -180 0 180 0 0 0 180 1.04674e-11 -175.821 0 180 0 0 0 180 0 -180
0 -180 0 0 0 0 0 -0 1.28251e-11 -68.5375 0 -180 0 0 0 0 0 -180
0 -180 0 0 0 -180 0 -180 0.129826 33.3155 0 -180 0 -180 0 0 0 -180
0 -180 0 0 0 -180 0 -180 1.19669 46.7103 0 -180 0 -180 0 0 0 -180
inside=0 lambda=0.647 phi=0 theta=45
0 -180 0 -180 0 -180 0 0 0.129826 33.3155 0 0 0 -180 0 -180 0 -180
0 -180 0 -180 0 -180 0 0 1.19669 46.7103 0 0 0 -180 0 -180 0 -180
0 -180 0 0 0 0 0 180 6.52355e-12 166.42 0 180 0 0 0 0 0 -180
0 -180 0 0 0 0 0 -0 7.91373e-12 -102.075 0 180 0 0 0 0 0 -180
0 -180 0 180 0 0 0 180 1.04674e-11 -175.821 0 180 0 0 0 180 0 -180
0 -180 0 0 0 0 0 -0 1.28251e-11 -68.5375 0 -180 0 0 0 0 0 -180
0 -180 0 0 0 -180 0 -180 0.129826 33.3155 0 -180 0 -180 0 0 0 -180
0 -180 0 0 0 -180 0 -180 1.19669 46.7103 0 -180 0 -180 0 0 0 -180
inside=0 lambda=0.647 phi=5 theta=0
0 -180 0 -180 0 -180 0 0 0.133218 32.2499 0 0 0 -180 0 -180 0 -180
0 -180 0 -180 0 -180 0 0 1.19357 44.2861 0 0 0 -180 0 -180 0 -180
0 -180 0 -180 0 0 0 -0 3.72311e-13 -32.7035 0 -0 0 0 0 0 0 -180
0 -180 0 180 0 0 0 -180 1.72458e-12 -69.8943 0 -180 0 0 0 -0 0 -180
0 -180 0 -180 0 0 0 180 4.40773e-13 -104.585 0 180 0 0 0 0 0 -180
0 -180 0 -180 0 0 0 180 1.05173e-12 -72.0804 0 -0 0 0 0 0 0 -180
0 -180 0 0 0 -180 0 -180 0.136358 32.316 0 -180 0 -180 0 0 0 -180
0 -180 0 0 0 -180 0 -180 1.19821 44.198 0 -180 0 -180 0 0 0 -180
inside=0 lambda=0.647 phi=5 theta=15
0 -180 0 -180 0 -180 0 0 0.133429 32.2543 0 0 0 -180 0 -180 0 -180
0 -180 0 -180 0 -180 0 0 1.19388 44.2801 0 0 0 -180 0 -180 0 -180
0 -180 0 -180 0 0 0 -180 0.000816854 -145.619 0 0 0 0 0 0 0 -180
0 -180 0 180 0 0 0 -180 0.00150014 -175.387 0 0 0 0 0 -0 0 -180
0 -180 0 -180 0 0 0 -180 0.00081665 -145.615 0 0 0 0 0 0 0 -180
0 -180 0 -180 0 0 0 180 0.00149623 -175.249 0 -0 0 0 0 0 0 -180
0 -180 0 0 0 -180 0 -180 0.136148 32.3115 0 -180 0 -180 0 0 0 -180
0 -180 0 0 0 -180 0 -180 1.1979 44.2038 0 -180 0 -180 0 0 0 -180
inside=0 lambda=0.647 phi=5 theta=30
0 -180 0 -180 0 -180 0 0 0.134004 32.2663 0 0 0 -180 0 -180 0 -180
0 -180 0 -180 0 -180 0 0 1.19473 44.2638 0 0 0 -180 0 -180 0 -180
0 -180 0 -180 0 0 0 -180 0.00141476 -145.618 0 0 0 0 0 0 0 -180
0 -180 0 180 0 0 0 -180 0.00259686 -175.357 0 0 0 0 0 -0 0 -180
0 -180 0 -180 0 0 0 -180 0.00141455 -145.616 0 0 0 0 0 0 0 -180
0 -180 0 -180 0 0 0 180 0.00259295 -175.278 0 -0 0 0 0 0 0 -180
0 -180 0 0 0 -180 0 -180 0.135574 32.2993 0 -180 0 -180 0 0 0 -180
0 -180 0 0 0 -180 0 -180 1.19705 44.2198 0 -180 0 -180 0 0 0 -180
inside=0 lambda=0.647 phi=5 theta=45
0 -180 0 -180 0 -180 0 0 0.134789 32.2828 0 0 0 -180 0 -180 0 -180
0 -180 0 -180 0 -180 0 0 1.19589 44.2417 0 0 0 -180 0 -180 0 -180
0 -180 0 -180 0 0 0 -180 0.0016335 -145.617 0 0 0 0 0 0 0 -180
0 -180 0 180 0 0 0 -180 0.00299633 -175.317 0 0 0 0 0 -0 0 -180
0 -180 0 -180 0 0 0 -180 0.0016335 -145.617 0 0 0 0 0 0 0 -180
0 -180 0 -180 0 0 0 180 0.00299633 -175.317 0 -0 0 0 0 0 0 -180
0 -180 0 0 0 -180 0 -180 0.134789 32.2828 0 -180 0 -180 0 0 0 -180
0 -180 0 0 0 -180 0 -180 1.19589 44.2417 0 -180 0 -180 0 0 0 -180
inside=0 lambda=0.647 phi=10 theta=0
0 -180 0 -180 0 -180 0 0 0.141414 28.7257 0 0 0 -180 0 -180 0 -180
0 -180 0 -180 0 180 0 0 1.18422 37.0237 0 -0 0 -180 0 -180 0 180
0 -180 0 -180 0 0 0 -0 5.92321e-14 -167.28 0 180 0 0 0 0 0 -180
0 -180 0 180 0 0 0 180 4.02819e-13 129.645 0 -0 0 0 0 -0 0 -180
0 -180 0 -180 0 0 0 180 2.85557e-14 -2.40784 0 180 0 0 0 0 0 -180
0 -180 0 -180 0 0 0 -180 1.49407e-13 119.18 0 0 0 0 0 0 0 -180
0 -180 0 0 0 -180 0 -180 0.155664 28.6643 0 -180 0 -180 0 0 0 -180
0 -180 0 0 0 -180 0 -180 1.20282 36.6685 0 -180 0 -180 0 0 0 -180
inside=0 lambda=0.647 phi=10 theta=15
0 -180 0 -180 0 -180 0 0 0.142374 28.7188 0 0 0 -180 0 -180 0 -180
0 -180 0 -180 0 -180 0 0 1.18546 36.9986 0 -0 0 -180 0 -180 0 -180
0 -180 0 -180 0 0 0 -180 0.00366974 -152.191 0 0 0 0 0 0 0 -180
0 -180 0 180 0 0 0 -180 0.00608026 176.548 0 0 0 0 0 -0 0 -180
0 -180 0 -180 0 0 0 -180 0.00366694 -152.185 0 0 0 0 0 0 0 -180
0 -180 0 -180 0 0 0 180 0.0060134 177.115 0 -0 0 0 0 0 0 -180
0 -180 0 0 0 -180 0 -180 0.154716 28.6659 0 -180 0 -180 0 0 0 -180
0 -180 0 0 0 -180 0 -180 1.20156 36.691 0 -180 0 -180 0 0 0 -180
inside=0 lambda=0.647 phi=10 theta=30
0 -180 0 -180 0 -180 0 0 0.144993 28.7023 0 0 0 -180 0 -180 0 -180
0 -180 0 -180 0 -180 0 0 1.18885 36.9309 0 -0 0 -180 0 -180 0 -180
0 -180 0 -180 0 0 0 -180 0.00635519 -152.189 0 0 0 0 0 0 0 -180
0 -180 0 180 0 0 0 -180 0.010505 176.674 0 0 0 0 0 -0 0 -180
0 -180 0 -180 0 0 0 -180 0.0063524 -152.185 0 0 0 0 0 0 0 -180
0 -180 0 -180 0 0 0 180 0.0104382 177.001 0 -0 0 0 0 0 0 -180
0 -180 0 0 0 -180 0 -180 0.152119 28.6721 0 -180 0 -180 0 0 0 -180
0 -180 0 0 0 -180 0 -180 1.19814 36.7533 0 -180 0 -180 0 0 0 -180
inside=0 lambda=0.647 phi=10 theta=45
0 -180 0 -180 0 -180 0 0 0.148561 28.6846 0 0 0 -180 0 -180 0 -180
0 -180 0 -180 0 -180 0 0 1.19349 36.8408 0 -0 0 -180 0 -180 0 -180
0 -180 0 -180 0 0 0 -180 0.00733675 -152.186 0 0 0 0 0 0 0 -180
0 -180 0 180 0 0 0 -180 0.0120906 176.841 0 0 0 0 0 -0 0 -180
0 -180 0 -180 0 0 0 -180 0.00733675 -152.186 0 0 0 0 0 0 0 -180
0 -180 0 -180 0 0 0 180 0.0120906 176.841 0 -0 0 0 0 0 0 -180
0 -180 0 0 0 -180 0 -180 0.148561 28.6846 0 -180 0 -180 0 0 0 -180
0 -180 0 0 0 -180 0 -180 1.19349 36.8408 0 -180 0 -180 0 -0 0 -180
inside=0 lambda=0.647 phi=15 theta=0
0 -180 0 -180 0 -180 0 0 0.148209 22.3505 0 0 0 -180 0 -180 0 -180
0 -180 0 -180 0 180 0 0 1.16878 24.9351 0 -0 0 -180 0 -180 0 180
0 -180 0 -180 0 0 0 180 2.93362e-14 27.8079 0 -0 0 0 0 0 0 -180
0 -180 0 180 0 -0 0 0 2.29696e-14 59.2543 0 -180 0 0 0 -0 0 180
0 -180 0 -180 0 0 0 -0 8.15928e-14 53.6581 0 0 0 0 0 0 0 -180
0 180 0 180 0 0 0 -0 2.72744e-13 -44.4717 0 180 0 -0 0 -0 0 -180
0 -180 0 0 0 -180 0 -180 0.185628 21.0749 0 -180 0 -180 0 0 0 -180
0 180 0 -0 0 -180 0 180 1.21109 24.1547 0 -180 0 180 0 -0 0 -180
inside=0 lambda=0.647 phi=15 theta=15
0 -180 0 -180 0 -180 0 0 0.150734 22.2315 0 0 0 -180 0 -180 0 -180
0 -180 0 -180 0 180 0 0 1.17158 24.8755 0 -0 0 -180 0 -180 0 180
0 -180 0 -180 0 0 0 -180 0.00956213 -163.504 0 0 0 0 0 0 0 -180
0 -180 0 180 0 -0 0 -180 0.0139866 163.689 0 -0 0 0 0 -0 0 180
0 -180 0 -180 0 0 0 -180 0.00955274 -163.53 0 180 0 0 0 0 0 -180
0 -180 0 180 0 0 0 180 0.0136118 165.072 0 -0 0 -0 0 -0 0 180
0 -180 0 0 0 -180 0 -180 0.183145 21.1344 0 -180 0 -180 0 0 0 -180
0 -180 0 -0 0 -180 0 180 1.20821 24.1996 0 -180 0 180 0 -0 0 180
inside=0 lambda=0.647 phi=15 theta=30
0 -180 0 -180 0 -180 0 0 0.157621 21.9367 0 0 0 -180 0 -180 0 -180
0 -180 0 -180 0 180 0 0 1.17924 24.7182 0 -0 0 -180 0 -180 0 180
0 -180 0 -180 0 0 0 -180 0.0165591 -163.501 0 0 0 0 0 0 0 -180
0 -180 0 180 0 -0 0 -180 0.0240643 164.014 0 -0 0 0 0 -0 0 180
0 -180 0 -180 0 0 0 -180 0.0165498 -163.515 0 180 0 0 0 0 0 -180
0 -180 0 -180 0 0 0 180 0.0236915 164.811 0 -0 0 -0 0 -0 0 180
0 -180 0 0 0 -180 0 -180 0.17634 21.3121 0 -180 0 -180 0 0 0 -180
0 -180 0 0 0 -180 0 180 1.20038 24.328 0 -180 0 180 0 -0 0 180
inside=0 lambda=0.647 phi=15 theta=45
0 -180 0 -180 0 -180 0 0 0.167001 21.5956 0 0 0 -180 0 -180 0 -180
0 -180 0 -180 0 180 0 0 1.18977 24.5159 0 -0 0 -180 0 -180 0 180
0 -180 0 -180 0 0 0 -180 0.0191157 -163.503 0 0 0 0 0 180 0 -180
0 -180 0 180 0 -0 0 -180 0.0275587 164.429 0 -0 0 0 0 -0 0 180
0 -180 0 -180 0 0 0 -180 0.0191157 -163.503 0 180 0 0 0 0 0 -180
0 -180 0 -180 0 0 0 180 0.0275587 164.429 0 -0 0 -0 0 -0 0 180
0 -180 0 0 0 -180 0 -180 0.167001 21.5956 0 -180 0 -180 0 0 0 -180
0 -180 0 0 0 -180 0 -180 1.18977 24.5159 0 -180 0 180 0 -0 0 180
inside=0 lambda=0.647 phi=20 theta=0
0 180 0 -180 0 -180 0 0 0.143724 13.9678 0 0 0 180 0 -180 0 -180
0 -180 0 -180 0 180 0 -0 1.14729 7.97299 0 -0 0 -180 0 -180 0 180
0 -180 0 -180 0 0 0 -180 3.79686e-13 23.0796 0 180 0 0 0 0 0 -180
0 -180 0 180 0 -0 0 180 5.14492e-13 -32.8267 0 -0 0 0 0 -0 0 180
0 -180 0 -180 0 0 0 180 7.3506e-14 154.844 0 180 0 0 0 0 0 -180
0 180 0 180 0 -0 0 -0 7.00354e-13 -84.7675 0 180 0 -0 0 -0 0 180
0 -180 0 0 0 -180 0 -180 0.219031 8.6459 0 -180 0 -180 0 0 0 -180
0 180 0 -0 0 180 0 180 1.22592 6.72271 0 180 0 180 0 -0 0 180
inside=0 lambda=0.647 phi=20 theta=15
0 180 0 -180 0 -180 0 0 0.148737 13.3865 0 0 0 180 0 -180 0 -180
0 -180 0 -180 0 180 0 -0 1.15245 7.86224 0 -0 0 -180 0 -180 0 180
0 -180 0 -180 0 0 0 -180 0.0192952 -179.941 0 0 0 0 0 180 0 -180
0 -180 0 180 0 -0 0 180 0.0259437 146.957 0 -0 0 0 0 -0 0 180
0 -180 0 -180 0 0 0 -180 0.0192929 179.924 0 180 0 0 0 0 0 -180
0 180 0 180 0 -0 0 180 0.0246116 149.806 0 -0 0 -0 0 -0 0 180
0 -180 0 0 0 -180 0 -180 0.214014 8.85986 0 -180 0 -180 0 0 0 -180
0 180 0 -0 0 180 0 180 1.22052 6.77977 0 180 0 180 0 -0 0 180
inside=0 lambda=0.647 phi=20 theta=30
0 -180 0 -180 0 -180 0 0 0.162493 12.0345 0 0 0 180 0 -180 0 -180
0 -180 0 180 0 180 0 -0 1.16662 7.58098 0 -0 0 -180 0 -180 0 180
0 -180 0 -180 0 0 0 -180 0.033422 -179.928 0 0 0 0 0 180 0 -180
0 -180 0 180 0 -0 0 180 0.0442861 147.683 0 -0 0 0 0 -0 0 180
0 -180 0 -180 0 0 0 -180 0.0334208 179.997 0 180 0 0 0 0 0 -180
0 180 0 180 0 0 0 180 0.0429786 149.322 0 -0 0 -0 0 -0 0 180
0 -180 0 0 0 -180 0 -180 0.200244 9.51181 0 -180 0 -180 0 0 0 -180
0 180 0 -0 0 -180 0 180 1.20589 6.95636 0 180 0 180 0 -0 0 180
inside=0 lambda=0.647 phi=20 theta=45
0 -180 0 -180 0 -180 0 0 0.181365 10.6062 0 0 0 180 0 -180 0 -180
0 -180 0 180 0 180 0 -0 1.18615 7.24313 0 -0 0 -180 0 -180 0 180
0 -180 0 -180 0 0 0 -180 0.0385934 -179.945 0 0 0 0 0 180 0 -180
0 180 0 180 0 -0 0 180 0.0502985 148.562 0 -0 0 0 0 -0 0 180
0 -180 0 -180 0 0 0 -180 0.0385934 -179.945 0 180 0 0 0 0 0 -180
0 180 0 180 0 0 0 180 0.0502985 148.562 0 -0 0 -0 0 -0 0 180
0 -180 0 0 0 180 0 -180 0.181365 10.6062 0 -180 0 -180 0 0 0 -180
0 -180 0 -0 0 -180 0 180 1.18615 7.24313 0 -180 0 180 0 -0 0 180
inside=0 lambda=0.647 phi=25 theta=0
0 180 0 180 0 -180 0 0 0.120442 8.47448 0 0 0 180 0 180 0 -180
0 -180 0 -180 0 180 0 -0 1.11723 -14.025 0 -0 0 -180 0 -180 0 180
0 180 0 -0 0 0 0 180 1.73375e-13 -76.6478 0 180 0 -0 0 180 0 -180
0 180 0 0 0 -0 0 0 2.88858e-13 -71.6424 0 0 0 -0 0 -180 0 180
0 -180 0 -180 0 0 0 180 4.26046e-13 -112.919 0 -0 0 0 0 0 0 -180
0 180 0 180 0 -0 0 180 1.54342e-13 -67.4322 0 180 0 -0 0 -0 0 180
0 -180 0 0 0 -180 0 -180 0.238815 -8.96765 0 -180 0 -180 0 0 0 -180
0 180 0 -0 0 180 0 180 1.25683 -15.5995 0 180 0 180 0 -0 0 180
inside=0 lambda=0.647 phi=25 theta=15
0 180 0 -180 0 -180 0 0 0.127563 6.10039 0 0 0 180 0 180 0 -180
0 -180 0 -180 0 180 0 -0 1.1264 -14.2229 0 -0 0 -180 0 -180 0 180
0 180 0 -180 0 0 0 -180 0.0315069 157.537 0 0 0 -0 0 180 0 -180
0 180 0 0 0 -0 0 180 0.0448937 126.926 0 -0 0 -0 0 -180 0 180
0 -180 0 -180 0 0 0 -180 0.0316234 157.131 0 180 0 0 0 0 0 -180
0 180 0 180 0 -0 0 0 0.0412589 132.268 0 -180 0 -0 0 -0 0 180
0 -180 0 0 0 -180 0 -180 0.230651 -8.403 0 -180 0 -180 0 0 0 -180
0 180 0 -0 0 180 0 180 1.24718 -15.5819 0 180 0 180 0 -0 0 180
inside=0 lambda=0.647 phi=25 theta=30
0 180 0 -180 0 -180 0 0 0.148092 1.09366 0 0 0 180 0 180 0 -180
0 180 0 180 0 180 0 -0 1.15155 -14.678 0 -0 0 -180 0 -180 0 180
0 -180 0 -180 0 0 0 -180 0.0546173 157.615 0 0 0 -0 0 180 0 -180
0 180 0 0 0 -0 0 180 0.0756571 128.438 0 -0 0 -0 0 -180 0 180
0 -180 0 -180 0 -0 0 -180 0.0547363 157.398 0 180 0 0 0 0 0 -180
0 180 0 180 0 -0 0 0 0.0722197 131.496 0 -180 0 -0 0 -0 0 180
0 -180 0 0 0 180 0 -180 0.208161 -6.6518 0 -180 0 -180 0 0 0 -180
0 180 0 -0 0 180 0 180 1.22118 -15.4579 0 180 0 180 0 -0 0 180
inside=0 lambda=0.647 phi=25 theta=45
0 -180 0 -180 0 -180 0 0 0.17767 -3.51427 0 0 0 180 0 -180 0 -180
0 180 0 180 0 180 0 -0 1.18618 -15.145 0 -0 0 180 0 180 0 180
0 -180 0 -180 0 0 0 -180 0.063137 157.582 0 0 0 -0 0 180 0 -180
0 180 0 0 0 -0 0 180 0.0850246 130.146 0 -0 0 -0 0 -180 0 180
0 -180 0 -180 0 -0 0 -180 0.063137 157.582 0 180 0 0 0 0 0 -180
0 180 0 180 0 -0 0 0 0.0850246 130.146 0 -180 0 -0 0 -0 0 180
0 -180 0 0 0 180 0 -180 0.17767 -3.51427 0 -180 0 -180 0 0 0 -180
0 180 0 -0 0 180 0 180 1.18618 -15.145 0 180 0 180 0 -0 0 180
inside=0 lambda=0.647 phi=30 theta=0
0 180 0 180 0 -180 0.0430696 -80.5252 0.0966842 21.6475 0 0 0 180 0 180 0 -180
0 180 0 180 0 0 0 -0 1.06411 -41.1008 0 -180 0 180 0 180 0 0
0 180 0 -0 0 0 3.34442e-14 -172.836 1.97554e-13 36.8297 0 -0 0 -0 0 180 0 -180
0 180 0 0 0 -180 0 -180 3.61484e-13 84.4421 0 180 0 -0 0 -180 0 0
0 -180 0 -180 0 0 6.80925e-14 -110.063 2.69023e-13 61.8594 0 180 0 0 0 0 0 -180
0 180 0 180 0 -0 0 0 4.35965e-13 64.792 0 -180 0 -0 0 -0 0 180
0 -180 0 0 0 -180 0.159528 -119.64 0.211729 -33.1223 0 -180 0 -180 0 0 0 -180
0 180 0 -0 0 180 0 180 1.32203 -43.0732 0 180 0 180 0 -0 0 180
inside=0 lambda=0.647 phi=30 theta=15
0 180 0 180 0 -180 0 -0 0.101538 13.8357 0 0 0 180 0 180 0 -180
0 180 0 180 0 0 0 -0 1.08523 -41.563 0 -180 0 180 0 180 0 0
0 180 0 -0 0 0 0 -180 0.0385495 124.844 0 0 0 -0 0 180 0 -180
0 180 0 0 0 -180 0 180 0.0814246 101.613 0 -180 0 -0 0 -180 0 0
0 -180 0 -180 0 0 0 -180 0.0393412 123.744 0 0 0 0 0 0 0 -180
0 180 0 180 0 -0 0 0 0.0721431 109.914 0 -180 0 -0 0 -0 0 180
0 -180 0 0 0 180 0 -180 0.200248 -30.7 0 -180 0 -180 0 0 0 -180
0 180 0 -0 0 180 0 180 1.30855 -43.272 0 180 0 180 0 -0 0 180
inside=0 lambda=0.647 phi=30 theta=30
0 180 0 -180 0 -180 0 -0 0.112739 -2.17462 0 0 0 180 0 180 0 -180
0 180 0 180 0 0 0 -0 1.13187 -42.535 0 -180 0 180 0 180 0 0
0 180 0 -180 0 0 0 -180 0.0667509 125.489 0 0 0 -0 0 180 0 -180
0 180 0 0 0 -180 0 180 0.133982 104.246 0 -180 0 -0 0 -180 0 0
0 -180 0 -180 0 -0 0 -180 0.0674605 124.968 0 180 0 0 0 0 0 -180
0 180 0 180 0 -0 0 0 0.126398 109.018 0 -180 0 -0 0 -0 0 180
0 -180 0 0 0 180 0 -180 0.173708 -25.6173 0 180 0 -180 0 0 0 -180
0 180 0 -0 0 180 0 180 1.26058 -43.4918 0 180 0 180 0 -0 0 180
inside=0 lambda=0.647 phi=30 theta=45
0 180 0 -180 0 -180 0 -0 0.139761 -16.4545 0 0 0 180 0 180 0 -180
0 180 0 180 0 180 0 -0 1.196 -43.245 0 -180 0 180 0 180 0 0
0 -180 0 -180 0 0 0 -180 0.0773584 125.495 0 0 0 -0 0 180 0 -180
0 180 0 0 0 -0 0 180 0.149212 107.012 0 -0 0 -0 0 -180 0 180
0 -180 0 -180 0 -0 0 -180 0.0773584 125.495 0 180 0 0 0 0 0 -180
0 180 0 180 0 -0 0 0 0.149212 107.012 0 -180 0 -0 0 -0 0 180
0 180 0 -0 0 180 0 -180 0.139761 -16.4545 0 180 0 -180 0 0 0 -180
0 180 0 -0 0 180 0 180 1.196 -43.245 0 180 0 180 0 -180 0 0
inside=0 lambda=0.647 phi=35 theta=0
0 180 0 180 0 -180 0.132696 -67.148 0.118089 26.5897 0 0 0 180 0 180 0 -180
0 180 0 180 0 0 0 -0 0.964395 -73.4781 0 -180 0 180 0 180 0 0
0 180 0 -0 0 0 2.38445e-13 -103.15 7.0944e-13 104.486 0 -180 0 -0 0 180 0 -180
0 180 0 0 0 -180 0 -0 1.22719e-12 -155.645 0 -0 0 -0 0 -180 0 0
0 -180 0 -180 0 0 4.02564e-13 82.4471 5.41576e-13 -179.375 0 180 0 0 0 0 0 -180
0 0 0 0 0 -0 0 180 6.93929e-13 -129.568 0 0 0 -180 0 -180 0 180
0 -180 0 0 0 -180 0.211995 -81.0198 0.0885694 -58.8005 0 -180 0 -180 0 0 0 -180
0 0 0 -180 0 180 0 0 1.45056 -77.906 0 180 0 0 0 -180 0 180
inside=0 lambda=0.647 phi=35 theta=15
0 180 0 180 0 -180 0.101175 -76.6076 0.116359 24.8946 0 0 0 180 0 180 0 -180
0 180 0 180 0 0 0 -0 1.00011 -74.5824 0 -180 0 180 0 180 0 0
0 180 0 -0 0 0 0.0244929 -152.186 0.025826 54.6162 0 0 0 -0 0 180 0 -180
0 180 0 0 0 -180 0 180 0.155949 67.8026 0 -180 0 -0 0 -180 0 0
0 -180 0 -180 0 0 0.0543628 -106.349 0.0284287 57.0979 0 0 0 0 0 0 0 -180
0 180 0 180 0 -0 0 0 0.137036 76.7919 0 -180 0 -180 0 -180 0 0
0 -180 0 0 0 180 0.18934 -94.3399 0.0747906 -50.1351 0 -180 0 -180 0 0 0 -180
0 180 0 -0 0 180 0 0 1.42138 -78.4198 0 180 0 0 0 -180 0 0
inside=0 lambda=0.647 phi=35 theta=30
0 180 0 180 0 -180 0 -0 0.106314 16.8981 0 0 0 180 0 180 0 -180
0 180 0 180 0 0 0 -0 1.09763 -77.0566 0 -180 0 180 0 180 0 0
0 180 0 -0 0 0 0 -180 0.0404701 49.1261 0 0 0 -0 0 0 0 -180
0 180 0 0 0 -180 0 180 0.255525 69.3461 0 -180 0 -0 0 -180 0 0
0 -180 0 -180 0 -0 0 -180 0.0431961 49.9708 0 0 0 0 0 0 0 -180
0 180 0 180 0 -0 0 0 0.23672 75.1469 0 -180 0 -180 0 -180 0 0
0 180 0 0 0 180 0 -180 0.0659963 -17.982 0 180 0 -180 0 0 0 -180
0 180 0 -0 0 180 0 0 1.34163 -79.1754 0 180 0 0 0 -180 0 0
inside=0 lambda=0.647 phi=35 theta=45
0 180 0 -180 0 -180 0 -0 0.0832368 5.22727 0 0 0 180 0 180 0 -180
0 180 0 180 0 0 0 -0 1.21848 -78.868 0 -180 0 180 0 180 0 0
0 180 0 -180 0 0 0 -180 0.0460009 49.7978 0 0 0 -0 0 0 0 -180
0 180 0 0 0 -180 0 180 0.280288 72.6317 0 -180 0 -0 0 -180 0 0
0 180 0 -180 0 -0 0 -180 0.0460009 49.7978 0 0 0 0 0 0 0 -180
0 180 0 180 0 -0 0 0 0.280288 72.6317 0 -180 0 -180 0 -180 0 0
0 180 0 -0 0 180 0 -180 0.0832368 5.22727 0 180 0 -180 0 0 0 -180
0 180 0 -0 0 180 0 180 1.21848 -78.868 0 180 0 0 0 -180 0 0
inside=0 lambda=0.647 phi=40 theta=0
0 180 0 180 0 -180 0.301319 -58.2516 0.119164 -42.3129 0 0 0 180 0 180 0 -180
0 180 0 180 0 0 0 -180 0.757144 -109.786 0 180 0 180 0 180 0 0
0 180 0 -0 0 0 8.17038e-14 -28.4216 2.09053e-13 141.439 0 -180 0 -0 0 180 0 -180
0 180 0 -0 0 -180 0 -180 4.0041e-13 -132.441 0 0 0 -0 0 180 0 0
0 -180 0 -180 0 0 2.59262e-13 155.271 8.08177e-13 -169.141 0 -180 0 0 0 0 0 -180
0 0 0 0 0 -180 0 -0 5.90184e-13 127.204 0 180 0 -180 0 -180 0 0
0 -180 0 0 0 -180 0.370642 -68.1126 0.255907 56.8419 0 -180 0 -180 0 0 0 -180
0 0 0 -180 0 0 0 0 1.63032 -122.282 0 0 0 0 0 -180 0 0
inside=0 lambda=0.647 phi=40 theta=15
0 180 0 180 0 -180 0.22936 -70.2325 0.139092 -24.8252 0 0 0 180 0 180 0 -180
0 180 0 180 0 0 0 -0 0.822393 -114.176 0 180 0 180 0 180 0 -0
0 180 0 -0 0 0 0.0467615 118.814 0.0867378 -93.1548 0 0 0 -0 0 180 0 -180
0 180 0 -0 0 -180 0 0 0.307508 21.0949 0 -180 0 -0 0 180 0 0
0 -180 0 -180 0 0 0.112994 -96.121 0.0847644 -93.9798 0 180 0 0 0 0 0 -180
0 0 0 0 0 -180 0 -0 0.247514 32.3926 0 180 0 -180 0 -180 0 0
0 -180 0 0 0 -180 0.297561 -82.1227 0.27003 55.43 0 -180 0 -180 0 0 0 -180
0 0 0 -180 0 0 0 0 1.57213 -124.528 0 0 0 0 0 -180 0 0
inside=0 lambda=0.647 phi=40 theta=30
0 180 0 180 0 -180 0.0751303 -100.443 0.178006 0.966565 0 0 0 180 0 180 0 -180
0 180 0 180 0 0 0 -0 0.990259 -121.256 0 -180 0 180 0 180 0 -0
0 180 0 -0 0 0 0.0343758 150.71 0.173372 -94.5299 0 0 0 -0 0 180 0 -180
0 180 0 -0 0 -180 0 0 0.482055 22.6092 0 -180 0 -0 0 180 0 0
0 -180 0 -180 0 0 0.10372 -132.355 0.168965 -94.2481 0 180 0 0 0 0 0 -180
0 0 0 0 0 -180 0 -0 0.421599 27.9661 0 180 0 -180 0 -180 0 0
0 180 0 0 0 180 0.188846 -124.567 0.260801 43.9082 0 -180 0 -180 0 0 0 -180
0 0 0 -180 0 0 0 0 1.4099 -126.618 0 0 0 0 0 -180 0 0
inside=0 lambda=0.647 phi=40 theta=45
0 180 0 180 0 -180 0 -0 0.215358 23.4987 0 0 0 180 0 180 0 -180
0 180 0 180 0 0 0 -0 1.20005 -126.106 0 -180 0 180 0 180 0 0
0 180 0 -180 0 0 0 180 0.20665 -97.9812 0 0 0 -0 0 180 0 -180
0 180 0 -0 0 -180 0 0 0.502744 24.7129 0 -180 0 -180 0 180 0 0
0 180 0 180 0 -0 0 -180 0.20665 -97.9812 0 180 0 0 0 0 0 -180
0 180 0 0 0 -180 0 -0 0.502744 24.7129 0 180 0 -180 0 -180 0 0
0 180 0 -0 0 180 0 180 0.215358 23.4987 0 180 0 -180 0 0 0 -180
0 180 0 -0 0 180 0 180 1.20005 -126.106 0 180 0 0 0 -180 0 0
inside=0 lambda=0.647 phi=45 theta=0
0 180 0 0 0 -180 0.219958 -107.826 0.972637 171.282 0 0 0 180 0 0 0 -180
0 0 0 180 0 -0 0 -180 0 -0 0 180 0 0 0 180 0 -0
0 180 0 -180 0 0 4.73114e-13 109.525 9.94063e-13 -65.3951 0 180 0 -0 0 0 0 -180
0 0 0 -180 0 180 0 -0 0 180 0 -180 0 -180 0 0 0 -0
0 -180 0 180 0 -0 2.73789e-12 -40.82 1.28545e-12 152.441 0 180 0 0 0 -0 0 180
0 -0 0 -0 0 180 0 180 0 -0 0 -180 0 180 0 180 0 -0
0 -180 0 -0 0 180 0.228489 -106.333 0.976322 -10.4323 0 180 0 -180 0 -0 0 180
0 -0 0 180 0 -0 0 -0 0 180 0 -0 0 -0 0 180 0 -0
inside=0 lambda=0.647 phi=45 theta=15
0 0 0 0 0 -180 0.243007 -120.277 0.837309 168.672 0 0 0 180 0 180 0 -180
0 180 0 180 0 -0 0 -180 0 -180 0 0 0 0 0 0 0 -180
0 180 0 -180 0 0 0.200481 0.933911 0.43459 165.929 0 0 0 -0 0 180 0 -180
0 180 0 -0 0 180 0 180 0 -0 0 180 0 -180 0 0 0 -180
0 180 0 180 0 -0 0.104847 -128.852 0.460321 164.683 0 180 0 0 0 0 0 -180
0 0 0 0 0 -180 0 -0 0 -0 0 0 0 180 0 180 0 -0
0 180 0 -0 0 180 0.17191 -109.843 0.87514 -21.7843 0 180 0 -180 0 0 0 -180
0 0 0 -180 0 0 0 -0 0 180 0 0 0 -0 0 180 0 -0
inside=0 lambda=0.647 phi=45 theta=30
0 0 0 0 0 -180 0.131936 -126.679 0.522041 178.331 0 0 0 180 0 180 0 -180
0 180 0 180 0 -0 0 -180 0 -180 0 180 0 0 0 0 0 -180
0 180 0 -180 0 0 0.200326 -27.1771 0.808126 158.573 0 0 0 -0 0 180 0 -180
0 180 0 -0 0 180 0 180 0 -0 0 180 0 -180 0 0 0 -180
0 180 0 180 0 -0 0.107881 -157.557 0.826438 157.951 0 180 0 0 0 0 0 -180
0 0 0 0 0 -180 0 -0 0 -0 0 0 0 180 0 180 0 -0
0 180 0 -0 0 180 0.107234 -102.14 0.557812 -43.848 0 180 0 -180 0 0 0 -180
0 0 0 -180 0 0 0 0 0 180 0 0 0 -0 0 180 0 -0
inside=0 lambda=0.647 phi=45 theta=45
0 0 0 -180 0 -180 0 -0 0.228656 -114.613 0 0 0 180 0 180 0 -180
0 180 0 180 0 -0 0 -180 0 -180 0 180 0 0 0 0 0 -180
0 180 0 -180 0 0 0 -0 0.973507 155.387 0 0 0 -0 0 180 0 -180
0 0 0 -0 0 180 0 0 0 -0 0 180 0 -180 0 0 0 -180
0 180 0 -0 0 -0 0 -180 0.973507 155.387 0 180 0 0 0 0 0 -180
0 0 0 0 0 -180 0 -0 0 -0 0 0 0 180 0 180 0 -180
0 0 0 -0 0 180 0 -180 0.228656 -114.613 0 180 0 -180 0 0 0 -180
0 180 0 -180 0 0 0 180 0 -180 0 0 0 -0 0 180 0 -180
inside=1 lambda=0.647 phi=0 theta=0
0 -180 0 -180 0 -180 0 0 0.129826 -119.895 0 0 0 -180 0 -180 0 -180
0 -180 0 -180 0 -180 0 0 0.821554 46.7103 0 0 0 -180 0 -180 0 -180
0 -180 0 180 0 0 0 180 3.54942e-12 172.301 0 180 0 0 0 180 0 -180
0 -180 0 -180 0 0 0 -0 1.49624e-12 -53.791 0 -0 0 0 0 -180 0 -180
0 -180 0 180 0 0 0 -180 4.39697e-12 -137.255 0 -180 0 0 0 180 0 -180
0 -180 0 -180 0 0 0 -0 1.95305e-12 -8.31977 0 -180 0 0 0 -180 0 -180
0 -180 0 0 0 -180 0 -180 0.129826 -119.895 0 -180 0 -180 0 0 0 -180
0 -180 0 0 0 -180 0 -180 0.821554 46.7103 0 -180 0 -180 0 0 0 -180
inside=1 lambda=0.647 phi=0 theta=15
0 -180 0 -180 0 -180 0 0 0.129826 -119.895 0 0 0 -180 0 -180 0 -180
0 -180 0 -180 0 -180 0 0 0.821554 46.7103 0 0 0 -180 0 -180 0 -180
0 -180 0 180 0 0 0 180 3.54942e-12 172.301 0 180 0 0 0 180 0 -180
0 -180 0 -180 0 0 0 -0 1.49624e-12 -53.791 0 -0 0 0 0 -180 0 -180
0 -180 0 180 0 0 0 -180 4.39697e-12 -137.255 0 -180 0 0 0 180 0 -180
0 -180 0 -180 0 0 0 -0 1.95305e-12 -8.31977 0 -180 0 0 0 -180 0 -180
0 -180 0 0 0 -180 0 -180 0.129826 -119.895 0 -180 0 -180 0 0 0 -180
0 -180 0 0 0 -180 0 -180 0.821554 46.7103 0 -180 0 -180 0 0 0 -180
inside=1 lambda=0.647 phi=0 theta=30
0 -180 0 -180 0 -180 0 0 0.129826 -119.895 0 0 0 -180 0 -180 0 -180
0 -180 0 -180 0 -180 0 0 0.821554 46.7103 0 0 0 -180 0 -180 0 -180
0 -180 0 180 0 0 0 180 3.54942e-12 172.301 0 180 0 0 0 180 0 -180
0 -180 0 -180 0 0 0 -0 1.49624e-12 -53.791 0 -0 0 0 0 -180 0 -180
0 -180 0 180 0 0 0 -180 4.39697e-12 -137.255 0 -180 0 0 0 180 0 -180
0 -180 0 -180 0 0 0 -0 1.95305e-12 -8.31977 0 -180 0 0 0 -180 0 -180
0 -180 0 0 0 -180 0 -180 0.129826 -119.895 0 -180 0 -180 0 0 0 -180
0 -180 0 0 0 -180 0 -180 0.821554 46.7103 0 -180 0 -180 0 0 0 -180
inside=1 lambda=0.647 phi=0 theta=45
0 -180 0 -180 0 -180 0 0 0.129826 -119.895 0 0 0 -180 0 -180 0 -180
0 -180 0 -180 0 -180 0 0 0.821554 46.7103 0 0 0 -180 0 -180 0 -180
0 -180 0 180 0 0 0 180 3.54942e-12 172.301 0 180 0 0 0 180 0 -180
0 -180 0 -180 0 0 0 -0 1.49624e-12 -53.791 0 -0 0 0 0 -180 0 -180
0 -180 0 180 0 0 0 -180 4.39697e-12 -137.255 0 -180 0 0 0 180 0 -180
0 -180 0 -180 0 0 0 -0 1.95305e-12 -8.31977 0 -180 0 0 0 -180 0 -180
0 -180 0 0 0 -180 0 -180 0.129826 -119.895 0 -180 0 -180 0 0 0 -180
0 -180 0 0 0 -180 0 -180 0.821554 46.7103 0 -180 0 -180 0 0 0 -180
inside=1 lambda=0.647 phi=5 theta=0
0 -180 0 -180 0 -180 0 0 0.131463 -121.685 0 0 0 -180 0 -180 0 -180
0 -180 0 -180 0 -180 0 0 0.822205 45.569 0 0 0 -180 0 -180 0 -180
0 -180 0 -0 0 0 0 -0 4.64112e-13 155.646 0 180 0 0 0 180 0 -180
0 -180 0 180 0 0 0 -0 9.57783e-13 -38.3447 0 -0 0 0 0 -0 0 -180
0 -180 0 -180 0 0 0 180 6.16846e-13 170.062 0 180 0 0 0 0 0 -180
0 -180 0 -180 0 0 0 -0 9.50469e-13 -43.0171 0 -180 0 0 0 0 0 -180
0 -180 0 0 0 -180 0 -180 0.132903 -121.805 0 -180 0 -180 0 0 0 -180
0 -180 0 0 0 -180 0 -180 0.820388 45.5277 0 -180 0 -180 0 0 0 -180
inside=1 lambda=0.647 phi=5 theta=15
0 -180 0 -180 0 -180 0 0 0.131559 -121.693 0 0 0 -180 0 -180 0 -180
0 -180 0 -180 0 -180 0 0 0.822083 45.5663 0 0 0 -180 0 -180 0 -180
0 -180 0 -0 0 0 0 -180 0.000393003 41.0032 0 0 0 0 0 180 0 -180
0 -180 0 180 0 0 0 -180 0.000550091 79.5324 0 0 0 0 0 -0 0 -180
0 -180 0 -180 0 0 0 -0 0.000392816 41.0418 0 180 0 0 0 0 0 -180
0 -180 0 -180 0 0 0 180 0.000549568 79.4747 0 -0 0 0 0 0 0 -180
0 -180 0 0 0 -180 0 -180 0.132807 -121.798 0 -180 0 -180 0 0 0 -180
0 -180 0 0 0 -180 0 -180 0.820509 45.5305 0 -180 0 -180 0 0 0 -180
inside=1 lambda=0.647 phi=5 theta=30
0 -180 0 -180 0 -180 0 0 0.131823 -121.715 0 0 0 -180 0 -180 0 -180
0 -180 0 -180 0 -180 0 0 0.821751 45.5587 0 0 0 -180 0 -180 0 -180
0 -180 0 -0 0 0 0 -180 0.000680632 41.0114 0 0 0 0 0 180 0 -180
0 -180 0 180 0 0 0 -180 0.000952593 79.5201 0 0 0 0 0 -0 0 -180
0 -180 0 -180 0 0 0 -0 0.000680445 41.0337 0 180 0 0 0 0 0 -180
0 -180 0 -180 0 0 0 180 0.00095207 79.4868 0 -0 0 0 0 0 0 -180
0 -180 0 0 0 -180 0 -180 0.132543 -121.776 0 -180 0 -180 0 0 0 -180
0 -180 0 0 0 -180 0 -180 0.820842 45.538 0 -180 0 -180 0 0 0 -180
inside=1 lambda=0.647 phi=5 theta=45
0 -180 0 -180 0 -180 0 0 0.132183 -121.746 0 0 0 -180 0 -180 0 -180
0 -180 0 -180 0 -180 0 0 0.821296 45.5484 0 0 0 -180 0 -180 0 -180
0 -180 0 -0 0 0 0 -180 0.000785818 41.0225 0 0 0 0 0 180 0 -180
0 -180 0 180 0 0 0 -180 0.00109966 79.5034 0 0 0 0 0 -0 0 -180
0 -180 0 -180 0 0 0 -0 0.000785818 41.0225 0 180 0 0 0 0 0 -180
0 -180 0 -180 0 0 0 180 0.00109966 79.5034 0 -0 0 0 0 0 0 -180
0 -180 0 0 0 -180 0 -180 0.132183 -121.746 0 -180 0 -180 0 0 0 -180
0 -180 0 0 0 -180 0 -180 0.821296 45.5484 0 -180 0 -180 0 0 0 -180
inside=1 lambda=0.647 phi=10 theta=0
0 -180 0 -180 0 -180 0 0 0.13592 -126.933 0 0 0 -180 0 -180 0 -180
0 -180 0 -180 0 180 0 0 0.82423 42.1662 0 -0 0 -180 0 -180 0 180
0 -180 0 -0 0 0 0 -0 1.49947e-13 103.405 0 180 0 0 0 180 0 -180
0 -180 0 180 0 0 0 -180 9.49505e-13 -57.4329 0 -180 0 0 0 -0 0 -180
0 -180 0 -180 0 0 0 180 2.27752e-13 160.833 0 180 0 0 0 0 0 -180
0 -180 0 -180 0 0 0 -0 3.89093e-13 -37.9788 0 180 0 0 0 0 0 -180
0 -180 0 0 0 -180 0 -180 0.142047 -127.343 0 -180 0 -180 0 0 0 -180
0 -180 0 0 0 -180 0 -180 0.816829 42.0003 0 -180 0 -180 0 0 0 -180
inside=1 lambda=0.647 phi=10 theta=15
0 -180 0 -180 0 -180 0 0 0.136331 -126.963 0 0 0 -180 0 -180 0 -180
0 -180 0 -180 0 180 0 0 0.823733 42.1552 0 -0 0 -180 0 -180 0 180
0 -180 0 -0 0 0 0 -180 0.00165209 36.9059 0 0 0 0 0 180 0 -180
0 -180 0 180 0 0 0 -180 0.00223471 75.8429 0 -0 0 0 0 -0 0 -180
0 -180 0 -180 0 0 0 -0 0.00164919 37.0715 0 180 0 0 0 0 0 -180
0 -180 0 -180 0 0 0 180 0.0022263 75.6136 0 -0 0 0 0 0 0 -180
0 -180 0 0 0 -180 0 -180 0.141637 -127.317 0 -180 0 -180 0 0 0 -180
0 -180 0 0 0 -180 0 -180 0.817323 42.0115 0 -180 0 -180 0 -0 0 -180
inside=1 lambda=0.647 phi=10 theta=30
0 -180 0 -180 0 -180 0 0 0.137453 -127.042 0 0 0 -180 0 -180 0 -180
0 -180 0 -180 0 180 0 0 0.822376 42.125 0 -0 0 -180 0 -180 0 180
0 -180 0 -0 0 0 0 -180 0.00286044 36.941 0 0 0 0 0 180 0 -180
0 -180 0 180 0 0 0 -180 0.00386745 75.7926 0 -0 0 0 0 -0 0 -180
0 -180 0 -180 0 0 0 -0 0.00285754 37.0367 0 180 0 0 0 0 0 -180
0 -180 0 -180 0 0 0 180 0.00385904 75.6603 0 -0 0 0 0 -0 0 -180
0 -180 0 0 0 -180 0 -180 0.140517 -127.246 0 -180 0 -180 0 0 0 -180
0 -180 0 0 0 -180 0 -180 0.818676 42.042 0 -180 0 180 0 -0 0 -180
inside=1 lambda=0.647 phi=10 theta=45
0 -180 0 -180 0 -180 0 0 0.138986 -127.146 0 0 0 -180 0 -180 0 -180
0 -180 0 -180 0 180 0 0 0.820525 42.0836 0 -0 0 -180 0 -180 0 180
0 -180 0 -0 0 0 0 -180 0.00330128 36.9889 0 0 0 0 0 180 0 -180
0 -180 0 180 0 0 0 -180 0.00446084 75.7255 0 -0 0 0 0 -0 0 -180
0 -180 0 -180 0 0 0 -0 0.00330128 36.9889 0 180 0 0 0 0 0 -180
0 -180 0 -180 0 0 0 180 0.00446084 75.7255 0 -0 0 0 0 -0 0 -180
0 -180 0 0 0 -180 0 -180 0.138986 -127.146 0 -180 0 -180 0 0 0 -180
0 -180 0 0 0 -180 0 -180 0.820525 42.0836 0 -180 0 180 0 -0 0 180
inside=1 lambda=0.647 phi=15 theta=0
0 -180 0 -180 0 -180 0 0 0.141831 -135.363 0 0 0 -180 0 -180 0 -180
0 -180 0 -180 0 180 0 0 0.827865 36.5637 0 -0 0 -180 0 -180 0 180
0 -180 0 -0 0 0 0 -0 2.77096e-13 155.219 0 -0 0 0 0 180 0 -180
0 -180 0 180 0 -0 0 0 7.45229e-13 -54.5867 0 180 0 0 0 -0 0 180
0 -180 0 -180 0 0 0 -0 2.64963e-13 153.783 0 -0 0 0 0 0 0 -180
0 -180 0 180 0 0 0 180 7.78724e-13 -56.386 0 -0 0 0 0 -0 0 -180
0 -180 0 0 0 -180 0 -180 0.156864 -136.022 0 -180 0 -180 0 0 0 -180
0 180 0 -0 0 -180 0 180 0.810723 36.1917 0 -180 0 180 0 -0 0 -180
inside=1 lambda=0.647 phi=15 theta=15
0 -180 0 -180 0 -180 0 0 0.142841 -135.416 0 0 0 -180 0 -180 0 -180
0 -180 0 -180 0 180 0 0 0.826711 36.5392 0 -0 0 -180 0 -180 0 180
0 -180 0 -0 0 0 0 -180 0.00398892 30.312 0 0 0 0 0 180 0 -180
0 -180 0 180 0 -0 0 -180 0.0051515 69.6953 0 -0 0 0 0 -0 0 180
0 -180 0 -180 0 0 0 -0 0.00397514 30.7254 0 180 0 0 0 0 0 -180
0 -180 0 180 0 0 0 180 0.00510872 69.1827 0 -0 0 -0 0 -0 0 -180
0 -180 0 0 0 -180 0 -180 0.155861 -135.986 0 -180 0 -180 0 0 0 -180
0 -180 0 -0 0 -180 0 180 0.811865 36.217 0 -180 0 180 0 -0 0 180
inside=1 lambda=0.647 phi=15 theta=30
0 -180 0 -180 0 -180 0 0 0.145598 -135.554 0 0 0 -180 0 -180 0 -180
0 -180 0 -180 0 180 0 0 0.823562 36.4718 0 -0 0 -180 0 -180 0 180
0 -180 0 -0 0 0 0 -180 0.00690389 30.4005 0 0 0 0 0 180 0 -180
0 -180 0 180 0 -0 0 -180 0.00890589 69.5778 0 -0 0 0 0 -0 0 180
0 -180 0 -180 0 0 0 -0 0.00689013 30.639 0 180 0 0 0 0 0 -180
0 -180 0 -180 0 0 0 180 0.00886316 69.2819 0 -0 0 -0 0 -0 0 180
0 -180 0 0 0 -180 0 -180 0.153116 -135.882 0 -180 0 -180 0 0 0 -180
0 -180 0 0 0 -180 0 180 0.814991 36.2858 0 -180 0 180 0 -0 0 180
inside=1 lambda=0.647 phi=15 theta=45
0 -180 0 -180 0 -180 0 0 0.14936 -135.726 0 0 0 -180 0 -180 0 -180
0 -180 0 -180 0 180 0 0 0.819271 36.3792 0 -0 0 -180 0 -180 0 180
0 -180 0 -0 0 0 0 -180 0.00796395 30.5203 0 0 0 0 0 180 0 -180
0 -180 0 180 0 -0 0 -180 0.0102583 69.4253 0 -0 0 0 0 -0 0 180
0 -180 0 -180 0 0 0 -0 0.00796395 30.5203 0 180 0 0 0 0 0 -180
0 -180 0 -180 0 0 0 180 0.0102583 69.4253 0 -0 0 -0 0 -0 0 180
0 -180 0 0 0 -180 0 -180 0.14936 -135.726 0 -180 0 -180 0 0 0 -180
0 -180 0 0 0 -180 0 -180 0.819271 36.3792 0 -180 0 180 0 -0 0 180
inside=1 lambda=0.647 phi=20 theta=0
0 -180 0 -180 0 -180 0 0 0.146952 -146.722 0 0 0 -180 0 -180 0 -180
0 -180 0 -180 0 180 0 0 0.833559 28.8594 0 -0 0 -180 0 -180 0 180
0 -180 0 -0 0 0 0 180 8.31836e-14 123.229 0 -0 0 0 0 180 0 -180
0 -180 0 180 0 -0 0 -180 8.33687e-14 106.152 0 -180 0 0 0 -0 0 180
0 -180 0 -180 0 0 0 180 9.02611e-14 -147.134 0 180 0 0 0 0 0 -180
0 180 0 180 0 -0 0 0 7.94767e-14 87.1062 0 180 0 -0 0 -0 0 180
0 -180 0 0 0 -180 0 -180 0.176318 -147.272 0 -180 0 -180 0 0 0 -180
0 180 0 -0 0 180 0 180 0.801899 28.2117 0 180 0 180 0 -0 0 180
inside=1 lambda=0.647 phi=20 theta=15
0 -180 0 -180 0 -180 0 0 0.148928 -146.781 0 0 0 -180 0 -180 0 -180
0 -180 0 -180 0 180 0 0 0.83142 28.8172 0 -0 0 -180 0 -180 0 180
0 -180 0 -0 0 0 0 -180 0.00765623 21.5088 0 0 0 0 0 180 0 -180
0 -180 0 180 0 -0 0 180 0.00944185 61.1372 0 -0 0 0 0 -0 0 180
0 -180 0 -180 0 0 0 -0 0.00761783 22.3395 0 180 0 0 0 0 0 -180
0 180 0 180 0 0 0 180 0.00930656 60.2269 0 -0 0 -0 0 -0 0 180
0 -180 0 0 0 -180 0 -180 0.174362 -147.255 0 -180 0 -180 0 0 0 -180
0 180 0 -0 0 -180 0 180 0.804002 28.2563 0 180 0 180 0 -0 0 180
inside=1 lambda=0.647 phi=20 theta=30
0 -180 0 -180 0 -180 0 0 0.154321 -146.923 0 0 0 -180 0 -180 0 -180
0 -180 0 180 0 180 0 0 0.825589 28.701 0 -0 0 -180 0 -180 0 180
0 -180 0 -0 0 0 0 -180 0.0132466 21.6888 0 0 0 0 0 180 0 -180
0 -180 0 180 0 -0 0 180 0.0162979 60.9149 0 -0 0 0 0 -0 0 180
0 -180 0 -180 0 0 0 -0 0.0132084 22.1671 0 180 0 0 0 0 0 -180
0 -180 0 180 0 0 0 180 0.0161631 60.39 0 -0 0 -0 0 -0 0 180
0 -180 0 0 0 -180 0 -180 0.169009 -147.195 0 -180 0 -180 0 0 0 -180
0 -180 0 -0 0 -180 0 180 0.80976 28.3771 0 -180 0 180 0 -0 0 180
inside=1 lambda=0.647 phi=20 theta=45
0 -180 0 -180 0 -180 0 0 0.161675 -147.08 0 0 0 -180 0 -180 0 -180
0 -180 0 180 0 180 0 0 0.817656 28.5403 0 -0 0 -180 0 -180 0 180
0 -180 0 -0 0 0 0 -180 0.0152737 21.9299 0 0 0 0 0 180 0 -180
0 -180 0 180 0 -0 0 180 0.0187378 60.6378 0 -0 0 0 0 -0 0 180
0 -180 0 -180 0 0 0 -0 0.0152737 21.9299 0 180 0 0 0 0 0 -180
0 -180 0 180 0 0 0 180 0.0187378 60.6378 0 -0 0 -0 0 -0 0 180
0 -180 0 0 0 -180 0 -180 0.161675 -147.08 0 -180 0 -180 0 0 0 -180
0 -180 0 0 0 -180 0 180 0.817656 28.5403 0 -180 0 180 0 -0 0 180
inside=1 lambda=0.647 phi=25 theta=0
0 180 0 -180 0 -180 0 0 0.148434 -160.973 0 0 0 180 0 -180 0 -180
0 -180 0 -180 0 180 0 0 0.841985 19.1805 0 -0 0 -180 0 -180 0 180
0 -180 0 -0 0 0 0 -0 2.83458e-13 125.629 0 0 0 0 0 180 0 -180
0 -180 0 180 0 -0 0 0 8.16168e-13 -76.459 0 -180 0 0 0 -0 0 180
0 -180 0 -180 0 0 0 -0 2.00513e-13 151.444 0 180 0 0 0 0 0 -180
0 180 0 180 0 -0 0 -180 7.66546e-13 -81.6149 0 0 0 -0 0 -0 0 180
0 -180 0 0 0 -180 0 -180 0.198333 -160.589 0 -180 0 -180 0 0 0 -180
0 180 0 -0 0 180 0 180 0.790312 18.2197 0 180 0 180 0 -0 0 180
inside=1 lambda=0.647 phi=25 theta=15
0 -180 0 -180 0 -180 0 0 0.151795 -160.979 0 0 0 180 0 -180 0 -180
0 -180 0 180 0 180 0 0 0.83848 19.1188 0 -0 0 -180 0 -180 0 180
0 -180 0 -0 0 0 0 -180 0.0127892 10.8145 0 0 0 0 0 180 0 -180
0 -180 0 180 0 -0 0 180 0.0152524 50.3184 0 -0 0 0 0 -0 0 180
0 -180 0 -180 0 0 0 -0 0.0127173 12.2992 0 180 0 0 0 0 0 -180
0 180 0 180 0 -0 0 180 0.014924 48.8798 0 -0 0 -0 0 -0 0 180
0 -180 0 0 0 -180 0 -180 0.195019 -160.646 0 -180 0 -180 0 0 0 -180
0 180 0 -0 0 180 0 180 0.793731 18.2867 0 180 0 180 0 -0 0 180
inside=1 lambda=0.647 phi=25 theta=30
0 -180 0 -180 0 -180 0 0 0.160969 -160.971 0 0 0 180 0 -180 0 -180
0 -180 0 180 0 180 0 -0 0.828938 18.9484 0 -0 0 -180 0 -180 0 180
0 -180 0 -0 0 0 0 -180 0.0221246 11.1418 0 0 0 0 0 180 0 -180
0 -180 0 180 0 -0 0 180 0.0262725 49.9381 0 -0 0 0 0 -0 0 180
0 -180 0 -180 0 0 0 -0 0.0220539 11.9932 0 180 0 0 0 0 0 -180
0 180 0 180 0 0 0 180 0.0259473 49.1097 0 -0 0 -0 0 -0 0 180
0 -180 0 0 0 -180 0 -180 0.185937 -160.778 0 -180 0 -180 0 0 0 -180
0 180 0 -0 0 -180 0 180 0.803103 18.4679 0 180 0 180 0 -0 0 180
inside=1 lambda=0.647 phi=25 theta=45
0 -180 0 -180 0 -180 0 0 0.173475 -160.905 0 0 0 180 0 -180 0 -180
0 -180 0 180 0 180 0 -0 0.815979 18.7109 0 -0 0 -180 0 180 0 180
0 -180 0 -0 0 0 0 -180 0.0255065 11.573 0 0 0 0 0 180 0 -180
0 -180 0 180 0 -0 0 180 0.0301357 49.4867 0 -0 0 0 0 -0 0 180
0 -180 0 -180 0 0 0 -0 0.0255065 11.573 0 180 0 0 0 0 0 -180
0 -180 0 180 0 0 0 180 0.0301357 49.4867 0 -0 0 -0 0 -0 0 180
0 -180 0 0 0 180 0 -180 0.173475 -160.905 0 -180 0 -180 0 0 0 -180
0 -180 0 -0 0 -180 0 180 0.815979 18.7109 0 180 0 180 0 -0 0 180
inside=1 lambda=0.647 phi=30 theta=0
0 180 0 180 0 -180 0 0 0.143516 -178.485 0 0 0 180 0 180 0 -180
0 -180 0 180 0 180 0 -0 0.853947 7.67804 0 -0 0 -180 0 180 0 180
0 180 0 -0 0 0 0 -0 1.39247e-13 -43.8287 0 180 0 -0 0 180 0 -180
0 -180 0 180 0 -0 0 180 6.89376e-13 97.2697 0 180 0 0 0 -0 0 180
0 -180 0 -180 0 0 0 180 2.32446e-13 -85.624 0 -0 0 0 0 0 0 -180
0 180 0 180 0 -0 0 -180 6.22411e-13 95.314 0 180 0 -0 0 -0 0 180
0 -180 0 0 0 -180 0 -180 0.219492 -175.576 0 -180 0 -180 0 0 0 -180
0 180 0 -0 0 180 0 180 0.776216 6.42136 0 180 0 180 0 -0 0 180
inside=1 lambda=0.647 phi=30 theta=15
0 180 0 -180 0 -180 0 0 0.148621 -178.289 0 0 0 180 0 180 0 -180
0 -180 0 180 0 180 0 -0 0.848658 7.59786 0 -0 0 -180 0 180 0 180
0 -180 0 -0 0 0 0 -180 0.0191837 -1.45045 0 0 0 -0 0 180 0 -180
0 -180 0 180 0 -0 0 180 0.0226861 37.5552 0 -0 0 0 0 -0 0 180
0 -180 0 -180 0 0 0 -0 0.0191099 1.01946 0 0 0 0 0 0 0 -180
0 180 0 180 0 -0 0 180 0.0220124 35.4166 0 -0 0 -0 0 -0 0 180
0 -180 0 0 0 -180 0 -180 0.214454 -175.79 0 -180 0 -180 0 0 0 -180
0 180 0 -0 0 180 0 180 0.781342 6.50965 0 180 0 180 0 -0 0 180
inside=1 lambda=0.647 phi=30 theta=30
0 -180 0 -180 0 -180 0 0 0.162572 -177.769 0 0 0 180 0 180 0 -180
0 -180 0 180 0 180 0 -0 0.834274 7.37664 0 -0 0 -180 0 180 0 180
0 -180 0 -0 0 0 0 -180 0.033202 -0.894324 0 0 0 -0 0 180 0 -180
0 180 0 180 0 -0 0 180 0.0389681 36.934 0 -0 0 0 0 -0 0 180
0 -180 0 -180 0 0 0 -0 0.0331335 0.510868 0 0 0 0 0 0 0 -180
0 180 0 180 0 -0 0 180 0.0383086 35.7058 0 -0 0 -0 0 -0 0 180
0 -180 0 0 0 -180 0 -180 0.20062 -176.348 0 -180 0 -180 0 0 0 -180
0 180 0 -0 0 180 0 180 0.79541 6.7485 0 180 0 180 0 -0 0 180
inside=1 lambda=0.647 phi=30 theta=45
0 -180 0 -180 0 -180 0 0 0.181621 -177.068 0 0 0 180 0 -180 0 -180
0 180 0 180 0 180 0 -0 0.814765 7.0673 0 -0 0 -180 0 180 0 180
0 -180 0 -0 0 0 0 -180 0.0383011 -0.179262 0 0 0 0 0 0 0 -180
0 180 0 180 0 -0 0 180 0.0445755 36.239 0 -0 0 0 0 -0 0 180
0 -180 0 -180 0 0 0 -0 0.0383011 -0.179262 0 0 0 0 0 0 0 -180
0 180 0 180 0 0 0 180 0.0445755 36.239 0 -0 0 -0 0 -0 0 180
0 -180 0 0 0 180 0 -180 0.181621 -177.068 0 -180 0 -180 0 0 0 -180
0 180 0 -0 0 -180 0 180 0.814765 7.0673 0 180 0 180 0 -0 0 180
inside=1 lambda=0.647 phi=35 theta=0
0 180 0 180 0 -180 0 0 0.130889 159.627 0 0 0 180 0 180 0 -180
0 -180 0 180 0 180 0 -0 0.870161 -5.4653 0 -0 0 -180 0 180 0 180
0 180 0 -0 0 0 0 -0 8.997e-14 119.542 0 0 0 -0 0 180 0 -180
0 180 0 0 0 -0 0 -180 2.0662e-13 -104.772 0 -0 0 -0 0 -180 0 180
0 -180 0 -180 0 0 0 -0 1.38783e-13 -163.32 0 0 0 0 0 0 0 -180
0 180 0 180 0 -0 0 0 1.89009e-13 77.4951 0 180 0 -0 0 -0 0 180
0 -180 0 0 0 -180 0 -180 0.234904 168.086 0 -180 0 -180 0 0 0 -180
0 180 0 -0 0 180 0 180 0.760287 -6.94513 0 180 0 180 0 -0 0 180
inside=1 lambda=0.647 phi=35 theta=15
0 180 0 180 0 -180 0 0 0.137764 160.4 0 0 0 180 0 180 0 -180
0 -180 0 180 0 180 0 -0 0.862669 -5.56304 0 -0 0 -180 0 180 0 180
0 180 0 -0 0 0 0 -180 0.0260261 -14.9725 0 0 0 -0 0 0 0 -180
0 180 0 0 0 -0 0 180 0.0317845 23.3829 0 -0 0 0 0 -180 0 180
0 -180 0 -180 0 0 0 -0 0.0261111 -11.0406 0 0 0 0 0 0 0 -180
0 180 0 180 0 -0 0 0 0.0305414 20.2975 0 -0 0 -0 0 -0 0 180
0 -180 0 0 0 -180 0 -180 0.227979 167.586 0 -180 0 -180 0 0 0 -180
0 180 0 -0 0 180 0 180 0.767517 -6.8436 0 180 0 180 0 -0 0 180
inside=1 lambda=0.647 phi=35 theta=30
0 180 0 -180 0 -180 0 0 0.156683 162.242 0 0 0 180 0 180 0 -180
0 -180 0 180 0 180 0 -0 0.842316 -5.82702 0 -0 0 -180 0 180 0 180
0 -180 0 -0 0 0 0 -180 0.0451303 -14.0676 0 0 0 -0 0 0 0 -180
0 180 0 0 0 -0 0 180 0.0543839 22.3869 0 -0 0 -0 0 -180 0 180
0 -180 0 -180 0 0 0 -0 0.0452302 -11.8618 0 0 0 0 0 0 0 -180
0 180 0 180 0 -0 0 0 0.0531932 20.622 0 -0 0 -0 0 -0 0 180
0 -180 0 0 0 -180 0 -180 0.208901 166.242 0 -180 0 -180 0 0 0 -180
0 180 0 -0 0 180 0 180 0.787383 -6.56522 0 180 0 180 0 -0 0 180
inside=1 lambda=0.647 phi=35 theta=45
0 -180 0 -180 0 -180 0 0 0.182741 164.357 0 0 0 180 0 180 0 -180
0 180 0 180 0 180 0 -0 0.814734 -6.19116 0 -0 0 -180 0 180 0 180
0 -180 0 -0 0 0 0 -180 0.0521837 -12.9409 0 0 0 -0 0 0 0 -180
0 180 0 0 0 -0 0 180 0.0620076 21.3448 0 -0 0 -0 0 -0 0 180
0 -180 0 -180 0 -0 0 -0 0.0521837 -12.9409 0 0 0 0 0 0 0 -180
0 180 0 180 0 -0 0 0 0.0620076 21.3448 0 -0 0 -0 0 -0 0 180
0 -180 0 0 0 180 0 -180 0.182741 164.357 0 180 0 -180 0 0 0 -180
0 180 0 -0 0 -180 0 180 0.814734 -6.19116 0 180 0 180 0 -0 0 180
inside=1 lambda=0.647 phi=40 theta=0
0 180 0 180 0 -180 0 0 0.113162 130.92 0 0 0 180 0 180 0 -180
0 -180 0 180 0 180 0 -0 0.891018 -19.9987 0 -0 0 -180 0 180 0 180
0 180 0 -0 0 0 0 -0 5.63031e-13 179.904 0 0 0 -0 0 180 0 -180
0 180 0 0 0 -0 0 0 6.85907e-13 -108.085 0 -0 0 -0 0 -180 0 180
0 -180 0 -180 0 0 0 180 2.96317e-13 119.908 0 -0 0 0 0 0 0 -180
0 180 0 180 0 -0 0 -0 4.68348e-13 -64.0388 0 -180 0 -0 0 -0 0 180
0 -180 0 0 0 -180 0 -180 0.238235 150.68 0 -180 0 -180 0 0 0 -180
0 180 0 -0 0 180 0 180 0.743501 -21.631 0 180 0 180 0 -0 0 180
inside=1 lambda=0.647 phi=40 theta=15
0 180 0 180 0 -180 0 0 0.120851 133.152 0 0 0 180 0 180 0 -180
0 -180 0 180 0 180 0 -0 0.88095 -20.1271 0 -0 0 -180 0 180 0 180
0 180 0 -0 0 0 0 -180 0.0315794 -29.3813 0 0 0 -0 0 0 0 -180
0 180 0 0 0 -0 0 180 0.0426377 8.5724 0 -0 0 -0 0 -180 0 180
0 -180 0 -180 0 0 0 -0 0.0322995 -23.2482 0 0 0 0 0 0 0 -180
0 180 0 180 0 -0 0 0 0.0404459 4.19063 0 -180 0 -0 0 -0 0 180
0 -180 0 0 0 -180 0 -180 0.229743 149.673 0 -180 0 -180 0 0 0 -180
0 180 0 -0 0 180 0 180 0.753192 -21.5359 0 180 0 180 0 -0 0 180
inside=1 lambda=0.647 phi=40 theta=30
0 180 0 180 0 -180 0 0 0.142747 138.018 0 0 0 180 0 180 0 -180
0 180 0 180 0 180 0 -0 0.853626 -20.4422 0 -0 0 -180 0 180 0 180
0 -180 0 -0 0 0 0 -180 0.0550595 -27.9468 0 0 0 -0 0 0 0 -180
0 180 0 0 0 -0 0 180 0.0725099 6.98461 0 -0 0 -0 0 -180 0 180
0 -180 0 -180 0 0 0 -0 0.0558022 -24.591 0 0 0 0 0 0 0 -180
0 180 0 180 0 -0 0 0 0.070493 4.48972 0 -180 0 -0 0 -0 0 180
0 -180 0 0 0 180 0 -180 0.206116 146.974 0 -180 0 -180 0 0 0 -180
0 180 0 -0 0 180 0 180 0.779872 -21.251 0 180 0 180 0 -0 0 180
inside=1 lambda=0.647 phi=40 theta=45
0 -180 0 -180 0 -180 0 0 0.173991 142.984 0 0 0 180 0 180 0 -180
0 180 0 180 0 180 0 -0 0.816608 -20.8485 0 -0 0 -180 0 180 0 180
0 -180 0 -0 0 0 0 -180 0.0640585 -26.2315 0 0 0 -0 0 0 0 -180
0 180 0 0 0 -0 0 180 0.0823288 5.44443 0 -0 0 -0 0 -180 0 180
0 -180 0 -180 0 -0 0 -0 0.0640585 -26.2315 0 0 0 0 0 0 0 -180
0 180 0 180 0 -0 0 0 0.0823288 5.44443 0 -180 0 -0 0 -0 0 180
0 -180 0 0 0 180 0 -180 0.173991 142.984 0 180 0 -180 0 0 0 -180
0 180 0 -0 0 -180 0 180 0.816608 -20.8485 0 180 0 180 0 -0 0 180
inside=1 lambda=0.647 phi=45 theta=0
0 180 0 180 0 -180 0 0 0.102526 92.0928 0 0 0 180 0 180 0 -180
0 180 0 180 0 0 0.017223 -116.348 0.915017 -35.452 0 -180 0 180 0 180 0 0
0 180 0 -180 0 0 0 -0 3.22912e-13 164.607 0 -0 0 -0 0 0 0 -180
0 180 0 0 0 -180 1.11834e-13 -123.307 1.07039e-12 53.156 0 -180 0 -0 0 -180 0 0
0 -180 0 -180 0 0 0 180 2.39252e-13 169.219 0 -0 0 0 0 0 0 -180
0 180 0 180 0 -0 1.43569e-14 -138.965 1.1454e-12 50.1919 0 -0 0 -0 0 -0 0 180
0 -180 0 0 0 -180 0 -180 0.219786 132.473 0 -180 0 -180 0 0 0 -180
0 180 0 -0 0 180 0.13033 100.917 0.725622 -37.2986 0 180 0 180 0 -0 0 180
inside=1 lambda=0.647 phi=45 theta=15
0 180 0 180 0 -180 0 0 0.105857 97.2197 0 0 0 180 0 180 0 -180
0 180 0 180 0 0 0 -0 0.903648 -35.7435 0 -180 0 -180 0 180 0 0
0 180 0 -0 0 0 0 -180 0.0328285 -43.8394 0 0 0 -0 0 0 0 -180
0 180 0 0 0 -180 0 180 0.0558289 -5.94108 0 -180 0 -0 0 -180 0 180
0 -180 0 -180 0 0 0 -0 0.0353874 -34.1795 0 0 0 0 0 0 0 -180
0 180 0 180 0 -0 0 0 0.0518169 -12.0217 0 -180 0 -0 0 -0 0 180
0 -180 0 0 0 -180 0 -180 0.212963 130.604 0 -180 0 -180 0 0 0 -180
0 180 0 -0 0 180 0 180 0.739043 -37.3348 0 180 0 0 0 -0 0 180
inside=1 lambda=0.647 phi=45 theta=30
0 180 0 180 0 -180 0 0 0.124069 107.661 0 0 0 180 0 180 0 -180
0 180 0 180 0 0 0 -0 0.868463 -36.1894 0 -180 0 -180 0 180 0 0
0 180 0 -0 0 0 0 -180 0.0581719 -41.62 0 0 0 -0 0 0 0 -180
0 180 0 0 0 -180 0 180 0.0938421 -8.47074 0 -180 0 -0 0 -180 0 180
0 -180 0 -180 0 0 0 -0 0.0606539 -36.5893 0 0 0 0 0 0 0 -180
0 180 0 180 0 -0 0 0 0.0904365 -11.9351 0 -180 0 -180 0 -0 0 180
0 -180 0 0 0 180 0 -180 0.187651 125.483 0 -180 0 -180 0 0 0 -180
0 180 0 -0 0 180 0 180 0.773424 -37.0929 0 180 0 0 0 -180 0 180
inside=1 lambda=0.647 phi=45 theta=45
0 -180 0 -180 0 -180 0 0 0.15414 117.801 0 0 0 180 0 180 0 -180
0 180 0 180 0 0 0 -0 0.820786 -36.6664 0 -180 0 -180 0 180 0 180
0 -180 0 -0 0 0 0 -180 0.0687456 -39.0595 0 0 0 -0 0 0 0 -180
0 180 0 0 0 -180 0 180 0.105886 -10.7055 0 -180 0 -0 0 -180 0 180
0 -180 0 -180 0 -0 0 -0 0.0687456 -39.0595 0 0 0 0 0 0 0 -180
0 180 0 180 0 -0 0 0 0.105886 -10.7055 0 -180 0 -180 0 -180 0 180
0 -180 0 0 0 180 0 -180 0.15414 117.801 0 180 0 -180 0 0 0 -180
0 180 0 -0 0 -180 0 180 0.820786 -36.6664 0 180 0 0 0 -180 0 180
