RSoft_BSDF_File_Version 2
1 0 5 2 1 1.18857
0.3 0.3
-1 1
-1 1
1 0.647 0.647
10 0 45 0.5
4 0 45
Begin_Dispersion_Data
0.647 1.45662 0 1 0 0
End_Dispersion_Data
inside=0 lambda=0.647 phi=0 theta=0
0 -180 0 -180 0 -180 0 0 0.15088 27.779 0 0 0 -180 0 -180 0 -180
0 -180 0 -180 0 -180 0 0 1.19309 35.4589 0 0 0 -180 0 -180 0 -180
0 -180 0 180 0 0 0 0 1.11043e-12 -141.525 0 0 0 0 0 180 0 -180
0 -180 0 0 0 0 0 -0 1.6594e-12 -74.0366 0 180 0 0 0 0 0 -180
0 -180 0 -0 0 0 0 180 5.19856e-13 -173.32 0 180 0 0 0 -0 0 -180
0 -180 0 0 0 0 0 -0 2.07874e-12 -49.3991 0 -180 0 0 0 0 0 -180
0 -180 0 0 0 -180 0 -180 0.15088 27.779 0 -180 0 -180 0 0 0 -180
0 -180 0 0 0 -180 0 -180 1.19309 35.4589 0 -180 0 -180 0 0 0 -180
inside=0 lambda=0.647 phi=0 theta=15
0 -180 0 -180 0 -180 0 0 0.15088 27.779 0 0 0 -180 0 -180 0 -180
0 -180 0 -180 0 -180 0 0 1.19309 35.4589 0 0 0 -180 0 -180 0 -180
0 -180 0 180 0 0 0 0 1.11043e-12 -141.525 0 0 0 0 0 180 0 -180
0 -180 0 0 0 0 0 -0 1.6594e-12 -74.0366 0 180 0 0 0 0 0 -180
0 -180 0 -0 0 0 0 180 5.19856e-13 -173.32 0 180 0 0 0 -0 0 -180
0 -180 0 0 0 0 0 -0 2.07874e-12 -49.3991 0 -180 0 0 0 0 0 -180
0 -180 0 0 0 -180 0 -180 0.15088 27.779 0 -180 0 -180 0 0 0 -180
0 -180 0 0 0 -180 0 -180 1.19309 35.4589 0 -180 0 -180 0 0 0 -180
inside=0 lambda=0.647 phi=0 theta=30
0 -180 0 -180 0 -180 0 0 0.15088 27.779 0 0 0 -180 0 -180 0 -180
0 -180 0 -180 0 -180 0 0 1.19309 35.4589 0 0 0 -180 0 -180 0 -180
0 -180 0 180 0 0 0 0 1.11043e-12 -141.525 0 0 0 0 0 180 0 -180
0 -180 0 0 0 0 0 -0 1.6594e-12 -74.0366 0 180 0 0 0 0 0 -180
0 -180 0 -0 0 0 0 180 5.19856e-13 -173.32 0 180 0 0 0 -0 0 -180
0 -180 0 0 0 0 0 -0 2.07874e-12 -49.3991 0 -180 0 0 0 0 0 -180
0 -180 0 0 0 -180 0 -180 0.15088 27.779 0 -180 0 -180 0 0 0 -180
0 -180 0 0 0 -180 0 -180 1.19309 35.4589 0 -180 0 -180 0 0 0 -180
inside=0 lambda=0.647 phi=0 theta=45
0 -180 0 -180 0 -180 0 0 0.15088 27.779 0 0 0 -180 0 -180 0 -180
0 -180 0 -180 0 -180 0 0 1.19309 35.4589 0 0 0 -180 0 -180 0 -180
0 -180 0 180 0 0 0 0 1.11043e-12 -141.525 0 0 0 0 0 180 0 -180
0 -180 0 0 0 0 0 -0 1.6594e-12 -74.0366 0 180 0 0 0 0 0 -180
0 -180 0 -0 0 0 0 180 5.19856e-13 -173.32 0 180 0 0 0 -0 0 -180
0 -180 0 0 0 0 0 -0 2.07874e-12 -49.3991 0 -180 0 0 0 0 0 -180
0 -180 0 0 0 -180 0 -180 0.15088 27.779 0 -180 0 -180 0 0 0 -180
0 -180 0 0 0 -180 0 -180 1.19309 35.4589 0 -180 0 -180 0 0 0 -180
inside=0 lambda=0.647 phi=5 theta=0
0 -180 0 -180 0 -180 0 0 0.156259 25.235 0 0 0 -180 0 -180 0 -180
0 -180 0 -180 0 180 0 0 1.18951 30.9785 0 -0 0 -180 0 -180 0 180
0 -180 0 -180 0 0 0 -0 5.07359e-13 -52.196 0 -0 0 0 0 0 0 -180
0 -180 0 180 0 0 0 -180 2.93974e-12 -72.7463 0 -180 0 0 0 -0 0 -180
0 -180 0 -180 0 0 0 180 4.52044e-13 -113.613 0 180 0 0 0 0 0 -180
0 -180 0 -180 0 0 0 180 2.15824e-12 -70.9641 0 -0 0 0 0 0 0 -180
0 -180 0 0 0 -180 0 -180 0.160041 25.1165 0 -180 0 -180 0 0 0 -180
0 -180 0 0 0 -180 0 -180 1.19392 30.827 0 -180 0 -180 0 0 0 -180
inside=0 lambda=0.647 phi=5 theta=15
0 -180 0 -180 0 -180 0 0 0.156512 25.2267 0 0 0 -180 0 -180 0 -180
0 -180 0 -180 0 180 0 0 1.1898 30.9682 0 -0 0 -180 0 -180 0 180
0 -180 0 -180 0 0 0 -180 0.000999749 -161.231 0 0 0 0 0 0 0 -180
0 -180 0 180 0 0 0 -180 0.00200016 154.023 0 -0 0 0 0 -0 0 -180
0 -180 0 -180 0 0 0 -180 0.000999413 -161.222 0 0 0 0 0 0 0 -180
0 -180 0 -180 0 0 0 180 0.00199183 154.154 0 -0 0 0 0 0 0 -180
0 -180 0 0 0 -180 0 -180 0.159788 25.1241 0 -180 0 -180 0 0 0 -180
0 -180 0 0 0 -180 0 -180 1.19362 30.837 0 -180 0 -180 0 -0 0 -180
inside=0 lambda=0.647 phi=5 theta=30
0 -180 0 -180 0 -180 0 0 0.157205 25.2042 0 0 0 -180 0 -180 0 -180
0 -180 0 -180 0 180 0 0 1.19061 30.9402 0 -0 0 -180 0 -180 0 -180
0 -180 0 -180 0 0 0 -180 0.00173149 -161.229 0 0 0 0 0 0 0 -180
0 -180 0 180 0 0 0 -180 0.00346127 154.051 0 -0 0 0 0 -0 0 -180
0 -180 0 -180 0 0 0 -180 0.00173115 -161.224 0 0 0 0 0 0 0 -180
0 -180 0 -180 0 0 0 180 0.00345295 154.127 0 -0 0 0 0 -0 0 -180
0 -180 0 0 0 -180 0 -180 0.159096 25.145 0 -180 0 -180 0 0 0 -180
0 -180 0 0 0 -180 0 -180 1.19281 30.8645 0 -180 0 -180 0 -0 0 -180
inside=0 lambda=0.647 phi=5 theta=45
0 -180 0 -180 0 -180 0 0 0.158151 25.1742 0 0 0 -180 0 -180 0 -180
0 -180 0 -180 0 -180 0 0 1.19171 30.9022 0 -0 0 -180 0 -180 0 -180
0 -180 0 -180 0 0 0 -180 0.00199916 -161.227 0 0 0 0 0 0 0 -180
0 -180 0 180 0 0 0 -180 0.0039919 154.089 0 -0 0 0 0 -0 0 -180
0 -180 0 -180 0 0 0 -180 0.00199916 -161.227 0 0 0 0 0 0 0 -180
0 -180 0 -180 0 0 0 180 0.0039919 154.089 0 -0 0 0 0 -0 0 -180
0 -180 0 0 0 -180 0 -180 0.158151 25.1742 0 -180 0 -180 0 0 0 -180
0 -180 0 0 0 -180 0 -180 1.19171 30.9022 0 -180 0 -180 0 -0 0 -180
inside=0 lambda=0.647 phi=10 theta=0
0 -180 0 -180 0 -180 0 0 0.166345 17.128 0 0 0 -180 0 -180 0 -180
0 -180 0 180 0 180 0 -0 1.17957 17.5641 0 -0 0 -180 0 180 0 180
0 -180 0 -180 0 0 0 -0 9.46149e-14 139.122 0 180 0 0 0 0 0 -180
0 -180 0 180 0 -0 0 180 7.385e-13 108.783 0 -180 0 0 0 -0 0 180
0 -180 0 -180 0 0 0 180 1.00318e-14 11.2927 0 180 0 0 0 0 0 -180
0 180 0 180 0 -0 0 -180 3.64657e-13 103.939 0 0 0 -0 0 -0 0 180
0 -180 0 0 0 -180 0 -180 0.183018 16.1731 0 -180 0 -180 0 0 0 -180
0 180 0 -0 0 180 0 180 1.1971 16.9785 0 180 0 180 0 -0 0 180
inside=0 lambda=0.647 phi=10 theta=15
0 -180 0 -180 0 -180 0 0 0.167464 17.0544 0 0 0 -180 0 -180 0 -180
0 -180 0 180 0 180 0 -0 1.18073 17.523 0 -0 0 -180 0 180 0 180
0 -180 0 -180 0 0 0 -180 0.00435984 -174.34 0 0 0 0 0 0 0 -180
0 -180 0 180 0 -0 0 180 0.00804581 140.107 0 -0 0 0 0 -0 0 180
0 -180 0 -180 0 0 0 -180 0.00435645 -174.312 0 180 0 0 0 0 0 -180
0 180 0 180 0 -0 0 180 0.00790492 140.664 0 -0 0 -0 0 -0 0 180
0 -180 0 0 0 -180 0 -180 0.181903 16.2284 0 -180 0 -180 0 0 0 -180
0 180 0 -0 0 180 0 180 1.1959 17.0158 0 180 0 180 0 -0 0 180
inside=0 lambda=0.647 phi=10 theta=30
0 -180 0 -180 0 -180 0 0 0.170518 16.861 0 0 0 -180 0 -180 0 -180
0 -180 0 180 0 180 0 -0 1.18389 17.412 0 -0 0 -180 0 180 0 180
0 -180 0 -180 0 0 0 -180 0.00755003 -174.332 0 0 0 0 0 0 0 -180
0 -180 0 180 0 -0 0 180 0.0138807 140.228 0 -0 0 0 0 -0 0 180
0 -180 0 -180 0 0 0 -180 0.00754665 -174.316 0 180 0 0 0 0 0 -180
0 180 0 180 0 0 0 180 0.0137399 140.55 0 -0 0 -0 0 -0 0 180
0 -180 0 0 0 -180 0 -180 0.178856 16.3852 0 -180 0 -180 0 0 0 -180
0 180 0 -0 0 180 0 180 1.19265 17.1192 0 180 0 180 0 -0 0 180
inside=0 lambda=0.647 phi=10 theta=45
0 -180 0 -180 0 -180 0 0 0.174689 16.614 0 0 0 -180 0 -180 0 -180
0 -180 0 180 0 180 0 -0 1.18825 17.2636 0 -0 0 -180 0 180 0 180
0 -180 0 -180 0 0 0 -180 0.00871596 -174.322 0 0 0 0 0 0 0 -180
0 -180 0 180 0 -0 0 180 0.0159448 140.391 0 -0 0 0 0 -0 0 180
0 -180 0 -180 0 0 0 -180 0.00871596 -174.322 0 0 0 0 0 0 0 -180
0 -180 0 180 0 0 0 180 0.0159448 140.391 0 -0 0 -0 0 -0 0 180
0 -180 0 0 0 -180 0 -180 0.174689 16.614 0 -180 0 -180 0 0 0 -180
0 -180 0 -0 0 -180 0 180 1.18825 17.2636 0 180 0 180 0 -0 0 180
inside=0 lambda=0.647 phi=15 theta=0
0 -180 0 -180 0 -180 0 0 0.163345 3.51495 0 0 0 -180 0 -180 0 -180
0 180 0 180 0 180 0 -0 1.16596 -4.80429 0 -0 0 180 0 180 0 180
0 -180 0 -0 0 0 0 180 2.67393e-14 -24.1362 0 -0 0 0 0 180 0 -180
0 180 0 0 0 -0 0 -0 8.3902e-14 71.8248 0 -180 0 -0 0 -180 0 180
0 -180 0 -180 0 0 0 -0 8.07196e-14 -15.2274 0 0 0 0 0 0 0 -180
0 180 0 180 0 -0 0 -0 3.77846e-13 -80.8414 0 180 0 -0 0 -0 0 180
0 -180 0 0 0 -180 0 -180 0.201856 -0.318085 0 -180 0 -180 0 0 0 -180
0 180 0 -0 0 180 0 180 1.20713 -6.0012 0 180 0 180 0 -0 0 180
inside=0 lambda=0.647 phi=15 theta=15
0 -180 0 -180 0 -180 0 0 0.165882 3.18548 0 0 0 -180 0 -180 0 -180
0 180 0 180 0 180 0 -0 1.16863 -4.89526 0 -0 0 180 0 180 0 180
0 -180 0 -180 0 0 0 -180 0.010035 163.499 0 0 0 0 0 180 0 -180
0 180 0 0 0 -0 0 180 0.0185351 118.5 0 -0 0 -0 0 -180 0 180
0 -180 0 -180 0 0 0 -180 0.0100385 163.529 0 180 0 0 0 0 0 -180
0 180 0 180 0 -0 0 0 0.0177686 119.958 0 -180 0 -0 0 -0 0 180
0 -180 0 0 0 -180 0 -180 0.199244 -0.119823 0 -180 0 -180 0 0 0 -180
0 180 0 -0 0 180 0 180 1.20428 -5.93173 0 180 0 180 0 -0 0 180
inside=0 lambda=0.647 phi=15 theta=30
0 -180 0 -180 0 -180 0 0 0.172853 2.349 0 0 0 -180 0 -180 0 -180
0 180 0 180 0 180 0 -0 1.17599 -5.13572 0 -0 0 180 0 180 0 180
0 -180 0 -180 0 0 0 -180 0.0173802 163.524 0 0 0 0 0 180 0 -180
0 180 0 0 0 -0 0 180 0.0317802 118.831 0 -0 0 -0 0 -180 0 180
0 -180 0 -180 0 0 0 -180 0.0173838 163.542 0 180 0 0 0 0 0 -180
0 180 0 180 0 -0 0 0 0.0310166 119.673 0 -180 0 -0 0 -0 0 180
0 -180 0 0 0 -180 0 -180 0.192126 0.456928 0 -180 0 -180 0 0 0 -180
0 180 0 -0 0 180 0 180 1.19657 -5.73403 0 180 0 180 0 -0 0 180
inside=0 lambda=0.647 phi=15 theta=45
0 -180 0 -180 0 -180 0 0 0.182453 1.3387 0 0 0 -180 0 -180 0 -180
0 180 0 180 0 180 0 -0 1.18619 -5.44551 0 -0 0 180 0 180 0 180
0 -180 0 -180 0 0 0 -180 0.0200698 163.542 0 0 0 0 0 180 0 -180
0 180 0 0 0 -0 0 180 0.0362319 119.263 0 -0 0 -0 0 -180 0 180
0 -180 0 -180 0 0 0 -180 0.0200698 163.542 0 180 0 0 0 0 0 -180
0 180 0 180 0 -0 0 0 0.0362319 119.263 0 -180 0 -0 0 -0 0 180
0 -180 0 0 0 -180 0 -180 0.182453 1.3387 0 -180 0 -180 0 0 0 -180
0 180 0 -0 0 180 0 180 1.18619 -5.44551 0 180 0 180 0 -0 0 180
inside=0 lambda=0.647 phi=20 theta=0
0 180 0 -180 0 -180 0 0 0.12661 -11.0975 0 0 0 180 0 -180 0 -180
0 180 0 180 0 180 0 -0 1.15 -36.4285 0 -0 0 180 0 180 0 180
0 -180 0 -0 0 0 0 0 4.27451e-13 -82.7148 0 180 0 0 0 180 0 -180
0 180 0 0 0 -0 0 0 9.41463e-13 -99.1436 0 -0 0 -0 0 -180 0 180
0 -180 0 -180 0 0 0 180 8.88351e-14 -166.05 0 180 0 0 0 0 0 -180
0 180 0 180 0 -0 0 -180 1.34249e-12 -128.411 0 0 0 -0 0 -0 0 180
0 -180 0 0 0 -180 0 -180 0.177101 -23.3452 0 -180 0 -180 0 0 0 -180
0 180 0 -0 0 180 0 180 1.23657 -38.381 0 180 0 180 0 -0 0 180
inside=0 lambda=0.647 phi=20 theta=15
0 180 0 -180 0 -180 0 0 0.129569 -12.2256 0 0 0 180 0 -180 0 -180
0 180 0 180 0 180 0 -0 1.15553 -36.605 0 -0 0 180 0 180 0 180
0 -180 0 -0 0 0 0 -180 0.0137651 130.451 0 0 0 -0 0 180 0 -180
0 180 0 0 0 -0 0 180 0.0364823 89.4219 0 -0 0 -0 0 -180 0 180
0 -180 0 -180 0 0 0 -180 0.0138841 130.404 0 180 0 0 0 0 0 -180
0 180 0 180 0 -0 0 0 0.0338789 92.4854 0 -180 0 -0 0 -0 0 180
0 -180 0 0 0 -180 0 -180 0.173379 -22.7497 0 -180 0 -180 0 0 0 -180
0 180 0 -0 0 180 0 180 1.23051 -38.2953 0 180 0 180 0 -0 0 180
inside=0 lambda=0.647 phi=20 theta=30
0 180 0 -180 0 -180 0 0 0.138027 -15.0215 0 0 0 180 0 -180 0 -180
0 180 0 180 0 180 0 -0 1.17086 -37.0518 0 -0 0 180 0 180 0 180
0 -180 0 -0 0 0 0 -180 0.0238694 130.549 0 0 0 -0 0 180 0 -180
0 180 0 0 0 -0 0 180 0.0619708 90.1491 0 -0 0 -0 0 -180 0 180
0 -180 0 -180 0 0 0 -180 0.023988 130.524 0 180 0 0 0 0 0 -180
0 180 0 180 0 -0 0 0 0.0594017 91.9161 0 -180 0 -0 0 -0 0 180
0 -180 0 0 0 -180 0 -180 0.163414 -21.0038 0 -180 0 -180 0 0 0 -180
0 180 0 -0 0 180 0 180 1.21415 -38.027 0 180 0 180 0 -0 0 180
inside=0 lambda=0.647 phi=20 theta=45
0 -180 0 -180 0 -180 0 0 0.150349 -18.2714 0 0 0 180 0 -180 0 -180
0 180 0 180 0 180 0 -0 1.19225 -37.5832 0 -0 0 180 0 180 0 180
0 -180 0 -180 0 0 0 -180 0.0276216 130.59 0 0 0 0 0 180 0 -180
0 180 0 0 0 -0 0 180 0.0699345 91.0719 0 -0 0 -0 0 -180 0 180
0 -180 0 -180 0 0 0 -180 0.0276216 130.59 0 180 0 0 0 0 0 -180
0 180 0 180 0 -0 0 0 0.0699345 91.0719 0 -180 0 -0 0 -0 0 180
0 -180 0 0 0 180 0 -180 0.150349 -18.2714 0 -180 0 -180 0 0 0 -180
0 180 0 -0 0 180 0 180 1.19225 -37.5832 0 180 0 180 0 -0 0 180
inside=0 lambda=0.647 phi=25 theta=0
0 180 0 180 0 -180 0 0 0.0737989 -4.24086 0 0 0 180 0 180 0 -180
0 180 0 180 0 0 0 -0 1.12235 -77.6958 0 -180 0 180 0 180 0 0
0 180 0 -0 0 0 0 -180 2.22322e-13 152.939 0 0 0 -0 0 180 0 -180
0 180 0 0 0 -180 0 -0 6.22901e-13 -152.748 0 -0 0 -0 0 -180 0 0
0 -180 0 -180 0 0 0 180 4.39959e-13 122.058 0 -0 0 0 0 0 0 -180
0 0 0 0 0 -180 0 0 3.61146e-13 -158.32 0 0 0 -180 0 -180 0 0
0 -180 0 0 0 -180 0 -180 0.0651753 -22.4822 0 -180 0 -180 0 0 0 -180
0 0 0 -180 0 0 0 0 1.29153 -81.5108 0 0 0 0 0 -180 0 0
inside=0 lambda=0.647 phi=25 theta=15
0 180 0 -180 0 -180 0 0 0.0730859 -4.78124 0 0 0 180 0 180 0 -180
0 180 0 180 0 0 0 -0 1.13261 -78.1283 0 -180 0 180 0 180 0 0
0 180 0 -0 0 0 0 -180 0.00248852 22.3891 0 0 0 -0 0 180 0 -180
0 180 0 0 0 -180 0 180 0.0709905 47.1245 0 -180 0 -0 0 -180 0 0
0 -180 0 -180 0 0 0 -180 0.00289473 32.2523 0 180 0 0 0 0 0 -180
0 0 0 0 0 -180 0 0 0.0634856 51.7201 0 -180 0 -180 0 -180 0 0
0 -180 0 0 0 -180 0 -180 0.0656135 -20.1323 0 -180 0 -180 0 0 0 -180
0 0 0 -180 0 0 0 0 1.27905 -81.4315 0 0 0 0 0 -180 0 0
inside=0 lambda=0.647 phi=25 theta=30
0 180 0 -180 0 -180 0 0 0.0712673 -6.49517 0 0 0 180 0 180 0 -180
0 180 0 180 0 0 0 -0 1.16146 -79.1608 0 -180 0 180 0 180 0 0
0 -180 0 -0 0 0 0 -180 0.00417026 24.8518 0 0 0 -0 0 180 0 -180
0 180 0 0 0 -180 0 180 0.118893 48.1906 0 -180 0 -0 0 -180 0 0
0 -180 0 -180 0 0 0 -180 0.00456684 30.6882 0 180 0 0 0 0 0 -180
0 180 0 0 0 -0 0 0 0.111651 50.8412 0 -180 0 -180 0 -180 0 0
0 -180 0 0 0 180 0 -180 0.0669265 -14.9158 0 -180 0 -180 0 0 0 -180
0 180 0 -180 0 180 0 0 1.24593 -81.0672 0 180 0 0 0 -180 0 0
inside=0 lambda=0.647 phi=25 theta=45
0 180 0 -180 0 -180 0 0 0.0689886 -9.85813 0 0 0 180 0 -180 0 -180
0 180 0 180 0 0 0 -0 1.20266 -80.2732 0 -180 0 180 0 180 0 0
0 -180 0 -180 0 0 0 -180 0.00489394 28.0569 0 0 0 -0 0 180 0 -180
0 180 0 0 0 -180 0 0 0.13246 49.5637 0 -180 0 -0 0 -180 0 0
0 -180 0 -180 0 -0 0 -180 0.00489394 28.0569 0 180 0 0 0 0 0 -180
0 180 0 0 0 -0 0 0 0.13246 49.5637 0 -180 0 -180 0 -180 0 0
0 180 0 0 0 180 0 -180 0.0689886 -9.85813 0 -180 0 -180 0 0 0 -180
0 180 0 -0 0 180 0 180 1.20266 -80.2732 0 180 0 0 0 -180 0 0
inside=0 lambda=0.647 phi=30 theta=0
0 180 0 180 0 -180 0.0418993 -81.8314 0.0582461 19.7371 0 0 0 180 0 180 0 -180
0 0 0 180 0 -0 0 -180 1.06757 -128.27 0 180 0 0 0 180 0 -0
0 180 0 -0 0 0 3.70654e-14 0.882659 1.67158e-13 -141.85 0 -0 0 -0 0 180 0 -180
0 0 0 -0 0 180 0 180 5.90917e-13 -27.1846 0 0 0 -180 0 180 0 -0
0 -180 0 -180 0 0 5.8883e-14 -126.304 1.95856e-13 -109.552 0 180 0 0 0 0 0 -180
0 0 0 0 0 -180 0 -0 8.99604e-13 -36.1354 0 180 0 -180 0 -180 0 0
0 -180 0 0 0 -180 0.2046 -119.907 0.206037 36.9759 0 -180 0 -180 0 0 0 -180
0 0 0 -180 0 0 0 0 1.3211 -135.722 0 0 0 0 0 -180 0 0
inside=0 lambda=0.647 phi=30 theta=15
0 180 0 180 0 -180 0 -0 0.0732341 19.9262 0 0 0 180 0 180 0 -180
0 0 0 180 0 -0 0 -180 1.08475 -129.312 0 180 0 0 0 0 0 -0
0 180 0 -180 0 0 0 -180 0.0446521 -137.669 0 0 0 -0 0 180 0 -180
0 0 0 -0 0 180 0 0 0.125333 -11.2732 0 180 0 -180 0 180 0 0
0 -180 0 -180 0 0 0 -180 0.0433256 -137.057 0 180 0 0 0 0 0 -180
0 0 0 0 0 -180 0 -0 0.102408 -5.75741 0 180 0 -180 0 -180 0 0
0 -180 0 0 0 -180 0 -180 0.202531 36.4827 0 -180 0 -180 0 0 0 -180
0 0 0 -180 0 0 0 0 1.30429 -135.775 0 0 0 0 0 -180 0 0
inside=0 lambda=0.647 phi=30 theta=30
0 180 0 -180 0 -180 0 -0 0.103557 23.8642 0 0 0 180 0 180 0 -180
0 0 0 0 0 -0 0 -180 1.12356 -131.678 0 180 0 0 0 0 0 -0
0 180 0 -180 0 0 0 -180 0.0770605 -138.326 0 0 0 -0 0 180 0 -180
0 0 0 -0 0 180 0 0 0.201237 -10.2844 0 180 0 -180 0 180 0 0
0 -180 0 -180 0 0 0 -180 0.0759851 -137.944 0 180 0 0 0 0 0 -180
0 0 0 0 0 -180 0 -0 0.180451 -6.92389 0 180 0 -180 0 -180 0 0
0 -180 0 0 0 180 0 -180 0.180324 32.971 0 -180 0 -180 0 0 0 -180
0 0 0 -180 0 0 0 0 1.24893 -135.386 0 0 0 0 0 -180 0 0
inside=0 lambda=0.647 phi=30 theta=45
0 180 0 -180 0 -180 0 0 0.143587 28.7957 0 0 0 180 0 180 0 -180
0 0 0 0 0 -0 0 -180 1.18256 -133.944 0 -180 0 0 0 0 0 0
0 -180 0 -180 0 0 0 -180 0.0883216 -138.37 0 0 0 -0 0 180 0 -180
0 0 0 -0 0 -180 0 0 0.217317 -8.59437 0 -180 0 -180 0 180 0 0
0 -180 0 -180 0 -0 0 -180 0.0883216 -138.37 0 180 0 0 0 0 0 -180
0 0 0 0 0 -180 0 -0 0.217317 -8.59437 0 180 0 -180 0 -180 0 0
0 180 0 0 0 180 0 -180 0.143587 28.7957 0 180 0 -180 0 0 0 -180
0 0 0 -180 0 0 0 0 1.18256 -133.944 0 0 0 -0 0 -180 0 0
inside=0 lambda=0.647 phi=35 theta=0
0 180 0 180 0 -180 0.117992 -68.2527 0.0893215 95.4283 0 0 0 180 0 180 0 -180
0 0 0 0 0 -0 0 -180 0.971028 170.983 0 180 0 0 0 0 0 -0
0 180 0 -0 0 0 7.5602e-14 32.8578 7.05398e-13 -133.114 0 0 0 -0 0 180 0 -180
0 0 0 -180 0 180 0 180 1.06761e-12 87.2443 0 -180 0 -180 0 0 0 -0
0 -180 0 -180 0 0 3.1606e-13 96.5778 5.88361e-13 -73.5725 0 -180 0 0 0 0 0 -180
0 -0 0 -0 0 180 0 0 8.77416e-13 107.753 0 -0 0 180 0 180 0 -0
0 -180 0 0 0 -180 0.189709 -99.6887 0.345615 -16.9526 0 -180 0 -180 0 0 0 -180
0 -0 0 180 0 -0 0 -0 1.36814 162.902 0 -0 0 -0 0 180 0 -0
inside=0 lambda=0.647 phi=35 theta=15
0 180 0 180 0 -180 0.0939302 -77.643 0.0718677 78.6541 0 0 0 180 0 180 0 -180
0 0 0 0 0 -0 0 -180 0.99613 169.179 0 180 0 0 0 0 0 -0
0 180 0 -180 0 0 0.0243311 -94.2177 0.0890863 151.459 0 0 0 -0 0 180 0 -180
0 0 0 -180 0 180 0 -0 0.200147 -71.9256 0 180 0 -180 0 0 0 -0
0 -180 0 -180 0 -0 0.046155 -115.459 0.0908554 151.24 0 180 0 0 0 0 0 -180
0 -0 0 -0 0 180 0 -180 0.145871 -60.6315 0 0 0 180 0 180 0 -0
0 -180 0 0 0 180 0.176998 -110.114 0.315062 -16.724 0 -180 0 -180 0 0 0 -180
0 -0 0 180 0 -0 0 -0 1.34015 162.355 0 -0 0 -0 0 180 0 -0
inside=0 lambda=0.647 phi=35 theta=30
0 180 0 180 0 -180 0 -0 0.0778433 16.9339 0 0 0 180 0 180 0 -180
0 0 0 0 0 -0 0 -180 1.06938 165.369 0 180 0 0 0 0 0 -0
0 180 0 -180 0 0 0 -180 0.151085 152.448 0 0 0 -0 0 180 0 -180
0 0 0 -180 0 180 0 -0 0.309086 -70.3178 0 180 0 -180 0 0 0 -0
0 -180 0 -180 0 -0 0 -180 0.152235 152.35 0 180 0 0 0 0 0 -180
0 -0 0 -0 0 180 0 -180 0.257444 -63.22 0 0 0 180 0 180 0 -0
0 180 0 -0 0 180 0 -180 0.243222 -14.996 0 180 0 -180 0 0 0 -180
0 -0 0 180 0 0 0 -0 1.26868 161.683 0 -0 0 -0 0 180 0 -0
inside=0 lambda=0.647 phi=35 theta=45
0 180 0 -180 0 -180 0 -0 0.153072 -9.63395 0 0 0 180 0 180 0 -180
0 0 0 0 0 -0 0 -180 1.1655 162.525 0 180 0 0 0 0 0 -0
0 180 0 -180 0 0 0 -180 0.174249 152.651 0 0 0 -0 0 180 0 -180
0 0 0 -180 0 180 0 -0 0.317527 -66.5383 0 180 0 -180 0 0 0 -0
0 180 0 -180 0 -0 0 -180 0.174249 152.651 0 180 0 0 0 0 0 -180
0 0 0 -0 0 -180 0 -180 0.317527 -66.5383 0 0 0 180 0 180 0 -0
0 180 0 -0 0 180 0 -180 0.153072 -9.63395 0 180 0 -180 0 0 0 -180
0 0 0 -180 0 0 0 0 1.1655 162.525 0 0 0 -0 0 180 0 -0
inside=0 lambda=0.647 phi=40 theta=0
0 180 0 180 0 -180 0.28713 -48.7175 0.208571 33.6104 0 0 0 180 0 180 0 -180
0 -0 0 -0 0 -180 0 180 0.749348 102.192 0 0 0 -0 0 -0 0 -180
0 -180 0 -0 0 0 1.19055e-13 38.784 1.90258e-13 -156.826 0 -180 0 0 0 180 0 -180
0 -0 0 -180 0 0 0 0 3.83886e-13 85.2927 0 -180 0 180 0 0 0 -180
0 -180 0 -180 0 0 1.85511e-13 -154.091 7.87351e-13 -114.681 0 -180 0 0 0 0 0 -180
0 -180 0 -180 0 0 0 180 8.69907e-13 -16.9801 0 -0 0 0 0 0 0 -180
0 -180 0 0 0 -180 0.33389 -55.8463 0.0312556 153.968 0 -180 0 -180 0 0 0 -180
0 -180 0 0 0 -180 0 -180 1.70925 86.1084 0 -180 0 -180 0 0 0 -180
inside=0 lambda=0.647 phi=40 theta=15
0 180 0 180 0 -180 0.215827 -61.3958 0.22633 35.8481 0 0 0 180 0 180 0 -180
0 -0 0 -0 0 -180 0 180 0.801256 94.9024 0 0 0 -0 0 -0 0 -180
0 -180 0 -0 0 0 0.0447521 170.203 0.0430873 -7.78393 0 0 0 0 0 0 0 -180
0 -0 0 -180 0 0 0 -0 0.439615 -145.821 0 0 0 180 0 0 0 -180
0 -180 0 -180 0 0 0.106049 -87.7885 0.0473554 0.800465 0 0 0 0 0 0 0 -180
0 -180 0 -180 0 0 0 -180 0.305964 -129.278 0 0 0 0 0 0 0 -180
0 -180 0 0 0 -180 0.278364 -72.797 0.0919781 95.1753 0 -180 0 -180 0 0 0 -180
0 -180 0 0 0 -180 0 -180 1.62398 81.4759 0 -180 0 -180 0 0 0 -180
inside=0 lambda=0.647 phi=40 theta=30
0 180 0 180 0 -180 0.0740504 -98.1118 0.245554 41.9358 0 0 0 180 0 180 0 -180
0 -0 0 -0 0 -180 0 180 0.954402 83.0781 0 0 0 -0 0 -0 0 -180
0 180 0 -180 0 0 0.0584646 -169.922 0.0747927 -31.5183 0 0 0 -0 0 0 0 -180
0 -0 0 -180 0 0 0 -0 0.65089 -146.016 0 0 0 180 0 0 0 -180
0 -180 0 -180 0 0 0.100698 -126.724 0.0785118 -24.5694 0 0 0 0 0 0 0 -180
0 -0 0 -0 0 180 0 -180 0.531936 -138.065 0 0 0 0 0 0 0 -180
0 -180 0 0 0 180 0.194804 -119.331 0.190516 68.2071 0 -180 0 -180 0 0 0 -180
0 -0 0 180 0 -0 0 -180 1.41362 76.0947 0 -0 0 -180 0 0 0 -180
inside=0 lambda=0.647 phi=40 theta=45
0 180 0 -180 0 -180 0 -0 0.233761 51.2357 0 0 0 180 0 180 0 -180
0 -0 0 -0 0 -180 0 180 1.17351 75.9616 0 0 0 -0 0 -0 0 -180
0 180 0 -180 0 0 0 -180 0.0847263 -40.1856 0 0 0 -0 0 0 0 -180
0 -0 0 -180 0 0 0 -0 0.652104 -143.879 0 0 0 180 0 0 0 -180
0 180 0 -180 0 -0 0 -180 0.0847263 -40.1856 0 0 0 0 0 0 0 -180
0 -0 0 -0 0 180 0 -180 0.652104 -143.879 0 0 0 0 0 0 0 -180
0 180 0 -0 0 180 0 -180 0.233761 51.2357 0 180 0 -180 0 0 0 -180
0 -0 0 180 0 -0 0 -0 1.17351 75.9616 0 -0 0 -180 0 0 0 -180
inside=0 lambda=0.647 phi=45 theta=0
0 180 0 180 0 -180 0.200341 -103.848 0.977354 178.047 0 0 0 180 0 180 0 -180
0 -0 0 -0 0 180 0 180 0 180 0 -0 0 -0 0 -0 0 180
0 180 0 -0 0 0 4.90815e-13 99.9237 9.39395e-13 -70.5644 0 180 0 -0 0 180 0 -180
0 -0 0 180 0 -0 0 0 0 -0 0 0 0 180 0 -0 0 180
0 180 0 180 0 -0 1.94964e-12 -42.5064 1.60278e-12 162.046 0 180 0 -0 0 -0 0 180
0 180 0 180 0 -0 0 180 0 0 0 180 0 -0 0 -0 0 180
0 180 0 -0 0 180 0.124888 -111.106 0.992985 -16.2515 0 180 0 180 0 -0 0 180
0 180 0 -0 0 180 0 180 0 -0 0 180 0 180 0 -0 0 180
inside=0 lambda=0.647 phi=45 theta=15
0 0 0 0 0 -180 0.237281 -125.758 0.894879 170.08 0 0 0 180 0 180 0 -180
0 -0 0 -0 0 180 0 0 0 0 0 -180 0 -180 0 -180 0 0
0 180 0 -180 0 0 0.117045 -4.08085 0.305156 151.015 0 0 0 -0 0 180 0 -180
0 -0 0 180 0 -0 0 -0 0 180 0 -0 0 0 0 -180 0 0
0 180 0 180 0 -0 0.0730894 -104.438 0.394522 151.933 0 180 0 0 0 -0 0 -180
0 -180 0 -180 0 -0 0 180 0 180 0 -180 0 -0 0 -0 0 180
0 180 0 -0 0 180 0.016686 -89.3954 0.934168 -44.0909 0 180 0 -180 0 0 0 -180
0 -180 0 0 0 -180 0 180 0 -0 0 180 0 180 0 -0 0 180
inside=0 lambda=0.647 phi=45 theta=30
0 0 0 0 0 -180 0.11559 -146.293 0.843818 175.951 0 0 0 180 0 0 0 -180
0 -0 0 -0 0 180 0 0 0 -0 0 -180 0 180 0 -180 0 0
0 0 0 -180 0 0 0.129576 -47.85 0.437869 123.389 0 0 0 -0 0 0 0 -180
0 -180 0 180 0 -0 0 -0 0 180 0 -0 0 -0 0 -180 0 0
0 180 0 180 0 -0 0.0931035 -121.622 0.582433 124.58 0 180 0 180 0 0 0 -180
0 -180 0 -180 0 -0 0 180 0 180 0 -180 0 -0 0 -0 0 180
0 180 0 -0 0 180 0.0933842 -22.2419 0.84732 -103.747 0 180 0 -0 0 0 0 -180
0 -180 0 0 0 180 0 -180 0 -0 0 180 0 180 0 -0 0 180
inside=0 lambda=0.647 phi=45 theta=45
0 0 0 180 0 -180 0 -180 0.821245 -157.128 0 0 0 0 0 0 0 -180
0 -0 0 -0 0 180 0 0 0 -0 0 -0 0 180 0 180 0 0
0 0 0 -180 0 0 0 -0 0.570576 112.872 0 0 0 -180 0 0 0 -180
0 -180 0 180 0 -0 0 -180 0 180 0 -0 0 -0 0 -180 0 0
0 0 0 -0 0 -180 0 -180 0.570576 112.872 0 0 0 0 0 0 0 -180
0 -180 0 -180 0 -0 0 180 0 180 0 -180 0 -0 0 -0 0 0
0 0 0 -180 0 0 0 180 0.821245 -157.128 0 0 0 -180 0 0 0 -180
0 -0 0 0 0 180 0 -0 0 -0 0 180 0 180 0 -0 0 0
inside=1 lambda=0.647 phi=0 theta=0
0 -180 0 -180 0 -180 0 0 0.15088 -136.861 0 0 0 -180 0 -180 0 -180
0 180 0 -180 0 180 0 -0 0.819081 35.4589 0 -0 0 180 0 -180 0 180
0 -180 0 0 0 0 0 180 6.70256e-13 43.7994 0 -180 0 0 0 -0 0 -180
0 -180 0 -180 0 0 0 -0 1.62225e-12 106.353 0 -0 0 0 0 -180 0 -180
0 -180 0 180 0 0 0 -0 8.63475e-13 -22.5861 0 -0 0 0 0 180 0 -180
0 -180 0 -180 0 0 0 -0 1.88003e-12 126.942 0 -180 0 0 0 -180 0 -180
0 -180 0 0 0 -180 0 -180 0.15088 -136.861 0 -180 0 -180 0 0 0 -180
0 180 0 -0 0 180 0 -180 0.819081 35.4589 0 -180 0 180 0 -0 0 180
inside=1 lambda=0.647 phi=0 theta=15
0 -180 0 -180 0 -180 0 0 0.15088 -136.861 0 0 0 -180 0 -180 0 -180
0 180 0 -180 0 180 0 -0 0.819081 35.4589 0 -0 0 180 0 -180 0 180
0 -180 0 0 0 0 0 180 6.70256e-13 43.7994 0 -180 0 0 0 -0 0 -180
0 -180 0 -180 0 0 0 -0 1.62225e-12 106.353 0 -0 0 0 0 -180 0 -180
0 -180 0 180 0 0 0 -0 8.63475e-13 -22.5861 0 -0 0 0 0 180 0 -180
0 -180 0 -180 0 0 0 -0 1.88003e-12 126.942 0 -180 0 0 0 -180 0 -180
0 -180 0 0 0 -180 0 -180 0.15088 -136.861 0 -180 0 -180 0 0 0 -180
0 180 0 -0 0 180 0 -180 0.819081 35.4589 0 -180 0 180 0 -0 0 180
inside=1 lambda=0.647 phi=0 theta=30
0 -180 0 -180 0 -180 0 0 0.15088 -136.861 0 0 0 -180 0 -180 0 -180
0 180 0 -180 0 180 0 -0 0.819081 35.4589 0 -0 0 180 0 -180 0 180
0 -180 0 0 0 0 0 180 6.70256e-13 43.7994 0 -180 0 0 0 -0 0 -180
0 -180 0 -180 0 0 0 -0 1.62225e-12 106.353 0 -0 0 0 0 -180 0 -180
0 -180 0 180 0 0 0 -0 8.63475e-13 -22.5861 0 -0 0 0 0 180 0 -180
0 -180 0 -180 0 0 0 -0 1.88003e-12 126.942 0 -180 0 0 0 -180 0 -180
0 -180 0 0 0 -180 0 -180 0.15088 -136.861 0 -180 0 -180 0 0 0 -180
0 180 0 -0 0 180 0 -180 0.819081 35.4589 0 -180 0 180 0 -0 0 180
inside=1 lambda=0.647 phi=0 theta=45
0 -180 0 -180 0 -180 0 0 0.15088 -136.861 0 0 0 -180 0 -180 0 -180
0 180 0 -180 0 180 0 -0 0.819081 35.4589 0 -0 0 180 0 -180 0 180
0 -180 0 0 0 0 0 180 6.70256e-13 43.7994 0 -180 0 0 0 -0 0 -180
0 -180 0 -180 0 0 0 -0 1.62225e-12 106.353 0 -0 0 0 0 -180 0 -180
0 -180 0 180 0 0 0 -0 8.63475e-13 -22.5861 0 -0 0 0 0 180 0 -180
0 -180 0 -180 0 0 0 -0 1.88003e-12 126.942 0 -180 0 0 0 -180 0 -180
0 -180 0 0 0 -180 0 -180 0.15088 -136.861 0 -180 0 -180 0 0 0 -180
0 180 0 -0 0 180 0 -180 0.819081 35.4589 0 -180 0 180 0 -0 0 180
inside=1 lambda=0.647 phi=5 theta=0
0 -180 0 -180 0 -180 0 0 0.153535 -139.898 0 0 0 -180 0 -180 0 -180
0 -180 0 180 0 180 0 -0 0.81957 33.3493 0 -0 0 -180 0 180 0 180
0 -180 0 -0 0 0 0 -0 6.66938e-13 140.324 0 180 0 0 0 180 0 -180
0 -180 0 180 0 -0 0 -0 1.73094e-12 -54.2315 0 -0 0 0 0 -0 0 180
0 -180 0 -180 0 0 0 180 8.57264e-13 149.795 0 180 0 0 0 0 0 -180
0 180 0 180 0 0 0 -0 1.82187e-12 -56.774 0 -180 0 -0 0 -0 0 -180
0 -180 0 0 0 -180 0 -180 0.155272 -139.996 0 -180 0 -180 0 0 0 -180
0 180 0 -0 0 180 0 180 0.817692 33.2777 0 -180 0 180 0 -0 0 180
inside=1 lambda=0.647 phi=5 theta=15
0 -180 0 -180 0 -180 0 0 0.153651 -139.905 0 0 0 -180 0 -180 0 -180
0 -180 0 180 0 180 0 -0 0.819444 33.3445 0 -0 0 -180 0 180 0 180
0 -180 0 -0 0 0 0 -180 0.000485443 20.8584 0 0 0 0 0 180 0 -180
0 -180 0 180 0 -0 0 180 0.000717627 82.1146 0 -0 0 0 0 -0 0 180
0 -180 0 -180 0 0 0 -0 0.000485091 20.9207 0 180 0 0 0 0 0 -180
0 -180 0 180 0 0 0 180 0.000716535 82.0531 0 -0 0 -0 0 -0 0 180
0 -180 0 0 0 -180 0 -180 0.155156 -139.99 0 -180 0 -180 0 0 0 -180
0 180 0 -0 0 180 0 180 0.817817 33.2825 0 -180 0 180 0 -0 0 180
inside=1 lambda=0.647 phi=5 theta=30
0 -180 0 -180 0 -180 0 0 0.153969 -139.923 0 0 0 -180 0 -180 0 -180
0 -180 0 180 0 180 0 -0 0.819099 33.3314 0 -0 0 -180 0 -180 0 180
0 -180 0 -0 0 0 0 -180 0.000840683 20.8716 0 0 0 0 0 180 0 -180
0 -180 0 180 0 -0 0 180 0.00124256 82.1015 0 -0 0 0 0 -0 0 180
0 -180 0 -180 0 0 0 -0 0.00084033 20.9076 0 180 0 0 0 0 0 -180
0 -180 0 180 0 0 0 180 0.00124147 82.066 0 -0 0 -0 0 -0 0 180
0 -180 0 0 0 -180 0 -180 0.154838 -139.972 0 -180 0 -180 0 0 0 -180
0 180 0 -0 0 180 0 180 0.81816 33.2956 0 -180 0 180 0 -0 0 180
inside=1 lambda=0.647 phi=5 theta=45
0 -180 0 -180 0 -180 0 0 0.154404 -139.948 0 0 0 -180 0 -180 0 -180
0 180 0 180 0 180 0 -0 0.81863 33.3135 0 -0 0 -180 0 -180 0 180
0 -180 0 -0 0 0 0 -180 0.000970533 20.8896 0 0 0 0 0 180 0 -180
0 -180 0 180 0 -0 0 180 0.00143416 82.0837 0 -0 0 0 0 -0 0 180
0 -180 0 -180 0 0 0 -0 0.000970533 20.8896 0 180 0 0 0 0 0 -180
0 -180 0 180 0 0 0 180 0.00143416 82.0837 0 -0 0 -0 0 -0 0 180
0 -180 0 0 0 -180 0 -180 0.154404 -139.948 0 -180 0 -180 0 0 0 -180
0 180 0 -0 0 -180 0 180 0.81863 33.3135 0 -180 0 180 0 -0 0 180
inside=1 lambda=0.647 phi=10 theta=0
0 -180 0 -180 0 -180 0 0 0.160146 -148.801 0 0 0 -180 0 -180 0 -180
0 -180 0 180 0 180 0 -0 0.821213 27.0623 0 -0 0 -180 0 180 0 180
0 -180 0 -0 0 0 0 -0 2.23332e-13 113.349 0 180 0 0 0 180 0 -180
0 -180 0 180 0 -0 0 -180 1.45426e-12 -66.3792 0 180 0 0 0 -0 0 180
0 -180 0 -180 0 0 0 180 3.12516e-13 136.939 0 180 0 0 0 0 0 -180
0 180 0 180 0 -0 0 -0 7.23822e-13 -56.5953 0 180 0 -0 0 -0 0 180
0 -180 0 0 0 -180 0 -180 0.167492 -149.073 0 -180 0 -180 0 0 0 -180
0 180 0 -0 0 180 0 180 0.813539 26.7803 0 180 0 180 0 -0 0 180
inside=1 lambda=0.647 phi=10 theta=15
0 -180 0 -180 0 -180 0 0 0.160638 -148.822 0 0 0 -180 0 -180 0 -180
0 -180 0 180 0 180 0 -0 0.820696 27.0436 0 -0 0 -180 0 180 0 180
0 -180 0 -0 0 0 0 -180 0.00200995 13.5446 0 0 0 0 0 180 0 -180
0 -180 0 180 0 -0 0 180 0.00289896 75.1678 0 -0 0 0 0 -0 0 180
0 -180 0 -180 0 0 0 -0 0.00200474 13.8192 0 180 0 0 0 0 0 -180
0 180 0 180 0 -0 0 180 0.00288157 74.9179 0 -0 0 -0 0 -0 0 180
0 -180 0 0 0 -180 0 -180 0.167 -149.057 0 -180 0 -180 0 0 0 -180
0 180 0 -0 0 180 0 180 0.81405 26.7994 0 180 0 180 0 -0 0 180
inside=1 lambda=0.647 phi=10 theta=30
0 -180 0 -180 0 -180 0 0 0.161983 -148.876 0 0 0 -180 0 -180 0 -180
0 -180 0 180 0 180 0 -0 0.819285 26.9924 0 -0 0 -180 0 180 0 180
0 -180 0 -0 0 0 0 -180 0.00347938 13.6029 0 0 0 0 0 180 0 -180
0 -180 0 180 0 -0 0 180 0.00501458 75.1134 0 -0 0 0 0 -0 0 180
0 -180 0 -180 0 0 0 -0 0.00347417 13.7614 0 180 0 0 0 0 0 -180
0 180 0 180 0 -0 0 180 0.0049972 74.9691 0 -0 0 -0 0 -0 0 180
0 -180 0 0 0 -180 0 -180 0.165656 -149.012 0 -180 0 -180 0 0 0 -180
0 180 0 -0 0 180 0 180 0.815448 26.8514 0 180 0 180 0 -0 0 180
inside=1 lambda=0.647 phi=10 theta=45
0 -180 0 -180 0 -180 0 0 0.163819 -148.946 0 0 0 -180 0 -180 0 -180
0 180 0 180 0 180 0 -0 0.817364 26.9221 0 -0 0 180 0 180 0 180
0 -180 0 -0 0 0 0 -180 0.0040146 13.6823 0 0 0 0 0 180 0 -180
0 180 0 180 0 -0 0 180 0.00578019 75.0404 0 -0 0 0 0 -0 0 180
0 -180 0 -180 0 0 0 -0 0.0040146 13.6823 0 180 0 0 0 0 0 -180
0 180 0 180 0 0 0 180 0.00578019 75.0404 0 -0 0 -0 0 -0 0 180
0 -180 0 0 0 -180 0 -180 0.163819 -148.946 0 -180 0 -180 0 0 0 -180
0 180 0 -0 0 180 0 180 0.817364 26.9221 0 180 0 180 0 -0 0 180
inside=1 lambda=0.647 phi=15 theta=0
0 -180 0 -180 0 -180 0 0 0.166676 -163.173 0 0 0 -180 0 -180 0 -180
0 -180 0 180 0 180 0 -0 0.824621 16.7144 0 -0 0 -180 0 180 0 180
0 -180 0 -0 0 0 0 -0 4.2941e-13 121.701 0 -0 0 0 0 180 0 -180
0 180 0 180 0 -0 0 -0 1.36163e-12 -73.5352 0 0 0 -0 0 -0 0 180
0 -180 0 -180 0 0 0 -0 4.23972e-13 119.59 0 -0 0 0 0 0 0 -180
0 180 0 180 0 -0 0 0 1.42343e-12 -75.7721 0 -180 0 -0 0 -0 0 180
0 -180 0 0 0 -180 0 -180 0.184212 -163.366 0 -180 0 -180 0 0 0 -180
0 180 0 -0 0 180 0 180 0.806837 16.1028 0 180 0 180 0 -0 0 180
inside=1 lambda=0.647 phi=15 theta=15
0 -180 0 -180 0 -180 0 0 0.167851 -163.195 0 0 0 -180 0 -180 0 -180
0 180 0 180 0 180 0 -0 0.823415 16.6745 0 -0 0 -180 0 180 0 180
0 -180 0 -0 0 0 0 -180 0.0046555 1.74725 0 0 0 0 0 180 0 -180
0 180 0 180 0 -0 0 180 0.00659953 63.8033 0 -0 0 -0 0 -0 0 180
0 -180 0 -180 0 0 0 -0 0.00463358 2.46092 0 180 0 0 0 0 0 -180
0 180 0 180 0 -0 0 180 0.00651233 63.2199 0 -0 0 -0 0 -0 0 180
0 -180 0 0 0 -180 0 -180 0.183037 -163.362 0 -180 0 -180 0 0 0 -180
0 180 0 -0 0 180 0 180 0.808013 16.1448 0 180 0 180 0 -0 0 180
inside=1 lambda=0.647 phi=15 theta=30
0 -180 0 -180 0 -180 0 0 0.17106 -163.248 0 0 0 -180 0 -180 0 -180
0 180 0 180 0 180 0 -0 0.82013 16.5646 0 -0 0 180 0 180 0 180
0 -180 0 -0 0 0 0 -180 0.00805499 1.90024 0 0 0 0 0 180 0 -180
0 180 0 180 0 -0 0 180 0.0113965 63.6716 0 -0 0 -0 0 -0 0 180
0 -180 0 -180 0 0 0 -0 0.0080331 2.31202 0 180 0 0 0 0 0 -180
0 180 0 180 0 -0 0 180 0.0113094 63.3348 0 -0 0 -0 0 -0 0 180
0 -180 0 0 0 -180 0 -180 0.179828 -163.344 0 -180 0 -180 0 0 0 -180
0 180 0 -0 0 180 0 180 0.811238 16.2588 0 180 0 180 0 -0 0 180
inside=1 lambda=0.647 phi=15 theta=45
0 -180 0 -180 0 -180 0 0 0.175444 -163.305 0 0 0 -180 0 -180 0 -180
0 180 0 180 0 180 0 -0 0.815669 16.4127 0 -0 0 180 0 180 0 180
0 -180 0 -0 0 0 0 -180 0.00928815 2.10715 0 0 0 0 0 180 0 -180
0 180 0 180 0 -0 0 180 0.013108 63.499 0 -0 0 -0 0 -0 0 180
0 -180 0 -180 0 0 0 -0 0.00928815 2.10715 0 180 0 0 0 0 0 -180
0 180 0 180 0 -0 0 180 0.013108 63.499 0 -0 0 -0 0 -0 0 180
0 -180 0 0 0 -180 0 -180 0.175444 -163.305 0 -180 0 -180 0 0 0 -180
0 180 0 -0 0 180 0 180 0.815669 16.4127 0 180 0 180 0 -0 0 180
inside=1 lambda=0.647 phi=20 theta=0
0 -180 0 -180 0 -180 0 0 0.166897 177.109 0 0 0 -180 0 -180 0 -180
0 180 0 180 0 180 0 -0 0.830889 2.46873 0 -0 0 180 0 180 0 180
0 -180 0 -0 0 0 0 180 8.32404e-14 70.2591 0 -180 0 0 0 180 0 -180
0 180 0 180 0 -0 0 -180 8.05427e-14 76.0261 0 -180 0 -0 0 -0 0 180
0 -180 0 -180 0 0 0 180 8.83839e-14 163.889 0 180 0 0 0 0 0 -180
0 180 0 180 0 -0 0 -0 1.08325e-13 69.8013 0 180 0 -0 0 -0 0 180
0 -180 0 0 0 -180 0 -180 0.198765 177.762 0 -180 0 -180 0 0 0 -180
0 180 0 -0 0 180 0 180 0.798408 1.45406 0 180 0 180 0 -0 0 180
inside=1 lambda=0.647 phi=20 theta=15
0 -180 0 -180 0 -180 0 0 0.169024 177.134 0 0 0 -180 0 -180 0 -180
0 180 0 180 0 180 0 -0 0.828669 2.40384 0 -0 0 180 0 180 0 180
0 -180 0 -0 0 0 0 -180 0.00815931 -14.1808 0 0 0 0 0 180 0 -180
0 180 0 180 0 -0 0 180 0.0118333 48.5142 0 -0 0 -0 0 -0 0 180
0 -180 0 -180 0 0 0 -0 0.00811525 -12.6572 0 0 0 0 0 0 0 -180
0 180 0 180 0 -0 0 0 0.0115596 47.4053 0 -0 0 -0 0 -0 0 180
0 -180 0 0 0 -180 0 -180 0.196624 177.701 0 -180 0 -180 0 0 0 -180
0 180 0 -0 0 180 0 180 0.80054 1.52515 0 180 0 180 0 -0 0 180
inside=1 lambda=0.647 phi=20 theta=30
0 -180 0 -180 0 -180 0 0 0.174843 177.219 0 0 0 -180 0 -180 0 -180
0 180 0 180 0 180 0 -0 0.822638 2.22435 0 -0 0 180 0 180 0 180
0 -180 0 -0 0 0 0 -180 0.0141133 -13.8479 0 0 0 0 0 180 0 -180
0 180 0 0 0 -0 0 180 0.0203825 48.2518 0 -0 0 -0 0 -0 0 180
0 -180 0 -180 0 0 0 -0 0.0140695 -12.97 0 0 0 0 0 0 0 -180
0 180 0 180 0 -0 0 0 0.0201096 47.6118 0 -0 0 -0 0 -0 0 180
0 -180 0 0 0 -180 0 -180 0.190779 177.547 0 -180 0 -180 0 0 0 -180
0 180 0 -0 0 180 0 180 0.806398 1.71708 0 180 0 180 0 -0 0 180
inside=1 lambda=0.647 phi=20 theta=45
0 -180 0 -180 0 -180 0 0 0.182804 177.365 0 0 0 -180 0 -180 0 -180
0 180 0 180 0 180 0 -0 0.814474 1.97384 0 -0 0 180 0 180 0 180
0 -180 0 -0 0 0 0 -180 0.0162697 -13.4039 0 0 0 0 0 180 0 -180
0 180 0 0 0 -0 0 180 0.0233708 47.9178 0 -0 0 -0 0 -0 0 180
0 -180 0 -180 0 0 0 -0 0.0162697 -13.4039 0 180 0 0 0 0 0 -180
0 180 0 180 0 -0 0 0 0.0233708 47.9178 0 -0 0 -0 0 -0 0 180
0 -180 0 0 0 -180 0 -180 0.182804 177.365 0 -180 0 -180 0 0 0 -180
0 180 0 -0 0 180 0 180 0.814474 1.97384 0 180 0 180 0 -0 0 180
inside=1 lambda=0.647 phi=25 theta=0
0 -180 0 -180 0 -180 0 0 0.154213 151.385 0 0 0 -180 0 -180 0 -180
0 180 0 180 0 180 0 -0 0.841232 -15.4977 0 -0 0 180 0 180 0 180
0 -180 0 -0 0 0 0 -0 4.13035e-13 54.1727 0 180 0 0 0 180 0 -180
0 180 0 0 0 -0 0 -0 1.5091e-12 -108.255 0 180 0 -0 0 -180 0 180
0 -180 0 -180 0 0 0 -0 2.8345e-13 71.9702 0 0 0 0 0 0 0 -180
0 180 0 180 0 -0 0 180 1.31625e-12 -111.653 0 -0 0 -0 0 -0 0 180
0 -180 0 0 0 -180 0 -180 0.200589 154.472 0 -180 0 -180 0 0 0 -180
0 180 0 -0 0 180 0 180 0.789941 -16.9431 0 180 0 180 0 -0 0 180
inside=1 lambda=0.647 phi=25 theta=15
0 -180 0 -180 0 -180 0 0 0.15727 151.578 0 0 0 -180 0 -180 0 -180
0 180 0 180 0 180 0 -0 0.8377 -15.5884 0 -0 0 180 0 180 0 180
0 -180 0 -0 0 0 0 -180 0.0113676 -34.2186 0 0 0 0 0 0 0 -180
0 180 0 0 0 -0 0 180 0.0185735 30.2113 0 -0 0 -0 0 -180 0 180
0 -180 0 -180 0 0 0 -0 0.011358 -31.2118 0 0 0 0 0 0 0 -180
0 180 0 180 0 -0 0 0 0.0178927 28.3072 0 -180 0 -0 0 -0 0 180
0 -180 0 0 0 -180 0 -180 0.197437 154.248 0 -180 0 -180 0 0 0 -180
0 180 0 -0 0 180 0 180 0.793283 -16.84 0 180 0 180 0 -0 0 180
inside=1 lambda=0.647 phi=25 theta=30
0 -180 0 -180 0 -180 0 0 0.165661 152.114 0 0 0 -180 0 -180 0 -180
0 180 0 180 0 180 0 -0 0.828125 -15.8404 0 -0 0 180 0 180 0 180
0 -180 0 -0 0 0 0 -180 0.0196759 -33.5412 0 0 0 0 0 0 0 -180
0 180 0 0 0 -0 0 180 0.0318682 29.7356 0 -0 0 -0 0 -180 0 180
0 -180 0 -180 0 0 0 -0 0.0196683 -31.8147 0 0 0 0 0 0 0 -180
0 180 0 180 0 -0 0 0 0.0311919 28.6373 0 -180 0 -0 0 -0 0 180
0 -180 0 0 0 -180 0 -180 0.188856 153.651 0 -180 0 -180 0 0 0 -180
0 180 0 -0 0 180 0 180 0.802483 -16.5628 0 180 0 180 0 -0 0 180
inside=1 lambda=0.647 phi=25 theta=45
0 -180 0 -180 0 -180 0 0 0.17721 152.868 0 0 0 -180 0 -180 0 -180
0 180 0 180 0 180 0 -0 0.815211 -16.1953 0 -0 0 180 0 180 0 180
0 -180 0 -0 0 0 0 -180 0.0227103 -32.6592 0 0 0 0 0 0 0 -180
0 180 0 0 0 -0 0 180 0.0363789 29.1504 0 -0 0 -0 0 -180 0 180
0 -180 0 -180 0 0 0 -0 0.0227103 -32.6592 0 0 0 0 0 0 0 -180
0 180 0 180 0 -0 0 0 0.0363789 29.1504 0 -180 0 -0 0 -0 0 180
0 -180 0 0 0 -180 0 -180 0.17721 152.868 0 -180 0 -180 0 0 0 -180
0 180 0 -0 0 180 0 180 0.815211 -16.1953 0 180 0 180 0 -0 0 180
inside=1 lambda=0.647 phi=30 theta=0
0 180 0 -180 0 -180 0 0 0.125776 117.291 0 0 0 180 0 -180 0 -180
0 180 0 180 0 0 0 -0 0.856027 -36.981 0 -180 0 180 0 180 0 0
0 -180 0 -180 0 0 0 -0 1.96182e-13 -160.69 0 180 0 0 0 0 0 -180
0 180 0 0 0 -0 0 0 1.18502e-12 53.2554 0 0 0 -0 0 -180 0 180
0 -180 0 -180 0 0 0 180 3.32705e-13 178.953 0 0 0 0 0 0 0 -180
0 180 0 180 0 -0 0 -180 1.18154e-12 51.8786 0 0 0 -0 0 -0 0 180
0 -180 0 0 0 -180 0 -180 0.176102 125.813 0 -180 0 -180 0 0 0 -180
0 180 0 -0 0 180 0 180 0.783184 -38.949 0 180 0 180 0 -0 0 180
inside=1 lambda=0.647 phi=30 theta=15
0 -180 0 -180 0 -180 0 0 0.128935 117.89 0 0 0 180 0 -180 0 -180
0 180 0 180 0 0 0 -0 0.850954 -37.1052 0 -180 0 180 0 180 0 0
0 -180 0 -180 0 0 0 -180 0.0116107 -59.5156 0 0 0 0 0 0 0 -180
0 180 0 0 0 -0 0 180 0.0270935 10.0344 0 -180 0 -0 0 -180 0 180
0 -180 0 -180 0 0 0 -0 0.0118649 -53.3172 0 0 0 0 0 0 0 -180
0 180 0 180 0 -0 0 0 0.0255568 7.03651 0 -180 0 -0 0 -0 0 180
0 -180 0 0 0 -180 0 -180 0.172527 125.245 0 -180 0 -180 0 0 0 -180
0 180 0 -0 0 180 0 180 0.787879 -38.809 0 180 0 180 0 -0 0 180
inside=1 lambda=0.647 phi=30 theta=30
0 -180 0 -180 0 -180 0 0 0.137723 119.492 0 0 0 180 0 -180 0 -180
0 180 0 180 0 0 0 -0 0.837248 -37.4491 0 -180 0 180 0 180 0 180
0 -180 0 -0 0 0 0 -180 0.0201771 -58.0469 0 0 0 0 0 0 0 -180
0 180 0 0 0 -0 0 180 0.046192 9.24014 0 -180 0 -0 0 -180 0 180
0 -180 0 -180 0 0 0 -0 0.0204385 -54.5138 0 0 0 0 0 0 0 -180
0 180 0 180 0 -0 0 0 0.0446766 7.51245 0 -180 0 -0 0 -0 0 180
0 -180 0 0 0 -180 0 -180 0.162899 123.71 0 -180 0 -180 0 0 0 -180
0 180 0 -0 0 180 0 180 0.800843 -38.4322 0 180 0 0 0 -0 0 180
inside=1 lambda=0.647 phi=30 theta=45
0 -180 0 -180 0 -180 0 0 0.150099 121.619 0 0 0 -180 0 -180 0 -180
0 180 0 180 0 0 0 -0 0.818864 -37.9322 0 -180 0 180 0 180 0 180
0 -180 0 -0 0 0 0 -180 0.0234369 -56.2109 0 0 0 0 0 0 0 -180
0 180 0 0 0 -0 0 180 0.0523715 8.29824 0 -180 0 -0 0 -180 0 180
0 -180 0 -180 0 0 0 -0 0.0234369 -56.2109 0 0 0 0 0 0 0 -180
0 180 0 180 0 -0 0 0 0.0523715 8.29824 0 -180 0 -0 0 -180 0 180
0 -180 0 0 0 -180 0 -180 0.150099 121.619 0 -180 0 -180 0 0 0 -180
0 180 0 -0 0 180 0 180 0.818864 -37.9322 0 180 0 0 0 -180 0 180
inside=1 lambda=0.647 phi=35 theta=0
0 180 0 180 0 -180 0 0 0.0895992 68.5437 0 0 0 180 0 180 0 -180
0 180 0 180 0 0 0 -0 0.874182 -61.6417 0 -180 0 180 0 180 0 0
0 180 0 -0 0 0 0 180 1.19777e-13 -10.4511 0 180 0 -0 0 180 0 -180
0 180 0 0 0 -180 0 180 3.42336e-13 -156.081 0 -180 0 -0 0 -180 0 0
0 -180 0 -180 0 0 0 -0 1.87659e-13 86.3892 0 0 0 0 0 0 0 -180
0 0 0 0 0 -180 0 -0 3.25429e-13 24.2543 0 0 0 -180 0 -180 0 0
0 -180 0 0 0 -180 0 -180 0.113799 85.9435 0 -180 0 -180 0 0 0 -180
0 0 0 -180 0 0 0 0 0.777092 -64.5337 0 180 0 0 0 -180 0 0
inside=1 lambda=0.647 phi=35 theta=15
0 180 0 180 0 -180 0 0 0.0907226 69.5499 0 0 0 180 0 180 0 -180
0 180 0 180 0 0 0 -0 0.867229 -61.8323 0 -180 0 180 0 180 0 0
0 -180 0 -0 0 0 0 -180 0.00464819 -104.714 0 0 0 -0 0 180 0 -180
0 180 0 0 0 -180 0 180 0.0388514 -11.7322 0 -180 0 -0 0 -180 0 0
0 -180 0 -180 0 0 0 -0 0.00546639 -80.0324 0 0 0 0 0 0 0 -180
0 0 0 0 0 -0 0 0 0.0354916 -15.87 0 -180 0 -180 0 -180 0 0
0 -180 0 0 0 -180 0 -180 0.111634 84.6037 0 -180 0 -180 0 0 0 -180
0 180 0 -180 0 180 0 0 0.783178 -64.3361 0 180 0 0 0 -180 0 0
inside=1 lambda=0.647 phi=35 theta=30
0 -180 0 -180 0 -180 0 0 0.0941158 72.4192 0 0 0 180 0 180 0 -180
0 180 0 180 0 0 0 -0 0.848611 -62.3508 0 -180 0 180 0 180 0 0
0 -180 0 -0 0 0 0 -180 0.00819388 -98.0107 0 0 0 -0 0 0 0 -180
0 180 0 0 0 -180 0 180 0.0655632 -12.9126 0 -180 0 -0 0 -180 0 0
0 -180 0 -180 0 0 0 -0 0.00905653 -84.1114 0 0 0 0 0 0 0 -180
0 180 0 180 0 -0 0 0 0.0622878 -15.2959 0 -180 0 -180 0 -180 0 0
0 -180 0 0 0 -180 0 -180 0.106129 81.1084 0 -180 0 -180 0 0 0 -180
0 180 0 -0 0 180 0 0 0.800118 -63.7956 0 180 0 0 0 -180 0 0
inside=1 lambda=0.647 phi=35 theta=45
0 -180 0 -180 0 -180 0 0 0.0995903 76.6176 0 0 0 180 0 -180 0 -180
0 180 0 0 0 0 0 -0 0.823957 -63.0661 0 -180 0 180 0 180 0 0
0 -180 0 -0 0 0 0 -180 0.0098901 -90.3693 0 0 0 -0 0 0 0 -180
0 180 0 0 0 -180 0 180 0.0735621 -14.2503 0 -180 0 -0 0 -180 0 0
0 -180 0 -180 0 -0 0 -0 0.0098901 -90.3693 0 0 0 0 0 0 0 -180
0 180 0 180 0 -0 0 0 0.0735621 -14.2503 0 -180 0 -180 0 -180 0 0
0 -180 0 0 0 180 0 -180 0.0995903 76.6176 0 -180 0 -180 0 0 0 -180
0 180 0 -0 0 180 0 0 0.823957 -63.0661 0 180 0 0 0 -180 0 0
inside=1 lambda=0.647 phi=40 theta=0
0 180 0 180 0 -180 0 0 0.0687162 -0.783993 0 0 0 180 0 180 0 -180
0 180 0 180 0 0 0 -180 0.894659 -88.8756 0 -180 0 180 0 180 0 0
0 180 0 -0 0 0 0 -180 4.9581e-13 37.8543 0 180 0 -0 0 180 0 -180
0 180 0 -0 0 -180 0 -0 8.2398e-13 -172.141 0 -180 0 -0 0 180 0 0
0 -180 0 -180 0 0 0 180 2.9408e-13 -31.0189 0 -180 0 0 0 0 0 -180
0 0 0 0 0 -180 0 -180 5.62951e-13 -144.227 0 180 0 -180 0 -180 0 0
0 -180 0 0 0 -180 0 -180 0.0556358 -23.0344 0 -180 0 -180 0 0 0 -180
0 0 0 -180 0 0 0 0 0.764358 -93.479 0 0 0 0 0 -180 0 0
inside=1 lambda=0.647 phi=40 theta=15
0 180 0 180 0 -180 0 0 0.067402 -2.82781 0 0 0 180 0 180 0 -180
0 180 0 180 0 0 0 -180 0.884791 -89.1934 0 -180 0 180 0 180 0 0
0 180 0 -0 0 0 0 -180 0.0152431 78.4602 0 0 0 -0 0 180 0 -180
0 180 0 -0 0 -180 0 0 0.0566506 -36.9825 0 -180 0 -0 0 -180 0 0
0 -180 0 -180 0 0 0 -0 0.011927 72.9286 0 0 0 0 0 0 0 -180
0 0 0 0 0 -180 0 0 0.0497939 -41.845 0 -180 0 -180 0 -180 0 0
0 -180 0 0 0 180 0 -180 0.0568483 -22.5497 0 -180 0 -180 0 0 0 -180
0 0 0 -180 0 0 0 0 0.772005 -93.1784 0 0 0 0 0 -180 0 0
inside=1 lambda=0.647 phi=40 theta=30
0 180 0 180 0 -180 0 0 0.064484 -8.40123 0 0 0 180 0 180 0 -180
0 180 0 0 0 0 0 -180 0.858818 -90.031 0 -180 0 180 0 180 0 0
0 180 0 -0 0 0 0 -180 0.0249999 77.0267 0 0 0 -0 0 180 0 -180
0 180 0 -0 0 -180 0 0 0.0942909 -38.5532 0 -180 0 -0 0 -180 0 0
0 -180 0 -180 0 -0 0 -0 0.021784 74.0807 0 0 0 0 0 0 0 -180
0 0 0 0 0 -180 0 -0 0.0877344 -41.3608 0 -180 0 -180 0 -180 0 0
0 -180 0 0 0 180 0 -180 0.0591405 -20.2247 0 180 0 -180 0 0 0 -180
0 0 0 -180 0 180 0 0 0.793754 -92.3298 0 0 0 0 0 -180 0 0
inside=1 lambda=0.647 phi=40 theta=45
0 -180 0 -180 0 -180 0 0 0.061596 -15.1347 0 0 0 180 0 180 0 -180
0 180 0 0 0 0 0 -180 0.825278 -91.1702 0 -180 0 180 0 0 0 0
0 -180 0 -0 0 0 0 -180 0.0269183 75.4323 0 0 0 -0 0 180 0 -180
0 0 0 -0 0 -180 0 0 0.104467 -40.2105 0 -180 0 -0 0 -180 0 0
0 -180 0 -180 0 -0 0 -0 0.0269183 75.4323 0 180 0 0 0 0 0 -180
0 0 0 0 0 -0 0 -0 0.104467 -40.2105 0 -180 0 -180 0 -180 0 0
0 -180 0 0 0 180 0 -180 0.061596 -15.1347 0 180 0 -180 0 0 0 -180
0 180 0 -180 0 180 0 0 0.825278 -91.1702 0 0 0 0 0 -180 0 0
inside=1 lambda=0.647 phi=45 theta=0
0 180 0 180 0 -180 0 -0 0.0672917 -71.5954 0 0 0 180 0 180 0 -180
0 180 0 0 0 0 0.0173232 161.475 0.917772 -117.794 0 -180 0 180 0 0 0 0
0 180 0 -0 0 0 0 180 9.05788e-13 5.49065 0 180 0 -0 0 180 0 -180
0 0 0 -0 0 -180 2.53313e-13 120.512 2.02554e-12 -33.8015 0 180 0 -180 0 180 0 0
0 -180 0 -180 0 0 0 180 7.23345e-13 7.32377 0 -0 0 0 0 0 0 -180
0 0 0 0 0 -180 1.80888e-14 -155.088 2.17249e-12 -33.3208 0 -180 0 -180 0 -180 0 0
0 -180 0 0 0 -180 0 -180 0.164115 -114.11 0 -180 0 -180 0 0 0 -180
0 0 0 -180 0 0 0.131991 13.7265 0.73372 -124.587 0 0 0 0 0 -180 0 0
inside=1 lambda=0.647 phi=45 theta=15
0 180 0 180 0 -180 0 -0 0.0688766 -78.3601 0 0 0 180 0 180 0 -180
0 0 0 0 0 -0 0 -180 0.904518 -118.358 0 -180 0 180 0 0 0 0
0 180 0 -0 0 0 0 -180 0.0444659 38.6865 0 0 0 -0 0 180 0 -180
0 0 0 -0 0 -180 0 0 0.0815185 -67.4138 0 180 0 -180 0 180 0 0
0 -180 0 -180 0 -0 0 -0 0.038582 41.4019 0 0 0 0 0 0 0 -180
0 0 0 0 0 -180 0 -0 0.0692362 -72.7583 0 180 0 -180 0 -180 0 0
0 -180 0 0 0 180 0 -180 0.158631 -112.902 0 180 0 -180 0 0 0 -180
0 0 0 -180 0 0 0 0 0.744914 -124.25 0 0 0 0 0 -180 0 0
inside=1 lambda=0.647 phi=45 theta=30
0 180 0 180 0 -180 0 -0 0.0842052 -93.8179 0 0 0 180 0 180 0 -180
0 0 0 0 0 -0 0 -180 0.866316 -119.583 0 -180 0 180 0 0 0 0
0 180 0 -0 0 0 0 -180 0.0743788 39.1867 0 0 0 -0 0 180 0 -180
0 0 0 -0 0 -180 0 0 0.133437 -69.4957 0 180 0 -180 0 180 0 0
0 -180 0 -180 0 -0 0 -0 0.0689636 40.8042 0 0 0 0 0 0 0 -180
0 0 0 0 0 -180 0 -0 0.122132 -72.6443 0 180 0 -180 0 -180 0 0
0 -180 0 -0 0 180 0 -180 0.139792 -111.026 0 180 0 -180 0 0 0 -180
0 0 0 -180 0 0 0 0 0.774144 -122.966 0 0 0 -0 0 -180 0 0
inside=1 lambda=0.647 phi=45 theta=45
0 180 0 -180 0 -180 0 -0 0.111426 -105.54 0 0 0 180 0 180 0 -180
0 0 0 0 0 -0 0 -180 0.81817 -121.229 0 -180 0 180 0 0 0 0
0 180 0 -0 0 0 0 -180 0.0824991 39.9112 0 0 0 -0 0 180 0 -180
0 0 0 -0 0 -180 0 0 0.146163 -71.4955 0 180 0 -180 0 180 0 0
0 180 0 -180 0 -0 0 -0 0.0824991 39.9112 0 180 0 0 0 0 0 -180
0 0 0 0 0 -180 0 -0 0.146163 -71.4955 0 180 0 -180 0 180 0 0
0 180 0 -0 0 180 0 -180 0.111426 -105.54 0 180 0 -180 0 0 0 -180
0 0 0 -180 0 180 0 0 0.81817 -121.229 0 0 0 -0 0 -180 0 0
