RSoft_BSDF_File_Version 2
1 0 5 2 1 0.914286
0.3 0.3
-1 1
-1 1
1 0.647 0.647
10 0 45 0.5
4 0 45
Begin_Dispersion_Data
0.647 1.45662 0 1 0 0
End_Dispersion_Data
inside=0 lambda=0.647 phi=0 theta=0
0 -180 0 -180 0 -180 0 0 0.183925 -1.44227 0 0 0 -180 0 -180 0 -180
0 -0 0 -0 0 -0 0 180 1.18631 162.8 0 180 0 -0 0 -0 0 -0
0 -180 0 -180 0 0 0 0 1.21312e-12 -138.669 0 180 0 0 0 -180 0 -180
0 -0 0 -0 0 180 0 -0 2.09618e-12 59.3629 0 0 0 180 0 180 0 -0
0 -180 0 180 0 0 0 180 2.46643e-13 -59.7582 0 180 0 0 0 0 0 -180
0 -0 0 180 0 180 0 -0 5.98431e-13 89.9495 0 -0 0 180 0 180 0 -0
0 -180 0 0 0 -180 0 -180 0.183925 -1.44227 0 -180 0 -180 0 0 0 -180
0 -0 0 180 0 -0 0 -0 1.18631 162.8 0 -0 0 -0 0 180 0 -0
inside=0 lambda=0.647 phi=0 theta=15
0 -180 0 -180 0 -180 0 0 0.183925 -1.44227 0 0 0 -180 0 -180 0 -180
0 -0 0 -0 0 -0 0 180 1.18631 162.8 0 180 0 -0 0 -0 0 -0
0 -180 0 -180 0 0 0 0 1.21312e-12 -138.669 0 180 0 0 0 -180 0 -180
0 -0 0 -0 0 180 0 -0 2.09618e-12 59.3629 0 0 0 180 0 180 0 -0
0 -180 0 180 0 0 0 180 2.46643e-13 -59.7582 0 180 0 0 0 0 0 -180
0 -0 0 180 0 180 0 -0 5.98431e-13 89.9495 0 -0 0 180 0 180 0 -0
0 -180 0 0 0 -180 0 -180 0.183925 -1.44227 0 -180 0 -180 0 0 0 -180
0 -0 0 180 0 -0 0 -0 1.18631 162.8 0 -0 0 -0 0 180 0 -0
inside=0 lambda=0.647 phi=0 theta=30
0 -180 0 -180 0 -180 0 0 0.183925 -1.44227 0 0 0 -180 0 -180 0 -180
0 -0 0 -0 0 -0 0 180 1.18631 162.8 0 180 0 -0 0 -0 0 -0
0 -180 0 -180 0 0 0 0 1.21312e-12 -138.669 0 180 0 0 0 -180 0 -180
0 -0 0 -0 0 180 0 -0 2.09618e-12 59.3629 0 0 0 180 0 180 0 -0
0 -180 0 180 0 0 0 180 2.46643e-13 -59.7582 0 180 0 0 0 0 0 -180
0 -0 0 180 0 180 0 -0 5.98431e-13 89.9495 0 -0 0 180 0 180 0 -0
0 -180 0 0 0 -180 0 -180 0.183925 -1.44227 0 -180 0 -180 0 0 0 -180
0 -0 0 180 0 -0 0 -0 1.18631 162.8 0 -0 0 -0 0 180 0 -0
inside=0 lambda=0.647 phi=0 theta=45
0 -180 0 -180 0 -180 0 0 0.183925 -1.44227 0 0 0 -180 0 -180 0 -180
0 -0 0 -0 0 -0 0 180 1.18631 162.8 0 180 0 -0 0 -0 0 -0
0 -180 0 -180 0 0 0 0 1.21312e-12 -138.669 0 180 0 0 0 -180 0 -180
0 -0 0 -0 0 180 0 -0 2.09618e-12 59.3629 0 0 0 180 0 180 0 -0
0 -180 0 180 0 0 0 180 2.46643e-13 -59.7582 0 180 0 0 0 0 0 -180
0 -0 0 180 0 180 0 -0 5.98431e-13 89.9495 0 -0 0 180 0 180 0 -0
0 -180 0 0 0 -180 0 -180 0.183925 -1.44227 0 -180 0 -180 0 0 0 -180
0 -0 0 180 0 -0 0 -0 1.18631 162.8 0 -0 0 -0 0 180 0 -0
inside=0 lambda=0.647 phi=5 theta=0
0 -180 0 -180 0 -180 0 0 0.181049 -1.84008 0 0 0 -180 0 -180 0 -180
0 -0 0 -0 0 -0 0 180 1.1844 158.888 0 180 0 -0 0 -0 0 -0
0 -180 0 -0 0 0 0 180 9.81172e-14 153.098 0 180 0 0 0 180 0 -180
0 -0 0 -180 0 180 0 180 1.53928e-12 -111.572 0 0 0 180 0 0 0 -0
0 -180 0 -180 0 0 0 180 3.14831e-13 8.53291 0 0 0 0 0 0 0 -180
0 -0 0 -0 0 180 0 -0 1.70855e-12 -110.289 0 180 0 180 0 180 0 -0
0 -180 0 0 0 -180 0 -180 0.185015 -1.93802 0 -180 0 -180 0 0 0 -180
0 -0 0 180 0 -0 0 -0 1.18863 158.812 0 -0 0 -0 0 180 0 -0
inside=0 lambda=0.647 phi=5 theta=15
0 -180 0 -180 0 -180 0 0 0.181314 -1.84677 0 0 0 -180 0 -180 0 -180
0 -0 0 -0 0 -0 0 180 1.18469 158.883 0 180 0 -0 0 -0 0 -0
0 -180 0 -0 0 0 0 -180 0.000995268 173.983 0 0 0 0 0 180 0 -180
0 -0 0 -180 0 180 0 -0 0.0011467 -44.1042 0 180 0 180 0 0 0 -0
0 -180 0 -180 0 0 0 -0 0.000995264 173.981 0 180 0 0 0 0 0 -180
0 -0 0 -0 0 180 0 -180 0.00114639 -44.075 0 0 0 180 0 180 0 -0
0 -180 0 0 0 -180 0 -180 0.184749 -1.93159 0 -180 0 -180 0 0 0 -180
0 -0 0 180 0 -0 0 -0 1.18834 158.817 0 -0 0 -0 0 180 0 -0
inside=0 lambda=0.647 phi=5 theta=30
0 -180 0 -180 0 -180 0 0 0.18204 -1.86495 0 0 0 -180 0 -180 0 -180
0 -0 0 -0 0 -0 0 180 1.18546 158.869 0 180 0 -0 0 -0 0 -0
0 -180 0 -0 0 0 0 -180 0.00172385 173.983 0 0 0 0 0 180 0 -180
0 -0 0 -180 0 180 0 -0 0.00198603 -44.0979 0 180 0 180 0 0 0 -0
0 -180 0 -180 0 0 0 -0 0.00172385 173.981 0 180 0 0 0 0 0 -180
0 -0 0 -0 0 180 0 -180 0.00198572 -44.0811 0 0 0 180 0 180 0 -0
0 -180 0 0 0 -180 0 -180 0.184023 -1.91392 0 -180 0 -180 0 0 0 -180
0 -0 0 180 0 -0 0 -0 1.18757 158.831 0 -0 0 -0 0 180 0 -0
inside=0 lambda=0.647 phi=5 theta=45
0 -180 0 -180 0 -180 0 0 0.183032 -1.88956 0 0 0 -180 0 -180 0 -180
0 -0 0 -0 0 -0 0 180 1.18651 158.85 0 180 0 -0 0 -0 0 -0
0 -180 0 -0 0 0 0 -180 0.00199053 173.982 0 0 0 0 0 180 0 -180
0 -0 0 -180 0 180 0 -0 0.00229309 -44.0894 0 180 0 180 0 0 0 -0
0 -180 0 -180 0 0 0 -0 0.00199053 173.982 0 180 0 0 0 0 0 -180
0 -0 0 -0 0 180 0 -180 0.00229309 -44.0894 0 0 0 180 0 180 0 -0
0 -180 0 0 0 -180 0 -180 0.183032 -1.88956 0 -180 0 -180 0 0 0 -180
0 -0 0 180 0 -0 0 -0 1.18651 158.85 0 -0 0 -0 0 180 0 -0
inside=0 lambda=0.647 phi=10 theta=0
0 180 0 -180 0 -180 0 0 0.171553 -2.72737 0 0 0 180 0 -180 0 -180
0 -0 0 -0 0 -0 0 180 1.17851 147.08 0 180 0 -0 0 -0 0 -0
0 180 0 -0 0 0 0 -0 1.04558e-13 86.5581 0 -180 0 -0 0 180 0 -180
0 -0 0 -180 0 180 0 -180 2.39784e-13 -95.3424 0 0 0 180 0 0 0 -0
0 -180 0 -180 0 0 0 -0 1.93944e-13 104.663 0 -0 0 0 0 0 0 -180
0 -0 0 -0 0 180 0 180 2.11612e-13 53.2166 0 -180 0 180 0 180 0 -0
0 -180 0 0 0 -180 0 -180 0.18714 -3.17708 0 -180 0 -180 0 0 0 -180
0 -0 0 180 0 -0 0 -0 1.19615 146.778 0 -0 0 -0 0 180 0 -0
inside=0 lambda=0.647 phi=10 theta=15
0 180 0 -180 0 -180 0 0 0.172597 -2.75996 0 0 0 180 0 -180 0 -180
0 -0 0 -0 0 -0 0 180 1.17969 147.06 0 180 0 -0 0 -0 0 -0
0 -180 0 -0 0 0 0 -180 0.00392029 172.307 0 0 0 -0 0 180 0 -180
0 -0 0 -180 0 180 0 -0 0.00476677 -55.4022 0 180 0 180 0 0 0 -0
0 -180 0 -180 0 0 0 -0 0.00392009 172.296 0 180 0 0 0 0 0 -180
0 -0 0 -0 0 180 0 -180 0.00476177 -55.282 0 0 0 180 0 180 0 -0
0 -180 0 0 0 -180 0 -180 0.186096 -3.14921 0 -180 0 -180 0 0 0 -180
0 -0 0 180 0 -0 0 -0 1.19497 146.798 0 -0 0 -0 0 180 0 -0
inside=0 lambda=0.647 phi=10 theta=30
0 180 0 -180 0 -180 0 0 0.17545 -2.84704 0 0 0 180 0 -180 0 -180
0 -0 0 -0 0 -0 0 180 1.18291 147.004 0 180 0 -0 0 -0 0 -0
0 -180 0 -0 0 0 0 -180 0.00679011 172.305 0 0 0 0 0 180 0 -180
0 -0 0 -180 0 180 0 -0 0.00825428 -55.3747 0 180 0 180 0 0 0 -0
0 -180 0 -180 0 0 0 -0 0.00678991 172.298 0 180 0 0 0 0 0 -180
0 -0 0 -0 0 180 0 -180 0.00824928 -55.3053 0 0 0 180 0 180 0 -0
0 -180 0 0 0 -180 0 -180 0.183244 -3.07154 0 -180 0 -180 0 0 0 -180
0 -0 0 180 0 -0 0 -0 1.19173 146.853 0 -0 0 -0 0 180 0 -0
inside=0 lambda=0.647 phi=10 theta=45
0 180 0 -180 0 -180 0 0 0.179347 -2.96164 0 0 0 180 0 -180 0 -180
0 -0 0 -0 0 -0 0 180 1.18732 146.928 0 180 0 -0 0 -0 0 -0
0 -180 0 -0 0 0 0 -180 0.00784045 172.302 0 0 0 0 0 180 0 -180
0 -0 0 -180 0 180 0 -0 0.00952824 -55.3389 0 180 0 180 0 0 0 -0
0 -180 0 -180 0 0 0 -0 0.00784045 172.302 0 180 0 0 0 0 0 -180
0 -0 0 -0 0 180 0 -180 0.00952824 -55.3389 0 0 0 180 0 180 0 -0
0 180 0 0 0 180 0 -180 0.179347 -2.96164 0 -180 0 -180 0 0 0 -180
0 -0 0 180 0 -0 0 -0 1.18732 146.928 0 -0 0 -0 0 180 0 -0
inside=0 lambda=0.647 phi=15 theta=0
0 180 0 -180 0 -180 0 0 0.154574 -2.90873 0 0 0 180 0 -180 0 -180
0 -0 0 -0 0 -180 0 180 1.16763 127.156 0 0 0 -0 0 -0 0 -180
0 180 0 -0 0 0 0 180 1.91469e-13 -164.178 0 -0 0 -0 0 180 0 -180
0 -0 0 -180 0 0 0 -0 1.24261e-12 42.6778 0 180 0 180 0 0 0 -180
0 -180 0 -180 0 0 0 -180 1.82342e-13 -168.488 0 180 0 0 0 0 0 -180
0 -0 0 -0 0 180 0 0 1.12302e-12 42.9921 0 -180 0 180 0 180 0 -0
0 -180 0 0 0 -180 0 -180 0.187934 -3.90365 0 -180 0 -180 0 0 0 -180
0 -0 0 180 0 -0 0 -0 1.21054 126.443 0 -0 0 -0 0 180 0 -0
inside=0 lambda=0.647 phi=15 theta=15
0 180 0 -180 0 -180 0 0 0.156809 -2.98838 0 0 0 180 0 -180 0 -180
0 -0 0 -0 0 -180 0 180 1.1705 127.106 0 0 0 -0 0 -0 0 -180
0 180 0 -0 0 0 0 -180 0.00841211 171.919 0 0 0 -0 0 180 0 -180
0 -0 0 -180 0 0 0 -0 0.0115567 -75.1166 0 0 0 180 0 0 0 -180
0 -180 0 -180 0 0 0 -180 0.00840983 171.895 0 180 0 0 0 0 0 -180
0 -0 0 -0 0 180 0 -180 0.0115305 -74.8407 0 0 0 180 0 180 0 -0
0 -180 0 0 0 -180 0 -180 0.185702 -3.84776 0 -180 0 -180 0 0 0 -180
0 -0 0 180 0 -0 0 -0 1.20766 126.489 0 -0 0 -0 0 180 0 -0
inside=0 lambda=0.647 phi=15 theta=30
0 180 0 -180 0 -180 0 0 0.162917 -3.19484 0 0 0 180 0 -180 0 -180
0 -0 0 -0 0 -180 0 180 1.17833 126.971 0 0 0 -0 0 -0 0 -180
0 180 0 -0 0 0 0 -180 0.01457 171.916 0 0 0 -0 0 180 0 -180
0 -0 0 -180 0 0 0 -0 0.020005 -75.0469 0 0 0 180 0 0 0 -180
0 -180 0 -180 0 0 0 -0 0.0145678 171.902 0 180 0 0 0 0 0 -180
0 -0 0 -0 0 180 0 -180 0.0199789 -74.8882 0 0 0 180 0 180 0 -0
0 180 0 0 0 180 0 -180 0.1796 -3.68842 0 -180 0 -180 0 0 0 -180
0 -0 0 180 0 -0 0 -0 1.19979 126.615 0 -0 0 -0 0 0 0 -0
inside=0 lambda=0.647 phi=15 theta=45
0 180 0 -180 0 -180 0 0 0.17126 -3.45331 0 0 0 180 0 -180 0 -180
0 -0 0 -0 0 -180 0 180 1.18905 126.791 0 0 0 -0 0 -0 0 -180
0 180 0 -0 0 0 0 -180 0.0168231 171.909 0 0 0 -0 0 180 0 -180
0 -0 0 -180 0 0 0 -0 0.0230834 -74.962 0 0 0 180 0 0 0 -180
0 180 0 -180 0 -0 0 -0 0.0168231 171.909 0 180 0 0 0 0 0 -180
0 -0 0 -0 0 180 0 -180 0.0230834 -74.962 0 0 0 0 0 0 0 -180
0 180 0 0 0 180 0 -180 0.17126 -3.45331 0 -180 0 -180 0 0 0 -180
0 -0 0 180 0 -0 0 -0 1.18905 126.791 0 -0 0 -180 0 0 0 -180
inside=0 lambda=0.647 phi=20 theta=0
0 180 0 180 0 -180 0 -0 0.13374 -0.688987 0 0 0 180 0 180 0 -180
0 -0 0 -0 0 -180 0 180 1.14891 98.7239 0 0 0 -0 0 -0 0 -180
0 180 0 -0 0 0 0 180 2.16814e-13 -48.3319 0 -0 0 -0 0 180 0 -180
0 -0 0 180 0 0 0 -0 1.29652e-12 -164.222 0 0 0 180 0 -0 0 -180
0 -180 0 -180 0 0 0 -0 4.20317e-13 -101.308 0 -0 0 0 0 0 0 -180
0 -180 0 -180 0 0 0 0 1.20017e-12 167.729 0 -0 0 0 0 0 0 -180
0 -180 0 0 0 -180 0 -180 0.191127 -1.05732 0 -180 0 -180 0 0 0 -180
0 -180 0 0 0 -180 0 -180 1.23327 97.2536 0 -180 0 -180 0 0 0 -180
inside=0 lambda=0.647 phi=20 theta=15
0 180 0 -180 0 -180 0 -0 0.137593 -0.724545 0 0 0 180 0 180 0 -180
0 -0 0 -0 0 -180 0 180 1.15453 98.6159 0 0 0 -0 0 -0 0 -180
0 180 0 -0 0 0 0 -180 0.0144566 178.308 0 0 0 -0 0 180 0 -180
0 -0 0 -180 0 0 0 -0 0.0228821 -104.931 0 0 0 180 0 -0 0 -180
0 -180 0 -180 0 0 0 -180 0.0144459 178.285 0 180 0 0 0 0 0 -180
0 -180 0 -180 0 180 0 -180 0.0227833 -104.442 0 -0 0 0 0 0 0 -180
0 -180 0 0 0 180 0 -180 0.187299 -1.04016 0 -180 0 -180 0 0 0 -180
0 -0 0 0 0 -0 0 -180 1.22758 97.3433 0 -180 0 -180 0 0 0 -180
inside=0 lambda=0.647 phi=20 theta=30
0 180 0 -180 0 -180 0 -0 0.148117 -0.81071 0 0 0 180 0 -180 0 -180
0 -0 0 -0 0 -180 0 180 1.16989 98.3284 0 0 0 -0 0 -0 0 -180
0 180 0 -0 0 0 0 -180 0.0250396 178.303 0 0 0 -0 0 180 0 -180
0 -0 0 -180 0 0 0 -0 0.0395803 -104.789 0 0 0 180 0 -0 0 -180
0 -180 0 -180 0 -0 0 -180 0.025029 178.291 0 180 0 0 0 0 0 -180
0 -0 0 -180 0 180 0 -180 0.0394834 -104.51 0 -0 0 0 0 0 0 -180
0 180 0 0 0 180 0 -180 0.176823 -0.989214 0 -180 0 -180 0 0 0 -180
0 -0 0 180 0 -0 0 -180 1.21207 97.5944 0 -0 0 -180 0 0 0 -180
inside=0 lambda=0.647 phi=20 theta=45
0 180 0 -180 0 -180 0 0 0.162482 -0.908405 0 0 0 180 0 -180 0 -180
0 -0 0 -180 0 -180 0 180 1.19094 97.9524 0 0 0 -0 0 -0 0 -180
0 180 0 -180 0 0 0 -180 0.0289094 178.297 0 0 0 -0 0 180 0 -180
0 -0 0 -180 0 0 0 -0 0.0456388 -104.632 0 0 0 180 0 -0 0 -180
0 180 0 -180 0 -0 0 -180 0.0289094 178.297 0 180 0 0 0 0 0 -180
0 -0 0 -0 0 180 0 -180 0.0456388 -104.632 0 -0 0 0 0 0 0 -180
0 180 0 0 0 180 0 -180 0.162482 -0.908405 0 -180 0 -180 0 0 0 -180
0 -0 0 180 0 -0 0 -180 1.19094 97.9524 0 -0 0 -180 0 0 0 -180
inside=0 lambda=0.647 phi=25 theta=0
0 180 0 180 0 -180 0 -0 0.11214 1.83264 0 0 0 180 0 180 0 -180
0 -0 0 -0 0 180 0 0 1.11832 61.1677 0 -0 0 -0 0 -0 0 180
0 180 0 -0 0 0 0 180 8.45429e-14 -19.4995 0 -0 0 -0 0 180 0 -180
0 -0 0 180 0 0 0 -0 6.81153e-13 148.834 0 180 0 180 0 -0 0 -180
0 -180 0 -180 0 0 0 180 1.75298e-13 105.752 0 -0 0 0 0 0 0 -180
0 -180 0 -180 0 0 0 -0 6.54182e-13 113.024 0 -180 0 0 0 0 0 -180
0 -180 0 0 0 -180 0 -180 0.222485 5.00173 0 -180 0 -180 0 0 0 -180
0 -180 0 0 0 -180 0 -180 1.26184 58.3226 0 -180 0 -180 0 0 0 -180
inside=0 lambda=0.647 phi=25 theta=15
0 180 0 180 0 -180 0 -0 0.119527 2.20848 0 0 0 180 0 180 0 -180
0 -0 0 -0 0 180 0 0 1.12781 60.9433 0 0 0 -0 0 -0 0 180
0 180 0 -0 0 0 0 -180 0.02777 -171.746 0 0 0 -0 0 180 0 -180
0 -180 0 180 0 0 0 -180 0.0398164 -145.883 0 0 0 180 0 -0 0 -180
0 -180 0 -180 0 -0 0 -180 0.027756 -171.752 0 180 0 0 0 0 0 -180
0 -180 0 -180 0 0 0 180 0.0394567 -145.088 0 -0 0 0 0 0 0 -180
0 -180 0 0 0 180 0 -180 0.215123 4.88277 0 -180 0 -180 0 0 0 -180
0 -180 0 0 0 -180 0 -180 1.2521 58.4836 0 -180 0 -180 0 0 0 -180
inside=0 lambda=0.647 phi=25 theta=30
0 180 0 -180 0 -180 0 -0 0.139734 3.05261 0 0 0 180 0 180 0 -180
0 -0 0 -180 0 -180 0 0 1.15383 60.3596 0 0 0 -0 0 -180 0 180
0 180 0 -0 0 0 0 -180 0.0481082 -171.747 0 0 0 -0 0 180 0 -180
0 -180 0 180 0 0 0 -180 0.0687383 -145.611 0 0 0 0 0 -0 0 -180
0 180 0 -180 0 -0 0 -180 0.0480948 -171.75 0 180 0 0 0 0 0 -180
0 -180 0 -180 0 0 0 180 0.068398 -145.164 0 -0 0 0 0 0 0 -180
0 180 0 -0 0 180 0 -180 0.194958 4.52007 0 -180 0 -180 0 0 0 -180
0 -180 0 0 0 -180 0 -180 1.22557 58.9442 0 -180 0 -180 0 0 0 -180
inside=0 lambda=0.647 phi=25 theta=45
0 180 0 -180 0 -180 0 -0 0.167356 3.89874 0 0 0 180 0 180 0 -180
0 -180 0 -180 0 -180 0 0 1.18958 59.622 0 0 0 -0 0 -180 0 -180
0 180 0 -180 0 0 0 -180 0.0555494 -171.748 0 0 0 -0 0 180 0 -180
0 -180 0 180 0 0 0 -180 0.0791306 -145.341 0 0 0 0 0 -0 0 -180
0 180 0 -180 0 -0 0 -180 0.0555494 -171.748 0 180 0 0 0 0 0 -180
0 -180 0 -180 0 0 0 180 0.0791306 -145.341 0 -0 0 0 0 0 0 -180
0 180 0 -0 0 180 0 -180 0.167356 3.89874 0 180 0 -180 0 0 0 -180
0 -180 0 0 0 -0 0 -180 1.18958 59.622 0 -180 0 -180 0 0 0 -180
inside=0 lambda=0.647 phi=30 theta=0
0 180 0 180 0 -180 0.0139489 -104.594 0.0707973 5.9195 0 0 0 180 0 180 0 -180
0 -180 0 -180 0 180 0 0 1.07042 13.199 0 -0 0 -180 0 -180 0 180
0 180 0 -0 0 0 7.38904e-14 -42.453 1.39277e-13 41.1891 0 180 0 -0 0 180 0 -180
0 -180 0 180 0 -0 0 0 1.62627e-13 22.8727 0 180 0 0 0 -0 0 180
0 -180 0 -180 0 0 1.18047e-13 -135.731 5.52641e-13 167.307 0 180 0 0 0 0 0 -180
0 180 0 180 0 -0 0 0 4.86594e-13 24.057 0 180 0 -0 0 -0 0 180
0 -180 0 0 0 -180 0.0513746 -131.807 0.293639 2.14102 0 -180 0 -180 0 0 0 -180
0 180 0 -0 0 180 0 180 1.29656 8.70552 0 180 0 180 0 -0 0 180
inside=0 lambda=0.647 phi=30 theta=15
0 180 0 180 0 -180 0 -0 0.0858563 4.70792 0 0 0 180 0 180 0 -180
0 -180 0 -180 0 180 0 0 1.08571 12.7936 0 -0 0 -180 0 -180 0 180
0 180 0 -0 0 0 0 -180 0.0557963 -178.467 0 0 0 -0 0 180 0 -180
0 -180 0 180 0 -0 0 -180 0.0632665 164.569 0 -0 0 0 0 -0 0 180
0 -180 0 -180 0 -0 0 -180 0.0557897 -178.554 0 180 0 0 0 0 0 -180
0 -180 0 -180 0 0 0 180 0.0620654 166.023 0 -0 0 -0 0 -0 0 180
0 180 0 0 0 180 0 -180 0.278925 2.23569 0 -180 0 -180 0 0 0 -180
0 -180 0 0 0 -180 0 180 1.28143 8.91835 0 -180 0 180 0 -0 0 180
inside=0 lambda=0.647 phi=30 theta=30
0 180 0 180 0 -180 0 -0 0.126477 3.38991 0 0 0 180 0 180 0 -180
0 -180 0 -180 0 180 0 0 1.12647 11.7836 0 -0 0 -180 0 -180 0 180
0 180 0 -180 0 0 0 -180 0.0967709 -178.468 0 0 0 -0 0 180 0 -180
0 -180 0 180 0 -0 0 -180 0.108634 165.158 0 -0 0 0 0 -0 0 180
0 180 0 -180 0 -0 0 -180 0.0967723 -178.508 0 180 0 0 0 0 0 -180
0 -180 0 -180 0 0 0 180 0.107623 165.957 0 -0 0 -0 0 -0 0 180
0 180 0 -0 0 180 0 -180 0.23819 2.37886 0 180 0 -180 0 0 0 -180
0 -180 0 0 0 -180 0 180 1.23943 9.56887 0 -180 0 180 0 -0 0 180
inside=0 lambda=0.647 phi=30 theta=45
0 180 0 -180 0 -180 0 -0 0.182316 2.70282 0 0 0 180 0 180 0 -180
0 -180 0 -180 0 180 0 0 1.18267 10.595 0 -0 0 -180 0 -180 0 180
0 180 0 -180 0 0 0 -180 0.111779 -178.474 0 0 0 -0 0 180 0 -180
0 -180 0 180 0 -0 0 -180 0.124675 165.671 0 -0 0 0 0 -0 0 180
0 180 0 -180 0 -0 0 -180 0.111779 -178.474 0 180 0 0 0 0 0 -180
0 -180 0 -180 0 0 0 180 0.124675 165.671 0 -0 0 -0 0 -0 0 180
0 180 0 -0 0 180 0 -180 0.182316 2.70282 0 180 0 -180 0 0 0 -180
0 -180 0 0 0 -180 0 -180 1.18267 10.595 0 -180 0 180 0 -0 0 180
inside=0 lambda=0.647 phi=35 theta=0
0 180 0 180 0 -180 0.0446985 -99.5427 0.0492784 50.978 0 0 0 180 0 180 0 -180
0 -180 0 -180 0 0 0 -0 0.985386 -47.9673 0 -180 0 -180 0 -180 0 0
0 180 0 -0 0 0 1.49645e-13 -13.8429 2.55421e-13 -53.0342 0 0 0 -0 0 180 0 -180
0 -180 0 0 0 -180 0 0 7.81003e-13 29.0741 0 180 0 0 0 -180 0 0
0 -180 0 -180 0 0 4.42226e-13 56.6937 1.75377e-13 -25.5899 0 0 0 0 0 0 0 -180
0 180 0 180 0 -0 0 -180 2.91405e-13 7.78926 0 0 0 -0 0 -0 0 180
0 -180 0 0 0 -180 0.0606197 -109.537 0.321064 -6.16747 0 -180 0 -180 0 0 0 -180
0 180 0 -0 0 180 0 180 1.39406 -54.6414 0 180 0 180 0 -0 0 180
inside=0 lambda=0.647 phi=35 theta=15
0 180 0 180 0 -180 0.0335649 -105.114 0.06019 33.1073 0 0 0 180 0 180 0 -180
0 -180 0 -180 0 0 0 -0 1.01259 -48.7284 0 -180 0 -180 0 -180 0 0
0 180 0 -0 0 0 0.00119845 150.068 0.0744347 167.066 0 0 0 -0 0 180 0 -180
0 -180 0 0 0 -180 0 180 0.111472 105.186 0 -180 0 0 0 -180 0 0
0 180 0 -180 0 -0 0.016439 -131.835 0.0743902 166.772 0 180 0 0 0 0 0 -180
0 180 0 180 0 -0 0 0 0.109094 107.413 0 -180 0 -0 0 -0 0 180
0 180 0 -0 0 180 0.0539004 -118.55 0.301595 -5.54293 0 -180 0 -180 0 0 0 -180
0 180 0 -0 0 180 0 180 1.36627 -54.4313 0 180 0 180 0 -0 0 0
inside=0 lambda=0.647 phi=35 theta=30
0 180 0 180 0 -180 0 -0 0.104826 10.2433 0 0 0 180 0 180 0 -180
0 -180 0 -180 0 0 0 -0 1.08714 -50.497 0 -180 0 -180 0 -180 0 0
0 180 0 -180 0 0 0 -180 0.129448 167.375 0 0 0 -0 0 180 0 -180
0 180 0 0 0 -180 0 180 0.190599 105.983 0 -180 0 -0 0 -180 0 0
0 180 0 180 0 -0 0 -180 0.129317 167.244 0 180 0 0 0 0 0 -180
0 180 0 180 0 -0 0 0 0.188468 107.281 0 -180 0 -180 0 -180 0 0
0 180 0 -0 0 180 0 -180 0.248272 -3.62471 0 180 0 -180 0 0 0 -180
0 180 0 -0 0 180 0 180 1.29109 -53.6952 0 180 0 0 0 -180 0 0
inside=0 lambda=0.647 phi=35 theta=45
0 180 0 -180 0 -180 0 -0 0.175307 0.459654 0 0 0 180 0 180 0 -180
0 -180 0 180 0 0 0 -0 1.18846 -52.3298 0 -180 0 180 0 180 0 0
0 180 0 -180 0 0 0 180 0.149675 167.358 0 0 0 -0 0 180 0 -180
0 180 0 0 0 -180 0 180 0.218253 106.851 0 -180 0 -0 0 -180 0 0
0 180 0 180 0 -0 0 -180 0.149675 167.358 0 180 0 0 0 0 0 -180
0 180 0 180 0 -0 0 0 0.218253 106.851 0 -180 0 -180 0 -180 0 0
0 180 0 -0 0 180 0 -180 0.175307 0.459654 0 180 0 -180 0 0 0 -180
0 -180 0 -0 0 180 0 180 1.18846 -52.3298 0 180 0 0 0 -180 0 0
inside=0 lambda=0.647 phi=40 theta=0
0 180 0 180 0 -0 0.116011 -101.099 0.119712 -139.1 0 0 0 180 0 180 0 -0
0 180 0 180 0 -0 0 -0 0.803521 -129.414 0 180 0 180 0 180 0 -0
0 180 0 -0 0 0 8.51954e-14 158.13 4.42193e-13 -104.963 0 -0 0 -0 0 180 0 -180
0 180 0 -0 0 180 0 180 1.35291e-12 -34.2519 0 -0 0 -0 0 180 0 -0
0 -180 0 -180 0 0 1.22611e-12 -117.427 3.63156e-13 53.0675 0 180 0 0 0 0 0 -180
0 0 0 0 0 -180 0 -180 9.19976e-13 -55.937 0 180 0 -180 0 -180 0 0
0 -180 0 0 0 -180 0.0950294 -99.9157 0.476811 8.3171 0 -180 0 -180 0 0 0 -180
0 0 0 -180 0 0 0 0 1.56023 -145.858 0 0 0 0 0 -180 0 0
inside=0 lambda=0.647 phi=40 theta=15
0 180 0 180 0 -180 0.0856024 -108.466 0.0889626 -125.937 0 0 0 180 0 180 0 -0
0 180 0 180 0 -0 0 -0 0.852348 -132.183 0 180 0 180 0 180 0 -0
0 180 0 -0 0 0 0.0172676 73.4942 0.145469 -164.269 0 0 0 -0 0 180 0 -180
0 180 0 -0 0 180 0 180 0.216788 12.8223 0 180 0 -0 0 180 0 -0
0 180 0 180 0 -0 0.0362176 -127.992 0.145616 -164.522 0 180 0 0 0 0 0 -180
0 0 0 0 0 -180 0 -0 0.207166 15.8559 0 180 0 -180 0 -180 0 0
0 180 0 -0 0 180 0.0747419 -108.759 0.43979 7.72808 0 -180 0 -180 0 0 0 -180
0 0 0 -180 0 0 0 0 1.50663 -145.757 0 0 0 0 0 -180 0 -0
inside=0 lambda=0.647 phi=40 theta=30
0 180 0 180 0 -180 0.0253222 -126.194 0.0705044 -43.2965 0 0 0 180 0 180 0 -180
0 180 0 180 0 -0 0 -0 0.986918 -137.449 0 180 0 180 0 180 0 -0
0 180 0 -0 0 0 0.00713356 73.2024 0.255489 -164.071 0 0 0 -0 0 180 0 -180
0 180 0 -0 0 180 0 180 0.364531 13.9289 0 180 0 -0 0 180 0 -0
0 180 0 180 0 -0 0.0304788 -150.592 0.255141 -164.186 0 180 0 0 0 0 0 -180
0 0 0 0 0 -180 0 -0 0.356084 15.4349 0 180 0 180 0 180 0 -0
0 180 0 -0 0 180 0.0463496 -140.549 0.335342 5.07416 0 180 0 -180 0 0 0 -180
0 180 0 -180 0 180 0 0 1.36366 -144.633 0 0 0 -0 0 180 0 -0
inside=0 lambda=0.647 phi=40 theta=45
0 180 0 180 0 -180 0 -0 0.192241 -3.07018 0 0 0 180 0 180 0 -180
0 180 0 180 0 -0 0 -0 1.1732 -141.926 0 180 0 180 0 180 0 -0
0 180 0 -180 0 0 0 180 0.296733 -164.279 0 0 0 -0 0 180 0 -180
0 180 0 -0 0 180 0 0 0.412583 14.9257 0 180 0 -0 0 180 0 -0
0 180 0 180 0 -0 0 -180 0.296733 -164.279 0 180 0 0 0 0 0 -180
0 180 0 0 0 -0 0 -0 0.412583 14.9257 0 180 0 180 0 180 0 -0
0 180 0 -0 0 180 0 180 0.192241 -3.07018 0 180 0 -180 0 0 0 -180
0 180 0 -0 0 180 0 180 1.1732 -141.926 0 180 0 -0 0 180 0 -0
inside=0 lambda=0.647 phi=45 theta=0
0 180 0 180 0 -0 0.587909 -99.4345 0.783829 -112.926 0 180 0 180 0 180 0 -0
0 -0 0 -0 0 180 0 180 0 180 0 -0 0 -0 0 -0 0 180
0 180 0 -0 0 180 3.70509e-13 154.384 8.75401e-13 -41.0869 0 0 0 -0 0 180 0 -0
0 -0 0 180 0 -0 0 0 0 -180 0 0 0 180 0 -0 0 180
0 180 0 180 0 -0 9.67808e-11 -151.121 2.77404e-10 -144.457 0 180 0 -0 0 -0 0 180
0 180 0 180 0 -0 0 0 0 0 0 -180 0 -0 0 -0 0 180
0 180 0 -0 0 180 0.167813 -120.492 0.987298 -8.65514 0 180 0 180 0 -0 0 180
0 180 0 -0 0 180 0 180 0 -0 0 180 0 180 0 -0 0 180
inside=0 lambda=0.647 phi=45 theta=15
0 180 0 180 0 -0 0.349862 -121.591 0.809885 -132.629 0 180 0 180 0 180 0 -0
0 -0 0 -0 0 180 0 180 0 180 0 -0 0 -0 0 -0 0 180
0 180 0 -0 0 180 0.105131 64.4172 0.422697 -163.297 0 180 0 -0 0 180 0 -0
0 -0 0 180 0 -0 0 -0 0 180 0 -0 0 180 0 -0 0 180
0 180 0 180 0 -0 0.11327 -133.059 0.423624 -163.908 0 180 0 0 0 0 0 -180
0 -0 0 -180 0 0 0 180 0 180 0 -0 0 -0 0 -0 0 180
0 180 0 -0 0 180 0.0935999 -132.383 0.89487 -13.3406 0 180 0 -180 0 0 0 -180
0 -0 0 180 0 -0 0 -180 0 0 0 -180 0 180 0 -0 0 180
inside=0 lambda=0.647 phi=45 theta=30
0 180 0 180 0 -0 0.0972551 -147.064 0.562777 -135.704 0 180 0 180 0 180 0 -0
0 -0 0 -0 0 180 0 180 0 0 0 -0 0 -0 0 -0 0 180
0 180 0 -0 0 180 0.0681751 40.2616 0.81017 -171.419 0 0 0 -0 0 180 0 -0
0 -0 0 180 0 -0 0 -0 0 180 0 -0 0 180 0 -0 0 180
0 180 0 180 0 -0 0.0768861 -163.972 0.808346 -171.586 0 180 0 0 0 0 0 -0
0 -0 0 -0 0 0 0 180 0 180 0 -0 0 -0 0 -0 0 180
0 180 0 -0 0 180 0.0261219 -163.268 0.579903 -27.0767 0 180 0 -180 0 0 0 -0
0 -0 0 180 0 -0 0 -0 0 0 0 -180 0 180 0 -0 0 180
inside=0 lambda=0.647 phi=45 theta=45
0 180 0 180 0 -180 0 -0 0.305452 -83.6505 0 180 0 180 0 180 0 -0
0 -0 0 -0 0 180 0 180 0 0 0 -0 0 -0 0 -0 0 180
0 180 0 -180 0 0 0 180 0.952208 -173.651 0 0 0 -0 0 180 0 -0
0 -0 0 180 0 -0 0 -0 0 180 0 -0 0 180 0 -0 0 180
0 180 0 180 0 -0 0 -180 0.952208 -173.651 0 180 0 0 0 0 0 -0
0 -0 0 -0 0 180 0 180 0 180 0 -0 0 -0 0 -0 0 180
0 180 0 -0 0 180 0 180 0.305452 -83.6505 0 180 0 -180 0 180 0 -0
0 -0 0 180 0 -0 0 -0 0 0 0 -0 0 180 0 -0 0 180
inside=1 lambda=0.647 phi=0 theta=0
0 -180 0 -180 0 -180 0 0 0.183925 147.043 0 0 0 -180 0 -180 0 -180
0 -0 0 -0 0 -0 0 180 0.814432 162.8 0 180 0 -0 0 -0 0 -0
0 -180 0 0 0 0 0 -0 1.04973e-12 174.518 0 -0 0 0 0 0 0 -180
0 -0 0 -180 0 180 0 -180 1.33293e-12 -87.1929 0 -180 0 180 0 -0 0 -0
0 -180 0 0 0 0 0 -0 1.97627e-13 -137.983 0 -0 0 0 0 -180 0 -180
0 -0 0 -0 0 180 0 0 3.19531e-13 -107.125 0 0 0 180 0 0 0 -0
0 -180 0 0 0 -180 0 -180 0.183925 147.043 0 -180 0 -180 0 0 0 -180
0 -0 0 180 0 -0 0 -0 0.814432 162.8 0 -0 0 -0 0 180 0 -0
inside=1 lambda=0.647 phi=0 theta=15
0 -180 0 -180 0 -180 0 0 0.183925 147.043 0 0 0 -180 0 -180 0 -180
0 -0 0 -0 0 -0 0 180 0.814432 162.8 0 180 0 -0 0 -0 0 -0
0 -180 0 0 0 0 0 -0 1.04973e-12 174.518 0 -0 0 0 0 0 0 -180
0 -0 0 -180 0 180 0 -180 1.33293e-12 -87.1929 0 -180 0 180 0 -0 0 -0
0 -180 0 0 0 0 0 -0 1.97627e-13 -137.983 0 -0 0 0 0 -180 0 -180
0 -0 0 -0 0 180 0 0 3.19531e-13 -107.125 0 0 0 180 0 0 0 -0
0 -180 0 0 0 -180 0 -180 0.183925 147.043 0 -180 0 -180 0 0 0 -180
0 -0 0 180 0 -0 0 -0 0.814432 162.8 0 -0 0 -0 0 180 0 -0
inside=1 lambda=0.647 phi=0 theta=30
0 -180 0 -180 0 -180 0 0 0.183925 147.043 0 0 0 -180 0 -180 0 -180
0 -0 0 -0 0 -0 0 180 0.814432 162.8 0 180 0 -0 0 -0 0 -0
0 -180 0 0 0 0 0 -0 1.04973e-12 174.518 0 -0 0 0 0 0 0 -180
0 -0 0 -180 0 180 0 -180 1.33293e-12 -87.1929 0 -180 0 180 0 -0 0 -0
0 -180 0 0 0 0 0 -0 1.97627e-13 -137.983 0 -0 0 0 0 -180 0 -180
0 -0 0 -0 0 180 0 0 3.19531e-13 -107.125 0 0 0 180 0 0 0 -0
0 -180 0 0 0 -180 0 -180 0.183925 147.043 0 -180 0 -180 0 0 0 -180
0 -0 0 180 0 -0 0 -0 0.814432 162.8 0 -0 0 -0 0 180 0 -0
inside=1 lambda=0.647 phi=0 theta=45
0 -180 0 -180 0 -180 0 0 0.183925 147.043 0 0 0 -180 0 -180 0 -180
0 -0 0 -0 0 -0 0 180 0.814432 162.8 0 180 0 -0 0 -0 0 -0
0 -180 0 0 0 0 0 -0 1.04973e-12 174.518 0 -0 0 0 0 0 0 -180
0 -0 0 -180 0 180 0 -180 1.33293e-12 -87.1929 0 -180 0 180 0 -0 0 -0
0 -180 0 0 0 0 0 -0 1.97627e-13 -137.983 0 -0 0 0 0 -180 0 -180
0 -0 0 -0 0 180 0 0 3.19531e-13 -107.125 0 0 0 180 0 0 0 -0
0 -180 0 0 0 -180 0 -180 0.183925 147.043 0 -180 0 -180 0 0 0 -180
0 -0 0 180 0 -0 0 -0 0.814432 162.8 0 -0 0 -0 0 180 0 -0
inside=1 lambda=0.647 phi=5 theta=0
0 -180 0 -180 0 -180 0 0 0.182593 143.555 0 0 0 -180 0 -180 0 -180
0 -0 0 -0 0 -0 0 180 0.81546 160.96 0 180 0 -0 0 -0 0 -0
0 -180 0 -0 0 0 0 180 8.34461e-13 53.9979 0 0 0 0 0 180 0 -180
0 -0 0 -180 0 180 0 -180 2.16912e-12 68.7022 0 -0 0 180 0 0 0 -0
0 -180 0 -180 0 0 0 -0 8.65889e-13 47.8935 0 -0 0 0 0 0 0 -180
0 -0 0 -0 0 180 0 0 2.02783e-12 71.0358 0 0 0 180 0 180 0 -0
0 -180 0 0 0 -180 0 -180 0.184463 143.529 0 -180 0 -180 0 0 0 -180
0 -0 0 180 0 -0 0 -0 0.813526 160.925 0 -0 0 -0 0 180 0 -0
inside=1 lambda=0.647 phi=5 theta=15
0 -180 0 -180 0 -180 0 0 0.182718 143.553 0 0 0 -180 0 -180 0 -180
0 -0 0 -0 0 -0 0 180 0.815331 160.958 0 180 0 -0 0 -0 0 -0
0 -180 0 -0 0 0 0 -180 0.000469031 -40.4252 0 0 0 0 0 180 0 -180
0 -0 0 -180 0 180 0 -0 0.00050465 177.566 0 180 0 180 0 0 0 -0
0 -180 0 -180 0 0 0 -0 0.000469023 -40.4161 0 180 0 0 0 0 0 -180
0 -0 0 -0 0 180 0 -180 0.000504618 177.558 0 0 0 180 0 180 0 -0
0 -180 0 0 0 -180 0 -180 0.184338 143.53 0 -180 0 -180 0 0 0 -180
0 -0 0 180 0 -0 0 -0 0.813656 160.927 0 -0 0 -0 0 180 0 -0
inside=1 lambda=0.647 phi=5 theta=30
0 -180 0 -180 0 -180 0 0 0.18306 143.548 0 0 0 -180 0 -180 0 -180
0 -0 0 -0 0 -0 0 180 0.814977 160.951 0 180 0 -0 0 -0 0 -0
0 -180 0 -0 0 0 0 -180 0.000812383 -40.4233 0 0 0 0 0 180 0 -180
0 -0 0 -180 0 180 0 -0 0.000874068 177.565 0 180 0 180 0 0 0 -0
0 -180 0 -180 0 0 0 -0 0.000812375 -40.4181 0 180 0 0 0 0 0 -180
0 -0 0 -0 0 180 0 -180 0.000874036 177.56 0 0 0 180 0 180 0 -0
0 -180 0 0 0 -180 0 -180 0.183995 143.535 0 -180 0 -180 0 0 0 -180
0 -0 0 180 0 -0 0 -0 0.81401 160.933 0 -0 0 -0 0 180 0 -0
inside=1 lambda=0.647 phi=5 theta=45
0 -180 0 -180 0 -180 0 0 0.183528 143.542 0 0 0 -180 0 -180 0 -180
0 -0 0 -0 0 -0 0 180 0.814493 160.942 0 180 0 -0 0 -0 0 -0
0 -180 0 -0 0 0 0 -180 0.000938054 -40.4207 0 0 0 0 0 180 0 -180
0 -0 0 -180 0 180 0 -0 0.00100927 177.562 0 180 0 180 0 0 0 -0
0 -180 0 -180 0 0 0 -0 0.000938054 -40.4207 0 180 0 0 0 0 0 -180
0 -0 0 -0 0 180 0 -180 0.00100927 177.562 0 0 0 180 0 180 0 -0
0 -180 0 0 0 -180 0 -180 0.183528 143.542 0 -180 0 -180 0 0 0 -180
0 -0 0 180 0 -0 0 -0 0.814493 160.942 0 -0 0 -0 0 180 0 -0
inside=1 lambda=0.647 phi=10 theta=0
0 -180 0 -180 0 -180 0 0 0.178398 133.059 0 0 0 -180 0 -180 0 -180
0 -0 0 -0 0 -0 0 180 0.818605 155.454 0 180 0 -0 0 -0 0 -0
0 -180 0 -0 0 0 0 180 3.3561e-14 -142.726 0 0 0 0 0 180 0 -180
0 -0 0 -180 0 180 0 0 8.07072e-14 -118.297 0 0 0 180 0 0 0 -0
0 -180 0 -180 0 0 0 -0 7.17456e-14 -86.8791 0 -0 0 0 0 0 0 -180
0 -0 0 -0 0 180 0 0 9.3693e-14 -177.076 0 -0 0 180 0 180 0 -0
0 -180 0 0 0 -180 0 -180 0.185807 132.97 0 -180 0 -180 0 0 0 -180
0 -0 0 180 0 -0 0 -0 0.810827 155.313 0 -0 0 -0 0 180 0 -0
inside=1 lambda=0.647 phi=10 theta=15
0 -180 0 -180 0 -180 0 0 0.178894 133.052 0 0 0 -180 0 -180 0 -180
0 -0 0 -0 0 -0 0 180 0.818084 155.445 0 180 0 -0 0 -0 0 -0
0 -180 0 -0 0 0 0 -180 0.00185888 -50.6045 0 0 0 0 0 180 0 -180
0 -0 0 -180 0 180 0 -0 0.00202883 171.901 0 180 0 180 0 0 0 -0
0 -180 0 -180 0 0 0 -0 0.00185873 -50.567 0 180 0 0 0 0 0 -180
0 -0 0 -0 0 180 0 -180 0.00202832 171.867 0 0 0 180 0 180 0 -0
0 -180 0 0 0 -180 0 -180 0.185311 132.975 0 -180 0 -180 0 0 0 -180
0 -0 0 180 0 -0 0 -0 0.811347 155.323 0 -0 0 -0 0 180 0 -0
inside=1 lambda=0.647 phi=10 theta=30
0 -180 0 -180 0 -180 0 0 0.18025 133.035 0 0 0 -180 0 -180 0 -180
0 -0 0 -0 0 -0 0 180 0.81666 155.419 0 180 0 -0 0 -0 0 -0
0 -180 0 -0 0 0 0 -180 0.00321962 -50.5964 0 0 0 0 0 180 0 -180
0 -0 0 -180 0 180 0 -0 0.00351385 171.893 0 180 0 180 0 0 0 -0
0 -180 0 -180 0 0 0 -0 0.00321947 -50.5748 0 180 0 0 0 0 0 -180
0 -0 0 -0 0 180 0 -180 0.00351333 171.874 0 0 0 180 0 180 0 -0
0 -180 0 0 0 -180 0 -180 0.183955 132.991 0 -180 0 -180 0 0 0 -180
0 -0 0 180 0 -0 0 -0 0.81277 155.349 0 -0 0 -0 0 180 0 -0
inside=1 lambda=0.647 phi=10 theta=45
0 -180 0 -180 0 -180 0 0 0.182102 133.013 0 0 0 -180 0 -180 0 -180
0 -0 0 -0 0 -0 0 180 0.814715 155.384 0 180 0 -0 0 -0 0 -0
0 -180 0 -0 0 0 0 -180 0.00371761 -50.5855 0 0 0 0 0 180 0 -180
0 -0 0 -180 0 180 0 -0 0.00405714 171.883 0 180 0 180 0 0 0 -0
0 -180 0 -180 0 0 0 -0 0.00371761 -50.5855 0 180 0 0 0 0 0 -180
0 -0 0 -0 0 180 0 -180 0.00405714 171.883 0 0 0 180 0 180 0 -0
0 -180 0 0 0 -180 0 -180 0.182102 133.013 0 -180 0 -180 0 0 0 -180
0 -0 0 180 0 -0 0 -0 0.814715 155.384 0 -0 0 -0 0 180 0 -0
inside=1 lambda=0.647 phi=15 theta=0
0 -180 0 -180 0 -180 0 0 0.170919 115.422 0 0 0 -180 0 -180 0 -180
0 -0 0 -0 0 -0 0 180 0.824013 146.328 0 180 0 -0 0 -0 0 -0
0 -180 0 -0 0 0 0 -180 2.38958e-13 13.4155 0 -0 0 0 0 180 0 -180
0 -0 0 -180 0 180 0 -180 5.58238e-13 56.1459 0 -0 0 180 0 0 0 -0
0 -180 0 -180 0 0 0 -0 2.95167e-13 12.6967 0 0 0 0 0 0 0 -180
0 -0 0 -0 0 180 0 180 5.03408e-13 54.4268 0 180 0 180 0 180 0 -0
0 -180 0 0 0 -180 0 -180 0.187222 115.262 0 -180 0 -180 0 0 0 -180
0 -0 0 180 0 -0 0 -0 0.80637 146.011 0 -0 0 -0 0 180 0 -0
inside=1 lambda=0.647 phi=15 theta=15
0 -180 0 -180 0 -180 0 0 0.172011 115.409 0 0 0 -180 0 -180 0 -180
0 -0 0 -0 0 -0 0 180 0.82283 146.307 0 180 0 -0 0 -0 0 -0
0 -180 0 -0 0 0 0 -180 0.00409356 -67.9223 0 0 0 0 0 0 0 -180
0 -0 0 -180 0 180 0 -0 0.00460131 162.626 0 180 0 180 0 0 0 -0
0 -180 0 -180 0 0 0 -0 0.00409256 -67.8345 0 0 0 0 0 0 0 -180
0 -0 0 -0 0 180 0 -180 0.00459864 162.547 0 0 0 180 0 180 0 -0
0 -180 0 0 0 -180 0 -180 0.186131 115.271 0 -180 0 -180 0 0 0 -180
0 -0 0 180 0 -0 0 -0 0.807551 146.033 0 -0 0 -0 0 180 0 -0
inside=1 lambda=0.647 phi=15 theta=30
0 -180 0 -180 0 -180 0 0 0.174996 115.377 0 0 0 -180 0 -180 0 -180
0 -0 0 -0 0 -0 0 180 0.819599 146.25 0 180 0 -0 0 -0 0 -0
0 -180 0 -0 0 0 0 -180 0.00708992 -67.903 0 0 0 0 0 0 0 -180
0 -0 0 -180 0 180 0 -0 0.00796865 162.607 0 180 0 180 0 0 0 -0
0 -180 0 -180 0 0 0 -0 0.00708892 -67.8524 0 0 0 0 0 0 0 -180
0 -0 0 -0 0 180 0 -180 0.00796599 162.561 0 0 0 180 0 180 0 -0
0 -180 0 0 0 -180 0 -180 0.183147 115.297 0 -180 0 -180 0 0 0 -180
0 -0 0 180 0 -0 0 -0 0.810777 146.092 0 -0 0 -0 0 180 0 -0
inside=1 lambda=0.647 phi=15 theta=45
0 -180 0 -180 0 -180 0 0 0.179072 115.335 0 0 0 -180 0 -180 0 -180
0 -0 0 -0 0 -0 0 180 0.815187 146.172 0 180 0 -0 0 -0 0 -0
0 -180 0 -0 0 0 0 -180 0.00818618 -67.8774 0 0 0 0 0 0 0 -180
0 -0 0 -180 0 180 0 -0 0.00919983 162.583 0 180 0 180 0 0 0 -0
0 -180 0 -180 0 0 0 -0 0.00818618 -67.8774 0 0 0 0 0 0 0 -180
0 -0 0 -0 0 180 0 -180 0.00919983 162.583 0 0 0 180 0 180 0 -0
0 -180 0 0 0 -180 0 -180 0.179072 115.335 0 -180 0 -180 0 0 0 -180
0 -0 0 180 0 -0 0 -0 0.815187 146.172 0 -0 0 -0 0 180 0 -0
inside=1 lambda=0.647 phi=20 theta=0
0 180 0 -180 0 -180 0 0 0.16007 90.3601 0 0 0 180 0 -180 0 -180
0 -0 0 -0 0 -180 0 180 0.831842 133.659 0 0 0 -0 0 -0 0 -180
0 -180 0 -0 0 0 0 0 1.16665e-13 -22.8744 0 0 0 0 0 180 0 -180
0 -0 0 -180 0 0 0 -180 4.76982e-13 42.1057 0 -180 0 180 0 0 0 -180
0 -180 0 -180 0 0 0 -180 1.22113e-13 -25.8946 0 0 0 0 0 0 0 -180
0 -0 0 -0 0 180 0 180 8.11654e-14 50.5777 0 180 0 180 0 180 0 -0
0 -180 0 0 0 -180 0 -180 0.187896 90.0713 0 -180 0 -180 0 0 0 -180
0 -0 0 180 0 -0 0 -0 0.800152 133.087 0 -0 0 -0 0 180 0 -0
inside=1 lambda=0.647 phi=20 theta=15
0 180 0 -180 0 -180 0 0 0.161935 90.3349 0 0 0 180 0 -180 0 -180
0 -0 0 -0 0 -180 0 180 0.829715 133.622 0 0 0 -0 0 -0 0 -180
0 -180 0 -0 0 0 0 -180 0.00700051 -93.1848 0 0 0 0 0 180 0 -180
0 -0 0 -180 0 0 0 -0 0.00827401 150.002 0 0 0 180 0 0 0 -180
0 -180 0 -180 0 0 0 -180 0.00699614 -93.0229 0 180 0 0 0 0 0 -180
0 -0 0 -0 0 180 0 -180 0.00826518 149.856 0 0 0 180 0 180 0 -0
0 -180 0 0 0 -180 0 -180 0.186034 90.0855 0 -180 0 -180 0 0 0 -180
0 -0 0 180 0 -0 0 -0 0.802271 133.127 0 -0 0 -0 0 180 0 -0
inside=1 lambda=0.647 phi=20 theta=30
0 180 0 -180 0 -180 0 0 0.16703 90.2709 0 0 0 180 0 -180 0 -180
0 -0 0 -0 0 -180 0 180 0.823908 133.52 0 0 0 -0 0 -0 0 -180
0 -180 0 -0 0 0 0 -180 0.0121239 -93.1481 0 0 0 0 0 180 0 -180
0 -0 0 -180 0 0 0 -0 0.0143273 149.965 0 0 0 180 0 0 0 -180
0 -180 0 -180 0 0 0 -0 0.0121195 -93.0548 0 180 0 0 0 0 0 -180
0 -0 0 -0 0 180 0 -180 0.0143185 149.881 0 0 0 180 0 0 0 -0
0 -180 0 0 0 -180 0 -180 0.180944 90.1276 0 -180 0 -180 0 0 0 -180
0 -0 0 180 0 -0 0 -0 0.808063 133.234 0 -0 0 -180 0 0 0 -180
inside=1 lambda=0.647 phi=20 theta=45
0 -180 0 -180 0 -180 0 0 0.173988 90.1939 0 0 0 -180 0 -180 0 -180
0 -0 0 -0 0 -180 0 180 0.815982 133.379 0 0 0 -0 0 -0 0 -180
0 -180 0 -0 0 0 0 -180 0.013997 -93.1003 0 0 0 0 0 180 0 -180
0 -0 0 -180 0 0 0 -0 0.0165384 149.92 0 0 0 180 0 0 0 -180
0 -180 0 -180 0 0 0 -0 0.013997 -93.1003 0 180 0 0 0 0 0 -180
0 -0 0 -0 0 180 0 -180 0.0165384 149.92 0 0 0 0 0 0 0 -180
0 -180 0 0 0 -180 0 -180 0.173988 90.1939 0 -180 0 -180 0 0 0 -180
0 -0 0 180 0 -0 0 -0 0.815982 133.379 0 -0 0 -180 0 0 0 -180
inside=1 lambda=0.647 phi=25 theta=0
0 180 0 -180 0 -180 0 0 0.14686 57.5312 0 0 0 180 0 -180 0 -180
0 -0 0 -0 0 -180 0 180 0.842185 117.566 0 0 0 -0 0 -0 0 -180
0 180 0 -0 0 0 0 180 2.46215e-13 131.187 0 180 0 -0 0 180 0 -180
0 -0 0 -180 0 0 0 180 3.65481e-13 -155.999 0 0 0 180 0 0 0 -180
0 -180 0 -180 0 0 0 180 2.43791e-13 101.086 0 180 0 0 0 0 0 -180
0 -180 0 -180 0 180 0 0 5.46664e-13 -144.355 0 -180 0 0 0 0 0 -0
0 -180 0 0 0 -180 0 -180 0.188081 56.7065 0 -180 0 -180 0 0 0 -180
0 -180 0 0 0 -0 0 -180 0.79194 116.626 0 -180 0 -180 0 0 0 -0
inside=1 lambda=0.647 phi=25 theta=15
0 180 0 -180 0 -180 0 0 0.149623 57.4548 0 0 0 180 0 -180 0 -180
0 -0 0 -0 0 -180 0 180 0.838809 117.506 0 0 0 -0 0 -0 0 -180
0 180 0 -0 0 0 0 -180 0.0104143 -127.866 0 0 0 -0 0 180 0 -180
0 -0 0 -180 0 0 0 -0 0.0131661 134.353 0 0 0 180 0 0 0 -180
0 -180 0 -180 0 0 0 -0 0.0103995 -127.611 0 180 0 0 0 0 0 -180
0 -0 0 -0 0 180 0 -180 0.0131424 134.113 0 0 0 0 0 0 0 -180
0 -180 0 0 0 -180 0 -180 0.185324 56.7443 0 -180 0 -180 0 0 0 -180
0 -0 0 180 0 -0 0 -180 0.795295 116.693 0 -0 0 -180 0 0 0 -180
inside=1 lambda=0.647 phi=25 theta=30
0 180 0 -180 0 -180 0 0 0.157172 57.2644 0 0 0 180 0 -180 0 -180
0 -0 0 -0 0 -180 0 180 0.829593 117.341 0 0 0 -0 0 -0 0 -180
0 180 0 -0 0 0 0 -180 0.0180335 -127.805 0 0 0 -0 0 180 0 -180
0 -0 0 -180 0 0 0 -0 0.0227936 134.285 0 0 0 180 0 0 0 -180
0 -180 0 -180 0 0 0 -0 0.0180188 -127.659 0 180 0 0 0 0 0 -180
0 -0 0 -0 0 180 0 -180 0.0227701 134.147 0 0 0 0 0 0 0 -180
0 -180 0 0 0 -180 0 -180 0.177787 56.8586 0 -180 0 -180 0 0 0 -180
0 -0 0 180 0 -0 0 -180 0.804469 116.872 0 -0 0 -180 0 0 0 -180
inside=1 lambda=0.647 phi=25 theta=45
0 180 0 -180 0 -180 0 0 0.167482 57.0427 0 0 0 180 0 -180 0 -180
0 -0 0 -180 0 -180 0 180 0.817021 117.11 0 0 0 -0 0 -0 0 -180
0 -180 0 -0 0 0 0 -180 0.0208152 -127.728 0 0 0 -0 0 180 0 -180
0 -0 0 -180 0 0 0 -0 0.0263051 134.208 0 0 0 180 0 0 0 -180
0 -180 0 -180 0 -0 0 -0 0.0208152 -127.728 0 180 0 0 0 0 0 -180
0 -0 0 -0 0 180 0 -180 0.0263051 134.208 0 0 0 0 0 0 0 -180
0 180 0 0 0 180 0 -180 0.167482 57.0427 0 -180 0 -180 0 0 0 -180
0 -0 0 180 0 -0 0 -180 0.817021 117.11 0 -0 0 -180 0 0 0 -180
inside=1 lambda=0.647 phi=30 theta=0
0 180 0 180 0 -180 0 -0 0.133431 17.0895 0 0 0 180 0 180 0 -180
0 -0 0 -0 0 -180 0 180 0.855164 98.2254 0 0 0 -0 0 -0 0 -180
0 180 0 -0 0 0 0 0 1.0518e-12 -95.4174 0 180 0 -0 0 180 0 -180
0 -0 0 -180 0 0 0 180 2.44308e-12 9.3829 0 180 0 180 0 0 0 -180
0 -180 0 -180 0 0 0 -0 1.13655e-12 -96.6039 0 -0 0 0 0 0 0 -180
0 -180 0 -180 0 0 0 -0 2.86514e-12 8.50469 0 180 0 0 0 0 0 -180
0 -180 0 0 0 -180 0 -180 0.191295 14.4511 0 -180 0 -180 0 0 0 -180
0 -180 0 0 0 -180 0 -180 0.780925 96.7394 0 -180 0 -180 0 0 0 -180
inside=1 lambda=0.647 phi=30 theta=15
0 180 0 180 0 -180 0 -0 0.137299 16.8281 0 0 0 180 0 180 0 -180
0 -0 0 -0 0 -180 0 180 0.850167 98.1334 0 0 0 -0 0 -0 0 -180
0 180 0 -0 0 0 0 -180 0.0147562 -173.15 0 0 0 -0 0 180 0 -180
0 -0 0 -180 0 0 0 -180 0.0195805 115.864 0 0 0 180 0 0 0 -180
0 -180 0 -180 0 0 0 -0 0.0147175 -172.81 0 180 0 0 0 0 0 -180
0 -180 0 -180 0 180 0 -180 0.0195228 115.504 0 0 0 0 0 0 0 -180
0 -180 0 0 0 -180 0 -180 0.187422 14.5653 0 -180 0 -180 0 0 0 -180
0 -0 0 0 0 -0 0 -180 0.785871 96.8474 0 -180 0 -180 0 0 0 -180
inside=1 lambda=0.647 phi=30 theta=30
0 180 0 -180 0 -180 0 -0 0.14788 16.194 0 0 0 180 0 180 0 -180
0 -0 0 -180 0 -180 0 180 0.83653 97.8771 0 0 0 -0 0 -0 0 -180
0 180 0 -0 0 0 0 -180 0.0255457 -173.061 0 0 0 -0 0 180 0 -180
0 -0 0 -180 0 0 0 -180 0.0338857 115.75 0 0 0 180 0 0 0 -180
0 -180 0 -180 0 -0 0 -0 0.0255076 -172.867 0 180 0 0 0 0 0 -180
0 -0 0 -180 0 180 0 -180 0.0338293 115.544 0 0 0 0 0 0 0 -180
0 180 0 0 0 180 0 -180 0.176831 14.9126 0 -180 0 -180 0 0 0 -180
0 -0 0 0 0 -0 0 -180 0.799407 97.1357 0 -180 0 -180 0 0 0 -180
inside=1 lambda=0.647 phi=30 theta=45
0 180 0 -180 0 -180 0 0 0.162353 15.4834 0 0 0 180 0 180 0 -180
0 -0 0 -180 0 -180 0 180 0.817943 97.5145 0 0 0 -0 0 -180 0 -180
0 180 0 -0 0 0 0 -180 0.0294764 -172.956 0 0 0 -0 0 180 0 -180
0 -0 0 -180 0 0 0 -180 0.0390914 115.629 0 0 0 180 0 0 0 -180
0 180 0 -180 0 -0 0 -0 0.0294764 -172.956 0 180 0 0 0 0 0 -180
0 -0 0 -180 0 180 0 -180 0.0390914 115.629 0 0 0 0 0 0 0 -180
0 180 0 0 0 180 0 -180 0.162353 15.4834 0 180 0 -180 0 0 0 -180
0 -0 0 180 0 -0 0 -180 0.817943 97.5145 0 -180 0 -180 0 0 0 -180
inside=1 lambda=0.647 phi=35 theta=0
0 180 0 180 0 -180 0 -0 0.120722 -29.5117 0 0 0 180 0 180 0 -180
0 -0 0 -180 0 -180 0 180 0.871293 75.8779 0 0 0 -0 0 -180 0 -180
0 180 0 -0 0 0 0 180 2.62821e-13 36.0456 0 -0 0 -0 0 180 0 -180
0 -0 0 180 0 0 0 -0 4.3026e-13 168.889 0 -180 0 180 0 -0 0 -180
0 -180 0 -180 0 0 0 180 1.63558e-13 31.4667 0 -0 0 0 0 0 0 -180
0 -180 0 -180 0 0 0 0 4.94838e-13 161.224 0 0 0 0 0 0 0 -180
0 -180 0 0 0 -180 0 -180 0.205546 -35.8669 0 -180 0 -180 0 0 0 -180
0 -180 0 0 0 -180 0 -180 0.765472 73.6059 0 -180 0 -180 0 0 0 -180
inside=1 lambda=0.647 phi=35 theta=15
0 180 0 180 0 -180 0 -0 0.126327 -30.2337 0 0 0 180 0 180 0 -180
0 -0 0 -180 0 -180 0 0 0.864149 75.7411 0 0 0 -0 0 -180 0 -180
0 180 0 -0 0 0 0 -180 0.0218995 133.831 0 0 0 -0 0 180 0 -180
0 -0 0 180 0 0 0 -180 0.0281136 94.3179 0 0 0 180 0 -0 0 -180
0 180 0 -180 0 -0 0 -0 0.0218269 134.243 0 180 0 0 0 0 0 -180
0 -180 0 -180 0 0 0 180 0.0279848 93.8205 0 -0 0 0 0 0 0 -180
0 180 0 0 0 180 0 -180 0.199835 -35.6309 0 -180 0 -180 0 0 0 -180
0 -180 0 0 0 -180 0 -180 0.7725 73.7765 0 -180 0 -180 0 0 0 -180
inside=1 lambda=0.647 phi=35 theta=30
0 180 0 180 0 -180 0 -0 0.141737 -31.8943 0 0 0 180 0 180 0 -180
0 -0 0 -180 0 -180 0 0 0.844671 75.3582 0 0 0 -0 0 -180 0 -180
0 180 0 -0 0 0 0 -180 0.0379053 133.948 0 0 0 -0 0 180 0 -180
0 -0 0 180 0 0 0 -180 0.0486228 94.138 0 0 0 180 0 -0 0 -180
0 180 0 -180 0 -0 0 -0 0.0378348 134.18 0 180 0 0 0 0 0 -180
0 -180 0 -180 0 180 0 180 0.0484994 93.8565 0 -0 0 0 0 0 0 -180
0 180 0 -0 0 180 0 -180 0.184227 -34.893 0 180 0 -180 0 0 0 -180
0 -0 0 0 0 -0 0 -180 0.791752 74.2274 0 -180 0 -180 0 0 0 -180
inside=1 lambda=0.647 phi=35 theta=45
0 180 0 -180 0 -180 0 -0 0.162935 -33.6126 0 0 0 180 0 180 0 -180
0 -0 0 -180 0 -180 0 0 0.818156 74.8099 0 0 0 -0 0 -180 0 -180
0 180 0 -0 0 0 0 -180 0.043729 134.077 0 0 0 -0 0 180 0 -180
0 -180 0 180 0 0 0 -180 0.0560617 93.9628 0 0 0 180 0 -0 0 -180
0 180 0 -180 0 -0 0 -0 0.043729 134.077 0 180 0 0 0 0 0 -180
0 -180 0 -180 0 180 0 180 0.0560617 93.9628 0 -0 0 0 0 0 0 -180
0 180 0 -0 0 180 0 -180 0.162935 -33.6126 0 180 0 -180 0 0 0 -180
0 -0 0 0 0 -0 0 -180 0.818156 74.8099 0 -180 0 -180 0 0 0 -180
inside=1 lambda=0.647 phi=40 theta=0
0 180 0 180 0 -180 0 -0 0.105126 -80.3402 0 0 0 180 0 180 0 -180
0 -0 0 -180 0 180 0 0 0.891809 50.8046 0 -0 0 -0 0 -180 0 180
0 180 0 -0 0 0 0 -0 1.12036e-13 99.5644 0 -0 0 -0 0 180 0 -180
0 -180 0 180 0 -0 0 180 1.19618e-13 31.8894 0 180 0 0 0 -0 0 180
0 -180 0 -180 0 -0 0 180 4.58267e-14 -67.7799 0 -0 0 0 0 0 0 180
0 -180 0 -180 0 0 0 -180 6.84427e-14 -61.622 0 180 0 0 0 0 0 -180
0 -180 0 0 0 180 0 -180 0.237243 -90.4544 0 -180 0 -180 0 0 0 180
0 -180 0 0 0 -180 0 -180 0.743687 47.5553 0 -180 0 -180 0 0 0 -180
inside=1 lambda=0.647 phi=40 theta=15
0 180 0 180 0 -180 0 -0 0.113728 -81.8067 0 0 0 180 0 180 0 -180
0 -0 0 -180 0 180 0 0 0.881779 50.6146 0 -0 0 -0 0 -180 0 180
0 180 0 -0 0 0 0 180 0.0340255 80.1509 0 0 0 -0 0 180 0 -180
0 -180 0 180 0 -0 0 -180 0.0394647 69.1906 0 -0 0 180 0 -0 0 180
0 180 0 180 0 -0 0 -0 0.0339281 80.7085 0 180 0 0 0 0 0 -180
0 -180 0 -180 0 0 0 180 0.0392052 68.5495 0 -0 0 0 0 0 0 -180
0 180 0 -0 0 180 0 -180 0.228312 -90.1839 0 180 0 -180 0 0 0 -180
0 -180 0 0 0 -180 0 -180 0.75349 47.8093 0 -180 0 180 0 0 0 -180
inside=1 lambda=0.647 phi=40 theta=30
0 180 0 180 0 -180 0 -0 0.137574 -84.8412 0 0 0 180 0 180 0 -180
0 -0 0 -180 0 180 0 0 0.854455 50.0825 0 -0 0 -0 0 -180 0 180
0 180 0 -0 0 0 0 180 0.058905 80.3109 0 0 0 -0 0 180 0 -180
0 -180 0 180 0 -0 0 -180 0.0681936 68.9203 0 -0 0 0 0 -0 0 180
0 180 0 180 0 -0 0 -0 0.058813 80.6176 0 180 0 0 0 0 0 -180
0 -180 0 -180 0 0 0 180 0.0679532 68.5614 0 -0 0 -0 0 -0 0 180
0 180 0 -0 0 180 0 -180 0.203887 -89.2815 0 180 0 -180 0 0 0 -180
0 -180 0 0 0 -0 0 -180 0.780374 48.4724 0 -180 0 180 0 -0 0 180
inside=1 lambda=0.647 phi=40 theta=45
0 180 0 180 0 -180 0 -0 0.170604 -87.5366 0 0 0 180 0 180 0 -180
0 -180 0 -180 0 180 0 0 0.817307 49.3106 0 -0 0 -0 0 -180 0 180
0 180 0 -0 0 0 0 180 0.0679663 80.4803 0 0 0 -0 0 180 0 -180
0 -180 0 180 0 -0 0 -180 0.0785742 68.6811 0 -0 0 0 0 -0 0 180
0 180 0 180 0 -0 0 -0 0.0679663 80.4803 0 180 0 0 0 0 0 -180
0 -180 0 -180 0 0 0 180 0.0785742 68.6811 0 -0 0 -0 0 -0 0 180
0 180 0 -0 0 180 0 180 0.170604 -87.5366 0 180 0 -180 0 0 0 -180
0 -180 0 0 0 -0 0 -180 0.817307 49.3106 0 -180 0 180 0 -0 0 180
inside=1 lambda=0.647 phi=45 theta=0
0 180 0 180 0 -180 0 -0 0.0813597 -136.682 0 0 0 180 0 180 0 -180
0 -180 0 -180 0 180 0.00572869 -37.9209 0.918099 23.3123 0 -0 0 -180 0 -180 0 180
0 180 0 -0 0 0 0 180 6.71186e-14 50.521 0 -0 0 -0 0 180 0 -180
0 -180 0 180 0 -0 2.38223e-13 71.0303 2.1788e-13 -48.1696 0 180 0 0 0 -0 0 180
0 -180 0 -180 0 0 0 180 4.10502e-13 130.02 0 0 0 0 0 0 0 -180
0 180 0 180 0 -0 8.44431e-15 -155.812 9.1625e-13 -69.9093 0 180 0 -0 0 -0 0 180
0 -180 0 0 0 -180 0 -180 0.279667 -145.585 0 -180 0 -180 0 0 0 -180
0 180 0 -0 0 180 0.034856 158.872 0.715328 19.1057 0 180 0 180 0 -0 0 180
inside=1 lambda=0.647 phi=45 theta=15
0 180 0 180 0 -180 0 -0 0.094124 -138.596 0 0 0 180 0 180 0 -180
0 -180 0 -180 0 180 0 0 0.904508 23.0625 0 -0 0 -180 0 -180 0 180
0 180 0 -0 0 0 0 180 0.0502609 28.88 0 0 0 -0 0 180 0 -180
0 -180 0 180 0 -0 0 -180 0.0538255 40.4371 0 -0 0 0 0 -0 0 180
0 180 0 -180 0 -0 0 -0 0.0501589 29.7443 0 180 0 0 0 0 0 -180
0 -180 0 -180 0 0 0 180 0.0533533 39.6371 0 -0 0 -0 0 -0 0 180
0 180 0 -0 0 180 0 -180 0.266458 -145.464 0 180 0 -180 0 0 0 -180
0 -180 0 0 0 -180 0 180 0.728785 19.4413 0 -180 0 180 0 -0 0 180
inside=1 lambda=0.647 phi=45 theta=30
0 180 0 180 0 -180 0 -0 0.130157 -141.77 0 0 0 180 0 180 0 -180
0 -180 0 -180 0 180 0 0 0.867031 22.3926 0 -0 0 -180 0 -180 0 180
0 180 0 -0 0 0 0 180 0.0870826 29.1224 0 0 0 -0 0 180 0 -180
0 -180 0 180 0 -0 0 -180 0.0928931 40.0296 0 -0 0 0 0 -0 0 180
0 180 0 180 0 -0 0 -0 0.086997 29.5798 0 180 0 0 0 0 0 -180
0 -180 0 -180 0 0 0 180 0.0924866 39.5863 0 -0 0 -0 0 -0 0 180
0 180 0 -0 0 180 0 -180 0.229908 -145.034 0 180 0 -180 0 0 0 -180
0 -180 0 0 0 -180 0 180 0.765544 20.3254 0 -180 0 180 0 -0 0 180
inside=1 lambda=0.647 phi=45 theta=45
0 180 0 180 0 -180 0 -0 0.179933 -143.939 0 0 0 180 0 180 0 -180
0 -180 0 -180 0 180 0 0 0.816117 21.4147 0 -0 0 -180 0 -180 0 180
0 180 0 -0 0 0 0 180 0.100525 29.3668 0 0 0 -0 0 180 0 -180
0 -180 0 180 0 -0 0 -180 0.106965 39.7094 0 -0 0 0 0 -0 0 180
0 180 0 180 0 -0 0 -0 0.100525 29.3668 0 180 0 0 0 0 0 -180
0 -180 0 -180 0 0 0 180 0.106965 39.7094 0 -0 0 -0 0 -0 0 180
0 180 0 -0 0 180 0 180 0.179933 -143.939 0 180 0 -180 0 0 0 -180
0 -180 0 0 0 -180 0 -180 0.816117 21.4147 0 -180 0 180 0 -0 0 180
