RSoft_BSDF_File_Version 2
1 0 5 2 1 0.64
0.3 0.3
-1 1
-1 1
1 0.647 0.647
10 0 45 0.5
4 0 45
Begin_Dispersion_Data
0.647 1.45662 0 1 0 0
End_Dispersion_Data
inside=0 lambda=0.647 phi=0 theta=0
0 -180 0 -180 0 -180 0 0 0.0863924 56.8485 0 0 0 -180 0 -180 0 -180
0 -180 0 -180 0 -180 0 0 1.20239 62.2642 0 0 0 -180 0 -180 0 -180
0 -180 0 180 0 0 0 180 5.27862e-12 165.149 0 180 0 0 0 180 0 -180
0 -180 0 -0 0 0 0 -180 6.93161e-12 -72.6038 0 180 0 0 0 -180 0 -180
0 -180 0 -0 0 0 0 -0 1.50484e-12 16.5539 0 -0 0 0 0 -0 0 -180
0 -180 0 -0 0 0 0 -0 1.79245e-12 145.783 0 0 0 0 0 0 0 -180
0 -180 0 0 0 -180 0 -180 0.0863924 56.8485 0 -180 0 -180 0 0 0 -180
0 -180 0 0 0 -180 0 -180 1.20239 62.2642 0 -180 0 -180 0 0 0 -180
inside=0 lambda=0.647 phi=0 theta=15
0 -180 0 -180 0 -180 0 0 0.0863924 56.8485 0 0 0 -180 0 -180 0 -180
0 -180 0 -180 0 -180 0 0 1.20239 62.2642 0 0 0 -180 0 -180 0 -180
0 -180 0 180 0 0 0 180 5.27862e-12 165.149 0 180 0 0 0 180 0 -180
0 -180 0 -0 0 0 0 -180 6.93161e-12 -72.6038 0 180 0 0 0 -180 0 -180
0 -180 0 -0 0 0 0 -0 1.50484e-12 16.5539 0 -0 0 0 0 -0 0 -180
0 -180 0 -0 0 0 0 -0 1.79245e-12 145.783 0 0 0 0 0 0 0 -180
0 -180 0 0 0 -180 0 -180 0.0863924 56.8485 0 -180 0 -180 0 0 0 -180
0 -180 0 0 0 -180 0 -180 1.20239 62.2642 0 -180 0 -180 0 0 0 -180
inside=0 lambda=0.647 phi=0 theta=30
0 -180 0 -180 0 -180 0 0 0.0863924 56.8485 0 0 0 -180 0 -180 0 -180
0 -180 0 -180 0 -180 0 0 1.20239 62.2642 0 0 0 -180 0 -180 0 -180
0 -180 0 180 0 0 0 180 5.27862e-12 165.149 0 180 0 0 0 180 0 -180
0 -180 0 -0 0 0 0 -180 6.93161e-12 -72.6038 0 180 0 0 0 -180 0 -180
0 -180 0 -0 0 0 0 -0 1.50484e-12 16.5539 0 -0 0 0 0 -0 0 -180
0 -180 0 -0 0 0 0 -0 1.79245e-12 145.783 0 0 0 0 0 0 0 -180
0 -180 0 0 0 -180 0 -180 0.0863924 56.8485 0 -180 0 -180 0 0 0 -180
0 -180 0 0 0 -180 0 -180 1.20239 62.2642 0 -180 0 -180 0 0 0 -180
inside=0 lambda=0.647 phi=0 theta=45
0 -180 0 -180 0 -180 0 0 0.0863924 56.8485 0 0 0 -180 0 -180 0 -180
0 -180 0 -180 0 -180 0 0 1.20239 62.2642 0 0 0 -180 0 -180 0 -180
0 -180 0 180 0 0 0 180 5.27862e-12 165.149 0 180 0 0 0 180 0 -180
0 -180 0 -0 0 0 0 -180 6.93161e-12 -72.6038 0 180 0 0 0 -180 0 -180
0 -180 0 -0 0 0 0 -0 1.50484e-12 16.5539 0 -0 0 0 0 -0 0 -180
0 -180 0 -0 0 0 0 -0 1.79245e-12 145.783 0 0 0 0 0 0 0 -180
0 -180 0 0 0 -180 0 -180 0.0863924 56.8485 0 -180 0 -180 0 0 0 -180
0 -180 0 0 0 -180 0 -180 1.20239 62.2642 0 -180 0 -180 0 0 0 -180
inside=0 lambda=0.647 phi=5 theta=0
0 -180 0 -180 0 -180 0 0 0.0918064 55.2247 0 0 0 -180 0 -180 0 -180
0 -180 0 -180 0 -180 0 0 1.19922 59.9053 0 0 0 -180 0 -180 0 -180
0 -180 0 -180 0 0 0 0 5.67535e-14 -73.0248 0 0 0 0 0 0 0 -180
0 -180 0 180 0 0 0 -180 1.37045e-12 155.255 0 -0 0 0 0 -0 0 -180
0 -180 0 -180 0 0 0 180 2.31299e-13 -106.383 0 180 0 0 0 0 0 -180
0 -180 0 -180 0 0 0 -180 1.53487e-12 148.006 0 180 0 0 0 0 0 -180
0 -180 0 0 0 -180 0 -180 0.0940389 55.5748 0 -180 0 -180 0 0 0 -180
0 -180 0 0 0 -180 0 -180 1.20415 59.8348 0 -180 0 -180 0 0 0 -180
inside=0 lambda=0.647 phi=5 theta=15
0 -180 0 -180 0 -180 0 0 0.0919564 55.2484 0 0 0 -180 0 -180 0 -180
0 -180 0 -180 0 -180 0 0 1.19955 59.9005 0 0 0 -180 0 -180 0 -180
0 -180 0 -180 0 0 0 -180 0.000633147 -115.151 0 0 0 0 0 0 0 -180
0 -180 0 180 0 0 0 -180 0.00158014 -159.284 0 0 0 0 0 -0 0 -180
0 -180 0 -180 0 0 0 -180 0.000632757 -115.122 0 0 0 0 0 0 0 -180
0 -180 0 -180 0 0 0 180 0.00157551 -159.119 0 -0 0 0 0 0 0 -180
0 -180 0 0 0 -180 0 -180 0.0938899 55.5516 0 -180 0 -180 0 0 0 -180
0 -180 0 0 0 -180 0 -180 1.20382 59.8394 0 -180 0 -180 0 0 0 -180
inside=0 lambda=0.647 phi=5 theta=30
0 -180 0 -180 0 -180 0 0 0.092366 55.3128 0 0 0 -180 0 -180 0 -180
0 -180 0 -180 0 -180 0 0 1.20045 59.8874 0 0 0 -180 0 -180 0 -180
0 -180 0 -180 0 0 0 -180 0.0010965 -115.145 0 0 0 0 0 0 0 -180
0 -180 0 180 0 0 0 -180 0.00273516 -159.249 0 0 0 0 0 -0 0 -180
0 -180 0 -180 0 0 0 -180 0.00109611 -115.129 0 0 0 0 0 0 0 -180
0 -180 0 -180 0 0 0 180 0.00273053 -159.154 0 -0 0 0 0 0 0 -180
0 -180 0 0 0 -180 0 -180 0.0934823 55.4879 0 -180 0 -180 0 0 0 -180
0 -180 0 0 0 -180 0 -180 1.20291 59.8522 0 -180 0 -180 0 0 0 -180
inside=0 lambda=0.647 phi=5 theta=45
0 -180 0 -180 0 -180 0 0 0.0929247 55.4005 0 0 0 -180 0 -180 0 -180
0 -180 0 -180 0 -180 0 0 1.20168 59.8697 0 0 0 -180 0 -180 0 -180
0 -180 0 -180 0 0 0 -180 0.0012659 -115.137 0 0 0 0 0 0 0 -180
0 -180 0 180 0 0 0 -180 0.0031556 -159.201 0 0 0 0 0 -0 0 -180
0 -180 0 -180 0 0 0 -180 0.0012659 -115.137 0 0 0 0 0 0 0 -180
0 -180 0 -180 0 0 0 180 0.0031556 -159.201 0 -0 0 0 0 0 0 -180
0 -180 0 0 0 -180 0 -180 0.0929247 55.4005 0 -180 0 -180 0 0 0 -180
0 -180 0 0 0 -180 0 -180 1.20168 59.8697 0 -180 0 -180 0 0 0 -180
inside=0 lambda=0.647 phi=10 theta=0
0 -180 0 -180 0 -180 0 0 0.106088 50.0571 0 0 0 -180 0 -180 0 -180
0 -180 0 -180 0 -180 0 0 1.18949 52.8486 0 0 0 -180 0 -180 0 -180
0 -180 0 -180 0 0 0 -0 1.07415e-13 -107.68 0 -0 0 0 0 0 0 -180
0 -180 0 180 0 0 0 -180 6.88123e-13 140.854 0 -0 0 0 0 -0 0 -180
0 -180 0 -180 0 0 0 180 9.84923e-14 -121.461 0 180 0 0 0 0 0 -180
0 -180 0 -180 0 0 0 -180 6.54396e-13 142.805 0 -180 0 0 0 0 0 -180
0 -180 0 0 0 -180 0 -180 0.117068 50.8781 0 -180 0 -180 0 0 0 -180
0 -180 0 0 0 -180 0 -180 1.20929 52.5551 0 -180 0 -180 0 0 0 -180
inside=0 lambda=0.647 phi=10 theta=15
0 -180 0 -180 0 -180 0 0 0.106832 50.1121 0 0 0 -180 0 -180 0 -180
0 -180 0 -180 0 -180 0 0 1.19081 52.8273 0 0 0 -180 0 -180 0 -180
0 -180 0 -180 0 0 0 -180 0.00300594 -124.603 0 0 0 0 0 0 0 -180
0 -180 0 180 0 0 0 -180 0.00644546 -167.495 0 0 0 0 0 -0 0 -180
0 -180 0 -180 0 0 0 -180 0.00299975 -124.522 0 0 0 0 0 0 0 -180
0 -180 0 -180 0 0 0 180 0.00636589 -166.828 0 -0 0 0 0 0 0 -180
0 -180 0 0 0 -180 0 -180 0.116341 50.8231 0 -180 0 -180 0 0 0 -180
0 -180 0 0 0 -180 0 -180 1.20795 52.5732 0 -180 0 -180 0 0 0 -180
inside=0 lambda=0.647 phi=10 theta=30
0 -180 0 -180 0 -180 0 0 0.108859 50.2625 0 0 0 -180 0 -180 0 -180
0 -180 0 -180 0 -180 0 0 1.19441 52.7704 0 0 0 -180 0 -180 0 -180
0 -180 0 -180 0 0 0 -180 0.00520419 -124.587 0 0 0 0 0 0 0 -180
0 -180 0 180 0 0 0 -180 0.0111327 -167.349 0 0 0 0 0 -0 0 -180
0 -180 0 -180 0 0 0 -180 0.005198 -124.54 0 0 0 0 0 0 0 -180
0 -180 0 -180 0 0 0 180 0.0110532 -166.964 0 -0 0 0 0 0 0 -180
0 -180 0 0 0 -180 0 -180 0.114349 50.6729 0 -180 0 -180 0 0 0 -180
0 -180 0 0 0 -180 0 -180 1.20431 52.6236 0 -180 0 -180 0 0 0 -180
inside=0 lambda=0.647 phi=10 theta=45
0 -180 0 -180 0 -180 0 0 0.111613 50.4678 0 0 0 -180 0 -180 0 -180
0 -180 0 -180 0 -180 0 0 1.19935 52.6954 0 0 0 -180 0 -180 0 -180
0 -180 0 -180 0 0 0 -180 0.00600571 -124.564 0 0 0 0 0 0 0 -180
0 -180 0 180 0 0 0 -180 0.0128079 -167.154 0 0 0 0 0 -0 0 -180
0 -180 0 -180 0 0 0 -180 0.00600571 -124.564 0 0 0 0 0 0 0 -180
0 -180 0 -180 0 0 0 180 0.0128079 -167.154 0 -0 0 0 0 0 0 -180
0 -180 0 0 0 -180 0 -180 0.111613 50.4678 0 -180 0 -180 0 0 0 -180
0 -180 0 0 0 -180 0 -180 1.19935 52.6954 0 -180 0 -180 0 0 0 -180
inside=0 lambda=0.647 phi=15 theta=0
0 -180 0 -180 0 -180 0 0 0.122908 41.1065 0 0 0 -180 0 -180 0 -180
0 -180 0 -180 0 180 0 0 1.17287 41.1444 0 -0 0 -180 0 -180 0 180
0 -180 0 -180 0 0 0 -0 4.03773e-14 6.88043 0 180 0 0 0 0 0 -180
0 -180 0 180 0 0 0 -180 6.52937e-13 -51.8801 0 0 0 0 0 -0 0 -180
0 -180 0 -180 0 0 0 180 9.02931e-14 21.5147 0 -0 0 0 0 0 0 -180
0 -180 0 -180 0 0 0 -0 6.77861e-13 -56.6647 0 -180 0 0 0 0 0 -180
0 -180 0 0 0 -180 0 -180 0.154638 41.368 0 -180 0 -180 0 0 0 -180
0 -180 0 0 0 -180 0 -180 1.21768 40.4684 0 -180 0 -180 0 0 0 -180
inside=0 lambda=0.647 phi=15 theta=15
0 -180 0 -180 0 -180 0 0 0.125076 41.1014 0 0 0 -180 0 -180 0 -180
0 -180 0 -180 0 180 0 0 1.17583 41.0904 0 -0 0 -180 0 -180 0 -180
0 -180 0 -180 0 0 0 -180 0.00842377 -139.358 0 0 0 0 0 0 0 -180
0 -180 0 180 0 0 0 -180 0.0149206 179.228 0 0 0 0 0 -0 0 -180
0 -180 0 -180 0 0 0 -180 0.00839513 -139.262 0 0 0 0 0 0 0 -180
0 -180 0 -180 0 0 0 180 0.0144687 -179.205 0 -0 0 0 0 0 0 -180
0 -180 0 0 0 -180 0 -180 0.152561 41.3324 0 -180 0 -180 0 0 0 -180
0 -180 0 0 0 -180 0 -180 1.21462 40.5048 0 -180 0 -180 0 0 0 -180
inside=0 lambda=0.647 phi=15 theta=30
0 -180 0 -180 0 -180 0 0 0.130969 41.1078 0 0 0 -180 0 -180 0 -180
0 -180 0 -180 0 -180 0 0 1.18392 40.9493 0 -0 0 -180 0 -180 0 -180
0 -180 0 -180 0 0 0 -180 0.0145797 -139.338 0 0 0 0 0 0 0 -180
0 -180 0 180 0 0 0 -180 0.0256502 179.588 0 0 0 0 0 -0 0 -180
0 -180 0 -180 0 0 0 -180 0.0145513 -139.282 0 0 0 0 0 0 0 -180
0 -180 0 -180 0 0 0 180 0.0252006 -179.508 0 -0 0 0 0 0 0 -180
0 -180 0 0 0 -180 0 -180 0.146845 41.2463 0 -180 0 -180 0 0 0 -180
0 -180 0 0 0 -180 0 -180 1.20632 40.6109 0 -180 0 -180 0 0 0 -180
inside=0 lambda=0.647 phi=15 theta=45
0 -180 0 -180 0 -180 0 0 0.138951 41.1576 0 0 0 -180 0 -180 0 -180
0 -180 0 -180 0 -180 0 0 1.19507 40.7714 0 0 0 -180 0 -180 0 -180
0 -180 0 -180 0 0 0 -180 0.0168188 -139.31 0 0 0 0 0 0 0 -180
0 -180 0 180 0 0 0 -180 0.0293436 -179.946 0 0 0 0 0 -0 0 -180
0 -180 0 -180 0 0 0 -180 0.0168188 -139.31 0 0 0 0 0 0 0 -180
0 -180 0 -180 0 0 0 180 0.0293436 -179.946 0 -0 0 0 0 0 0 -180
0 -180 0 0 0 -180 0 -180 0.138951 41.1576 0 -180 0 -180 0 0 0 -180
0 -180 0 0 0 -180 0 -180 1.19507 40.7714 0 -180 0 -180 0 0 0 -180
inside=0 lambda=0.647 phi=20 theta=0
0 -180 0 -180 0 -180 0 0 0.131187 29.1839 0 0 0 -180 0 -180 0 -180
0 -180 0 -180 0 180 0 0 1.14931 24.8267 0 -0 0 -180 0 -180 0 180
0 -180 0 -180 0 0 0 -0 1.04228e-13 65.6981 0 180 0 0 0 0 0 -180
0 -180 0 180 0 -0 0 0 6.59042e-13 107.092 0 -180 0 0 0 -0 0 180
0 -180 0 -180 0 0 0 -0 4.3543e-14 148.01 0 -0 0 0 0 0 0 -180
0 180 0 180 0 0 0 180 5.89461e-13 112.895 0 180 0 -0 0 -0 0 -180
0 -180 0 0 0 -180 0 -180 0.202046 26.3695 0 -180 0 -180 0 0 0 -180
0 180 0 -0 0 -180 0 180 1.23052 23.6986 0 -180 0 180 0 -0 0 -180
inside=0 lambda=0.647 phi=20 theta=15
0 -180 0 -180 0 -180 0 0 0.13601 28.8036 0 0 0 -180 0 -180 0 -180
0 -180 0 -180 0 180 0 0 1.1546 24.72 0 -0 0 -180 0 -180 0 180
0 -180 0 -180 0 0 0 -180 0.0184743 -159.043 0 0 0 0 0 0 0 -180
0 -180 0 180 0 -0 0 -180 0.0275811 161.752 0 -0 0 0 0 -0 0 180
0 -180 0 -180 0 0 0 -180 0.0184094 -159.018 0 180 0 0 0 0 0 -180
0 180 0 180 0 0 0 180 0.0259276 164.856 0 -0 0 -0 0 -0 0 180
0 -180 0 0 0 -180 0 -180 0.197434 26.4357 0 -180 0 -180 0 0 0 -180
0 180 0 0 0 -180 0 180 1.22489 23.7423 0 -180 0 180 0 -0 0 180
inside=0 lambda=0.647 phi=20 theta=30
0 -180 0 -180 0 -180 0 0 0.149159 27.9691 0 0 0 -180 0 -180 0 -180
0 -180 0 -180 0 180 0 0 1.16914 24.4525 0 -0 0 -180 0 -180 0 180
0 -180 0 -180 0 0 0 -180 0.0319713 -159.022 0 0 0 0 0 0 0 -180
0 -180 0 180 0 -0 0 -180 0.0469723 162.516 0 -0 0 0 0 -0 0 180
0 -180 0 -180 0 0 0 -180 0.0319089 -159.004 0 180 0 0 0 0 0 -180
0 -180 0 -180 0 0 0 180 0.0453483 164.303 0 -0 0 -0 0 -0 0 180
0 -180 0 0 0 -180 0 -180 0.184685 26.6779 0 -180 0 -180 0 0 0 -180
0 -180 0 0 0 -180 0 180 1.20968 23.8871 0 -180 0 180 0 -0 0 180
inside=0 lambda=0.647 phi=20 theta=45
0 -180 0 -180 0 -180 0 0 0.167018 27.1837 0 0 0 -180 0 -180 0 -180
0 -180 0 -180 0 180 0 0 1.18925 24.1399 0 -0 0 -180 0 -180 0 180
0 -180 0 -180 0 0 0 -180 0.0368799 -159.005 0 0 0 0 0 180 0 -180
0 -180 0 180 0 -0 0 -180 0.0532008 163.461 0 -0 0 0 0 -0 0 180
0 -180 0 -180 0 0 0 -180 0.0368799 -159.005 0 180 0 0 0 0 0 -180
0 -180 0 -180 0 0 0 180 0.0532008 163.461 0 -0 0 -0 0 -0 0 180
0 -180 0 0 0 -180 0 -180 0.167018 27.1837 0 -180 0 -180 0 0 0 -180
0 -180 0 0 0 -180 0 -180 1.18925 24.1399 0 -180 0 180 0 -0 0 180
inside=0 lambda=0.647 phi=25 theta=0
0 180 0 -180 0 -180 0 0 0.117993 18.2077 0 0 0 180 0 -180 0 -180
0 -180 0 -180 0 180 0 -0 1.11756 3.82966 0 -0 0 -180 0 -180 0 180
0 -180 0 -180 0 0 0 -0 8.28693e-14 -19.3557 0 180 0 0 0 0 0 -180
0 -180 0 0 0 -0 0 0 8.56962e-13 -100.852 0 -180 0 0 0 -180 0 180
0 -180 0 -180 0 0 0 -0 2.90636e-13 -99.259 0 -0 0 0 0 0 0 -180
0 180 0 180 0 -0 0 180 1.29505e-12 -85.9694 0 -0 0 -0 0 -0 0 180
0 -180 0 0 0 -180 0 -180 0.246397 5.57573 0 -180 0 -180 0 0 0 -180
0 180 0 -0 0 180 0 180 1.25438 2.48126 0 180 0 180 0 -0 0 180
inside=0 lambda=0.647 phi=25 theta=15
0 -180 0 -180 0 -180 0 0 0.12621 16.1875 0 0 0 180 0 180 0 -180
0 -180 0 -180 0 180 0 -0 1.12645 3.6398 0 -0 0 -180 0 -180 0 180
0 -180 0 -180 0 0 0 -180 0.0336017 175.791 0 0 0 0 0 180 0 -180
0 180 0 180 0 -0 0 180 0.0463872 141.309 0 -0 0 0 0 -180 0 180
0 -180 0 -180 0 0 0 -180 0.0335833 175.609 0 180 0 0 0 0 0 -180
0 180 0 180 0 -0 0 180 0.0416645 147.195 0 -0 0 -0 0 -0 0 180
0 -180 0 0 0 -180 0 -180 0.237956 5.86608 0 -180 0 -180 0 0 0 -180
0 180 0 -0 0 180 0 180 1.24473 2.47186 0 180 0 180 0 -0 0 180
inside=0 lambda=0.647 phi=25 theta=30
0 -180 0 -180 0 -180 0 0 0.149344 12.1974 0 0 0 180 0 -180 0 -180
0 180 0 -180 0 180 0 -0 1.15086 3.21117 0 -0 0 -180 0 -180 0 180
0 -180 0 -180 0 0 0 -180 0.0581614 175.849 0 0 0 0 0 180 0 -180
0 180 0 180 0 -0 0 180 0.0776446 142.902 0 -0 0 0 0 -180 0 180
0 -180 0 -180 0 0 0 -180 0.0581571 175.762 0 180 0 0 0 0 0 -180
0 180 0 180 0 -0 0 180 0.0731662 146.282 0 -0 0 -0 0 -0 0 180
0 -180 0 0 0 -180 0 -180 0.214357 6.86012 0 -180 0 -180 0 0 0 -180
0 180 0 -0 0 180 0 180 1.21897 2.53694 0 180 0 180 0 -0 0 180
inside=0 lambda=0.647 phi=25 theta=45
0 -180 0 -180 0 -180 0 0 0.181739 8.87479 0 0 0 180 0 -180 0 -180
0 180 0 180 0 180 0 -0 1.18461 2.78986 0 -0 0 -180 0 -180 0 180
0 -180 0 -180 0 0 0 -180 0.0671428 175.852 0 0 0 0 0 180 0 -180
0 180 0 180 0 -0 0 180 0.0866249 144.758 0 -0 0 0 0 -180 0 180
0 -180 0 -180 0 0 0 -180 0.0671428 175.852 0 180 0 0 0 0 0 -180
0 180 0 180 0 0 0 180 0.0866249 144.758 0 -180 0 -0 0 -0 0 180
0 -180 0 0 0 180 0 -180 0.181739 8.87479 0 -180 0 -180 0 0 0 -180
0 180 0 -0 0 -180 0 180 1.18461 2.78986 0 -180 0 180 0 -0 0 180
inside=0 lambda=0.647 phi=30 theta=0
0 180 0 180 0 -180 0.0465192 -73.3931 0.0860533 27.7188 0 0 0 180 0 180 0 -180
0 180 0 -180 0 180 0 -0 1.06443 -21.8922 0 -0 0 180 0 -180 0 180
0 -180 0 -180 0 0 1.08111e-13 120.414 2.25678e-13 -115.857 0 180 0 0 0 0 0 -180
0 180 0 0 0 -0 0 0 2.56496e-13 18.53 0 -180 0 -0 0 -180 0 180
0 -180 0 -180 0 0 5.3373e-14 53.5379 5.15889e-13 107.363 0 180 0 0 0 0 0 -180
0 180 0 180 0 -0 0 180 4.04542e-13 38.7229 0 -0 0 -0 0 -0 0 180
0 -180 0 0 0 -180 0.184058 -119.917 0.262175 -23.4049 0 -180 0 -180 0 0 0 -180
0 180 0 -0 0 180 0 180 1.30393 -22.8428 0 180 0 180 0 -0 0 180
inside=0 lambda=0.647 phi=30 theta=15
0 180 0 180 0 -180 0 -0 0.0951912 17.5679 0 0 0 180 0 180 0 -180
0 180 0 -180 0 180 0 -0 1.0851 -22.2875 0 -0 0 180 0 -180 0 180
0 -180 0 -180 0 0 0 -180 0.050423 142.192 0 0 0 -0 0 180 0 -180
0 180 0 0 0 -0 0 180 0.0800382 117.958 0 -0 0 -0 0 -180 0 180
0 -180 0 -180 0 0 0 -180 0.0510192 141.526 0 180 0 0 0 0 0 -180
0 180 0 180 0 -0 0 0 0.0679116 128.152 0 -180 0 -0 0 -0 0 180
0 -180 0 0 0 180 0 -180 0.247876 -21.6471 0 -180 0 -180 0 0 0 -180
0 180 0 -0 0 180 0 180 1.2928 -23.1459 0 180 0 180 0 -0 0 180
inside=0 lambda=0.647 phi=30 theta=30
0 -180 0 -180 0 -180 0 -0 0.118821 -0.433193 0 0 0 180 0 180 0 -180
0 180 0 180 0 180 0 -0 1.12846 -23.0902 0 -0 0 180 0 -180 0 180
0 -180 0 -180 0 0 0 -180 0.0871467 142.547 0 0 0 -0 0 180 0 -180
0 180 0 0 0 -0 0 180 0.129506 121.093 0 -0 0 -0 0 -180 0 180
0 -180 0 -180 0 -0 0 -180 0.0877469 142.283 0 180 0 0 0 0 0 -180
0 180 0 180 0 -0 0 0 0.119531 126.991 0 -180 0 -0 0 -0 0 180
0 -180 0 0 0 180 0 -180 0.211911 -18.722 0 180 0 -180 0 0 0 -180
0 180 0 -0 0 180 0 180 1.24791 -23.5715 0 180 0 180 0 -0 0 180
inside=0 lambda=0.647 phi=30 theta=45
0 -180 0 -180 0 -180 0 -0 0.162827 -12.5494 0 0 0 180 0 180 0 -180
0 180 0 180 0 180 0 -0 1.18799 -23.5618 0 -0 0 180 0 180 0 180
0 -180 0 -180 0 0 0 -180 0.100826 142.57 0 0 0 -0 0 180 0 -180
0 180 0 0 0 -0 0 180 0.142351 124.479 0 -0 0 -0 0 -180 0 180
0 -180 0 -180 0 -0 0 -180 0.100826 142.57 0 180 0 0 0 0 0 -180
0 180 0 180 0 -0 0 0 0.142351 124.479 0 -180 0 -0 0 -0 0 180
0 -180 0 -0 0 180 0 -180 0.162827 -12.5494 0 180 0 -180 0 0 0 -180
0 180 0 -0 0 180 0 180 1.18799 -23.5618 0 180 0 180 0 -0 0 180
inside=0 lambda=0.647 phi=35 theta=0
0 -180 0 180 0 -180 0.13684 -54.5516 0.115312 49.8548 0 0 0 -180 0 180 0 -180
0 180 0 -180 0 0 0 -0 0.963622 -52.8814 0 -180 0 180 0 -180 0 0
0 -180 0 -180 0 0 1.50381e-13 -120.536 9.13984e-14 137.501 0 -180 0 0 0 0 0 -180
0 180 0 0 0 -180 0 -180 3.8031e-13 -138.707 0 -0 0 -0 0 -180 0 0
0 -180 0 -180 0 0 1.76257e-13 -108.73 1.17745e-13 153.982 0 180 0 0 0 0 0 -180
0 180 0 180 0 -0 0 0 1.72123e-13 91.6517 0 180 0 -0 0 -0 0 180
0 -180 0 0 0 -180 0.206668 -72.4408 0.227769 -64.012 0 -180 0 -180 0 0 0 -180
0 180 0 -0 0 180 0 0 1.4181 -53.5711 0 180 0 180 0 -0 0 180
inside=0 lambda=0.647 phi=35 theta=15
0 -180 0 180 0 -180 0.106876 -66.8691 0.106052 44.4398 0 0 0 180 0 180 0 -180
0 180 0 -180 0 0 0 -0 0.998779 -53.6024 0 -180 0 180 0 180 0 0
0 -180 0 -180 0 0 0.0388165 -122.954 0.060597 91.0971 0 0 0 0 0 0 0 -180
0 180 0 0 0 -180 0 180 0.14885 90.1675 0 -180 0 -0 0 -180 0 0
0 -180 0 -180 0 -0 0.0556189 -96.2961 0.0641405 91.6963 0 0 0 0 0 0 0 -180
0 180 0 180 0 -0 0 0 0.126782 103.141 0 -180 0 -0 0 -0 0 180
0 -180 0 0 0 180 0.190205 -88.4074 0.198396 -63.5015 0 -180 0 -180 0 0 0 -180
0 180 0 -0 0 180 0 180 1.39428 -54.2627 0 180 0 180 0 -0 0 180
inside=0 lambda=0.647 phi=35 theta=30
0 180 0 -180 0 -180 0 -0 0.0847042 18.3678 0 0 0 180 0 180 0 -180
0 180 0 180 0 0 0 -0 1.09507 -55.2469 0 -180 0 180 0 180 0 0
0 -180 0 -180 0 0 0 -180 0.101185 89.1907 0 0 0 -0 0 0 0 -180
0 180 0 0 0 -180 0 180 0.241002 92.9235 0 -180 0 -0 0 -180 0 0
0 -180 0 -180 0 -0 0 -180 0.104359 89.1574 0 0 0 0 0 0 0 -180
0 180 0 180 0 -0 0 0 0.219978 101.083 0 -180 0 -180 0 -0 0 180
0 -180 0 0 0 180 0 -180 0.135351 -54.7802 0 180 0 -180 0 0 0 -180
0 180 0 -0 0 180 0 180 1.32614 -55.5845 0 180 0 0 0 -180 0 0
inside=0 lambda=0.647 phi=35 theta=45
0 -180 0 -180 0 -180 0 -0 0.0863984 -27.6264 0 0 0 180 0 180 0 -180
0 180 0 180 0 0 0 -0 1.21109 -56.129 0 -180 0 180 0 180 0 0
0 -180 0 -180 0 0 0 -180 0.116783 89.3534 0 0 0 -0 0 0 0 -180
0 180 0 0 0 -180 0 180 0.26234 97.6562 0 -180 0 -0 0 -180 0 0
0 -180 0 -180 0 -0 0 -180 0.116783 89.3534 0 0 0 0 0 0 0 -180
0 180 0 180 0 -0 0 0 0.26234 97.6562 0 -180 0 -180 0 -180 0 0
0 -180 0 -0 0 180 0 -180 0.0863984 -27.6264 0 180 0 -180 0 0 0 -180
0 180 0 -0 0 180 0 180 1.21109 -56.129 0 180 0 0 0 -180 0 0
inside=0 lambda=0.647 phi=40 theta=0
0 -180 0 180 0 -180 0.320462 -31.4938 0.16183 7.85154 0 0 0 -180 0 180 0 -180
0 180 0 180 0 0 0 -0 0.744384 -87.5041 0 -180 0 180 0 180 0 0
0 -180 0 -0 0 0 9.68206e-14 79.8864 3.89839e-13 -51.5386 0 -0 0 0 0 180 0 -180
0 180 0 -0 0 -180 0 -180 8.87151e-13 69.5544 0 0 0 -0 0 180 0 0
0 -180 0 -180 0 0 1.39147e-12 -48.4428 9.35347e-13 169.508 0 0 0 0 0 0 0 -180
0 0 0 0 0 -180 0 -180 7.02075e-13 165.138 0 -180 0 -180 0 -180 0 0
0 -180 0 0 0 -180 0.411886 -40.0188 0.0908709 -176.02 0 -180 0 -180 0 0 0 -180
0 0 0 -180 0 0 0 0 1.66334 -91.2661 0 0 0 0 0 -180 0 0
inside=0 lambda=0.647 phi=40 theta=15
0 -180 0 180 0 -180 0.239555 -50.5915 0.184 17.515 0 0 0 -180 0 180 0 -180
0 180 0 180 0 0 0 -0 0.817345 -90.9193 0 -180 0 180 0 180 0 0
0 -180 0 -0 0 0 0.0567892 173.01 0.0775576 -7.77124 0 0 0 0 0 0 0 -180
0 180 0 0 0 -180 0 0 0.312014 49.7181 0 -180 0 -0 0 180 0 0
0 -180 0 -180 0 0 0.125462 -72.304 0.0780212 -4.20028 0 0 0 0 0 0 0 -180
0 0 0 0 0 -0 0 0 0.25592 66.8316 0 -180 0 -180 0 -180 0 0
0 -180 0 0 0 -180 0.327267 -58.9449 0.110243 154.892 0 -180 0 -180 0 0 0 -180
0 0 0 -180 0 180 0 0 1.62287 -94.3787 0 0 0 0 0 -180 0 0
inside=0 lambda=0.647 phi=40 theta=30
0 180 0 180 0 -180 0.0814884 -95.8771 0.181476 32.0204 0 0 0 -180 0 180 0 -180
0 180 0 180 0 0 0 -0 1.00751 -96.162 0 -180 0 180 0 180 0 0
0 -180 0 -0 0 0 0.0776048 -171.489 0.155488 -17.2223 0 0 0 0 0 0 0 -180
0 180 0 0 0 -180 0 0 0.49923 53.3175 0 -180 0 -0 0 180 0 0
0 -180 0 -180 0 0 0.11597 -119.008 0.155965 -14.613 0 0 0 0 0 0 0 -180
0 0 0 0 0 -0 0 0 0.443998 60.9708 0 180 0 -180 0 -180 0 0
0 -180 0 0 0 -180 0.214655 -111.691 0.119597 104.365 0 -180 0 -180 0 0 0 -180
0 0 0 -0 0 180 0 0 1.47093 -98.17 0 180 0 0 0 -180 0 0
inside=0 lambda=0.647 phi=40 theta=45
0 180 0 -180 0 -180 0 0 0.140464 56.518 0 0 0 180 0 180 0 -180
0 180 0 180 0 0 0 -0 1.24636 -99.4411 0 -180 0 180 0 180 0 0
0 -180 0 -180 0 0 0 -180 0.179137 -22.0132 0 0 0 0 0 0 0 -180
0 180 0 0 0 -180 0 180 0.530993 56.5219 0 -180 0 -0 0 180 0 0
0 -180 0 -180 0 0 0 -180 0.179137 -22.0132 0 0 0 0 0 0 0 -180
0 180 0 180 0 -0 0 0 0.530993 56.5219 0 180 0 -180 0 -180 0 0
0 180 0 0 0 180 0 -180 0.140464 56.518 0 180 0 -180 0 0 0 -180
0 180 0 -0 0 180 0 180 1.24636 -99.4411 0 180 0 0 0 -180 0 0
inside=0 lambda=0.647 phi=45 theta=0
0 180 0 180 0 -0 0.197654 -36.3858 0.977965 -135.347 0 180 0 180 0 180 0 -0
0 180 0 180 0 0 0 -0 0 -0 0 180 0 180 0 180 0 0
0 180 0 -0 0 180 2.64049e-13 -144.897 5.92725e-13 1.57118 0 180 0 -0 0 180 0 -0
0 180 0 -0 0 -180 0 -180 0 180 0 0 0 -0 0 180 0 0
0 -180 0 -180 0 0 1.594e-12 85.5294 2.75586e-12 3.02939 0 -180 0 0 0 0 0 -180
0 0 0 0 0 -180 0 -180 0 180 0 -0 0 -180 0 -180 0 0
0 -180 0 0 0 -180 0.47591 -69.1068 0.892742 29.8901 0 -180 0 -180 0 0 0 -180
0 0 0 -180 0 0 0 0 0 -180 0 0 0 0 0 -180 0 0
inside=0 lambda=0.647 phi=45 theta=15
0 180 0 180 0 -180 0.436807 -77.5823 0.73387 -134.462 0 180 0 180 0 180 0 -0
0 180 0 180 0 -0 0 -0 0 -0 0 180 0 180 0 180 0 -0
0 180 0 -0 0 0 0.273769 53.4033 0.399234 -143.386 0 0 0 -0 0 180 0 -180
0 180 0 -0 0 180 0 180 0 -0 0 180 0 -0 0 180 0 -0
0 -180 0 180 0 -0 0.204007 -88.0089 0.415946 -146.292 0 180 0 0 0 0 0 -180
0 0 0 0 0 -180 0 -0 0 -0 0 180 0 -180 0 -180 0 0
0 -180 0 -0 0 180 0.359501 -89.486 0.830601 17.1385 0 -180 0 -180 0 0 0 -180
0 0 0 -180 0 0 0 0 0 -180 0 0 0 0 0 180 0 -0
inside=0 lambda=0.647 phi=45 theta=30
0 180 0 180 0 -180 0.202278 -105.661 0.52691 -109.999 0 180 0 180 0 180 0 -0
0 180 0 180 0 -0 0 -0 0 -180 0 180 0 0 0 0 0 -0
0 180 0 -0 0 0 0.224973 31.0421 0.756242 -148.359 0 0 0 -0 0 180 0 -0
0 180 0 -0 0 180 0 180 0 -0 0 180 0 -180 0 180 0 -0
0 180 0 180 0 -0 0.185282 -140.673 0.754878 -150.034 0 180 0 0 0 0 0 -180
0 0 0 0 0 -180 0 -0 0 -0 0 180 0 180 0 180 0 -0
0 180 0 -0 0 180 0.129664 -117.882 0.615346 -10.918 0 180 0 -180 0 0 0 -180
0 180 0 -180 0 0 0 0 0 -180 0 0 0 -0 0 180 0 -0
inside=0 lambda=0.647 phi=45 theta=45
0 180 0 180 0 -180 0 -0 0.412331 -62.8165 0 180 0 180 0 180 0 -0
0 180 0 180 0 -0 0 -180 0 -180 0 180 0 0 0 0 0 -0
0 180 0 -180 0 0 0 180 0.911034 -152.816 0 0 0 -0 0 180 0 -0
0 180 0 -0 0 180 0 180 0 -0 0 180 0 -180 0 180 0 -0
0 180 0 180 0 -0 0 -180 0.911034 -152.816 0 180 0 0 0 0 0 -0
0 180 0 180 0 -180 0 -0 0 -0 0 180 0 180 0 180 0 -0
0 180 0 -0 0 180 0 180 0.412331 -62.8165 0 180 0 -180 0 180 0 -0
0 180 0 -180 0 0 0 180 0 -180 0 0 0 -0 0 180 0 -0
inside=1 lambda=0.647 phi=0 theta=0
0 -180 0 -180 0 -180 0 0 0.0863924 -112.32 0 0 0 -180 0 -180 0 -180
0 -180 0 -180 0 -180 0 0 0.825469 62.2642 0 0 0 -180 0 -180 0 -180
0 -180 0 -0 0 0 0 -0 4.91697e-12 16.2596 0 -0 0 0 0 -0 0 -180
0 -180 0 180 0 0 0 -180 5.00161e-12 160.704 0 -180 0 0 0 180 0 -180
0 -180 0 -0 0 0 0 0 2.19408e-12 74.806 0 0 0 0 0 -0 0 -180
0 -180 0 0 0 0 0 0 1.46808e-12 -144.992 0 0 0 0 0 0 0 -180
0 -180 0 0 0 -180 0 -180 0.0863924 -112.32 0 -180 0 -180 0 0 0 -180
0 -180 0 0 0 -180 0 -180 0.825469 62.2642 0 -180 0 -180 0 0 0 -180
inside=1 lambda=0.647 phi=0 theta=15
0 -180 0 -180 0 -180 0 0 0.0863924 -112.32 0 0 0 -180 0 -180 0 -180
0 -180 0 -180 0 -180 0 0 0.825469 62.2642 0 0 0 -180 0 -180 0 -180
0 -180 0 -0 0 0 0 -0 4.91697e-12 16.2596 0 -0 0 0 0 -0 0 -180
0 -180 0 180 0 0 0 -180 5.00161e-12 160.704 0 -180 0 0 0 180 0 -180
0 -180 0 -0 0 0 0 0 2.19408e-12 74.806 0 0 0 0 0 -0 0 -180
0 -180 0 0 0 0 0 0 1.46808e-12 -144.992 0 0 0 0 0 0 0 -180
0 -180 0 0 0 -180 0 -180 0.0863924 -112.32 0 -180 0 -180 0 0 0 -180
0 -180 0 0 0 -180 0 -180 0.825469 62.2642 0 -180 0 -180 0 0 0 -180
inside=1 lambda=0.647 phi=0 theta=30
0 -180 0 -180 0 -180 0 0 0.0863924 -112.32 0 0 0 -180 0 -180 0 -180
0 -180 0 -180 0 -180 0 0 0.825469 62.2642 0 0 0 -180 0 -180 0 -180
0 -180 0 -0 0 0 0 -0 4.91697e-12 16.2596 0 -0 0 0 0 -0 0 -180
0 -180 0 180 0 0 0 -180 5.00161e-12 160.704 0 -180 0 0 0 180 0 -180
0 -180 0 -0 0 0 0 0 2.19408e-12 74.806 0 0 0 0 0 -0 0 -180
0 -180 0 0 0 0 0 0 1.46808e-12 -144.992 0 0 0 0 0 0 0 -180
0 -180 0 0 0 -180 0 -180 0.0863924 -112.32 0 -180 0 -180 0 0 0 -180
0 -180 0 0 0 -180 0 -180 0.825469 62.2642 0 -180 0 -180 0 0 0 -180
inside=1 lambda=0.647 phi=0 theta=45
0 -180 0 -180 0 -180 0 0 0.0863924 -112.32 0 0 0 -180 0 -180 0 -180
0 -180 0 -180 0 -180 0 0 0.825469 62.2642 0 0 0 -180 0 -180 0 -180
0 -180 0 -0 0 0 0 -0 4.91697e-12 16.2596 0 -0 0 0 0 -0 0 -180
0 -180 0 180 0 0 0 -180 5.00161e-12 160.704 0 -180 0 0 0 180 0 -180
0 -180 0 -0 0 0 0 0 2.19408e-12 74.806 0 0 0 0 0 -0 0 -180
0 -180 0 0 0 0 0 0 1.46808e-12 -144.992 0 0 0 0 0 0 0 -180
0 -180 0 0 0 -180 0 -180 0.0863924 -112.32 0 -180 0 -180 0 0 0 -180
0 -180 0 0 0 -180 0 -180 0.825469 62.2642 0 -180 0 -180 0 0 0 -180
inside=1 lambda=0.647 phi=5 theta=0
0 -180 0 -180 0 -180 0 0 0.0889799 -113.786 0 0 0 -180 0 -180 0 -180
0 -180 0 -180 0 -180 0 0 0.826114 61.1535 0 0 0 -180 0 -180 0 -180
0 -180 0 -0 0 0 0 -0 1.36471e-13 164.39 0 -0 0 0 0 180 0 -180
0 -180 0 180 0 0 0 -0 4.84813e-13 -13.2784 0 0 0 0 0 -0 0 -180
0 -180 0 -180 0 0 0 180 1.42884e-13 -177.208 0 180 0 0 0 0 0 -180
0 -180 0 -180 0 0 0 -0 4.57811e-13 -29.3319 0 -180 0 0 0 0 0 -180
0 -180 0 0 0 -180 0 -180 0.0899866 -114.031 0 -180 0 -180 0 0 0 -180
0 -180 0 0 0 -180 0 -180 0.824372 61.1206 0 -180 0 -180 0 0 0 -180
inside=1 lambda=0.647 phi=5 theta=15
0 -180 0 -180 0 -180 0 0 0.0890473 -113.802 0 0 0 -180 0 -180 0 -180
0 -180 0 -180 0 -180 0 0 0.825997 61.1513 0 0 0 -180 0 -180 0 -180
0 -180 0 -0 0 0 0 -180 0.000308224 42.8974 0 0 0 0 0 180 0 -180
0 -180 0 180 0 0 0 -180 0.000542146 97.2912 0 0 0 0 0 -0 0 -180
0 -180 0 -180 0 0 0 -0 0.000307966 42.9111 0 180 0 0 0 0 0 -180
0 -180 0 -180 0 0 0 180 0.000541461 97.2157 0 -0 0 0 0 0 0 -180
0 -180 0 0 0 -180 0 -180 0.0899192 -114.015 0 -180 0 -180 0 0 0 -180
0 -180 0 0 0 -180 0 -180 0.824489 61.1228 0 -180 0 -180 0 0 0 -180
inside=1 lambda=0.647 phi=5 theta=30
0 -180 0 -180 0 -180 0 0 0.0892317 -113.848 0 0 0 -180 0 -180 0 -180
0 -180 0 -180 0 -180 0 0 0.825678 61.1453 0 0 0 -180 0 -180 0 -180
0 -180 0 -0 0 0 0 -180 0.000533765 42.9003 0 0 0 0 0 180 0 -180
0 -180 0 180 0 0 0 -180 0.000938771 97.2751 0 0 0 0 0 -0 0 -180
0 -180 0 -180 0 0 0 -0 0.000533507 42.9082 0 180 0 0 0 0 0 -180
0 -180 0 -180 0 0 0 180 0.000938087 97.2315 0 -0 0 0 0 0 0 -180
0 -180 0 0 0 -180 0 -180 0.0897351 -113.97 0 -180 0 -180 0 0 0 -180
0 -180 0 0 0 -180 0 -180 0.824807 61.1288 0 -180 0 -180 0 0 0 -180
inside=1 lambda=0.647 phi=5 theta=45
0 -180 0 -180 0 -180 0 0 0.0894834 -113.909 0 0 0 -180 0 -180 0 -180
0 -180 0 -180 0 -180 0 0 0.825243 61.1371 0 0 0 -180 0 -180 0 -180
0 -180 0 -0 0 0 0 -180 0.00061619 42.9042 0 0 0 0 0 180 0 -180
0 -180 0 180 0 0 0 -180 0.0010836 97.2533 0 0 0 0 0 -0 0 -180
0 -180 0 -180 0 0 0 -0 0.00061619 42.9042 0 180 0 0 0 0 0 -180
0 -180 0 -180 0 0 0 180 0.0010836 97.2533 0 -0 0 0 0 0 0 -180
0 -180 0 0 0 -180 0 -180 0.0894834 -113.909 0 -180 0 -180 0 0 0 -180
0 -180 0 0 0 -180 0 -180 0.825243 61.1371 0 -180 0 -180 0 0 0 -180
inside=1 lambda=0.647 phi=10 theta=0
0 -180 0 -180 0 -180 0 0 0.0962816 -118.067 0 0 0 -180 0 -180 0 -180
0 -180 0 -180 0 -180 0 0 0.828086 57.8438 0 0 0 -180 0 -180 0 -180
0 -180 0 -0 0 0 0 180 3.85506e-13 30.5751 0 0 0 0 0 180 0 -180
0 -180 0 180 0 0 0 0 5.84759e-13 113.777 0 0 0 0 0 -0 0 -180
0 -180 0 -180 0 0 0 0 1.3442e-13 5.14791 0 -0 0 0 0 0 0 -180
0 -180 0 -180 0 0 0 0 4.21387e-13 145.662 0 -180 0 0 0 0 0 -180
0 -180 0 0 0 -180 0 -180 0.100754 -118.903 0 -180 0 -180 0 0 0 -180
0 -180 0 0 0 -180 0 -180 0.820997 57.7098 0 -180 0 -180 0 0 0 -180
inside=1 lambda=0.647 phi=10 theta=15
0 -180 0 -180 0 -180 0 0 0.096582 -118.126 0 0 0 -180 0 -180 0 -180
0 -180 0 -180 0 -180 0 0 0.827609 57.8349 0 0 0 -180 0 -180 0 -180
0 -180 0 -0 0 0 0 -180 0.00133283 40.1714 0 0 0 0 0 180 0 -180
0 -180 0 180 0 0 0 -180 0.00220726 93.8868 0 0 0 0 0 -0 0 -180
0 -180 0 -180 0 0 0 -0 0.00132863 40.2528 0 180 0 0 0 0 0 -180
0 -180 0 -180 0 0 0 180 0.00219618 93.5882 0 -0 0 0 0 0 0 -180
0 -180 0 0 0 -180 0 -180 0.100455 -118.85 0 -180 0 -180 0 0 0 -180
0 -180 0 0 0 -180 0 -180 0.821471 57.7188 0 -180 0 -180 0 0 0 -180
inside=1 lambda=0.647 phi=10 theta=30
0 -180 0 -180 0 -180 0 0 0.0974021 -118.285 0 0 0 -180 0 -180 0 -180
0 -180 0 -180 0 -180 0 0 0.82631 57.8104 0 0 0 -180 0 -180 0 -180
0 -180 0 -0 0 0 0 -180 0.00230699 40.1886 0 0 0 0 0 180 0 -180
0 -180 0 180 0 0 0 -180 0.00381892 93.8217 0 0 0 0 0 -0 0 -180
0 -180 0 -180 0 0 0 -0 0.00230279 40.2356 0 180 0 0 0 0 0 -180
0 -180 0 -180 0 0 0 180 0.00380784 93.6493 0 -0 0 0 0 0 0 -180
0 -180 0 0 0 -180 0 -180 0.0996386 -118.703 0 -180 0 -180 0 0 0 -180
0 -180 0 0 0 -180 0 -180 0.822765 57.7434 0 -180 0 -180 0 0 0 -180
inside=1 lambda=0.647 phi=10 theta=45
0 -180 0 -180 0 -180 0 0 0.0985211 -118.497 0 0 0 -180 0 -180 0 -180
0 -180 0 -180 0 -180 0 0 0.824536 57.7769 0 0 0 -180 0 -180 0 -180
0 -180 0 -0 0 0 0 -180 0.00266145 40.2121 0 0 0 0 0 180 0 -180
0 -180 0 180 0 0 0 -180 0.00440325 93.7345 0 0 0 0 0 -0 0 -180
0 -180 0 -180 0 0 0 -0 0.00266145 40.2121 0 180 0 0 0 0 0 -180
0 -180 0 -180 0 0 0 180 0.00440325 93.7345 0 -0 0 0 0 0 0 -180
0 -180 0 0 0 -180 0 -180 0.0985211 -118.497 0 -180 0 -180 0 0 0 -180
0 -180 0 0 0 -180 0 -180 0.824536 57.7769 0 -180 0 -180 0 0 0 -180
inside=1 lambda=0.647 phi=15 theta=0
0 -180 0 -180 0 -180 0 0 0.10689 -124.916 0 0 0 -180 0 -180 0 -180
0 -180 0 -180 0 -180 0 0 0.831528 52.4022 0 0 0 -180 0 -180 0 -180
0 -180 0 -0 0 0 0 -0 3.19868e-13 170.972 0 0 0 0 0 180 0 -180
0 -180 0 180 0 0 0 0 9.02166e-13 -39.9163 0 180 0 0 0 -0 0 -180
0 -180 0 -180 0 0 0 -0 3.86266e-13 167.796 0 180 0 0 0 0 0 -180
0 -180 0 -180 0 0 0 -0 8.32362e-13 -34.3131 0 -180 0 0 0 0 0 -180
0 -180 0 0 0 -180 0 -180 0.118524 -126.359 0 -180 0 -180 0 0 0 -180
0 -180 0 0 0 -180 0 -180 0.815099 52.0942 0 -180 0 -180 0 0 0 -180
inside=1 lambda=0.647 phi=15 theta=15
0 -180 0 -180 0 -180 0 0 0.107674 -125.026 0 0 0 -180 0 -180 0 -180
0 -180 0 -180 0 -180 0 0 0.830421 52.3817 0 0 0 -180 0 -180 0 -180
0 -180 0 -0 0 0 0 -180 0.00335233 35.5233 0 0 0 0 0 180 0 -180
0 -180 0 180 0 0 0 -180 0.00510991 88.177 0 0 0 0 0 -0 0 -180
0 -180 0 -180 0 0 0 -0 0.00333077 35.7913 0 180 0 0 0 0 0 -180
0 -180 0 -180 0 0 0 180 0.00505296 87.5164 0 -0 0 0 0 0 0 -180
0 -180 0 0 0 -180 0 -180 0.11775 -126.275 0 -180 0 -180 0 0 0 -180
0 -180 0 0 0 -180 0 -180 0.816193 52.115 0 -180 0 -180 0 0 0 -180
inside=1 lambda=0.647 phi=15 theta=30
0 -180 0 -180 0 -180 0 0 0.109813 -125.317 0 0 0 -180 0 -180 0 -180
0 -180 0 -180 0 -180 0 0 0.827401 52.3257 0 0 0 -180 0 -180 0 -180
0 -180 0 -0 0 0 0 -180 0.00579844 35.5802 0 0 0 0 0 180 0 -180
0 -180 0 180 0 0 0 -180 0.00882842 88.0273 0 0 0 0 0 -0 0 -180
0 -180 0 -180 0 0 0 -0 0.0057769 35.7348 0 180 0 0 0 0 0 -180
0 -180 0 -180 0 0 0 180 0.00877153 87.646 0 -0 0 0 0 0 0 -180
0 -180 0 0 0 -180 0 -180 0.115631 -126.037 0 -180 0 -180 0 0 0 -180
0 -180 0 0 0 -180 0 -180 0.819186 52.1716 0 -180 0 -180 0 0 0 -180
inside=1 lambda=0.647 phi=15 theta=45
0 -180 0 -180 0 -180 0 0 0.112727 -125.69 0 0 0 -180 0 -180 0 -180
0 -180 0 -180 0 -180 0 0 0.823287 52.2488 0 0 0 -180 0 -180 0 -180
0 -180 0 -0 0 0 0 -180 0.00668298 35.6576 0 0 0 0 0 180 0 -180
0 -180 0 180 0 0 0 -180 0.0101606 87.8316 0 0 0 0 0 -0 0 -180
0 -180 0 -180 0 0 0 -0 0.00668298 35.6576 0 180 0 0 0 0 0 -180
0 -180 0 -180 0 0 0 180 0.0101606 87.8316 0 -0 0 0 0 0 0 -180
0 -180 0 0 0 -180 0 -180 0.112727 -125.69 0 -180 0 -180 0 0 0 -180
0 -180 0 0 0 -180 0 -180 0.823287 52.2488 0 -180 0 -180 0 0 0 -180
inside=1 lambda=0.647 phi=20 theta=0
0 -180 0 -180 0 -180 0 0 0.118435 -134.14 0 0 0 -180 0 -180 0 -180
0 -180 0 -180 0 180 0 0 0.836777 44.9375 0 -0 0 -180 0 -180 0 180
0 -180 0 -0 0 0 0 -0 1.59077e-13 -25.9801 0 -0 0 0 0 180 0 -180
0 -180 0 180 0 -0 0 -0 4.92134e-13 134.967 0 0 0 0 0 -0 0 180
0 -180 0 -180 0 0 0 -180 1.64568e-13 -43.3971 0 -0 0 0 0 0 0 -180
0 -180 0 -180 0 0 0 -180 3.8862e-13 146.859 0 0 0 0 0 0 0 -180
0 -180 0 0 0 -180 0 -180 0.142653 -135.843 0 -180 0 -180 0 0 0 -180
0 -180 0 0 0 -180 0 -180 0.806331 44.3843 0 -180 0 -180 0 0 0 -180
inside=1 lambda=0.647 phi=20 theta=15
0 -180 0 -180 0 -180 0 0 0.120073 -134.289 0 0 0 -180 0 -180 0 -180
0 -180 0 -180 0 180 0 0 0.834715 44.9011 0 -0 0 -180 0 -180 0 180
0 -180 0 -0 0 0 0 -180 0.00675109 28.9528 0 0 0 0 0 180 0 -180
0 -180 0 180 0 -0 0 -180 0.00943032 80.149 0 -0 0 0 0 -0 0 180
0 -180 0 -180 0 0 0 -0 0.00668371 29.6018 0 180 0 0 0 0 0 -180
0 -180 0 -180 0 0 0 180 0.0092478 78.9948 0 -0 0 0 0 0 0 -180
0 -180 0 0 0 -180 0 -180 0.141051 -135.76 0 -180 0 -180 0 0 0 -180
0 -180 0 0 0 -180 0 -180 0.808348 44.4219 0 -180 0 180 0 -0 0 -180
inside=1 lambda=0.647 phi=20 theta=30
0 -180 0 -180 0 -180 0 0 0.124539 -134.669 0 0 0 -180 0 -180 0 -180
0 -180 0 -180 0 180 0 0 0.829098 44.801 0 -0 0 -180 0 -180 0 180
0 -180 0 -0 0 0 0 -180 0.0116679 29.0923 0 0 0 0 0 180 0 -180
0 -180 0 180 0 -0 0 -180 0.016259 79.8724 0 -0 0 0 0 -0 0 -180
0 -180 0 -180 0 0 0 -0 0.0116008 29.4661 0 180 0 0 0 0 0 -180
0 -180 0 -180 0 0 0 180 0.0160772 79.2067 0 -0 0 -0 0 -0 0 -180
0 -180 0 0 0 -180 0 -180 0.136656 -135.514 0 -180 0 -180 0 0 0 -180
0 -180 0 0 0 -180 0 -180 0.813875 44.5242 0 -180 0 180 0 -0 0 -180
inside=1 lambda=0.647 phi=20 theta=45
0 -180 0 -180 0 -180 0 0 0.130616 -135.125 0 0 0 -180 0 -180 0 -180
0 -180 0 -180 0 180 0 0 0.821464 44.6632 0 -0 0 -180 0 -180 0 180
0 -180 0 -0 0 0 0 -180 0.013434 29.2802 0 0 0 0 0 180 0 -180
0 -180 0 180 0 -0 0 -180 0.0186649 79.5235 0 -0 0 0 0 -0 0 -180
0 -180 0 -180 0 0 0 -0 0.013434 29.2802 0 180 0 0 0 0 0 -180
0 -180 0 -180 0 0 0 180 0.0186649 79.5235 0 -0 0 -0 0 -0 0 -180
0 -180 0 0 0 -180 0 -180 0.130616 -135.125 0 -180 0 -180 0 0 0 -180
0 -180 0 0 0 -180 0 -180 0.821464 44.6632 0 -180 0 180 0 -0 0 180
inside=1 lambda=0.647 phi=25 theta=0
0 -180 0 -180 0 -180 0 0 0.12772 -145.716 0 0 0 -180 0 -180 0 -180
0 -180 0 -180 0 180 0 0 0.844444 35.5943 0 -0 0 -180 0 -180 0 180
0 -180 0 -0 0 0 0 180 7.67825e-14 -36.536 0 180 0 0 0 180 0 -180
0 -180 0 180 0 -0 0 -0 2.28645e-13 126.575 0 180 0 0 0 -0 0 180
0 -180 0 -180 0 0 0 180 8.73304e-14 -22.1345 0 180 0 0 0 0 0 -180
0 180 0 180 0 0 0 -180 3.43965e-13 124.505 0 -180 0 -0 0 -0 0 -180
0 -180 0 0 0 -180 0 -180 0.171642 -146.934 0 -180 0 -180 0 0 0 -180
0 180 0 -0 0 180 0 180 0.794363 34.7468 0 -180 0 180 0 -0 0 180
inside=1 lambda=0.647 phi=25 theta=15
0 -180 0 -180 0 -180 0 0 0.130702 -145.862 0 0 0 -180 0 -180 0 -180
0 -180 0 -180 0 180 0 0 0.841032 35.5392 0 -0 0 -180 0 -180 0 180
0 -180 0 -0 0 0 0 -180 0.0118793 20.6157 0 0 0 0 0 180 0 -180
0 -180 0 180 0 -0 0 -180 0.0153833 69.8669 0 -0 0 0 0 -0 0 180
0 -180 0 -180 0 0 0 -0 0.011726 21.9182 0 180 0 0 0 0 0 -180
0 -180 0 180 0 0 0 180 0.0149345 68.0832 0 -0 0 -0 0 -0 0 180
0 -180 0 0 0 -180 0 -180 0.168756 -146.908 0 -180 0 -180 0 0 0 -180
0 180 0 -0 0 -180 0 180 0.797662 34.8049 0 -180 0 180 0 -0 0 180
inside=1 lambda=0.647 phi=25 theta=30
0 -180 0 -180 0 -180 0 0 0.138827 -146.207 0 0 0 -180 0 -180 0 -180
0 -180 0 -180 0 180 0 0 0.831755 35.3873 0 -0 0 -180 0 -180 0 180
0 -180 0 -0 0 0 0 -180 0.0205165 20.9009 0 0 0 0 0 180 0 -180
0 -180 0 180 0 -0 0 -180 0.0264487 69.4074 0 -0 0 0 0 -0 0 180
0 -180 0 -180 0 0 0 -0 0.0203651 21.6482 0 180 0 0 0 0 0 -180
0 -180 0 -180 0 0 0 180 0.026004 68.3799 0 -0 0 -0 0 -0 0 180
0 -180 0 0 0 -180 0 -180 0.160817 -146.8 0 -180 0 -180 0 0 0 -180
0 -180 0 0 0 -180 0 180 0.806716 34.9629 0 -180 0 180 0 -0 0 180
inside=1 lambda=0.647 phi=25 theta=45
0 -180 0 -180 0 -180 0 0 0.149868 -146.562 0 0 0 -180 0 -180 0 -180
0 -180 0 -180 0 180 0 0 0.81918 35.1767 0 -0 0 -180 0 -180 0 180
0 -180 0 -0 0 0 0 -180 0.0236019 21.2784 0 0 0 0 0 180 0 -180
0 -180 0 180 0 -0 0 -180 0.0302667 68.8534 0 -0 0 0 0 -0 0 180
0 -180 0 -180 0 0 0 -0 0.0236019 21.2784 0 180 0 0 0 0 0 -180
0 -180 0 -180 0 0 0 180 0.0302667 68.8534 0 -0 0 -0 0 -0 0 180
0 -180 0 0 0 -180 0 -180 0.149868 -146.562 0 -180 0 -180 0 0 0 -180
0 -180 0 0 0 -180 0 -180 0.81918 35.1767 0 -180 0 180 0 -0 0 180
inside=1 lambda=0.647 phi=30 theta=0
0 -180 0 180 0 -180 0 0 0.131176 -159.905 0 0 0 -180 0 180 0 -180
0 -180 0 -180 0 180 0 0 0.855424 24.544 0 -0 0 -180 0 -180 0 180
0 -180 0 -0 0 0 0 180 8.28565e-14 -168.685 0 0 0 0 0 180 0 -180
0 -180 0 180 0 -0 0 -0 1.72621e-13 152.308 0 -180 0 0 0 -0 0 180
0 -180 0 -180 0 0 0 -0 3.80628e-14 -107.193 0 -0 0 0 0 0 0 -180
0 180 0 180 0 -0 0 180 1.80072e-13 121.212 0 0 0 -0 0 -0 0 180
0 -180 0 0 0 -180 0 -180 0.202787 -159.279 0 -180 0 -180 0 0 0 -180
0 180 0 -0 0 180 0 180 0.779087 23.4098 0 180 0 180 0 -0 0 180
inside=1 lambda=0.647 phi=30 theta=15
0 -180 0 -180 0 -180 0 0 0.136045 -159.933 0 0 0 180 0 180 0 -180
0 -180 0 -180 0 180 0 0 0.850195 24.471 0 -0 0 -180 0 -180 0 180
0 -180 0 -0 0 0 0 -180 0.0188469 10.8199 0 0 0 0 0 180 0 -180
0 -180 0 180 0 -0 0 180 0.0231632 57.5442 0 -0 0 0 0 -0 0 180
0 -180 0 -180 0 0 0 -0 0.0185865 13.1382 0 0 0 0 0 0 0 -180
0 180 0 180 0 -0 0 180 0.0222352 54.9641 0 -0 0 -0 0 -0 0 180
0 -180 0 0 0 -180 0 -180 0.198114 -159.39 0 -180 0 -180 0 0 0 -180
0 180 0 -0 0 180 0 180 0.784086 23.4879 0 180 0 180 0 -0 0 180
inside=1 lambda=0.647 phi=30 theta=30
0 -180 0 -180 0 -180 0 0 0.149317 -159.956 0 0 0 180 0 180 0 -180
0 -180 0 180 0 180 0 0 0.836 24.2697 0 -0 0 -180 0 -180 0 180
0 -180 0 -0 0 0 0 -180 0.0325398 11.3403 0 0 0 0 0 180 0 -180
0 -180 0 180 0 -0 0 180 0.0396802 56.8179 0 -0 0 0 0 -0 0 180
0 -180 0 -180 0 0 0 -0 0.0322882 12.6606 0 0 0 0 0 0 0 -180
0 180 0 180 0 0 0 180 0.0387709 55.3349 0 -0 0 -0 0 -0 0 180
0 -180 0 0 0 -180 0 -180 0.185209 -159.639 0 -180 0 -180 0 0 0 -180
0 180 0 -0 0 -180 0 180 0.797833 23.7011 0 -180 0 180 0 -0 0 180
inside=1 lambda=0.647 phi=30 theta=45
0 -180 0 -180 0 -180 0 0 0.167349 -159.863 0 0 0 -180 0 -180 0 -180
0 -180 0 180 0 180 0 0 0.816808 23.9888 0 -0 0 -180 0 -180 0 180
0 -180 0 -0 0 0 0 -180 0.0374257 12.0118 0 0 0 0 0 0 0 -180
0 -180 0 180 0 -0 0 180 0.045243 55.9898 0 -0 0 0 0 -0 0 180
0 -180 0 -180 0 0 0 -0 0.0374257 12.0118 0 0 0 0 0 0 0 -180
0 -180 0 180 0 0 0 180 0.045243 55.9898 0 -0 0 -0 0 -0 0 180
0 -180 0 0 0 -180 0 -180 0.167349 -159.863 0 -180 0 -180 0 0 0 -180
0 -180 0 0 0 -180 0 180 0.816808 23.9888 0 -180 0 180 0 -0 0 180
inside=1 lambda=0.647 phi=35 theta=0
0 180 0 180 0 -180 0 0 0.125821 -177.532 0 0 0 180 0 180 0 -180
0 -180 0 -180 0 180 0 -0 0.870737 11.982 0 -0 0 -180 0 -180 0 180
0 -180 0 -0 0 0 0 -0 3.5496e-14 109.5 0 180 0 0 0 180 0 -180
0 -180 0 180 0 -0 0 0 2.9234e-13 -83.9996 0 180 0 0 0 -0 0 180
0 -180 0 -180 0 0 0 180 1.50667e-13 100.062 0 -0 0 0 0 0 0 -180
0 180 0 180 0 -0 0 -0 4.38072e-13 -69.1624 0 -0 0 -0 0 -0 0 180
0 -180 0 0 0 -180 0 -180 0.232004 -172.492 0 -180 0 -180 0 0 0 -180
0 180 0 -0 0 180 0 180 0.760831 10.6595 0 180 0 180 0 -0 0 180
inside=1 lambda=0.647 phi=35 theta=15
0 -180 0 180 0 -180 0 0 0.132997 -177.13 0 0 0 180 0 180 0 -180
0 -180 0 -180 0 180 0 -0 0.863179 11.895 0 -0 0 -180 0 -180 0 180
0 -180 0 -0 0 0 0 -180 0.0272834 -0.00951419 0 0 0 0 0 180 0 -180
0 -180 0 180 0 -0 0 180 0.0328901 43.6054 0 -0 0 0 0 -0 0 180
0 -180 0 -180 0 0 0 -0 0.0270084 3.80462 0 0 0 0 0 0 0 -180
0 180 0 180 0 -0 0 180 0.0311883 39.9913 0 -0 0 -0 0 -0 0 180
0 -180 0 0 0 -180 0 -180 0.225114 -172.853 0 -180 0 -180 0 0 0 -180
0 180 0 -0 0 180 0 180 0.767996 10.748 0 180 0 180 0 -0 0 180
inside=1 lambda=0.647 phi=35 theta=30
0 -180 0 -180 0 -180 0 0 0.152621 -176.154 0 0 0 180 0 180 0 -180
0 -180 0 180 0 180 0 -0 0.842695 11.6592 0 -0 0 -180 0 -180 0 180
0 -180 0 -0 0 0 0 -180 0.0471403 0.87357 0 0 0 -0 0 0 0 -180
0 180 0 180 0 -0 0 180 0.0560749 42.4781 0 -0 0 0 0 -0 0 180
0 -180 0 -180 0 0 0 -0 0.0468955 3.0163 0 0 0 0 0 0 0 -180
0 180 0 180 0 -0 0 180 0.0544416 40.407 0 -0 0 -0 0 -0 0 180
0 -180 0 0 0 -180 0 -180 0.205958 -173.775 0 -180 0 -180 0 0 0 -180
0 180 0 -0 0 180 0 180 0.787742 10.9954 0 180 0 180 0 -0 0 180
inside=1 lambda=0.647 phi=35 theta=45
0 -180 0 -180 0 -180 0 0 0.179385 -174.956 0 0 0 180 0 180 0 -180
0 180 0 180 0 180 0 -0 0.815045 11.3319 0 -0 0 -180 0 180 0 180
0 -180 0 -0 0 0 0 -180 0.0542899 1.97144 0 0 0 0 0 0 0 -180
0 180 0 180 0 -0 0 180 0.0636787 41.2737 0 -0 0 0 0 -0 0 180
0 -180 0 -180 0 0 0 -0 0.0542899 1.97144 0 0 0 0 0 0 0 -180
0 180 0 180 0 0 0 180 0.0636787 41.2737 0 -0 0 -0 0 -0 0 180
0 -180 0 0 0 180 0 -180 0.179385 -174.956 0 180 0 -180 0 0 0 -180
0 180 0 -0 0 -180 0 180 0.815045 11.3319 0 180 0 180 0 -0 0 180
inside=1 lambda=0.647 phi=40 theta=0
0 180 0 180 0 -180 0 0 0.111187 159.186 0 0 0 180 0 180 0 -180
0 -180 0 -180 0 180 0 -0 0.891218 -1.85053 0 -0 0 -180 0 -180 0 180
0 -180 0 -0 0 0 0 -0 3.08773e-14 33.3716 0 -0 0 0 0 180 0 -180
0 180 0 0 0 -0 0 180 2.10474e-14 -26.9616 0 -0 0 -0 0 -180 0 180
0 -180 0 -180 0 0 0 -180 3.35528e-14 -135.292 0 -0 0 0 0 0 0 -180
0 180 0 180 0 -0 0 180 3.48104e-13 -108.582 0 180 0 -0 0 -0 0 180
0 -180 0 0 0 -180 0 -180 0.253902 173.955 0 -180 0 -180 0 0 0 -180
0 180 0 -0 0 180 0 180 0.740456 -3.17164 0 180 0 180 0 -0 0 180
inside=1 lambda=0.647 phi=40 theta=15
0 -180 0 180 0 -180 0 0 0.120476 160.935 0 0 0 180 0 180 0 -180
0 -180 0 180 0 180 0 -0 0.880837 -1.9555 0 -0 0 -180 0 -180 0 180
0 -180 0 -0 0 0 0 -180 0.0361014 -11.332 0 0 0 -0 0 0 0 -180
0 180 0 0 0 -0 0 180 0.0446319 28.7237 0 -0 0 -0 0 -0 0 180
0 -180 0 -180 0 0 0 -0 0.0362415 -5.38285 0 0 0 0 0 0 0 -180
0 180 0 180 0 -0 0 180 0.0417349 23.7207 0 -0 0 -0 0 -0 0 180
0 -180 0 0 0 -180 0 -180 0.244671 173.156 0 -180 0 -180 0 0 0 -180
0 180 0 -0 0 180 0 180 0.750254 -3.10152 0 180 0 180 0 -0 0 180
inside=1 lambda=0.647 phi=40 theta=30
0 -180 0 -180 0 -180 0 0 0.146361 164.563 0 0 0 180 0 180 0 -180
0 180 0 180 0 180 0 -0 0.852747 -2.20978 0 -0 0 -180 0 -180 0 180
0 -180 0 -0 0 0 0 -180 0.0625875 -9.90906 0 0 0 -0 0 0 0 -180
0 180 0 0 0 -0 0 180 0.0755804 26.971 0 -0 0 -0 0 -0 0 180
0 -180 0 -180 0 0 0 -0 0.062803 -6.64895 0 0 0 0 0 0 0 -180
0 180 0 180 0 -0 0 0 0.0729066 24.1137 0 -0 0 -0 0 -0 0 180
0 -180 0 0 0 180 0 -180 0.218553 171.087 0 -180 0 -180 0 0 0 -180
0 180 0 -0 0 180 0 180 0.777351 -2.87278 0 180 0 180 0 -0 0 180
inside=1 lambda=0.647 phi=40 theta=45
0 -180 0 -180 0 -180 0 0 0.182351 168.155 0 0 0 180 0 180 0 -180
0 180 0 180 0 180 0 -0 0.814831 -2.54112 0 -0 0 -180 0 180 0 180
0 -180 0 -0 0 0 0 -180 0.072412 -8.22734 0 0 0 -0 0 0 0 -180
0 180 0 0 0 -0 0 180 0.0854434 25.2349 0 -0 0 -0 0 -0 0 180
0 -180 0 -180 0 -0 0 -0 0.072412 -8.22734 0 0 0 0 0 0 0 -180
0 180 0 180 0 -0 0 0 0.0854434 25.2349 0 -0 0 -0 0 -0 0 180
0 -180 0 0 0 180 0 -180 0.182351 168.155 0 180 0 -180 0 0 0 -180
0 180 0 -0 0 -180 0 180 0.814831 -2.54112 0 180 0 180 0 -0 0 180
inside=1 lambda=0.647 phi=45 theta=0
0 180 0 180 0 -180 0 0 0.0960635 124.493 0 0 0 180 0 180 0 -180
0 -180 0 180 0 180 0.0188178 -102.456 0.915333 -16.5069 0 -0 0 -180 0 180 0 180
0 180 0 -180 0 0 0 -0 2.43367e-13 10.0525 0 -180 0 -0 0 0 0 -180
0 180 0 0 0 -0 5.64528e-13 140.758 5.04199e-13 -90.2691 0 -0 0 -0 0 -180 0 180
0 -180 0 -180 0 0 0 -0 3.65602e-14 13.0525 0 0 0 0 0 0 0 -180
0 180 0 180 0 -0 3.5658e-14 169.147 2.16951e-13 -90.8805 0 -0 0 -0 0 -0 0 180
0 -180 0 0 0 -180 0 -180 0.259464 160.739 0 -180 0 -180 0 0 0 -180
0 180 0 -0 0 180 0.150424 119.187 0.717867 -17.585 0 180 0 180 0 -0 0 180
inside=1 lambda=0.647 phi=45 theta=15
0 180 0 180 0 -180 0 0 0.102721 130.464 0 0 0 180 0 180 0 -180
0 180 0 180 0 180 0 -0 0.90363 -16.7597 0 -0 0 -180 0 -180 0 180
0 -180 0 -0 0 0 0 -180 0.0432629 -22.3155 0 0 0 -0 0 0 0 -180
0 180 0 0 0 -0 0 180 0.0586816 13.8398 0 -0 0 -0 0 -180 0 180
0 -180 0 -180 0 0 0 -0 0.0450621 -13.3617 0 0 0 0 0 0 0 -180
0 180 0 180 0 -0 0 0 0.0537767 6.9675 0 -0 0 -0 0 -0 0 180
0 -180 0 0 0 -180 0 -180 0.250983 159.338 0 -180 0 -180 0 0 0 -180
0 180 0 -0 0 180 0 180 0.731961 -17.7211 0 180 0 180 0 -0 0 180
inside=1 lambda=0.647 phi=45 theta=30
0 -180 0 180 0 -180 0 0 0.130811 140.744 0 0 0 180 0 180 0 -180
0 180 0 180 0 180 0 -0 0.866838 -17.0655 0 -0 0 -180 0 180 0 180
0 -180 0 -0 0 0 0 -180 0.0757863 -20.1422 0 0 0 -0 0 0 0 -180
0 180 0 0 0 -0 0 180 0.0982075 11.0633 0 -0 0 -0 0 -180 0 180
0 -180 0 -180 0 0 0 -0 0.077672 -15.4767 0 0 0 0 0 0 0 -180
0 180 0 180 0 -0 0 0 0.0940468 7.13273 0 -180 0 -0 0 -0 0 180
0 -180 0 0 0 180 0 -180 0.218377 155.314 0 -180 0 -180 0 0 0 -180
0 180 0 -0 0 180 0 180 0.767686 -17.6184 0 180 0 180 0 -0 0 180
inside=1 lambda=0.647 phi=45 theta=45
0 -180 0 -180 0 -180 0 0 0.173469 149.298 0 0 0 180 0 180 0 -180
0 180 0 180 0 180 0 -0 0.817069 -17.3632 0 -0 0 -180 0 180 0 180
0 -180 0 -0 0 0 0 -180 0.0886924 -17.7261 0 0 0 -0 0 0 0 -180
0 180 0 0 0 -0 0 180 0.110409 8.56788 0 -0 0 -0 0 -180 0 180
0 -180 0 -180 0 -0 0 -0 0.0886924 -17.7261 0 0 0 0 0 0 0 -180
0 180 0 180 0 -0 0 0 0.110409 8.56788 0 -180 0 -0 0 -0 0 180
0 -180 0 0 0 180 0 -180 0.173469 149.298 0 180 0 -180 0 0 0 -180
0 180 0 -0 0 -180 0 180 0.817069 -17.3632 0 180 0 180 0 -0 0 180
