RSoft_BSDF_File_Version 2
1 0 5 2 1 1.00571
0.3 0.3
-1 1
-1 1
1 0.647 0.647
10 0 45 0.5
4 0 45
Begin_Dispersion_Data
0.647 1.45662 0 1 0 0
End_Dispersion_Data
inside=0 lambda=0.647 phi=0 theta=0
0 -180 0 -180 0 -180 0 0 0.0634815 -17.6934 0 0 0 -180 0 -180 0 -180
0 0 0 0 0 0 0 -180 1.20447 -80.1993 0 -180 0 0 0 0 0 0
0 -180 0 -180 0 0 0 0 9.89989e-13 -12.4008 0 0 0 0 0 -0 0 -180
0 0 0 -0 0 -180 0 180 1.45514e-12 154.647 0 0 0 -180 0 -180 0 0
0 -180 0 -0 0 0 0 -180 4.20676e-13 -54.657 0 -180 0 0 0 -0 0 -180
0 0 0 -0 0 -180 0 -180 1.59748e-12 -167.618 0 180 0 -180 0 -0 0 0
0 -180 0 0 0 -180 0 -180 0.0634815 -17.6934 0 -180 0 -180 0 0 0 -180
0 0 0 -180 0 0 0 0 1.20447 -80.1993 0 0 0 0 0 -180 0 0
inside=0 lambda=0.647 phi=0 theta=15
0 -180 0 -180 0 -180 0 0 0.0634815 -17.6934 0 0 0 -180 0 -180 0 -180
0 0 0 0 0 0 0 -180 1.20447 -80.1993 0 -180 0 0 0 0 0 0
0 -180 0 -180 0 0 0 0 9.89989e-13 -12.4008 0 0 0 0 0 -0 0 -180
0 0 0 -0 0 -180 0 180 1.45514e-12 154.647 0 0 0 -180 0 -180 0 0
0 -180 0 -0 0 0 0 -180 4.20676e-13 -54.657 0 -180 0 0 0 -0 0 -180
0 0 0 -0 0 -180 0 -180 1.59748e-12 -167.618 0 180 0 -180 0 -0 0 0
0 -180 0 0 0 -180 0 -180 0.0634815 -17.6934 0 -180 0 -180 0 0 0 -180
0 0 0 -180 0 0 0 0 1.20447 -80.1993 0 0 0 0 0 -180 0 0
inside=0 lambda=0.647 phi=0 theta=30
0 -180 0 -180 0 -180 0 0 0.0634815 -17.6934 0 0 0 -180 0 -180 0 -180
0 0 0 0 0 0 0 -180 1.20447 -80.1993 0 -180 0 0 0 0 0 0
0 -180 0 -180 0 0 0 0 9.89989e-13 -12.4008 0 0 0 0 0 -0 0 -180
0 0 0 -0 0 -180 0 180 1.45514e-12 154.647 0 0 0 -180 0 -180 0 0
0 -180 0 -0 0 0 0 -180 4.20676e-13 -54.657 0 -180 0 0 0 -0 0 -180
0 0 0 -0 0 -180 0 -180 1.59748e-12 -167.618 0 180 0 -180 0 -0 0 0
0 -180 0 0 0 -180 0 -180 0.0634815 -17.6934 0 -180 0 -180 0 0 0 -180
0 0 0 -180 0 0 0 0 1.20447 -80.1993 0 0 0 0 0 -180 0 0
inside=0 lambda=0.647 phi=0 theta=45
0 -180 0 -180 0 -180 0 0 0.0634815 -17.6934 0 0 0 -180 0 -180 0 -180
0 0 0 0 0 0 0 -180 1.20447 -80.1993 0 -180 0 0 0 0 0 0
0 -180 0 -180 0 0 0 0 9.89989e-13 -12.4008 0 0 0 0 0 -0 0 -180
0 0 0 -0 0 -180 0 180 1.45514e-12 154.647 0 0 0 -180 0 -180 0 0
0 -180 0 -0 0 0 0 -180 4.20676e-13 -54.657 0 -180 0 0 0 -0 0 -180
0 0 0 -0 0 -180 0 -180 1.59748e-12 -167.618 0 180 0 -180 0 -0 0 0
0 -180 0 0 0 -180 0 -180 0.0634815 -17.6934 0 -180 0 -180 0 0 0 -180
0 0 0 -180 0 0 0 0 1.20447 -80.1993 0 0 0 0 0 -180 0 0
inside=0 lambda=0.647 phi=5 theta=0
0 -180 0 -180 0 -180 0 0 0.0585354 -10.7991 0 0 0 -180 0 -180 0 -180
0 0 0 0 0 0 0 -180 1.20224 -84.0789 0 -180 0 0 0 0 0 0
0 -180 0 -0 0 0 0 -0 5.10822e-13 88.0637 0 -0 0 0 0 180 0 -180
0 0 0 0 0 -180 0 180 2.65937e-12 172.433 0 0 0 -180 0 -180 0 0
0 -180 0 -180 0 0 0 180 3.49257e-13 25.8548 0 0 0 0 0 0 0 -180
0 0 0 0 0 -180 0 0 1.90389e-12 169.495 0 -180 0 -180 0 -180 0 0
0 -180 0 0 0 -180 0 -180 0.0585292 -10.9569 0 -180 0 -180 0 0 0 -180
0 0 0 -180 0 0 0 0 1.20743 -84.1884 0 0 0 0 0 -180 0 0
inside=0 lambda=0.647 phi=5 theta=15
0 -180 0 -180 0 -180 0 0 0.0585353 -10.809 0 0 0 -180 0 -180 0 -180
0 0 0 0 0 0 0 -180 1.20259 -84.0863 0 -180 0 0 0 0 0 0
0 -180 0 -0 0 0 0 -180 5.32028e-05 -130.547 0 0 0 0 0 180 0 -180
0 0 0 0 0 -180 0 0 0.00187459 49.6471 0 -180 0 -180 0 -180 0 0
0 -180 0 -180 0 0 0 -0 5.26173e-05 -130.68 0 180 0 0 0 0 0 -180
0 0 0 0 0 -180 0 0 0.00186853 49.8076 0 -180 0 -180 0 -180 0 0
0 -180 0 0 0 -180 0 -180 0.0585299 -10.9457 0 -180 0 -180 0 0 0 -180
0 0 0 -180 0 0 0 0 1.20709 -84.1811 0 0 0 0 0 -180 0 0
inside=0 lambda=0.647 phi=5 theta=30
0 -180 0 -180 0 -180 0 0 0.0585347 -10.8366 0 0 0 -180 0 -180 0 -180
0 0 0 0 0 0 0 -180 1.20354 -84.1066 0 -180 0 0 0 0 0 0
0 -180 0 -0 0 0 0 -180 9.19384e-05 -130.576 0 0 0 0 0 180 0 -180
0 0 0 0 0 -180 0 0 0.00324463 49.6813 0 -180 0 -180 0 -180 0 0
0 -180 0 -180 0 0 0 -0 9.13529e-05 -130.653 0 180 0 0 0 0 0 -180
0 0 0 0 0 -180 0 0 0.00323857 49.7739 0 -180 0 -180 0 -180 0 0
0 -180 0 0 0 -180 0 -180 0.0585316 -10.9155 0 -180 0 -180 0 0 0 -180
0 0 0 -180 0 0 0 0 1.20613 -84.1613 0 0 0 0 0 -180 0 0
inside=0 lambda=0.647 phi=5 theta=45
0 -180 0 -180 0 -180 0 0 0.0585334 -10.8754 0 0 0 -180 0 -180 0 -180
0 0 0 0 0 0 0 -180 1.20483 -84.1341 0 -180 0 0 0 0 0 0
0 -180 0 -0 0 0 0 -180 0.000105825 -130.615 0 0 0 0 0 180 0 -180
0 0 0 0 0 -180 0 0 0.00374306 49.7278 0 -180 0 -180 0 -180 0 0
0 -180 0 -180 0 0 0 -0 0.000105825 -130.615 0 180 0 0 0 0 0 -180
0 0 0 0 0 -180 0 0 0.00374306 49.7278 0 -180 0 -180 0 -180 0 0
0 -180 0 0 0 -180 0 -180 0.0585334 -10.8754 0 -180 0 -180 0 0 0 -180
0 0 0 -180 0 0 0 0 1.20483 -84.1341 0 0 0 0 0 -180 0 0
inside=0 lambda=0.647 phi=10 theta=0
0 -180 0 -180 0 -180 0 0 0.0568 13.9697 0 0 0 -180 0 -180 0 -180
0 0 0 0 0 0 0 -180 1.19431 -95.7183 0 -180 0 0 0 0 0 0
0 -180 0 -180 0 0 0 -0 1.03357e-13 -74.7839 0 180 0 0 0 0 0 -180
0 0 0 -0 0 -180 0 -0 6.57034e-13 -3.26299 0 180 0 -180 0 180 0 0
0 -180 0 -180 0 0 0 180 2.65325e-15 82.296 0 180 0 0 0 0 0 -180
0 0 0 0 0 -180 0 180 2.97746e-13 -10.5677 0 -0 0 -180 0 -180 0 0
0 -180 0 0 0 -180 0 -180 0.0580813 16.5991 0 -180 0 -180 0 0 0 -180
0 0 0 -180 0 0 0 0 1.21561 -96.202 0 0 0 0 0 -180 0 0
inside=0 lambda=0.647 phi=10 theta=15
0 -180 0 -180 0 -180 0 0 0.0568938 14.1553 0 0 0 -180 0 -180 0 -180
0 0 0 0 0 0 0 -180 1.19572 -95.7528 0 -180 0 0 0 0 0 0
0 -180 0 -180 0 0 0 -180 0.00108072 -110.496 0 0 0 0 0 0 0 -180
0 0 0 -0 0 -180 0 0 0.00787556 36.4074 0 -180 0 -180 0 180 0 0
0 -180 0 -180 0 0 0 -180 0.00107134 -110.32 0 180 0 0 0 0 0 -180
0 0 0 0 0 -180 0 -0 0.00777137 37.0261 0 180 0 -180 0 -180 0 0
0 -180 0 0 0 -180 0 -180 0.0580043 16.432 0 -180 0 -180 0 0 0 -180
0 0 0 -180 0 0 0 0 1.21416 -96.1716 0 0 0 0 0 -180 0 0
inside=0 lambda=0.647 phi=10 theta=30
0 -180 0 -180 0 -180 0 0 0.0571447 14.6551 0 0 0 -180 0 -180 0 -180
0 0 0 0 0 0 0 -180 1.19959 -95.8454 0 -180 0 0 0 0 0 0
0 -180 0 -180 0 0 0 -180 0.00186849 -110.466 0 0 0 0 0 180 0 -180
0 0 0 -0 0 -180 0 0 0.0136002 36.5423 0 -180 0 -180 0 180 0 0
0 -180 0 -180 0 0 0 -180 0.00185911 -110.364 0 180 0 0 0 0 0 -180
0 0 0 0 0 -180 0 -0 0.0134961 36.8995 0 180 0 -180 0 -180 0 0
0 -180 0 0 0 -180 0 -180 0.0577868 15.9691 0 -180 0 -180 0 0 0 -180
0 0 0 -180 0 0 0 0 1.21024 -96.0873 0 0 0 0 0 -180 0 0
inside=0 lambda=0.647 phi=10 theta=45
0 -180 0 -180 0 -180 0 0 0.0574741 15.3214 0 0 0 -180 0 -180 0 -180
0 0 0 0 0 0 0 -180 1.2049 -95.9684 0 -180 0 0 0 0 0 0
0 -180 0 -180 0 0 0 -180 0.00215217 -110.418 0 0 0 0 0 180 0 -180
0 0 0 -0 0 -180 0 0 0.0156425 36.7229 0 -180 0 -180 0 180 0 0
0 -180 0 -180 0 0 0 -180 0.00215217 -110.418 0 180 0 0 0 0 0 -180
0 0 0 0 0 -180 0 -0 0.0156425 36.7229 0 180 0 -180 0 -180 0 0
0 -180 0 0 0 -180 0 -180 0.0574741 15.3214 0 -180 0 -180 0 0 0 -180
0 0 0 -180 0 0 0 0 1.2049 -95.9684 0 0 0 0 0 -180 0 0
inside=0 lambda=0.647 phi=15 theta=0
0 -180 0 -180 0 -180 0 0 0.082781 33.4281 0 0 0 -180 0 -180 0 -180
0 0 0 0 0 0 0 -180 1.17778 -115.07 0 -180 0 0 0 0 0 0
0 -180 0 -180 0 0 0 180 3.05889e-14 117.771 0 -0 0 0 0 0 0 -180
0 0 0 -0 0 -180 0 -180 5.95316e-14 -49.8901 0 180 0 -180 0 180 0 0
0 -180 0 -180 0 0 0 -0 8.43769e-14 125.287 0 0 0 0 0 0 0 -180
0 0 0 0 0 -180 0 180 3.60589e-13 172.096 0 0 0 -180 0 -180 0 0
0 -180 0 0 0 -180 0 -180 0.101528 38.0403 0 -180 0 -180 0 0 0 -180
0 0 0 -180 0 0 0 0 1.22614 -116.311 0 0 0 0 0 -180 0 0
inside=0 lambda=0.647 phi=15 theta=15
0 -180 0 -180 0 -180 0 0 0.0840888 33.7817 0 0 0 -180 0 -180 0 -180
0 0 0 0 0 0 0 -180 1.18092 -115.165 0 -180 0 0 0 0 0 0
0 -180 0 -180 0 0 0 -180 0.00580713 -126.291 0 0 0 0 0 0 0 -180
0 0 0 -0 0 -180 0 0 0.0188576 13.9423 0 -180 0 -180 0 180 0 0
0 -180 0 -180 0 0 0 -180 0.00576176 -126.106 0 180 0 0 0 0 0 -180
0 0 0 0 0 -180 0 -0 0.0182541 15.2709 0 180 0 -180 0 -180 0 0
0 -180 0 0 0 -180 0 -180 0.100331 37.766 0 -180 0 -180 0 0 0 -180
0 0 0 -180 0 0 0 0 1.2228 -116.239 0 0 0 0 0 -180 0 0
inside=0 lambda=0.647 phi=15 theta=30
0 -180 0 -180 0 -180 0 0 0.0876275 34.7082 0 0 0 -180 0 -180 0 -180
0 0 0 0 0 0 0 -180 1.18958 -115.415 0 -180 0 0 0 0 0 0
0 -180 0 -180 0 0 0 -180 0.0100417 -126.262 0 0 0 0 0 0 0 -180
0 0 0 -0 0 -180 0 0 0.0324056 14.2415 0 -180 0 -180 0 180 0 0
0 -180 0 -180 0 0 0 -180 0.00999648 -126.156 0 180 0 0 0 0 0 -180
0 0 0 0 0 -180 0 -0 0.0318046 15.0081 0 180 0 -180 0 -180 0 0
0 -180 0 0 0 -180 0 -180 0.0970135 36.9971 0 -180 0 -180 0 0 0 -180
0 0 0 -180 0 0 0 0 1.21375 -116.036 0 0 0 0 0 -180 0 0
inside=0 lambda=0.647 phi=15 theta=45
0 -180 0 -180 0 -180 0 0 0.0923753 35.8917 0 0 0 -180 0 -180 0 -180
0 0 0 0 0 0 0 -180 1.20157 -115.737 0 -180 0 0 0 0 0 0
0 -180 0 -180 0 0 0 -180 0.0115691 -126.214 0 0 0 0 0 180 0 -180
0 0 0 -0 0 -180 0 0 0.037052 14.6339 0 -180 0 -180 0 180 0 0
0 -180 0 -180 0 0 0 -180 0.0115691 -126.214 0 180 0 0 0 0 0 -180
0 0 0 0 0 -180 0 -0 0.037052 14.6339 0 180 0 -180 0 -180 0 0
0 -180 0 0 0 -180 0 -180 0.0923753 35.8917 0 -180 0 -180 0 0 0 -180
0 0 0 -180 0 0 0 0 1.20157 -115.737 0 0 0 0 0 -180 0 0
inside=0 lambda=0.647 phi=20 theta=0
0 180 0 -180 0 -180 0 0 0.116369 29.0653 0 0 0 180 0 -180 0 -180
0 0 0 0 0 -0 0 -180 1.15145 -142.01 0 180 0 0 0 0 0 -0
0 -180 0 -180 0 0 0 -180 4.18536e-13 80.6763 0 180 0 0 0 0 0 -180
0 0 0 -0 0 180 0 -0 8.88946e-13 156.399 0 -180 0 -180 0 180 0 -0
0 -180 0 -180 0 0 0 180 4.81208e-14 -178.557 0 180 0 0 0 0 0 -180
0 0 0 0 0 -180 0 180 1.12077e-12 124.98 0 -0 0 -180 0 -180 0 0
0 -180 0 0 0 -180 0 -180 0.181603 28.8741 0 -180 0 -180 0 0 0 -180
0 0 0 -180 0 0 0 0 1.23554 -144.364 0 0 0 0 0 -180 0 0
inside=0 lambda=0.647 phi=20 theta=15
0 180 0 -180 0 -180 0 0 0.120887 28.9288 0 0 0 180 0 -180 0 -180
0 0 0 0 0 -0 0 -180 1.15674 -142.209 0 180 0 0 0 0 0 -0
0 -180 0 -180 0 0 0 -180 0.0173726 -152.914 0 0 0 0 0 0 0 -180
0 0 0 -0 0 180 0 0 0.035263 -16.6992 0 180 0 -180 0 180 0 -0
0 -180 0 -180 0 0 0 -180 0.0172646 -152.773 0 180 0 0 0 0 0 -180
0 0 0 0 0 -180 0 -0 0.0329618 -14.2952 0 180 0 -180 0 -180 0 0
0 -180 0 0 0 -180 0 -180 0.177417 28.8076 0 -180 0 -180 0 0 0 -180
0 0 0 -180 0 0 0 0 1.22953 -144.247 0 0 0 0 0 -180 0 0
inside=0 lambda=0.647 phi=20 theta=30
0 -180 0 -180 0 -180 0 0 0.133136 28.6907 0 0 0 180 0 -180 0 -180
0 0 0 0 0 -0 0 -180 1.17144 -142.72 0 180 0 0 0 0 0 -0
0 -180 0 -180 0 0 0 -180 0.0300449 -152.875 0 0 0 0 0 180 0 -180
0 0 0 -0 0 180 0 0 0.0599749 -16.1333 0 180 0 -180 0 180 0 -0
0 -180 0 -180 0 0 0 -180 0.029939 -152.793 0 180 0 0 0 0 0 -180
0 0 0 0 0 -180 0 -0 0.0577052 -14.7461 0 180 0 -180 0 -180 0 0
0 -180 0 0 0 -180 0 -180 0.16581 28.6684 0 -180 0 -180 0 0 0 -180
0 0 0 -180 0 0 0 0 1.21341 -143.897 0 0 0 -0 0 180 0 0
inside=0 lambda=0.647 phi=20 theta=45
0 -180 0 -180 0 -180 0 0 0.149628 28.5918 0 0 0 -180 0 -180 0 -180
0 0 0 0 0 -0 0 -180 1.19208 -143.348 0 180 0 0 0 0 0 -0
0 -180 0 -180 0 0 0 -180 0.0346286 -152.829 0 0 0 0 0 180 0 -180
0 0 0 -0 0 180 0 0 0.0678048 -15.4108 0 180 0 -180 0 180 0 0
0 -180 0 -180 0 0 0 -180 0.0346286 -152.829 0 180 0 0 0 0 0 -180
0 0 0 0 0 -180 0 -0 0.0678048 -15.4108 0 180 0 180 0 180 0 0
0 -180 0 0 0 -180 0 -180 0.149628 28.5918 0 -180 0 -180 0 0 0 -180
0 0 0 -180 0 0 0 0 1.19208 -143.348 0 0 0 -0 0 180 0 -0
inside=0 lambda=0.647 phi=25 theta=0
0 180 0 180 0 -180 0 0 0.118797 16.6339 0 0 0 180 0 180 0 -180
0 0 0 0 0 -0 0 -180 1.11745 -176.613 0 180 0 0 0 0 0 -0
0 180 0 -0 0 0 0 180 1.81917e-13 -45.4313 0 180 0 -0 0 180 0 -180
0 0 0 -180 0 180 0 -180 4.61077e-13 107.695 0 -180 0 -180 0 0 0 -0
0 -180 0 -180 0 0 0 180 4.25527e-13 -80.8666 0 -0 0 0 0 0 0 -180
0 -0 0 -0 0 180 0 -0 2.20262e-13 107.626 0 -0 0 180 0 180 0 -0
0 -180 0 0 0 -180 0 -180 0.247478 3.21574 0 -180 0 -180 0 0 0 -180
0 -0 0 180 0 -0 0 -0 1.25402 -179.861 0 -0 0 -0 0 180 0 -0
inside=0 lambda=0.647 phi=25 theta=15
0 180 0 -180 0 -180 0 0 0.126844 14.4919 0 0 0 180 0 180 0 -180
0 0 0 0 0 -0 0 -180 1.12589 -176.958 0 180 0 0 0 0 0 -0
0 180 0 -180 0 0 0 -180 0.0339203 171.621 0 0 0 -0 0 180 0 -180
0 0 0 -180 0 180 0 -0 0.0583303 -52.0655 0 180 0 -180 0 0 0 -0
0 -180 0 -180 0 0 0 -180 0.0338898 171.613 0 180 0 0 0 0 0 -180
0 -0 0 -0 0 180 0 -180 0.0515157 -47.402 0 180 0 180 0 180 0 -0
0 -180 0 0 0 -180 0 -180 0.238822 3.50831 0 -180 0 -180 0 0 0 -180
0 -0 0 180 0 -0 0 -0 1.24399 -179.765 0 -0 0 -0 0 180 0 -0
inside=0 lambda=0.647 phi=25 theta=30
0 180 0 -180 0 -180 0 0 0.149703 10.2265 0 0 0 180 0 180 0 -180
0 0 0 0 0 -0 0 180 1.14943 -177.788 0 180 0 0 0 0 0 -0
0 -180 0 -180 0 0 0 -180 0.0586963 171.758 0 0 0 -0 0 180 0 -180
0 0 0 -180 0 180 0 -0 0.097245 -50.8835 0 180 0 -180 0 0 0 -0
0 -180 0 -180 0 0 0 -180 0.0586766 171.766 0 180 0 0 0 0 0 -180
0 -0 0 -0 0 180 0 -180 0.0906879 -48.1847 0 180 0 180 0 180 0 -0
0 -180 0 0 0 180 0 -180 0.214847 4.53509 0 -180 0 -180 0 0 0 -180
0 -0 0 180 0 0 0 -0 1.21747 -179.401 0 -0 0 -0 0 180 0 -0
inside=0 lambda=0.647 phi=25 theta=45
0 -180 0 -180 0 -180 0 0 0.182023 6.66813 0 0 0 180 0 -180 0 -180
0 0 0 -0 0 -0 0 180 1.18274 -178.704 0 180 0 0 0 0 0 -0
0 -180 0 -180 0 0 0 -180 0.0677409 171.827 0 0 0 -0 0 180 0 -180
0 -0 0 -180 0 180 0 -0 0.107878 -49.433 0 180 0 -180 0 0 0 -0
0 -180 0 -180 0 -0 0 -180 0.0677409 171.827 0 180 0 0 0 0 0 -180
0 -0 0 -0 0 -180 0 -180 0.107878 -49.433 0 0 0 180 0 180 0 -0
0 -180 0 0 0 180 0 -180 0.182023 6.66813 0 -180 0 -180 0 0 0 -180
0 0 0 180 0 0 0 -0 1.18274 -178.704 0 0 0 -0 0 180 0 -0
inside=0 lambda=0.647 phi=30 theta=0
0 180 0 180 0 -180 0.0431731 -80.6572 0.0968124 22.4498 0 0 0 180 0 180 0 -180
0 -0 0 0 0 -180 0 180 1.06408 140.77 0 0 0 -0 0 0 0 -180
0 180 0 -0 0 0 3.31485e-14 -173.042 2.10383e-13 36.6306 0 -180 0 -0 0 180 0 -180
0 -0 0 -180 0 0 0 0 4.98194e-13 -105.655 0 -0 0 180 0 0 0 -180
0 -180 0 -180 0 0 6.96529e-14 -108.857 2.9168e-13 58.2395 0 180 0 0 0 0 0 -180
0 -0 0 -0 0 180 0 -180 7.38317e-13 -120.763 0 0 0 180 0 180 0 -0
0 -180 0 0 0 -180 0.159945 -119.771 0.211116 -33.255 0 -180 0 -180 0 0 0 -180
0 -0 0 180 0 -0 0 -0 1.32219 136.757 0 -0 0 -0 0 180 0 -0
inside=0 lambda=0.647 phi=30 theta=15
0 180 0 180 0 -180 0 -0 0.100567 14.6629 0 0 0 180 0 180 0 -180
0 -0 0 -0 0 -180 0 180 1.08417 140.042 0 0 0 -0 0 -0 0 -180
0 180 0 -0 0 0 0 -180 0.038066 121.864 0 0 0 -0 0 180 0 -180
0 -0 0 -180 0 0 0 -0 0.103221 -91.7194 0 0 0 180 0 0 0 -180
0 -180 0 -180 0 0 0 -180 0.0390265 121.375 0 0 0 0 0 0 0 -180
0 -0 0 -0 0 180 0 -180 0.0860865 -83.4215 0 0 0 180 0 180 0 -0
0 -180 0 0 0 180 0 -180 0.19867 -30.9316 0 -180 0 -180 0 0 0 -180
0 -0 0 180 0 -0 0 -0 1.30775 136.578 0 -0 0 -0 0 180 0 -0
inside=0 lambda=0.647 phi=30 theta=30
0 180 0 -180 0 -180 0 -0 0.109609 -1.70676 0 0 0 180 0 180 0 -180
0 -0 0 -0 0 -180 0 180 1.12902 138.461 0 0 0 -0 0 -0 0 -180
0 180 0 -180 0 0 0 -180 0.0656902 122.777 0 0 0 -0 0 180 0 -180
0 -0 0 -180 0 180 0 -0 0.166993 -89.5596 0 0 0 180 0 0 0 -0
0 -180 0 -180 0 -0 0 -180 0.0665793 122.578 0 0 0 0 0 0 0 -180
0 -0 0 -0 0 180 0 -180 0.151847 -84.6498 0 0 0 180 0 180 0 -0
0 -180 0 0 0 180 0 -180 0.170314 -25.9755 0 180 0 -180 0 0 0 -180
0 -0 0 180 0 -0 0 -0 1.25801 136.502 0 -0 0 -0 0 180 0 -0
inside=0 lambda=0.647 phi=30 theta=45
0 180 0 -180 0 -180 0 -0 0.135565 -16.612 0 0 0 180 0 180 0 -180
0 -0 0 -0 0 -0 0 180 1.19247 137.14 0 180 0 -0 0 -0 0 -0
0 -180 0 -180 0 0 0 -180 0.076106 123 0 0 0 -0 0 180 0 -180
0 -0 0 -180 0 180 0 -0 0.182082 -86.8706 0 180 0 180 0 0 0 -0
0 -180 0 -180 0 -0 0 -180 0.076106 123 0 180 0 0 0 0 0 -180
0 -0 0 -0 0 180 0 -180 0.182082 -86.8706 0 0 0 180 0 180 0 -0
0 180 0 -0 0 180 0 -180 0.135565 -16.612 0 180 0 -180 0 0 0 -180
0 -0 0 180 0 -0 0 -0 1.19247 137.14 0 -0 0 -0 0 180 0 -0
inside=0 lambda=0.647 phi=35 theta=0
0 180 0 180 0 -180 0.133796 -69.8415 0.102186 8.71535 0 0 0 180 0 180 0 -180
0 -0 0 -0 0 -180 0 180 0.96588 89.8752 0 0 0 -0 0 -0 0 -180
0 180 0 -0 0 0 2.58704e-13 -133.263 7.11205e-13 66.0573 0 -180 0 -0 0 180 0 -180
0 -0 0 180 0 0 0 180 1.28995e-12 -5.0761 0 180 0 180 0 -0 0 -180
0 -180 0 -180 0 0 3.91261e-13 77.1502 4.92039e-13 141.163 0 180 0 0 0 0 0 -180
0 -180 0 -180 0 0 0 -0 8.79182e-13 24.22 0 -180 0 0 0 0 0 -180
0 -180 0 0 0 -180 0.237544 -84.0115 0.0583149 47.6549 0 -180 0 -180 0 0 0 -180
0 -180 0 0 0 -180 0 -180 1.44947 80.8148 0 -180 0 -180 0 0 0 -180
inside=0 lambda=0.647 phi=35 theta=15
0 180 0 180 0 -180 0.101776 -78.0607 0.106642 13.0762 0 0 0 180 0 180 0 -180
0 -0 0 -0 0 -180 0 180 0.996698 87.9689 0 0 0 -0 0 -0 0 -180
0 180 0 -0 0 0 0.0183515 -170.666 0.0237895 -57.2388 0 0 0 -0 0 180 0 -180
0 -0 0 180 0 0 0 -0 0.201083 -146.701 0 0 0 180 0 -0 0 -180
0 -180 0 -180 0 0 0.0579437 -109.981 0.0217476 -50.2953 0 0 0 0 0 0 0 -180
0 -180 0 -180 0 0 0 -180 0.161205 -137.589 0 0 0 0 0 0 0 -180
0 -180 0 0 0 -180 0.210735 -96.2196 0.0720697 49.1302 0 -180 0 -180 0 0 0 -180
0 -180 0 0 0 -180 0 -180 1.41354 80.1588 0 -180 0 -180 0 0 0 -180
inside=0 lambda=0.647 phi=35 theta=30
0 180 0 180 0 -180 0 -0 0.113683 19.7929 0 0 0 180 0 180 0 -180
0 -0 0 -0 0 -180 0 180 1.08406 83.8029 0 0 0 -0 0 -0 0 -180
0 180 0 -0 0 0 0 -180 0.0447943 -64.3812 0 0 0 -0 0 180 0 -180
0 -0 0 180 0 0 0 -0 0.319718 -145.995 0 0 0 180 0 -0 0 -180
0 -180 0 -180 0 0 0 -180 0.0433518 -60.3399 0 180 0 0 0 0 0 -180
0 -180 0 -180 0 0 0 -180 0.28049 -140.312 0 -0 0 0 0 0 0 -180
0 180 0 0 0 180 0 -180 0.0981723 43.533 0 -180 0 -180 0 0 0 -180
0 -0 0 0 0 -0 0 -180 1.32399 79.4248 0 -180 0 -180 0 0 0 -180
inside=0 lambda=0.647 phi=35 theta=45
0 180 0 -180 0 -180 0 -0 0.109123 31.3119 0 0 0 180 0 180 0 -180
0 -0 0 -0 0 -180 0 180 1.19836 80.4941 0 0 0 -0 0 -0 0 -180
0 180 0 -180 0 0 0 -180 0.0504196 -66.0372 0 0 0 -0 0 180 0 -180
0 -0 0 -180 0 0 0 -180 0.338507 -143.237 0 0 0 180 0 -0 0 -180
0 180 0 -180 0 -0 0 -180 0.0504196 -66.0372 0 180 0 0 0 0 0 -180
0 -0 0 -180 0 180 0 -180 0.338507 -143.237 0 -0 0 0 0 0 0 -180
0 180 0 -0 0 180 0 -180 0.109123 31.3119 0 180 0 -180 0 0 0 -180
0 -0 0 180 0 -0 0 -0 1.19836 80.4941 0 -0 0 -180 0 0 0 -180
inside=0 lambda=0.647 phi=40 theta=0
0 180 0 180 0 -180 0.239986 -67.8282 0.169876 -154.696 0 0 0 180 0 180 0 -180
0 -180 0 -0 0 180 0 0 0.771095 31.2049 0 -0 0 -180 0 -0 0 180
0 180 0 -0 0 0 1.9368e-14 -38.5526 1.86857e-13 54.2992 0 -180 0 -0 0 180 0 -180
0 -180 0 180 0 -0 0 -0 2.8602e-13 -3.74224 0 180 0 0 0 -0 0 180
0 -180 0 -180 0 0 2.18864e-13 92.1321 6.58618e-13 116.076 0 -0 0 0 0 0 0 -180
0 180 0 -180 0 0 0 180 7.38115e-13 -88.0829 0 -180 0 -0 0 0 0 -180
0 -180 0 0 0 -180 0.290746 -85.6866 0.487881 12.5405 0 -180 0 -180 0 0 0 -180
0 180 0 0 0 -180 0 180 1.49313 16.7033 0 -180 0 180 0 0 0 -180
inside=0 lambda=0.647 phi=40 theta=15
0 180 0 180 0 -180 0.19792 -79.3567 0.115028 -136.87 0 0 0 180 0 180 0 -180
0 -180 0 -0 0 180 0 0 0.816885 25.5792 0 -0 0 -180 0 -0 0 180
0 180 0 -0 0 0 0.03343 41.1578 0.152531 -161.678 0 0 0 -0 0 180 0 -180
0 -180 0 180 0 -0 0 -180 0.360356 145.535 0 -0 0 0 0 -0 0 180
0 -180 0 -180 0 -0 0.091571 -107.947 0.155339 -162.525 0 180 0 0 0 0 0 -180
0 -180 0 -180 0 0 0 180 0.228438 161.838 0 -0 0 -0 0 -0 0 180
0 -180 0 0 0 180 0.245156 -97.2212 0.455638 9.50123 0 -180 0 -180 0 0 0 -180
0 -180 0 0 0 -180 0 180 1.42933 14.5066 0 -180 0 180 0 -0 0 180
inside=0 lambda=0.647 phi=40 theta=30
0 180 0 180 0 -180 0.077164 -102.093 0.104096 -52.183 0 0 0 180 0 180 0 -180
0 -180 0 -0 0 180 0 0 0.948889 17.0703 0 -0 0 -180 0 -180 0 180
0 180 0 -180 0 0 0.0178741 -47.6686 0.2651 -161.04 0 0 0 -0 0 180 0 -180
0 -180 0 180 0 -0 0 -180 0.513074 148.223 0 -0 0 0 0 -0 0 180
0 180 0 180 0 -0 0.0898783 -140.357 0.265683 -161.57 0 180 0 0 0 0 0 -180
0 -180 0 -180 0 0 0 180 0.394305 157.06 0 -0 0 -0 0 -0 0 180
0 180 0 -0 0 180 0.165253 -132.017 0.3601 1.03536 0 180 0 -180 0 0 0 -180
0 -180 0 0 0 -180 0 -180 1.28798 12.2426 0 -180 0 180 0 -0 0 180
inside=0 lambda=0.647 phi=40 theta=45
0 180 0 180 0 -180 0 -0 0.224403 -14.88 0 0 0 180 0 180 0 -180
0 -180 0 -180 0 180 0 0 1.11729 12.326 0 -0 0 -180 0 -180 0 180
0 180 0 -180 0 0 0 180 0.312072 -162.093 0 0 0 -0 0 180 0 -180
0 -180 0 180 0 -0 0 -180 0.492299 152.341 0 -0 0 0 0 -0 0 180
0 180 0 180 0 -0 0 -180 0.312072 -162.093 0 180 0 0 0 0 0 -180
0 -180 0 -180 0 0 0 180 0.492299 152.341 0 -0 0 -0 0 -0 0 180
0 180 0 -0 0 180 0 180 0.224403 -14.88 0 180 0 -180 0 0 0 -180
0 -180 0 0 0 -180 0 -180 1.11729 12.326 0 -180 0 180 0 -0 0 180
inside=0 lambda=0.647 phi=45 theta=0
0 -0 0 0 0 -180 0.640153 14.0153 0.736756 85.3901 0 0 0 -0 0 0 0 -180
0 -180 0 -180 0 0 0 0 0 0 0 -180 0 -180 0 -180 0 0
0 -0 0 -180 0 0 8.93949e-13 -8.16624 1.22526e-12 174.729 0 0 0 180 0 0 0 -180
0 -180 0 0 0 -180 0 0 0 -180 0 0 0 0 0 -180 0 0
0 -0 0 180 0 -0 3.13094e-12 9.10133 2.17221e-12 159.836 0 180 0 180 0 -0 0 180
0 180 0 180 0 -0 0 -180 0 -0 0 0 0 -0 0 -0 0 180
0 -0 0 -180 0 180 0.648833 15.8459 0.789086 -99.8553 0 180 0 -0 0 -180 0 180
0 180 0 -0 0 180 0 180 0 -0 0 180 0 180 0 -0 0 180
inside=0 lambda=0.647 phi=45 theta=15
0 -180 0 -180 0 -180 0.410713 -9.04878 0.852741 71.2354 0 0 0 -0 0 0 0 -180
0 -180 0 -180 0 0 0 0 0 0 0 -180 0 -180 0 -180 0 0
0 -180 0 -180 0 0 0.140773 -164.725 0.133247 46.772 0 0 0 0 0 0 0 -180
0 -180 0 0 0 -180 0 -180 0 0 0 -180 0 0 0 -180 0 0
0 -0 0 -180 0 180 0.206202 -47.6244 0.234614 38.4535 0 0 0 180 0 0 0 -180
0 180 0 180 0 -0 0 0 0 0 0 -180 0 -180 0 -180 0 0
0 -0 0 180 0 -0 0.665414 -31.5344 0.762567 172.945 0 -180 0 -0 0 0 0 -180
0 180 0 -0 0 180 0 0 0 -180 0 180 0 0 0 -180 0 0
inside=0 lambda=0.647 phi=45 theta=30
0 -180 0 -180 0 -180 0.158034 -53.7486 0.956705 62.0875 0 0 0 -180 0 -180 0 -180
0 -180 0 -180 0 0 0 0 0 -180 0 -180 0 180 0 -180 0 0
0 -180 0 -180 0 0 0.124162 -153.902 0.0836111 -5.25083 0 0 0 0 0 0 0 -180
0 -180 0 0 0 -180 0 -180 0 0 0 -180 0 -0 0 -180 0 0
0 -180 0 -180 0 0 0.167494 -115.671 0.171046 -10.6859 0 0 0 0 0 0 0 -180
0 180 0 0 0 -180 0 0 0 0 0 -180 0 -180 0 -180 0 0
0 -180 0 0 0 -0 0.382023 -100.224 0.951537 89.4628 0 -180 0 -180 0 0 0 -180
0 -180 0 -0 0 0 0 180 0 -180 0 0 0 0 0 -180 0 0
inside=0 lambda=0.647 phi=45 theta=45
0 -180 0 -180 0 -180 0 0 0.99358 65.6238 0 0 0 -180 0 -180 0 -180
0 -180 0 -180 0 0 0 0 0 -180 0 -180 0 0 0 180 0 0
0 -180 0 -180 0 0 0 -180 0.113129 -24.3762 0 0 0 0 0 0 0 -180
0 -180 0 0 0 -180 0 -180 0 0 0 -180 0 -180 0 -180 0 0
0 -180 0 -180 0 0 0 -180 0.113129 -24.3762 0 0 0 0 0 0 0 -180
0 -180 0 -180 0 -180 0 0 0 0 0 -180 0 -180 0 -180 0 0
0 -180 0 0 0 -180 0 -180 0.99358 65.6238 0 -180 0 -180 0 0 0 -180
0 -180 0 0 0 0 0 -180 0 -180 0 180 0 0 0 -180 0 0
inside=1 lambda=0.647 phi=0 theta=0
0 -180 0 -180 0 -180 0 0 0.0634815 37.2949 0 0 0 -180 0 -180 0 -180
0 0 0 0 0 0 0 -180 0.826895 -80.1993 0 -180 0 0 0 0 0 0
0 -180 0 0 0 0 0 180 5.10022e-13 -170.104 0 -180 0 0 0 -0 0 -180
0 0 0 180 0 -180 0 -180 1.28065e-12 -11.8764 0 -180 0 -180 0 180 0 0
0 -180 0 -180 0 0 0 0 6.82717e-13 95.5697 0 0 0 0 0 180 0 -180
0 0 0 0 0 -180 0 -180 1.62496e-12 13.817 0 0 0 -180 0 0 0 0
0 -180 0 0 0 -180 0 -180 0.0634815 37.2949 0 -180 0 -180 0 0 0 -180
0 0 0 -180 0 0 0 0 0.826895 -80.1993 0 0 0 0 0 -180 0 0
inside=1 lambda=0.647 phi=0 theta=15
0 -180 0 -180 0 -180 0 0 0.0634815 37.2949 0 0 0 -180 0 -180 0 -180
0 0 0 0 0 0 0 -180 0.826895 -80.1993 0 -180 0 0 0 0 0 0
0 -180 0 0 0 0 0 180 5.10022e-13 -170.104 0 -180 0 0 0 -0 0 -180
0 0 0 180 0 -180 0 -180 1.28065e-12 -11.8764 0 -180 0 -180 0 180 0 0
0 -180 0 -180 0 0 0 0 6.82717e-13 95.5697 0 0 0 0 0 180 0 -180
0 0 0 0 0 -180 0 -180 1.62496e-12 13.817 0 0 0 -180 0 0 0 0
0 -180 0 0 0 -180 0 -180 0.0634815 37.2949 0 -180 0 -180 0 0 0 -180
0 0 0 -180 0 0 0 0 0.826895 -80.1993 0 0 0 0 0 -180 0 0
inside=1 lambda=0.647 phi=0 theta=30
0 -180 0 -180 0 -180 0 0 0.0634815 37.2949 0 0 0 -180 0 -180 0 -180
0 0 0 0 0 0 0 -180 0.826895 -80.1993 0 -180 0 0 0 0 0 0
0 -180 0 0 0 0 0 180 5.10022e-13 -170.104 0 -180 0 0 0 -0 0 -180
0 0 0 180 0 -180 0 -180 1.28065e-12 -11.8764 0 -180 0 -180 0 180 0 0
0 -180 0 -180 0 0 0 0 6.82717e-13 95.5697 0 0 0 0 0 180 0 -180
0 0 0 0 0 -180 0 -180 1.62496e-12 13.817 0 0 0 -180 0 0 0 0
0 -180 0 0 0 -180 0 -180 0.0634815 37.2949 0 -180 0 -180 0 0 0 -180
0 0 0 -180 0 0 0 0 0.826895 -80.1993 0 0 0 0 0 -180 0 0
inside=1 lambda=0.647 phi=0 theta=45
0 -180 0 -180 0 -180 0 0 0.0634815 37.2949 0 0 0 -180 0 -180 0 -180
0 0 0 0 0 0 0 -180 0.826895 -80.1993 0 -180 0 0 0 0 0 0
0 -180 0 0 0 0 0 180 5.10022e-13 -170.104 0 -180 0 0 0 -0 0 -180
0 0 0 180 0 -180 0 -180 1.28065e-12 -11.8764 0 -180 0 -180 0 180 0 0
0 -180 0 -180 0 0 0 0 6.82717e-13 95.5697 0 0 0 0 0 180 0 -180
0 0 0 0 0 -180 0 -180 1.62496e-12 13.817 0 0 0 -180 0 0 0 0
0 -180 0 0 0 -180 0 -180 0.0634815 37.2949 0 -180 0 -180 0 0 0 -180
0 0 0 -180 0 0 0 0 0.826895 -80.1993 0 0 0 0 0 -180 0 0
inside=1 lambda=0.647 phi=5 theta=0
0 -180 0 -180 0 -180 0 0 0.0609136 30.5861 0 0 0 -180 0 -180 0 -180
0 0 0 0 0 0 0 -180 0.827863 -82.0251 0 -180 0 0 0 0 0 0
0 -180 0 -0 0 0 0 -0 5.57925e-13 -104.223 0 180 0 0 0 180 0 -180
0 0 0 0 0 -180 0 -180 1.5253e-12 -167.734 0 180 0 -180 0 -180 0 0
0 -180 0 -180 0 0 0 -180 7.0541e-13 -91.9797 0 -180 0 0 0 0 0 -180
0 0 0 0 0 -180 0 -180 1.58714e-12 -169.896 0 0 0 -180 0 -180 0 0
0 -180 0 0 0 -180 0 -180 0.0609378 30.6208 0 -180 0 -180 0 0 0 -180
0 0 0 -180 0 0 0 0 0.826192 -82.0758 0 0 0 0 0 -180 0 0
inside=1 lambda=0.647 phi=5 theta=15
0 -180 0 -180 0 -180 0 0 0.0609152 30.5882 0 0 0 -180 0 -180 0 -180
0 0 0 0 0 0 0 -180 0.827751 -82.0285 0 -180 0 0 0 0 0 0
0 -180 0 -0 0 0 0 -180 7.05128e-05 132.845 0 0 0 0 0 180 0 -180
0 0 0 0 0 -180 0 0 0.000601085 -36.1481 0 -180 0 -180 0 -180 0 0
0 -180 0 -180 0 0 0 -0 6.99978e-05 132.887 0 180 0 0 0 0 0 -180
0 0 0 0 0 -180 0 0 0.000600176 -36.2237 0 -180 0 -180 0 -180 0 0
0 -180 0 0 0 -180 0 -180 0.0609362 30.6183 0 -180 0 -180 0 0 0 -180
0 0 0 -180 0 0 0 0 0.826304 -82.0724 0 0 0 0 0 -180 0 0
inside=1 lambda=0.647 phi=5 theta=30
0 -180 0 -180 0 -180 0 0 0.0609196 30.5942 0 0 0 -180 0 -180 0 -180
0 0 0 0 0 0 0 -180 0.827445 -82.0378 0 -180 0 0 0 0 0 0
0 -180 0 -0 0 0 0 -180 0.000121943 132.854 0 0 0 0 0 180 0 -180
0 0 0 0 0 -180 0 0 0.00104078 -36.1642 0 -180 0 -180 0 -180 0 0
0 -180 0 -180 0 0 0 -0 0.000121428 132.878 0 180 0 0 0 0 0 -180
0 0 0 0 0 -180 0 0 0.00103987 -36.2078 0 -180 0 -180 0 -180 0 0
0 -180 0 0 0 -180 0 -180 0.0609317 30.6116 0 -180 0 -180 0 0 0 -180
0 0 0 -180 0 0 0 0 0.82661 -82.0631 0 0 0 0 0 -180 0 0
inside=1 lambda=0.647 phi=5 theta=45
0 -180 0 -180 0 -180 0 0 0.0609257 30.6027 0 0 0 -180 0 -180 0 -180
0 0 0 0 0 0 0 -180 0.827027 -82.0504 0 -180 0 0 0 0 0 0
0 -180 0 -0 0 0 0 -180 0.00014051 132.866 0 0 0 0 0 180 0 -180
0 0 0 0 0 -180 0 0 0.00120126 -36.1861 0 -180 0 -180 0 -180 0 0
0 -180 0 -180 0 0 0 -0 0.00014051 132.866 0 180 0 0 0 0 0 -180
0 0 0 0 0 -180 0 0 0.00120126 -36.1861 0 -180 0 -180 0 -180 0 0
0 -180 0 0 0 -180 0 -180 0.0609257 30.6027 0 -180 0 -180 0 0 0 -180
0 0 0 -180 0 0 0 0 0.827027 -82.0504 0 0 0 0 0 -180 0 0
inside=1 lambda=0.647 phi=10 theta=0
0 -180 0 -180 0 -180 0 0 0.0559229 8.77338 0 0 0 -180 0 -180 0 -180
0 0 0 0 0 0 0 -180 0.830649 -87.4746 0 -180 0 0 0 0 0 0
0 -180 0 -0 0 0 0 -0 2.39562e-13 -157.585 0 180 0 0 0 180 0 -180
0 0 0 0 0 -180 0 180 1.31779e-12 176.454 0 0 0 -180 0 -180 0 0
0 -180 0 -180 0 0 0 -180 2.77415e-13 -105.946 0 -180 0 0 0 0 0 -180
0 0 0 0 0 -180 0 180 6.39226e-13 -169.111 0 0 0 -180 0 -180 0 0
0 -180 0 0 0 -180 0 -180 0.0558638 8.16239 0 -180 0 -180 0 0 0 -180
0 0 0 -180 0 0 0 0 0.823908 -87.6861 0 0 0 0 0 -180 0 0
inside=1 lambda=0.647 phi=10 theta=15
0 -180 0 -180 0 -180 0 0 0.0559191 8.72959 0 0 0 -180 0 -180 0 -180
0 0 0 0 0 0 0 -180 0.830195 -87.4887 0 -180 0 0 0 0 0 0
0 -180 0 -0 0 0 0 -180 0.000445794 107.241 0 0 0 0 0 180 0 -180
0 0 0 0 0 -180 0 0 0.00245432 -41.0883 0 -180 0 -180 0 -180 0 0
0 -180 0 -180 0 0 0 -0 0.000437925 107.113 0 180 0 0 0 0 0 -180
0 0 0 0 0 -180 0 0 0.00243928 -41.3846 0 -180 0 -180 0 -180 0 0
0 -180 0 0 0 -180 0 -180 0.0558679 8.20043 0 -180 0 -180 0 0 0 -180
0 0 0 -180 0 0 0 0 0.824357 -87.6718 0 0 0 0 0 -180 0 0
inside=1 lambda=0.647 phi=10 theta=30
0 -180 0 -180 0 -180 0 0 0.0559086 8.61205 0 0 0 -180 0 -180 0 -180
0 0 0 0 0 0 0 -180 0.828958 -87.5272 0 -180 0 0 0 0 0 0
0 -180 0 -0 0 0 0 -180 0.000769227 107.213 0 0 0 0 0 180 0 -180
0 0 0 0 0 -180 0 0 0.00424534 -41.1527 0 -180 0 -180 0 -180 0 0
0 -180 0 -180 0 0 0 -0 0.000761359 107.139 0 180 0 0 0 0 0 -180
0 0 0 0 0 -180 0 0 0.0042303 -41.3238 0 -180 0 -180 0 -180 0 0
0 -180 0 0 0 -180 0 -180 0.0558791 8.3065 0 -180 0 -180 0 0 0 -180
0 0 0 -180 0 0 0 0 0.825587 -87.633 0 0 0 0 0 -180 0 0
inside=1 lambda=0.647 phi=10 theta=45
0 -180 0 -180 0 -180 0 0 0.055894 8.4564 0 0 0 -180 0 -180 0 -180
0 0 0 0 0 0 0 -180 0.82727 -87.58 0 -180 0 0 0 0 0 0
0 -180 0 -0 0 0 0 -180 0.000883668 107.175 0 0 0 0 0 180 0 -180
0 0 0 0 0 -180 0 0 0.00489332 -41.2391 0 -180 0 -180 0 -180 0 0
0 -180 0 -180 0 0 0 -0 0.000883668 107.175 0 180 0 0 0 0 0 -180
0 0 0 0 0 -180 0 0 0.00489332 -41.2391 0 -180 0 -180 0 -180 0 0
0 -180 0 0 0 -180 0 -180 0.055894 8.4564 0 -180 0 -180 0 0 0 -180
0 0 0 -180 0 0 0 0 0.82727 -87.58 0 0 0 0 0 -180 0 0
inside=1 lambda=0.647 phi=15 theta=0
0 -180 0 -180 0 -180 0 0 0.0573339 -28.2817 0 0 0 -180 0 -180 0 -180
0 0 0 0 0 0 0 -180 0.834944 -96.4557 0 -180 0 0 0 0 0 0
0 -180 0 -0 0 0 0 -0 3.79523e-13 -123.115 0 0 0 0 0 180 0 -180
0 0 0 -0 0 -180 0 -180 1.20083e-12 173.847 0 -0 0 -180 0 180 0 0
0 -180 0 -180 0 0 0 -0 3.71934e-13 -124.269 0 -180 0 0 0 0 0 -180
0 0 0 0 0 -180 0 -0 1.25303e-12 171.754 0 180 0 -180 0 -180 0 0
0 -180 0 0 0 -180 0 -180 0.0589089 -32.1723 0 -180 0 -180 0 0 0 -180
0 0 0 -180 0 0 0 0 0.81946 -96.9654 0 0 0 0 0 -180 0 0
inside=1 lambda=0.647 phi=15 theta=15
0 -180 0 -180 0 -180 0 0 0.0574355 -28.5619 0 0 0 -180 0 -180 0 -180
0 0 0 0 0 0 0 -180 0.833895 -96.4895 0 -180 0 0 0 0 0 0
0 -180 0 -0 0 0 0 -180 0.00170649 85.2598 0 0 0 0 0 180 0 -180
0 0 0 -0 0 -180 0 0 0.00572789 -49.5014 0 -180 0 -180 0 180 0 0
0 -180 0 -180 0 0 0 -0 0.00166881 85.1214 0 180 0 0 0 0 0 -180
0 0 0 0 0 -180 0 -0 0.00564807 -50.145 0 180 0 -180 0 -180 0 0
0 -180 0 0 0 -180 0 -180 0.0588008 -31.9311 0 -180 0 -180 0 0 0 -180
0 0 0 -180 0 0 0 0 0.820486 -96.9309 0 0 0 0 0 -180 0 0
inside=1 lambda=0.647 phi=15 theta=30
0 -180 0 -180 0 -180 0 0 0.0577169 -29.3129 0 0 0 -180 0 -180 0 -180
0 0 0 0 0 0 0 -180 0.831039 -96.582 0 -180 0 0 0 0 0 0
0 -180 0 -0 0 0 0 -180 0.00294163 85.226 0 0 0 0 0 180 0 -180
0 0 0 -0 0 -180 0 0 0.00988981 -49.6463 0 -180 0 -180 0 180 0 0
0 -180 0 -180 0 0 0 -0 0.00290398 85.1462 0 180 0 0 0 0 0 -180
0 0 0 0 0 -180 0 -0 0.00981006 -50.0178 0 180 0 -180 0 -180 0 0
0 -180 0 0 0 -180 0 -180 0.0585066 -31.2579 0 -180 0 -180 0 0 0 -180
0 0 0 -180 0 0 0 0 0.823297 -96.8368 0 0 0 0 0 -180 0 0
inside=1 lambda=0.647 phi=15 theta=45
0 -180 0 -180 0 -180 0 0 0.0581085 -30.3049 0 0 0 -180 0 -180 0 -180
0 0 0 0 0 0 0 -180 0.827157 -96.709 0 -180 0 0 0 0 0 0
0 -180 0 -0 0 0 0 -180 0.00337479 85.1838 0 0 0 0 0 180 0 -180
0 0 0 -0 0 -180 0 0 0.0113726 -49.8365 0 -180 0 -180 0 180 0 0
0 -180 0 -180 0 0 0 -0 0.00337479 85.1838 0 180 0 0 0 0 0 -180
0 0 0 0 0 -180 0 -0 0.0113726 -49.8365 0 180 0 -180 0 -180 0 0
0 -180 0 0 0 -180 0 -180 0.0581085 -30.3049 0 -180 0 -180 0 0 0 -180
0 0 0 -180 0 0 0 0 0.827157 -96.709 0 0 0 0 0 -180 0 0
inside=1 lambda=0.647 phi=20 theta=0
0 -180 0 -180 0 -180 0 0 0.0728617 -68.2607 0 0 0 -180 0 -180 0 -180
0 0 0 0 0 0 0 -180 0.840468 -108.797 0 -180 0 0 0 0 0 0
0 -180 0 -0 0 0 0 180 8.64691e-14 -152.614 0 -0 0 0 0 180 0 -180
0 0 0 -0 0 -180 0 0 7.43485e-14 -32.4464 0 180 0 -180 0 180 0 0
0 -180 0 -180 0 0 0 180 9.21261e-14 -57.689 0 180 0 0 0 0 0 -180
0 0 0 0 0 -180 0 -180 1.0079e-13 -47.9759 0 -0 0 -180 0 -180 0 0
0 -180 0 0 0 -180 0 -180 0.0839656 -75.1053 0 -180 0 -180 0 0 0 -180
0 0 0 -180 0 0 0 0 0.811786 -109.778 0 0 0 0 0 -180 0 0
inside=1 lambda=0.647 phi=20 theta=15
0 -180 0 -180 0 -180 0 0 0.0735872 -68.814 0 0 0 -180 0 -180 0 -180
0 0 0 0 0 0 0 -180 0.838505 -108.862 0 -180 0 0 0 0 0 0
0 -180 0 -0 0 0 0 -180 0.00476362 65.4126 0 0 0 0 0 180 0 -180
0 0 0 -0 0 -180 0 0 0.0107292 -61.6698 0 -180 0 -180 0 180 0 0
0 -180 0 -180 0 0 0 -0 0.00464727 65.6292 0 180 0 0 0 0 0 -180
0 0 0 0 0 -180 0 -0 0.0104643 -62.7604 0 180 0 -180 0 -180 0 0
0 -180 0 0 0 -180 0 -180 0.0832135 -74.732 0 -180 0 -180 0 0 0 -180
0 0 0 -180 0 0 0 0 0.813666 -109.711 0 0 0 0 0 -180 0 0
inside=1 lambda=0.647 phi=20 theta=30
0 -180 0 -180 0 -180 0 0 0.0755893 -70.2497 0 0 0 -180 0 -180 0 -180
0 0 0 0 0 0 0 -180 0.833174 -109.038 0 -180 0 0 0 0 0 0
0 -180 0 -0 0 0 0 -180 0.00820645 65.4497 0 0 0 0 0 180 0 -180
0 0 0 -0 0 -180 0 0 0.0184747 -61.9287 0 -180 0 -180 0 180 0 0
0 -180 0 -180 0 0 0 -0 0.00809036 65.575 0 180 0 0 0 0 0 -180
0 0 0 0 0 -180 0 -0 0.0182106 -62.558 0 180 0 -180 0 -180 0 0
0 -180 0 0 0 -180 0 -180 0.0811586 -73.6554 0 -180 0 -180 0 0 0 -180
0 0 0 -180 0 0 0 0 0.818833 -109.529 0 0 0 0 0 -180 0 0
inside=1 lambda=0.647 phi=20 theta=45
0 -180 0 -180 0 -180 0 0 0.0783608 -72.0421 0 0 0 -180 0 -180 0 -180
0 0 0 0 0 0 0 -180 0.825963 -109.282 0 -180 0 0 0 0 0 0
0 -180 0 -0 0 0 0 -180 0.009408 65.5081 0 0 0 0 0 180 0 -180
0 0 0 -0 0 -180 0 0 0.0211738 -62.2574 0 -180 0 -180 0 180 0 0
0 -180 0 -180 0 0 0 -0 0.009408 65.5081 0 180 0 0 0 0 0 -180
0 0 0 0 0 -180 0 -0 0.0211738 -62.2574 0 180 0 -180 0 -180 0 0
0 -180 0 0 0 -180 0 -180 0.0783608 -72.0421 0 -180 0 -180 0 0 0 -180
0 0 0 -180 0 0 0 0 0.825963 -109.282 0 0 0 0 0 -180 0 0
inside=1 lambda=0.647 phi=25 theta=0
0 180 0 180 0 -180 0 0 0.0966902 -102.394 0 0 0 180 0 180 0 -180
0 0 0 0 0 0 0 -180 0.847427 -124.243 0 -180 0 0 0 0 0 0
0 180 0 -0 0 0 0 -0 4.6734e-13 -172.588 0 0 0 -0 0 180 0 -180
0 0 0 -0 0 -180 0 -180 1.32069e-12 141.309 0 0 0 -180 0 180 0 0
0 -180 0 -180 0 0 0 -0 3.17295e-13 -159.142 0 180 0 0 0 0 0 -180
0 0 0 0 0 -180 0 0 1.17086e-12 138.281 0 -180 0 -180 0 -180 0 0
0 -180 0 0 0 -180 0 -180 0.1292 -109.112 0 -180 0 -180 0 0 0 -180
0 0 0 -180 0 0 0 0 0.799572 -125.874 0 0 0 0 0 -180 0 0
inside=1 lambda=0.647 phi=25 theta=15
0 180 0 -180 0 -180 0 0 0.0988512 -103.046 0 0 0 180 0 180 0 -180
0 0 0 0 0 -0 0 -180 0.844108 -124.348 0 -180 0 0 0 0 0 0
0 -180 0 -0 0 0 0 -180 0.0104614 45.0301 0 0 0 -0 0 180 0 -180
0 0 0 -0 0 -180 0 0 0.0178308 -77.8208 0 -180 0 -180 0 180 0 0
0 -180 0 -180 0 0 0 -0 0.010187 45.9729 0 180 0 0 0 0 0 -180
0 0 0 0 0 -180 0 -0 0.017161 -79.4531 0 180 0 -180 0 -180 0 0
0 -180 0 0 0 -180 0 -180 0.127037 -108.824 0 -180 0 -180 0 0 0 -180
0 0 0 -180 0 0 0 0 0.802664 -125.76 0 0 0 0 0 -180 0 0
inside=1 lambda=0.647 phi=25 theta=30
0 -180 0 -180 0 -180 0 0 0.104789 -104.65 0 0 0 180 0 180 0 -180
0 0 0 0 0 -0 0 -180 0.835125 -124.637 0 -180 0 0 0 0 0 0
0 -180 0 -0 0 0 0 -180 0.0180112 45.2212 0 0 0 -0 0 180 0 -180
0 0 0 -0 0 -180 0 0 0.0305908 -78.2369 0 -180 0 -180 0 180 0 0
0 -180 0 -180 0 0 0 -0 0.0177386 45.764 0 180 0 0 0 0 0 -180
0 0 0 0 0 -180 0 -0 0.0299258 -79.1782 0 180 0 -180 0 -180 0 0
0 -180 0 0 0 180 0 -180 0.121097 -107.939 0 -180 0 -180 0 0 0 -180
0 0 0 -180 0 0 0 0 0.811198 -125.453 0 0 0 0 0 -180 0 0
inside=1 lambda=0.647 phi=25 theta=45
0 -180 0 -180 0 -180 0 0 0.112943 -106.472 0 0 0 180 0 -180 0 -180
0 0 0 0 0 0 0 -180 0.82305 -125.04 0 -180 0 0 0 0 0 0
0 -180 0 -0 0 0 0 -180 0.020636 45.4883 0 0 0 -0 0 180 0 -180
0 0 0 -0 0 -180 0 0 0.0349133 -78.7425 0 -180 0 -180 0 180 0 0
0 -180 0 -180 0 -0 0 -0 0.020636 45.4883 0 180 0 0 0 0 0 -180
0 0 0 0 0 -180 0 -0 0.0349133 -78.7425 0 180 0 -180 0 -180 0 0
0 -180 0 0 0 180 0 -180 0.112943 -106.472 0 -180 0 -180 0 0 0 -180
0 0 0 -180 0 0 0 0 0.82305 -125.04 0 0 0 0 0 -180 0 0
inside=1 lambda=0.647 phi=30 theta=0
0 180 0 180 0 -180 0 0 0.116718 -133.842 0 0 0 180 0 180 0 -180
0 0 0 0 0 -0 0 -180 0.856982 -142.476 0 180 0 0 0 0 0 -0
0 180 0 -0 0 0 0 -0 2.65235e-13 -12.069 0 180 0 -0 0 180 0 -180
0 0 0 -0 0 180 0 -0 1.03165e-12 -53.594 0 -0 0 -180 0 180 0 -0
0 -180 0 -180 0 0 0 180 3.78601e-13 -30.8787 0 -0 0 0 0 0 0 -180
0 -0 0 -0 0 -180 0 180 1.00665e-12 -55.6093 0 -0 0 180 0 180 0 0
0 -180 0 0 0 -180 0 -180 0.182876 -138.276 0 -180 0 -180 0 0 0 -180
0 -0 0 180 0 0 0 -0 0.7822 -144.847 0 0 0 -0 0 180 0 0
inside=1 lambda=0.647 phi=30 theta=15
0 180 0 180 0 -180 0 0 0.121158 -134.425 0 0 0 180 0 180 0 -180
0 0 0 0 0 -0 0 -180 0.851726 -142.624 0 180 0 0 0 0 0 -0
0 180 0 -0 0 0 0 -180 0.0188372 23.2848 0 0 0 -0 0 180 0 -180
0 0 0 -0 0 180 0 0 0.0272302 -97.7587 0 180 0 -180 0 180 0 -0
0 -180 0 -180 0 0 0 -0 0.0183356 25.4234 0 180 0 0 0 0 0 -180
0 0 0 0 0 -180 0 -0 0.0258273 -100.088 0 180 0 180 0 180 0 0
0 -180 0 0 0 -180 0 -180 0.178516 -138.19 0 -180 0 -180 0 0 0 -180
0 0 0 -180 0 0 0 -0 0.786965 -144.677 0 0 0 -0 0 180 0 -0
inside=1 lambda=0.647 phi=30 theta=30
0 180 0 -180 0 -180 0 0 0.133321 -135.742 0 0 0 180 0 180 0 -180
0 0 0 0 0 -0 0 -180 0.837557 -143.035 0 180 0 0 0 0 0 -0
0 -180 0 -0 0 0 0 -180 0.032417 23.7462 0 0 0 -0 0 180 0 -180
0 0 0 -0 0 180 0 0 0.0464984 -98.4064 0 180 0 -180 0 180 0 -0
0 -180 0 -180 0 -0 0 -0 0.0319244 24.9696 0 180 0 0 0 0 0 -180
0 0 0 0 0 -180 0 -0 0.0451167 -99.749 0 180 0 180 0 180 0 -0
0 -180 0 0 0 180 0 -180 0.166505 -137.832 0 -180 0 -180 0 0 0 -180
0 0 0 -180 0 0 0 -0 0.800168 -144.219 0 0 0 -0 0 180 0 -0
inside=1 lambda=0.647 phi=30 theta=45
0 -180 0 -180 0 -180 0 0 0.14995 -137.019 0 0 0 180 0 180 0 -180
0 0 0 0 0 -0 0 -180 0.818625 -143.615 0 180 0 0 0 0 0 -0
0 -180 0 -0 0 0 0 -180 0.0371344 24.3604 0 0 0 -0 0 180 0 -180
0 0 0 -0 0 180 0 0 0.0528141 -99.1532 0 180 0 -180 0 180 0 -0
0 -180 0 -180 0 -0 0 -0 0.0371344 24.3604 0 180 0 0 0 0 0 -180
0 0 0 0 0 -180 0 -0 0.0528141 -99.1532 0 180 0 180 0 180 0 -0
0 -180 0 0 0 180 0 -180 0.14995 -137.019 0 180 0 -180 0 0 0 -180
0 0 0 -180 0 0 0 0 0.818625 -143.615 0 0 0 -0 0 180 0 -0
inside=1 lambda=0.647 phi=35 theta=0
0 180 0 180 0 -180 0 0 0.12307 -167.125 0 0 0 180 0 180 0 -180
0 0 0 0 0 -0 0 -180 0.871039 -163.172 0 180 0 0 0 0 0 -0
0 180 0 -0 0 0 0 -0 1.1189e-13 151.487 0 0 0 -0 0 180 0 -180
0 0 0 -0 0 180 0 0 2.95031e-13 98.7649 0 180 0 -180 0 180 0 -0
0 -180 0 -180 0 0 0 -0 1.60301e-13 -108.924 0 180 0 0 0 0 0 -180
0 -0 0 -0 0 180 0 -180 2.693e-13 -79.7608 0 -0 0 180 0 180 0 -0
0 -180 0 0 0 -180 0 -180 0.2299 -166.181 0 -180 0 -180 0 0 0 -180
0 -0 0 180 0 -0 0 -0 0.761222 -166.171 0 -0 0 -0 0 180 0 -0
inside=1 lambda=0.647 phi=35 theta=15
0 180 0 180 0 -180 0 0 0.130229 -167.282 0 0 0 180 0 180 0 -180
0 0 0 0 0 -0 0 -180 0.863255 -163.355 0 180 0 0 0 0 0 -0
0 180 0 -0 0 0 0 -180 0.028271 0.251622 0 0 0 -0 0 180 0 -180
0 0 0 -0 0 180 0 -0 0.0387142 -120.553 0 180 0 -180 0 180 0 -0
0 -180 0 -180 0 0 0 -0 0.0276485 4.3062 0 0 0 0 0 0 0 -180
0 -0 0 -0 0 180 0 -0 0.0361404 -123.891 0 180 0 180 0 180 0 -0
0 -180 0 0 0 -180 0 -180 0.222865 -166.425 0 -180 0 -180 0 0 0 -180
0 -0 0 180 0 -0 0 -0 0.768153 -165.948 0 -0 0 -0 0 180 0 -0
inside=1 lambda=0.647 phi=35 theta=30
0 180 0 -180 0 -180 0 0 0.14984 -167.504 0 0 0 180 0 180 0 -180
0 0 0 -0 0 -0 0 -180 0.842335 -163.861 0 180 0 0 0 0 0 -0
0 -180 0 -0 0 0 0 -180 0.0486803 1.17777 0 0 0 -0 0 180 0 -180
0 0 0 -0 0 180 0 -0 0.0657047 -121.572 0 180 0 -180 0 180 0 -0
0 -180 0 -180 0 -0 0 -0 0.0480913 3.47085 0 0 0 0 0 0 0 -180
0 -0 0 -0 0 -180 0 -0 0.0632064 -123.495 0 180 0 180 0 180 0 -0
0 -180 0 0 0 180 0 -180 0.203436 -166.964 0 -180 0 -180 0 0 0 -180
0 0 0 180 0 0 0 -0 0.787432 -165.355 0 -0 0 -0 0 180 0 -0
inside=1 lambda=0.647 phi=35 theta=45
0 -180 0 -180 0 -180 0 0 0.176671 -167.414 0 0 0 180 0 180 0 -180
0 0 0 -0 0 -0 0 -180 0.814488 -164.585 0 180 0 0 0 0 0 -0
0 -180 0 -0 0 0 0 -180 0.0558442 2.34968 0 0 0 -0 0 0 0 -180
0 0 0 -0 0 180 0 -0 0.0742223 -122.683 0 180 0 -180 0 180 0 -0
0 -180 0 -180 0 -0 0 -0 0.0558442 2.34968 0 0 0 0 0 0 0 -180
0 0 0 -0 0 -180 0 -0 0.0742223 -122.683 0 180 0 180 0 180 0 -0
0 -180 0 0 0 180 0 -180 0.176671 -167.414 0 180 0 -180 0 0 0 -180
0 0 0 -180 0 0 0 -0 0.814488 -164.585 0 0 0 -0 0 180 0 -0
inside=1 lambda=0.647 phi=40 theta=0
0 180 0 180 0 -180 0 0 0.113372 152.944 0 0 0 180 0 180 0 -180
0 0 0 0 0 -0 0 180 0.890996 174.007 0 180 0 0 0 0 0 -0
0 180 0 -0 0 0 0 -0 5.34366e-13 -157.447 0 0 0 -0 0 180 0 -180
0 0 0 -180 0 180 0 -180 8.02638e-13 85.7836 0 180 0 -180 0 0 0 -0
0 -180 0 -180 0 0 0 180 3.00921e-13 141.859 0 -180 0 0 0 0 0 -180
0 -0 0 -0 0 180 0 180 5.10634e-13 121.153 0 0 0 180 0 180 0 -0
0 -180 0 0 0 -180 0 -180 0.252235 165.715 0 -180 0 -180 0 0 0 -180
0 -0 0 180 0 -0 0 -0 0.74079 170.636 0 -0 0 -0 0 180 0 -0
inside=1 lambda=0.647 phi=40 theta=15
0 180 0 180 0 -180 0 0 0.122248 154.197 0 0 0 180 0 180 0 -180
0 0 0 -0 0 -0 0 180 0.880313 173.79 0 180 0 0 0 0 0 -0
0 180 0 -0 0 0 0 -180 0.034929 -23.9084 0 0 0 -0 0 0 0 -180
0 0 0 -180 0 180 0 -0 0.0519203 -144.543 0 180 0 -180 0 0 0 -0
0 -180 0 -180 0 0 0 -0 0.0348734 -16.6869 0 0 0 0 0 0 0 -180
0 -0 0 -0 0 180 0 -180 0.0474929 -149.419 0 180 0 180 0 180 0 -0
0 -180 0 0 0 -180 0 -180 0.24292 164.906 0 -180 0 -180 0 0 0 -180
0 -0 0 180 0 -0 0 -0 0.750235 170.882 0 -0 0 -0 0 180 0 -0
inside=1 lambda=0.647 phi=40 theta=30
0 180 0 180 0 -180 0 0 0.147036 156.976 0 0 0 180 0 180 0 -180
0 0 0 -0 0 -0 0 180 0.851682 173.216 0 180 0 0 0 0 0 -0
0 -180 0 -0 0 0 0 -180 0.0604176 -22.1628 0 0 0 -0 0 0 0 -180
0 -0 0 -180 0 180 0 -0 0.0873155 -146.177 0 180 0 -180 0 180 0 -0
0 -180 0 -180 0 0 0 -0 0.0604472 -18.1654 0 0 0 0 0 0 0 -180
0 -0 0 -0 0 180 0 -180 0.0831264 -148.987 0 180 0 180 0 180 0 -0
0 -180 0 0 0 180 0 -180 0.217021 162.836 0 -180 0 -180 0 0 0 -180
0 -0 0 180 0 0 0 -0 0.776599 171.549 0 -0 0 -0 0 180 0 -0
inside=1 lambda=0.647 phi=40 theta=45
0 -180 0 -180 0 -180 0 0 0.18172 160.057 0 0 0 180 0 180 0 -180
0 -0 0 -0 0 -0 0 180 0.813615 172.411 0 180 0 0 0 -0 0 -0
0 -180 0 -0 0 0 0 -180 0.069758 -20.0846 0 0 0 -0 0 0 0 -180
0 -0 0 -180 0 180 0 -0 0.0979403 -147.859 0 180 0 -180 0 180 0 -0
0 -180 0 -180 0 -0 0 -0 0.069758 -20.0846 0 0 0 0 0 0 0 -180
0 -0 0 -0 0 -180 0 -180 0.0979403 -147.859 0 180 0 180 0 180 0 -0
0 -180 0 0 0 180 0 -180 0.18172 160.057 0 180 0 -180 0 0 0 -180
0 -0 0 180 0 0 0 -0 0.813615 172.411 0 -0 0 -0 0 180 0 -0
inside=1 lambda=0.647 phi=45 theta=0
0 180 0 180 0 -180 0 0 0.102734 100.474 0 0 0 180 0 180 0 -180
0 0 0 -0 0 -180 0.0172727 68.916 0.914989 149.638 0 0 0 0 0 -0 0 -180
0 180 0 -180 0 0 0 -0 5.19343e-13 -176.236 0 -0 0 -0 0 0 0 -180
0 -0 0 -180 0 180 2.02608e-13 38.6081 1.68082e-12 -122.323 0 0 0 180 0 0 0 -0
0 -180 0 -180 0 0 0 180 4.07604e-13 -172.461 0 180 0 0 0 0 0 -180
0 -0 0 -0 0 180 1.40996e-14 94.036 1.77758e-12 -124.179 0 180 0 180 0 180 0 -0
0 -180 0 0 0 -180 0 -180 0.228555 136.47 0 -180 0 -180 0 0 0 -180
0 -0 0 180 0 -0 0.130269 -75.7944 0.724117 145.888 0 -0 0 -0 0 180 0 -0
inside=1 lambda=0.647 phi=45 theta=15
0 180 0 180 0 -180 0 0 0.106785 104.8 0 0 0 180 0 180 0 -180
0 -0 0 -0 0 -180 0 180 0.9029 149.248 0 0 0 0 0 -0 0 -0
0 180 0 -0 0 0 0 -180 0.0322972 -49.194 0 0 0 -0 0 0 0 -180
0 -0 0 -180 0 180 0 -0 0.0677508 -167.812 0 0 0 180 0 0 0 -0
0 -180 0 -180 0 0 0 -0 0.0348454 -35.9552 0 0 0 0 0 0 0 -180
0 -0 0 -0 0 180 0 -180 0.0598316 -174.803 0 0 0 180 0 180 0 -0
0 -180 0 0 0 -180 0 -180 0.220898 134.669 0 -180 0 -180 0 0 0 -180
0 -0 0 180 0 -0 0 -0 0.737056 146.02 0 -0 0 -0 0 180 0 -0
inside=1 lambda=0.647 phi=45 theta=30
0 180 0 180 0 -180 0 0 0.126528 113.66 0 0 0 180 0 180 0 -180
0 -0 0 -0 0 -180 0 180 0.866333 148.519 0 0 0 0 0 -0 0 -0
0 180 0 -0 0 0 0 -180 0.0570021 -45.8015 0 0 0 -0 0 0 0 -180
0 -0 0 -180 0 180 0 -0 0.112041 -170.407 0 0 0 180 0 0 0 -0
0 -180 0 -180 0 -0 0 -0 0.0596234 -38.815 0 0 0 0 0 0 0 -180
0 -0 0 -0 0 180 0 -180 0.104882 -174.471 0 0 0 180 0 180 0 -0
0 -180 0 0 0 180 0 -180 0.193698 129.733 0 -180 0 -180 0 0 0 -180
0 -0 0 180 0 -0 0 -0 0.770644 146.684 0 -0 0 -180 0 180 0 -0
inside=1 lambda=0.647 phi=45 theta=45
0 -180 0 -180 0 -180 0 0 0.15826 122.599 0 0 0 180 0 180 0 -180
0 -0 0 -0 0 -180 0 180 0.817833 147.611 0 180 0 0 0 -0 0 -0
0 -180 0 -0 0 0 0 -180 0.0673735 -42.0862 0 0 0 -0 0 0 0 -180
0 -0 0 -180 0 180 0 -0 0.124242 -172.918 0 0 0 180 0 0 0 -0
0 -180 0 -180 0 -0 0 -0 0.0673735 -42.0862 0 0 0 0 0 0 0 -180
0 -0 0 -0 0 180 0 -180 0.124242 -172.918 0 0 0 180 0 0 0 -0
0 -180 0 0 0 180 0 -180 0.15826 122.599 0 180 0 -180 0 0 0 -180
0 -0 0 180 0 0 0 -0 0.817833 147.611 0 -0 0 -180 0 180 0 -0
