RSoft_BSDF_File_Version 2
1 0 5 2 1 0.365714
0.3 0.3
-1 1
-1 1
1 0.647 0.647
10 0 45 0.5
4 0 45
Begin_Dispersion_Data
0.647 1.45662 0 1 0 0
End_Dispersion_Data
inside=0 lambda=0.647 phi=0 theta=0
0 -180 0 -180 0 -180 0 0 0.0653229 95.1146 0 0 0 -180 0 -180 0 -180
0 0 0 0 0 0 0 -180 1.20433 -108.784 0 -180 0 0 0 0 0 0
0 -180 0 180 0 0 0 -0 2.69069e-13 164.564 0 -0 0 0 0 0 0 -180
0 0 0 0 0 -180 0 -0 2.39545e-13 -2.41962 0 -0 0 -180 0 0 0 0
0 -180 0 180 0 0 0 -0 2.35288e-13 -3.87477 0 -0 0 0 0 -0 0 -180
0 0 0 180 0 -180 0 -180 1.21509e-13 105.398 0 180 0 -180 0 180 0 0
0 -180 0 0 0 -180 0 -180 0.0653229 95.1146 0 -180 0 -180 0 0 0 -180
0 0 0 -180 0 0 0 0 1.20433 -108.784 0 0 0 0 0 -180 0 0
inside=0 lambda=0.647 phi=0 theta=15
0 -180 0 -180 0 -180 0 0 0.0653229 95.1146 0 0 0 -180 0 -180 0 -180
0 0 0 0 0 0 0 -180 1.20433 -108.784 0 -180 0 0 0 0 0 0
0 -180 0 180 0 0 0 -0 2.69069e-13 164.564 0 -0 0 0 0 0 0 -180
0 0 0 0 0 -180 0 -0 2.39545e-13 -2.41962 0 -0 0 -180 0 0 0 0
0 -180 0 180 0 0 0 -0 2.35288e-13 -3.87477 0 -0 0 0 0 -0 0 -180
0 0 0 180 0 -180 0 -180 1.21509e-13 105.398 0 180 0 -180 0 180 0 0
0 -180 0 0 0 -180 0 -180 0.0653229 95.1146 0 -180 0 -180 0 0 0 -180
0 0 0 -180 0 0 0 0 1.20433 -108.784 0 0 0 0 0 -180 0 0
inside=0 lambda=0.647 phi=0 theta=30
0 -180 0 -180 0 -180 0 0 0.0653229 95.1146 0 0 0 -180 0 -180 0 -180
0 0 0 0 0 0 0 -180 1.20433 -108.784 0 -180 0 0 0 0 0 0
0 -180 0 180 0 0 0 -0 2.69069e-13 164.564 0 -0 0 0 0 0 0 -180
0 0 0 0 0 -180 0 -0 2.39545e-13 -2.41962 0 -0 0 -180 0 0 0 0
0 -180 0 180 0 0 0 -0 2.35288e-13 -3.87477 0 -0 0 0 0 -0 0 -180
0 0 0 180 0 -180 0 -180 1.21509e-13 105.398 0 180 0 -180 0 180 0 0
0 -180 0 0 0 -180 0 -180 0.0653229 95.1146 0 -180 0 -180 0 0 0 -180
0 0 0 -180 0 0 0 0 1.20433 -108.784 0 0 0 0 0 -180 0 0
inside=0 lambda=0.647 phi=0 theta=45
0 -180 0 -180 0 -180 0 0 0.0653229 95.1146 0 0 0 -180 0 -180 0 -180
0 0 0 0 0 0 0 -180 1.20433 -108.784 0 -180 0 0 0 0 0 0
0 -180 0 180 0 0 0 -0 2.69069e-13 164.564 0 -0 0 0 0 0 0 -180
0 0 0 0 0 -180 0 -0 2.39545e-13 -2.41962 0 -0 0 -180 0 0 0 0
0 -180 0 180 0 0 0 -0 2.35288e-13 -3.87477 0 -0 0 0 0 -0 0 -180
0 0 0 180 0 -180 0 -180 1.21509e-13 105.398 0 180 0 -180 0 180 0 0
0 -180 0 0 0 -180 0 -180 0.0653229 95.1146 0 -180 0 -180 0 0 0 -180
0 0 0 -180 0 0 0 0 1.20433 -108.784 0 0 0 0 0 -180 0 0
inside=0 lambda=0.647 phi=5 theta=0
0 -180 0 -180 0 -180 0 0 0.0680064 92.2688 0 0 0 -180 0 -180 0 -180
0 0 0 0 0 0 0 -180 1.20152 -110.087 0 -180 0 0 0 0 0 0
0 -180 0 -180 0 0 0 180 5.26885e-14 -4.436 0 -180 0 0 0 0 0 -180
0 0 0 -0 0 -180 0 0 1.625e-13 9.2127 0 180 0 -180 0 180 0 0
0 -180 0 -180 0 0 0 -0 4.31416e-14 -36.8503 0 180 0 0 0 0 0 -180
0 0 0 0 0 -180 0 0 2.90115e-13 -27.9221 0 180 0 -180 0 -180 0 0
0 -180 0 0 0 -180 0 -180 0.0699691 92.8421 0 -180 0 -180 0 0 0 -180
0 0 0 -180 0 0 0 0 1.20654 -110.114 0 0 0 0 0 -180 0 0
inside=0 lambda=0.647 phi=5 theta=15
0 -180 0 -180 0 -180 0 0 0.068138 92.3077 0 0 0 -180 0 -180 0 -180
0 0 0 0 0 0 0 -180 1.20185 -110.089 0 -180 0 0 0 0 0 0
0 -180 0 -180 0 0 0 -180 0.000535801 -75.322 0 0 0 0 0 0 0 -180
0 0 0 -0 0 -180 0 0 0.0013814 45.1418 0 -180 0 -180 0 180 0 0
0 -180 0 -180 0 0 0 -180 0.000535671 -75.2757 0 0 0 0 0 0 0 -180
0 0 0 0 0 -180 0 -0 0.00137897 45.2949 0 180 0 -180 0 -180 0 0
0 -180 0 0 0 -180 0 -180 0.0698378 92.8041 0 -180 0 -180 0 0 0 -180
0 0 0 -180 0 0 0 0 1.20621 -110.112 0 0 0 0 0 -180 0 0
inside=0 lambda=0.647 phi=5 theta=30
0 -180 0 -180 0 -180 0 0 0.0684975 92.4135 0 0 0 -180 0 -180 0 -180
0 0 0 0 0 0 0 -180 1.20277 -110.094 0 -180 0 0 0 0 0 0
0 -180 0 -180 0 0 0 -180 0.000927987 -75.3124 0 0 0 0 0 0 0 -180
0 0 0 -0 0 -180 0 0 0.00239175 45.1746 0 -180 0 -180 0 180 0 0
0 -180 0 -180 0 0 0 -180 0.000927857 -75.2857 0 0 0 0 0 0 0 -180
0 0 0 0 0 -180 0 -0 0.00238932 45.263 0 180 0 -180 0 -180 0 0
0 -180 0 0 0 -180 0 -180 0.0694788 92.7002 0 -180 0 -180 0 0 0 -180
0 0 0 -180 0 0 0 0 1.20529 -110.107 0 0 0 0 0 -180 0 0
inside=0 lambda=0.647 phi=5 theta=45
0 -180 0 -180 0 -180 0 0 0.0689883 92.5573 0 0 0 -180 0 -180 0 -180
0 0 0 0 0 0 0 -180 1.20403 -110.101 0 -180 0 0 0 0 0 0
0 -180 0 -180 0 0 0 -180 0.00107147 -75.2991 0 0 0 0 0 0 0 -180
0 0 0 -0 0 -180 0 0 0.00276034 45.219 0 -180 0 -180 0 180 0 0
0 -180 0 -180 0 0 0 -180 0.00107147 -75.2991 0 0 0 0 0 0 0 -180
0 0 0 0 0 -180 0 -0 0.00276034 45.219 0 180 0 -180 0 -180 0 0
0 -180 0 0 0 -180 0 -180 0.0689883 92.5573 0 -180 0 -180 0 0 0 -180
0 0 0 -180 0 0 0 0 1.20403 -110.101 0 0 0 0 0 -180 0 0
inside=0 lambda=0.647 phi=10 theta=0
0 -180 0 -180 0 -180 0 0 0.0755006 84.6019 0 0 0 -180 0 -180 0 -180
0 0 0 0 0 0 0 -180 1.19283 -113.985 0 -180 0 0 0 0 0 0
0 -180 0 -180 0 0 0 180 9.68306e-14 103.355 0 -0 0 0 0 0 0 -180
0 0 0 -0 0 -180 0 -0 4.75908e-13 157.966 0 0 0 -180 0 180 0 0
0 -180 0 -180 0 0 0 180 4.36659e-14 138.233 0 180 0 0 0 0 0 -180
0 0 0 0 0 -180 0 180 3.69992e-13 151.779 0 -0 0 -180 0 -180 0 0
0 -180 0 0 0 -180 0 -180 0.0843468 86.5276 0 -180 0 -180 0 0 0 -180
0 0 0 -180 0 0 0 0 1.21332 -114.104 0 0 0 0 0 -180 0 0
inside=0 lambda=0.647 phi=10 theta=15
0 -180 0 -180 0 -180 0 0 0.0760967 84.7368 0 0 0 -180 0 -180 0 -180
0 0 0 0 0 0 0 -180 1.1942 -113.994 0 -180 0 0 0 0 0 0
0 -180 0 -180 0 0 0 -180 0.00240854 -83.6322 0 0 0 0 0 0 0 -180
0 0 0 -0 0 -180 0 0 0.00566516 40.5123 0 -180 0 -180 0 180 0 0
0 -180 0 -180 0 0 0 -180 0.00240566 -83.4795 0 0 0 0 0 0 0 -180
0 0 0 0 0 -180 0 -0 0.00562318 41.13 0 180 0 -180 0 -180 0 0
0 -180 0 0 0 -180 0 -180 0.0837583 86.4037 0 -180 0 -180 0 0 0 -180
0 0 0 -180 0 0 0 0 1.21195 -114.097 0 0 0 0 0 -180 0 0
inside=0 lambda=0.647 phi=10 theta=30
0 -180 0 -180 0 -180 0 0 0.077723 85.1006 0 0 0 -180 0 -180 0 -180
0 0 0 0 0 0 0 -180 1.19794 -114.018 0 -180 0 0 0 0 0 0
0 -180 0 -180 0 0 0 -180 0.00417064 -83.6027 0 0 0 0 0 0 0 -180
0 0 0 -0 0 -180 0 0 0.0097958 40.6505 0 -180 0 -180 0 180 0 0
0 -180 0 -180 0 0 0 -180 0.00416777 -83.5145 0 0 0 0 0 0 0 -180
0 0 0 0 0 -180 0 -0 0.00975389 41.0068 0 180 0 -180 0 -180 0 0
0 -180 0 0 0 -180 0 -180 0.082147 86.062 0 -180 0 -180 0 0 0 -180
0 0 0 -180 0 0 0 0 1.20819 -114.078 0 0 0 0 0 -180 0 0
inside=0 lambda=0.647 phi=10 theta=45
0 -180 0 -180 0 -180 0 0 0.0799387 85.5868 0 0 0 -180 0 -180 0 -180
0 0 0 0 0 0 0 -180 1.20306 -114.049 0 -180 0 0 0 0 0 0
0 -180 0 -180 0 0 0 -180 0.00481418 -83.56 0 0 0 0 0 0 0 -180
0 0 0 -0 0 -180 0 0 0.0112864 40.8324 0 -180 0 -180 0 180 0 0
0 -180 0 -180 0 0 0 -180 0.00481418 -83.56 0 0 0 0 0 0 0 -180
0 0 0 0 0 -180 0 -0 0.0112864 40.8324 0 180 0 -180 0 -180 0 0
0 -180 0 0 0 -180 0 -180 0.0799387 85.5868 0 -180 0 -180 0 0 0 -180
0 0 0 -180 0 0 0 0 1.20306 -114.049 0 0 0 0 0 -180 0 0
inside=0 lambda=0.647 phi=15 theta=0
0 -180 0 -180 0 -180 0 0 0.0856153 73.8344 0 0 0 -180 0 -180 0 -180
0 0 0 0 0 0 0 -180 1.17749 -120.447 0 -180 0 0 0 0 0 0
0 -180 0 -180 0 0 0 0 1.43599e-13 -112.128 0 -0 0 0 0 0 0 -180
0 0 0 -0 0 -180 0 -180 8.88222e-13 -32.3975 0 0 0 -180 0 180 0 0
0 -180 0 -180 0 0 0 180 1.9629e-13 -98.136 0 -180 0 0 0 0 0 -180
0 0 0 0 0 -180 0 0 8.82453e-13 -31.1225 0 -180 0 -180 0 -180 0 0
0 -180 0 0 0 -180 0 -180 0.109622 77.0641 0 -180 0 -180 0 0 0 -180
0 0 0 -180 0 0 0 0 1.22508 -120.742 0 0 0 0 0 -180 0 0
inside=0 lambda=0.647 phi=15 theta=15
0 -180 0 -180 0 -180 0 0 0.0872501 74.0683 0 0 0 -180 0 -180 0 -180
0 0 0 0 0 0 0 -180 1.18066 -120.474 0 -180 0 0 0 0 0 0
0 -180 0 -180 0 0 0 -180 0.00648217 -96.0148 0 0 0 0 0 0 0 -180
0 0 0 -0 0 -180 0 0 0.0132856 32.8817 0 -180 0 -180 0 180 0 0
0 -180 0 -180 0 0 0 -180 0.00646225 -95.7726 0 0 0 0 0 0 0 -180
0 0 0 0 0 -180 0 -0 0.0130447 34.3028 0 180 0 -180 0 -180 0 0
0 -180 0 0 0 -180 0 -180 0.108048 76.8599 0 -180 0 -180 0 0 0 -180
0 0 0 -180 0 0 0 0 1.22187 -120.73 0 0 0 0 0 -180 0 0
inside=0 lambda=0.647 phi=15 theta=30
0 -180 0 -180 0 -180 0 0 0.0917008 74.6913 0 0 0 -180 0 -180 0 -180
0 0 0 0 0 0 0 -180 1.18933 -120.542 0 -180 0 0 0 0 0 0
0 -180 0 -180 0 0 0 -180 0.0112202 -95.9765 0 0 0 0 0 0 0 -180
0 0 0 -0 0 -180 0 0 0.0229066 33.2225 0 -180 0 -180 0 180 0 0
0 -180 0 -180 0 0 0 -180 0.0112006 -95.8369 0 0 0 0 0 0 0 -180
0 0 0 0 0 -180 0 -0 0.0226678 34.0404 0 180 0 -180 0 -180 0 0
0 -180 0 0 0 -180 0 -180 0.103718 76.2968 0 -180 0 -180 0 0 0 -180
0 0 0 -180 0 0 0 0 1.21311 -120.69 0 0 0 0 0 -180 0 0
inside=0 lambda=0.647 phi=15 theta=45
0 -180 0 -180 0 -180 0 0 0.0977388 75.5092 0 0 0 -180 0 -180 0 -180
0 0 0 0 0 0 0 -180 1.2012 -120.623 0 -180 0 0 0 0 0 0
0 -180 0 -180 0 0 0 -180 0.0129448 -95.9131 0 0 0 0 0 0 0 -180
0 0 0 -0 0 -180 0 0 0.0263036 33.6509 0 -180 0 -180 0 180 0 0
0 -180 0 -180 0 0 0 -180 0.0129448 -95.9131 0 0 0 0 0 0 0 -180
0 0 0 0 0 -180 0 -0 0.0263036 33.6509 0 180 0 -180 0 -180 0 0
0 -180 0 0 0 -180 0 -180 0.0977388 75.5092 0 -180 0 -180 0 0 0 -180
0 0 0 -180 0 0 0 0 1.2012 -120.623 0 0 0 0 0 -180 0 0
inside=0 lambda=0.647 phi=20 theta=0
0 -180 0 -180 0 -180 0 0 0.0935362 61.3715 0 0 0 -180 0 -180 0 -180
0 0 0 0 0 0 0 -180 1.15424 -129.426 0 -180 0 0 0 0 0 0
0 -180 0 -180 0 0 0 180 3.53267e-13 -14.0164 0 -180 0 0 0 0 0 -180
0 0 0 -0 0 -180 0 -0 9.19499e-13 123.639 0 180 0 -180 0 180 0 0
0 -180 0 -180 0 0 0 -0 8.93477e-14 156.167 0 0 0 0 0 0 0 -180
0 0 0 0 0 -180 0 -180 2.56625e-13 120.708 0 -0 0 -180 0 -180 0 0
0 -180 0 0 0 -180 0 -180 0.147311 64.9508 0 -180 0 -180 0 0 0 -180
0 0 0 -180 0 0 0 0 1.24273 -129.992 0 0 0 0 0 -180 0 0
inside=0 lambda=0.647 phi=20 theta=15
0 -180 0 -180 0 -180 0 0 0.0972513 61.607 0 0 0 -180 0 -180 0 -180
0 0 0 0 0 0 0 -180 1.1601 -129.489 0 -180 0 0 0 0 0 0
0 -180 0 -180 0 0 0 -180 0.014361 -111.308 0 0 0 0 0 0 0 -180
0 0 0 -0 0 -180 0 0 0.0250686 22.4306 0 -180 0 -180 0 180 0 0
0 -180 0 -180 0 0 0 -180 0.014281 -111.073 0 0 0 0 0 0 0 -180
0 0 0 0 0 -180 0 -0 0.0241547 25.0833 0 180 0 -180 0 -180 0 0
0 -180 0 0 0 -180 0 -180 0.143886 64.7029 0 -180 0 -180 0 0 0 -180
0 0 0 -180 0 0 0 0 1.23669 -129.983 0 0 0 0 0 -180 0 0
inside=0 lambda=0.647 phi=20 theta=30
0 -180 0 -180 0 -180 0 0 0.107344 62.2604 0 0 0 -180 0 -180 0 -180
0 0 0 0 0 0 0 -180 1.17613 -129.643 0 -180 0 0 0 0 0 0
0 -180 0 -180 0 0 0 -180 0.0248469 -111.294 0 0 0 0 0 0 0 -180
0 0 0 -0 0 -180 0 0 0.0429619 23.1313 0 -180 0 -180 0 180 0 0
0 -180 0 -180 0 0 0 -180 0.0247706 -111.158 0 0 0 0 0 0 0 -180
0 0 0 0 0 -180 0 -0 0.0420749 24.6474 0 180 0 -180 0 -180 0 0
0 -180 0 0 0 -180 0 -180 0.134337 64.0424 0 -180 0 -180 0 0 0 -180
0 0 0 -180 0 0 0 0 1.22031 -129.932 0 0 0 0 0 -180 0 0
inside=0 lambda=0.647 phi=20 theta=45
0 -180 0 -180 0 -180 0 0 0.120968 63.1534 0 0 0 -180 0 -180 0 -180
0 0 0 0 0 0 0 -180 1.19814 -129.812 0 -180 0 0 0 0 0 0
0 -180 0 -180 0 0 0 -180 0.0286488 -111.243 0 0 0 0 0 0 0 -180
0 0 0 -0 0 -180 0 0 0.0490353 23.9537 0 -180 0 -180 0 180 0 0
0 -180 0 -180 0 0 0 -180 0.0286488 -111.243 0 0 0 0 0 0 0 -180
0 0 0 0 0 -180 0 -0 0.0490353 23.9537 0 180 0 -180 0 -180 0 0
0 -180 0 0 0 -180 0 -180 0.120968 63.1534 0 -180 0 -180 0 0 0 -180
0 0 0 -180 0 0 0 0 1.19814 -129.812 0 0 0 0 0 -180 0 0
inside=0 lambda=0.647 phi=25 theta=0
0 -180 0 -180 0 -180 0 0 0.090991 48.8226 0 0 0 -180 0 -180 0 -180
0 0 0 0 0 -0 0 -180 1.12075 -140.859 0 180 0 0 0 0 0 -0
0 -180 0 -180 0 0 0 -0 9.27907e-14 -64.4911 0 0 0 0 0 0 0 -180
0 0 0 -0 0 180 0 -180 4.57394e-14 93.9367 0 180 0 -180 0 180 0 -0
0 -180 0 -180 0 0 0 180 3.10475e-14 105.255 0 -0 0 0 0 0 0 -180
0 0 0 0 0 -180 0 0 6.05664e-14 -5.65954 0 0 0 -180 0 -180 0 0
0 -180 0 0 0 -180 0 -180 0.198484 50.2445 0 -180 0 -180 0 0 0 -180
0 0 0 -180 0 0 0 -0 1.26853 -141.726 0 0 0 0 0 -180 0 0
inside=0 lambda=0.647 phi=25 theta=15
0 -180 0 -180 0 -180 0 0 0.0985027 48.5398 0 0 0 -180 0 -180 0 -180
0 0 0 0 0 -0 0 -180 1.13047 -141.001 0 180 0 0 0 0 0 -0
0 -180 0 -180 0 0 0 -180 0.0285293 -128.953 0 0 0 0 0 0 0 -180
0 0 0 -0 0 180 0 0 0.0426837 9.48452 0 180 0 -180 0 180 0 -0
0 -180 0 -180 0 0 0 -180 0.0282939 -128.892 0 180 0 0 0 0 0 -180
0 0 0 0 0 -180 0 -0 0.0398008 14.0356 0 180 0 -180 0 -180 0 0
0 -180 0 0 0 -180 0 -180 0.192063 49.9622 0 -180 0 -180 0 0 0 -180
0 0 0 -180 0 0 0 0 1.25817 -141.767 0 0 0 0 0 -180 0 0
inside=0 lambda=0.647 phi=25 theta=30
0 -180 0 -180 0 -180 0 0 0.118961 48.3625 0 0 0 -180 0 -180 0 -180
0 0 0 0 0 -0 0 -180 1.15702 -141.316 0 180 0 0 0 0 0 -0
0 -180 0 -180 0 0 0 -180 0.0493482 -129.016 0 0 0 0 0 0 0 -180
0 0 0 -0 0 180 0 0 0.0721633 10.8476 0 180 0 -180 0 180 0 0
0 -180 0 -180 0 0 0 -180 0.0491455 -128.97 0 180 0 0 0 0 0 -180
0 0 0 0 0 -180 0 -0 0.0695223 13.4138 0 180 0 -180 0 -180 0 0
0 -180 0 0 0 -180 0 -180 0.173385 49.3474 0 -180 0 -180 0 0 0 -180
0 0 0 -180 0 0 0 0 1.2305 -141.774 0 0 0 -0 0 180 0 0
inside=0 lambda=0.647 phi=25 theta=45
0 -180 0 -180 0 -180 0 0 0.146544 48.7139 0 0 0 -180 0 -180 0 -180
0 0 0 0 0 -0 0 -180 1.19352 -141.617 0 180 0 0 0 0 0 0
0 -180 0 -180 0 0 0 -180 0.0568819 -129.026 0 0 0 0 0 180 0 -180
0 0 0 -0 0 180 0 0 0.0815054 12.3028 0 180 0 -180 0 180 0 0
0 -180 0 -180 0 0 0 -180 0.0568819 -129.026 0 180 0 0 0 0 0 -180
0 0 0 0 0 -180 0 -0 0.0815054 12.3028 0 180 0 180 0 180 0 0
0 -180 0 0 0 -180 0 -180 0.146544 48.7139 0 -180 0 -180 0 0 0 -180
0 0 0 -180 0 0 0 0 1.19352 -141.617 0 0 0 -0 0 180 0 0
inside=0 lambda=0.647 phi=30 theta=0
0 -180 0 180 0 -180 0.0493401 -63.3119 0.0623199 47.344 0 0 0 -180 0 180 0 -180
0 0 0 0 0 -0 0 -180 1.06569 -154.558 0 180 0 0 0 0 0 -0
0 -180 0 -180 0 0 2.5687e-13 -122.062 3.12282e-13 -98.9626 0 180 0 0 0 0 0 -180
0 0 0 -0 0 180 0 -180 3.27197e-13 -125.881 0 -0 0 -180 0 180 0 -0
0 -180 0 -180 0 0 2.55737e-14 -143.961 2.07772e-13 -32.8618 0 -180 0 0 0 0 0 -180
0 -0 0 0 0 -180 0 180 2.53675e-13 -63.636 0 -0 0 180 0 -180 0 0
0 -180 0 0 0 -180 0.274063 -114.681 0.255395 31.2778 0 -180 0 -180 0 0 0 -180
0 -0 0 -180 0 0 0 -0 1.29981 -155.317 0 0 0 -0 0 -180 0 0
inside=0 lambda=0.647 phi=30 theta=15
0 -180 0 180 0 -180 0 0 0.0801049 40.3685 0 0 0 -180 0 180 0 -180
0 0 0 0 0 -0 0 -180 1.08685 -154.889 0 180 0 0 0 0 0 -0
0 -180 0 -180 0 0 0 -180 0.0526225 -148.971 0 0 0 0 0 180 0 -180
0 0 0 -0 0 180 0 -0 0.0713498 -5.51102 0 180 0 -180 0 180 0 -0
0 -180 0 -180 0 0 0 -180 0.0519127 -149.408 0 180 0 0 0 0 0 -180
0 -0 0 0 0 -180 0 -0 0.0618867 2.04625 0 180 0 180 0 180 0 0
0 -180 0 0 0 -180 0 -180 0.250234 32.5783 0 -180 0 -180 0 0 0 -180
0 -0 0 -180 0 0 0 -0 1.29199 -155.699 0 0 0 -0 0 180 0 0
inside=0 lambda=0.647 phi=30 theta=30
0 -180 0 -180 0 -180 0 0 0.117051 33.8963 0 0 0 -180 0 180 0 -180
0 -0 0 0 0 -0 0 -180 1.12911 -155.599 0 180 0 0 0 0 0 -0
0 -180 0 -180 0 0 0 -180 0.0910881 -149.252 0 0 0 0 0 180 0 -180
0 0 0 -0 0 180 0 0 0.115503 -2.8417 0 180 0 -180 0 180 0 -0
0 -180 0 -180 0 0 0 -180 0.090707 -149.409 0 180 0 0 0 0 0 -180
0 -0 0 0 0 -180 0 -0 0.108625 1.39625 0 180 0 180 0 180 0 -0
0 -180 0 0 0 -180 0 -180 0.218792 31.8672 0 -180 0 -180 0 0 0 -180
0 -0 0 -180 0 0 0 -0 1.24601 -156.135 0 0 0 -0 0 180 0 -0
inside=0 lambda=0.647 phi=30 theta=45
0 -180 0 -180 0 -180 0 0 0.168653 32.0401 0 0 0 -180 0 -180 0 -180
0 -0 0 0 0 -0 0 -180 1.18701 -156.053 0 180 0 0 0 0 0 -0
0 -180 0 -180 0 0 0 -180 0.105045 -149.373 0 0 0 0 0 180 0 -180
0 0 0 -0 0 180 0 0 0.128232 -0.304144 0 180 0 -180 0 180 0 -0
0 -180 0 -180 0 0 0 -180 0.105045 -149.373 0 180 0 0 0 0 0 -180
0 0 0 0 0 -180 0 -0 0.128232 -0.304144 0 180 0 180 0 180 0 -0
0 -180 0 0 0 -180 0 -180 0.168653 32.0401 0 -180 0 -180 0 0 0 -180
0 -0 0 -180 0 0 0 0 1.18701 -156.053 0 0 0 -0 0 180 0 -0
inside=0 lambda=0.647 phi=35 theta=0
0 -180 0 180 0 -180 0.137264 -43.9859 0.0526018 134.623 0 0 0 -180 0 180 0 -180
0 0 0 0 0 -0 0 -180 0.968832 -171.362 0 180 0 0 0 0 0 -0
0 -180 0 -180 0 0 7.14186e-14 152.174 1.63508e-13 81.0017 0 -180 0 0 0 0 0 -180
0 0 0 -0 0 180 0 0 2.54348e-13 -17.0862 0 -0 0 -180 0 180 0 -0
0 -180 0 -180 0 0 6.71775e-13 -55.982 2.2409e-13 107.248 0 -0 0 0 0 0 0 -180
0 -0 0 -0 0 -180 0 -180 7.42874e-14 -23.1203 0 -0 0 180 0 180 0 0
0 -180 0 0 0 -180 0.292616 -86.1881 0.355328 5.71178 0 -180 0 -180 0 0 0 -180
0 -0 0 180 0 0 0 -0 1.34224 -171.236 0 0 0 -0 0 180 0 0
inside=0 lambda=0.647 phi=35 theta=15
0 -180 0 180 0 -180 0.11288 -56.7922 0.03871 97.4428 0 0 0 -180 0 180 0 -180
0 -0 0 0 0 -0 0 -180 1.00059 -171.647 0 180 0 0 0 0 0 -0
0 -180 0 -180 0 0 0.0435843 -61.9578 0.0927257 -172.697 0 0 0 0 0 180 0 -180
0 -0 0 -0 0 180 0 -0 0.119368 -18.0391 0 180 0 -180 0 180 0 -0
0 -180 0 -180 0 -0 0.064712 -101.804 0.0933145 -174.65 0 180 0 0 0 0 0 -180
0 -0 0 -0 0 -180 0 -180 0.100049 -9.30457 0 180 0 180 0 180 0 -0
0 -180 0 0 0 -180 0.270387 -98.7003 0.327474 7.45845 0 -180 0 -180 0 0 0 -180
0 -0 0 180 0 0 0 -0 1.32633 -171.688 0 0 0 -0 0 180 0 -0
inside=0 lambda=0.647 phi=35 theta=30
0 -180 0 -180 0 -180 0 -0 0.0862932 24.7803 0 0 0 180 0 180 0 -180
0 -0 0 0 0 -0 0 -180 1.0842 -172.627 0 180 0 0 0 0 0 -0
0 -180 0 -180 0 0 0 -180 0.161505 -172.818 0 0 0 -0 0 180 0 -180
0 -0 0 -0 0 180 0 -0 0.188621 -16.895 0 180 0 -180 0 180 0 -0
0 -180 0 -180 0 0 0 -180 0.161101 -173.334 0 180 0 0 0 0 0 -180
0 -0 0 -0 0 -180 0 -0 0.172011 -9.85456 0 180 0 180 0 180 0 -0
0 -180 0 -0 0 180 0 -180 0.266625 10.781 0 180 0 -180 0 0 0 -180
0 -0 0 -180 0 0 0 -0 1.27509 -172.769 0 0 0 -0 0 180 0 -0
inside=0 lambda=0.647 phi=35 theta=45
0 -180 0 -180 0 -180 0 -0 0.176548 12.87 0 0 0 180 0 180 0 -180
0 -0 0 0 0 -0 0 -180 1.17879 -173.158 0 180 0 0 0 0 0 -0
0 -180 0 -180 0 0 0 -180 0.186596 -173.13 0 0 0 -0 0 180 0 -180
0 -0 0 -0 0 180 0 -0 0.204213 -12.4061 0 180 0 -180 0 180 0 -0
0 -180 0 -180 0 -0 0 -180 0.186596 -173.13 0 180 0 0 0 0 0 -180
0 -0 0 -0 0 -180 0 -0 0.204213 -12.4061 0 180 0 180 0 180 0 -0
0 -180 0 -0 0 180 0 -180 0.176548 12.87 0 180 0 -180 0 0 0 -180
0 -0 0 -180 0 0 0 0 1.17879 -173.158 0 0 0 -0 0 180 0 -0
inside=0 lambda=0.647 phi=40 theta=0
0 -180 0 180 0 -180 0.228306 -15.7227 0.259589 143.141 0 0 0 -180 0 180 0 -180
0 0 0 0 0 -0 0 -180 0.757616 167.99 0 180 0 0 0 0 0 -0
0 -180 0 -180 0 0 2.19982e-13 100.637 1.6468e-14 -131.472 0 -180 0 0 0 0 0 -180
0 0 0 -180 0 180 0 -0 2.53551e-13 113.057 0 180 0 -180 0 0 0 -0
0 -180 0 -180 0 -0 3.70053e-12 169.447 2.41742e-12 -88.0037 0 -180 0 0 0 0 0 180
0 -0 0 -0 0 180 0 0 2.7372e-12 95.6068 0 0 0 180 0 180 0 -0
0 -180 0 0 0 180 0.26183 -56.367 0.549242 -20.3873 0 180 0 -180 0 0 0 180
0 -0 0 180 0 -0 0 -0 1.43646 171.993 0 -0 0 -0 0 180 0 -0
inside=0 lambda=0.647 phi=40 theta=15
0 -180 0 180 0 -180 0.197842 -39.05 0.201209 139.173 0 0 0 -180 0 180 0 -180
0 -0 0 0 0 -0 0 -180 0.821841 167.732 0 180 0 0 0 0 0 -0
0 -180 0 -180 0 0 0.0988644 -41.9733 0.172496 158.716 0 0 0 0 0 0 0 -180
0 -0 0 -180 0 180 0 -0 0.22555 -33.3944 0 180 0 -180 0 0 0 -0
0 -180 0 -180 0 -0 0.0969817 -69.7768 0.179565 156.81 0 0 0 0 0 0 0 -180
0 -0 0 -0 0 180 0 -180 0.186476 -17.1821 0 0 0 180 0 180 0 -0
0 -180 0 -0 0 180 0.250637 -75.8848 0.473666 -19.9406 0 180 0 -180 0 0 0 -180
0 -0 0 180 0 -0 0 -0 1.43009 170.852 0 -0 0 -0 0 180 0 -0
inside=0 lambda=0.647 phi=40 theta=30
0 -180 0 -180 0 -180 0.105086 -84.7954 0.0658831 106.17 0 0 0 180 0 180 0 -180
0 -0 0 0 0 -0 0 -180 0.983108 167.173 0 180 0 0 0 0 0 -0
0 -180 0 -180 0 0 0.127554 -84.1827 0.300439 158.039 0 0 0 -0 0 180 0 -180
0 -0 0 -180 0 180 0 -0 0.357975 -28.2934 0 180 0 -180 0 0 0 -0
0 -180 0 -180 0 -0 0.0999405 -121.963 0.303435 156.995 0 180 0 0 0 0 0 -180
0 -0 0 -0 0 -180 0 -180 0.321357 -19.1291 0 0 0 180 0 180 0 -0
0 -180 0 -0 0 180 0.218081 -116.934 0.321904 -17.6628 0 180 0 -180 0 0 0 -180
0 -0 0 -180 0 0 0 -0 1.34257 169.017 0 0 0 -0 0 180 0 -0
inside=0 lambda=0.647 phi=40 theta=45
0 -180 0 -180 0 -180 0 -0 0.147234 -9.15676 0 0 0 180 0 180 0 -180
0 -0 0 0 0 -0 0 -180 1.17218 167.104 0 180 0 0 0 0 0 -0
0 -180 0 -180 0 0 0 -180 0.350151 157.342 0 0 0 -0 0 180 0 -180
0 -0 0 -0 0 180 0 -0 0.381148 -22.565 0 180 0 -180 0 0 0 -0
0 -180 0 -180 0 -0 0 -180 0.350151 157.342 0 180 0 0 0 0 0 -180
0 -0 0 -0 0 -180 0 -0 0.381148 -22.565 0 0 0 180 0 180 0 -0
0 -180 0 -0 0 180 0 -180 0.147234 -9.15676 0 180 0 -180 0 0 0 -180
0 -0 0 -180 0 0 0 0 1.17218 167.104 0 0 0 -0 0 180 0 -0
inside=0 lambda=0.647 phi=45 theta=0
0 -0 0 180 0 -180 0.656399 58.5566 0.720632 53.0969 0 0 0 -0 0 180 0 -180
0 0 0 0 0 180 0 -180 0 -180 0 0 0 0 0 0 0 180
0 -0 0 -180 0 0 8.8452e-13 -111.17 1.45958e-12 116.63 0 -180 0 180 0 0 0 -180
0 0 0 -180 0 -0 0 180 0 -0 0 -0 0 -180 0 0 0 180
0 0 0 180 0 -0 4.94976e-12 -28.3589 3.89467e-12 126.366 0 0 0 -180 0 -0 0 180
0 -0 0 -0 0 0 0 -180 0 -0 0 0 0 180 0 180 0 -180
0 0 0 -0 0 180 0.58848 60.2974 0.830417 -64.9937 0 180 0 0 0 -0 0 180
0 -0 0 180 0 -180 0 -0 0 180 0 -0 0 -0 0 180 0 -180
inside=0 lambda=0.647 phi=45 theta=15
0 -180 0 -180 0 -180 0.490121 16.5919 0.694574 63.3188 0 0 0 -0 0 0 0 -180
0 0 0 0 0 180 0 -180 0 -180 0 0 0 0 0 0 0 180
0 -180 0 -180 0 0 0.374863 -97.37 0.35426 82.9252 0 0 0 180 0 0 0 -180
0 0 0 -180 0 -0 0 180 0 -0 0 0 0 -180 0 0 0 180
0 -0 0 180 0 -0 0.233146 5.34017 0.386017 82.6424 0 0 0 -180 0 -0 0 -180
0 -0 0 -0 0 180 0 -0 0 -0 0 -0 0 180 0 180 0 -0
0 -0 0 -0 0 0 0.320026 27.1127 0.847028 -82.1371 0 180 0 0 0 -0 0 -180
0 -0 0 180 0 -0 0 -0 0 180 0 -0 0 -0 0 180 0 0
inside=0 lambda=0.647 phi=45 theta=30
0 -180 0 -180 0 -180 0.197055 -69.0324 0.486631 64.7823 0 0 0 0 0 0 0 -180
0 0 0 0 0 -0 0 -180 0 180 0 0 0 -0 0 -0 0 180
0 -180 0 -180 0 0 0.394666 -120.058 0.812645 73.7586 0 0 0 180 0 0 0 -180
0 0 0 -180 0 180 0 0 0 -0 0 0 0 180 0 0 0 180
0 -180 0 -180 0 -180 0.17226 -68.2504 0.830914 73.5824 0 0 0 180 0 -0 0 -180
0 -0 0 -0 0 180 0 -180 0 -0 0 -0 0 180 0 180 0 -0
0 -180 0 -180 0 0 0.193635 -89.7665 0.535541 -99.2052 0 0 0 0 0 0 0 -180
0 -0 0 180 0 -0 0 -0 0 180 0 -0 0 -0 0 180 0 -0
inside=0 lambda=0.647 phi=45 theta=45
0 -180 0 -180 0 -180 0 -180 0.0443728 -20.4009 0 0 0 0 0 0 0 -180
0 0 0 0 0 -0 0 180 0 180 0 0 0 -0 0 -0 0 180
0 -180 0 -180 0 0 0 -180 0.999015 69.5991 0 0 0 -180 0 0 0 -180
0 0 0 -180 0 180 0 0 0 -0 0 0 0 180 0 -0 0 -180
0 -180 0 -180 0 -180 0 -180 0.999015 69.5991 0 0 0 0 0 0 0 -180
0 0 0 0 0 180 0 -180 0 -0 0 -0 0 180 0 0 0 -180
0 -180 0 -180 0 0 0 -180 0.0443728 -20.4009 0 0 0 -180 0 0 0 -180
0 0 0 180 0 -0 0 0 0 180 0 -0 0 -0 0 0 0 180
inside=1 lambda=0.647 phi=0 theta=0
0 -180 0 -180 0 -180 0 0 0.0653229 -132.682 0 0 0 -180 0 -180 0 -180
0 0 0 0 0 0 0 -180 0.826797 -108.784 0 -180 0 0 0 0 0 0
0 -180 0 0 0 0 0 -180 1.89915e-13 116.031 0 180 0 0 0 180 0 -180
0 0 0 0 0 -180 0 -0 2.03786e-13 -133.49 0 0 0 -180 0 180 0 0
0 -180 0 -0 0 0 0 180 1.37489e-13 161.188 0 180 0 0 0 180 0 -180
0 0 0 -0 0 -180 0 -0 7.6105e-14 -108.932 0 -0 0 -180 0 -180 0 0
0 -180 0 0 0 -180 0 -180 0.0653229 -132.682 0 -180 0 -180 0 0 0 -180
0 0 0 -180 0 0 0 0 0.826797 -108.784 0 0 0 0 0 -180 0 0
inside=1 lambda=0.647 phi=0 theta=15
0 -180 0 -180 0 -180 0 0 0.0653229 -132.682 0 0 0 -180 0 -180 0 -180
0 0 0 0 0 0 0 -180 0.826797 -108.784 0 -180 0 0 0 0 0 0
0 -180 0 0 0 0 0 -180 1.89915e-13 116.031 0 180 0 0 0 180 0 -180
0 0 0 0 0 -180 0 -0 2.03786e-13 -133.49 0 0 0 -180 0 180 0 0
0 -180 0 -0 0 0 0 180 1.37489e-13 161.188 0 180 0 0 0 180 0 -180
0 0 0 -0 0 -180 0 -0 7.6105e-14 -108.932 0 -0 0 -180 0 -180 0 0
0 -180 0 0 0 -180 0 -180 0.0653229 -132.682 0 -180 0 -180 0 0 0 -180
0 0 0 -180 0 0 0 0 0.826797 -108.784 0 0 0 0 0 -180 0 0
inside=1 lambda=0.647 phi=0 theta=30
0 -180 0 -180 0 -180 0 0 0.0653229 -132.682 0 0 0 -180 0 -180 0 -180
0 0 0 0 0 0 0 -180 0.826797 -108.784 0 -180 0 0 0 0 0 0
0 -180 0 0 0 0 0 -180 1.89915e-13 116.031 0 180 0 0 0 180 0 -180
0 0 0 0 0 -180 0 -0 2.03786e-13 -133.49 0 0 0 -180 0 180 0 0
0 -180 0 -0 0 0 0 180 1.37489e-13 161.188 0 180 0 0 0 180 0 -180
0 0 0 -0 0 -180 0 -0 7.6105e-14 -108.932 0 -0 0 -180 0 -180 0 0
0 -180 0 0 0 -180 0 -180 0.0653229 -132.682 0 -180 0 -180 0 0 0 -180
0 0 0 -180 0 0 0 0 0.826797 -108.784 0 0 0 0 0 -180 0 0
inside=1 lambda=0.647 phi=0 theta=45
0 -180 0 -180 0 -180 0 0 0.0653229 -132.682 0 0 0 -180 0 -180 0 -180
0 0 0 0 0 0 0 -180 0.826797 -108.784 0 -180 0 0 0 0 0 0
0 -180 0 0 0 0 0 -180 1.89915e-13 116.031 0 180 0 0 0 180 0 -180
0 0 0 0 0 -180 0 -0 2.03786e-13 -133.49 0 0 0 -180 0 180 0 0
0 -180 0 -0 0 0 0 180 1.37489e-13 161.188 0 180 0 0 0 180 0 -180
0 0 0 -0 0 -180 0 -0 7.6105e-14 -108.932 0 -0 0 -180 0 -180 0 0
0 -180 0 0 0 -180 0 -180 0.0653229 -132.682 0 -180 0 -180 0 0 0 -180
0 0 0 -180 0 0 0 0 0.826797 -108.784 0 0 0 0 0 -180 0 0
inside=1 lambda=0.647 phi=5 theta=0
0 -180 0 -180 0 -180 0 0 0.0665958 -132.548 0 0 0 -180 0 -180 0 -180
0 0 0 0 0 0 0 -180 0.827562 -109.397 0 -180 0 0 0 0 0 0
0 -180 0 -0 0 0 0 -0 6.87443e-14 -140.135 0 180 0 0 0 180 0 -180
0 0 0 -0 0 -180 0 -0 2.01175e-13 153.941 0 0 0 -180 0 180 0 0
0 -180 0 -180 0 0 0 -0 5.56342e-14 -164.359 0 -0 0 0 0 0 0 -180
0 0 0 0 0 -180 0 -0 1.68937e-13 155.51 0 -0 0 -180 0 -180 0 0
0 -180 0 0 0 -180 0 -180 0.0675002 -132.852 0 -180 0 -180 0 0 0 -180
0 0 0 -180 0 0 0 0 0.825843 -109.41 0 0 0 0 0 -180 0 0
inside=1 lambda=0.647 phi=5 theta=15
0 -180 0 -180 0 -180 0 0 0.0666564 -132.569 0 0 0 -180 0 -180 0 -180
0 0 0 0 0 0 0 -180 0.827447 -109.398 0 -180 0 0 0 0 0 0
0 -180 0 -0 0 0 0 -180 0.000255012 28.3598 0 0 0 0 0 180 0 -180
0 0 0 -0 0 -180 0 0 0.000468959 -86.1351 0 -180 0 -180 0 180 0 0
0 -180 0 -180 0 0 0 -0 0.000254931 28.344 0 180 0 0 0 0 0 -180
0 0 0 0 0 -180 0 -0 0.000468587 -86.2073 0 180 0 -180 0 -180 0 0
0 -180 0 0 0 -180 0 -180 0.0674396 -132.832 0 -180 0 -180 0 0 0 -180
0 0 0 -180 0 0 0 0 0.825958 -109.409 0 0 0 0 0 -180 0 0
inside=1 lambda=0.647 phi=5 theta=30
0 -180 0 -180 0 -180 0 0 0.0668219 -132.625 0 0 0 -180 0 -180 0 -180
0 0 0 0 0 0 0 -180 0.827132 -109.4 0 -180 0 0 0 0 0 0
0 -180 0 -0 0 0 0 -180 0.000441665 28.3564 0 0 0 0 0 180 0 -180
0 0 0 -0 0 -180 0 0 0.000812123 -86.1505 0 -180 0 -180 0 180 0 0
0 -180 0 -180 0 0 0 -0 0.000441584 28.3473 0 180 0 0 0 0 0 -180
0 0 0 0 0 -180 0 -0 0.000811751 -86.1922 0 180 0 -180 0 -180 0 0
0 -180 0 0 0 -180 0 -180 0.0672741 -132.777 0 -180 0 -180 0 0 0 -180
0 0 0 -180 0 0 0 0 0.826272 -109.407 0 0 0 0 0 -180 0 0
inside=1 lambda=0.647 phi=5 theta=45
0 -180 0 -180 0 -180 0 0 0.067048 -132.701 0 0 0 -180 0 -180 0 -180
0 0 0 0 0 0 0 -180 0.826702 -109.403 0 -180 0 0 0 0 0 0
0 -180 0 -0 0 0 0 -180 0.000509944 28.3519 0 0 0 0 0 180 0 -180
0 0 0 -0 0 -180 0 0 0.000937544 -86.1714 0 -180 0 -180 0 180 0 0
0 -180 0 -180 0 0 0 -0 0.000509944 28.3519 0 180 0 0 0 0 0 -180
0 0 0 0 0 -180 0 -0 0.000937544 -86.1714 0 180 0 -180 0 -180 0 0
0 -180 0 0 0 -180 0 -180 0.067048 -132.701 0 -180 0 -180 0 0 0 -180
0 0 0 -180 0 0 0 0 0.826702 -109.403 0 0 0 0 0 -180 0 0
inside=1 lambda=0.647 phi=10 theta=0
0 -180 0 -180 0 -180 0 0 0.0702849 -132.36 0 0 0 -180 0 -180 0 -180
0 0 0 0 0 0 0 -180 0.829893 -111.225 0 -180 0 0 0 0 0 0
0 -180 0 -0 0 0 0 -0 9.0276e-14 141.982 0 -0 0 0 0 180 0 -180
0 0 0 -0 0 -180 0 -180 6.02675e-13 168.45 0 -0 0 -180 0 180 0 0
0 -180 0 -180 0 0 0 180 1.51362e-13 174.647 0 180 0 0 0 0 0 -180
0 0 0 0 0 -180 0 180 3.14251e-13 164.459 0 0 0 -180 0 -180 0 0
0 -180 0 0 0 -180 0 -180 0.0740967 -133.487 0 -180 0 -180 0 0 0 -180
0 0 0 -180 0 0 0 0 0.822928 -111.278 0 0 0 0 0 -180 0 0
inside=1 lambda=0.647 phi=10 theta=15
0 -180 0 -180 0 -180 0 0 0.0705402 -132.439 0 0 0 -180 0 -180 0 -180
0 0 0 0 0 0 0 -180 0.829426 -111.229 0 -180 0 0 0 0 0 0
0 -180 0 -0 0 0 0 -180 0.00107517 28.4448 0 0 0 0 0 180 0 -180
0 0 0 -0 0 -180 0 0 0.00190286 -87.8383 0 -180 0 -180 0 180 0 0
0 -180 0 -180 0 0 0 -0 0.00107363 28.4002 0 180 0 0 0 0 0 -180
0 0 0 0 0 -180 0 -0 0.00189678 -88.1247 0 180 0 -180 0 -180 0 0
0 -180 0 0 0 -180 0 -180 0.0738415 -133.415 0 -180 0 -180 0 0 0 -180
0 0 0 -180 0 0 0 0 0.823394 -111.275 0 0 0 0 0 -180 0 0
inside=1 lambda=0.647 phi=10 theta=30
0 -180 0 -180 0 -180 0 0 0.071238 -132.652 0 0 0 -180 0 -180 0 -180
0 0 0 0 0 0 0 -180 0.828151 -111.239 0 -180 0 0 0 0 0 0
0 -180 0 -0 0 0 0 -180 0.00186169 28.4357 0 0 0 0 0 180 0 -180
0 0 0 -0 0 -180 0 0 0.00329356 -87.9011 0 -180 0 -180 0 180 0 0
0 -180 0 -180 0 0 0 -0 0.00186015 28.41 0 180 0 0 0 0 0 -180
0 0 0 0 0 -180 0 -0 0.00328747 -88.0664 0 180 0 -180 0 -180 0 0
0 -180 0 0 0 -180 0 -180 0.0731441 -133.215 0 -180 0 -180 0 0 0 -180
0 0 0 -180 0 0 0 0 0.824668 -111.265 0 0 0 0 0 -180 0 0
inside=1 lambda=0.647 phi=10 theta=45
0 -180 0 -180 0 -180 0 0 0.0721911 -132.937 0 0 0 -180 0 -180 0 -180
0 0 0 0 0 0 0 -180 0.826409 -111.252 0 -180 0 0 0 0 0 0
0 -180 0 -0 0 0 0 -180 0.00214881 28.4231 0 0 0 0 0 180 0 -180
0 0 0 -0 0 -180 0 0 0.00379952 -87.9849 0 -180 0 -180 0 180 0 0
0 -180 0 -180 0 0 0 -0 0.00214881 28.4231 0 180 0 0 0 0 0 -180
0 0 0 0 0 -180 0 -0 0.00379952 -87.9849 0 180 0 -180 0 -180 0 0
0 -180 0 0 0 -180 0 -180 0.0721911 -132.937 0 -180 0 -180 0 0 0 -180
0 0 0 -180 0 0 0 0 0.826409 -111.252 0 0 0 0 0 -180 0 0
inside=1 lambda=0.647 phi=15 theta=0
0 -180 0 -180 0 -180 0 0 0.0759434 -132.616 0 0 0 -180 0 -180 0 -180
0 0 0 0 0 0 0 -180 0.833905 -114.232 0 -180 0 0 0 0 0 0
0 -180 0 -0 0 0 0 -0 1.87762e-14 -32.0904 0 -0 0 0 0 180 0 -180
0 0 0 -0 0 -180 0 -0 6.91775e-15 62.3742 0 -0 0 -180 0 180 0 0
0 -180 0 -180 0 0 0 0 4.17619e-14 -12.6917 0 -0 0 0 0 0 0 -180
0 0 0 0 0 -180 0 -0 5.01539e-14 -50.6681 0 0 0 -180 0 -180 0 0
0 -180 0 0 0 -180 0 -180 0.0852793 -134.86 0 -180 0 -180 0 0 0 -180
0 0 0 -180 0 0 0 0 0.817895 -114.357 0 0 0 0 0 -180 0 0
inside=1 lambda=0.647 phi=15 theta=15
0 -180 0 -180 0 -180 0 0 0.0765698 -132.782 0 0 0 -180 0 -180 0 -180
0 0 0 0 0 0 0 -180 0.83283 -114.24 0 -180 0 0 0 0 0 0
0 -180 0 -0 0 0 0 -180 0.00262827 28.2259 0 0 0 0 0 180 0 -180
0 0 0 -0 0 -180 0 0 0.00438565 -90.68 0 -180 0 -180 0 180 0 0
0 -180 0 -180 0 0 0 -0 0.00261867 28.1899 0 180 0 0 0 0 0 -180
0 0 0 0 0 -180 0 -0 0.00435371 -91.3153 0 180 0 -180 0 -180 0 0
0 -180 0 0 0 -180 0 -180 0.0846559 -134.724 0 -180 0 -180 0 0 0 -180
0 0 0 -180 0 0 0 0 0.818965 -114.348 0 0 0 0 0 -180 0 0
inside=1 lambda=0.647 phi=15 theta=30
0 -180 0 -180 0 -180 0 0 0.0782811 -133.223 0 0 0 -180 0 -180 0 -180
0 0 0 0 0 0 0 -180 0.829895 -114.264 0 -180 0 0 0 0 0 0
0 -180 0 -0 0 0 0 -180 0.00454878 28.2204 0 0 0 0 0 180 0 -180
0 0 0 -0 0 -180 0 0 0.00758364 -90.8258 0 -180 0 -180 0 180 0 0
0 -180 0 -180 0 0 0 -0 0.0045392 28.1995 0 180 0 0 0 0 0 -180
0 0 0 0 0 -180 0 -0 0.00755176 -91.1923 0 180 0 -180 0 -180 0 0
0 -180 0 0 0 -180 0 -180 0.0829507 -134.343 0 -180 0 -180 0 0 0 -180
0 0 0 -180 0 0 0 0 0.82189 -114.326 0 0 0 0 0 -180 0 0
inside=1 lambda=0.647 phi=15 theta=45
0 -180 0 -180 0 -180 0 0 0.0806174 -133.798 0 0 0 -180 0 -180 0 -180
0 0 0 0 0 0 0 -180 0.82589 -114.295 0 -180 0 0 0 0 0 0
0 -180 0 -0 0 0 0 -180 0.00524696 28.211 0 0 0 0 0 180 0 -180
0 0 0 -0 0 -180 0 0 0.00873796 -91.0147 0 -180 0 -180 0 180 0 0
0 -180 0 -180 0 0 0 -0 0.00524696 28.211 0 180 0 0 0 0 0 -180
0 0 0 0 0 -180 0 -0 0.00873796 -91.0147 0 180 0 -180 0 -180 0 0
0 -180 0 0 0 -180 0 -180 0.0806174 -133.798 0 -180 0 -180 0 0 0 -180
0 0 0 -180 0 0 0 0 0.82589 -114.295 0 0 0 0 0 -180 0 0
inside=1 lambda=0.647 phi=20 theta=0
0 -180 0 -180 0 -180 0 0 0.0826982 -133.825 0 0 0 -180 0 -180 0 -180
0 0 0 0 0 0 0 -180 0.839822 -118.354 0 -180 0 0 0 0 0 0
0 -180 0 -0 0 0 0 -0 4.52482e-14 -166.447 0 -0 0 0 0 180 0 -180
0 0 0 -0 0 -180 0 180 1.17295e-13 145.849 0 -180 0 -180 0 180 0 0
0 -180 0 -180 0 0 0 -0 3.59441e-14 -168.268 0 -0 0 0 0 0 0 -180
0 0 0 0 0 -180 0 -0 7.8418e-14 145.827 0 -0 0 -180 0 -180 0 0
0 -180 0 0 0 -180 0 -180 0.10125 -137.211 0 -180 0 -180 0 0 0 -180
0 0 0 -180 0 0 0 0 0.810476 -118.589 0 0 0 0 0 -180 0 0
inside=1 lambda=0.647 phi=20 theta=15
0 -180 0 -180 0 -180 0 0 0.0839471 -134.097 0 0 0 -180 0 -180 0 -180
0 0 0 0 0 0 0 -180 0.837847 -118.371 0 -180 0 0 0 0 0 0
0 -180 0 -0 0 0 0 -180 0.00519617 27.335 0 0 0 0 0 180 0 -180
0 0 0 -0 0 -180 0 0 0.00806575 -94.6606 0 -180 0 -180 0 180 0 0
0 -180 0 -180 0 0 0 -0 0.00515896 27.4127 0 180 0 0 0 0 0 -180
0 0 0 0 0 -180 0 -0 0.00795992 -95.7675 0 180 0 -180 0 -180 0 0
0 -180 0 0 0 -180 0 -180 0.100019 -137.022 0 -180 0 -180 0 0 0 -180
0 0 0 -180 0 0 0 0 0.812433 -118.574 0 0 0 0 0 -180 0 0
inside=1 lambda=0.647 phi=20 theta=30
0 -180 0 -180 0 -180 0 0 0.0873582 -134.802 0 0 0 -180 0 -180 0 -180
0 0 0 0 0 0 0 -180 0.832459 -118.415 0 -180 0 0 0 0 0 0
0 -180 0 -0 0 0 0 -180 0.00898637 27.3584 0 0 0 0 0 180 0 -180
0 0 0 -0 0 -180 0 0 0.0139266 -94.9316 0 -180 0 -180 0 180 0 0
0 -180 0 -180 0 0 0 -0 0.00894943 27.4027 0 180 0 0 0 0 0 -180
0 0 0 0 0 -180 0 -0 0.0138213 -95.5692 0 180 0 -180 0 -180 0 0
0 -180 0 0 0 -180 0 -180 0.0966441 -136.484 0 -180 0 -180 0 0 0 -180
0 0 0 -180 0 0 0 0 0.817786 -118.533 0 0 0 0 0 -180 0 0
inside=1 lambda=0.647 phi=20 theta=45
0 -180 0 -180 0 -180 0 0 0.0920101 -135.684 0 0 0 -180 0 -180 0 -180
0 0 0 0 0 0 0 -180 0.825114 -118.475 0 -180 0 0 0 0 0 0
0 -180 0 -0 0 0 0 -180 0.0103553 27.3839 0 0 0 0 0 180 0 -180
0 0 0 -0 0 -180 0 0 0.0160176 -95.2684 0 -180 0 -180 0 180 0 0
0 -180 0 -180 0 0 0 -0 0.0103553 27.3839 0 180 0 0 0 0 0 -180
0 0 0 0 0 -180 0 -0 0.0160176 -95.2684 0 180 0 -180 0 -180 0 0
0 -180 0 0 0 -180 0 -180 0.0920101 -135.684 0 -180 0 -180 0 0 0 -180
0 0 0 -180 0 0 0 0 0.825114 -118.475 0 0 0 0 0 -180 0 0
inside=1 lambda=0.647 phi=25 theta=0
0 -180 0 -180 0 -180 0 0 0.0891887 -136.333 0 0 0 -180 0 -180 0 -180
0 0 0 0 0 0 0 -180 0.848024 -123.507 0 -180 0 0 0 0 0 0
0 -180 0 -0 0 0 0 -0 6.67779e-14 161.976 0 0 0 0 0 180 0 -180
0 0 0 -0 0 -180 0 -180 1.82303e-13 142.987 0 -0 0 -180 0 180 0 0
0 -180 0 -180 0 0 0 180 4.892e-14 -167.735 0 -180 0 0 0 0 0 -180
0 0 0 0 0 -180 0 0 2.03574e-13 143.917 0 0 0 -180 0 -180 0 0
0 -180 0 0 0 -180 0 -180 0.122156 -140.629 0 -180 0 -180 0 0 0 -180
0 0 0 -180 0 0 0 0 0.800291 -123.893 0 0 0 0 0 -180 0 0
inside=1 lambda=0.647 phi=25 theta=15
0 -180 0 -180 0 -180 0 0 0.0914193 -136.721 0 0 0 -180 0 -180 0 -180
0 0 0 0 0 0 0 -180 0.844801 -123.535 0 -180 0 0 0 0 0 0
0 -180 0 -0 0 0 0 -180 0.00916292 25.4946 0 0 0 0 0 180 0 -180
0 0 0 -0 0 -180 0 0 0.0131657 -99.7689 0 -180 0 -180 0 180 0 0
0 -180 0 -180 0 0 0 -0 0.00905443 25.8602 0 180 0 0 0 0 0 -180
0 0 0 0 0 -180 0 -0 0.0128923 -101.455 0 180 0 -180 0 -180 0 0
0 -180 0 0 0 -180 0 -180 0.119995 -140.421 0 -180 0 -180 0 0 0 -180
0 0 0 -180 0 0 0 0 0.803464 -123.87 0 0 0 0 0 -180 0 0
inside=1 lambda=0.647 phi=25 theta=30
0 -180 0 -180 0 -180 0 0 0.0975107 -137.691 0 0 0 -180 0 -180 0 -180
0 0 0 0 0 0 0 -180 0.836016 -123.609 0 -180 0 0 0 0 0 0
0 -180 0 -0 0 0 0 -180 0.0158306 25.5899 0 0 0 0 0 180 0 -180
0 0 0 -0 0 -180 0 0 0.022683 -100.218 0 -180 0 -180 0 180 0 0
0 -180 0 -180 0 0 0 -0 0.0157241 25.7982 0 180 0 0 0 0 0 -180
0 0 0 0 0 -180 0 -0 0.0224136 -101.186 0 180 0 -180 0 -180 0 0
0 -180 0 0 0 -180 0 -180 0.114037 -139.804 0 -180 0 -180 0 0 0 -180
0 0 0 -180 0 0 0 0 0.812152 -123.804 0 0 0 0 0 -180 0 0
inside=1 lambda=0.647 phi=25 theta=45
0 -180 0 -180 0 -180 0 0 0.105806 -138.835 0 0 0 -180 0 -180 0 -180
0 0 0 0 0 0 0 -180 0.82406 -123.708 0 -180 0 0 0 0 0 0
0 -180 0 -0 0 0 0 -180 0.0182184 25.7023 0 0 0 0 0 180 0 -180
0 0 0 -0 0 -180 0 0 0.026026 -100.746 0 -180 0 -180 0 180 0 0
0 -180 0 -180 0 0 0 -0 0.0182184 25.7023 0 180 0 0 0 0 0 -180
0 0 0 0 0 -180 0 -0 0.026026 -100.746 0 180 0 -180 0 -180 0 0
0 -180 0 0 0 -180 0 -180 0.105806 -138.835 0 -180 0 -180 0 0 0 -180
0 0 0 -180 0 0 0 0 0.82406 -123.708 0 0 0 0 0 -180 0 0
inside=1 lambda=0.647 phi=30 theta=0
0 -180 0 180 0 -180 0 0 0.0936014 -140.338 0 0 0 -180 0 180 0 -180
0 0 0 0 0 -0 0 -180 0.859092 -129.581 0 180 0 0 0 0 0 -0
0 -180 0 -0 0 0 0 180 2.29948e-13 -7.65491 0 180 0 0 0 180 0 -180
0 0 0 -0 0 -180 0 180 2.64947e-14 76.3243 0 -0 0 -180 0 180 0 0
0 -180 0 -180 0 0 0 180 6.91119e-14 -39.9572 0 180 0 0 0 0 0 -180
0 0 0 0 0 -180 0 180 1.03217e-13 -35.8459 0 0 0 -180 0 -180 0 0
0 -180 0 0 0 -180 0 -180 0.147984 -145.052 0 -180 0 -180 0 0 0 -180
0 0 0 -180 0 0 0 0 0.786858 -130.152 0 0 0 0 0 -180 0 0
inside=1 lambda=0.647 phi=30 theta=15
0 -180 0 -180 0 -180 0 0 0.0973034 -140.836 0 0 0 -180 0 180 0 -180
0 0 0 0 0 -0 0 -180 0.854193 -129.623 0 180 0 0 0 0 0 -0
0 -180 0 -0 0 0 0 -180 0.0149802 22.5893 0 0 0 0 0 180 0 -180
0 0 0 -0 0 180 0 0 0.0199906 -105.966 0 180 0 -180 0 180 0 0
0 -180 0 -180 0 0 0 -0 0.0147205 23.4828 0 0 0 0 0 0 0 -180
0 0 0 0 0 -180 0 -0 0.0193857 -108.321 0 180 0 -180 0 -180 0 0
0 -180 0 0 0 -180 0 -180 0.144485 -144.872 0 -180 0 -180 0 0 0 -180
0 0 0 -180 0 0 0 0 0.791638 -130.121 0 0 0 -0 0 -180 0 0
inside=1 lambda=0.647 phi=30 theta=30
0 -180 0 -180 0 -180 0 0 0.107416 -142.025 0 0 0 -180 0 180 0 -180
0 0 0 0 0 -0 0 -180 0.840858 -129.737 0 180 0 0 0 0 0 0
0 -180 0 -0 0 0 0 -180 0.0258502 22.8185 0 0 0 0 0 180 0 -180
0 0 0 -0 0 180 0 0 0.0343356 -106.664 0 180 0 -180 0 180 0 0
0 -180 0 -180 0 0 0 -0 0.0256006 23.3224 0 0 0 0 0 0 0 -180
0 0 0 0 0 -180 0 -0 0.0337497 -108.009 0 180 0 180 0 -180 0 0
0 -180 0 0 0 -180 0 -180 0.134748 -144.302 0 -180 0 -180 0 0 0 -180
0 0 0 -180 0 0 0 0 0.804744 -130.028 0 0 0 -0 0 -180 0 0
inside=1 lambda=0.647 phi=30 theta=45
0 -180 0 -180 0 -180 0 0 0.121169 -143.314 0 0 0 -180 0 -180 0 -180
0 0 0 0 0 -0 0 -180 0.822746 -129.887 0 180 0 0 0 0 0 0
0 -180 0 -0 0 0 0 -180 0.029707 23.0876 0 0 0 0 0 180 0 -180
0 0 0 -0 0 180 0 0 0.039277 -107.429 0 180 0 -180 0 180 0 0
0 -180 0 -180 0 0 0 -0 0.029707 23.0876 0 180 0 0 0 0 0 -180
0 0 0 0 0 -180 0 -0 0.039277 -107.429 0 180 0 180 0 180 0 0
0 -180 0 0 0 -180 0 -180 0.121169 -143.314 0 -180 0 -180 0 0 0 -180
0 0 0 -180 0 0 0 0 0.822746 -129.887 0 0 0 -0 0 180 0 0
inside=1 lambda=0.647 phi=35 theta=0
0 -180 0 180 0 -180 0 0 0.0938026 -146.059 0 0 0 -180 0 180 0 -180
0 0 0 0 0 -0 0 -180 0.873842 -136.441 0 180 0 0 0 0 0 -0
0 -180 0 -0 0 0 0 -0 1.51898e-13 148.392 0 -0 0 0 0 180 0 -180
0 0 0 -0 0 180 0 -0 2.6732e-13 143.496 0 180 0 -180 0 180 0 -0
0 -180 0 -180 0 0 0 -0 4.06763e-14 -153.881 0 180 0 0 0 0 0 -180
0 -0 0 0 0 -180 0 -180 1.17637e-13 126.934 0 -180 0 180 0 -180 0 0
0 -180 0 0 0 -180 0 -180 0.178407 -150.288 0 -180 0 -180 0 0 0 -180
0 -0 0 -180 0 0 0 -0 0.769624 -137.207 0 0 0 -0 0 -180 0 0
inside=1 lambda=0.647 phi=35 theta=15
0 -180 0 180 0 -180 0 0 0.0995983 -146.607 0 0 0 -180 0 180 0 -180
0 0 0 0 0 -0 0 -180 0.866733 -136.503 0 180 0 0 0 0 0 -0
0 -180 0 -0 0 0 0 -180 0.0231099 18.6653 0 0 0 0 0 180 0 -180
0 0 0 -0 0 180 0 0 0.0289355 -113.158 0 180 0 -180 0 180 0 -0
0 -180 0 -180 0 0 0 -0 0.0225731 20.3968 0 0 0 0 0 0 0 -180
0 0 0 0 0 -180 0 -0 0.0277274 -116.261 0 180 0 180 0 180 0 0
0 -180 0 0 0 -180 0 -180 0.173134 -150.201 0 -180 0 -180 0 0 0 -180
0 -0 0 -180 0 0 0 -0 0.776475 -137.176 0 0 0 -0 0 180 0 0
inside=1 lambda=0.647 phi=35 theta=30
0 -180 0 -180 0 -180 0 0 0.115454 -147.855 0 0 0 -180 0 180 0 -180
0 0 0 0 0 -0 0 -180 0.847423 -136.665 0 180 0 0 0 0 0 -0
0 -180 0 -0 0 0 0 -180 0.0398291 19.1135 0 0 0 0 0 180 0 -180
0 0 0 -0 0 180 0 0 0.0494825 -114.207 0 180 0 -180 0 180 0 -0
0 -180 0 -180 0 0 0 -0 0.0393339 20.0728 0 0 0 0 0 0 0 -180
0 0 0 0 0 -180 0 -0 0.0483489 -115.964 0 180 0 180 0 180 0 0
0 -180 0 0 0 -180 0 -180 0.15817 -149.851 0 -180 0 -180 0 0 0 -180
0 0 0 -180 0 0 0 -0 0.795311 -137.062 0 0 0 -0 0 180 0 -0
inside=1 lambda=0.647 phi=35 theta=45
0 -180 0 -180 0 -180 0 0 0.137005 -149.069 0 0 0 -180 0 180 0 -180
0 0 0 0 0 -0 0 -180 0.821257 -136.873 0 180 0 0 0 0 0 -0
0 -180 0 -0 0 0 0 -180 0.0457132 19.6244 0 0 0 0 0 0 0 -180
0 0 0 -0 0 180 0 0 0.0564009 -115.26 0 180 0 -180 0 180 0 0
0 -180 0 -180 0 0 0 -0 0.0457132 19.6244 0 0 0 0 0 0 0 -180
0 0 0 0 0 -180 0 -0 0.0564009 -115.26 0 180 0 180 0 180 0 0
0 -180 0 0 0 -180 0 -180 0.137005 -149.069 0 180 0 -180 0 0 0 -180
0 0 0 -180 0 0 0 0 0.821257 -136.873 0 0 0 -0 0 180 0 -0
inside=1 lambda=0.647 phi=40 theta=0
0 -180 0 180 0 -180 0 0 0.0876257 -154.184 0 0 0 -180 0 180 0 -180
0 0 0 0 0 -0 0 -180 0.893329 -143.917 0 180 0 0 0 0 0 -0
0 -180 0 -0 0 0 0 0 1.69735e-13 168.943 0 0 0 0 0 180 0 -180
0 0 0 -0 0 180 0 180 2.13195e-13 13.1528 0 0 0 -180 0 180 0 -0
0 -180 0 -180 0 0 0 -0 6.25517e-14 -130.894 0 -0 0 0 0 0 0 -180
0 -0 0 -0 0 -180 0 -180 8.71884e-14 -96.6869 0 -0 0 180 0 180 0 0
0 -180 0 0 0 -180 0 -180 0.212462 -156.043 0 -180 0 -180 0 0 0 -180
0 -0 0 180 0 -0 0 -0 0.748065 -144.833 0 0 0 -0 0 180 0 -0
inside=1 lambda=0.647 phi=40 theta=15
0 -180 0 180 0 -180 0 0 0.0962077 -154.466 0 0 0 -180 0 180 0 -180
0 0 0 0 0 -0 0 -180 0.883347 -144.013 0 180 0 0 0 0 0 -0
0 -180 0 -0 0 0 0 -180 0.0339499 13.8871 0 0 0 0 0 180 0 -180
0 0 0 -0 0 180 0 -0 0.0405064 -121.168 0 180 0 -180 0 180 0 -0
0 -180 0 -180 0 0 0 -0 0.0329591 16.8678 0 0 0 0 0 0 0 -180
0 -0 0 0 0 -180 0 -0 0.0382382 -125.085 0 180 0 180 0 180 0 0
0 -180 0 0 0 -180 0 -180 0.205191 -156.135 0 -180 0 -180 0 0 0 -180
0 -0 0 -180 0 0 0 -0 0.757499 -144.831 0 0 0 -0 0 180 0 -0
inside=1 lambda=0.647 phi=40 theta=30
0 -180 0 -180 0 -180 0 0 0.119838 -155.268 0 0 0 -180 0 180 0 -180
0 0 0 0 0 -0 0 -180 0.856319 -144.234 0 180 0 0 0 0 0 -0
0 -180 0 -0 0 0 0 -180 0.0584495 14.6745 0 0 0 0 0 0 0 -180
0 0 0 -0 0 180 0 0 0.0688195 -122.728 0 180 0 -180 0 180 0 -0
0 -180 0 -180 0 0 0 -0 0.0576074 16.2764 0 0 0 0 0 0 0 -180
0 0 0 0 0 -180 0 -0 0.0668161 -124.921 0 180 0 180 0 180 0 -0
0 -180 0 0 0 -180 0 -180 0.183461 -156.231 0 -180 0 -180 0 0 0 -180
0 0 0 -180 0 0 0 -0 0.783629 -144.728 0 0 0 -0 0 180 0 -0
inside=1 lambda=0.647 phi=40 theta=45
0 -180 0 -180 0 -180 0 0 0.152012 -155.978 0 0 0 -180 0 180 0 -180
0 0 0 0 0 -0 0 -180 0.819782 -144.5 0 180 0 0 0 0 0 -0
0 -180 0 -0 0 0 0 -180 0.0670378 15.5273 0 0 0 0 0 0 0 -180
0 0 0 -0 0 180 0 0 0.0781256 -124.127 0 180 0 -180 0 180 0 -0
0 -180 0 -180 0 0 0 -0 0.0670378 15.5273 0 0 0 0 0 0 0 -180
0 0 0 0 0 -180 0 -0 0.0781256 -124.127 0 180 0 180 0 180 0 -0
0 -180 0 0 0 -180 0 -180 0.152012 -155.978 0 180 0 -180 0 0 0 -180
0 0 0 -180 0 0 0 0 0.819782 -144.5 0 0 0 -0 0 180 0 -0
inside=1 lambda=0.647 phi=45 theta=0
0 -180 0 180 0 -180 0 0 0.0764482 -167.961 0 0 0 -180 0 180 0 -180
0 0 0 0 0 -0 0.0204229 115.966 0.916595 -151.66 0 180 0 0 0 0 0 -0
0 -180 0 -0 0 0 0 -0 3.76785e-14 -136.472 0 180 0 0 0 180 0 -180
0 0 0 -0 0 180 8.27636e-13 -63.6242 4.18082e-13 -56.5667 0 0 0 -180 0 180 0 -0
0 -180 0 -180 0 0 0 180 1.05053e-13 -85.3386 0 -0 0 0 0 0 0 -180
0 -0 0 -0 0 180 5.37946e-14 61.0936 3.68068e-13 -79.0552 0 0 0 180 0 180 0 -0
0 -180 0 0 0 -180 0 -180 0.245979 -162.725 0 -180 0 -180 0 0 0 -180
0 -0 0 180 0 -0 0.179612 -18.756 0.719746 -152.468 0 0 0 -0 0 180 0 -0
inside=1 lambda=0.647 phi=45 theta=15
0 -180 0 180 0 -180 0 0 0.0855217 -166.003 0 0 0 -180 0 180 0 -180
0 0 0 0 0 -0 0 -180 0.905139 -151.935 0 180 0 0 0 0 0 -0
0 -180 0 -0 0 0 0 -180 0.0477469 8.47603 0 0 0 0 0 180 0 -180
0 0 0 -0 0 180 0 -0 0.0554617 -129.649 0 180 0 -180 0 180 0 -0
0 -180 0 -180 0 0 0 -0 0.0460301 13.33 0 0 0 0 0 0 0 -180
0 -0 0 -0 0 -180 0 -0 0.0511944 -134.425 0 180 0 180 0 180 0 -0
0 -180 0 0 0 -180 0 -180 0.239069 -162.295 0 -180 0 -180 0 0 0 -180
0 -0 0 180 0 -0 0 -0 0.734405 -152.794 0 0 0 -0 0 180 0 -0
inside=1 lambda=0.647 phi=45 theta=30
0 -180 0 180 0 -180 0 0 0.118844 -164.544 0 0 0 180 0 180 0 -180
0 0 0 0 0 -0 0 -180 0.868338 -152.261 0 180 0 0 0 0 0 -0
0 -180 0 -0 0 0 0 -180 0.0821916 9.79031 0 0 0 0 0 0 0 -180
0 0 0 -0 0 180 0 -0 0.0931259 -132.033 0 180 0 -180 0 180 0 -0
0 -180 0 -180 0 0 0 -0 0.0809884 12.2513 0 0 0 0 0 0 0 -180
0 -0 0 0 0 -180 0 -0 0.0898331 -134.68 0 180 0 180 0 180 0 -0
0 -180 0 0 0 180 0 -180 0.209598 -163.142 0 180 0 -180 0 0 0 -180
0 -0 0 -180 0 0 0 -0 0.769558 -152.806 0 0 0 -0 0 180 0 -0
inside=1 lambda=0.647 phi=45 theta=45
0 -180 0 -180 0 -180 0 0 0.164789 -163.879 0 0 0 180 0 180 0 -180
0 0 0 -0 0 -0 0 -180 0.818653 -152.573 0 180 0 0 0 0 0 -0
0 -180 0 -0 0 0 0 -180 0.0943192 11.1002 0 0 0 0 0 0 0 -180
0 0 0 -0 0 180 0 -0 0.105263 -133.85 0 180 0 -180 0 180 0 -0
0 -180 0 -180 0 0 0 -0 0.0943192 11.1002 0 0 0 0 0 0 0 -180
0 0 0 -0 0 -180 0 -0 0.105263 -133.85 0 180 0 180 0 180 0 -0
0 -180 0 0 0 180 0 -180 0.164789 -163.879 0 180 0 -180 0 0 0 -180
0 0 0 -180 0 0 0 -0 0.818653 -152.573 0 0 0 -0 0 180 0 -0
