RSoft_BSDF_File_Version 2
1 0 5 2 1 0.731429
0.3 0.3
-1 1
-1 1
1 0.647 0.647
10 0 45 0.5
4 0 45
Begin_Dispersion_Data
0.647 1.45662 0 1 0 0
End_Dispersion_Data
inside=0 lambda=0.647 phi=0 theta=0
0 0 0 -180 0 0 0 0 0.176974 69.4628 0 0 0 0 0 -180 0 0
0 -180 0 0 0 -180 0 -180 1.18785 -143.44 0 -180 0 -180 0 0 0 -180
0 0 0 180 0 -180 0 -180 1.00775e-12 114.374 0 -0 0 -180 0 0 0 0
0 -180 0 0 0 0 0 -180 2.02409e-12 -72.7752 0 -180 0 0 0 0 0 -180
0 0 0 -0 0 -180 0 -0 4.20307e-13 140.23 0 180 0 -180 0 -0 0 0
0 -180 0 0 0 0 0 180 1.78109e-12 -57.8979 0 0 0 0 0 0 0 -180
0 0 0 0 0 0 0 -180 0.176974 69.4628 0 -180 0 0 0 0 0 0
0 -180 0 -180 0 -180 0 0 1.18785 -143.44 0 0 0 -180 0 -180 0 -180
inside=0 lambda=0.647 phi=0 theta=15
0 0 0 -180 0 0 0 0 0.176974 69.4628 0 0 0 0 0 -180 0 0
0 -180 0 0 0 -180 0 -180 1.18785 -143.44 0 -180 0 -180 0 0 0 -180
0 0 0 180 0 -180 0 -180 1.00775e-12 114.374 0 -0 0 -180 0 0 0 0
0 -180 0 0 0 0 0 -180 2.02409e-12 -72.7752 0 -180 0 0 0 0 0 -180
0 0 0 -0 0 -180 0 -0 4.20307e-13 140.23 0 180 0 -180 0 -0 0 0
0 -180 0 0 0 0 0 180 1.78109e-12 -57.8979 0 0 0 0 0 0 0 -180
0 0 0 0 0 0 0 -180 0.176974 69.4628 0 -180 0 0 0 0 0 0
0 -180 0 -180 0 -180 0 0 1.18785 -143.44 0 0 0 -180 0 -180 0 -180
inside=0 lambda=0.647 phi=0 theta=30
0 0 0 -180 0 0 0 0 0.176974 69.4628 0 0 0 0 0 -180 0 0
0 -180 0 0 0 -180 0 -180 1.18785 -143.44 0 -180 0 -180 0 0 0 -180
0 0 0 180 0 -180 0 -180 1.00775e-12 114.374 0 -0 0 -180 0 0 0 0
0 -180 0 0 0 0 0 -180 2.02409e-12 -72.7752 0 -180 0 0 0 0 0 -180
0 0 0 -0 0 -180 0 -0 4.20307e-13 140.23 0 180 0 -180 0 -0 0 0
0 -180 0 0 0 0 0 180 1.78109e-12 -57.8979 0 0 0 0 0 0 0 -180
0 0 0 0 0 0 0 -180 0.176974 69.4628 0 -180 0 0 0 0 0 0
0 -180 0 -180 0 -180 0 0 1.18785 -143.44 0 0 0 -180 0 -180 0 -180
inside=0 lambda=0.647 phi=0 theta=45
0 0 0 -180 0 0 0 0 0.176974 69.4628 0 0 0 0 0 -180 0 0
0 -180 0 0 0 -180 0 -180 1.18785 -143.44 0 -180 0 -180 0 0 0 -180
0 0 0 180 0 -180 0 -180 1.00775e-12 114.374 0 -0 0 -180 0 0 0 0
0 -180 0 0 0 0 0 -180 2.02409e-12 -72.7752 0 -180 0 0 0 0 0 -180
0 0 0 -0 0 -180 0 -0 4.20307e-13 140.23 0 180 0 -180 0 -0 0 0
0 -180 0 0 0 0 0 180 1.78109e-12 -57.8979 0 0 0 0 0 0 0 -180
0 0 0 0 0 0 0 -180 0.176974 69.4628 0 -180 0 0 0 0 0 0
0 -180 0 -180 0 -180 0 0 1.18785 -143.44 0 0 0 -180 0 -180 0 -180
inside=0 lambda=0.647 phi=5 theta=0
0 0 0 -180 0 0 0 0 0.175926 65.0865 0 0 0 0 0 -180 0 0
0 -180 0 0 0 -180 0 -180 1.18552 -145.717 0 180 0 -180 0 0 0 -180
0 0 0 -180 0 -180 0 -180 6.9663e-14 145.037 0 180 0 -180 0 0 0 0
0 -180 0 -0 0 0 0 0 1.84923e-13 38.2674 0 -0 0 0 0 180 0 -180
0 0 0 -180 0 -180 0 -0 3.62655e-14 -12.2126 0 -0 0 -180 0 0 0 0
0 -180 0 0 0 0 0 0 5.30867e-14 96.5919 0 -0 0 0 0 -180 0 -180
0 0 0 0 0 0 0 -180 0.179871 65.0416 0 -180 0 0 0 0 0 0
0 -180 0 -180 0 -180 0 -0 1.18978 -145.727 0 0 0 -180 0 -180 0 -180
inside=0 lambda=0.647 phi=5 theta=15
0 0 0 -180 0 0 0 0 0.17619 65.0832 0 0 0 0 0 -180 0 0
0 -180 0 0 0 -180 0 -180 1.18581 -145.718 0 180 0 -180 0 0 0 -180
0 0 0 -180 0 -180 0 -180 0.00102107 -119.537 0 0 0 -180 0 0 0 0
0 -180 0 -0 0 0 0 0 0.0011205 15.086 0 -180 0 0 0 180 0 -180
0 0 0 -180 0 -180 0 -180 0.00102084 -119.52 0 0 0 -180 0 0 0 0
0 -180 0 0 0 0 0 -0 0.0011192 15.242 0 180 0 0 0 -180 0 -180
0 0 0 0 0 0 0 -180 0.179607 65.0444 0 -180 0 0 0 0 0 0
0 -180 0 -180 0 -180 0 -0 1.1895 -145.726 0 0 0 -180 0 -180 0 -180
inside=0 lambda=0.647 phi=5 theta=30
0 0 0 -180 0 0 0 0 0.176913 65.0745 0 0 0 0 0 -180 0 0
0 -180 0 0 0 -180 0 -180 1.18659 -145.72 0 180 0 -180 0 0 0 -180
0 0 0 -180 0 -180 0 -180 0.00176846 -119.533 0 0 0 -180 0 0 0 0
0 -180 0 -0 0 0 0 0 0.00194027 15.1193 0 -180 0 0 0 180 0 -180
0 0 0 -180 0 -180 0 -180 0.00176823 -119.524 0 0 0 -180 0 0 0 0
0 -180 0 0 0 0 0 -0 0.00193898 15.2094 0 180 0 0 0 -180 0 -180
0 0 0 0 0 0 0 -180 0.178885 65.0521 0 -180 0 0 0 0 0 0
0 -180 0 -180 0 -180 0 -0 1.18872 -145.724 0 0 0 -180 0 -180 0 -180
inside=0 lambda=0.647 phi=5 theta=45
0 0 0 -180 0 0 0 0 0.177899 65.0631 0 0 0 0 0 -180 0 0
0 -180 0 -0 0 -180 0 -180 1.18765 -145.722 0 -180 0 -180 0 0 0 -180
0 0 0 -180 0 -180 0 -180 0.00204191 -119.529 0 0 0 -180 0 0 0 0
0 -180 0 -0 0 0 0 0 0.00223968 15.1646 0 -180 0 0 0 180 0 -180
0 0 0 -180 0 -180 0 -180 0.00204191 -119.529 0 0 0 -180 0 0 0 0
0 -180 0 0 0 0 0 -0 0.00223968 15.1646 0 180 0 0 0 -180 0 -180
0 0 0 0 0 0 0 -180 0.177899 65.0631 0 -180 0 0 0 0 0 0
0 -180 0 -180 0 -180 0 -0 1.18765 -145.722 0 0 0 -180 0 -180 0 -180
inside=0 lambda=0.647 phi=10 theta=0
0 -0 0 -180 0 0 0 0 0.172175 52.1553 0 0 0 -0 0 -180 0 0
0 -180 0 -0 0 180 0 -180 1.17838 -152.531 0 180 0 -180 0 -0 0 180
0 0 0 -180 0 -180 0 180 2.63234e-14 34.6987 0 180 0 -180 0 0 0 0
0 -180 0 -0 0 -0 0 180 8.49956e-14 -93.6267 0 180 0 0 0 180 0 180
0 0 0 -180 0 -180 0 180 3.83667e-13 -170.162 0 0 0 -180 0 0 0 0
0 -180 0 -0 0 0 0 0 3.30066e-13 -70.5211 0 -180 0 0 0 180 0 -180
0 0 0 0 0 0 0 -180 0.188579 51.9197 0 -180 0 0 0 0 0 0
0 -180 0 180 0 -180 0 -0 1.19581 -152.561 0 -0 0 -180 0 180 0 -180
inside=0 lambda=0.647 phi=10 theta=15
0 -0 0 -180 0 0 0 0 0.173277 52.1353 0 0 0 -0 0 -180 0 0
0 -180 0 -0 0 180 0 -180 1.17954 -152.534 0 180 0 -180 0 -0 0 180
0 0 0 -180 0 -180 0 -180 0.0042368 -132.694 0 0 0 -180 0 0 0 0
0 -180 0 -0 0 -0 0 -0 0.0045877 8.3511 0 180 0 0 0 180 0 180
0 0 0 -180 0 -180 0 -180 0.00423329 -132.64 0 0 0 -180 0 0 0 0
0 -180 0 -0 0 0 0 -0 0.00456622 8.99828 0 180 0 0 0 180 0 -180
0 0 0 0 0 0 0 -180 0.187484 51.9316 0 -180 0 0 0 0 0 0
0 -180 0 180 0 -180 0 -0 1.19464 -152.56 0 -0 0 -180 0 180 0 -180
inside=0 lambda=0.647 phi=10 theta=30
0 -0 0 -180 0 0 0 0 0.176287 52.0839 0 0 0 -0 0 -180 0 0
0 -180 0 -0 0 180 0 -180 1.18273 -152.541 0 180 0 -180 0 -0 0 180
0 0 0 -180 0 -180 0 -180 0.00733681 -132.685 0 0 0 -180 0 0 0 0
0 -180 0 -0 0 -0 0 -0 0.00793762 8.49474 0 180 0 0 0 180 0 180
0 0 0 -180 0 -180 0 -180 0.00733332 -132.654 0 0 0 -180 0 0 0 0
0 -180 0 -0 0 0 0 -0 0.00791618 8.86801 0 180 0 0 0 180 0 -180
0 0 0 0 0 0 0 -180 0.184491 51.9666 0 -180 0 0 0 0 0 0
0 -180 0 -180 0 -180 0 -0 1.19145 -152.556 0 -0 0 -180 0 180 0 -180
inside=0 lambda=0.647 phi=10 theta=45
0 0 0 -180 0 0 0 0 0.180393 52.0212 0 0 0 -0 0 -180 0 0
0 -180 0 -0 0 180 0 -180 1.18708 -152.55 0 180 0 -180 0 -0 0 180
0 0 0 -180 0 -180 0 -180 0.00846966 -132.67 0 0 0 -180 0 0 0 0
0 -180 0 -0 0 0 0 -0 0.00915284 8.68472 0 180 0 0 0 180 0 -180
0 0 0 -180 0 -180 0 -180 0.00846966 -132.67 0 0 0 -180 0 0 0 0
0 -180 0 -0 0 0 0 -0 0.00915284 8.68472 0 180 0 0 0 180 0 -180
0 0 0 0 0 -0 0 -180 0.180393 52.0212 0 -180 0 0 0 0 0 0
0 -180 0 -180 0 -180 0 -0 1.18708 -152.55 0 -0 0 180 0 180 0 180
inside=0 lambda=0.647 phi=15 theta=0
0 -0 0 -180 0 0 0 0 0.163573 31.1911 0 0 0 -0 0 -180 0 0
0 -180 0 -0 0 180 0 180 1.16592 -163.825 0 180 0 -180 0 -0 0 180
0 0 0 -180 0 -180 0 -0 3.41113e-14 -8.19909 0 180 0 -180 0 0 0 0
0 -180 0 -0 0 -0 0 180 4.33572e-14 149.99 0 -0 0 0 0 180 0 180
0 0 0 -180 0 -180 0 180 2.33328e-14 15.2959 0 180 0 -180 0 0 0 0
0 180 0 -0 0 0 0 180 5.07454e-14 125.097 0 0 0 -0 0 180 0 -180
0 0 0 0 0 0 0 -180 0.202989 30.4232 0 -180 0 0 0 0 0 0
0 -180 0 180 0 -180 0 -0 1.20685 -163.86 0 -0 0 -180 0 180 0 -180
inside=0 lambda=0.647 phi=15 theta=15
0 -0 0 -180 0 0 0 0 0.166228 31.1139 0 0 0 -0 0 -180 0 0
0 -180 0 -0 0 180 0 180 1.16865 -163.833 0 180 0 -180 0 -0 0 180
0 0 0 -180 0 -180 0 -180 0.0101099 -154.286 0 0 0 -180 0 0 0 0
0 -180 0 -0 0 -0 0 -0 0.0107733 -2.70472 0 180 0 0 0 180 0 180
0 0 0 -180 0 -180 0 -180 0.010096 -154.199 0 0 0 -180 0 0 0 0
0 -180 0 -0 0 0 0 -0 0.0106587 -1.15251 0 180 0 -0 0 180 0 180
0 0 0 0 0 0 0 -180 0.20037 30.4534 0 -180 0 0 0 0 0 0
0 -180 0 180 0 -180 0 -0 1.20409 -163.864 0 -0 0 180 0 180 0 180
inside=0 lambda=0.647 phi=15 theta=30
0 -0 0 -180 0 0 0 0 0.173473 30.9252 0 0 0 -0 0 -180 0 0
0 -180 0 -0 0 180 0 180 1.17611 -163.85 0 180 0 -180 0 -0 0 180
0 0 0 -180 0 -180 0 -180 0.017503 -154.281 0 0 0 -180 0 0 0 0
0 -180 0 -0 0 -0 0 -0 0.0186097 -2.33672 0 180 0 0 0 180 0 180
0 0 0 -180 0 -180 0 -180 0.0174894 -154.231 0 0 0 -180 0 0 0 0
0 -180 0 -0 0 0 0 -0 0.0184961 -1.44553 0 180 0 -0 0 180 0 180
0 -0 0 0 0 -0 0 -180 0.193193 30.549 0 -180 0 0 0 0 0 0
0 -180 0 180 0 -180 0 -0 1.19657 -163.869 0 -0 0 180 0 180 0 180
inside=0 lambda=0.647 phi=15 theta=45
0 -0 0 -180 0 0 0 0 0.18335 30.7141 0 0 0 -0 0 -180 0 0
0 -180 0 -0 0 180 0 180 1.18633 -163.865 0 180 0 -180 0 -0 0 180
0 0 0 -180 0 -180 0 -180 0.0202014 -154.263 0 0 0 -180 0 0 0 0
0 -180 0 -0 0 -0 0 -0 0.0214186 -1.87261 0 180 0 0 0 180 0 180
0 0 0 -180 0 -180 0 -180 0.0202014 -154.263 0 0 0 -180 0 0 0 0
0 -180 0 -0 0 0 0 -0 0.0214186 -1.87261 0 180 0 -0 0 180 0 180
0 -0 0 0 0 -0 0 -180 0.18335 30.7141 0 -180 0 0 0 0 0 0
0 -180 0 180 0 -180 0 -0 1.18633 -163.865 0 -0 0 180 0 180 0 180
inside=0 lambda=0.647 phi=20 theta=0
0 -0 0 -180 0 0 0 0 0.145824 2.82689 0 0 0 -0 0 -180 0 0
0 -180 0 -0 0 180 0 180 1.14693 -179.527 0 180 0 -180 0 -0 0 180
0 -0 0 -180 0 -180 0 0 1.40606e-13 -88.3036 0 -0 0 180 0 0 0 0
0 -180 0 -180 0 -0 0 -180 5.21939e-13 90.0712 0 -0 0 0 0 0 0 180
0 0 0 -180 0 -180 0 180 1.25373e-13 -80.4146 0 -180 0 -180 0 0 0 0
0 180 0 -0 0 -0 0 180 4.45301e-13 87.7824 0 0 0 -0 0 180 0 180
0 0 0 0 0 0 0 -180 0.222709 0.786223 0 -180 0 0 0 0 0 0
0 180 0 180 0 180 0 -0 1.22488 -179.476 0 -0 0 180 0 180 0 180
inside=0 lambda=0.647 phi=20 theta=15
0 -0 0 -180 0 0 0 0 0.150983 2.57153 0 0 0 -0 0 -180 0 0
0 -180 0 -0 0 180 0 180 1.15214 -179.543 0 180 0 -180 0 -0 0 180
0 -0 0 -180 0 -180 0 -180 0.0194138 175.919 0 0 0 180 0 0 0 0
0 -180 0 -180 0 -0 0 -0 0.0205499 -17.9654 0 180 0 0 0 0 0 180
0 0 0 -180 0 -180 0 -180 0.0194013 176.023 0 0 0 -180 0 0 0 0
0 180 0 -0 0 -0 0 -180 0.0201649 -14.9384 0 0 0 -0 0 180 0 180
0 -0 0 0 0 -0 0 -180 0.217598 0.845577 0 -180 0 0 0 0 0 0
0 180 0 180 0 -180 0 -0 1.21962 -179.503 0 -0 0 180 0 180 0 180
inside=0 lambda=0.647 phi=20 theta=30
0 -0 0 -180 0 0 0 0 0.165087 1.99588 0 0 0 -0 0 -180 0 0
0 -180 0 -0 0 180 0 180 1.16636 -179.573 0 180 0 -180 0 -0 0 180
0 0 0 -180 0 -180 0 -180 0.0336091 175.89 0 0 0 180 0 0 0 0
0 -180 0 -180 0 -0 0 -0 0.0353992 -17.1708 0 180 0 0 0 0 0 180
0 0 0 -180 0 -180 0 -180 0.0335986 175.955 0 0 0 -180 0 0 0 0
0 180 0 -0 0 0 0 -180 0.035027 -15.4575 0 0 0 -0 0 180 0 180
0 -0 0 0 0 -0 0 -180 0.20358 1.0442 0 -180 0 0 0 0 0 0
0 -180 0 180 0 -180 0 -0 1.20531 -179.555 0 -0 0 180 0 180 0 180
inside=0 lambda=0.647 phi=20 theta=45
0 -0 0 -180 0 0 0 0 0.184352 1.42932 0 0 0 -0 0 -180 0 0
0 -180 0 -0 0 180 0 180 1.18581 -179.583 0 180 0 -180 0 -0 0 180
0 0 0 -180 0 -180 0 -180 0.0387965 175.9 0 0 0 180 0 0 0 0
0 180 0 -180 0 -0 0 -0 0.0406351 -16.2485 0 180 0 0 0 0 0 180
0 0 0 -180 0 180 0 -180 0.0387965 175.9 0 0 0 -180 0 0 0 0
0 180 0 -0 0 0 0 -180 0.0406351 -16.2485 0 0 0 -0 0 180 0 180
0 -0 0 0 0 -0 0 -180 0.184352 1.42932 0 -180 0 0 0 0 0 0
0 -180 0 180 0 -180 0 -0 1.18581 -179.583 0 -0 0 180 0 180 0 180
inside=0 lambda=0.647 phi=25 theta=0
0 -0 0 -180 0 0 0 0 0.112498 -32.3232 0 0 0 -0 0 -180 0 0
0 -180 0 -0 0 180 0 180 1.11828 160.444 0 180 0 -180 0 -0 0 180
0 -0 0 -180 0 -180 0 180 1.81752e-14 -8.72396 0 180 0 180 0 0 0 0
0 180 0 -180 0 -0 0 0 2.65407e-14 58.8957 0 0 0 -0 0 0 0 180
0 0 0 -180 0 -180 0 -0 8.70677e-14 -113.246 0 180 0 -180 0 0 0 0
0 180 0 -0 0 -0 0 180 5.73422e-14 35.3969 0 -0 0 -0 0 180 0 180
0 -0 0 0 0 0 0 -180 0.248381 -37.1482 0 -180 0 -0 0 0 0 0
0 180 0 180 0 180 0 -0 1.25372 160.854 0 -0 0 180 0 180 0 180
inside=0 lambda=0.647 phi=25 theta=15
0 -0 0 -180 0 0 0 0 0.121473 -33.2174 0 0 0 -0 0 -180 0 0
0 -180 0 -0 0 180 0 180 1.12737 160.411 0 180 0 -180 0 -0 0 180
0 -0 0 -180 0 -180 0 -180 0.0333038 137.732 0 0 0 180 0 0 0 0
0 180 0 -180 0 -0 0 -0 0.0359082 -37.6446 0 180 0 -0 0 0 0 180
0 0 0 -180 0 180 0 -0 0.0334287 137.926 0 180 0 -180 0 0 0 0
0 180 0 -0 0 -0 0 -180 0.0348898 -32.2989 0 0 0 -0 0 180 0 180
0 -0 0 0 0 -0 0 -180 0.239068 -37.0808 0 -180 0 0 0 0 0 0
0 180 0 180 0 180 0 -0 1.24471 160.736 0 -0 0 180 0 180 0 180
inside=0 lambda=0.647 phi=25 theta=30
0 -0 0 -180 0 0 0 0 0.146067 -34.9023 0 0 0 -0 0 -180 0 0
0 -180 0 -0 0 180 0 180 1.15221 160.363 0 180 0 -180 0 -0 0 180
0 -0 0 -180 0 -180 0 -180 0.0577135 137.62 0 0 0 180 0 0 0 0
0 180 0 -180 0 -0 0 -0 0.0615832 -36.0151 0 180 0 -0 0 0 0 180
0 0 0 -180 0 180 0 -180 0.05783 137.752 0 180 0 -180 0 0 0 0
0 180 0 -0 0 -0 0 -180 0.0606645 -33.1067 0 0 0 -0 0 180 0 180
0 -0 0 0 0 -0 0 -180 0.213903 -36.8404 0 -180 0 0 0 0 0 0
0 180 0 180 0 -180 0 -0 1.21999 160.522 0 -0 0 180 0 180 0 180
inside=0 lambda=0.647 phi=25 theta=45
0 -0 0 -180 0 0 0 0 0.17986 -36.1897 0 0 0 -0 0 -180 0 0
0 -180 0 -0 0 180 0 180 1.18613 160.384 0 180 0 -180 0 -0 0 180
0 -0 0 -180 0 -180 0 -180 0.0666989 137.623 0 0 0 180 0 180 0 0
0 180 0 -180 0 -0 0 -0 0.0704896 -34.3851 0 180 0 -0 0 0 0 180
0 -0 0 -180 0 180 0 -180 0.0666989 137.623 0 180 0 -180 0 0 0 0
0 180 0 -0 0 -0 0 -180 0.0704896 -34.3851 0 0 0 -0 0 180 0 180
0 -0 0 0 0 -0 0 -180 0.17986 -36.1897 0 -180 0 0 0 0 0 0
0 -180 0 180 0 -180 0 -0 1.18613 160.384 0 -0 0 180 0 180 0 180
inside=0 lambda=0.647 phi=30 theta=0
0 -0 0 180 0 0 0.0509546 -28.2833 0.0540669 -76.5152 0 0 0 -0 0 180 0 0
0 -180 0 -0 0 0 0 180 1.06582 136.23 0 0 0 -180 0 -0 0 0
0 -0 0 -180 0 -180 5.89866e-14 112.886 4.17432e-14 -19.1561 0 -180 0 180 0 0 0 0
0 180 0 -180 0 -180 0 0 1.24977e-13 -160.602 0 180 0 -0 0 0 0 0
0 -0 0 -180 0 -180 8.08168e-12 126.788 1.04753e-12 -55.5238 0 -180 0 180 0 0 0 0
0 180 0 -0 0 -0 0 0 9.07233e-13 101.118 0 -0 0 -0 0 180 0 180
0 -0 0 0 0 0 0.346006 -41.6504 0.291534 -80.0342 0 -180 0 -0 0 0 0 0
0 180 0 180 0 180 0 -180 1.27849 137.622 0 -0 0 180 0 180 0 180
inside=0 lambda=0.647 phi=30 theta=15
0 -0 0 -180 0 0 0 -0 0.0694486 -75.8358 0 0 0 -0 0 -180 0 0
0 -180 0 -0 0 0 0 180 1.08747 136.2 0 0 0 -180 0 -0 0 0
0 -0 0 -180 0 -180 0 -180 0.0539234 90.5149 0 0 0 180 0 0 0 0
0 180 0 -180 0 -180 0 -180 0.0616045 -63.3557 0 180 0 -0 0 0 0 0
0 -0 0 -180 0 180 0 -0 0.0550337 91.2895 0 0 0 180 0 0 0 0
0 180 0 -0 0 -0 0 -180 0.058665 -53.6725 0 0 0 -0 0 180 0 180
0 -0 0 0 0 -0 0 -180 0.27312 -83.5813 0 -180 0 -0 0 0 0 0
0 180 0 180 0 180 0 -180 1.28406 137.48 0 -0 0 180 0 180 0 180
inside=0 lambda=0.647 phi=30 theta=30
0 -0 0 -180 0 0 0 -0 0.111325 -81.6555 0 0 0 -0 0 180 0 0
0 -180 0 -0 0 0 0 180 1.12977 136.014 0 0 0 -180 0 -0 0 0
0 -0 0 -0 0 -180 0 -180 0.0941064 90.133 0 0 0 180 0 0 0 0
0 180 0 -180 0 -180 0 -0 0.104361 -59.2699 0 180 0 -0 0 0 0 0
0 -0 0 -180 0 180 0 -0 0.0947065 90.5613 0 0 0 -180 0 0 0 0
0 180 0 -0 0 -0 0 -180 0.102415 -54.7733 0 0 0 -0 0 180 0 180
0 -0 0 0 0 -0 0 -180 0.225103 -84.2503 0 -180 0 0 0 0 0 0
0 180 0 180 0 180 0 -0 1.2447 136.517 0 -0 0 180 0 180 0 180
inside=0 lambda=0.647 phi=30 theta=45
0 -0 0 -180 0 0 0 -0 0.167526 -83.9612 0 0 0 -0 0 -180 0 0
0 -180 0 -0 0 180 0 180 1.18753 136.099 0 180 0 180 0 -0 0 0
0 -0 0 -0 0 -180 0 -180 0.109003 90.1698 0 0 0 180 0 0 0 0
0 180 0 -180 0 -0 0 -0 0.119168 -56.6638 0 180 0 -0 0 0 0 0
0 -0 0 -180 0 180 0 -0 0.109003 90.1698 0 0 0 -180 0 0 0 0
0 180 0 -0 0 -0 0 -180 0.119168 -56.6638 0 0 0 -0 0 180 0 0
0 -0 0 -0 0 -0 0 -180 0.167526 -83.9612 0 -180 0 0 0 0 0 0
0 -180 0 180 0 180 0 -0 1.18753 136.099 0 -0 0 180 0 180 0 0
inside=0 lambda=0.647 phi=35 theta=0
0 -0 0 180 0 0 0.0207913 0.691334 0.0315961 21.6474 0 0 0 -0 0 180 0 0
0 180 0 -0 0 0 0 180 0.987603 107.635 0 0 0 180 0 -0 0 0
0 -0 0 -180 0 -180 1.16167e-13 -143.652 6.25448e-14 -110.13 0 0 0 180 0 0 0 0
0 180 0 -180 0 -180 0 0 1.79168e-13 168.128 0 -0 0 -0 0 0 0 0
0 -0 0 -180 0 -180 4.53065e-13 100.791 9.33947e-14 172.455 0 -0 0 180 0 0 0 0
0 180 0 -0 0 -0 0 -0 1.10671e-13 -176.879 0 -180 0 -0 0 180 0 180
0 -0 0 0 0 0 0.402563 -25.6136 0.280404 -130.756 0 -180 0 -0 0 0 0 0
0 180 0 180 0 180 0 -180 1.34897 112.137 0 -0 0 180 0 180 0 180
inside=0 lambda=0.647 phi=35 theta=15
0 -0 0 -180 0 0 0.0302704 33.3456 0.00632213 -8.52954 0 0 0 -0 0 180 0 0
0 180 0 -0 0 0 0 0 1.01418 107.349 0 0 0 180 0 -0 0 0
0 -0 0 -0 0 -180 0.0272705 -16.457 0.0945419 32.56 0 0 0 180 0 0 0 0
0 180 0 -180 0 -180 0 -180 0.109914 -89.7151 0 0 0 -0 0 0 0 0
0 0 0 -180 0 180 0.0207128 37.608 0.0910931 34.321 0 0 0 -180 0 0 0 0
0 180 0 -0 0 -0 0 0 0.0992461 -78.5879 0 0 0 -180 0 0 0 0
0 0 0 0 0 -0 0.22786 38.5112 0.2837 -139.857 0 -180 0 0 0 0 0 0
0 180 0 180 0 180 0 180 1.35586 109.045 0 -0 0 0 0 0 0 0
inside=0 lambda=0.647 phi=35 theta=30
0 -0 0 -180 0 0 0 -0 0.0579508 -147.837 0 0 0 -180 0 180 0 0
0 -180 0 -0 0 0 0 180 1.08804 107.436 0 0 0 180 0 -0 0 0
0 -0 0 -180 0 -180 0 -180 0.156602 33.0807 0 0 0 180 0 0 0 0
0 180 0 -180 0 -180 0 -180 0.179907 -87.331 0 0 0 -0 0 0 0 0
0 -0 0 -180 0 180 0 -0 0.15794 34.2618 0 0 0 -180 0 0 0 0
0 180 0 -0 0 -0 0 -180 0.175454 -80.7823 0 0 0 -180 0 0 0 0
0 -0 0 0 0 -0 0 -180 0.247989 -142.283 0 -180 0 0 0 0 0 0
0 180 0 180 0 180 0 -180 1.28639 108.674 0 -0 0 0 0 0 0 0
inside=0 lambda=0.647 phi=35 theta=45
0 -0 0 -180 0 0 0 0 0.151681 -145.891 0 0 0 -180 0 -180 0 0
0 180 0 -180 0 0 0 180 1.18805 107.547 0 0 0 180 0 -0 0 0
0 -0 0 -0 0 -180 0 -180 0.181459 33.0218 0 0 0 180 0 0 0 0
0 180 0 -180 0 -180 0 -180 0.204589 -83.5433 0 0 0 -0 0 0 0 0
0 -0 0 -180 0 180 0 -0 0.181459 33.0218 0 0 0 -180 0 0 0 0
0 180 0 -180 0 -0 0 -180 0.204589 -83.5433 0 0 0 -180 0 0 0 0
0 -0 0 0 0 -180 0 -180 0.151681 -145.891 0 -180 0 0 0 0 0 0
0 180 0 180 0 180 0 -180 1.18805 107.547 0 -0 0 0 0 0 0 0
inside=0 lambda=0.647 phi=40 theta=0
0 -0 0 180 0 0 0.00492708 96.7586 0.211449 -28.5794 0 0 0 -0 0 180 0 0
0 180 0 -0 0 -0 0 180 0.798715 75.5113 0 0 0 180 0 -0 0 -0
0 -0 0 -0 0 -180 1.75906e-12 -129.631 6.28795e-13 126.422 0 -0 0 180 0 180 0 0
0 180 0 180 0 -180 0 -0 8.55446e-13 23.6413 0 0 0 -0 0 -0 0 0
0 0 0 -180 0 -180 2.61183e-12 -155.623 1.01632e-12 -93.8548 0 -180 0 -180 0 0 0 0
0 180 0 -0 0 -180 0 -0 2.0747e-13 -7.41269 0 0 0 -0 0 180 0 0
0 0 0 0 0 0 0.561642 53.7802 0.493201 126.991 0 -180 0 0 0 0 0 0
0 -180 0 180 0 0 0 -180 1.3 80.9006 0 -180 0 -180 0 180 0 0
inside=0 lambda=0.647 phi=40 theta=15
0 -0 0 180 0 0 0.0617452 33.8369 0.161023 -25.1482 0 0 0 -0 0 180 0 0
0 180 0 -0 0 0 0 180 0.851207 74.8247 0 0 0 180 0 -0 0 -0
0 -0 0 -0 0 -180 0.108102 95.2053 0.172314 -21.1932 0 0 0 180 0 0 0 0
0 180 0 180 0 -180 0 -180 0.225451 -120.964 0 0 0 -0 0 -0 0 0
0 0 0 -180 0 -180 0.166843 14.4405 0.156492 -26.2367 0 0 0 -180 0 0 0 0
0 180 0 -0 0 -0 0 180 0.169067 -103.854 0 -0 0 -0 0 0 0 0
0 -0 0 0 0 -0 0.621875 -0.100851 0.305504 136.005 0 -180 0 0 0 0 0 0
0 180 0 180 0 180 0 -180 1.34573 81.4059 0 -180 0 180 0 0 0 0
inside=0 lambda=0.647 phi=40 theta=30
0 -0 0 180 0 0 0.0754407 -30.3588 0.0435497 23.1718 0 0 0 -180 0 180 0 0
0 180 0 -180 0 0 0 180 0.978647 74.2683 0 0 0 180 0 -0 0 -0
0 -0 0 -180 0 -180 0.0258144 166.059 0.2957 -31.3324 0 0 0 180 0 0 0 0
0 180 0 180 0 -180 0 180 0.341566 -118.254 0 0 0 -0 0 -0 0 0
0 -0 0 180 0 180 0.192661 -50.2503 0.289468 -29.9313 0 0 0 -180 0 0 0 0
0 180 0 -180 0 -0 0 -180 0.329746 -109.59 0 -0 0 -180 0 0 0 0
0 -0 0 0 0 -180 0.434343 -54.009 0.284492 148.671 0 -180 0 0 0 0 0 0
0 180 0 180 0 180 0 -180 1.33787 76.9245 0 -180 0 0 0 0 0 0
inside=0 lambda=0.647 phi=40 theta=45
0 -0 0 -180 0 0 0 0 0.144232 133.15 0 0 0 -180 0 -180 0 0
0 180 0 -180 0 0 0 180 1.17564 74.4978 0 0 0 180 0 -0 0 0
0 0 0 -180 0 -180 0 -180 0.34729 -32.1221 0 0 0 180 0 0 0 0
0 180 0 180 0 -180 0 -180 0.383272 -114.149 0 0 0 -0 0 -0 0 0
0 0 0 -180 0 180 0 -180 0.34729 -32.1221 0 0 0 -180 0 0 0 0
0 180 0 -180 0 -0 0 180 0.383272 -114.149 0 -0 0 -180 0 0 0 0
0 -0 0 0 0 -180 0 -180 0.144232 133.15 0 -180 0 0 0 0 0 0
0 180 0 180 0 180 0 -180 1.17564 74.4978 0 -0 0 0 0 0 0 0
inside=0 lambda=0.647 phi=45 theta=0
0 -0 0 180 0 180 0.0756171 -132.556 0.996805 -154.841 0 180 0 -0 0 180 0 180
0 180 0 -0 0 -0 0 180 0 180 0 -0 0 180 0 -0 0 -0
0 -0 0 -0 0 -0 3.37013e-12 -44.6877 3.26038e-12 73.4346 0 -180 0 180 0 180 0 180
0 180 0 180 0 180 0 -0 0 0 0 0 0 -0 0 -0 0 -0
0 0 0 -180 0 -180 2.11657e-12 -35.7467 1.80594e-12 103.383 0 0 0 -180 0 0 0 0
0 -0 0 180 0 -180 0 -0 0 -0 0 -0 0 180 0 -0 0 0
0 0 0 0 0 0 0.722238 -117.727 0.72969 82.8608 0 -180 0 0 0 0 0 0
0 -0 0 -0 0 0 0 -180 0 0 0 -180 0 -0 0 -0 0 0
inside=0 lambda=0.647 phi=45 theta=15
0 -0 0 180 0 180 0.0852791 106.262 0.833297 -155.628 0 180 0 -0 0 180 0 180
0 180 0 -0 0 -0 0 180 0 180 0 -0 0 0 0 -180 0 -0
0 -0 0 -0 0 -0 0.625879 77.624 0.33633 -141.221 0 0 0 180 0 180 0 180
0 180 0 180 0 180 0 -180 0 180 0 -0 0 -180 0 -180 0 -0
0 0 0 -180 0 -180 0.229762 116.493 0.393329 -138.578 0 180 0 -180 0 0 0 0
0 -180 0 -180 0 -180 0 180 0 -180 0 -180 0 0 0 -0 0 -0
0 0 0 0 0 -0 0.150466 141.347 0.868104 62.3832 0 -180 0 0 0 0 0 0
0 -180 0 0 0 0 0 -180 0 0 0 -180 0 -180 0 -0 0 -0
inside=0 lambda=0.647 phi=45 theta=30
0 -180 0 0 0 0 0.00870737 -70.6068 0.471599 -151.592 0 180 0 -0 0 180 0 180
0 180 0 -0 0 -0 0 180 0 0 0 -0 0 0 0 -180 0 -0
0 -0 0 -0 0 -0 0.132327 13.6929 0.889779 -138.296 0 0 0 180 0 180 0 180
0 180 0 180 0 180 0 180 0 180 0 -0 0 -180 0 -180 0 -0
0 0 0 -180 0 180 0.0822188 168.606 0.86146 -138.205 0 180 0 -180 0 0 0 0
0 0 0 -180 0 -180 0 0 0 -180 0 -180 0 -180 0 0 0 -0
0 -180 0 -0 0 -0 0.136036 149.094 0.468111 55.8001 0 -180 0 0 0 0 0 180
0 180 0 0 0 0 0 180 0 0 0 -180 0 0 0 -0 0 -0
inside=0 lambda=0.647 phi=45 theta=45
0 -180 0 -180 0 0 0 -0 0.0654074 127.801 0 0 0 -0 0 180 0 180
0 180 0 -0 0 -0 0 0 0 0 0 -0 0 0 0 -180 0 -0
0 -0 0 -180 0 -180 0 -0 0.997859 -142.199 0 0 0 180 0 180 0 180
0 0 0 180 0 180 0 -0 0 180 0 -0 0 -180 0 -180 0 -0
0 -0 0 -0 0 180 0 -180 0.997859 -142.199 0 180 0 -180 0 0 0 180
0 0 0 -0 0 -180 0 180 0 180 0 -180 0 180 0 -0 0 -0
0 -180 0 -0 0 -0 0 -180 0.0654074 127.801 0 180 0 0 0 0 0 180
0 180 0 0 0 0 0 -0 0 0 0 -180 0 -0 0 -0 0 -0
inside=1 lambda=0.647 phi=0 theta=0
0 0 0 -180 0 0 0 0 0.176974 -176.342 0 0 0 0 0 -180 0 0
0 -180 0 -0 0 -180 0 180 0.815488 -143.44 0 180 0 -180 0 -0 0 -180
0 0 0 -0 0 -180 0 180 1.5495e-14 -52.8223 0 0 0 -180 0 180 0 0
0 -180 0 0 0 0 0 180 1.33215e-12 119.969 0 -0 0 0 0 0 0 -180
0 0 0 180 0 -180 0 -0 6.22986e-14 58.7232 0 180 0 -180 0 0 0 0
0 -180 0 -0 0 0 0 0 1.25447e-12 127.407 0 0 0 0 0 -0 0 -180
0 0 0 0 0 0 0 -180 0.176974 -176.342 0 -180 0 0 0 0 0 0
0 -180 0 180 0 -180 0 -0 0.815488 -143.44 0 -0 0 -180 0 180 0 -180
inside=1 lambda=0.647 phi=0 theta=15
0 0 0 -180 0 0 0 0 0.176974 -176.342 0 0 0 0 0 -180 0 0
0 -180 0 -0 0 -180 0 180 0.815488 -143.44 0 180 0 -180 0 -0 0 -180
0 0 0 -0 0 -180 0 180 1.5495e-14 -52.8223 0 0 0 -180 0 180 0 0
0 -180 0 0 0 0 0 180 1.33215e-12 119.969 0 -0 0 0 0 0 0 -180
0 0 0 180 0 -180 0 -0 6.22986e-14 58.7232 0 180 0 -180 0 0 0 0
0 -180 0 -0 0 0 0 0 1.25447e-12 127.407 0 0 0 0 0 -0 0 -180
0 0 0 0 0 0 0 -180 0.176974 -176.342 0 -180 0 0 0 0 0 0
0 -180 0 180 0 -180 0 -0 0.815488 -143.44 0 -0 0 -180 0 180 0 -180
inside=1 lambda=0.647 phi=0 theta=30
0 0 0 -180 0 0 0 0 0.176974 -176.342 0 0 0 0 0 -180 0 0
0 -180 0 -0 0 -180 0 180 0.815488 -143.44 0 180 0 -180 0 -0 0 -180
0 0 0 -0 0 -180 0 180 1.5495e-14 -52.8223 0 0 0 -180 0 180 0 0
0 -180 0 0 0 0 0 180 1.33215e-12 119.969 0 -0 0 0 0 0 0 -180
0 0 0 180 0 -180 0 -0 6.22986e-14 58.7232 0 180 0 -180 0 0 0 0
0 -180 0 -0 0 0 0 0 1.25447e-12 127.407 0 0 0 0 0 -0 0 -180
0 0 0 0 0 0 0 -180 0.176974 -176.342 0 -180 0 0 0 0 0 0
0 -180 0 180 0 -180 0 -0 0.815488 -143.44 0 -0 0 -180 0 180 0 -180
inside=1 lambda=0.647 phi=0 theta=45
0 0 0 -180 0 0 0 0 0.176974 -176.342 0 0 0 0 0 -180 0 0
0 -180 0 -0 0 -180 0 180 0.815488 -143.44 0 180 0 -180 0 -0 0 -180
0 0 0 -0 0 -180 0 180 1.5495e-14 -52.8223 0 0 0 -180 0 180 0 0
0 -180 0 0 0 0 0 180 1.33215e-12 119.969 0 -0 0 0 0 0 0 -180
0 0 0 180 0 -180 0 -0 6.22986e-14 58.7232 0 180 0 -180 0 0 0 0
0 -180 0 -0 0 0 0 0 1.25447e-12 127.407 0 0 0 0 0 -0 0 -180
0 0 0 0 0 0 0 -180 0.176974 -176.342 0 -180 0 0 0 0 0 0
0 -180 0 180 0 -180 0 -0 0.815488 -143.44 0 -0 0 -180 0 180 0 -180
inside=1 lambda=0.647 phi=5 theta=0
0 0 0 -180 0 0 0 0 0.176492 -176.423 0 0 0 0 0 -180 0 0
0 -180 0 -0 0 -180 0 180 0.816384 -144.512 0 180 0 -180 0 -0 0 -180
0 0 0 -0 0 -180 0 -180 7.46414e-14 -48.1708 0 180 0 -180 0 180 0 0
0 -180 0 -0 0 0 0 0 5.85247e-13 127.823 0 0 0 0 0 180 0 -180
0 0 0 -180 0 -180 0 180 8.86848e-14 175.526 0 180 0 -180 0 0 0 0
0 -180 0 -0 0 0 0 0 3.15716e-13 118.511 0 -180 0 0 0 180 0 -180
0 0 0 0 0 0 0 -180 0.178337 -176.412 0 -180 0 0 0 0 0 0
0 -180 0 180 0 -180 0 -0 0.814462 -144.517 0 -0 0 -180 0 180 0 -180
inside=1 lambda=0.647 phi=5 theta=15
0 0 0 -180 0 0 0 0 0.176616 -176.422 0 0 0 0 0 -180 0 0
0 -180 0 -0 0 -180 0 180 0.816255 -144.512 0 180 0 -180 0 -0 0 -180
0 0 0 -0 0 -180 0 -180 0.000476146 1.96387 0 0 0 -180 0 180 0 0
0 -180 0 -0 0 0 0 -0 0.000497112 -130.71 0 180 0 0 0 180 0 -180
0 0 0 -180 0 -180 0 -0 0.000476044 1.981 0 180 0 -180 0 0 0 0
0 -180 0 -0 0 0 0 -0 0.000496939 -130.764 0 180 0 0 0 180 0 -180
0 0 0 0 0 0 0 -180 0.178213 -176.413 0 -180 0 0 0 0 0 0
0 -180 0 180 0 -180 0 -0 0.81459 -144.516 0 -0 0 -180 0 180 0 -180
inside=1 lambda=0.647 phi=5 theta=30
0 0 0 -180 0 0 0 0 0.176953 -176.42 0 0 0 0 0 -180 0 0
0 -180 0 -0 0 -180 0 180 0.815903 -144.513 0 180 0 -180 0 -0 0 -180
0 0 0 -0 0 -180 0 -180 0.000824671 1.96751 0 0 0 -180 0 180 0 0
0 -180 0 -0 0 0 0 -0 0.000860959 -130.722 0 180 0 0 0 180 0 -180
0 0 0 -180 0 -180 0 -0 0.000824569 1.9774 0 180 0 -180 0 0 0 0
0 -180 0 -0 0 0 0 -0 0.000860787 -130.753 0 180 0 0 0 180 0 -180
0 0 0 0 0 0 0 -180 0.177876 -176.415 0 -180 0 0 0 0 0 0
0 -180 0 180 0 -180 0 -0 0.814942 -144.516 0 -0 0 -180 0 180 0 -180
inside=1 lambda=0.647 phi=5 theta=45
0 0 0 -180 0 0 0 0 0.177415 -176.417 0 0 0 0 0 -180 0 0
0 -180 0 -0 0 -180 0 180 0.815423 -144.514 0 180 0 -180 0 -0 0 -180
0 0 0 -0 0 -180 0 -180 0.000952189 1.97247 0 0 0 -180 0 180 0 0
0 -180 0 -0 0 0 0 -0 0.00099405 -130.737 0 180 0 0 0 180 0 -180
0 0 0 -180 0 -180 0 -0 0.000952189 1.97247 0 180 0 -180 0 0 0 0
0 -180 0 -0 0 0 0 -0 0.00099405 -130.737 0 180 0 0 0 180 0 -180
0 0 0 0 0 0 0 -180 0.177415 -176.417 0 -180 0 0 0 0 0 0
0 -180 0 180 0 -180 0 -0 0.815423 -144.514 0 -0 0 -180 0 180 0 -180
inside=1 lambda=0.647 phi=10 theta=0
0 -0 0 -180 0 0 0 0 0.174929 -176.7 0 0 0 -0 0 -180 0 0
0 -180 0 -0 0 180 0 180 0.819123 -147.708 0 180 0 -180 0 -0 0 180
0 0 0 -0 0 -180 0 180 5.56084e-14 -146.939 0 -0 0 -180 0 180 0 0
0 -180 0 -0 0 -0 0 180 4.86428e-14 -43.7947 0 -180 0 0 0 180 0 180
0 0 0 -180 0 -180 0 180 1.40038e-13 137.264 0 -0 0 -180 0 0 0 0
0 -180 0 -0 0 0 0 -0 1.78596e-13 -98.89 0 180 0 0 0 180 0 -180
0 0 0 0 0 0 0 -180 0.18241 -176.641 0 -180 0 0 0 0 0 0
0 -180 0 180 0 -180 0 -0 0.811352 -147.724 0 -0 0 -180 0 180 0 -180
inside=1 lambda=0.647 phi=10 theta=15
0 0 0 -180 0 0 0 0 0.175431 -176.696 0 0 0 0 0 -180 0 0
0 -180 0 -0 0 180 0 180 0.818602 -147.709 0 180 0 -180 0 -0 0 180
0 0 0 -0 0 -180 0 -180 0.0019302 1.76243 0 0 0 -180 0 180 0 0
0 -180 0 -0 0 -0 0 -0 0.00200946 -133.99 0 180 0 0 0 180 0 180
0 0 0 -180 0 -180 0 -0 0.00192858 1.83764 0 0 0 -180 0 0 0 0
0 -180 0 -0 0 0 0 -0 0.00200671 -134.207 0 180 0 0 0 180 0 -180
0 0 0 0 0 0 0 -180 0.18191 -176.646 0 -180 0 0 0 0 0 0
0 -180 0 180 0 -180 0 -0 0.811872 -147.723 0 -0 0 -180 0 180 0 -180
inside=1 lambda=0.647 phi=10 theta=30
0 0 0 -180 0 0 0 0 0.176802 -176.686 0 0 0 0 0 -180 0 0
0 -180 0 -0 0 180 0 180 0.817179 -147.712 0 180 0 -180 0 -0 0 180
0 0 0 -0 0 -180 0 -180 0.00334258 1.77877 0 0 0 -180 0 180 0 0
0 -180 0 -0 0 -0 0 -0 0.00347945 -134.038 0 180 0 0 0 180 0 180
0 0 0 -180 0 -180 0 -0 0.00334096 1.82217 0 0 0 -180 0 0 0 0
0 -180 0 -0 0 0 0 -0 0.0034767 -134.163 0 180 0 0 0 180 0 -180
0 0 0 0 0 0 0 -180 0.180543 -176.657 0 -180 0 0 0 0 0 0
0 -180 0 180 0 -180 0 -0 0.813293 -147.72 0 -0 0 -180 0 180 0 -180
inside=1 lambda=0.647 phi=10 theta=45
0 0 0 -180 0 0 0 0 0.178673 -176.671 0 0 0 0 0 -180 0 0
0 -180 0 -0 0 180 0 180 0.815236 -147.716 0 180 0 -180 0 -0 0 180
0 0 0 -0 0 -180 0 -180 0.00385873 1.80069 0 0 0 -180 0 0 0 0
0 -180 0 -0 0 0 0 -0 0.00401612 -134.101 0 180 0 0 0 180 0 -180
0 0 0 -180 0 -180 0 -0 0.00385873 1.80069 0 0 0 -180 0 0 0 0
0 -180 0 -0 0 0 0 -0 0.00401612 -134.101 0 180 0 0 0 180 0 -180
0 0 0 0 0 0 0 -180 0.178673 -176.671 0 -180 0 0 0 0 0 0
0 -180 0 180 0 -180 0 -0 0.815236 -147.716 0 -0 0 180 0 180 0 180
inside=1 lambda=0.647 phi=15 theta=0
0 -0 0 -180 0 0 0 0 0.171904 -177.268 0 0 0 -0 0 -180 0 0
0 -180 0 -0 0 180 0 180 0.82387 -152.961 0 180 0 -180 0 -0 0 180
0 0 0 -0 0 -180 0 180 2.32672e-14 93.1724 0 180 0 -180 0 180 0 0
0 -180 0 -0 0 -0 0 0 2.03137e-13 118.674 0 -0 0 0 0 180 0 180
0 0 0 -180 0 -180 0 180 1.21842e-13 103.216 0 -0 0 -180 0 0 0 0
0 -180 0 -0 0 0 0 -180 1.80681e-13 125.619 0 180 0 0 0 180 0 -180
0 0 0 0 0 0 0 -180 0.18913 -177.08 0 -180 0 0 0 0 0 0
0 -180 0 180 0 -180 0 -0 0.80607 -152.993 0 -0 0 -180 0 180 0 -180
inside=1 lambda=0.647 phi=15 theta=15
0 -0 0 -180 0 0 0 0 0.173062 -177.256 0 0 0 -0 0 -180 0 0
0 -180 0 -0 0 180 0 180 0.822676 -152.964 0 180 0 -180 0 -0 0 180
0 0 0 -0 0 -180 0 -180 0.00443667 1.38129 0 0 0 -180 0 180 0 0
0 -180 0 -0 0 -0 0 -0 0.00459997 -139.394 0 180 0 0 0 180 0 180
0 0 0 -180 0 -180 0 -0 0.00442883 1.57471 0 0 0 -180 0 0 0 0
0 -180 0 -0 0 0 0 -0 0.00458617 -139.88 0 180 0 -0 0 180 0 180
0 0 0 0 0 0 0 -180 0.187982 -177.093 0 -180 0 0 0 0 0 0
0 -180 0 180 0 -180 0 -0 0.80726 -152.991 0 -0 0 180 0 180 0 180
inside=1 lambda=0.647 phi=15 theta=30
0 -0 0 -180 0 0 0 0 0.176224 -177.223 0 0 0 -0 0 -180 0 0
0 -180 0 -0 0 180 0 180 0.819415 -152.971 0 180 0 -180 0 -0 0 180
0 0 0 -0 0 -180 0 -180 0.00768133 1.42474 0 0 0 -180 0 0 0 0
0 -180 0 -0 0 -0 0 -0 0.00796199 -139.505 0 180 0 0 0 180 0 180
0 0 0 -180 0 -180 0 -0 0.00767353 1.53617 0 0 0 -180 0 0 0 0
0 -180 0 -0 0 0 0 -0 0.00794822 -139.785 0 180 0 -0 0 180 0 180
0 0 0 0 0 0 0 -180 0.184839 -177.13 0 -180 0 0 0 0 0 0
0 -180 0 180 0 -180 0 -0 0.810514 -152.986 0 -0 0 180 0 180 0 180
inside=1 lambda=0.647 phi=15 theta=45
0 -0 0 -180 0 0 0 0 0.180536 -177.177 0 0 0 -0 0 -180 0 0
0 -180 0 -0 0 180 0 180 0.814963 -152.979 0 180 0 -180 0 -0 0 180
0 0 0 -0 0 -180 0 -180 0.00886495 1.48168 0 0 0 -180 0 0 0 0
0 -180 0 -0 0 -0 0 -0 0.00918557 -139.649 0 180 0 0 0 180 0 180
0 0 0 -180 0 -180 0 -0 0.00886495 1.48168 0 0 0 -180 0 0 0 0
0 -180 0 -0 0 0 0 -0 0.00918557 -139.649 0 180 0 -0 0 180 0 180
0 -0 0 0 0 -0 0 -180 0.180536 -177.177 0 -180 0 0 0 0 0 0
0 -180 0 180 0 -180 0 -0 0.814963 -152.979 0 -0 0 180 0 180 0 180
inside=1 lambda=0.647 phi=20 theta=0
0 -0 0 -180 0 0 0 0 0.166715 -178.256 0 0 0 -0 0 -180 0 0
0 -180 0 -0 0 180 0 180 0.830915 -160.166 0 180 0 -180 0 -0 0 180
0 0 0 -0 0 -180 0 -0 2.22396e-14 -26.7104 0 180 0 -180 0 180 0 0
0 -180 0 -0 0 -0 0 -180 6.44047e-14 -87.7863 0 0 0 0 0 180 0 180
0 0 0 -180 0 -180 0 -0 4.53009e-14 -139.656 0 180 0 -180 0 0 0 0
0 180 0 -0 0 -0 0 -0 2.00436e-13 -65.2233 0 -0 0 -0 0 180 0 180
0 0 0 0 0 0 0 -180 0.198337 -177.77 0 -180 0 0 0 0 0 0
0 -180 0 180 0 -180 0 -0 0.798478 -160.205 0 -0 0 -180 0 180 0 -180
inside=1 lambda=0.647 phi=20 theta=15
0 -0 0 -180 0 0 0 0 0.168845 -178.225 0 0 0 -0 0 -180 0 0
0 -180 0 -0 0 180 0 180 0.828737 -160.17 0 180 0 -180 0 -0 0 180
0 0 0 -0 0 -180 0 -180 0.00811004 0.778003 0 0 0 -180 0 0 0 0
0 -180 0 -0 0 -0 0 -0 0.00837262 -146.815 0 180 0 0 0 180 0 180
0 0 0 -180 0 -180 0 -0 0.00808845 1.17762 0 0 0 -180 0 0 0 0
0 180 0 -0 0 0 0 -0 0.00832999 -147.679 0 180 0 -0 0 180 0 180
0 0 0 0 0 0 0 -180 0.196235 -177.805 0 -180 0 0 0 0 0 0
0 -180 0 180 0 -180 0 -0 0.800645 -160.204 0 -0 0 180 0 180 0 180
inside=1 lambda=0.647 phi=20 theta=30
0 -0 0 -180 0 0 0 0 0.174659 -178.14 0 0 0 -0 0 -180 0 0
0 -180 0 -0 0 180 0 180 0.82279 -160.18 0 180 0 -180 0 -0 0 180
0 0 0 -0 0 -180 0 -180 0.0140373 0.872039 0 0 0 -180 0 0 0 0
0 -180 0 -0 0 -0 0 -0 0.0144842 -147.025 0 180 0 0 0 180 0 180
0 0 0 -180 0 -180 0 -0 0.014016 1.10111 0 0 0 -180 0 0 0 0
0 -180 0 -0 0 0 0 -0 0.0144419 -147.522 0 180 0 -0 0 180 0 180
0 0 0 0 0 -0 0 -180 0.190476 -177.899 0 -180 0 0 0 0 0 0
0 -180 0 180 0 -180 0 -0 0.806571 -160.2 0 -0 0 180 0 180 0 180
inside=1 lambda=0.647 phi=20 theta=45
0 -0 0 -180 0 0 0 0 0.182581 -178.021 0 0 0 -0 0 -180 0 0
0 -180 0 -0 0 180 0 180 0.814675 -160.191 0 180 0 -180 0 -0 0 180
0 0 0 -0 0 -180 0 -180 0.0161956 0.990914 0 0 0 -180 0 0 0 0
0 -180 0 -0 0 -0 0 -0 0.0166994 -147.287 0 180 0 0 0 180 0 180
0 0 0 -180 0 -180 0 -0 0.0161956 0.990914 0 0 0 -180 0 0 0 0
0 -180 0 -0 0 0 0 -0 0.0166994 -147.287 0 180 0 -0 0 180 0 180
0 -0 0 0 0 -0 0 -180 0.182581 -178.021 0 -180 0 0 0 0 0 0
0 -180 0 180 0 -180 0 -0 0.814675 -160.191 0 -0 0 180 0 180 0 180
inside=1 lambda=0.647 phi=25 theta=0
0 -0 0 -180 0 0 0 0 0.158323 -179.787 0 0 0 -0 0 -180 0 0
0 -180 0 -0 0 180 0 180 0.840678 -169.174 0 180 0 -180 0 -0 0 180
0 -0 0 -0 0 -180 0 180 1.61741e-14 146.957 0 180 0 180 0 180 0 0
0 -180 0 -0 0 -0 0 -0 1.23262e-13 110.466 0 -180 0 0 0 180 0 180
0 0 0 -180 0 -180 0 -0 4.62803e-15 128.603 0 -0 0 -180 0 0 0 0
0 180 0 -0 0 -0 0 -180 6.6978e-14 103.973 0 -180 0 -0 0 180 0 180
0 0 0 0 0 0 0 -180 0.209748 -178.701 0 -180 0 0 0 0 0 0
0 180 0 180 0 180 0 -0 0.788393 -169.194 0 -0 0 180 0 180 0 180
inside=1 lambda=0.647 phi=25 theta=15
0 -0 0 -180 0 0 0 0 0.16179 -179.714 0 0 0 -0 0 -180 0 0
0 -180 0 -0 0 180 0 180 0.837165 -169.179 0 180 0 -180 0 -0 0 180
0 -0 0 -0 0 -180 0 -180 0.013086 -0.0592253 0 0 0 180 0 0 0 0
0 -180 0 -0 0 -0 0 -0 0.0134699 -156.082 0 180 0 0 0 180 0 180
0 0 0 -180 0 -180 0 -0 0.0130494 0.661644 0 0 0 -180 0 0 0 0
0 180 0 -0 0 -0 0 -0 0.0133706 -157.444 0 180 0 -0 0 180 0 180
0 0 0 0 0 0 0 -180 0.206338 -178.779 0 -180 0 0 0 0 0 0
0 -180 0 180 0 -180 0 -0 0.791883 -169.198 0 -0 0 180 0 180 0 180
inside=1 lambda=0.647 phi=25 theta=30
0 -0 0 -180 0 0 0 0 0.171251 -179.518 0 0 0 -0 0 -180 0 0
0 -180 0 -0 0 180 0 180 0.827575 -169.19 0 180 0 -180 0 -0 0 180
0 0 0 -0 0 -180 0 -180 0.0226458 0.120914 0 0 0 180 0 0 0 0
0 -180 0 -0 0 -0 0 -0 0.0232862 -156.441 0 180 0 0 0 180 0 180
0 0 0 -180 0 -180 0 -0 0.0226111 0.529562 0 0 0 -180 0 0 0 0
0 180 0 -0 0 0 0 -0 0.0231886 -157.222 0 180 0 -0 0 180 0 180
0 -0 0 0 0 -0 0 -180 0.196985 -178.986 0 -180 0 0 0 0 0 0
0 -180 0 180 0 -180 0 -0 0.801429 -169.202 0 -0 0 180 0 180 0 180
inside=1 lambda=0.647 phi=25 theta=45
0 -0 0 -180 0 0 0 0 0.184144 -179.255 0 0 0 -0 0 -180 0 0
0 -180 0 -0 0 180 0 180 0.814491 -169.2 0 180 0 -180 0 -0 0 180
0 0 0 -0 0 -180 0 -180 0.026126 0.336966 0 0 0 180 0 0 0 0
0 -180 0 -0 0 -0 0 -0 0.0268282 -156.865 0 180 0 0 0 180 0 180
0 0 0 -180 0 180 0 -0 0.026126 0.336966 0 0 0 -180 0 0 0 0
0 -180 0 -0 0 0 0 -0 0.0268282 -156.865 0 180 0 -0 0 180 0 180
0 -0 0 0 0 -0 0 -180 0.184144 -179.255 0 -180 0 0 0 0 0 0
0 -180 0 180 0 -180 0 -0 0.814491 -169.2 0 -0 0 180 0 180 0 180
inside=1 lambda=0.647 phi=30 theta=0
0 -0 0 -180 0 0 0 0 0.145454 178.059 0 0 0 -0 0 -180 0 0
0 -180 0 -0 0 180 0 180 0.853703 -179.799 0 180 0 -180 0 -0 0 180
0 -0 0 -0 0 -180 0 180 7.18527e-15 -16.521 0 -0 0 180 0 180 0 0
0 -180 0 -0 0 -0 0 0 8.44799e-14 -91.6712 0 180 0 0 0 180 0 180
0 0 0 -180 0 -180 0 180 1.23043e-14 -147.619 0 -0 0 -180 0 0 0 0
0 180 0 -0 0 -0 0 0 3.75078e-15 166.702 0 180 0 -0 0 180 0 180
0 0 0 0 0 0 0 -180 0.223047 -179.765 0 -180 0 0 0 0 0 0
0 180 0 180 0 180 0 -0 0.775574 -179.745 0 -0 0 180 0 180 0 180
inside=1 lambda=0.647 phi=30 theta=15
0 -0 0 -180 0 0 0 0 0.150673 178.222 0 0 0 -0 0 -180 0 0
0 -180 0 -0 0 180 0 180 0.848454 -179.802 0 180 0 -180 0 -0 0 180
0 -0 0 -0 0 -180 0 -180 0.0194949 -1.07651 0 0 0 180 0 0 0 0
0 -180 0 -0 0 -0 0 -0 0.0200714 -166.938 0 180 0 0 0 180 0 180
0 0 0 -180 0 -180 0 -0 0.0194773 0.0900141 0 0 0 -180 0 0 0 0
0 180 0 -0 0 -0 0 -0 0.0198809 -168.95 0 180 0 -0 0 180 0 180
0 0 0 0 0 -0 0 -180 0.217897 -179.921 0 -180 0 0 0 0 0 0
0 -180 0 180 0 -180 0 -0 0.780789 -179.761 0 -0 0 180 0 180 0 180
inside=1 lambda=0.647 phi=30 theta=30
0 -0 0 -180 0 0 0 0 0.164927 178.638 0 0 0 -0 0 -180 0 0
0 -180 0 -0 0 180 0 180 0.834125 -179.809 0 180 0 -180 0 -0 0 180
0 -0 0 -0 0 -180 0 -180 0.0337444 -0.761934 0 0 0 180 0 0 0 0
0 180 0 -0 0 -0 0 -0 0.0346693 -167.524 0 180 0 0 0 180 0 180
0 0 0 -180 0 180 0 -0 0.0337325 -0.114927 0 0 0 -180 0 0 0 0
0 180 0 -0 0 -0 0 -0 0.0344857 -168.666 0 180 0 -0 0 180 0 180
0 -0 0 0 0 -0 0 -180 0.203767 179.68 0 -180 0 0 0 0 0 0
0 -180 0 180 0 -180 0 -0 0.795055 -179.791 0 -0 0 180 0 180 0 180
inside=1 lambda=0.647 phi=30 theta=45
0 -0 0 -180 0 0 0 0 0.184374 179.164 0 0 0 -0 0 -180 0 0
0 -180 0 -0 0 180 0 180 0.814575 -179.809 0 180 0 -180 0 -0 0 180
0 0 0 -0 0 -180 0 -180 0.0389514 -0.412524 0 0 0 180 0 0 0 0
0 180 0 -0 0 -0 0 -0 0.0399147 -168.167 0 180 0 0 0 180 0 180
0 0 0 -180 0 180 0 -0 0.0389514 -0.412524 0 0 0 -180 0 0 0 0
0 180 0 -0 0 0 0 -0 0.0399147 -168.167 0 180 0 -0 0 180 0 180
0 -0 0 0 0 -0 0 -180 0.184374 179.164 0 -180 0 0 0 0 0 0
0 -180 0 180 0 -180 0 -0 0.814575 -179.809 0 -0 0 180 0 180 0 180
inside=1 lambda=0.647 phi=35 theta=0
0 -0 0 -180 0 0 0 0 0.126837 175.247 0 0 0 -0 0 -180 0 0
0 -180 0 -0 0 180 0 180 0.870623 168.189 0 180 0 -180 0 -0 0 180
0 -0 0 -180 0 -180 0 -180 1.28689e-14 -178.564 0 -0 0 180 0 0 0 0
0 -180 0 -180 0 -0 0 0 1.54889e-14 43.6494 0 -180 0 0 0 0 0 180
0 0 0 -180 0 -180 0 -0 3.30142e-14 -43.6674 0 -0 0 -180 0 0 0 0
0 180 0 -0 0 -0 0 -180 6.60053e-14 97.5405 0 -180 0 -0 0 180 0 180
0 0 0 0 0 0 0 -180 0.238167 179.262 0 -180 0 0 0 0 0 0
0 180 0 180 0 180 0 -0 0.759665 168.417 0 -0 0 180 0 180 0 180
inside=1 lambda=0.647 phi=35 theta=15
0 -0 0 -180 0 0 0 0 0.134278 175.609 0 0 0 -0 0 -180 0 0
0 -180 0 -0 0 180 0 180 0.863178 168.188 0 180 0 -180 0 -0 0 180
0 -0 0 -0 0 -180 0 -180 0.0274417 -2.13167 0 0 0 180 0 0 0 0
0 180 0 -180 0 -0 0 -0 0.0284015 -179.02 0 180 0 0 0 0 0 180
0 0 0 -180 0 -180 0 -0 0.0275735 -0.426286 0 0 0 -180 0 0 0 0
0 180 0 -0 0 -0 0 -180 0.0280861 178.1 0 180 0 -0 0 180 0 180
0 0 0 0 0 -0 0 -180 0.2307 178.977 0 -180 0 0 0 0 0 0
0 180 0 180 0 -180 0 -0 0.76709 168.37 0 -0 0 180 0 180 0 180
inside=1 lambda=0.647 phi=35 theta=30
0 -0 0 -180 0 0 0 0 0.154615 176.455 0 0 0 -0 0 -180 0 0
0 -180 0 -0 0 180 0 180 0.842854 168.192 0 180 0 -180 0 -0 0 180
0 -0 0 -0 0 -180 0 -180 0.0475594 -1.625 0 0 0 180 0 0 0 0
0 180 0 -180 0 -0 0 -0 0.0490075 -179.96 0 180 0 0 0 0 0 180
0 0 0 -180 0 180 0 -0 0.0476973 -0.716658 0 0 0 -180 0 0 0 0
0 180 0 -0 0 -0 0 -180 0.0487135 178.429 0 180 0 -0 0 180 0 180
0 -0 0 0 0 -0 0 -180 0.210296 178.291 0 -180 0 0 0 0 0 0
0 -180 0 180 0 -180 0 -0 0.787382 168.282 0 -0 0 180 0 180 0 180
inside=1 lambda=0.647 phi=35 theta=45
0 -0 0 -180 0 0 0 0 0.182436 177.414 0 0 0 -0 0 -180 0 0
0 -180 0 -0 0 180 0 180 0.815111 168.218 0 180 0 -180 0 -0 0 180
0 -0 0 -0 0 -180 0 -180 0.0549895 -1.12283 0 0 0 180 0 0 0 0
0 180 0 -180 0 -0 0 -0 0.0563887 179.096 0 180 0 -0 0 0 0 180
0 -0 0 -180 0 180 0 -0 0.0549895 -1.12283 0 0 0 -180 0 0 0 0
0 180 0 -0 0 -0 0 -180 0.0563887 179.096 0 0 0 -0 0 180 0 180
0 -0 0 0 0 -0 0 -180 0.182436 177.414 0 -180 0 0 0 0 0 0
0 -180 0 180 0 -180 0 -0 0.815111 168.218 0 -0 0 180 0 180 0 180
inside=1 lambda=0.647 phi=40 theta=0
0 -0 0 -180 0 0 0 0 0.101439 171.651 0 0 0 -0 0 -180 0 0
0 -180 0 -0 0 180 0 180 0.892152 155.074 0 180 0 -180 0 -0 0 180
0 -0 0 -180 0 -180 0 -0 4.82726e-14 147.649 0 -0 0 180 0 0 0 0
0 180 0 -180 0 -0 0 -0 1.10234e-13 -105.879 0 -180 0 -0 0 0 0 180
0 0 0 -180 0 -180 0 180 7.86299e-14 -48.9672 0 180 0 -180 0 0 0 0
0 180 0 -0 0 -0 0 -0 2.07862e-13 -103.553 0 -0 0 -0 0 180 0 180
0 0 0 0 0 0 0 -180 0.256012 178.717 0 -180 0 0 0 0 0 0
0 180 0 180 0 180 0 -180 0.740031 155.655 0 -0 0 180 0 180 0 180
inside=1 lambda=0.647 phi=40 theta=15
0 -0 0 -180 0 0 0 0 0.11168 172.511 0 0 0 -0 0 -180 0 0
0 -180 0 -0 0 180 0 180 0.881976 155.071 0 180 0 -180 0 -0 0 180
0 -0 0 -0 0 -180 0 -180 0.037011 -3.00232 0 0 0 180 0 0 0 0
0 180 0 -180 0 -0 0 -0 0.0387688 168.179 0 180 0 -0 0 0 0 180
0 0 0 -180 0 -180 0 -0 0.0376346 -0.756335 0 0 0 -180 0 0 0 0
0 180 0 -0 0 -0 0 -180 0.0382963 164.073 0 0 0 -0 0 180 0 180
0 -0 0 0 0 -0 0 -180 0.2452 178.201 0 -180 0 0 0 0 0 0
0 180 0 180 0 180 0 -0 0.750317 155.523 0 -0 0 180 0 180 0 180
inside=1 lambda=0.647 phi=40 theta=30
0 -0 0 -180 0 0 0 0 0.139575 174.218 0 0 0 -0 0 -180 0 0
0 -180 0 -0 0 180 0 180 0.8542 155.089 0 180 0 -180 0 -0 0 180
0 -0 0 -0 0 -180 0 -180 0.0643716 -2.2446 0 0 0 180 0 0 0 0
0 180 0 -180 0 -0 0 -0 0.066799 166.638 0 180 0 -0 0 0 0 180
0 0 0 -180 0 180 0 -0 0.0649419 -1.1356 0 0 0 -180 0 0 0 0
0 180 0 -0 0 -0 0 -180 0.0663815 164.412 0 0 0 -0 0 180 0 180
0 -0 0 0 0 -0 0 -180 0.216448 177.143 0 -180 0 0 0 0 0 0
0 -180 0 180 0 -180 0 -0 0.778244 155.306 0 -0 0 180 0 180 0 180
inside=1 lambda=0.647 phi=40 theta=45
0 -0 0 -180 0 0 0 0 0.177836 175.828 0 0 0 -0 0 -180 0 0
0 -180 0 -0 0 180 0 180 0.816251 155.158 0 180 0 -180 0 -0 0 180
0 -0 0 -0 0 -180 0 -180 0.0746672 -1.61561 0 0 0 180 0 0 0 0
0 180 0 -180 0 -0 0 -0 0.0768226 165.278 0 180 0 -0 0 0 0 180
0 -0 0 -180 0 180 0 -0 0.0746672 -1.61561 0 0 0 -180 0 0 0 0
0 180 0 -0 0 -0 0 -180 0.0768226 165.278 0 0 0 -0 0 180 0 180
0 -0 0 0 0 -0 0 -180 0.177836 175.828 0 -180 0 0 0 0 0 0
0 -180 0 180 0 -180 0 -0 0.816251 155.158 0 -0 0 180 0 180 0 180
inside=1 lambda=0.647 phi=45 theta=0
0 -0 0 180 0 0 0 -0 0.0676165 163.615 0 0 0 -0 0 180 0 0
0 -180 0 -0 0 0 0.0223924 75.8472 0.916775 141.344 0 0 0 -180 0 -0 0 0
0 -0 0 -180 0 -180 0 0 2.57397e-14 135.691 0 180 0 180 0 0 0 0
0 180 0 -180 0 -180 1.51437e-13 90.5884 3.3345e-14 -142.165 0 -180 0 -0 0 0 0 0
0 0 0 -180 0 -180 0 -180 2.17821e-13 -46.6556 0 -180 0 -180 0 0 0 0
0 180 0 -0 0 -0 7.61984e-13 -3.10884 2.32998e-13 171.761 0 180 0 -0 0 180 0 180
0 0 0 0 0 0 0 -180 0.278761 -179.163 0 -180 0 0 0 0 0 0
0 180 0 180 0 180 0.282599 -89.0634 0.709317 142.73 0 -0 0 180 0 180 0 180
inside=1 lambda=0.647 phi=45 theta=15
0 -0 0 -180 0 0 0 -0 0.0821831 168.772 0 0 0 -0 0 180 0 0
0 -180 0 -0 0 0 0 180 0.905619 141.2 0 0 0 -180 0 -0 0 0
0 -0 0 -0 0 -180 0 -180 0.0482162 -3.47219 0 0 0 180 0 0 0 0
0 180 0 -180 0 -180 0 -180 0.0516832 155.499 0 0 0 -0 0 0 0 0
0 0 0 -180 0 180 0 -0 0.0502401 -0.795216 0 0 0 -180 0 0 0 0
0 180 0 -0 0 -0 0 -180 0.0509872 149.469 0 0 0 -0 0 180 0 180
0 -0 0 0 0 -0 0 -180 0.263776 178.06 0 -180 0 0 0 0 0 0
0 180 0 180 0 180 0 -180 0.729504 142.159 0 -0 0 180 0 180 0 180
inside=1 lambda=0.647 phi=45 theta=30
0 -0 0 -180 0 0 0 0 0.119689 172.371 0 0 0 -0 0 180 0 0
0 -180 0 -0 0 0 0 180 0.86863 141.205 0 0 0 -180 0 -0 0 0
0 -0 0 -0 0 -180 0 -180 0.0847213 -2.38432 0 0 0 180 0 0 0 0
0 180 0 -180 0 -180 0 -0 0.0887844 152.711 0 0 0 -0 0 0 0 0
0 -0 0 -180 0 180 0 -0 0.0861778 -1.26464 0 0 0 -180 0 0 0 0
0 180 0 -0 0 -0 0 -180 0.0882169 149.669 0 0 0 -0 0 180 0 180
0 -0 0 0 0 -0 0 -180 0.222874 176.553 0 -180 0 0 0 0 0 0
0 -180 0 180 0 -180 0 -180 0.767302 141.622 0 -0 0 180 0 180 0 180
inside=1 lambda=0.647 phi=45 theta=45
0 -0 0 -180 0 0 0 0 0.170785 174.86 0 0 0 -0 0 -180 0 0
0 -180 0 -0 0 0 0 180 0.818075 141.334 0 0 0 -180 0 -0 0 0
0 -0 0 -0 0 -180 0 -180 0.0987292 -1.73032 0 0 0 180 0 0 0 0
0 180 0 -180 0 -0 0 -0 0.102045 150.774 0 0 0 -0 0 0 0 180
0 -0 0 -180 0 180 0 -0 0.0987292 -1.73032 0 0 0 -180 0 0 0 0
0 180 0 -0 0 -0 0 -180 0.102045 150.774 0 0 0 -0 0 0 0 180
0 -0 0 0 0 -0 0 -180 0.170785 174.86 0 -180 0 0 0 0 0 0
0 -180 0 180 0 -180 0 -0 0.818075 141.334 0 -0 0 0 0 0 0 0
