RSoft_BSDF_File_Version 2
1 0 5 2 1 0.365714
0.3 0.3
-1 1
-1 1
1 0.647 0.647
10 0 45 0.5
4 0 45
Begin_Dispersion_Data
0.647 1.45662 0 1 0 0
End_Dispersion_Data
inside=0 lambda=0.647 phi=0 theta=0
0 -180 0 -180 0 -180 0 0 0.171598 8.05951 0 0 0 -180 0 -180 0 -180
0 0 0 0 0 0 0 -180 1.189 -146.981 0 -180 0 0 0 0 0 0
0 -180 0 -180 0 0 0 0 7.574e-13 146.365 0 0 0 0 0 -180 0 -180
0 0 0 180 0 -180 0 -0 1.99355e-12 109.446 0 -0 0 -180 0 180 0 0
0 -180 0 -180 0 0 0 0 2.70853e-12 -172.027 0 0 0 0 0 -180 0 -180
0 0 0 180 0 -180 0 -180 2.65421e-12 93.5138 0 0 0 -180 0 180 0 0
0 -180 0 0 0 -180 0 -180 0.171598 8.05951 0 -180 0 -180 0 0 0 -180
0 0 0 -180 0 0 0 0 1.189 -146.981 0 0 0 0 0 -180 0 0
inside=0 lambda=0.647 phi=0 theta=15
0 -180 0 -180 0 -180 0 0 0.171598 8.05951 0 0 0 -180 0 -180 0 -180
0 0 0 0 0 0 0 -180 1.189 -146.981 0 -180 0 0 0 0 0 0
0 -180 0 -180 0 0 0 0 7.574e-13 146.365 0 0 0 0 0 -180 0 -180
0 0 0 180 0 -180 0 -0 1.99355e-12 109.446 0 -0 0 -180 0 180 0 0
0 -180 0 -180 0 0 0 0 2.70853e-12 -172.027 0 0 0 0 0 -180 0 -180
0 0 0 180 0 -180 0 -180 2.65421e-12 93.5138 0 0 0 -180 0 180 0 0
0 -180 0 0 0 -180 0 -180 0.171598 8.05951 0 -180 0 -180 0 0 0 -180
0 0 0 -180 0 0 0 0 1.189 -146.981 0 0 0 0 0 -180 0 0
inside=0 lambda=0.647 phi=0 theta=30
0 -180 0 -180 0 -180 0 0 0.171598 8.05951 0 0 0 -180 0 -180 0 -180
0 0 0 0 0 0 0 -180 1.189 -146.981 0 -180 0 0 0 0 0 0
0 -180 0 -180 0 0 0 0 7.574e-13 146.365 0 0 0 0 0 -180 0 -180
0 0 0 180 0 -180 0 -0 1.99355e-12 109.446 0 -0 0 -180 0 180 0 0
0 -180 0 -180 0 0 0 0 2.70853e-12 -172.027 0 0 0 0 0 -180 0 -180
0 0 0 180 0 -180 0 -180 2.65421e-12 93.5138 0 0 0 -180 0 180 0 0
0 -180 0 0 0 -180 0 -180 0.171598 8.05951 0 -180 0 -180 0 0 0 -180
0 0 0 -180 0 0 0 0 1.189 -146.981 0 0 0 0 0 -180 0 0
inside=0 lambda=0.647 phi=0 theta=45
0 -180 0 -180 0 -180 0 0 0.171598 8.05951 0 0 0 -180 0 -180 0 -180
0 0 0 0 0 0 0 -180 1.189 -146.981 0 -180 0 0 0 0 0 0
0 -180 0 -180 0 0 0 0 7.574e-13 146.365 0 0 0 0 0 -180 0 -180
0 0 0 180 0 -180 0 -0 1.99355e-12 109.446 0 -0 0 -180 0 180 0 0
0 -180 0 -180 0 0 0 0 2.70853e-12 -172.027 0 0 0 0 0 -180 0 -180
0 0 0 180 0 -180 0 -180 2.65421e-12 93.5138 0 0 0 -180 0 180 0 0
0 -180 0 0 0 -180 0 -180 0.171598 8.05951 0 -180 0 -180 0 0 0 -180
0 0 0 -180 0 0 0 0 1.189 -146.981 0 0 0 0 0 -180 0 0
inside=0 lambda=0.647 phi=5 theta=0
0 -180 0 -180 0 -180 0 0 0.170713 7.88618 0 0 0 -180 0 -180 0 -180
0 0 0 0 0 0 0 -180 1.18663 -148.502 0 180 0 0 0 0 0 0
0 -180 0 -0 0 0 0 180 3.79995e-13 176.639 0 -180 0 0 0 180 0 -180
0 0 0 -0 0 -180 0 180 7.30474e-13 108.743 0 180 0 -180 0 180 0 0
0 -180 0 -180 0 0 0 -180 4.66699e-13 38.9366 0 -0 0 0 0 0 0 -180
0 0 0 0 0 -180 0 -0 9.04542e-13 151.457 0 0 0 -180 0 -180 0 0
0 -180 0 0 0 -180 0 -180 0.174578 7.89266 0 -180 0 -180 0 0 0 -180
0 0 0 -180 0 0 0 0 1.19093 -148.552 0 0 0 0 0 -180 0 0
inside=0 lambda=0.647 phi=5 theta=15
0 -180 0 -180 0 -180 0 0 0.170972 7.88662 0 0 0 -180 0 -180 0 -180
0 0 0 0 0 0 0 -180 1.18691 -148.506 0 180 0 0 0 0 0 0
0 -180 0 -0 0 0 0 -180 0.000962907 -171.524 0 0 0 0 0 180 0 -180
0 0 0 -0 0 -180 0 0 0.00112303 15.1561 0 180 0 -180 0 180 0 0
0 -180 0 -180 0 0 0 -0 0.000962929 -171.526 0 180 0 0 0 0 0 -180
0 0 0 0 0 -180 0 -0 0.00112262 15.1857 0 180 0 -180 0 -180 0 0
0 -180 0 0 0 -180 0 -180 0.174319 7.89223 0 -180 0 -180 0 0 0 -180
0 0 0 -180 0 0 0 0 1.19065 -148.548 0 0 0 0 0 -180 0 0
inside=0 lambda=0.647 phi=5 theta=30
0 -180 0 -180 0 -180 0 0 0.17168 7.88781 0 0 0 -180 0 -180 0 -180
0 0 0 0 0 0 0 -180 1.1877 -148.515 0 180 0 0 0 0 0 0
0 -180 0 -0 0 0 0 -180 0.00166781 -171.525 0 0 0 0 0 180 0 -180
0 0 0 -0 0 -180 0 0 0.00194499 15.1625 0 -180 0 -180 0 180 0 0
0 -180 0 -180 0 0 0 -0 0.00166783 -171.526 0 180 0 0 0 0 0 -180
0 0 0 0 0 -180 0 -0 0.00194459 15.1796 0 180 0 -180 0 -180 0 0
0 -180 0 0 0 -180 0 -180 0.173612 7.89105 0 -180 0 -180 0 0 0 -180
0 0 0 -180 0 0 0 0 1.18986 -148.539 0 0 0 0 0 -180 0 0
inside=0 lambda=0.647 phi=5 theta=45
0 -180 0 -180 0 -180 0 0 0.172646 7.88944 0 0 0 -180 0 -180 0 -180
0 0 0 0 0 0 0 -180 1.18878 -148.527 0 180 0 0 0 0 0 0
0 -180 0 -0 0 0 0 -180 0.00192584 -171.525 0 0 0 0 0 180 0 -180
0 0 0 -0 0 -180 0 0 0.00224564 15.1711 0 -180 0 -180 0 180 0 0
0 -180 0 -180 0 0 0 -0 0.00192584 -171.525 0 180 0 0 0 0 0 -180
0 0 0 0 0 -180 0 -0 0.00224564 15.1711 0 180 0 -180 0 -180 0 0
0 -180 0 0 0 -180 0 -180 0.172646 7.88944 0 -180 0 -180 0 0 0 -180
0 0 0 -180 0 0 0 0 1.18878 -148.527 0 0 0 0 0 180 0 0
inside=0 lambda=0.647 phi=10 theta=0
0 180 0 -180 0 -180 0 0 0.167482 7.32208 0 0 0 180 0 -180 0 -180
0 0 0 0 0 -0 0 -180 1.17934 -153.082 0 180 0 0 0 0 0 -0
0 -180 0 -0 0 0 0 -0 1.94804e-13 -122.549 0 0 0 0 0 180 0 -180
0 0 0 -0 0 180 0 -0 5.62686e-13 -50.8291 0 180 0 -180 0 180 0 -0
0 -180 0 -180 0 0 0 0 6.82712e-13 20.6945 0 0 0 0 0 0 0 -180
0 0 0 0 0 -180 0 180 8.61794e-13 -128.354 0 180 0 -180 0 -180 0 0
0 -180 0 0 0 -180 0 -180 0.183723 7.27833 0 -180 0 -180 0 0 0 -180
0 0 0 -180 0 0 0 -0 1.19694 -153.281 0 0 0 0 0 -180 0 0
inside=0 lambda=0.647 phi=10 theta=15
0 180 0 -180 0 -180 0 0 0.16857 7.31876 0 0 0 180 0 -180 0 -180
0 0 0 0 0 -0 0 -180 1.18052 -153.096 0 180 0 0 0 0 0 -0
0 -180 0 -0 0 0 0 -180 0.00404571 -172.788 0 0 0 0 0 180 0 -180
0 0 0 -0 0 180 0 0 0.00458569 10.5894 0 180 0 -180 0 180 0 -0
0 -180 0 -180 0 0 0 -180 0.00404609 -172.798 0 180 0 0 0 0 0 -180
0 0 0 0 0 -180 0 -0 0.00457885 10.7132 0 180 0 -180 0 180 0 0
0 -180 0 0 0 -180 0 -180 0.182635 7.28095 0 -180 0 -180 0 0 0 -180
0 0 0 -180 0 0 0 -0 1.19576 -153.268 0 0 0 0 0 180 0 0
inside=0 lambda=0.647 phi=10 theta=30
0 -180 0 -180 0 -180 0 0 0.171543 7.31003 0 0 0 180 0 -180 0 -180
0 0 0 0 0 -0 0 -180 1.18374 -153.133 0 180 0 0 0 0 0 -0
0 -180 0 -0 0 0 0 -180 0.00700758 -172.789 0 0 0 0 0 180 0 -180
0 0 0 -0 0 180 0 0 0.00793995 10.6182 0 180 0 -180 0 180 0 -0
0 -180 0 -180 0 0 0 -180 0.00700795 -172.795 0 180 0 0 0 0 0 -180
0 0 0 0 0 -180 0 -0 0.00793312 10.6897 0 180 0 180 0 180 0 0
0 -180 0 0 0 -180 0 -180 0.179663 7.2883 0 -180 0 -180 0 0 0 -180
0 0 0 -180 0 0 0 0 1.19254 -153.232 0 0 0 -0 0 180 0 -0
inside=0 lambda=0.647 phi=10 theta=45
0 -180 0 -180 0 -180 0 0 0.175604 7.29881 0 0 0 -180 0 -180 0 -180
0 0 0 0 0 -0 0 -180 1.18814 -153.183 0 180 0 0 0 0 0 -0
0 -180 0 -0 0 0 0 -180 0.0080919 -172.792 0 0 0 0 0 180 0 -180
0 0 0 -0 0 180 0 0 0.00916421 10.6553 0 180 0 -180 0 180 0 -0
0 -180 0 -180 0 0 0 -0 0.0080919 -172.792 0 180 0 0 0 0 0 -180
0 0 0 0 0 -180 0 -0 0.00916421 10.6553 0 180 0 180 0 180 0 -0
0 -180 0 0 0 -180 0 -180 0.175604 7.29881 0 -180 0 -180 0 0 0 -180
0 0 0 -180 0 0 0 0 1.18814 -153.183 0 0 0 -0 0 180 0 -0
inside=0 lambda=0.647 phi=15 theta=0
0 180 0 -180 0 -180 0 0 0.160072 6.32858 0 0 0 180 0 -180 0 -180
0 0 0 0 0 -0 0 -180 1.16659 -160.779 0 180 0 0 0 0 0 -0
0 180 0 -0 0 0 0 180 8.79896e-14 2.37055 0 -180 0 -0 0 180 0 -180
0 0 0 -0 0 180 0 180 3.65131e-13 -81.9408 0 180 0 -180 0 180 0 -0
0 -180 0 -180 0 0 0 -180 3.21314e-13 173.386 0 -180 0 0 0 0 0 -180
0 -0 0 -0 0 -180 0 -180 4.74937e-13 -61.5347 0 180 0 180 0 180 0 0
0 -180 0 0 0 -180 0 -180 0.199493 5.90792 0 -180 0 -180 0 0 0 -180
0 -0 0 180 0 0 0 -0 1.20773 -161.226 0 -0 0 -0 0 180 0 0
inside=0 lambda=0.647 phi=15 theta=15
0 180 0 -180 0 -180 0 0 0.162714 6.29301 0 0 0 180 0 -180 0 -180
0 0 0 0 0 -0 0 -180 1.16935 -160.811 0 180 0 0 0 0 0 -0
0 180 0 -0 0 0 0 -180 0.00982536 -175.262 0 0 0 -0 0 180 0 -180
0 0 0 -0 0 180 0 0 0.0107134 3.08014 0 180 0 -180 0 180 0 -0
0 -180 0 -180 0 0 0 -180 0.00982741 -175.293 0 180 0 0 0 0 0 -180
0 0 0 -0 0 -180 0 -0 0.0106751 3.38053 0 180 0 180 0 180 0 -0
0 -180 0 0 0 -180 0 -180 0.196854 5.93072 0 -180 0 -180 0 0 0 -180
0 0 0 180 0 0 0 -0 1.20497 -161.198 0 0 0 -0 0 180 0 -0
inside=0 lambda=0.647 phi=15 theta=30
0 180 0 -180 0 -180 0 0 0.169931 6.20276 0 0 0 180 0 -180 0 -180
0 0 0 0 0 -0 0 -180 1.17687 -160.897 0 180 0 0 0 0 0 -0
0 180 0 -0 0 0 0 -180 0.0170196 -175.264 0 0 0 -0 0 180 0 -180
0 0 0 -0 0 180 0 0 0.0185395 3.15812 0 180 0 -180 0 180 0 -0
0 -180 0 -180 0 0 0 -180 0.0170217 -175.282 0 180 0 0 0 0 0 -180
0 0 0 0 0 -180 0 -0 0.0185016 3.33079 0 180 0 180 0 180 0 -0
0 -180 0 0 0 180 0 -180 0.189643 5.99589 0 -180 0 -180 0 0 0 -180
0 0 0 -180 0 0 0 -0 1.19744 -161.12 0 0 0 -0 0 180 0 -0
inside=0 lambda=0.647 phi=15 theta=45
0 180 0 -180 0 -180 0 0 0.179788 6.09317 0 0 0 180 0 -180 0 -180
0 0 0 0 0 -0 0 -180 1.18715 -161.01 0 180 0 0 0 0 0 -0
0 -180 0 -180 0 0 0 -180 0.0196542 -175.271 0 0 0 -0 0 180 0 -180
0 0 0 -0 0 180 0 0 0.0213843 3.25146 0 180 0 -180 0 180 0 -0
0 -180 0 -180 0 -0 0 -180 0.0196542 -175.271 0 180 0 0 0 0 0 -180
0 0 0 0 0 -180 0 -0 0.0213843 3.25146 0 180 0 180 0 180 0 -0
0 180 0 0 0 180 0 -180 0.179788 6.09317 0 -180 0 -180 0 0 0 -180
0 0 0 -180 0 0 0 0 1.18715 -161.01 0 0 0 -0 0 180 0 -0
inside=0 lambda=0.647 phi=20 theta=0
0 180 0 -180 0 -180 0 -0 0.145356 5.24544 0 0 0 180 0 -180 0 -180
0 0 0 0 0 -0 0 -180 1.14701 -171.716 0 180 0 0 0 0 0 -0
0 180 0 -0 0 0 0 -180 2.04364e-13 80.1661 0 -0 0 -0 0 180 0 -180
0 0 0 -180 0 180 0 0 3.58183e-13 -76.1653 0 -0 0 -180 0 0 0 -0
0 -180 0 -180 0 0 0 180 8.62533e-14 73.8248 0 -0 0 0 0 0 0 -180
0 -0 0 -0 0 180 0 180 1.21092e-13 -164.45 0 180 0 180 0 180 0 -0
0 -180 0 0 0 -180 0 -180 0.22212 3.3847 0 -180 0 -180 0 0 0 -180
0 -0 0 180 0 -0 0 -0 1.22505 -172.495 0 -0 0 -0 0 180 0 -0
inside=0 lambda=0.647 phi=20 theta=15
0 180 0 -180 0 -180 0 -0 0.150492 5.05486 0 0 0 180 0 -180 0 -180
0 0 0 0 0 -0 0 -180 1.15223 -171.776 0 180 0 0 0 0 0 -0
0 180 0 -0 0 0 0 -180 0.0191882 -179.358 0 0 0 -0 0 180 0 -180
0 0 0 -180 0 180 0 0 0.0202652 -7.27833 0 180 0 -180 0 0 0 -0
0 -180 0 -180 0 0 0 -180 0.0191942 -179.436 0 180 0 0 0 0 0 -180
0 -0 0 -0 0 -180 0 -0 0.0201277 -6.68288 0 0 0 180 0 180 0 -0
0 -180 0 0 0 -180 0 -180 0.216984 3.46878 0 -180 0 -180 0 0 0 -180
0 -0 0 180 0 0 0 -0 1.2198 -172.45 0 -0 0 -0 0 180 0 -0
inside=0 lambda=0.647 phi=20 theta=30
0 180 0 -180 0 -180 0 0 0.164537 4.60433 0 0 0 180 0 -180 0 -180
0 0 0 0 0 -0 0 -180 1.16649 -171.934 0 180 0 0 0 0 0 -0
0 180 0 -0 0 0 0 -180 0.0332444 -179.359 0 0 0 -0 0 180 0 -180
0 0 0 -0 0 180 0 -0 0.0350317 -7.10173 0 180 0 -180 0 0 0 -0
0 -180 0 -180 0 -0 0 -180 0.0332504 -179.403 0 180 0 0 0 0 0 -180
0 0 0 -0 0 -180 0 -0 0.0348982 -6.76278 0 0 0 180 0 180 0 -0
0 180 0 0 0 180 0 -180 0.202938 3.71659 0 -180 0 -180 0 0 0 -180
0 0 0 180 0 0 0 -0 1.2055 -172.323 0 -0 0 -0 0 180 0 -0
inside=0 lambda=0.647 phi=20 theta=45
0 180 0 -180 0 -180 0 0 0.183737 4.11219 0 0 0 180 0 -180 0 -180
0 0 0 -0 0 -0 0 -180 1.18599 -172.136 0 180 0 0 0 0 0 -0
0 180 0 -180 0 0 0 -180 0.0383947 -179.373 0 0 0 -0 0 180 0 -180
0 0 0 -0 0 180 0 -0 0.040365 -6.90872 0 180 0 -180 0 0 0 -0
0 180 0 -180 0 -0 0 -180 0.0383947 -179.373 0 180 0 0 0 0 0 -180
0 0 0 -0 0 -180 0 -0 0.040365 -6.90872 0 0 0 180 0 180 0 -0
0 180 0 0 0 180 0 -180 0.183737 4.11219 0 -180 0 -180 0 0 0 -180
0 0 0 -180 0 0 0 -0 1.18599 -172.136 0 0 0 -0 0 180 0 -0
inside=0 lambda=0.647 phi=25 theta=0
0 180 0 180 0 -180 0 -0 0.12004 6.01139 0 0 0 180 0 180 0 -180
0 0 0 0 0 -0 0 -180 1.11728 173.87 0 180 0 0 0 0 0 -0
0 180 0 -0 0 0 0 -0 1.21457e-13 84.6186 0 -0 0 -0 0 180 0 -180
0 0 0 -180 0 180 0 -0 1.49382e-14 -107.641 0 -0 0 -180 0 0 0 -0
0 -180 0 -180 0 0 0 180 6.44636e-14 -78.8055 0 -0 0 0 0 0 0 -180
0 -0 0 -0 0 180 0 0 6.81729e-14 145.933 0 0 0 180 0 180 0 -0
0 -180 0 0 0 -180 0 -180 0.250581 -0.584837 0 -180 0 -180 0 0 0 -180
0 -0 0 180 0 -0 0 -0 1.25299 172.713 0 -0 0 -0 0 180 0 -0
inside=0 lambda=0.647 phi=25 theta=15
0 180 0 180 0 -180 0 -0 0.128654 5.10856 0 0 0 180 0 180 0 -180
0 0 0 0 0 -0 0 -180 1.12636 173.766 0 180 0 0 0 0 0 -0
0 180 0 -0 0 0 0 -180 0.0329809 174.57 0 0 0 -0 0 180 0 -180
0 0 0 -180 0 180 0 -0 0.0350683 -20.585 0 180 0 -180 0 0 0 -0
0 -180 0 -180 0 0 0 -180 0.0329886 174.4 0 180 0 0 0 0 0 -180
0 -0 0 -0 0 180 0 -180 0.0346736 -19.522 0 0 0 180 0 180 0 -0
0 -180 0 0 0 180 0 -180 0.241845 -0.362738 0 -180 0 -180 0 0 0 -180
0 -0 0 180 0 -0 0 -0 1.24384 172.766 0 -0 0 -0 0 180 0 -0
inside=0 lambda=0.647 phi=25 theta=30
0 180 0 -180 0 -180 0 -0 0.152396 3.23101 0 0 0 180 0 180 0 -180
0 0 0 0 0 -0 0 -180 1.15115 173.506 0 180 0 0 0 0 0 -0
0 180 0 -0 0 0 0 -180 0.0571755 174.581 0 0 0 -0 0 180 0 -180
0 0 0 -180 0 180 0 -0 0.0604981 -20.2169 0 180 0 -180 0 0 0 -0
0 180 0 -180 0 -0 0 -180 0.057184 174.489 0 180 0 0 0 0 0 -180
0 -0 0 -0 0 -180 0 -180 0.0601377 -19.6246 0 0 0 180 0 180 0 -0
0 180 0 0 0 180 0 -180 0.217879 0.318596 0 -180 0 -180 0 0 0 -180
0 0 0 180 0 0 0 -0 1.21894 172.932 0 -0 0 -0 0 180 0 -0
inside=0 lambda=0.647 phi=25 theta=45
0 180 0 -180 0 -180 0 -0 0.185086 1.51033 0 0 0 180 0 180 0 -180
0 0 0 -0 0 -0 0 180 1.18502 173.198 0 180 0 0 0 0 0 -0
0 180 0 -180 0 0 0 -180 0.066049 174.558 0 0 0 -0 0 180 0 -180
0 0 0 -180 0 180 0 -0 0.0696088 -19.8594 0 180 0 -180 0 0 0 -0
0 180 0 -180 0 -0 0 -180 0.066049 174.558 0 180 0 0 0 0 0 -180
0 0 0 -0 0 -180 0 -180 0.0696088 -19.8594 0 0 0 180 0 180 0 -0
0 180 0 -0 0 180 0 -180 0.185086 1.51033 0 180 0 -180 0 0 0 -180
0 0 0 180 0 0 0 -0 1.18502 173.198 0 0 0 -0 0 180 0 -0
inside=0 lambda=0.647 phi=30 theta=0
0 180 0 180 0 -180 0.0222085 -100.271 0.0874025 17.3644 0 0 0 180 0 180 0 -180
0 0 0 0 0 -180 0 180 1.06829 155.617 0 0 0 0 0 0 0 -180
0 180 0 -0 0 0 2.32245e-13 -37.273 8.51105e-14 28.5571 0 180 0 -0 0 180 0 -180
0 0 0 -180 0 180 0 -180 2.18712e-13 -117.757 0 -180 0 -180 0 0 0 -0
0 -180 0 -180 0 0 7.51264e-14 50.2833 1.65366e-13 120.229 0 -0 0 0 0 0 0 -180
0 -0 0 -0 0 180 0 -0 5.91228e-14 -170.817 0 -0 0 180 0 180 0 -0
0 -180 0 0 0 -180 0.0808296 -131.53 0.280092 -6.01182 0 -180 0 -180 0 0 0 -180
0 -0 0 180 0 -0 0 -0 1.30144 154.028 0 -0 0 -0 0 180 0 -0
inside=0 lambda=0.647 phi=30 theta=15
0 180 0 180 0 -180 0 -0 0.0993131 12.3938 0 0 0 180 0 180 0 -180
0 0 0 0 0 -180 0 180 1.08503 155.419 0 0 0 0 0 0 0 -180
0 180 0 -0 0 0 0 -180 0.0507562 166.42 0 0 0 -0 0 180 0 -180
0 0 0 -180 0 180 0 -0 0.0599794 -37.6369 0 180 0 -180 0 0 0 -0
0 -180 0 -180 0 -0 0 -180 0.0507232 166.037 0 180 0 0 0 0 0 -180
0 -0 0 -0 0 180 0 -180 0.0588079 -35.8888 0 0 0 180 0 180 0 -0
0 180 0 0 0 180 0 -180 0.267306 -5.37327 0 -180 0 -180 0 0 0 -180
0 -0 0 180 0 -0 0 -0 1.28653 154.049 0 -0 0 -0 0 180 0 -0
inside=0 lambda=0.647 phi=30 theta=30
0 180 0 180 0 -180 0 -0 0.132765 4.66839 0 0 0 180 0 180 0 -180
0 0 0 0 0 -0 0 180 1.12753 154.966 0 180 0 0 0 0 0 -180
0 180 0 -180 0 0 0 -180 0.0882667 166.474 0 0 0 -0 0 180 0 -180
0 0 0 -180 0 180 0 -0 0.102857 -36.874 0 180 0 -180 0 0 0 -0
0 180 0 -180 0 -0 0 -180 0.0882502 166.292 0 180 0 0 0 0 0 -180
0 -0 0 -0 0 180 0 -180 0.102044 -35.9422 0 0 0 180 0 180 0 -0
0 180 0 -0 0 180 0 -180 0.231218 -3.81112 0 180 0 -180 0 0 0 -180
0 -0 0 180 0 0 0 -0 1.24364 154.195 0 -0 0 -0 0 180 0 -0
inside=0 lambda=0.647 phi=30 theta=45
0 180 0 -180 0 -180 0 -0 0.181503 -0.743416 0 0 0 180 0 180 0 -180
0 0 0 -0 0 -0 0 180 1.18551 154.521 0 180 0 0 0 0 0 -0
0 180 0 -180 0 0 0 -180 0.10203 166.444 0 0 0 -0 0 180 0 -180
0 -0 0 -180 0 180 0 -0 0.118154 -36.2761 0 180 0 -180 0 0 0 -0
0 180 0 -180 0 -0 0 -180 0.10203 166.444 0 180 0 0 0 0 0 -180
0 -0 0 -0 0 -180 0 -180 0.118154 -36.2761 0 0 0 180 0 180 0 -0
0 180 0 -0 0 180 0 -180 0.181503 -0.743416 0 180 0 -180 0 0 0 -180
0 0 0 180 0 0 0 -0 1.18551 154.521 0 0 0 -0 0 180 0 -0
inside=0 lambda=0.647 phi=35 theta=0
0 180 0 180 0 -180 0.0695415 -95.7947 0.0819024 49.159 0 0 0 180 0 180 0 -180
0 0 0 0 0 -180 0 180 0.980514 132.75 0 0 0 0 0 0 0 -180
0 180 0 -0 0 0 2.73499e-13 -20.0255 3.33836e-13 -135.439 0 0 0 -0 0 180 0 -180
0 0 0 -180 0 0 0 -180 5.46529e-13 112.646 0 0 0 -180 0 0 0 -180
0 -180 0 -180 0 0 4.90976e-13 58.7378 6.62906e-13 117.139 0 180 0 0 0 0 0 -180
0 -0 0 -0 0 180 0 -180 3.10926e-13 107.679 0 -0 0 180 0 180 0 -0
0 -180 0 0 0 -180 0.0965391 -109.297 0.300857 -11.6724 0 -180 0 -180 0 0 0 -180
0 -0 0 180 0 -0 0 -0 1.40157 130.312 0 -0 0 -0 0 180 0 -0
inside=0 lambda=0.647 phi=35 theta=15
0 180 0 180 0 -180 0.0524601 -101.313 0.0875081 36.8789 0 0 0 180 0 180 0 -180
0 0 0 0 0 -180 0 180 1.01018 132.388 0 0 0 0 0 0 0 -180
0 180 0 -0 0 0 0.00344582 -149.784 0.0671958 156.403 0 0 0 -0 0 180 0 -180
0 -0 0 -180 0 0 0 -0 0.108046 -59.51 0 0 0 -180 0 0 0 -180
0 -180 0 -180 0 -0 0.0256756 -130.144 0.0672603 155.586 0 180 0 0 0 0 0 -180
0 -0 0 -0 0 180 0 -180 0.105982 -57.8184 0 0 0 180 0 180 0 -0
0 180 0 -0 0 180 0.0861145 -118.261 0.284057 -10.4232 0 -180 0 -180 0 0 0 -180
0 -0 0 180 0 -0 0 -0 1.37393 130.3 0 -0 0 -0 0 180 0 -0
inside=0 lambda=0.647 phi=35 theta=30
0 180 0 180 0 -180 0 -0 0.117952 13.7181 0 0 0 180 0 180 0 -180
0 0 0 0 0 -180 0 180 1.08983 131.534 0 0 0 0 0 0 0 -180
0 180 0 -180 0 0 0 -180 0.117222 157.227 0 0 0 -0 0 180 0 -180
0 -0 0 -180 0 0 0 -0 0.184377 -59.1264 0 0 0 180 0 0 0 -180
0 180 0 180 0 -0 0 -180 0.117045 156.85 0 180 0 0 0 0 0 -180
0 -0 0 -0 0 180 0 -180 0.18264 -57.8464 0 0 0 0 0 0 0 -180
0 180 0 -0 0 180 0 -180 0.238118 -6.88746 0 180 0 -180 0 0 0 -180
0 -0 0 180 0 -0 0 -0 1.29889 130.387 0 -0 0 -180 0 0 0 -180
inside=0 lambda=0.647 phi=35 theta=45
0 180 0 -180 0 -180 0 -0 0.175241 -0.160992 0 0 0 180 0 180 0 -180
0 -0 0 -0 0 -180 0 180 1.19413 130.791 0 0 0 -0 0 -0 0 -180
0 180 0 -180 0 0 0 180 0.135814 157.211 0 0 0 -0 0 180 0 -180
0 -0 0 -180 0 0 0 -0 0.21139 -58.2581 0 0 0 180 0 0 0 -180
0 180 0 180 0 -0 0 -180 0.135814 157.211 0 180 0 0 0 0 0 -180
0 -0 0 -0 0 180 0 -180 0.21139 -58.2581 0 0 0 0 0 0 0 -180
0 180 0 -0 0 180 0 -180 0.175241 -0.160992 0 180 0 -180 0 0 0 -180
0 -0 0 180 0 -0 0 -0 1.19413 130.791 0 -0 0 -180 0 0 0 -180
inside=0 lambda=0.647 phi=40 theta=0
0 180 0 180 0 -180 0.15179 -89.3068 0.129376 40.9704 0 0 0 180 0 180 0 -180
0 -0 0 -0 0 -180 0 180 0.796906 103.881 0 0 0 -0 0 -0 0 -180
0 180 0 -0 0 0 3.36586e-13 -18.4702 3.15364e-12 -133.063 0 0 0 -0 0 180 0 -180
0 -0 0 -180 0 0 0 -180 5.49387e-12 141.166 0 -180 0 180 0 0 0 -180
0 -180 0 -180 0 0 3.71802e-13 -133.67 1.19552e-12 153.613 0 -0 0 0 0 0 0 -180
0 -180 0 -180 0 180 0 180 1.61052e-12 9.91358 0 0 0 0 0 0 0 -0
0 -180 0 0 0 -180 0.132811 -91.6468 0.276597 -7.47402 0 -180 0 -180 0 0 0 -180
0 -180 0 0 0 -0 0 -180 1.70119 97.5337 0 -0 0 -180 0 0 0 -0
inside=0 lambda=0.647 phi=40 theta=15
0 180 0 180 0 -180 0.113943 -97.0527 0.129933 33.2017 0 0 0 180 0 180 0 -180
0 -0 0 0 0 -180 0 180 0.861467 102.568 0 0 0 -0 0 -0 0 -180
0 180 0 -0 0 0 0.0121683 121.074 0.0537026 154.395 0 0 0 -0 0 180 0 -180
0 -0 0 -180 0 0 0 -0 0.230327 -91.7955 0 0 0 180 0 0 0 -180
0 -180 0 -180 0 -0 0.0489914 -118.748 0.0535079 152.462 0 180 0 0 0 0 0 -180
0 -0 0 -0 0 180 0 -180 0.228451 -90.0722 0 -0 0 0 0 0 0 -180
0 180 0 -0 0 180 0.107815 -101.823 0.268273 -5.05828 0 -180 0 -180 0 0 0 -180
0 -0 0 180 0 -0 0 -180 1.64141 97.2728 0 -0 0 -180 0 0 0 -180
inside=0 lambda=0.647 phi=40 theta=30
0 180 0 180 0 -180 0.0379506 -120.028 0.149681 17.7405 0 0 0 180 0 180 0 -180
0 -0 0 -0 0 -180 0 180 1.03142 100.086 0 0 0 -0 0 -0 0 -180
0 180 0 -0 0 0 0.0140209 179.898 0.0949634 158.572 0 0 0 -0 0 180 0 -180
0 -0 0 -180 0 0 0 -0 0.395637 -91.7172 0 0 0 180 0 0 0 -180
0 180 0 180 0 -0 0.043835 -143.701 0.0942998 157.428 0 180 0 0 0 0 0 -180
0 -0 0 -0 0 180 0 -180 0.391507 -90.6884 0 -0 0 0 0 0 0 -180
0 180 0 -0 0 180 0.0740131 -136.203 0.238016 -0.477799 0 180 0 -180 0 0 0 -180
0 -0 0 180 0 -0 0 -0 1.47805 97.3058 0 -0 0 -180 0 0 0 -180
inside=0 lambda=0.647 phi=40 theta=45
0 180 0 180 0 -180 0 -0 0.190797 6.16209 0 0 0 180 0 180 0 -180
0 -0 0 -0 0 -180 0 180 1.2555 98.1055 0 0 0 -0 0 -0 0 -180
0 180 0 -180 0 0 0 180 0.112082 159.391 0 0 0 -0 0 180 0 -180
0 -0 0 -180 0 0 0 -0 0.451802 -91.1273 0 0 0 180 0 -0 0 -180
0 180 0 180 0 -0 0 -180 0.112082 159.391 0 180 0 0 0 0 0 -180
0 -0 0 -0 0 180 0 -180 0.451802 -91.1273 0 -0 0 0 0 0 0 -180
0 180 0 -0 0 180 0 180 0.190797 6.16209 0 180 0 -180 0 0 0 -180
0 -0 0 180 0 -0 0 -0 1.2555 98.1055 0 -0 0 -180 0 0 0 -180
inside=0 lambda=0.647 phi=45 theta=0
0 180 0 180 0 -0 0.584488 -112.305 0.786678 -150.677 0 180 0 180 0 180 0 -0
0 -0 0 -0 0 180 0 180 0 180 0 -0 0 -0 0 -0 0 180
0 180 0 -0 0 180 1.0423e-13 -107.737 3.35892e-13 -71.4066 0 0 0 -0 0 180 0 -0
0 -0 0 180 0 -0 0 -180 0 -180 0 180 0 180 0 -0 0 180
0 -180 0 -180 0 0 2.11218e-12 -176.227 4.74608e-12 -157.077 0 180 0 0 0 0 0 -180
0 -180 0 -180 0 0 0 0 0 0 0 -180 0 0 0 0 0 -180
0 -180 0 0 0 -180 0.249844 -115.175 0.971622 -2.71948 0 -180 0 -180 0 0 0 -180
0 -180 0 0 0 -180 0 -180 0 -0 0 -180 0 -180 0 0 0 -180
inside=0 lambda=0.647 phi=45 theta=15
0 180 0 180 0 -0 0.398302 -126.102 0.75907 -151.836 0 180 0 180 0 180 0 -0
0 -0 0 -0 0 180 0 180 0 180 0 -0 0 -0 0 -0 0 180
0 180 0 -0 0 180 0.138005 54.7128 0.453861 -167.758 0 0 0 -0 0 180 0 -0
0 -0 0 180 0 -0 0 -0 0 180 0 -0 0 180 0 -0 0 180
0 180 0 180 0 -0 0.144332 -138.223 0.451515 -168.873 0 180 0 0 0 0 0 -180
0 -180 0 -180 0 0 0 180 0 180 0 -0 0 -0 0 -0 0 180
0 180 0 -0 0 180 0.152465 -123.448 0.868559 -6.30059 0 180 0 -180 0 0 0 -180
0 -180 0 0 0 -180 0 -180 0 0 0 -180 0 180 0 -0 0 180
inside=0 lambda=0.647 phi=45 theta=30
0 180 0 180 0 -180 0.126955 -146.068 0.505422 -146.322 0 180 0 180 0 180 0 -0
0 -0 0 -0 0 180 0 180 0 0 0 -0 0 -180 0 -180 0 180
0 180 0 -0 0 0 0.10121 32.9314 0.835526 -171.581 0 0 0 -0 0 180 0 -0
0 -0 0 180 0 -0 0 -0 0 180 0 -0 0 0 0 -0 0 180
0 180 0 180 0 -0 0.109697 -165.013 0.829126 -171.957 0 180 0 0 0 0 0 -180
0 -180 0 -180 0 0 0 180 0 180 0 -180 0 -0 0 -0 0 180
0 180 0 -0 0 180 0.0456156 -143.144 0.53719 -17.8414 0 180 0 -180 0 0 0 -0
0 -0 0 0 0 -180 0 -180 0 0 0 -180 0 180 0 -0 0 180
inside=0 lambda=0.647 phi=45 theta=45
0 0 0 180 0 -180 0 -0 0.212471 -83.4398 0 0 0 180 0 180 0 -0
0 -0 0 -0 0 180 0 0 0 0 0 -0 0 -180 0 -180 0 180
0 180 0 -180 0 0 0 180 0.977167 -173.44 0 0 0 -0 0 180 0 -0
0 -0 0 180 0 -0 0 -0 0 180 0 -0 0 0 0 -180 0 180
0 180 0 180 0 -0 0 -180 0.977167 -173.44 0 180 0 0 0 0 0 -0
0 -0 0 -0 0 0 0 180 0 180 0 -180 0 -0 0 -0 0 180
0 0 0 -0 0 180 0 180 0.212471 -83.4398 0 180 0 -180 0 0 0 -0
0 -0 0 0 0 -180 0 -0 0 0 0 -180 0 180 0 -0 0 180
inside=1 lambda=0.647 phi=0 theta=0
0 -180 0 -180 0 -180 0 0 0.171598 -122.022 0 0 0 -180 0 -180 0 -180
0 0 0 -0 0 0 0 180 0.816277 -146.981 0 180 0 0 0 -0 0 0
0 -180 0 -180 0 0 0 0 2.37036e-12 71.047 0 0 0 0 0 -180 0 -180
0 0 0 0 0 -180 0 0 1.07697e-12 13.0377 0 -0 0 -180 0 0 0 0
0 -180 0 -180 0 0 0 0 1.35409e-12 91.5211 0 0 0 0 0 -180 0 -180
0 0 0 0 0 -180 0 0 1.44118e-12 2.42605 0 0 0 -180 0 0 0 0
0 -180 0 0 0 -180 0 -180 0.171598 -122.022 0 -180 0 -180 0 0 0 -180
0 0 0 180 0 0 0 -0 0.816277 -146.981 0 -0 0 0 0 180 0 0
inside=1 lambda=0.647 phi=0 theta=15
0 -180 0 -180 0 -180 0 0 0.171598 -122.022 0 0 0 -180 0 -180 0 -180
0 0 0 -0 0 0 0 180 0.816277 -146.981 0 180 0 0 0 -0 0 0
0 -180 0 -180 0 0 0 0 2.37036e-12 71.047 0 0 0 0 0 -180 0 -180
0 0 0 0 0 -180 0 0 1.07697e-12 13.0377 0 -0 0 -180 0 0 0 0
0 -180 0 -180 0 0 0 0 1.35409e-12 91.5211 0 0 0 0 0 -180 0 -180
0 0 0 0 0 -180 0 0 1.44118e-12 2.42605 0 0 0 -180 0 0 0 0
0 -180 0 0 0 -180 0 -180 0.171598 -122.022 0 -180 0 -180 0 0 0 -180
0 0 0 180 0 0 0 -0 0.816277 -146.981 0 -0 0 0 0 180 0 0
inside=1 lambda=0.647 phi=0 theta=30
0 -180 0 -180 0 -180 0 0 0.171598 -122.022 0 0 0 -180 0 -180 0 -180
0 0 0 -0 0 0 0 180 0.816277 -146.981 0 180 0 0 0 -0 0 0
0 -180 0 -180 0 0 0 0 2.37036e-12 71.047 0 0 0 0 0 -180 0 -180
0 0 0 0 0 -180 0 0 1.07697e-12 13.0377 0 -0 0 -180 0 0 0 0
0 -180 0 -180 0 0 0 0 1.35409e-12 91.5211 0 0 0 0 0 -180 0 -180
0 0 0 0 0 -180 0 0 1.44118e-12 2.42605 0 0 0 -180 0 0 0 0
0 -180 0 0 0 -180 0 -180 0.171598 -122.022 0 -180 0 -180 0 0 0 -180
0 0 0 180 0 0 0 -0 0.816277 -146.981 0 -0 0 0 0 180 0 0
inside=1 lambda=0.647 phi=0 theta=45
0 -180 0 -180 0 -180 0 0 0.171598 -122.022 0 0 0 -180 0 -180 0 -180
0 0 0 -0 0 0 0 180 0.816277 -146.981 0 180 0 0 0 -0 0 0
0 -180 0 -180 0 0 0 0 2.37036e-12 71.047 0 0 0 0 0 -180 0 -180
0 0 0 0 0 -180 0 0 1.07697e-12 13.0377 0 -0 0 -180 0 0 0 0
0 -180 0 -180 0 0 0 0 1.35409e-12 91.5211 0 0 0 0 0 -180 0 -180
0 0 0 0 0 -180 0 0 1.44118e-12 2.42605 0 0 0 -180 0 0 0 0
0 -180 0 0 0 -180 0 -180 0.171598 -122.022 0 -180 0 -180 0 0 0 -180
0 0 0 180 0 0 0 -0 0.816277 -146.981 0 -0 0 0 0 180 0 0
inside=1 lambda=0.647 phi=5 theta=0
0 -180 0 -180 0 -180 0 0 0.171193 -123.373 0 0 0 -180 0 -180 0 -180
0 0 0 -0 0 -0 0 -180 0.81716 -147.697 0 180 0 0 0 -0 0 -0
0 -180 0 -0 0 0 0 -0 4.61792e-13 -34.0953 0 -0 0 0 0 180 0 -180
0 0 0 -0 0 180 0 -0 7.75926e-13 -57.1148 0 -0 0 -180 0 180 0 -0
0 -180 0 -180 0 0 0 -0 3.27316e-13 -29.4729 0 180 0 0 0 0 0 -180
0 0 0 -0 0 -180 0 180 8.45718e-13 -58.9433 0 -180 0 -180 0 180 0 0
0 -180 0 0 0 -180 0 -180 0.172996 -123.423 0 -180 0 -180 0 0 0 -180
0 0 0 180 0 0 0 -0 0.81525 -147.72 0 0 0 0 0 180 0 0
inside=1 lambda=0.647 phi=5 theta=15
0 -180 0 -180 0 -180 0 0 0.171314 -123.376 0 0 0 -180 0 -180 0 -180
0 0 0 -0 0 -0 0 -180 0.817032 -147.698 0 180 0 0 0 -0 0 -0
0 -180 0 -0 0 0 0 -180 0.000451757 50.4588 0 0 0 0 0 180 0 -180
0 0 0 -0 0 180 0 0 0.000487774 -135.682 0 180 0 -180 0 180 0 -0
0 -180 0 -180 0 0 0 -0 0.00045176 50.4675 0 180 0 0 0 0 0 -180
0 0 0 -0 0 -180 0 -0 0.000487726 -135.691 0 180 0 -180 0 180 0 0
0 -180 0 0 0 -180 0 -180 0.172875 -123.42 0 -180 0 -180 0 0 0 -180
0 0 0 180 0 0 0 -0 0.815378 -147.718 0 0 0 0 0 180 0 0
inside=1 lambda=0.647 phi=5 theta=30
0 -180 0 -180 0 -180 0 0 0.171644 -123.385 0 0 0 -180 0 -180 0 -180
0 0 0 -0 0 -0 0 -180 0.816682 -147.703 0 180 0 0 0 0 0 -0
0 -180 0 -0 0 0 0 -180 0.000782468 50.4607 0 0 0 0 0 180 0 -180
0 0 0 -0 0 180 0 0 0.000844831 -135.684 0 180 0 -180 0 180 0 0
0 -180 0 -180 0 0 0 -0 0.00078247 50.4657 0 180 0 0 0 0 0 -180
0 0 0 -0 0 -180 0 -0 0.000844783 -135.689 0 180 0 -180 0 180 0 0
0 -180 0 0 0 -180 0 -180 0.172545 -123.411 0 -180 0 -180 0 0 0 -180
0 0 0 180 0 0 0 -0 0.815728 -147.714 0 0 0 -0 0 180 0 -0
inside=1 lambda=0.647 phi=5 theta=45
0 -180 0 -180 0 -180 0 0 0.172094 -123.398 0 0 0 -180 0 -180 0 -180
0 0 0 -0 0 -0 0 180 0.816205 -147.708 0 180 0 0 0 0 0 -0
0 -180 0 -0 0 0 0 -180 0.000903517 50.4632 0 0 0 0 0 180 0 -180
0 0 0 -0 0 -180 0 -0 0.000975499 -135.687 0 180 0 -180 0 180 0 0
0 -180 0 -180 0 0 0 -0 0.000903517 50.4632 0 180 0 0 0 0 0 -180
0 0 0 -0 0 -180 0 -0 0.000975499 -135.687 0 180 0 -180 0 180 0 0
0 -180 0 0 0 -180 0 -180 0.172094 -123.398 0 -180 0 -180 0 0 0 -180
0 0 0 180 0 0 0 -0 0.816205 -147.708 0 0 0 -0 0 180 0 -0
inside=1 lambda=0.647 phi=10 theta=0
0 180 0 -180 0 -180 0 0 0.169862 -127.399 0 0 0 180 0 -180 0 -180
0 0 0 -0 0 -0 0 -180 0.819861 -149.836 0 180 0 0 0 -0 0 -0
0 -180 0 -0 0 0 0 -0 5.68245e-14 129.687 0 -0 0 0 0 180 0 -180
0 0 0 -0 0 180 0 -0 8.509e-14 130.986 0 0 0 -180 0 180 0 -0
0 -180 0 -180 0 0 0 -180 1.87351e-13 -29.3908 0 -180 0 0 0 0 0 -180
0 0 0 -0 0 -180 0 -0 1.7817e-13 101.68 0 180 0 -180 0 180 0 0
0 -180 0 0 0 -180 0 -180 0.177215 -127.588 0 -180 0 -180 0 0 0 -180
0 0 0 180 0 0 0 -0 0.812135 -149.928 0 -0 0 0 0 180 0 0
inside=1 lambda=0.647 phi=10 theta=15
0 180 0 -180 0 -180 0 0 0.170354 -127.413 0 0 0 180 0 -180 0 -180
0 0 0 -0 0 -0 0 -180 0.819343 -149.842 0 180 0 0 0 0 0 -0
0 -180 0 -0 0 0 0 -180 0.00184144 46.6957 0 0 0 0 0 180 0 -180
0 0 0 -0 0 180 0 0 0.00197336 -137.951 0 180 0 -180 0 180 0 -0
0 -180 0 -180 0 0 0 -0 0.00184149 46.7316 0 180 0 0 0 0 0 -180
0 0 0 -0 0 -180 0 -0 0.00197258 -137.986 0 180 0 180 0 180 0 0
0 -180 0 0 0 -180 0 -180 0.176723 -127.576 0 -180 0 -180 0 0 0 -180
0 0 0 180 0 0 0 -0 0.812653 -149.922 0 -0 0 -0 0 180 0 -0
inside=1 lambda=0.647 phi=10 theta=30
0 -180 0 -180 0 -180 0 0 0.1717 -127.448 0 0 0 180 0 -180 0 -180
0 0 0 -0 0 -0 0 -180 0.817929 -149.859 0 180 0 0 0 0 0 -0
0 -180 0 -0 0 0 0 -180 0.00318949 46.7033 0 0 0 0 0 180 0 -180
0 0 0 -0 0 180 0 0 0.00341767 -137.959 0 180 0 -180 0 180 0 -0
0 -180 0 -180 0 0 0 -0 0.00318954 46.724 0 180 0 0 0 0 0 -180
0 0 0 -0 0 -180 0 -0 0.00341689 -137.979 0 180 0 180 0 180 0 -0
0 -180 0 0 0 -180 0 -180 0.175377 -127.543 0 -180 0 -180 0 0 0 -180
0 0 0 180 0 0 0 -0 0.814066 -149.905 0 -0 0 -0 0 180 0 -0
inside=1 lambda=0.647 phi=10 theta=45
0 -180 0 -180 0 -180 0 0 0.173538 -127.496 0 0 0 -180 0 -180 0 -180
0 0 0 -0 0 -0 0 -180 0.815998 -149.882 0 180 0 0 0 0 0 -0
0 -180 0 -0 0 0 0 -180 0.00368293 46.7136 0 0 0 0 0 180 0 -180
0 0 0 -0 0 180 0 0 0.00394593 -137.969 0 180 0 -180 0 180 0 -0
0 -180 0 -180 0 0 0 -0 0.00368293 46.7136 0 180 0 0 0 0 0 -180
0 0 0 0 0 -180 0 -0 0.00394593 -137.969 0 180 0 180 0 180 0 -0
0 -180 0 0 0 -180 0 -180 0.173538 -127.496 0 -180 0 -180 0 0 0 -180
0 0 0 -180 0 0 0 -0 0.815998 -149.882 0 0 0 -0 0 180 0 -0
inside=1 lambda=0.647 phi=15 theta=0
0 180 0 -180 0 -180 0 0 0.167247 -134.032 0 0 0 180 0 -180 0 -180
0 0 0 0 0 -0 0 -180 0.82454 -153.374 0 180 0 0 0 0 0 -0
0 180 0 -0 0 0 0 180 3.3276e-13 -64.0818 0 180 0 -0 0 180 0 -180
0 0 0 -0 0 180 0 180 3.71578e-13 -53.1148 0 180 0 -180 0 180 0 -0
0 -180 0 -180 0 0 0 -0 1.91833e-13 -38.1573 0 -0 0 0 0 0 0 -180
0 -0 0 -0 0 -180 0 -180 5.30988e-13 -61.3725 0 -180 0 180 0 180 0 0
0 -180 0 0 0 -180 0 -180 0.184311 -134.397 0 -180 0 -180 0 0 0 -180
0 -0 0 180 0 -0 0 -0 0.806822 -153.582 0 -0 0 -0 0 180 0 -0
inside=1 lambda=0.647 phi=15 theta=15
0 180 0 -180 0 -180 0 0 0.16839 -134.06 0 0 0 180 0 -180 0 -180
0 0 0 -0 0 -0 0 -180 0.823353 -153.387 0 180 0 0 0 0 0 -0
0 180 0 -0 0 0 0 -180 0.00426836 40.5609 0 0 0 -0 0 180 0 -180
0 0 0 -0 0 180 0 0 0.00452364 -141.722 0 180 0 -180 0 180 0 -0
0 -180 0 -180 0 0 0 -0 0.00426869 40.6465 0 180 0 0 0 0 0 -180
0 0 0 -0 0 -180 0 -0 0.00451959 -141.802 0 180 0 180 0 180 0 -0
0 -180 0 0 0 -180 0 -180 0.183168 -134.376 0 -180 0 -180 0 0 0 -180
0 0 0 180 0 0 0 -0 0.808008 -153.568 0 -0 0 -0 0 180 0 -0
inside=1 lambda=0.647 phi=15 theta=30
0 180 0 -180 0 -180 0 0 0.171513 -134.133 0 0 0 180 0 -180 0 -180
0 0 0 -0 0 -0 0 -180 0.820109 -153.425 0 180 0 0 0 0 0 -0
0 180 0 -0 0 0 0 -180 0.00739322 40.579 0 0 0 -0 0 180 0 -180
0 0 0 -0 0 180 0 0 0.0078336 -141.742 0 180 0 -180 0 180 0 -0
0 -180 0 -180 0 0 0 -0 0.00739355 40.6284 0 180 0 0 0 0 0 -180
0 0 0 -0 0 -180 0 -0 0.00782956 -141.788 0 180 0 180 0 180 0 -0
0 -180 0 0 0 180 0 -180 0.180045 -134.315 0 -180 0 -180 0 0 0 -180
0 0 0 180 0 0 0 -0 0.81125 -153.529 0 -0 0 -0 0 180 0 -0
inside=1 lambda=0.647 phi=15 theta=45
0 180 0 -180 0 -180 0 0 0.175779 -134.227 0 0 0 180 0 -180 0 -180
0 0 0 -0 0 -0 0 -180 0.815679 -153.477 0 180 0 0 0 -0 0 -0
0 -180 0 -0 0 0 0 -180 0.0085372 40.6037 0 0 0 -0 0 180 0 -180
0 0 0 -0 0 180 0 -0 0.00904308 -141.766 0 180 0 -180 0 180 0 -0
0 -180 0 -180 0 -0 0 -0 0.0085372 40.6037 0 180 0 0 0 0 0 -180
0 0 0 -0 0 -180 0 -0 0.00904308 -141.766 0 180 0 180 0 180 0 -0
0 180 0 0 0 180 0 -180 0.175779 -134.227 0 -180 0 -180 0 0 0 -180
0 0 0 -180 0 0 0 -0 0.815679 -153.477 0 -0 0 -0 0 180 0 -0
inside=1 lambda=0.647 phi=20 theta=0
0 180 0 -180 0 -180 0 0 0.162762 -143.19 0 0 0 180 0 -180 0 -180
0 0 0 0 0 -0 0 -180 0.831471 -158.271 0 180 0 0 0 0 0 -0
0 180 0 -0 0 0 0 180 8.22722e-14 -172.938 0 -0 0 -0 0 180 0 -180
0 0 0 -0 0 180 0 180 5.08723e-13 110.958 0 -180 0 -180 0 180 0 -0
0 -180 0 -180 0 0 0 -0 1.36903e-13 134.633 0 -180 0 0 0 0 0 -180
0 -0 0 -0 0 180 0 -180 3.14822e-13 153.197 0 0 0 180 0 180 0 -0
0 -180 0 0 0 -180 0 -180 0.194316 -143.672 0 -180 0 -180 0 0 0 -180
0 -0 0 180 0 -0 0 -0 0.799134 -158.638 0 -0 0 -0 0 180 0 -0
inside=1 lambda=0.647 phi=20 theta=15
0 180 0 -180 0 -180 0 0 0.164875 -143.231 0 0 0 180 0 -180 0 -180
0 0 0 -0 0 -0 0 -180 0.829303 -158.295 0 180 0 0 0 0 0 -0
0 180 0 -0 0 0 0 -180 0.00788275 32.2351 0 0 0 -0 0 180 0 -180
0 0 0 -0 0 180 0 0 0.00824977 -146.978 0 180 0 -180 0 180 0 -0
0 -180 0 -180 0 0 0 -0 0.00788398 32.3991 0 180 0 0 0 0 0 -180
0 0 0 -0 0 -180 0 -0 0.00823656 -147.117 0 180 0 180 0 180 0 -0
0 -180 0 0 0 -180 0 -180 0.192202 -143.648 0 -180 0 -180 0 0 0 -180
0 0 0 180 0 0 0 -0 0.801299 -158.612 0 -0 0 -0 0 180 0 -0
inside=1 lambda=0.647 phi=20 theta=30
0 180 0 -180 0 -180 0 0 0.17065 -143.335 0 0 0 180 0 -180 0 -180
0 0 0 -0 0 -0 0 -180 0.823382 -158.361 0 180 0 0 0 0 0 -0
0 180 0 -0 0 0 0 -180 0.0136543 32.2698 0 0 0 -0 0 180 0 -180
0 0 0 -0 0 180 0 -0 0.0142836 -147.015 0 180 0 -180 0 180 0 -0
0 -180 0 -180 0 -0 0 -0 0.0136556 32.3641 0 180 0 0 0 0 0 -180
0 0 0 -0 0 -180 0 -0 0.0142705 -147.096 0 180 0 180 0 180 0 -0
0 -180 0 0 0 180 0 -180 0.186428 -143.575 0 -180 0 -180 0 0 0 -180
0 0 0 180 0 0 0 -0 0.807213 -158.544 0 -0 0 -0 0 180 0 -0
inside=1 lambda=0.647 phi=20 theta=45
0 180 0 -180 0 -180 0 0 0.178539 -143.463 0 0 0 180 0 -180 0 -180
0 0 0 -0 0 -0 0 -180 0.815296 -158.452 0 180 0 0 0 -0 0 -0
0 180 0 -0 0 0 0 -180 0.0157677 32.3169 0 0 0 -0 0 180 0 -180
0 0 0 -0 0 180 0 -0 0.0164855 -147.06 0 180 0 -180 0 180 0 -0
0 180 0 -180 0 -0 0 -0 0.0157677 32.3169 0 180 0 0 0 0 0 -180
0 0 0 -0 0 -180 0 -0 0.0164855 -147.06 0 180 0 180 0 180 0 -0
0 180 0 0 0 180 0 -180 0.178539 -143.463 0 -180 0 -180 0 0 0 -180
0 0 0 -180 0 0 0 -0 0.815296 -158.452 0 -0 0 -0 0 180 0 -0
inside=1 lambda=0.647 phi=25 theta=0
0 180 0 180 0 -180 0 0 0.155633 -154.833 0 0 0 180 0 180 0 -180
0 0 0 0 0 -0 0 -180 0.841042 -164.472 0 180 0 0 0 0 0 -0
0 180 0 -0 0 0 0 180 1.11523e-13 -62.5048 0 180 0 -0 0 180 0 -180
0 0 0 -0 0 180 0 180 1.3897e-13 -82.4112 0 -0 0 -180 0 180 0 -0
0 -180 0 -180 0 0 0 180 1.55254e-13 51.6797 0 -180 0 0 0 0 0 -180
0 -0 0 -0 0 180 0 180 1.85133e-13 -99.3535 0 0 0 180 0 180 0 -0
0 -180 0 0 0 -180 0 -180 0.207149 -155.191 0 -180 0 -180 0 0 0 -180
0 -0 0 180 0 -0 0 -0 0.78884 -165.035 0 -0 0 -0 0 180 0 -0
inside=1 lambda=0.647 phi=25 theta=15
0 180 0 180 0 -180 0 0 0.159084 -154.871 0 0 0 180 0 180 0 -180
0 0 0 -0 0 -0 0 -180 0.837541 -164.508 0 180 0 0 0 0 0 -0
0 180 0 -0 0 0 0 -180 0.0128555 21.9266 0 0 0 -0 0 180 0 -180
0 0 0 -0 0 180 0 -0 0.013305 -153.675 0 180 0 -180 0 180 0 -0
0 -180 0 -180 0 0 0 -0 0.0128589 22.2073 0 180 0 0 0 0 0 -180
0 -0 0 -0 0 -180 0 -0 0.0132714 -153.891 0 180 0 180 0 180 0 -0
0 -180 0 0 0 -180 0 -180 0.203701 -155.18 0 -180 0 -180 0 0 0 -180
0 0 0 180 0 0 0 -0 0.792333 -164.996 0 -0 0 -0 0 180 0 -0
inside=1 lambda=0.647 phi=25 theta=30
0 180 0 -180 0 -180 0 0 0.168514 -154.964 0 0 0 180 0 180 0 -180
0 0 0 -0 0 -0 0 -180 0.827979 -164.609 0 180 0 0 0 0 0 -0
0 180 0 -0 0 0 0 -180 0.0222703 21.9858 0 0 0 -0 0 180 0 -180
0 0 0 -0 0 180 0 -0 0.0230305 -153.742 0 180 0 -180 0 180 0 -0
0 -180 0 -180 0 -0 0 -0 0.0222737 22.1463 0 180 0 0 0 0 0 -180
0 0 0 -0 0 -180 0 -0 0.0229974 -153.866 0 180 0 180 0 180 0 -0
0 180 0 0 0 180 0 -180 0.194276 -155.141 0 -180 0 -180 0 0 0 -180
0 0 0 180 0 0 0 -0 0.801879 -164.89 0 -0 0 -0 0 180 0 -0
inside=1 lambda=0.647 phi=25 theta=45
0 180 0 -180 0 -180 0 0 0.181396 -155.066 0 0 0 180 0 -180 0 -180
0 0 0 -0 0 -0 0 -180 0.814925 -164.748 0 180 0 0 0 -0 0 -0
0 180 0 -0 0 0 0 -180 0.025719 22.0656 0 0 0 -0 0 180 0 -180
0 0 0 -0 0 180 0 -0 0.0265732 -153.814 0 180 0 -180 0 180 0 -0
0 180 0 -180 0 -0 0 -0 0.025719 22.0656 0 180 0 0 0 0 0 -180
0 0 0 -0 0 -180 0 -0 0.0265732 -153.814 0 180 0 180 0 180 0 -0
0 180 0 0 0 180 0 -180 0.181396 -155.066 0 -180 0 -180 0 0 0 -180
0 0 0 -180 0 0 0 -0 0.814925 -164.748 0 -0 0 -0 0 180 0 -0
inside=1 lambda=0.647 phi=30 theta=0
0 180 0 180 0 -180 0 -0 0.145058 -169.05 0 0 0 180 0 180 0 -180
0 0 0 0 0 -0 0 -180 0.853753 -171.908 0 180 0 0 0 0 0 -0
0 180 0 -0 0 0 0 -0 3.0328e-13 100.852 0 180 0 -0 0 180 0 -180
0 0 0 -0 0 180 0 0 1.4849e-13 3.13948 0 0 0 -180 0 180 0 -0
0 -180 0 -180 0 0 0 -0 6.80815e-14 30.7471 0 -0 0 0 0 0 0 -180
0 -0 0 -0 0 180 0 0 1.62144e-13 121.754 0 0 0 180 0 180 0 -0
0 -180 0 0 0 -180 0 -180 0.222512 -168.72 0 -180 0 -180 0 0 0 -180
0 -0 0 180 0 -0 0 -0 0.775671 -172.692 0 -0 0 -0 0 180 0 -0
inside=1 lambda=0.647 phi=30 theta=15
0 180 0 180 0 -180 0 -0 0.150244 -169.033 0 0 0 180 0 180 0 -180
0 0 0 0 0 -0 0 -180 0.848515 -171.958 0 180 0 0 0 0 0 -0
0 180 0 -0 0 0 0 -180 0.019324 9.84073 0 0 0 -0 0 180 0 -180
0 0 0 -0 0 180 0 -0 0.0198798 -161.741 0 180 0 -180 0 180 0 -0
0 -180 0 -180 0 0 0 -0 0.0193318 10.2899 0 180 0 0 0 0 0 -180
0 -0 0 -0 0 180 0 -0 0.0198064 -162.049 0 180 0 180 0 180 0 -0
0 -180 0 0 0 -180 0 -180 0.217334 -168.752 0 -180 0 -180 0 0 0 -180
0 -0 0 180 0 0 0 -0 0.780894 -172.637 0 -0 0 -0 0 180 0 -0
inside=1 lambda=0.647 phi=30 theta=30
0 180 0 180 0 -180 0 -0 0.164422 -168.986 0 0 0 180 0 180 0 -180
0 0 0 -0 0 -0 0 -180 0.834209 -172.097 0 180 0 0 0 0 0 -0
0 180 0 -0 0 0 0 -180 0.0334833 9.93441 0 0 0 -0 0 180 0 -180
0 0 0 -0 0 180 0 -0 0.0343991 -161.851 0 180 0 -180 0 180 0 -0
0 -180 0 -180 0 -0 0 -0 0.0334913 10.1886 0 180 0 0 0 0 0 -180
0 0 0 -0 0 -180 0 -0 0.0343282 -162.027 0 180 0 180 0 180 0 -0
0 180 0 0 0 180 0 -180 0.20317 -168.829 0 -180 0 -180 0 0 0 -180
0 0 0 180 0 0 0 -0 0.795168 -172.488 0 -0 0 -0 0 180 0 -0
inside=1 lambda=0.647 phi=30 theta=45
0 180 0 -180 0 -180 0 0 0.183799 -168.915 0 0 0 180 0 180 0 -180
0 0 0 -0 0 -0 0 -180 0.814681 -172.29 0 180 0 0 0 -0 0 -0
0 180 0 -0 0 0 0 -180 0.0386734 10.0597 0 0 0 -0 0 180 0 -180
0 0 0 -0 0 180 0 -0 0.0396766 -161.96 0 180 0 -180 0 180 0 -0
0 180 0 -180 0 -0 0 -0 0.0386734 10.0597 0 180 0 0 0 0 0 -180
0 0 0 -0 0 -180 0 -0 0.0396766 -161.96 0 180 0 180 0 180 0 -0
0 180 0 0 0 180 0 -180 0.183799 -168.915 0 180 0 -180 0 0 0 -180
0 0 0 -180 0 0 0 -0 0.814681 -172.29 0 -0 0 -0 0 180 0 -0
inside=1 lambda=0.647 phi=35 theta=0
0 180 0 180 0 -180 0 -0 0.130526 173.783 0 0 0 180 0 180 0 -180
0 0 0 0 0 -0 0 -180 0.870203 179.511 0 180 0 0 0 0 0 -0
0 180 0 -0 0 0 0 180 2.00249e-13 -59.5724 0 0 0 -0 0 180 0 -180
0 0 0 -180 0 180 0 0 2.63557e-13 -110.705 0 0 0 -180 0 0 0 -0
0 -180 0 -180 0 0 0 -0 8.43111e-14 -141.183 0 -0 0 0 0 0 0 -180
0 -0 0 -0 0 180 0 -0 6.18956e-14 -98.1592 0 -0 0 180 0 180 0 -0
0 -180 0 0 0 -180 0 -180 0.23977 175.963 0 -180 0 -180 0 0 0 -180
0 -0 0 180 0 -0 0 -0 0.759357 178.494 0 -0 0 -0 0 180 0 -0
inside=1 lambda=0.647 phi=35 theta=15
0 180 0 180 0 -180 0 -0 0.137821 174.007 0 0 0 180 0 180 0 -180
0 0 0 0 0 -0 0 -180 0.862763 179.445 0 180 0 0 0 0 0 -0
0 180 0 -0 0 0 0 -180 0.0273083 -3.84809 0 0 0 -0 0 180 0 -180
0 0 0 -180 0 180 0 -0 0.0281951 -171.049 0 180 0 -180 0 0 0 -0
0 -180 0 -180 0 0 0 -0 0.0273231 -3.15823 0 0 0 0 0 0 0 -180
0 -0 0 -0 0 180 0 -180 0.0280497 -171.465 0 180 0 180 0 180 0 -0
0 -180 0 0 0 180 0 -180 0.232478 175.845 0 -180 0 -180 0 0 0 -180
0 -0 0 180 0 0 0 -0 0.766767 178.566 0 -0 0 -0 0 180 0 -0
inside=1 lambda=0.647 phi=35 theta=30
0 180 0 180 0 -180 0 -0 0.1578 174.516 0 0 0 180 0 180 0 -180
0 0 0 -0 0 -0 0 -180 0.842448 179.266 0 180 0 0 0 0 0 -0
0 180 0 -0 0 0 0 -180 0.0473386 -3.70658 0 0 0 -0 0 180 0 -180
0 0 0 -180 0 180 0 -0 0.0487635 -171.227 0 180 0 -180 0 0 0 -0
0 -180 0 -180 0 -0 0 -0 0.0473543 -3.32289 0 180 0 0 0 0 0 -180
0 -0 0 -0 0 -180 0 -180 0.0486278 -171.462 0 0 0 180 0 180 0 -0
0 180 0 0 0 180 0 -180 0.212499 175.525 0 -180 0 -180 0 0 0 -180
0 0 0 180 0 0 0 -0 0.787024 178.76 0 -0 0 -0 0 180 0 -0
inside=1 lambda=0.647 phi=35 theta=45
0 180 0 -180 0 -180 0 -0 0.185148 175.063 0 0 0 180 0 180 0 -180
0 0 0 -0 0 -0 0 -180 0.814723 179.016 0 180 0 0 0 -0 0 -0
0 180 0 -0 0 0 0 -180 0.0546885 -3.51991 0 0 0 -0 0 180 0 -180
0 0 0 -180 0 180 0 -0 0.0562214 -171.385 0 180 0 -180 0 0 0 -0
0 180 0 -180 0 -0 0 -0 0.0546885 -3.51991 0 180 0 0 0 0 0 -180
0 0 0 -0 0 -180 0 -180 0.0562214 -171.385 0 0 0 180 0 180 0 -0
0 180 0 -0 0 180 0 -180 0.185148 175.063 0 180 0 -180 0 0 0 -180
0 0 0 -180 0 0 0 -0 0.814723 179.016 0 -0 0 -0 0 180 0 -0
inside=1 lambda=0.647 phi=40 theta=0
0 180 0 180 0 -180 0 -0 0.112488 152.708 0 0 0 180 0 180 0 -180
0 0 0 0 0 -0 0 -180 0.891087 169.903 0 180 0 0 0 0 0 -0
0 180 0 -0 0 0 0 -0 6.44981e-14 66.3886 0 0 0 -0 0 180 0 -180
0 0 0 -180 0 180 0 -180 5.3189e-13 76.0459 0 180 0 -180 0 0 0 -0
0 -180 0 -180 0 0 0 -0 1.50694e-13 67.856 0 180 0 0 0 0 0 -180
0 -0 0 -0 0 180 0 -180 4.93755e-13 72.4154 0 0 0 180 0 180 0 -0
0 -180 0 0 0 -180 0 -180 0.257819 159.043 0 -180 0 -180 0 0 0 -180
0 -0 0 180 0 -0 0 -0 0.739663 168.651 0 -0 0 -0 0 180 0 -0
inside=1 lambda=0.647 phi=40 theta=15
0 180 0 180 0 -180 0 -0 0.122069 153.555 0 0 0 180 0 180 0 -180
0 0 0 0 0 -0 0 -180 0.880921 169.817 0 180 0 0 0 0 0 -0
0 180 0 -0 0 0 0 -180 0.0365902 -19.0186 0 0 0 -0 0 180 0 -180
0 0 0 -180 0 180 0 -0 0.0385048 178.591 0 180 0 -180 0 0 0 -0
0 -180 0 -180 0 0 0 -0 0.0366135 -17.9805 0 0 0 0 0 0 0 -180
0 -0 0 -0 0 180 0 -180 0.0382309 178.05 0 0 0 180 0 180 0 -0
0 -180 0 0 0 180 0 -180 0.248143 158.78 0 -180 0 -180 0 0 0 -180
0 -0 0 180 0 0 0 -0 0.749774 168.737 0 -0 0 -0 0 180 0 -0
inside=1 lambda=0.647 phi=40 theta=30
0 180 0 180 0 -180 0 -0 0.148525 155.285 0 0 0 180 0 180 0 -180
0 0 0 -0 0 -0 0 -180 0.853162 169.591 0 180 0 0 0 0 0 -0
0 180 0 -0 0 0 0 -180 0.063487 -18.8099 0 0 0 -0 0 180 0 -180
0 0 0 -180 0 180 0 -0 0.0665435 178.308 0 180 0 -180 0 0 0 -0
0 180 0 -180 0 -0 0 -0 0.0635143 -18.2486 0 0 0 0 0 0 0 -180
0 -0 0 -0 0 -180 0 -180 0.0663045 178.007 0 0 0 180 0 180 0 -0
0 180 0 0 0 180 0 -180 0.221501 158.043 0 -180 0 -180 0 0 0 -180
0 0 0 180 0 0 0 -0 0.777437 168.973 0 -0 0 -0 0 180 0 -0
inside=1 lambda=0.647 phi=40 theta=45
0 180 0 -180 0 -180 0 -0 0.184968 156.878 0 0 0 180 0 180 0 -180
0 0 0 -0 0 -0 0 -180 0.815279 169.286 0 180 0 0 0 -0 0 -0
0 180 0 -0 0 0 0 -180 0.0733726 -18.542 0 0 0 -0 0 0 0 -180
0 0 0 -180 0 180 0 -0 0.0766842 178.086 0 180 0 -180 0 0 0 -0
0 180 0 -180 0 -0 0 -0 0.0733726 -18.542 0 0 0 0 0 0 0 -180
0 0 0 -0 0 -180 0 -180 0.0766842 178.086 0 0 0 180 0 180 0 -0
0 180 0 -0 0 180 0 -180 0.184968 156.878 0 180 0 -180 0 0 0 -180
0 0 0 -180 0 0 0 -0 0.815279 169.286 0 -0 0 -0 0 180 0 -0
inside=1 lambda=0.647 phi=45 theta=0
0 180 0 180 0 -180 0 -0 0.0942173 125.831 0 0 0 180 0 180 0 -180
0 0 0 0 0 -180 0.0091012 95.3873 0.916813 159.456 0 0 0 0 0 0 0 -180
0 180 0 -0 0 0 0 180 2.59594e-13 61.2045 0 180 0 -0 0 180 0 -180
0 0 0 -180 0 180 1.87236e-13 120.254 1.84234e-13 38.3719 0 -180 0 -180 0 0 0 -0
0 -180 0 -180 0 0 0 0 1.10215e-13 41.0687 0 180 0 0 0 0 0 -180
0 -0 0 -0 0 180 5.74282e-15 30.4389 3.29329e-13 67.6471 0 -0 0 180 0 180 0 -0
0 -180 0 0 0 -180 0 -180 0.274631 140.595 0 -180 0 -180 0 0 0 -180
0 -0 0 180 0 -0 0.0569963 -61.6856 0.71625 157.954 0 -0 0 -0 0 180 0 -0
inside=1 lambda=0.647 phi=45 theta=15
0 180 0 180 0 -180 0 -0 0.105033 128.258 0 0 0 180 0 180 0 -180
0 0 0 0 0 -180 0 -180 0.903779 159.314 0 180 0 0 0 0 0 -180
0 180 0 -0 0 0 0 180 0.0465431 -35.6323 0 0 0 -0 0 180 0 -180
0 0 0 -180 0 180 0 -0 0.051135 167.463 0 0 0 -180 0 0 0 -0
0 -180 0 -180 0 0 0 -0 0.0465685 -34.059 0 0 0 0 0 0 0 -180
0 -0 0 -0 0 180 0 -180 0.0506061 166.782 0 0 0 180 0 180 0 -0
0 -180 0 0 0 180 0 -180 0.262905 140.167 0 -180 0 -180 0 0 0 -180
0 -0 0 180 0 -0 0 -0 0.729817 158.026 0 -0 0 -0 0 180 0 -0
inside=1 lambda=0.647 phi=45 theta=30
0 180 0 180 0 -180 0 -0 0.137463 132.868 0 0 0 180 0 180 0 -180
0 0 0 -0 0 -180 0 -180 0.866959 159.024 0 180 0 0 0 0 0 -0
0 180 0 -0 0 0 0 180 0.0809364 -35.318 0 0 0 -0 0 180 0 -180
0 0 0 -180 0 180 0 -0 0.0882396 167 0 180 0 -180 0 0 0 -0
0 180 0 -180 0 -0 0 -0 0.0809773 -34.5106 0 0 0 0 0 0 0 -180
0 -0 0 -0 0 -180 0 -180 0.087842 166.625 0 0 0 180 0 180 0 -0
0 180 0 0 0 180 0 -180 0.229352 138.793 0 180 0 -180 0 0 0 -180
0 0 0 180 0 0 0 -0 0.76648 158.293 0 -0 0 -0 0 180 0 -0
inside=1 lambda=0.647 phi=45 theta=45
0 180 0 180 0 -180 0 -0 0.18318 136.475 0 0 0 180 0 180 0 -180
0 0 0 -0 0 -180 0 180 0.816688 158.66 0 180 0 0 0 -0 0 -0
0 180 0 -0 0 0 0 -180 0.0936017 -34.9419 0 0 0 -0 0 0 0 -180
0 -0 0 -180 0 180 0 -0 0.101631 166.693 0 180 0 -180 0 0 0 -0
0 180 0 -180 0 -0 0 -0 0.0936017 -34.9419 0 0 0 0 0 0 0 -180
0 -0 0 -0 0 -180 0 -180 0.101631 166.693 0 0 0 180 0 180 0 -0
0 180 0 -0 0 180 0 180 0.18318 136.475 0 180 0 -180 0 0 0 -180
0 0 0 180 0 0 0 -0 0.816688 158.66 0 -0 0 -180 0 180 0 -0
