RSoft_BSDF_File_Version 2
1 0 5 2 1 1.09714
0.3 0.3
-1 1
-1 1
1 0.647 0.647
10 0 45 0.5
4 0 45
Begin_Dispersion_Data
0.647 1.45662 0 1 0 0
End_Dispersion_Data
inside=0 lambda=0.647 phi=0 theta=0
0 -180 0 -180 0 -180 0 0 0.153935 43.2563 0 0 0 -180 0 -180 0 -180
0 180 0 -180 0 180 0 0 1.19252 33.7433 0 0 0 180 0 -180 0 180
0 -180 0 0 0 0 0 -0 2.65481e-13 90.6943 0 -180 0 0 0 0 0 -180
0 -180 0 180 0 0 0 180 2.54417e-13 144.989 0 180 0 0 0 180 0 -180
0 -180 0 180 0 0 0 -0 2.16275e-13 -81.6791 0 -0 0 0 0 -0 0 -180
0 -180 0 -0 0 0 0 0 9.393e-14 -171.129 0 -0 0 0 0 -0 0 -180
0 -180 0 0 0 -180 0 -180 0.153935 43.2563 0 -180 0 -180 0 0 0 -180
0 180 0 0 0 180 0 -180 1.19252 33.7433 0 -180 0 180 0 0 0 180
inside=0 lambda=0.647 phi=0 theta=15
0 -180 0 -180 0 -180 0 0 0.153935 43.2563 0 0 0 -180 0 -180 0 -180
0 180 0 -180 0 180 0 0 1.19252 33.7433 0 0 0 180 0 -180 0 180
0 -180 0 0 0 0 0 -0 2.65481e-13 90.6943 0 -180 0 0 0 0 0 -180
0 -180 0 180 0 0 0 180 2.54417e-13 144.989 0 180 0 0 0 180 0 -180
0 -180 0 180 0 0 0 -0 2.16275e-13 -81.6791 0 -0 0 0 0 -0 0 -180
0 -180 0 -0 0 0 0 0 9.393e-14 -171.129 0 -0 0 0 0 -0 0 -180
0 -180 0 0 0 -180 0 -180 0.153935 43.2563 0 -180 0 -180 0 0 0 -180
0 180 0 0 0 180 0 -180 1.19252 33.7433 0 -180 0 180 0 0 0 180
inside=0 lambda=0.647 phi=0 theta=30
0 -180 0 -180 0 -180 0 0 0.153935 43.2563 0 0 0 -180 0 -180 0 -180
0 180 0 -180 0 180 0 0 1.19252 33.7433 0 0 0 180 0 -180 0 180
0 -180 0 0 0 0 0 -0 2.65481e-13 90.6943 0 -180 0 0 0 0 0 -180
0 -180 0 180 0 0 0 180 2.54417e-13 144.989 0 180 0 0 0 180 0 -180
0 -180 0 180 0 0 0 -0 2.16275e-13 -81.6791 0 -0 0 0 0 -0 0 -180
0 -180 0 -0 0 0 0 0 9.393e-14 -171.129 0 -0 0 0 0 -0 0 -180
0 -180 0 0 0 -180 0 -180 0.153935 43.2563 0 -180 0 -180 0 0 0 -180
0 180 0 0 0 180 0 -180 1.19252 33.7433 0 -180 0 180 0 0 0 180
inside=0 lambda=0.647 phi=0 theta=45
0 -180 0 -180 0 -180 0 0 0.153935 43.2563 0 0 0 -180 0 -180 0 -180
0 180 0 -180 0 180 0 0 1.19252 33.7433 0 0 0 180 0 -180 0 180
0 -180 0 0 0 0 0 -0 2.65481e-13 90.6943 0 -180 0 0 0 0 0 -180
0 -180 0 180 0 0 0 180 2.54417e-13 144.989 0 180 0 0 0 180 0 -180
0 -180 0 180 0 0 0 -0 2.16275e-13 -81.6791 0 -0 0 0 0 -0 0 -180
0 -180 0 -0 0 0 0 0 9.393e-14 -171.129 0 -0 0 0 0 -0 0 -180
0 -180 0 0 0 -180 0 -180 0.153935 43.2563 0 -180 0 -180 0 0 0 -180
0 180 0 0 0 180 0 -180 1.19252 33.7433 0 -180 0 180 0 0 0 180
inside=0 lambda=0.647 phi=5 theta=0
0 -180 0 -180 0 -180 0 0 0.158273 38.856 0 0 0 -180 0 -180 0 -180
0 180 0 -180 0 180 0 0 1.18912 29.9159 0 -0 0 180 0 -180 0 180
0 -180 0 -180 0 0 0 180 2.26635e-14 -160.8 0 -180 0 0 0 0 0 -180
0 -180 0 180 0 -0 0 -180 4.30443e-13 127.152 0 -180 0 0 0 -0 0 180
0 -180 0 -180 0 0 0 -0 9.30557e-14 158.1 0 180 0 0 0 0 0 -180
0 180 0 180 0 -0 0 180 8.66815e-13 117.463 0 -180 0 -0 0 -0 0 180
0 -180 0 0 0 -180 0 -180 0.162015 38.6981 0 -180 0 -180 0 0 0 -180
0 180 0 -0 0 180 0 -180 1.19353 29.8257 0 -180 0 180 0 -0 0 180
inside=0 lambda=0.647 phi=5 theta=15
0 -180 0 -180 0 -180 0 0 0.158524 38.8447 0 0 0 -180 0 -180 0 -180
0 180 0 -180 0 180 0 0 1.18942 29.9098 0 -0 0 180 0 -180 0 180
0 -180 0 -180 0 0 0 -180 0.00103229 -152.633 0 0 0 0 0 0 0 -180
0 180 0 180 0 -0 0 -180 0.0019074 154.592 0 -0 0 0 0 -0 0 180
0 -180 0 -180 0 0 0 -180 0.00103168 -152.604 0 0 0 0 0 0 0 -180
0 180 0 180 0 0 0 180 0.00189749 154.771 0 -0 0 -0 0 -0 0 180
0 -180 0 0 0 -180 0 -180 0.161765 38.708 0 -180 0 -180 0 0 0 -180
0 180 0 -0 0 180 0 -180 1.19323 29.8316 0 -180 0 180 0 -0 0 180
inside=0 lambda=0.647 phi=5 theta=30
0 -180 0 -180 0 -180 0 0 0.15921 38.8145 0 0 0 -180 0 -180 0 -180
0 180 0 -180 0 180 0 -0 1.19022 29.893 0 -0 0 180 0 -180 0 180
0 -180 0 -180 0 0 0 -180 0.00178775 -152.627 0 0 0 0 0 0 0 -180
0 180 0 180 0 -0 0 180 0.00330004 154.63 0 -0 0 0 0 -0 0 180
0 -180 0 -180 0 0 0 -180 0.00178714 -152.61 0 0 0 0 0 0 0 -180
0 180 0 180 0 0 0 180 0.00329013 154.733 0 -0 0 -0 0 -0 0 180
0 -180 0 0 0 -180 0 -180 0.161081 38.7356 0 -180 0 -180 0 0 0 -180
0 180 0 -0 0 180 0 -180 1.19242 29.8479 0 -180 0 180 0 -0 0 180
inside=0 lambda=0.647 phi=5 theta=45
0 -180 0 -180 0 -180 0 0 0.160146 38.7743 0 0 0 -180 0 -180 0 -180
0 180 0 -180 0 180 0 -0 1.19132 29.8703 0 -0 0 180 0 -180 0 180
0 -180 0 -180 0 0 0 -180 0.00206396 -152.619 0 0 0 0 0 0 0 -180
0 180 0 180 0 -0 0 180 0.0038048 154.681 0 -0 0 0 0 -0 0 180
0 -180 0 -180 0 0 0 -180 0.00206396 -152.619 0 0 0 0 0 0 0 -180
0 180 0 180 0 0 0 180 0.0038048 154.681 0 -0 0 -0 0 -0 0 180
0 -180 0 0 0 -180 0 -180 0.160146 38.7743 0 -180 0 -180 0 0 0 -180
0 180 0 -0 0 180 0 -180 1.19132 29.8703 0 -180 0 180 0 -0 0 180
inside=0 lambda=0.647 phi=10 theta=0
0 -180 0 -180 0 -180 0 0 0.166168 26.1658 0 0 0 -180 0 -180 0 -180
0 180 0 180 0 180 0 -0 1.17961 18.4678 0 -0 0 180 0 180 0 180
0 -180 0 -180 0 0 0 180 2.12554e-13 -44.2238 0 -0 0 0 0 0 0 -180
0 180 0 180 0 -0 0 0 1.37842e-12 -69.9667 0 180 0 -0 0 -0 0 180
0 -180 0 -180 0 0 0 180 1.25131e-13 -54.4766 0 180 0 0 0 0 0 -180
0 180 0 180 0 -0 0 -180 1.0689e-12 -73.0144 0 180 0 -0 0 -0 0 180
0 -180 0 0 0 -180 0 -180 0.182499 25.1908 0 -180 0 -180 0 0 0 -180
0 180 0 -0 0 180 0 180 1.19721 18.1326 0 180 0 180 0 -0 0 180
inside=0 lambda=0.647 phi=10 theta=15
0 -180 0 -180 0 -180 0 0 0.167264 26.0877 0 0 0 -180 0 -180 0 -180
0 180 0 180 0 180 0 -0 1.18077 18.4432 0 -0 0 180 0 180 0 180
0 -180 0 -180 0 0 0 -180 0.00441886 -168.509 0 0 0 0 0 0 0 -180
0 180 0 180 0 -0 0 180 0.00768111 142.927 0 -0 0 -0 0 -0 0 180
0 -180 0 -180 0 0 0 -180 0.00441157 -168.413 0 0 0 0 0 0 0 -180
0 180 0 180 0 -0 0 180 0.00751506 143.687 0 -0 0 -0 0 -0 0 180
0 -180 0 0 0 -180 0 -180 0.181408 25.2444 0 -180 0 -180 0 0 0 -180
0 180 0 -0 0 180 0 180 1.19601 18.1529 0 180 0 180 0 -0 0 180
inside=0 lambda=0.647 phi=10 theta=30
0 -180 0 -180 0 -180 0 0 0.170258 25.8843 0 0 0 -180 0 -180 0 -180
0 180 0 180 0 180 0 -0 1.18395 18.3776 0 -0 0 180 0 180 0 180
0 -180 0 -180 0 0 0 -180 0.00765055 -168.489 0 0 0 0 0 0 0 -180
0 180 0 180 0 -0 0 180 0.0132396 143.09 0 -0 0 -0 0 -0 0 180
0 -180 0 -180 0 0 0 -180 0.00764327 -168.434 0 0 0 0 0 0 0 -180
0 180 0 180 0 -0 0 180 0.0130737 143.529 0 -0 0 -0 0 -0 0 180
0 -180 0 0 0 -180 0 -180 0.178425 25.3987 0 -180 0 -180 0 0 0 -180
0 180 0 -0 0 180 0 180 1.19276 18.2099 0 180 0 180 0 -0 0 180
inside=0 lambda=0.647 phi=10 theta=45
0 -180 0 -180 0 -180 0 0 0.174344 25.6293 0 0 0 -180 0 -180 0 -180
0 180 0 180 0 180 0 -0 1.18834 18.2916 0 -0 0 180 0 180 0 180
0 -180 0 -180 0 0 0 -180 0.00882962 -168.461 0 0 0 0 0 0 0 -180
0 180 0 180 0 -0 0 180 0.01519 143.311 0 -0 0 -0 0 -0 0 180
0 -180 0 -180 0 0 0 -180 0.00882962 -168.461 0 0 0 0 0 0 0 -180
0 180 0 180 0 -0 0 180 0.01519 143.311 0 -0 0 -0 0 -0 0 180
0 -180 0 0 0 -180 0 -180 0.174344 25.6293 0 -180 0 -180 0 0 0 -180
0 180 0 -0 0 180 0 180 1.18834 18.2916 0 180 0 180 0 -0 0 180
inside=0 lambda=0.647 phi=15 theta=0
0 -180 0 -180 0 -180 0 0 0.162619 6.32986 0 0 0 -180 0 -180 0 -180
0 180 0 180 0 180 0 -0 1.1661 -0.572293 0 -0 0 180 0 180 0 180
0 -180 0 -180 0 0 0 -180 4.49995e-13 87.0044 0 -180 0 0 0 0 0 -180
0 180 0 0 0 -0 0 -180 2.45238e-12 89.0012 0 -180 0 -0 0 -180 0 180
0 -180 0 -180 0 0 0 180 4.80549e-13 94.4363 0 0 0 0 0 0 0 -180
0 180 0 180 0 -0 0 180 2.49227e-12 89.5512 0 0 0 -0 0 -0 0 180
0 -180 0 0 0 -180 0 -180 0.201907 2.79525 0 -180 0 -180 0 0 0 -180
0 180 0 -0 0 180 0 180 1.20712 -1.19025 0 180 0 180 0 -0 0 180
inside=0 lambda=0.647 phi=15 theta=15
0 -180 0 -180 0 -180 0 0 0.16521 6.00644 0 0 0 -180 0 -180 0 -180
0 180 0 180 0 180 0 -0 1.16877 -0.625313 0 -0 0 180 0 180 0 180
0 -180 0 -180 0 0 0 -180 0.010355 165.338 0 0 0 0 0 0 0 -180
0 180 0 0 0 -0 0 180 0.0176823 124.716 0 -0 0 -0 0 -180 0 180
0 -180 0 -180 0 0 0 -180 0.0103457 165.525 0 180 0 0 0 0 0 -180
0 180 0 180 0 -0 0 0 0.0167883 126.671 0 -180 0 -0 0 -0 0 180
0 -180 0 0 0 -180 0 -180 0.199247 2.96177 0 -180 0 -180 0 0 0 -180
0 180 0 -0 0 180 0 180 1.20429 -1.16065 0 180 0 180 0 -0 0 180
inside=0 lambda=0.647 phi=15 theta=30
0 -180 0 -180 0 -180 0 0 0.172327 5.1984 0 0 0 -180 0 -180 0 -180
0 180 0 180 0 180 0 -0 1.17612 -0.761636 0 -0 0 180 0 180 0 180
0 -180 0 -180 0 0 0 -180 0.0179258 165.382 0 0 0 0 0 0 0 -180
0 180 0 0 0 -0 0 180 0.0302542 125.149 0 -0 0 -0 0 -180 0 180
0 -180 0 -180 0 0 0 -180 0.0179168 165.491 0 180 0 0 0 0 0 -180
0 180 0 180 0 -0 0 0 0.0293637 126.278 0 -180 0 -0 0 -0 0 180
0 -180 0 0 0 -180 0 -180 0.191993 3.45927 0 -180 0 -180 0 0 0 -180
0 180 0 -0 0 180 0 180 1.19663 -1.07091 0 180 0 180 0 -0 0 180
inside=0 lambda=0.647 phi=15 theta=45
0 -180 0 -180 0 -180 0 0 0.182126 4.25201 0 0 0 -180 0 -180 0 -180
0 180 0 180 0 180 0 -0 1.1863 -0.927852 0 -0 0 180 0 180 0 180
0 -180 0 -180 0 0 0 -180 0.0206903 165.439 0 0 0 0 0 0 0 -180
0 180 0 0 0 -0 0 180 0.0343955 125.724 0 -0 0 -0 0 -180 0 180
0 -180 0 -180 0 0 0 -180 0.0206903 165.439 0 0 0 0 0 0 0 -180
0 180 0 180 0 -0 0 0 0.0343955 125.724 0 -180 0 -0 0 -0 0 180
0 -180 0 0 0 -180 0 -180 0.182126 4.25201 0 -180 0 -180 0 0 0 -180
0 180 0 -0 0 180 0 180 1.1863 -0.927852 0 180 0 180 0 -0 0 180
inside=0 lambda=0.647 phi=20 theta=0
0 -180 0 -180 0 -180 0 0 0.127486 -18.5797 0 0 0 -180 0 -180 0 -180
0 180 0 180 0 180 0 -0 1.14987 -27.3582 0 -0 0 180 0 180 0 180
0 -180 0 -0 0 0 0 -0 4.3816e-13 -165.823 0 -180 0 0 0 180 0 -180
0 180 0 0 0 -0 0 0 1.24676e-12 -125.618 0 -180 0 -0 0 -180 0 180
0 -180 0 -180 0 0 0 -0 4.2729e-14 -75.8854 0 -0 0 0 0 0 0 -180
0 180 0 180 0 -0 0 -0 5.93516e-13 -126.011 0 0 0 -0 0 -0 0 180
0 -180 0 0 0 -180 0 -180 0.192644 -29.9088 0 -180 0 -180 0 0 0 -180
0 180 0 -0 0 180 0 180 1.2329 -28.1235 0 180 0 180 0 -0 0 180
inside=0 lambda=0.647 phi=20 theta=15
0 -180 0 -180 0 -180 0 0 0.131363 -19.7918 0 0 0 -180 0 -180 0 -180
0 180 0 180 0 180 0 -0 1.15525 -27.4553 0 -0 0 180 0 180 0 180
0 -180 0 -0 0 0 0 -180 0.0168273 125.92 0 0 0 0 0 180 0 -180
0 180 0 0 0 -0 0 180 0.0341364 100.495 0 -0 0 -0 0 -180 0 180
0 -180 0 -180 0 0 0 -180 0.0169455 126.344 0 180 0 0 0 0 0 -180
0 180 0 180 0 -0 0 0 0.0311272 104.609 0 -180 0 -0 0 -0 0 180
0 -180 0 0 0 -180 0 -180 0.187892 -29.4674 0 -180 0 -180 0 0 0 -180
0 180 0 -0 0 180 0 180 1.22715 -28.1192 0 180 0 180 0 -0 0 180
inside=0 lambda=0.647 phi=20 theta=30
0 -180 0 -180 0 -180 0 0 0.142398 -22.6652 0 0 0 -180 0 -180 0 -180
0 180 0 180 0 180 0 -0 1.1701 -27.686 0 -0 0 180 0 180 0 180
0 -180 0 -0 0 0 0 -180 0.0291439 126.038 0 0 0 0 0 180 0 -180
0 180 0 0 0 -0 0 180 0.0577507 101.446 0 -0 0 -0 0 -180 0 180
0 -180 0 -180 0 0 0 -180 0.0292627 126.287 0 180 0 0 0 0 0 -180
0 180 0 180 0 -0 0 0 0.054782 103.819 0 -180 0 -0 0 -0 0 180
0 -180 0 0 0 -180 0 -180 0.175145 -28.0983 0 -180 0 -180 0 0 0 -180
0 180 0 -0 0 180 0 180 1.21161 -28.0706 0 180 0 180 0 -0 0 180
inside=0 lambda=0.647 phi=20 theta=45
0 -180 0 -180 0 -180 0 0 0.158352 -25.7487 0 0 0 -180 0 -180 0 -180
0 180 0 180 0 180 0 -0 1.19068 -27.923 0 -0 0 180 0 180 0 180
0 -180 0 -180 0 0 0 -180 0.0336963 126.177 0 0 0 0 0 180 0 -180
0 180 0 0 0 -0 0 180 0.0648285 102.673 0 -0 0 -0 0 -180 0 180
0 -180 0 -180 0 0 0 -180 0.0336963 126.177 0 180 0 0 0 0 0 -180
0 180 0 180 0 -0 0 0 0.0648285 102.673 0 -180 0 -0 0 -0 0 180
0 -180 0 0 0 -180 0 -180 0.158352 -25.7487 0 -180 0 -180 0 0 0 -180
0 180 0 -0 0 180 0 180 1.19068 -27.923 0 180 0 180 0 -0 0 180
inside=0 lambda=0.647 phi=25 theta=0
0 -180 0 -180 0 -180 0 0 0.0565772 -35.2824 0 0 0 -180 0 -180 0 -180
0 180 0 180 0 0 0 -0 1.12362 -62.1489 0 -180 0 180 0 180 0 0
0 -180 0 -0 0 0 0 -0 8.15058e-14 71.4504 0 -0 0 0 0 180 0 -180
0 180 0 0 0 -180 0 -180 7.61402e-14 43.7157 0 -180 0 -0 0 -180 0 0
0 -180 0 -180 0 0 0 180 7.52823e-14 -67.3195 0 -0 0 0 0 0 0 -180
0 0 0 180 0 -0 0 0 2.89073e-13 36.6917 0 180 0 -180 0 -0 0 180
0 -180 0 0 0 -180 0 -180 0.116698 -84.2217 0 -180 0 -180 0 0 0 -180
0 0 0 -0 0 180 0 0 1.28544 -63.2341 0 180 0 0 0 -0 0 180
inside=0 lambda=0.647 phi=25 theta=15
0 -180 0 -180 0 -180 0 0 0.0570126 -40.8214 0 0 0 -180 0 180 0 -180
0 180 0 180 0 0 0 -0 1.13391 -62.3916 0 -180 0 180 0 180 0 0
0 -180 0 -0 0 0 0 -180 0.018417 54.7493 0 0 0 0 0 0 0 -180
0 180 0 0 0 -180 0 180 0.0645077 66.9674 0 -180 0 -0 0 -180 0 0
0 -180 0 -180 0 0 0 -180 0.018969 57.0853 0 0 0 0 0 0 0 -180
0 0 0 180 0 -0 0 0 0.0562303 73.7182 0 -180 0 -180 0 -180 0 180
0 -180 0 0 0 -180 0 -180 0.10976 -82.9639 0 -180 0 -180 0 0 0 -180
0 0 0 -0 0 180 0 0 1.27411 -63.3447 0 180 0 0 0 -180 0 180
inside=0 lambda=0.647 phi=25 theta=30
0 -180 0 -180 0 -180 0 0 0.0614351 -54.7659 0 0 0 -180 0 -180 0 -180
0 180 0 180 0 0 0 -0 1.16249 -62.9179 0 -180 0 180 0 180 0 0
0 -180 0 -0 0 0 0 -180 0.031784 55.1421 0 0 0 0 0 0 0 -180
0 180 0 0 0 -180 0 180 0.107471 68.5304 0 -180 0 -0 0 -180 0 0
0 -180 0 -180 0 0 0 -0 0.032322 56.4809 0 0 0 0 0 0 0 -180
0 0 0 180 0 -0 0 0 0.0995016 72.4134 0 -180 0 -180 0 -180 0 180
0 -180 0 0 0 -180 0 -180 0.0928302 -78.5763 0 -180 0 -180 0 0 0 -180
0 0 0 -0 0 180 0 0 1.2435 -63.4819 0 180 0 0 0 -180 0 0
inside=0 lambda=0.647 phi=25 theta=45
0 -180 0 -180 0 -180 0 0 0.0741522 -69.289 0 0 0 -180 0 -180 0 -180
0 180 0 180 0 0 0 -0 1.2025 -63.3573 0 -180 0 180 0 180 0 0
0 -180 0 -0 0 0 0 -180 0.036844 55.7681 0 0 0 0 0 0 0 -180
0 180 0 0 0 -180 0 180 0.11892 70.533 0 -180 0 -0 0 -180 0 0
0 -180 0 -180 0 0 0 -0 0.036844 55.7681 0 0 0 0 0 0 0 -180
0 180 0 180 0 -0 0 0 0.11892 70.533 0 -180 0 -180 0 -180 0 0
0 -180 0 0 0 -180 0 -180 0.0741522 -69.289 0 -180 0 -180 0 0 0 -180
0 180 0 -0 0 180 0 180 1.2025 -63.3573 0 180 0 0 0 -180 0 0
inside=0 lambda=0.647 phi=30 theta=0
0 -180 0 180 0 -180 0.0464536 -66.8856 0.0342416 27.5468 0 0 0 -180 0 180 0 -180
0 0 0 180 0 0 0 -180 1.06781 -104.53 0 -180 0 0 0 180 0 0
0 -180 0 -180 0 0 1.40051e-13 157.717 2.95577e-13 0.871892 0 180 0 0 0 0 0 -180
0 0 0 -0 0 -180 0 -180 2.63832e-13 -75.5416 0 0 0 -180 0 180 0 0
0 -180 0 -180 0 0 1.2918e-14 14.9848 1.93186e-13 57.9375 0 -0 0 0 0 0 0 -180
0 0 0 0 0 -180 0 180 2.50129e-13 -12.311 0 -0 0 -180 0 -180 0 0
0 -180 0 0 0 -180 0.271298 -101.334 0.107312 116.875 0 -180 0 -180 0 0 0 -180
0 0 0 -180 0 0 0 0 1.33754 -106.98 0 0 0 0 0 -180 0 0
inside=0 lambda=0.647 phi=30 theta=15
0 -180 0 180 0 -180 0 0 0.0415228 37.5001 0 0 0 -180 0 180 0 -180
0 0 0 180 0 0 0 -180 1.08857 -105.247 0 -180 0 0 0 180 0 0
0 -180 0 -180 0 0 0 -180 0.0359992 -69.5925 0 0 0 0 0 0 0 -180
0 0 0 -0 0 -180 0 0 0.118457 20.0137 0 -180 0 -180 0 180 0 0
0 -180 0 -180 0 0 0 -180 0.0344292 -65.258 0 0 0 0 0 0 0 -180
0 0 0 0 0 -180 0 -0 0.0943537 28.6586 0 180 0 -180 0 -180 0 0
0 -180 0 0 0 -180 0 -180 0.110667 111.054 0 -180 0 -180 0 0 0 -180
0 0 0 -180 0 0 0 0 1.32549 -107.447 0 0 0 0 0 -180 0 0
inside=0 lambda=0.647 phi=30 theta=30
0 -180 0 -180 0 -180 0 0 0.0530688 60.767 0 0 0 -180 0 180 0 -180
0 0 0 0 0 0 0 -180 1.13335 -106.784 0 -180 0 0 0 180 0 0
0 -180 0 -180 0 0 0 -180 0.0611198 -70.6254 0 0 0 0 0 0 0 -180
0 0 0 -0 0 -180 0 0 0.189402 21.5988 0 -180 0 -180 0 180 0 0
0 -180 0 -180 0 0 0 -180 0.0598347 -68.3983 0 0 0 0 0 0 0 -180
0 0 0 0 0 -180 0 -0 0.167874 26.727 0 180 0 -180 0 -180 0 0
0 -180 0 0 0 -180 0 -180 0.0961782 97.57 0 -180 0 -180 0 0 0 -180
0 0 0 -180 0 0 0 0 1.26914 -108.159 0 0 0 0 0 -180 0 0
inside=0 lambda=0.647 phi=30 theta=45
0 -180 0 -180 0 -180 0 0 0.0745274 81.8917 0 0 0 -180 0 -180 0 -180
0 0 0 0 0 0 0 -180 1.19856 -107.923 0 -180 0 0 0 0 0 0
0 -180 0 -180 0 0 0 -180 0.0695117 -70.1714 0 0 0 0 0 0 0 -180
0 0 0 -0 0 -180 0 0 0.203654 24.1134 0 -180 0 -180 0 180 0 0
0 -180 0 -180 0 0 0 -180 0.0695117 -70.1714 0 0 0 0 0 0 0 -180
0 0 0 0 0 -180 0 -0 0.203654 24.1134 0 180 0 -180 0 -180 0 0
0 -180 0 0 0 -180 0 -180 0.0745274 81.8917 0 -180 0 -180 0 0 0 -180
0 0 0 -180 0 0 0 0 1.19856 -107.923 0 0 0 0 0 -180 0 0
inside=0 lambda=0.647 phi=35 theta=0
0 -180 0 180 0 -180 0.129214 -46.1455 0.0271487 176.358 0 0 0 -180 0 180 0 -180
0 0 0 0 0 -0 0 -180 0.971956 -154.976 0 180 0 0 0 0 0 -0
0 -180 0 -0 0 0 1.28651e-13 -148.379 1.43508e-13 99.7978 0 -180 0 0 0 180 0 -180
0 0 0 -0 0 180 0 0 2.40277e-13 52.8712 0 -0 0 -180 0 180 0 -0
0 -180 0 -180 0 0 5.06422e-13 -48.3163 9.58412e-14 103.74 0 -0 0 0 0 0 0 -180
0 -0 0 0 0 -180 0 -180 4.98362e-13 106.749 0 0 0 180 0 -180 0 0
0 -180 0 0 0 -180 0.294207 -84.1114 0.329252 25.5314 0 -180 0 -180 0 0 0 -180
0 -0 0 -180 0 0 0 -0 1.35622 -157.278 0 0 0 -0 0 -180 0 0
inside=0 lambda=0.647 phi=35 theta=15
0 -180 0 180 0 -180 0.106504 -59.022 0.00903398 43.7471 0 0 0 -180 0 180 0 -180
0 0 0 0 0 -0 0 -180 0.998018 -156.103 0 180 0 0 0 0 0 -0
0 -180 0 -180 0 0 0.0324375 -55.029 0.0931812 -157.895 0 0 0 0 0 180 0 -180
0 0 0 -0 0 180 0 0 0.191328 -33.1154 0 180 0 -180 0 180 0 -0
0 -180 0 -180 0 0 0.0627342 -102.547 0.0912705 -157.342 0 180 0 0 0 0 0 -180
0 -0 0 0 0 -180 0 -0 0.131706 -19.9112 0 180 0 180 0 180 0 0
0 -180 0 0 0 -180 0.271932 -97.0156 0.308727 24.6691 0 -180 0 -180 0 0 0 -180
0 -0 0 -180 0 0 0 -0 1.329 -158.155 0 0 0 -0 0 180 0 0
inside=0 lambda=0.647 phi=35 theta=30
0 -180 0 -180 0 -180 0 -0 0.0901827 11.0203 0 0 0 180 0 180 0 -180
0 0 0 0 0 -0 0 -180 1.07111 -158.605 0 180 0 0 0 0 0 -0
0 -180 0 -180 0 0 0 -180 0.158867 -158.226 0 0 0 -0 0 180 0 -180
0 0 0 -0 0 180 0 0 0.290482 -31.892 0 180 0 -180 0 180 0 -0
0 -180 0 -180 0 0 0 -180 0.157036 -157.309 0 180 0 0 0 0 0 -180
0 0 0 0 0 -180 0 -0 0.233069 -23.4693 0 180 0 180 0 180 0 -0
0 -180 0 0 0 -180 0 -180 0.260118 21.6355 0 -180 0 -180 0 0 0 -180
0 0 0 -180 0 0 0 -0 1.26243 -159.828 0 0 0 -0 0 180 0 -0
inside=0 lambda=0.647 phi=35 theta=45
0 -180 0 -180 0 -180 0 -0 0.178423 15.2906 0 0 0 180 0 180 0 -180
0 0 0 0 0 -0 0 -180 1.16151 -160.153 0 180 0 0 0 0 0 -0
0 -180 0 -180 0 0 0 -180 0.181221 -158.22 0 0 0 -0 0 180 0 -180
0 0 0 -0 0 180 0 0 0.291483 -27.6684 0 180 0 -180 0 180 0 -0
0 -180 0 -180 0 -0 0 -180 0.181221 -158.22 0 180 0 0 0 0 0 -180
0 0 0 0 0 -180 0 -0 0.291483 -27.6684 0 180 0 180 0 180 0 -0
0 -180 0 -0 0 180 0 -180 0.178423 15.2906 0 180 0 -180 0 0 0 -180
0 0 0 -180 0 0 0 0 1.16151 -160.153 0 0 0 -0 0 180 0 -0
inside=0 lambda=0.647 phi=40 theta=0
0 -0 0 180 0 -180 0.0971856 60.6192 0.215289 99.9702 0 0 0 -0 0 180 0 -180
0 -180 0 0 0 -180 0 0 0.792479 143.873 0 0 0 -180 0 0 0 -180
0 -0 0 -180 0 0 3.89028e-14 48.3349 9.67603e-14 -171.712 0 0 0 180 0 0 0 -180
0 -0 0 -180 0 0 0 -0 3.26969e-13 69.8056 0 180 0 180 0 0 0 -180
0 -0 0 -180 0 -0 1.04973e-11 -100.904 3.0206e-13 39.5141 0 -0 0 180 0 0 0 180
0 -0 0 -0 0 180 0 0 1.269e-12 171.188 0 180 0 180 0 180 0 -0
0 -180 0 0 0 180 0.226078 -12.5768 0.490761 -42.3359 0 180 0 -180 0 0 0 180
0 -0 0 180 0 -0 0 -0 1.51531 151.773 0 -0 0 -0 0 180 0 -0
inside=0 lambda=0.647 phi=40 theta=15
0 -180 0 180 0 -180 0.196769 -26.7848 0.210826 110.216 0 0 0 -180 0 180 0 -180
0 -0 0 0 0 -0 0 180 0.815858 142.341 0 0 0 -0 0 0 0 -0
0 -180 0 -180 0 0 0.0883266 -82.181 0.153485 115.288 0 0 0 0 0 0 0 -180
0 -0 0 -180 0 180 0 -0 0.360399 -87.6478 0 0 0 180 0 0 0 -0
0 -180 0 -180 0 -0 0.0916608 -42.7409 0.163005 117.833 0 0 0 180 0 0 0 -180
0 -0 0 -0 0 180 0 -180 0.222002 -54.6523 0 0 0 180 0 180 0 -0
0 -180 0 -0 0 180 0.197602 -45.5836 0.418872 -52.7567 0 180 0 -180 0 0 0 -180
0 -0 0 180 0 -0 0 -0 1.48899 148.099 0 -0 0 -0 0 180 0 -0
inside=0 lambda=0.647 phi=40 theta=30
0 -180 0 -180 0 -180 0.0953018 -89.8466 0.107184 124.621 0 0 0 180 0 180 0 -180
0 -0 0 0 0 -0 0 180 0.984667 138.496 0 0 0 -0 0 0 0 -0
0 -180 0 -180 0 0 0.135525 -108.801 0.252987 109.771 0 0 0 -0 0 0 0 -180
0 -0 0 -180 0 180 0 -0 0.521826 -80.5508 0 0 0 180 0 0 0 -0
0 -180 0 -180 0 -0 0.0953332 -108.402 0.265438 110.891 0 0 0 0 0 0 0 -180
0 -0 0 -0 0 180 0 -180 0.406416 -63.4188 0 0 0 180 0 180 0 -0
0 -180 0 -0 0 180 0.187153 -105.022 0.250677 -70.5613 0 180 0 -180 0 0 0 -180
0 -0 0 180 0 -0 0 -0 1.38299 142.092 0 -0 0 -0 0 180 0 -0
inside=0 lambda=0.647 phi=40 theta=45
0 -180 0 -180 0 -180 0 -0 0.0765274 -102.122 0 0 0 180 0 180 0 -180
0 -0 0 -0 0 -0 0 180 1.19838 137.945 0 180 0 -0 0 -0 0 -0
0 -180 0 -180 0 0 0 -180 0.29048 108.714 0 0 0 -0 0 0 0 -180
0 -0 0 -180 0 180 0 -0 0.514749 -72.0942 0 180 0 180 0 0 0 -0
0 -180 0 -180 0 -0 0 -180 0.29048 108.714 0 0 0 0 0 0 0 -180
0 -0 0 -0 0 180 0 -180 0.514749 -72.0942 0 0 0 180 0 180 0 -0
0 -180 0 -0 0 180 0 -180 0.0765274 -102.122 0 180 0 -180 0 0 0 -180
0 -0 0 180 0 -0 0 -0 1.19838 137.945 0 -0 0 -0 0 180 0 -0
inside=0 lambda=0.647 phi=45 theta=0
0 -0 0 180 0 -0 0.115343 34.3062 0.992551 -67.7203 0 180 0 -0 0 180 0 -0
0 -0 0 -0 0 -0 0 180 0 180 0 -0 0 -0 0 -0 0 -0
0 -180 0 -0 0 180 2.69537e-12 147.427 3.90396e-12 -58.3031 0 0 0 0 0 180 0 -0
0 -0 0 180 0 180 0 0 0 -180 0 -180 0 180 0 -0 0 -0
0 -0 0 -180 0 0 1.48026e-11 -166.545 8.40001e-12 -19.3004 0 -180 0 180 0 0 0 -180
0 -180 0 -180 0 180 0 180 0 -180 0 -180 0 0 0 0 0 -0
0 -0 0 0 0 -180 1.00681 -21.5692 0.302345 123.571 0 -180 0 -0 0 0 0 -180
0 -180 0 0 0 -0 0 -180 0 0 0 -0 0 -180 0 0 0 -0
inside=0 lambda=0.647 phi=45 theta=15
0 -180 0 180 0 -180 0.55084 -54.7379 0.653417 -49.1278 0 0 0 -180 0 180 0 -180
0 -0 0 -0 0 -180 0 180 0 180 0 -0 0 -180 0 -0 0 -180
0 -180 0 -0 0 0 0.161213 119.308 0.405504 -69.768 0 0 0 0 0 180 0 -180
0 -0 0 180 0 0 0 180 0 -180 0 -0 0 0 0 -0 0 -180
0 -180 0 -180 0 0 0.23114 -49.1905 0.391199 -71.0769 0 -180 0 180 0 0 0 -180
0 -180 0 -180 0 0 0 -180 0 -180 0 -0 0 0 0 0 0 -180
0 -180 0 0 0 -180 0.557284 -38.5899 0.74468 86.5237 0 -180 0 -0 0 0 0 -180
0 -180 0 0 0 -180 0 -180 0 0 0 -180 0 -180 0 0 0 -180
inside=0 lambda=0.647 phi=45 theta=30
0 180 0 180 0 -180 0.249651 -76.2137 0.702353 -24.9375 0 0 0 -180 0 -180 0 -180
0 -0 0 -0 0 180 0 180 0 0 0 -0 0 -180 0 -0 0 0
0 180 0 -0 0 0 0.207621 114.471 0.519372 -84.9613 0 0 0 0 0 -180 0 -180
0 -0 0 180 0 -0 0 -0 0 -180 0 -0 0 0 0 -0 0 180
0 -180 0 -180 0 0 0.235463 -114.002 0.553484 -87.3105 0 -180 0 0 0 0 0 180
0 -180 0 -0 0 0 0 -180 0 -180 0 -0 0 0 0 0 0 -180
0 -180 0 0 0 -180 0.287403 -125.35 0.79886 33.8324 0 -180 0 -180 0 0 0 180
0 -180 0 180 0 -180 0 -180 0 0 0 -180 0 -180 0 0 0 -180
inside=0 lambda=0.647 phi=45 theta=45
0 180 0 180 0 -180 0 -0 0.773265 -2.18924 0 0 0 -180 0 -180 0 180
0 -0 0 -0 0 -180 0 180 0 0 0 -0 0 -180 0 -0 0 180
0 180 0 -180 0 0 0 180 0.634083 -92.1892 0 0 0 0 0 -180 0 180
0 -0 0 180 0 0 0 -0 0 -180 0 -0 0 0 0 -0 0 180
0 180 0 180 0 0 0 -180 0.634083 -92.1892 0 -180 0 0 0 0 0 180
0 -0 0 -0 0 0 0 180 0 -180 0 -0 0 0 0 -0 0 180
0 180 0 -0 0 -180 0 180 0.773265 -2.18924 0 -180 0 -180 0 0 0 180
0 -0 0 180 0 -180 0 -0 0 0 0 -0 0 -180 0 -0 0 180
inside=1 lambda=0.647 phi=0 theta=0
0 -180 0 -180 0 -180 0 0 0.153935 -155.77 0 0 0 -180 0 -180 0 -180
0 180 0 180 0 180 0 -0 0.818691 33.7433 0 -0 0 180 0 180 0 180
0 -180 0 -0 0 0 0 -180 1.85066e-13 42.5591 0 180 0 0 0 -0 0 -180
0 180 0 -180 0 -0 0 0 2.25323e-13 6.01031 0 180 0 -0 0 -180 0 180
0 -180 0 -0 0 0 0 180 1.30807e-13 93.4147 0 180 0 0 0 180 0 -180
0 180 0 180 0 -0 0 180 1.02616e-13 2.88836 0 0 0 -0 0 0 0 180
0 -180 0 0 0 -180 0 -180 0.153935 -155.77 0 -180 0 -180 0 0 0 -180
0 180 0 -0 0 180 0 180 0.818691 33.7433 0 180 0 180 0 -0 0 180
inside=1 lambda=0.647 phi=0 theta=15
0 -180 0 -180 0 -180 0 0 0.153935 -155.77 0 0 0 -180 0 -180 0 -180
0 180 0 180 0 180 0 -0 0.818691 33.7433 0 -0 0 180 0 180 0 180
0 -180 0 -0 0 0 0 -180 1.85066e-13 42.5591 0 180 0 0 0 -0 0 -180
0 180 0 -180 0 -0 0 0 2.25323e-13 6.01031 0 180 0 -0 0 -180 0 180
0 -180 0 -0 0 0 0 180 1.30807e-13 93.4147 0 180 0 0 0 180 0 -180
0 180 0 180 0 -0 0 180 1.02616e-13 2.88836 0 0 0 -0 0 0 0 180
0 -180 0 0 0 -180 0 -180 0.153935 -155.77 0 -180 0 -180 0 0 0 -180
0 180 0 -0 0 180 0 180 0.818691 33.7433 0 180 0 180 0 -0 0 180
inside=1 lambda=0.647 phi=0 theta=30
0 -180 0 -180 0 -180 0 0 0.153935 -155.77 0 0 0 -180 0 -180 0 -180
0 180 0 180 0 180 0 -0 0.818691 33.7433 0 -0 0 180 0 180 0 180
0 -180 0 -0 0 0 0 -180 1.85066e-13 42.5591 0 180 0 0 0 -0 0 -180
0 180 0 -180 0 -0 0 0 2.25323e-13 6.01031 0 180 0 -0 0 -180 0 180
0 -180 0 -0 0 0 0 180 1.30807e-13 93.4147 0 180 0 0 0 180 0 -180
0 180 0 180 0 -0 0 180 1.02616e-13 2.88836 0 0 0 -0 0 0 0 180
0 -180 0 0 0 -180 0 -180 0.153935 -155.77 0 -180 0 -180 0 0 0 -180
0 180 0 -0 0 180 0 180 0.818691 33.7433 0 180 0 180 0 -0 0 180
inside=1 lambda=0.647 phi=0 theta=45
0 -180 0 -180 0 -180 0 0 0.153935 -155.77 0 0 0 -180 0 -180 0 -180
0 180 0 180 0 180 0 -0 0.818691 33.7433 0 -0 0 180 0 180 0 180
0 -180 0 -0 0 0 0 -180 1.85066e-13 42.5591 0 180 0 0 0 -0 0 -180
0 180 0 -180 0 -0 0 0 2.25323e-13 6.01031 0 180 0 -0 0 -180 0 180
0 -180 0 -0 0 0 0 180 1.30807e-13 93.4147 0 180 0 0 0 180 0 -180
0 180 0 180 0 -0 0 180 1.02616e-13 2.88836 0 0 0 -0 0 0 0 180
0 -180 0 0 0 -180 0 -180 0.153935 -155.77 0 -180 0 -180 0 0 0 -180
0 180 0 -0 0 180 0 180 0.818691 33.7433 0 180 0 180 0 -0 0 180
inside=1 lambda=0.647 phi=5 theta=0
0 -180 0 -180 0 -180 0 0 0.156082 -157.291 0 0 0 -180 0 -180 0 -180
0 180 0 180 0 180 0 -0 0.819238 31.9409 0 -0 0 180 0 180 0 180
0 -180 0 -0 0 0 0 -0 1.40955e-13 156.038 0 0 0 0 0 180 0 -180
0 180 0 180 0 -0 0 0 5.55895e-13 -62.1724 0 -180 0 -0 0 -0 0 180
0 -180 0 -180 0 0 0 -0 1.17487e-13 145.003 0 -0 0 0 0 0 0 -180
0 180 0 180 0 -0 0 180 5.13734e-13 -61.1089 0 180 0 -0 0 -0 0 180
0 -180 0 0 0 -180 0 -180 0.15781 -157.31 0 -180 0 -180 0 0 0 -180
0 180 0 -0 0 180 0 180 0.817359 31.8981 0 180 0 180 0 -0 0 180
inside=1 lambda=0.647 phi=5 theta=15
0 -180 0 -180 0 -180 0 0 0.156198 -157.292 0 0 0 -180 0 -180 0 -180
0 180 0 180 0 180 0 -0 0.819112 31.9381 0 -0 0 180 0 180 0 180
0 -180 0 -0 0 0 0 -180 0.000480984 10.2845 0 0 0 0 0 180 0 -180
0 180 0 180 0 -0 0 180 0.000693726 78.7057 0 -0 0 -0 0 -0 0 180
0 -180 0 -180 0 0 0 -0 0.000480613 10.3474 0 180 0 0 0 0 0 -180
0 180 0 180 0 -0 0 180 0.00069239 78.6208 0 -0 0 -0 0 -0 0 180
0 -180 0 0 0 -180 0 -180 0.157694 -157.309 0 -180 0 -180 0 0 0 -180
0 180 0 -0 0 180 0 180 0.817484 31.901 0 180 0 180 0 -0 0 180
inside=1 lambda=0.647 phi=5 theta=30
0 -180 0 -180 0 -180 0 0 0.156514 -157.296 0 0 0 -180 0 -180 0 -180
0 180 0 180 0 180 0 -0 0.818768 31.9302 0 -0 0 180 0 180 0 180
0 -180 0 -0 0 0 0 -180 0.000832952 10.2978 0 0 0 0 0 180 0 -180
0 180 0 180 0 -0 0 180 0.00120108 78.6876 0 -0 0 -0 0 -0 0 180
0 -180 0 -180 0 0 0 -0 0.000832581 10.3341 0 180 0 0 0 0 0 -180
0 180 0 180 0 -0 0 180 0.00119974 78.6386 0 -0 0 -0 0 -0 0 180
0 -180 0 0 0 -180 0 -180 0.157378 -157.305 0 -180 0 -180 0 0 0 -180
0 180 0 -0 0 180 0 180 0.817828 31.9088 0 180 0 180 0 -0 0 180
inside=1 lambda=0.647 phi=5 theta=45
0 -180 0 -180 0 -180 0 0 0.156946 -157.301 0 0 0 -180 0 -180 0 -180
0 180 0 180 0 180 0 -0 0.818298 31.9195 0 -0 0 180 0 180 0 180
0 -180 0 -0 0 0 0 -180 0.000961596 10.3159 0 0 0 0 0 180 0 -180
0 180 0 180 0 -0 0 180 0.00138611 78.6631 0 -0 0 -0 0 -0 0 180
0 -180 0 -180 0 0 0 -0 0.000961596 10.3159 0 180 0 0 0 0 0 -180
0 180 0 180 0 -0 0 180 0.00138611 78.6631 0 -0 0 -0 0 -0 0 180
0 -180 0 0 0 -180 0 -180 0.156946 -157.301 0 -180 0 -180 0 0 0 -180
0 180 0 -0 0 180 0 180 0.818298 31.9195 0 180 0 180 0 -0 0 180
inside=1 lambda=0.647 phi=10 theta=0
0 -180 0 -180 0 -180 0 0 0.161371 -161.937 0 0 0 -180 0 -180 0 -180
0 180 0 180 0 180 0 -0 0.821047 26.572 0 -0 0 180 0 180 0 180
0 -180 0 -0 0 0 0 -0 1.70356e-13 134.26 0 -0 0 0 0 180 0 -180
0 180 0 180 0 -0 0 0 1.43202e-12 -58.7142 0 0 0 -0 0 -0 0 180
0 -180 0 -180 0 0 0 180 2.28337e-13 127.606 0 180 0 0 0 0 0 -180
0 180 0 180 0 -0 0 -0 9.41683e-13 -59.4142 0 -180 0 -0 0 -0 0 180
0 -180 0 0 0 -180 0 -180 0.168597 -161.926 0 -180 0 -180 0 0 0 -180
0 180 0 -0 0 180 0 180 0.813384 26.4058 0 180 0 180 0 -0 0 180
inside=1 lambda=0.647 phi=10 theta=15
0 -180 0 -180 0 -180 0 0 0.161856 -161.938 0 0 0 -180 0 -180 0 -180
0 180 0 180 0 180 0 -0 0.820531 26.5609 0 -0 0 180 0 180 0 180
0 -180 0 -0 0 0 0 -180 0.00197805 6.44818 0 0 0 0 0 180 0 -180
0 180 0 180 0 -0 0 180 0.00279954 72.7627 0 -0 0 -0 0 -0 0 180
0 -180 0 -180 0 0 0 -0 0.00197257 6.731 0 180 0 0 0 0 0 -180
0 180 0 180 0 -0 0 180 0.00277834 72.4179 0 -0 0 -0 0 -0 0 180
0 -180 0 0 0 -180 0 -180 0.168114 -161.928 0 -180 0 -180 0 0 0 -180
0 180 0 -0 0 180 0 180 0.813894 26.417 0 180 0 180 0 -0 0 180
inside=1 lambda=0.647 phi=10 theta=30
0 -180 0 -180 0 -180 0 0 0.163181 -161.938 0 0 0 -180 0 -180 0 -180
0 180 0 180 0 180 0 -0 0.819123 26.5307 0 -0 0 180 0 180 0 180
0 -180 0 -0 0 0 0 -180 0.00342402 6.50821 0 0 0 0 0 180 0 -180
0 180 0 180 0 -0 0 180 0.00484098 72.688 0 -0 0 -0 0 -0 0 180
0 -180 0 -180 0 0 0 -0 0.00341854 6.67147 0 180 0 0 0 0 0 -180
0 180 0 180 0 -0 0 180 0.00481978 72.489 0 -0 0 -0 0 -0 0 180
0 -180 0 0 0 -180 0 -180 0.166794 -161.932 0 -180 0 -180 0 0 0 -180
0 180 0 -0 0 180 0 180 0.815291 26.4476 0 180 0 180 0 -0 0 180
inside=1 lambda=0.647 phi=10 theta=45
0 -180 0 -180 0 -180 0 0 0.164989 -161.937 0 0 0 -180 0 -180 0 -180
0 180 0 180 0 180 0 -0 0.817204 26.4893 0 -0 0 180 0 180 0 180
0 -180 0 -0 0 0 0 -180 0.00395052 6.58996 0 0 0 0 0 180 0 -180
0 180 0 180 0 -0 0 180 0.00557752 72.5876 0 -0 0 -0 0 -0 0 180
0 -180 0 -180 0 0 0 -0 0.00395052 6.58996 0 180 0 0 0 0 0 -180
0 180 0 180 0 -0 0 180 0.00557752 72.5876 0 -0 0 -0 0 -0 0 180
0 -180 0 0 0 -180 0 -180 0.164989 -161.937 0 -180 0 -180 0 0 0 -180
0 180 0 -0 0 180 0 180 0.817204 26.4893 0 180 0 180 0 -0 0 180
inside=1 lambda=0.647 phi=15 theta=0
0 -180 0 -180 0 -180 0 0 0.16641 -169.897 0 0 0 -180 0 -180 0 -180
0 180 0 180 0 180 0 -0 0.824659 17.7433 0 -0 0 180 0 180 0 180
0 -180 0 -0 0 0 0 -0 1.42198e-14 -119.321 0 -0 0 0 0 180 0 -180
0 180 0 180 0 -0 0 0 8.13413e-15 172.224 0 0 0 -0 0 -0 0 180
0 -180 0 -180 0 0 0 -180 5.40567e-14 -82.677 0 -0 0 0 0 0 0 -180
0 180 0 180 0 -0 0 180 1.73552e-13 97.5244 0 180 0 -0 0 -0 0 180
0 -180 0 0 0 -180 0 -180 0.183591 -169.551 0 -180 0 -180 0 0 0 -180
0 180 0 -0 0 180 0 180 0.806933 17.3942 0 180 0 180 0 -0 0 180
inside=1 lambda=0.647 phi=15 theta=15
0 -180 0 -180 0 -180 0 0 0.167565 -169.879 0 0 0 -180 0 -180 0 -180
0 180 0 180 0 180 0 -0 0.823457 17.7205 0 -0 0 180 0 180 0 180
0 -180 0 -0 0 0 0 -180 0.00457337 0.153102 0 0 0 0 0 180 0 -180
0 180 0 180 0 -0 0 180 0.00637111 63.0463 0 -0 0 -0 0 -0 0 180
0 -180 0 -180 0 0 0 -0 0.00455096 0.897362 0 180 0 0 0 0 0 -180
0 180 0 180 0 -0 0 180 0.00626531 62.2456 0 -0 0 -0 0 -0 0 180
0 -180 0 0 0 -180 0 -180 0.182445 -169.579 0 -180 0 -180 0 0 0 -180
0 180 0 -0 0 180 0 180 0.808106 17.4181 0 180 0 180 0 -0 0 180
inside=1 lambda=0.647 phi=15 theta=30
0 -180 0 -180 0 -180 0 0 0.170718 -169.825 0 0 0 -180 0 -180 0 -180
0 180 0 180 0 180 0 -0 0.820186 17.6577 0 -0 0 180 0 180 0 180
0 -180 0 -0 0 0 0 -180 0.00791244 0.312712 0 0 0 0 0 180 0 -180
0 180 0 180 0 -0 0 180 0.0109939 62.8678 0 -0 0 -0 0 -0 0 180
0 -180 0 -180 0 0 0 -0 0.00789008 0.742124 0 180 0 0 0 0 0 -180
0 180 0 180 0 -0 0 180 0.0108882 62.4055 0 -0 0 -0 0 -0 0 180
0 -180 0 0 0 -180 0 -180 0.179309 -169.652 0 -180 0 -180 0 0 0 -180
0 180 0 -0 0 180 0 180 0.811323 17.4831 0 180 0 180 0 -0 0 180
inside=1 lambda=0.647 phi=15 theta=45
0 -180 0 -180 0 -180 0 0 0.175018 -169.744 0 0 0 -180 0 -180 0 -180
0 180 0 180 0 180 0 -0 0.81574 17.571 0 -0 0 180 0 180 0 180
0 -180 0 -0 0 0 0 -180 0.00912322 0.528514 0 0 0 0 0 180 0 -180
0 180 0 180 0 -0 0 180 0.0126323 62.632 0 -0 0 -0 0 -0 0 180
0 -180 0 -180 0 0 0 -0 0.00912322 0.528514 0 180 0 0 0 0 0 -180
0 180 0 180 0 -0 0 180 0.0126323 62.632 0 -0 0 -0 0 -0 0 180
0 -180 0 0 0 -180 0 -180 0.175018 -169.744 0 -180 0 -180 0 0 0 -180
0 180 0 -0 0 180 0 180 0.81574 17.571 0 180 0 180 0 -0 0 180
inside=1 lambda=0.647 phi=20 theta=0
0 -180 0 -180 0 -180 0 0 0.165978 178.614 0 0 0 -180 0 -180 0 -180
0 180 0 180 0 180 0 -0 0.831019 5.6105 0 -0 0 180 0 180 0 180
0 -180 0 -0 0 0 0 -0 7.86049e-14 101.911 0 -0 0 0 0 180 0 -180
0 180 0 180 0 -0 0 0 3.48433e-13 -86.2709 0 -0 0 -0 0 -0 0 180
0 -180 0 -180 0 0 0 -0 5.89183e-14 96.6597 0 -0 0 0 0 0 0 -180
0 180 0 180 0 -0 0 0 2.41317e-13 -85.8599 0 180 0 -0 0 -0 0 180
0 -180 0 0 0 -180 0 -180 0.19781 -179.959 0 -180 0 -180 0 0 0 -180
0 180 0 -0 0 180 0 180 0.798565 5.06498 0 180 0 180 0 -0 0 180
inside=1 lambda=0.647 phi=20 theta=15
0 -180 0 -180 0 -180 0 0 0.168113 178.702 0 0 0 -180 0 -180 0 -180
0 180 0 180 0 180 0 -0 0.828806 5.57568 0 -0 0 180 0 180 0 180
0 -180 0 -0 0 0 0 -180 0.0081454 -8.28173 0 0 0 0 0 180 0 -180
0 180 0 180 0 -0 0 180 0.0114429 49.9459 0 -0 0 -0 0 -0 0 180
0 -180 0 -180 0 0 0 -0 0.00810691 -6.71226 0 0 0 0 0 0 0 -180
0 180 0 180 0 -0 0 180 0.0111142 48.4379 0 -0 0 -0 0 -0 0 180
0 -180 0 0 0 -180 0 -180 0.195683 179.937 0 -180 0 -180 0 0 0 -180
0 180 0 -0 0 180 0 180 0.8007 5.10315 0 180 0 180 0 -0 0 180
inside=1 lambda=0.647 phi=20 theta=30
0 -180 0 -180 0 -180 0 0 0.173944 178.947 0 0 0 -180 0 -180 0 -180
0 180 0 180 0 180 0 -0 0.822789 5.47925 0 -0 0 180 0 180 0 180
0 -180 0 -0 0 0 0 -180 0.0140903 -7.93788 0 0 0 0 0 0 0 -180
0 180 0 180 0 -0 0 180 0.0196853 49.5964 0 -0 0 -0 0 -0 0 180
0 -180 0 -180 0 0 0 -0 0.0140523 -7.03384 0 0 0 0 0 0 0 -180
0 180 0 180 0 -0 0 180 0.0193575 48.726 0 -0 0 -0 0 -0 0 180
0 -180 0 0 0 -180 0 -180 0.189864 179.659 0 -180 0 -180 0 0 0 -180
0 180 0 -0 0 180 0 180 0.806562 5.20632 0 180 0 180 0 -0 0 180
inside=1 lambda=0.647 phi=20 theta=45
0 -180 0 -180 0 -180 0 0 0.181907 179.295 0 0 0 -180 0 -180 0 -180
0 180 0 180 0 180 0 -0 0.814637 5.34448 0 -0 0 180 0 180 0 180
0 -180 0 -0 0 0 0 -180 0.016246 -7.48026 0 0 0 0 0 0 0 -180
0 180 0 180 0 -0 0 180 0.0225335 49.1459 0 -0 0 -0 0 -0 0 180
0 -180 0 -180 0 0 0 -0 0.016246 -7.48026 0 0 0 0 0 0 0 -180
0 180 0 180 0 -0 0 180 0.0225335 49.1459 0 -0 0 -0 0 -0 0 180
0 -180 0 0 0 -180 0 -180 0.181907 179.295 0 -180 0 -180 0 0 0 -180
0 180 0 -0 0 180 0 180 0.814637 5.34448 0 180 0 180 0 -0 0 180
inside=1 lambda=0.647 phi=25 theta=0
0 -180 0 -180 0 -180 0 0 0.15416 163.282 0 0 0 -180 0 -180 0 -180
0 180 0 180 0 180 0 -0 0.841239 -9.64717 0 -0 0 180 0 180 0 180
0 -180 0 -0 0 0 0 -180 9.08968e-14 61.9941 0 180 0 0 0 180 0 -180
0 180 0 0 0 -0 0 0 5.53418e-13 -100.043 0 0 0 -0 0 -180 0 180
0 -180 0 -180 0 0 0 180 8.32495e-14 85.2645 0 -0 0 0 0 0 0 -180
0 180 0 180 0 -0 0 -180 5.42274e-13 -101.155 0 180 0 -0 0 -0 0 180
0 -180 0 0 0 -180 0 -180 0.203787 167.339 0 -180 0 -180 0 0 0 -180
0 180 0 -0 0 180 0 180 0.789409 -10.3395 0 180 0 180 0 -0 0 180
inside=1 lambda=0.647 phi=25 theta=15
0 -180 0 -180 0 -180 0 0 0.157445 163.567 0 0 0 -180 0 -180 0 -180
0 180 0 180 0 180 0 -0 0.837686 -9.69033 0 -0 0 180 0 180 0 180
0 -180 0 -0 0 0 0 -180 0.0120285 -18.1089 0 0 0 0 0 0 0 -180
0 180 0 0 0 -0 0 180 0.0180144 34.1506 0 -0 0 -0 0 -180 0 180
0 -180 0 -180 0 0 0 -0 0.0120695 -15.2144 0 0 0 0 0 0 0 -180
0 180 0 180 0 -0 0 0 0.017215 31.5819 0 -0 0 -0 0 -0 0 180
0 -180 0 0 0 -180 0 -180 0.200429 167.07 0 -180 0 -180 0 0 0 -180
0 180 0 -0 0 180 0 180 0.792803 -10.2903 0 180 0 180 0 -0 0 180
inside=1 lambda=0.647 phi=25 theta=30
0 -180 0 -180 0 -180 0 0 0.16645 164.328 0 0 0 -180 0 -180 0 -180
0 180 0 180 0 180 0 -0 0.828042 -9.81069 0 -0 0 180 0 180 0 180
0 -180 0 -0 0 0 0 -180 0.0208353 -17.4503 0 0 0 0 0 0 0 -180
0 180 0 0 0 -0 0 180 0.030853 33.5284 0 -0 0 -0 0 -180 0 180
0 -180 0 -180 0 0 0 -0 0.0208787 -15.7899 0 0 0 0 0 0 0 -180
0 180 0 180 0 -0 0 0 0.0300589 32.0463 0 -0 0 -0 0 -0 0 180
0 -180 0 0 0 -180 0 -180 0.191275 166.338 0 -180 0 -180 0 0 0 -180
0 180 0 -0 0 180 0 180 0.802133 -10.1575 0 180 0 180 0 -0 0 180
inside=1 lambda=0.647 phi=25 theta=45
0 -180 0 -180 0 -180 0 0 0.178824 165.341 0 0 0 -180 0 -180 0 -180
0 180 0 180 0 180 0 -0 0.81501 -9.9809 0 -0 0 180 0 180 0 180
0 -180 0 -0 0 0 0 -180 0.0240766 -16.5993 0 0 0 0 0 0 0 -180
0 180 0 0 0 -0 0 180 0.035137 32.7484 0 -0 0 -0 0 -180 0 180
0 -180 0 -180 0 0 0 -0 0.0240766 -16.5993 0 0 0 0 0 0 0 -180
0 180 0 180 0 -0 0 0 0.035137 32.7484 0 -180 0 -0 0 -0 0 180
0 -180 0 0 0 -180 0 -180 0.178824 165.341 0 -180 0 -180 0 0 0 -180
0 180 0 -0 0 180 0 180 0.81501 -9.9809 0 180 0 180 0 -0 0 180
inside=1 lambda=0.647 phi=30 theta=0
0 -180 0 -180 0 -180 0 0 0.126637 143.318 0 0 0 -180 0 -180 0 -180
0 180 0 180 0 180 0 -0 0.855933 -27.8249 0 -0 0 180 0 180 0 180
0 -180 0 -180 0 0 0 -0 2.36129e-13 -161.149 0 180 0 0 0 0 0 -180
0 180 0 0 0 -0 0 -180 1.85672e-13 83.8128 0 0 0 -0 0 -180 0 180
0 -180 0 -180 0 0 0 180 7.1707e-14 177.628 0 180 0 0 0 0 0 -180
0 180 0 180 0 -0 0 -180 3.44669e-13 64.524 0 180 0 -0 0 -0 0 180
0 -180 0 0 0 -180 0 -180 0.192081 153.325 0 -180 0 -180 0 0 0 -180
0 180 0 -0 0 180 0 180 0.780803 -28.5916 0 180 0 180 0 -0 0 180
inside=1 lambda=0.647 phi=30 theta=15
0 -180 0 -180 0 -180 0 0 0.130774 144.134 0 0 0 -180 0 -180 0 -180
0 180 0 180 0 180 0 -0 0.850758 -27.874 0 -0 0 180 0 180 0 180
0 -180 0 -0 0 0 0 -180 0.0146847 -27.4066 0 0 0 0 0 0 0 -180
0 180 0 0 0 -0 0 180 0.0262162 16.6022 0 -0 0 -0 0 -180 0 180
0 -180 0 -180 0 0 0 -0 0.015197 -22.6807 0 0 0 0 0 0 0 -180
0 180 0 180 0 -0 0 0 0.0244878 12.5055 0 -180 0 -0 0 -0 0 180
0 -180 0 0 0 -180 0 -180 0.187467 152.734 0 -180 0 -180 0 0 0 -180
0 180 0 -0 0 180 0 180 0.78571 -28.5392 0 180 0 180 0 -0 0 180
inside=1 lambda=0.647 phi=30 theta=30
0 -180 0 -180 0 -180 0 0 0.142265 146.209 0 0 0 -180 0 -180 0 -180
0 180 0 180 0 180 0 -0 0.836742 -28.0098 0 -0 0 180 0 180 0 180
0 -180 0 -0 0 0 0 -180 0.025593 -26.2531 0 0 0 0 0 0 0 -180
0 180 0 0 0 -0 0 180 0.044594 15.563 0 -0 0 -0 0 -180 0 180
0 -180 0 -180 0 0 0 -0 0.0261113 -23.5709 0 0 0 0 0 0 0 -180
0 180 0 180 0 -0 0 0 0.0428896 13.2012 0 -180 0 -0 0 -0 0 180
0 -180 0 0 0 -180 0 -180 0.175016 151.101 0 -180 0 -180 0 0 0 -180
0 180 0 -0 0 180 0 180 0.799205 -28.3952 0 180 0 180 0 -0 0 180
inside=1 lambda=0.647 phi=30 theta=45
0 -180 0 -180 0 -180 0 0 0.158399 148.764 0 0 0 -180 0 -180 0 -180
0 180 0 180 0 180 0 -0 0.817846 -28.2001 0 -0 0 180 0 180 0 180
0 -180 0 -0 0 0 0 -180 0.0298379 -24.8463 0 0 0 0 0 0 0 -180
0 180 0 0 0 -0 0 180 0.0504136 14.2982 0 -0 0 -0 0 -180 0 180
0 -180 0 -180 0 0 0 -0 0.0298379 -24.8463 0 0 0 0 0 0 0 -180
0 180 0 180 0 -0 0 0 0.0504136 14.2982 0 -180 0 -0 0 -0 0 180
0 -180 0 0 0 -180 0 -180 0.158399 148.764 0 -180 0 -180 0 0 0 -180
0 180 0 -0 0 180 0 180 0.817846 -28.2001 0 180 0 180 0 -0 0 180
inside=1 lambda=0.647 phi=35 theta=0
0 -180 0 180 0 -180 0 0 0.084439 115.837 0 0 0 -180 0 180 0 -180
0 180 0 180 0 0 0 -0 0.874577 -48.6272 0 -180 0 180 0 180 0 0
0 -180 0 -180 0 0 0 -0 1.96201e-13 -38.0475 0 180 0 0 0 0 0 -180
0 180 0 0 0 -180 0 0 8.24123e-13 -134.494 0 -180 0 -0 0 -180 0 0
0 -180 0 -180 0 0 0 -0 4.73046e-14 16.9647 0 0 0 0 0 0 0 -180
0 0 0 180 0 -0 0 -0 2.81086e-13 -138.5 0 -0 0 -180 0 -0 0 180
0 -180 0 0 0 -180 0 -180 0.153553 140.673 0 -180 0 -180 0 0 0 -180
0 0 0 -180 0 180 0 0 0.772897 -49.5116 0 180 0 0 0 -180 0 180
inside=1 lambda=0.647 phi=35 theta=15
0 -180 0 -180 0 -180 0 0 0.0880192 118.248 0 0 0 -180 0 180 0 -180
0 180 0 180 0 0 0 -0 0.867494 -48.6947 0 -180 0 180 0 180 0 0
0 -180 0 -0 0 0 0 -180 0.0140061 -28.8387 0 0 0 0 0 0 0 -180
0 180 0 0 0 -180 0 180 0.036853 -1.96507 0 -180 0 -0 0 -180 0 0
0 -180 0 -180 0 0 0 -0 0.015966 -23.4556 0 0 0 0 0 0 0 -180
0 0 0 180 0 -0 0 0 0.0332384 -8.00051 0 -180 0 -180 0 -180 0 180
0 -180 0 0 0 -180 0 -180 0.147953 139.456 0 -180 0 -180 0 0 0 -180
0 0 0 -0 0 180 0 0 0.779501 -49.4654 0 180 0 0 0 -180 0 180
inside=1 lambda=0.647 phi=35 theta=30
0 -180 0 -180 0 -180 0 0 0.0986473 124.084 0 0 0 -180 0 180 0 -180
0 180 0 180 0 0 0 -0 0.848402 -48.8717 0 -180 0 180 0 180 0 0
0 -180 0 -0 0 0 0 -180 0.0249824 -27.2519 0 0 0 0 0 0 0 -180
0 180 0 0 0 -180 0 180 0.0619953 -3.57407 0 -180 0 -0 0 -180 0 0
0 -180 0 -180 0 0 0 -0 0.0269251 -24.3182 0 0 0 0 0 0 0 -180
0 180 0 180 0 -0 0 0 0.0584729 -7.04817 0 -180 0 -180 0 -180 0 180
0 -180 0 0 0 -180 0 -180 0.133354 135.994 0 -180 0 -180 0 0 0 -180
0 180 0 -0 0 180 0 0 0.79767 -49.3218 0 180 0 0 0 -180 0 0
inside=1 lambda=0.647 phi=35 theta=45
0 -180 0 -180 0 -180 0 0 0.115026 130.628 0 0 0 -180 0 -180 0 -180
0 180 0 180 0 0 0 -0 0.822812 -49.1033 0 -180 0 180 0 180 0 0
0 -180 0 -0 0 0 0 -180 0.0299742 -25.6133 0 0 0 0 0 0 0 -180
0 180 0 0 0 -180 0 180 0.0692963 -5.46799 0 -180 0 -0 0 -180 0 0
0 -180 0 -180 0 0 0 -0 0.0299742 -25.6133 0 0 0 0 0 0 0 -180
0 180 0 180 0 -0 0 0 0.0692963 -5.46799 0 -180 0 -180 0 -180 0 0
0 -180 0 0 0 -180 0 -180 0.115026 130.628 0 -180 0 -180 0 0 0 -180
0 180 0 -0 0 180 0 180 0.822812 -49.1033 0 180 0 0 0 -180 0 0
inside=1 lambda=0.647 phi=40 theta=0
0 -180 0 180 0 -180 0 0 0.0405351 65.4036 0 0 0 -180 0 180 0 -180
0 180 0 180 0 0 0 -0 0.896041 -71.5551 0 -180 0 180 0 180 0 0
0 -180 0 -0 0 0 0 0 1.61329e-13 -36.3497 0 0 0 0 0 180 0 -180
0 180 0 0 0 -180 0 180 2.61693e-13 53.3504 0 180 0 -0 0 -180 0 0
0 -180 0 -180 0 0 0 -0 8.11267e-14 17.8326 0 -0 0 0 0 0 0 -180
0 0 0 0 0 -180 0 -0 1.37708e-13 -6.34565 0 0 0 -180 0 -180 0 0
0 -180 0 0 0 -180 0 -180 0.0895306 142.621 0 -180 0 -180 0 0 0 -180
0 0 0 -180 0 0 0 0 0.762469 -72.8633 0 0 0 0 0 -180 0 0
inside=1 lambda=0.647 phi=40 theta=15
0 -180 0 180 0 -180 0 0 0.0393871 72.7492 0 0 0 -180 0 180 0 -180
0 0 0 180 0 0 0 -0 0.886421 -71.6843 0 -180 0 180 0 180 0 0
0 -180 0 -0 0 0 0 -180 0.0135482 4.26954 0 0 0 0 0 0 0 -180
0 0 0 0 0 -180 0 0 0.0520508 -21.9981 0 -180 0 -0 0 -180 0 0
0 -180 0 -180 0 0 0 -0 0.0165806 -3.30164 0 0 0 0 0 0 0 -180
0 0 0 0 0 -180 0 0 0.0446248 -29.9065 0 -180 0 -180 0 -180 0 0
0 -180 0 0 0 -180 0 -180 0.0826604 140.477 0 -180 0 -180 0 0 0 -180
0 0 0 -180 0 0 0 0 0.770942 -72.8366 0 0 0 0 0 -180 0 0
inside=1 lambda=0.647 phi=40 theta=30
0 -180 0 -180 0 -180 0 0 0.0397758 93.9371 0 0 0 -180 0 180 0 -180
0 0 0 180 0 0 0 -0 0.860815 -71.9921 0 -180 0 0 0 180 0 0
0 -180 0 -0 0 0 0 -180 0.0248089 2.65382 0 0 0 0 0 0 0 -180
0 0 0 0 0 -180 0 0 0.0860991 -24.2648 0 -180 0 -180 0 -180 0 0
0 -180 0 -180 0 0 0 -0 0.0276479 -1.69853 0 0 0 0 0 0 0 -180
0 0 0 0 0 -180 0 0 0.0790052 -28.806 0 -180 0 -180 0 -180 0 0
0 -180 0 0 0 -180 0 -180 0.0664001 133.431 0 -180 0 -180 0 0 0 -180
0 0 0 -180 0 0 0 0 0.794331 -72.6761 0 0 0 0 0 -180 0 0
inside=1 lambda=0.647 phi=40 theta=45
0 -180 0 -180 0 -180 0 0 0.049236 118.343 0 0 0 -180 0 180 0 -180
0 0 0 0 0 0 0 -0 0.827037 -72.3619 0 -180 0 0 0 180 0 0
0 -180 0 -0 0 0 0 -180 0.0303755 0.437956 0 0 0 0 0 0 0 -180
0 0 0 0 0 -180 0 0 0.0947081 -26.803 0 -180 0 -180 0 -180 0 0
0 -180 0 -180 0 0 0 -0 0.0303755 0.437956 0 0 0 0 0 0 0 -180
0 0 0 0 0 -180 0 0 0.0947081 -26.803 0 -180 0 -180 0 -180 0 0
0 -180 0 0 0 -180 0 -180 0.049236 118.343 0 180 0 -180 0 0 0 -180
0 0 0 -0 0 0 0 0 0.827037 -72.3619 0 180 0 0 0 -180 0 0
inside=1 lambda=0.647 phi=45 theta=0
0 -180 0 180 0 -180 0 0 0.0361849 -34.1469 0 0 0 -180 0 180 0 -180
0 0 0 180 0 0 0.0197734 174.365 0.918819 -95.7639 0 -180 0 0 0 180 0 0
0 -180 0 -0 0 0 0 -180 1.84205e-13 18.2248 0 180 0 0 0 180 0 -180
0 0 0 -0 0 -180 7.19107e-13 2.20253 1.07731e-12 -5.97833 0 180 0 -180 0 180 0 0
0 -180 0 -180 0 0 0 180 2.04513e-13 24.8391 0 -0 0 0 0 0 0 -180
0 0 0 0 0 -180 4.69041e-14 124.302 9.14607e-13 -14.0216 0 180 0 -180 0 -180 0 0
0 -180 0 0 0 -180 0 -180 0.0886701 -160.378 0 -180 0 -180 0 0 0 -180
0 0 0 -180 0 0 0.175617 36.8508 0.739882 -97.8478 0 0 0 0 0 -180 0 0
inside=1 lambda=0.647 phi=45 theta=15
0 -180 0 180 0 -180 0 0 0.0289704 -41.565 0 0 0 -180 0 180 0 -180
0 0 0 0 0 0 0 -180 0.907108 -96.1191 0 -180 0 0 0 180 0 0
0 -180 0 -0 0 0 0 -180 0.031115 28.081 0 0 0 0 0 180 0 -180
0 0 0 -0 0 -180 0 0 0.0745323 -45.0425 0 -180 0 -180 0 -180 0 0
0 -180 0 -180 0 0 0 -0 0.0288563 19.4441 0 0 0 0 0 0 0 -180
0 0 0 0 0 -180 0 0 0.0602179 -54.2364 0 -180 0 -180 0 -180 0 0
0 -180 0 0 0 -180 0 -180 0.0779727 -156.586 0 -180 0 -180 0 0 0 -180
0 0 0 -180 0 0 0 0 0.753095 -98.0299 0 0 0 0 0 -180 0 0
inside=1 lambda=0.647 phi=45 theta=30
0 -180 0 180 0 -180 0 0 0.0238529 -85.7638 0 0 0 180 0 180 0 -180
0 0 0 0 0 0 0 -180 0.871549 -96.6806 0 -180 0 0 0 180 0 0
0 -180 0 -0 0 0 0 -180 0.0533161 26.107 0 0 0 0 0 0 0 -180
0 0 0 -0 0 -180 0 0 0.120466 -48.0623 0 -180 0 -180 0 -180 0 0
0 -180 0 -180 0 0 0 -0 0.0510159 21.7144 0 0 0 0 0 0 0 -180
0 0 0 0 0 -180 0 -0 0.107357 -53.3619 0 -180 0 -180 0 -180 0 0
0 -180 0 0 0 180 0 -180 0.0608796 -147.911 0 180 0 -180 0 0 0 -180
0 0 0 -180 0 0 0 0 0.782936 -97.8403 0 0 0 0 0 -180 0 0
inside=1 lambda=0.647 phi=45 theta=45
0 -180 0 -180 0 -180 0 0 0.0387275 -130.642 0 0 0 180 0 180 0 -180
0 0 0 0 0 0 0 -180 0.825894 -97.309 0 -180 0 0 0 0 0 0
0 -180 0 -0 0 0 0 -180 0.0603118 23.8392 0 0 0 -0 0 0 0 -180
0 0 0 -0 0 -180 0 0 0.130189 -51.1616 0 -180 0 -180 0 -180 0 0
0 -180 0 -180 0 -0 0 -0 0.0603118 23.8392 0 0 0 0 0 0 0 -180
0 0 0 0 0 -180 0 -0 0.130189 -51.1616 0 -180 0 -180 0 -180 0 0
0 -180 0 0 0 180 0 -180 0.0387275 -130.642 0 180 0 -180 0 0 0 -180
0 0 0 -180 0 0 0 0 0.825894 -97.309 0 0 0 0 0 -180 0 0
