RSoft_BSDF_File_Version 2
1 0 5 2 1 0.365714
0.3 0.3
-1 1
-1 1
1 0.647 0.647
10 0 45 0.5
4 0 45
Begin_Dispersion_Data
0.647 1.45662 0 1 0 0
End_Dispersion_Data
inside=0 lambda=0.647 phi=0 theta=0
0 0 0 -180 0 0 0 0 0.160116 -140.331 0 0 0 0 0 -180 0 0
0 -0 0 0 0 -0 0 -180 1.19133 -71.5633 0 -180 0 -0 0 0 0 -0
0 0 0 -0 0 -180 0 -0 4.21605e-12 -35.2421 0 -0 0 -180 0 -0 0 0
0 -0 0 180 0 180 0 -180 6.02395e-12 -33.2449 0 -0 0 180 0 0 0 -0
0 0 0 180 0 -180 0 -180 1.80987e-12 -153.75 0 -180 0 -180 0 180 0 0
0 -0 0 180 0 180 0 -180 1.20841e-12 179.141 0 180 0 180 0 180 0 -0
0 0 0 0 0 0 0 -180 0.160116 -140.331 0 -180 0 0 0 0 0 0
0 -0 0 -180 0 -0 0 0 1.19133 -71.5633 0 0 0 -0 0 -180 0 -0
inside=0 lambda=0.647 phi=0 theta=15
0 0 0 -180 0 0 0 0 0.160116 -140.331 0 0 0 0 0 -180 0 0
0 -0 0 0 0 -0 0 -180 1.19133 -71.5633 0 -180 0 -0 0 0 0 -0
0 0 0 -0 0 -180 0 -0 4.21605e-12 -35.2421 0 -0 0 -180 0 -0 0 0
0 -0 0 180 0 180 0 -180 6.02395e-12 -33.2449 0 -0 0 180 0 0 0 -0
0 0 0 180 0 -180 0 -180 1.80987e-12 -153.75 0 -180 0 -180 0 180 0 0
0 -0 0 180 0 180 0 -180 1.20841e-12 179.141 0 180 0 180 0 180 0 -0
0 0 0 0 0 0 0 -180 0.160116 -140.331 0 -180 0 0 0 0 0 0
0 -0 0 -180 0 -0 0 0 1.19133 -71.5633 0 0 0 -0 0 -180 0 -0
inside=0 lambda=0.647 phi=0 theta=30
0 0 0 -180 0 0 0 0 0.160116 -140.331 0 0 0 0 0 -180 0 0
0 -0 0 0 0 -0 0 -180 1.19133 -71.5633 0 -180 0 -0 0 0 0 -0
0 0 0 -0 0 -180 0 -0 4.21605e-12 -35.2421 0 -0 0 -180 0 -0 0 0
0 -0 0 180 0 180 0 -180 6.02395e-12 -33.2449 0 -0 0 180 0 0 0 -0
0 0 0 180 0 -180 0 -180 1.80987e-12 -153.75 0 -180 0 -180 0 180 0 0
0 -0 0 180 0 180 0 -180 1.20841e-12 179.141 0 180 0 180 0 180 0 -0
0 0 0 0 0 0 0 -180 0.160116 -140.331 0 -180 0 0 0 0 0 0
0 -0 0 -180 0 -0 0 0 1.19133 -71.5633 0 0 0 -0 0 -180 0 -0
inside=0 lambda=0.647 phi=0 theta=45
0 0 0 -180 0 0 0 0 0.160116 -140.331 0 0 0 0 0 -180 0 0
0 -0 0 0 0 -0 0 -180 1.19133 -71.5633 0 -180 0 -0 0 0 0 -0
0 0 0 -0 0 -180 0 -0 4.21605e-12 -35.2421 0 -0 0 -180 0 -0 0 0
0 -0 0 180 0 180 0 -180 6.02395e-12 -33.2449 0 -0 0 180 0 0 0 -0
0 0 0 180 0 -180 0 -180 1.80987e-12 -153.75 0 -180 0 -180 0 180 0 0
0 -0 0 180 0 180 0 -180 1.20841e-12 179.141 0 180 0 180 0 180 0 -0
0 0 0 0 0 0 0 -180 0.160116 -140.331 0 -180 0 0 0 0 0 0
0 -0 0 -180 0 -0 0 0 1.19133 -71.5633 0 0 0 -0 0 -180 0 -0
inside=0 lambda=0.647 phi=5 theta=0
0 -0 0 -180 0 0 0 0 0.157827 -142.765 0 0 0 -0 0 -180 0 0
0 -0 0 0 0 -180 0 -180 1.18921 -72.7149 0 -180 0 -0 0 0 0 -180
0 0 0 -0 0 -180 0 180 7.69188e-14 -69.9575 0 180 0 -180 0 180 0 0
0 -0 0 0 0 0 0 0 1.94875e-13 97.3263 0 0 0 180 0 -180 0 -180
0 0 0 -180 0 -180 0 -0 2.85118e-14 135.061 0 -0 0 -180 0 0 0 0
0 -180 0 0 0 0 0 180 3.24526e-14 146.94 0 0 0 0 0 -180 0 -180
0 0 0 0 0 0 0 -180 0.161786 -142.803 0 -180 0 0 0 0 0 0
0 -0 0 -180 0 -0 0 0 1.19357 -72.708 0 0 0 -0 0 -180 0 -0
inside=0 lambda=0.647 phi=5 theta=15
0 -0 0 -180 0 0 0 0 0.158092 -142.768 0 0 0 -0 0 -180 0 0
0 -0 0 0 0 -180 0 -180 1.1895 -72.7145 0 -180 0 -0 0 0 0 -180
0 0 0 -0 0 -180 0 -180 0.00095821 33.2642 0 0 0 -180 0 180 0 0
0 -0 0 0 0 0 0 0 0.00110927 98.9099 0 -180 0 180 0 -180 0 -180
0 0 0 -180 0 -180 0 -0 0.000958415 33.2807 0 180 0 -180 0 0 0 0
0 -0 0 0 0 180 0 0 0.00110891 99.0103 0 -180 0 0 0 -180 0 -180
0 0 0 0 0 0 0 -180 0.16152 -142.8 0 -180 0 0 0 0 0 0
0 -0 0 -180 0 -0 0 0 1.19328 -72.7085 0 0 0 -180 0 -180 0 -180
inside=0 lambda=0.647 phi=5 theta=30
0 -0 0 -180 0 0 0 0 0.158816 -142.775 0 0 0 -0 0 -180 0 0
0 -0 0 0 0 -180 0 -180 1.1903 -72.7133 0 -180 0 -0 0 0 0 -180
0 0 0 -0 0 -180 0 -180 0.00165974 33.2677 0 0 0 -180 0 180 0 0
0 -0 0 0 0 0 0 0 0.00192118 98.9315 0 -180 0 180 0 -180 0 -180
0 0 0 -180 0 -180 0 -0 0.00165995 33.2772 0 180 0 -180 0 0 0 0
0 -0 0 0 0 180 0 0 0.00192082 98.9895 0 -180 0 0 0 -180 0 -180
0 0 0 0 0 0 0 -180 0.160796 -142.794 0 -180 0 0 0 0 0 0
0 -0 0 -180 0 -0 0 0 1.19248 -72.7098 0 0 0 -180 0 -180 0 -180
inside=0 lambda=0.647 phi=5 theta=45
0 0 0 -180 0 0 0 0 0.159806 -142.785 0 0 0 0 0 -180 0 0
0 -0 0 0 0 -180 0 -180 1.19139 -72.7116 0 -180 0 -0 0 0 0 -180
0 0 0 -0 0 -180 0 -180 0.00191662 33.2724 0 0 0 -180 0 180 0 0
0 -0 0 0 0 0 0 0 0.00221817 98.9607 0 -180 0 180 0 -180 0 -180
0 0 0 -180 0 -180 0 -0 0.00191662 33.2724 0 180 0 -180 0 0 0 0
0 -0 0 0 0 180 0 0 0.00221817 98.9607 0 -180 0 0 0 -180 0 -180
0 0 0 0 0 0 0 -180 0.159806 -142.785 0 -180 0 0 0 0 0 0
0 -0 0 -180 0 -0 0 0 1.19139 -72.7116 0 0 0 -180 0 -180 0 -180
inside=0 lambda=0.647 phi=10 theta=0
0 -0 0 -180 0 0 0 0 0.150874 -150.093 0 0 0 -0 0 -180 0 0
0 -0 0 0 0 -180 0 -180 1.18255 -76.1615 0 -180 0 -0 0 0 0 -180
0 0 0 -0 0 -180 0 -180 2.60853e-14 176.272 0 180 0 -180 0 180 0 0
0 -0 0 0 0 0 0 -180 6.86724e-14 -27.8416 0 -180 0 180 0 -180 0 -180
0 0 0 -180 0 -180 0 0 3.85946e-13 -16.2705 0 0 0 -180 0 0 0 0
0 -180 0 0 0 0 0 180 3.1213e-13 6.96383 0 -0 0 0 0 -180 0 -180
0 0 0 0 0 0 0 -180 0.167107 -150.201 0 -180 0 0 0 0 0 0
0 -180 0 -180 0 -180 0 0 1.20054 -76.1309 0 0 0 -180 0 -180 0 -180
inside=0 lambda=0.647 phi=10 theta=15
0 -0 0 -180 0 0 0 0 0.151959 -150.104 0 0 0 -0 0 -180 0 0
0 -0 0 0 0 -180 0 -180 1.18375 -76.1602 0 -180 0 -0 0 0 0 -180
0 0 0 -0 0 -180 0 -180 0.00394077 26.0642 0 0 0 -180 0 180 0 0
0 -0 0 0 0 0 0 0 0.00457417 95.2979 0 -180 0 180 0 -180 0 -180
0 0 0 -180 0 -180 0 -0 0.00394375 26.1376 0 0 0 -180 0 0 0 0
0 -180 0 0 0 180 0 0 0.004568 95.7065 0 -180 0 0 0 -180 0 -180
0 0 0 0 0 0 0 -180 0.166018 -150.198 0 -180 0 0 0 0 0 0
0 -0 0 -180 0 -0 0 0 1.19934 -76.1338 0 0 0 -180 0 -180 0 -180
inside=0 lambda=0.647 phi=10 theta=30
0 -0 0 -180 0 0 0 0 0.154925 -150.132 0 0 0 -0 0 -180 0 0
0 -0 0 0 0 -180 0 -180 1.18705 -76.1561 0 -180 0 -0 0 0 0 -180
0 0 0 -0 0 -180 0 -180 0.00682656 26.0793 0 0 0 -180 0 0 0 0
0 -0 0 0 0 0 0 0 0.00792031 95.3903 0 -180 0 180 0 -180 0 -180
0 0 0 -180 0 -180 0 -0 0.00682955 26.1216 0 0 0 -180 0 0 0 0
0 -0 0 0 0 180 0 0 0.00791416 95.6259 0 -180 0 0 0 -180 0 -180
0 -0 0 0 0 -0 0 -180 0.163042 -150.186 0 -180 0 0 0 0 0 0
0 -0 0 -180 0 -0 0 0 1.19604 -76.1409 0 0 0 -180 0 -180 0 -180
inside=0 lambda=0.647 phi=10 theta=45
0 -0 0 -180 0 0 0 0 0.158981 -150.163 0 0 0 -0 0 -180 0 0
0 -0 0 0 0 -180 0 -180 1.19155 -76.1493 0 -180 0 -0 0 0 0 -180
0 0 0 -0 0 -180 0 -180 0.00788428 26.1002 0 0 0 -180 0 0 0 0
0 -0 0 0 0 0 0 0 0.00914197 95.5111 0 -180 0 180 0 -180 0 -180
0 0 0 -180 0 -180 0 -0 0.00788428 26.1002 0 0 0 -180 0 0 0 0
0 -0 0 0 0 180 0 0 0.00914197 95.5111 0 -180 0 0 0 -180 0 -180
0 -0 0 0 0 -0 0 -180 0.158981 -150.163 0 -180 0 0 0 0 0 0
0 -0 0 -180 0 -0 0 0 1.19155 -76.1493 0 0 0 -180 0 -180 0 -180
inside=0 lambda=0.647 phi=15 theta=0
0 -0 0 -180 0 0 0 0 0.138942 -162.379 0 0 0 -0 0 -180 0 0
0 -0 0 0 0 -180 0 -180 1.17037 -81.8774 0 -180 0 -0 0 0 0 -180
0 0 0 -180 0 -180 0 -0 3.21797e-14 161.249 0 180 0 -180 0 0 0 0
0 -0 0 0 0 0 0 -180 3.5248e-14 -109.381 0 -0 0 180 0 -180 0 -180
0 0 0 -180 0 -180 0 180 2.9091e-14 -167.96 0 180 0 -180 0 0 0 0
0 -180 0 0 0 0 0 -180 2.80649e-14 -137.38 0 180 0 0 0 -180 0 -180
0 0 0 0 0 0 0 -180 0.17709 -162.441 0 -180 0 0 0 0 0 0
0 -180 0 -180 0 -180 0 0 1.21303 -81.7959 0 0 0 -180 0 -180 0 -180
inside=0 lambda=0.647 phi=15 theta=15
0 -0 0 -180 0 0 0 0 0.14149 -162.405 0 0 0 -0 0 -180 0 0
0 -0 0 0 0 -180 0 -180 1.17323 -81.876 0 -180 0 -0 0 0 0 -180
0 0 0 -0 0 -180 0 -180 0.00932248 14.1062 0 0 0 180 0 0 0 0
0 -0 0 0 0 0 0 0 0.0108427 89.2604 0 -180 0 180 0 -180 0 -180
0 0 0 -180 0 -180 0 -0 0.00933419 14.2968 0 0 0 -180 0 0 0 0
0 -180 0 0 0 0 0 0 0.0108068 90.2126 0 -180 0 0 0 -180 0 -180
0 0 0 0 0 0 0 -180 0.174528 -162.459 0 -180 0 0 0 0 0 0
0 -0 0 -180 0 -0 0 0 1.21017 -81.8064 0 0 0 -180 0 -180 0 -180
inside=0 lambda=0.647 phi=15 theta=30
0 -0 0 -180 0 0 0 0 0.148456 -162.459 0 0 0 -0 0 -180 0 0
0 -0 0 0 0 -180 0 -180 1.18104 -81.8697 0 -180 0 -0 0 0 0 -180
0 0 0 -0 0 -180 0 -180 0.016149 14.1433 0 0 0 -180 0 0 0 0
0 -0 0 0 0 0 0 0 0.0187649 89.4947 0 -180 0 180 0 -180 0 -180
0 0 0 -180 0 -180 0 -0 0.0161609 14.2518 0 0 0 -180 0 0 0 0
0 -180 0 0 0 180 0 0 0.0187296 90.0397 0 -180 0 0 0 -180 0 -180
0 -0 0 0 0 -0 0 -180 0.167532 -162.491 0 -180 0 0 0 0 0 0
0 -0 0 -180 0 -0 0 0 1.20237 -81.8306 0 0 0 -180 0 -180 0 -180
inside=0 lambda=0.647 phi=15 theta=45
0 -0 0 -180 0 0 0 0 0.157986 -162.496 0 0 0 -0 0 -180 0 0
0 -0 0 0 0 -180 0 -180 1.19171 -81.8545 0 -180 0 -0 0 0 0 -180
0 0 0 -0 0 -180 0 -180 0.0186529 14.1956 0 0 0 -180 0 0 0 0
0 -0 0 0 0 0 0 0 0.0216465 89.7823 0 -180 0 180 0 -180 0 -180
0 0 0 -180 0 -180 0 -0 0.0186529 14.1956 0 0 0 -180 0 0 0 0
0 -0 0 0 0 180 0 0 0.0216465 89.7823 0 -180 0 0 0 -180 0 -180
0 -0 0 0 0 -0 0 -180 0.157986 -162.496 0 -180 0 0 0 0 0 0
0 -0 0 -180 0 -0 0 0 1.19171 -81.8545 0 0 0 -180 0 -180 0 -180
inside=0 lambda=0.647 phi=20 theta=0
0 -0 0 -180 0 0 0 0 0.121202 -179.704 0 0 0 -0 0 -180 0 0
0 -0 0 0 0 -180 0 -180 1.15078 -89.8164 0 -180 0 -0 0 0 0 -180
0 -0 0 -180 0 -180 0 -0 8.21166e-14 125.21 0 -0 0 180 0 0 0 0
0 -0 0 -0 0 0 0 -0 2.61351e-13 177.98 0 0 0 180 0 180 0 -180
0 0 0 -180 0 -180 0 180 8.45499e-14 140.07 0 180 0 -180 0 0 0 0
0 -180 0 0 0 0 0 -180 2.20532e-13 172.019 0 180 0 0 0 -180 0 -180
0 0 0 0 0 0 0 -180 0.193607 -179.262 0 -180 0 0 0 0 0 0
0 -180 0 -180 0 -180 0 0 1.23266 -89.6237 0 0 0 -180 0 -180 0 -180
inside=0 lambda=0.647 phi=20 theta=15
0 -0 0 -180 0 0 0 0 0.126048 -179.749 0 0 0 -0 0 -180 0 0
0 -0 0 0 0 -180 0 -180 1.15627 -89.8187 0 -180 0 -0 0 0 0 -180
0 -0 0 -180 0 -180 0 -180 0.0179344 -2.48232 0 0 0 180 0 0 0 0
0 -0 0 -0 0 0 0 0 0.0208139 80.7679 0 -180 0 180 0 180 0 -180
0 0 0 -180 0 -180 0 -0 0.0179488 -2.08623 0 0 0 -180 0 0 0 0
0 -180 0 0 0 0 0 -0 0.0206694 82.5801 0 180 0 0 0 -180 0 -180
0 -0 0 0 0 -0 0 -180 0.188783 -179.379 0 -180 0 0 0 0 0 0
0 -180 0 -180 0 -0 0 0 1.22717 -89.6595 0 0 0 -180 0 -180 0 -180
inside=0 lambda=0.647 phi=20 theta=30
0 -0 0 -180 0 0 0 0 0.139302 -179.814 0 0 0 -0 0 -180 0 0
0 -0 0 0 0 -180 0 -180 1.17125 -89.8167 0 -180 0 -0 0 0 0 -180
0 0 0 -180 0 -180 0 -180 0.0310482 -2.41604 0 0 0 180 0 0 0 0
0 -0 0 -0 0 0 0 0 0.0359783 81.2697 0 -180 0 180 0 180 0 -180
0 0 0 -180 0 -180 0 -0 0.0310659 -2.19836 0 0 0 -180 0 0 0 0
0 -180 0 0 0 180 0 -0 0.0358413 82.2842 0 180 0 0 0 -180 0 -180
0 -0 0 0 0 -0 0 -180 0.175555 -179.613 0 -180 0 0 0 0 0 0
0 -0 0 -180 0 -0 0 0 1.21218 -89.7329 0 0 0 -180 0 -180 0 -180
inside=0 lambda=0.647 phi=20 theta=45
0 -0 0 -180 0 0 0 0 0.157431 -179.783 0 0 0 -0 0 -180 0 0
0 -0 0 0 0 -180 0 -180 1.19172 -89.7916 0 -180 0 -0 0 0 0 -180
0 0 0 -180 0 -180 0 -180 0.0358518 -2.31855 0 0 0 180 0 0 0 0
0 -180 0 -0 0 0 0 0 0.041457 81.8256 0 -180 0 180 0 180 0 -180
0 0 0 -180 0 180 0 -180 0.0358518 -2.31855 0 0 0 -180 0 0 0 0
0 -180 0 0 0 180 0 -0 0.041457 81.8256 0 180 0 0 0 -180 0 -180
0 -0 0 0 0 -0 0 -180 0.157431 -179.783 0 -180 0 0 0 0 0 0
0 -0 0 -180 0 -0 0 0 1.19172 -89.7916 0 0 0 -180 0 -180 0 -180
inside=0 lambda=0.647 phi=25 theta=0
0 -0 0 -180 0 0 0 0 0.0954356 157.818 0 0 0 -0 0 -180 0 0
0 -0 0 0 0 -180 0 -180 1.12029 -99.9068 0 -180 0 -0 0 0 0 -180
0 -0 0 -180 0 -180 0 180 2.52146e-14 -161.541 0 0 0 180 0 0 0 0
0 -0 0 -0 0 0 0 180 5.02291e-15 95.2346 0 180 0 180 0 180 0 -180
0 0 0 -180 0 -180 0 -0 8.45579e-14 83.0023 0 180 0 -180 0 0 0 0
0 -180 0 0 0 0 0 -180 3.66134e-14 102.565 0 0 0 0 0 -180 0 -180
0 0 0 0 0 0 0 -180 0.219153 160.113 0 -180 0 0 0 0 0 0
0 -180 0 -180 0 -180 0 0 1.26282 -99.4019 0 0 0 -180 0 -180 0 -180
inside=0 lambda=0.647 phi=25 theta=15
0 -0 0 -180 0 0 0 0 0.103812 157.775 0 0 0 -0 0 -180 0 0
0 -0 0 0 0 -180 0 -180 1.1298 -99.9238 0 -180 0 -0 0 0 0 -180
0 -0 0 -180 0 -180 0 -180 0.0315446 -23.3927 0 0 0 180 0 0 0 0
0 -0 0 -0 0 0 0 0 0.0362492 69.716 0 -180 0 180 0 180 0 -180
0 0 0 -180 0 -180 0 -180 0.0314571 -22.6608 0 0 0 -180 0 0 0 0
0 -180 0 0 0 0 0 -0 0.035714 72.9618 0 180 0 0 0 -180 0 -180
0 -0 0 0 0 -0 0 -180 0.211358 159.593 0 -180 0 0 0 0 0 0
0 -180 0 -180 0 -180 0 0 1.25308 -99.5436 0 0 0 -180 0 -180 0 -180
inside=0 lambda=0.647 phi=25 theta=30
0 -0 0 -180 0 0 0 0 0.126759 157.807 0 0 0 -0 0 -180 0 0
0 -0 0 0 0 -180 0 -180 1.15577 -99.9451 0 -180 0 -0 0 0 0 -180
0 -0 0 -180 0 -180 0 -180 0.0544599 -23.3195 0 0 0 180 0 0 0 0
0 -180 0 -0 0 0 0 0 0.0624241 70.7776 0 -180 0 180 0 180 0 -180
0 0 0 -180 0 -180 0 -180 0.054417 -22.9563 0 0 0 -180 0 0 0 0
0 -180 0 0 0 0 0 -0 0.0619713 72.4846 0 180 0 0 0 -180 0 -180
0 -0 0 0 0 -0 0 -180 0.189196 158.726 0 -180 0 0 0 0 0 0
0 -0 0 -180 0 -0 0 0 1.22683 -99.7754 0 0 0 -180 0 -180 0 -180
inside=0 lambda=0.647 phi=25 theta=45
0 -0 0 -180 0 0 0 0 0.158106 158.105 0 0 0 -0 0 -180 0 0
0 -0 0 0 0 -180 0 -180 1.19126 -99.9127 0 -180 0 -0 0 0 0 -180
0 0 0 -180 0 -180 0 -180 0.062806 -23.188 0 0 0 180 0 0 0 0
0 -180 0 -0 0 0 0 0 0.0717668 71.7543 0 -180 0 180 0 180 0 -180
0 0 0 -180 0 180 0 -180 0.062806 -23.188 0 0 0 -180 0 0 0 0
0 -180 0 0 0 180 0 -0 0.0717668 71.7543 0 180 0 0 0 -180 0 -180
0 -0 0 0 0 -0 0 -180 0.158106 158.105 0 -180 0 0 0 0 0 0
0 -0 0 -180 0 -0 0 0 1.19126 -99.9127 0 0 0 -180 0 -180 0 -180
inside=0 lambda=0.647 phi=30 theta=0
0 -0 0 -180 0 0 0.0308781 -25.2281 0.0557333 131.338 0 0 0 -0 0 -180 0 0
0 -0 0 0 0 -180 0 -180 1.06964 -112.055 0 -180 0 -0 0 0 0 -180
0 -0 0 -180 0 -180 3.82139e-14 -142.627 2.45559e-14 -157.085 0 -0 0 180 0 0 0 0
0 -0 0 -0 0 0 0 180 7.20756e-14 -57.398 0 -0 0 180 0 180 0 -180
0 -0 0 -180 0 -180 3.94962e-12 98.8336 2.85001e-13 -54.4344 0 180 0 180 0 0 0 0
0 -180 0 0 0 0 0 -0 1.48161e-13 -140.755 0 0 0 0 0 -180 0 -180
0 -0 0 0 0 0 0.517694 -58.5496 0.219278 135.623 0 -180 0 -0 0 0 0 0
0 -180 0 -180 0 -180 0 -0 1.2809 -109.999 0 0 0 -180 0 -180 0 -180
inside=0 lambda=0.647 phi=30 theta=15
0 -0 0 -180 0 0 0 0 0.0702584 129.444 0 0 0 -180 0 -180 0 0
0 -0 0 0 0 -180 0 -180 1.08771 -112.072 0 -180 0 -0 0 0 0 -180
0 -0 0 -180 0 -180 0 -180 0.0544891 -48.0316 0 0 0 180 0 0 0 0
0 -0 0 -0 0 0 0 0 0.0619046 55.0802 0 -180 0 180 0 180 0 -180
0 -0 0 -180 0 -180 0 -180 0.0533414 -46.3038 0 0 0 -180 0 0 0 0
0 -180 0 0 0 0 0 -0 0.0590315 61.8384 0 180 0 0 0 -180 0 -180
0 -0 0 0 0 0 0 -180 0.241532 137.244 0 -180 0 0 0 0 0 0
0 -180 0 -180 0 -180 0 -0 1.29536 -110.676 0 0 0 -180 0 -180 0 -180
inside=0 lambda=0.647 phi=30 theta=30
0 -0 0 -180 0 0 0 0 0.108048 130.348 0 0 0 -0 0 -180 0 0
0 -0 0 0 0 -180 0 -180 1.13078 -112.195 0 -180 0 -0 0 0 0 -180
0 -0 0 -180 0 -180 0 -180 0.0926422 -48.0703 0 0 0 180 0 0 0 0
0 -180 0 -0 0 0 0 0 0.104005 58.118 0 -180 0 180 0 180 0 -180
0 0 0 -180 0 -180 0 -180 0.0922431 -47.5636 0 0 0 -180 0 0 0 0
0 -180 0 0 0 0 0 -0 0.102553 60.899 0 180 0 0 0 -180 0 -180
0 -0 0 0 0 -0 0 -180 0.211532 133.036 0 -180 0 0 0 0 0 0
0 -0 0 -180 0 -0 0 0 1.24905 -111.835 0 0 0 -180 0 -180 0 -180
inside=0 lambda=0.647 phi=30 theta=45
0 -0 0 -180 0 0 0 0 0.160498 131.468 0 0 0 -0 0 -180 0 0
0 -0 0 0 0 -180 0 -180 1.18965 -112.164 0 -180 0 -0 0 0 0 -180
0 0 0 -180 0 -180 0 -180 0.106509 -48.0014 0 0 0 180 0 0 0 0
0 -180 0 -0 0 0 0 0 0.118948 59.7846 0 -180 0 0 0 180 0 -180
0 0 0 -180 0 180 0 -180 0.106509 -48.0014 0 0 0 -180 0 0 0 0
0 -180 0 0 0 0 0 -0 0.118948 59.7846 0 180 0 0 0 -180 0 -180
0 -0 0 0 0 -0 0 -180 0.160498 131.468 0 -180 0 0 0 0 0 0
0 -0 0 -180 0 -0 0 0 1.18965 -112.164 0 0 0 -180 0 -180 0 -180
inside=0 lambda=0.647 phi=35 theta=0
0 -0 0 180 0 0 0.0311751 48.7029 0.0224154 -61.1554 0 0 0 -0 0 180 0 0
0 -0 0 0 0 180 0 -0 0.987328 -126.384 0 180 0 -0 0 0 0 180
0 -0 0 -0 0 -180 1.27726e-13 -106.897 2.6928e-14 145.128 0 180 0 180 0 180 0 0
0 -180 0 -0 0 -0 0 180 1.21061e-13 -80.8974 0 180 0 0 0 180 0 180
0 0 0 -180 0 -180 9.00289e-13 105.773 5.00238e-14 -80.3887 0 -180 0 -180 0 0 0 0
0 -0 0 0 0 0 0 -180 1.31581e-13 -65.9951 0 -0 0 180 0 -180 0 -180
0 0 0 0 0 0 0.457547 22.324 0.355567 89.4838 0 -180 0 0 0 0 0 0
0 -0 0 -180 0 -180 0 0 1.28963 -125.27 0 0 0 -0 0 -180 0 -180
inside=0 lambda=0.647 phi=35 theta=15
0 -0 0 180 0 0 0.0589395 18.3372 0.00685637 50.1203 0 0 0 -0 0 180 0 0
0 -0 0 0 0 180 0 -180 1.01273 -126.466 0 180 0 -0 0 0 0 180
0 -0 0 -0 0 -180 0.068486 39.692 0.092203 -70.4083 0 0 0 180 0 0 0 0
0 -180 0 -0 0 -0 0 0 0.112209 44.8104 0 -180 0 0 0 180 0 180
0 0 0 -180 0 -180 0.106406 -8.77736 0.0882248 -74.6856 0 0 0 -180 0 0 0 0
0 -0 0 0 0 0 0 -0 0.0960969 50.2188 0 180 0 0 0 -180 0 -180
0 -0 0 0 0 -0 0.500393 -15.788 0.285348 92.4406 0 -180 0 0 0 0 0 0
0 -0 0 -180 0 -180 0 -0 1.28829 -124.539 0 0 0 -180 0 -180 0 -180
inside=0 lambda=0.647 phi=35 theta=30
0 -0 0 -180 0 0 0 -0 0.0742894 95.804 0 0 0 -0 0 -180 0 0
0 -0 0 0 0 180 0 -180 1.08692 -126.529 0 180 0 -0 0 0 0 180
0 -0 0 -180 0 -180 0 -180 0.160911 -75.8901 0 0 0 180 0 0 0 0
0 -180 0 -0 0 0 0 -0 0.176199 43.2883 0 -180 0 0 0 180 0 180
0 0 0 -180 0 -180 0 -180 0.158964 -75.2998 0 0 0 -180 0 0 0 0
0 -180 0 0 0 0 0 -0 0.170868 48.058 0 180 0 0 0 -180 0 -180
0 -0 0 0 0 -0 0 -180 0.246717 104.068 0 -180 0 0 0 0 0 0
0 -0 0 -180 0 -0 0 -0 1.28549 -125.61 0 0 0 -180 0 -180 0 -180
inside=0 lambda=0.647 phi=35 theta=45
0 -0 0 -180 0 0 0 0 0.163272 100.555 0 0 0 -0 0 -180 0 0
0 -0 0 0 0 -180 0 -180 1.18489 -126.507 0 -180 0 -0 0 0 0 180
0 0 0 -180 0 -180 0 -180 0.183742 -76.2403 0 0 0 180 0 0 0 0
0 -180 0 -0 0 0 0 0 0.198509 46.2882 0 -180 0 0 0 180 0 180
0 0 0 -180 0 180 0 -180 0.183742 -76.2403 0 0 0 -180 0 0 0 0
0 -180 0 0 0 0 0 -0 0.198509 46.2882 0 180 0 0 0 -180 0 180
0 -0 0 0 0 -0 0 -180 0.163272 100.555 0 -180 0 0 0 0 0 0
0 -0 0 -180 0 -0 0 0 1.18489 -126.507 0 0 0 -180 0 -180 0 180
inside=0 lambda=0.647 phi=40 theta=0
0 -0 0 180 0 0 0.0123259 -179.452 0.200749 -104.862 0 0 0 -0 0 180 0 0
0 -0 0 0 0 180 0 -0 0.800482 -142.508 0 180 0 -0 0 0 0 180
0 -0 0 -0 0 -180 1.90131e-12 -130.716 4.36089e-13 -8.45175 0 0 0 180 0 180 0 0
0 -180 0 -0 0 -0 0 180 8.86907e-13 169.378 0 -180 0 0 0 180 0 180
0 0 0 -180 0 -180 2.16537e-12 -151.146 9.57457e-13 -174.071 0 -180 0 -180 0 0 0 0
0 180 0 0 0 0 0 -0 6.04512e-13 106.615 0 180 0 -0 0 -180 0 -180
0 0 0 0 0 0 0.213719 145.691 0.586118 74.7475 0 -180 0 0 0 0 0 0
0 180 0 -180 0 -180 0 0 1.40791 -144.293 0 0 0 180 0 -180 0 -180
inside=0 lambda=0.647 phi=40 theta=15
0 -0 0 180 0 0 0.0559718 84.3284 0.151342 -103.622 0 0 0 -0 0 180 0 0
0 -0 0 180 0 180 0 -0 0.852079 -142.693 0 180 0 -0 0 0 0 180
0 -0 0 -0 0 -180 0.17845 99.8593 0.148345 -105.169 0 0 0 180 0 180 0 0
0 -0 0 -0 0 -0 0 0 0.209483 34.7541 0 180 0 0 0 180 0 180
0 0 0 -180 0 -180 0.121117 76.6677 0.165234 -107.675 0 180 0 -180 0 0 0 0
0 -0 0 0 0 0 0 -0 0.16823 34.4412 0 180 0 0 0 -180 0 -180
0 0 0 0 0 -0 0.296104 63.0761 0.525063 66.9383 0 -180 0 0 0 0 0 0
0 -0 0 -180 0 -180 0 0 1.35864 -142.973 0 0 0 -180 0 -180 0 -180
inside=0 lambda=0.647 phi=40 theta=30
0 -0 0 180 0 0 0.108446 -26.2133 0.0225697 -56.9105 0 0 0 -180 0 180 0 0
0 -0 0 0 0 180 0 -180 0.98638 -143.046 0 180 0 -0 0 0 0 180
0 -0 0 -180 0 -180 0.170334 -0.751587 0.305371 -104.549 0 0 0 180 0 0 0 0
0 -180 0 -0 0 -0 0 -0 0.348916 29.3775 0 180 0 0 0 180 0 180
0 -0 0 180 0 180 0.20005 -68.0068 0.297342 -105.738 0 180 0 -180 0 0 0 0
0 -180 0 0 0 0 0 -0 0.31172 34.8963 0 180 0 0 0 -180 0 180
0 -0 0 -0 0 -0 0.454734 -67.0972 0.300636 66.3426 0 -180 0 0 0 0 0 0
0 -0 0 -180 0 -180 0 -0 1.31436 -140.507 0 0 0 -180 0 -180 0 180
inside=0 lambda=0.647 phi=40 theta=45
0 -180 0 -180 0 0 0 -0 0.156255 63.7994 0 0 0 -0 0 -180 0 0
0 -0 0 0 0 180 0 -180 1.16682 -143.009 0 180 0 -0 0 0 0 180
0 -0 0 -180 0 -180 0 -180 0.354135 -107.371 0 0 0 180 0 180 0 0
0 -180 0 -0 0 -0 0 -0 0.368434 31.9056 0 180 0 0 0 180 0 180
0 -0 0 -180 0 180 0 -180 0.354135 -107.371 0 180 0 -180 0 0 0 0
0 -180 0 -0 0 0 0 -0 0.368434 31.9056 0 180 0 -0 0 180 0 180
0 -180 0 -0 0 -0 0 -180 0.156255 63.7994 0 -180 0 0 0 0 0 0
0 -0 0 -180 0 -0 0 0 1.16682 -143.009 0 0 0 180 0 180 0 180
inside=0 lambda=0.647 phi=45 theta=0
0 -180 0 0 0 0 0.049848 -150.848 0.998613 164.247 0 0 0 -180 0 0 0 0
0 -180 0 0 0 0 0 -0 0 -180 0 0 0 -180 0 0 0 0
0 -180 0 -180 0 -180 1.81463e-12 -63.6855 3.97096e-12 35.4918 0 180 0 0 0 0 0 0
0 -180 0 -180 0 -180 0 0 0 -180 0 -180 0 0 0 0 0 0
0 -0 0 -180 0 -180 1.33777e-12 -64.9955 5.48812e-13 86.0804 0 0 0 180 0 0 0 0
0 180 0 -0 0 0 0 180 0 180 0 0 0 -0 0 180 0 -180
0 -0 0 0 0 0 0.599523 -123.368 0.823306 14.4754 0 -180 0 -0 0 0 0 0
0 180 0 180 0 -180 0 0 0 -180 0 -0 0 180 0 180 0 -180
inside=0 lambda=0.647 phi=45 theta=15
0 -180 0 -0 0 0 0.0627506 141.847 0.857213 162.151 0 0 0 -180 0 180 0 0
0 -0 0 180 0 180 0 -0 0 -180 0 0 0 -180 0 0 0 0
0 -180 0 -180 0 -180 0.306105 76.8971 0.464447 173.694 0 0 0 0 0 0 0 0
0 -0 0 -0 0 -180 0 0 0 -0 0 180 0 0 0 0 0 0
0 -0 0 -180 0 180 0.147743 154.324 0.458749 176.126 0 180 0 -180 0 0 0 0
0 180 0 -0 0 0 0 -0 0 -0 0 0 0 -0 0 180 0 180
0 0 0 -0 0 -0 0.395077 -160.265 0.790359 17.7412 0 -180 0 0 0 0 0 0
0 180 0 -180 0 -180 0 0 0 -180 0 0 0 180 0 180 0 180
inside=0 lambda=0.647 phi=45 theta=30
0 -0 0 -180 0 0 0.256396 -2.1896 0.468076 156.433 0 0 0 -180 0 180 0 180
0 -0 0 180 0 180 0 -0 0 -180 0 180 0 -180 0 0 0 0
0 -0 0 -180 0 -180 0.708595 -0.570118 0.795209 -179.029 0 0 0 0 0 0 0 0
0 -180 0 -0 0 -0 0 -0 0 -0 0 180 0 0 0 0 0 0
0 -0 0 180 0 180 0.222185 -14.249 0.802835 179.83 0 180 0 -180 0 0 0 0
0 -180 0 0 0 0 0 -0 0 -0 0 0 0 -0 0 180 0 180
0 -180 0 -0 0 -0 0.419556 -21.8752 0.538473 14.9169 0 180 0 0 0 0 0 0
0 -0 0 -180 0 -180 0 -0 0 -180 0 0 0 180 0 180 0 180
inside=0 lambda=0.647 phi=45 theta=45
0 -180 0 -180 0 0 0 -0 0.156771 88.333 0 0 0 -0 0 180 0 180
0 -0 0 0 0 180 0 -180 0 -180 0 180 0 -180 0 0 0 0
0 -0 0 -180 0 -180 0 -0 0.987635 178.333 0 0 0 180 0 180 0 0
0 -180 0 -0 0 -0 0 180 0 -0 0 180 0 0 0 0 0 180
0 -0 0 -0 0 180 0 -180 0.987635 178.333 0 180 0 -180 0 0 0 0
0 -180 0 180 0 0 0 -0 0 -0 0 0 0 -0 0 180 0 180
0 -180 0 -0 0 -0 0 -180 0.156771 88.333 0 180 0 0 0 0 0 180
0 -0 0 -180 0 -180 0 0 0 -180 0 0 0 180 0 180 0 0
inside=1 lambda=0.647 phi=0 theta=0
0 0 0 -180 0 0 0 0 0.160116 177.204 0 0 0 0 0 -180 0 0
0 -180 0 0 0 -180 0 -180 0.817877 -71.5633 0 -180 0 -180 0 0 0 -180
0 0 0 -0 0 -180 0 -180 2.72508e-12 -99.769 0 -180 0 -180 0 -0 0 0
0 -180 0 180 0 0 0 180 2.80354e-12 -131.23 0 0 0 0 0 180 0 -180
0 0 0 180 0 -180 0 -0 4.21297e-13 178.9 0 0 0 -180 0 180 0 0
0 -180 0 0 0 0 0 180 8.73043e-13 -171.02 0 180 0 0 0 0 0 -180
0 0 0 0 0 0 0 -180 0.160116 177.204 0 -180 0 0 0 0 0 0
0 -180 0 -180 0 -180 0 0 0.817877 -71.5633 0 0 0 -180 0 -180 0 -180
inside=1 lambda=0.647 phi=0 theta=15
0 0 0 -180 0 0 0 0 0.160116 177.204 0 0 0 0 0 -180 0 0
0 -180 0 0 0 -180 0 -180 0.817877 -71.5633 0 -180 0 -180 0 0 0 -180
0 0 0 -0 0 -180 0 -180 2.72508e-12 -99.769 0 -180 0 -180 0 -0 0 0
0 -180 0 180 0 0 0 180 2.80354e-12 -131.23 0 0 0 0 0 180 0 -180
0 0 0 180 0 -180 0 -0 4.21297e-13 178.9 0 0 0 -180 0 180 0 0
0 -180 0 0 0 0 0 180 8.73043e-13 -171.02 0 180 0 0 0 0 0 -180
0 0 0 0 0 0 0 -180 0.160116 177.204 0 -180 0 0 0 0 0 0
0 -180 0 -180 0 -180 0 0 0.817877 -71.5633 0 0 0 -180 0 -180 0 -180
inside=1 lambda=0.647 phi=0 theta=30
0 0 0 -180 0 0 0 0 0.160116 177.204 0 0 0 0 0 -180 0 0
0 -180 0 0 0 -180 0 -180 0.817877 -71.5633 0 -180 0 -180 0 0 0 -180
0 0 0 -0 0 -180 0 -180 2.72508e-12 -99.769 0 -180 0 -180 0 -0 0 0
0 -180 0 180 0 0 0 180 2.80354e-12 -131.23 0 0 0 0 0 180 0 -180
0 0 0 180 0 -180 0 -0 4.21297e-13 178.9 0 0 0 -180 0 180 0 0
0 -180 0 0 0 0 0 180 8.73043e-13 -171.02 0 180 0 0 0 0 0 -180
0 0 0 0 0 0 0 -180 0.160116 177.204 0 -180 0 0 0 0 0 0
0 -180 0 -180 0 -180 0 0 0.817877 -71.5633 0 0 0 -180 0 -180 0 -180
inside=1 lambda=0.647 phi=0 theta=45
0 0 0 -180 0 0 0 0 0.160116 177.204 0 0 0 0 0 -180 0 0
0 -180 0 0 0 -180 0 -180 0.817877 -71.5633 0 -180 0 -180 0 0 0 -180
0 0 0 -0 0 -180 0 -180 2.72508e-12 -99.769 0 -180 0 -180 0 -0 0 0
0 -180 0 180 0 0 0 180 2.80354e-12 -131.23 0 0 0 0 0 180 0 -180
0 0 0 180 0 -180 0 -0 4.21297e-13 178.9 0 0 0 -180 0 180 0 0
0 -180 0 0 0 0 0 180 8.73043e-13 -171.02 0 180 0 0 0 0 0 -180
0 0 0 0 0 0 0 -180 0.160116 177.204 0 -180 0 0 0 0 0 0
0 -180 0 -180 0 -180 0 0 0.817877 -71.5633 0 0 0 -180 0 -180 0 -180
inside=1 lambda=0.647 phi=5 theta=0
0 0 0 -180 0 0 0 0 0.15904 177.265 0 0 0 0 0 -180 0 0
0 -0 0 0 0 -180 0 -180 0.818847 -72.1055 0 -180 0 -0 0 0 0 -180
0 0 0 -0 0 -180 0 -180 1.12119e-13 124.851 0 180 0 -180 0 180 0 0
0 -180 0 0 0 0 0 180 3.16693e-13 -161.262 0 180 0 0 0 -180 0 -180
0 0 0 -180 0 -180 0 180 4.53141e-14 -58.0977 0 180 0 -180 0 0 0 0
0 -180 0 0 0 0 0 180 1.47753e-13 -171.212 0 -0 0 0 0 -180 0 -180
0 0 0 0 0 0 0 -180 0.160896 177.29 0 -180 0 0 0 0 0 0
0 -180 0 -180 0 -180 0 0 0.816946 -72.1023 0 0 0 -180 0 -180 0 -180
inside=1 lambda=0.647 phi=5 theta=15
0 0 0 -180 0 0 0 0 0.159164 177.267 0 0 0 0 0 -180 0 0
0 -0 0 0 0 -180 0 -180 0.81872 -72.1053 0 -180 0 -0 0 0 0 -180
0 0 0 -0 0 -180 0 -180 0.000447905 -1.3276 0 0 0 -180 0 180 0 0
0 -180 0 0 0 0 0 0 0.000475841 -65.8562 0 -180 0 0 0 -180 0 -180
0 0 0 -180 0 -180 0 -0 0.000448013 -1.32238 0 0 0 -180 0 0 0 0
0 -180 0 0 0 0 0 0 0.000475817 -65.8941 0 -180 0 0 0 -180 0 -180
0 0 0 0 0 0 0 -180 0.160771 177.288 0 -180 0 0 0 0 0 0
0 -0 0 -180 0 -0 0 0 0.817074 -72.1025 0 0 0 -180 0 -180 0 -180
inside=1 lambda=0.647 phi=5 theta=30
0 0 0 -180 0 0 0 0 0.159504 177.271 0 0 0 0 0 -180 0 0
0 -0 0 0 0 -180 0 -180 0.818372 -72.1047 0 -180 0 -0 0 0 0 -180
0 0 0 -0 0 -180 0 -180 0.000775834 -1.32649 0 0 0 -180 0 180 0 0
0 -180 0 0 0 0 0 0 0.000824171 -65.8643 0 -180 0 0 0 -180 0 -180
0 0 0 -180 0 -180 0 -0 0.000775941 -1.32348 0 180 0 -180 0 0 0 0
0 -180 0 0 0 0 0 0 0.000824147 -65.8862 0 -180 0 0 0 -180 0 -180
0 0 0 0 0 0 0 -180 0.160432 177.284 0 -180 0 0 0 0 0 0
0 -0 0 -180 0 -0 0 0 0.817422 -72.1031 0 0 0 -180 0 -180 0 -180
inside=1 lambda=0.647 phi=5 theta=45
0 0 0 -180 0 0 0 0 0.159968 177.278 0 0 0 0 0 -180 0 0
0 -0 0 0 0 -180 0 -180 0.817897 -72.1039 0 -180 0 -0 0 0 0 -180
0 0 0 -0 0 -180 0 -180 0.000895918 -1.32498 0 0 0 -180 0 180 0 0
0 -180 0 0 0 0 0 0 0.000951657 -65.8753 0 -180 0 0 0 -180 0 -180
0 0 0 -180 0 -180 0 -0 0.000895918 -1.32498 0 180 0 -180 0 0 0 0
0 -180 0 0 0 0 0 0 0.000951657 -65.8753 0 -180 0 0 0 -180 0 -180
0 0 0 0 0 0 0 -180 0.159968 177.278 0 -180 0 0 0 0 0 0
0 -0 0 -180 0 -0 0 0 0.817897 -72.1039 0 0 0 -180 0 -180 0 -180
inside=1 lambda=0.647 phi=10 theta=0
0 0 0 -180 0 0 0 0 0.155812 177.455 0 0 0 0 0 -180 0 0
0 -0 0 0 0 -180 0 -180 0.82179 -73.7216 0 -180 0 -0 0 0 0 -180
0 0 0 -0 0 -180 0 180 6.11725e-14 -0.703606 0 -180 0 -180 0 180 0 0
0 -0 0 0 0 0 0 -180 2.75964e-14 7.64313 0 -0 0 180 0 -180 0 -180
0 0 0 -180 0 -180 0 180 1.46179e-13 -71.8699 0 -0 0 -180 0 0 0 0
0 -180 0 0 0 0 0 0 1.54039e-13 -48.6849 0 -180 0 0 0 -180 0 -180
0 0 0 0 0 0 0 -180 0.163289 177.547 0 -180 0 0 0 0 0 0
0 -180 0 -180 0 -180 0 0 0.814121 -73.7082 0 0 0 -180 0 -180 0 -180
inside=1 lambda=0.647 phi=10 theta=15
0 0 0 -180 0 0 0 0 0.156312 177.462 0 0 0 0 0 -180 0 0
0 -0 0 0 0 -180 0 -180 0.821276 -73.7208 0 -180 0 -0 0 0 0 -180
0 0 0 -0 0 -180 0 -180 0.00180686 -1.19337 0 0 0 -180 0 180 0 0
0 -0 0 0 0 0 0 0 0.00192057 -67.3985 0 -180 0 180 0 -180 0 -180
0 0 0 -180 0 -180 0 -0 0.00180852 -1.17558 0 0 0 -180 0 0 0 0
0 -180 0 0 0 0 0 0 0.00192015 -67.5518 0 -180 0 0 0 -180 0 -180
0 0 0 0 0 0 0 -180 0.162788 177.542 0 -180 0 0 0 0 0 0
0 -0 0 -180 0 -0 0 0 0.814635 -73.7092 0 0 0 -180 0 -180 0 -180
inside=1 lambda=0.647 phi=10 theta=30
0 0 0 -180 0 0 0 0 0.15768 177.479 0 0 0 0 0 -180 0 0
0 -0 0 0 0 -180 0 -180 0.819873 -73.7185 0 -180 0 -0 0 0 0 -180
0 0 0 -0 0 -180 0 -180 0.00313018 -1.18957 0 0 0 -180 0 0 0 0
0 -180 0 0 0 0 0 0 0.00332636 -67.4324 0 -180 0 180 0 -180 0 -180
0 0 0 -180 0 -180 0 -0 0.00313184 -1.1793 0 0 0 -180 0 0 0 0
0 -180 0 0 0 0 0 0 0.00332594 -67.5208 0 -180 0 0 0 -180 0 -180
0 0 0 0 0 0 0 -180 0.161418 177.525 0 -180 0 0 0 0 0 0
0 -0 0 -180 0 -0 0 0 0.816038 -73.7118 0 0 0 -180 0 -180 0 -180
inside=1 lambda=0.647 phi=10 theta=45
0 0 0 -180 0 0 0 0 0.159548 177.502 0 0 0 0 0 -180 0 0
0 -0 0 0 0 -180 0 -180 0.817956 -73.7153 0 -180 0 -0 0 0 0 -180
0 0 0 -0 0 -180 0 -180 0.00361537 -1.18441 0 0 0 -180 0 0 0 0
0 -180 0 0 0 0 0 0 0.0038407 -67.4773 0 -180 0 0 0 -180 0 -180
0 0 0 -180 0 -180 0 -0 0.00361537 -1.18441 0 0 0 -180 0 0 0 0
0 -180 0 0 0 0 0 0 0.0038407 -67.4773 0 -180 0 0 0 -180 0 -180
0 0 0 0 0 0 0 -180 0.159548 177.502 0 -180 0 0 0 0 0 0
0 -0 0 -180 0 -0 0 0 0.817956 -73.7153 0 0 0 -180 0 -180 0 -180
inside=1 lambda=0.647 phi=15 theta=0
0 -0 0 -180 0 0 0 0 0.150428 177.799 0 0 0 -0 0 -180 0 0
0 -0 0 0 0 -180 0 -180 0.826803 -76.3796 0 -180 0 -0 0 0 0 -180
0 0 0 -0 0 -180 0 180 3.95439e-14 -162.168 0 180 0 -180 0 180 0 0
0 -0 0 0 0 0 0 180 1.05497e-13 -167.304 0 -0 0 180 0 -180 0 -180
0 0 0 -180 0 -180 0 180 1.25052e-13 -114.845 0 -0 0 -180 0 0 0 0
0 -180 0 0 0 0 0 -0 1.15034e-13 -157.314 0 -180 0 0 0 -180 0 -180
0 0 0 0 0 0 0 -180 0.167461 177.974 0 -180 0 0 0 0 0 0
0 -180 0 -180 0 -180 0 0 0.809293 -76.3473 0 0 0 -180 0 -180 0 -180
inside=1 lambda=0.647 phi=15 theta=15
0 -0 0 -180 0 0 0 0 0.151567 177.812 0 0 0 -0 0 -180 0 0
0 -0 0 0 0 -180 0 -180 0.825631 -76.3779 0 -180 0 -0 0 0 0 -180
0 0 0 -0 0 -180 0 -180 0.00412535 -0.965057 0 0 0 -180 0 180 0 0
0 -0 0 0 0 0 0 0 0.0043876 -69.9255 0 -180 0 180 0 -180 0 -180
0 0 0 -180 0 -180 0 -0 0.00413319 -0.935912 0 0 0 -180 0 0 0 0
0 -180 0 0 0 0 0 0 0.00438513 -70.2774 0 -180 0 0 0 -180 0 -180
0 0 0 0 0 0 0 -180 0.166318 177.964 0 -180 0 0 0 0 0 0
0 -0 0 -180 0 -0 0 0 0.810467 -76.3501 0 0 0 -180 0 -180 0 -180
inside=1 lambda=0.647 phi=15 theta=30
0 -0 0 -180 0 0 0 0 0.154679 177.846 0 0 0 -0 0 -180 0 0
0 -0 0 0 0 -180 0 -180 0.822427 -76.373 0 -180 0 -0 0 0 0 -180
0 0 0 -0 0 -180 0 -180 0.00714811 -0.958807 0 0 0 -180 0 0 0 0
0 -0 0 0 0 0 0 0 0.00759849 -70.0075 0 -180 0 180 0 -180 0 -180
0 0 0 -180 0 -180 0 -0 0.00715596 -0.941908 0 0 0 -180 0 0 0 0
0 -180 0 0 0 0 0 0 0.00759603 -70.2103 0 -180 0 0 0 -180 0 -180
0 0 0 0 0 0 0 -180 0.163196 177.934 0 -180 0 0 0 0 0 0
0 -0 0 -180 0 -0 0 0 0.813672 -76.3571 0 0 0 -180 0 -180 0 -180
inside=1 lambda=0.647 phi=15 theta=45
0 0 0 -180 0 0 0 0 0.158935 177.891 0 0 0 -0 0 -180 0 0
0 -0 0 0 0 -180 0 -180 0.81805 -76.3656 0 -180 0 -0 0 0 0 -180
0 0 0 -0 0 -180 0 -180 0.00825842 -0.950291 0 0 0 -180 0 0 0 0
0 -180 0 0 0 0 0 0 0.00877247 -70.1126 0 -180 0 180 0 -180 0 -180
0 0 0 -180 0 -180 0 -0 0.00825842 -0.950291 0 0 0 -180 0 0 0 0
0 -180 0 0 0 180 0 0 0.00877247 -70.1126 0 -180 0 0 0 -180 0 -180
0 0 0 0 0 -0 0 -180 0.158935 177.891 0 -180 0 0 0 0 0 0
0 -0 0 -180 0 -0 0 0 0.81805 -76.3656 0 0 0 -180 0 -180 0 -180
inside=1 lambda=0.647 phi=20 theta=0
0 -0 0 -180 0 0 0 0 0.14287 178.33 0 0 0 -0 0 -180 0 0
0 -0 0 0 0 -180 0 -180 0.834063 -80.0257 0 -180 0 -0 0 0 0 -180
0 0 0 -0 0 -180 0 -0 1.67054e-14 118.686 0 180 0 -180 0 180 0 0
0 -0 0 0 0 0 0 -0 3.79785e-14 -12.4577 0 180 0 180 0 -180 0 -180
0 0 0 -180 0 -180 0 -0 6.56865e-14 5.7493 0 180 0 -180 0 0 0 0
0 -180 0 0 0 0 0 0 1.18976e-13 12.2672 0 0 0 0 0 -180 0 -180
0 0 0 0 0 0 0 -180 0.17369 178.558 0 -180 0 0 0 0 0 0
0 -180 0 -180 0 -180 0 0 0.80228 -79.9627 0 0 0 -180 0 -180 0 -180
inside=1 lambda=0.647 phi=20 theta=15
0 -0 0 -180 0 0 0 0 0.144929 178.349 0 0 0 -0 0 -180 0 0
0 -0 0 0 0 -180 0 -180 0.831935 -80.0231 0 -180 0 -0 0 0 0 -180
0 0 0 -0 0 -180 0 -180 0.00749384 -0.641181 0 0 0 -180 0 0 0 0
0 -0 0 0 0 0 0 0 0.00797216 -73.372 0 -180 0 180 0 -180 0 -180
0 0 0 -180 0 -180 0 -0 0.00751559 -0.614081 0 0 0 -180 0 0 0 0
0 -180 0 0 0 0 0 0 0.00796264 -74.0159 0 -180 0 0 0 -180 0 -180
0 0 0 0 0 0 0 -180 0.17162 178.546 0 -180 0 0 0 0 0 0
0 -0 0 -180 0 -0 0 0 0.80441 -79.969 0 0 0 -180 0 -180 0 -180
inside=1 lambda=0.647 phi=20 theta=30
0 -0 0 -180 0 0 0 0 0.150558 178.397 0 0 0 -0 0 -180 0 0
0 -0 0 0 0 -180 0 -180 0.826121 -80.0151 0 -180 0 -0 0 0 0 -180
0 0 0 -0 0 -180 0 -180 0.012987 -0.635671 0 0 0 -180 0 0 0 0
0 -0 0 0 0 0 0 0 0.0138037 -73.5335 0 -180 0 180 0 -180 0 -180
0 0 0 -180 0 -180 0 -0 0.0130089 -0.619492 0 0 0 -180 0 0 0 0
0 -180 0 0 0 0 0 0 0.0137944 -73.9029 0 -180 0 0 0 -180 0 -180
0 0 0 0 0 -0 0 -180 0.165969 178.511 0 -180 0 0 0 0 0 0
0 -0 0 -180 0 -0 0 0 0.81023 -79.9844 0 0 0 -180 0 -180 0 -180
inside=1 lambda=0.647 phi=20 theta=45
0 -0 0 -180 0 0 0 0 0.158258 178.458 0 0 0 -0 0 -180 0 0
0 -0 0 0 0 -180 0 -180 0.818177 -80.0015 0 -180 0 -0 0 0 0 -180
0 0 0 -0 0 -180 0 -180 0.0150084 -0.627522 0 0 0 -180 0 0 0 0
0 -180 0 0 0 0 0 0 0.0159333 -73.7302 0 -180 0 180 0 -180 0 -180
0 0 0 -180 0 -180 0 -0 0.0150084 -0.627522 0 0 0 -180 0 0 0 0
0 -180 0 0 0 180 0 0 0.0159333 -73.7302 0 -180 0 0 0 -180 0 -180
0 -0 0 0 0 -0 0 -180 0.158258 178.458 0 -180 0 0 0 0 0 0
0 -0 0 -180 0 -0 0 0 0.818177 -80.0015 0 0 0 -180 0 -180 0 -180
inside=1 lambda=0.647 phi=25 theta=0
0 -0 0 -180 0 0 0 0 0.133075 179.085 0 0 0 -0 0 -180 0 0
0 -0 0 0 0 -180 0 -180 0.843844 -84.5836 0 -180 0 -0 0 0 0 -180
0 -0 0 -0 0 -180 0 180 1.28695e-14 -115.904 0 180 0 180 0 180 0 0
0 -0 0 0 0 0 0 0 6.49792e-14 -168.558 0 -0 0 180 0 -180 0 -180
0 0 0 -180 0 -180 0 -0 4.0555e-15 -156.331 0 -0 0 -180 0 0 0 0
0 -180 0 0 0 0 0 -0 3.30499e-14 -173.89 0 -0 0 0 0 -180 0 -180
0 0 0 0 0 0 0 -180 0.18236 179.265 0 -180 0 0 0 0 0 0
0 -180 0 -180 0 -180 0 0 0.792809 -84.471 0 0 0 -180 0 -180 0 -180
inside=1 lambda=0.647 phi=25 theta=15
0 -0 0 -180 0 0 0 0 0.136367 179.104 0 0 0 -0 0 -180 0 0
0 -0 0 0 0 -180 0 -180 0.840427 -84.5803 0 -180 0 -0 0 0 0 -180
0 -0 0 -0 0 -180 0 -180 0.0120607 -0.229724 0 0 0 180 0 0 0 0
0 -0 0 0 0 0 0 0 0.0128216 -77.6455 0 -180 0 180 0 -180 0 -180
0 0 0 -180 0 -180 0 -0 0.0121019 -0.23043 0 0 0 -180 0 0 0 0
0 -180 0 0 0 0 0 0 0.0127918 -78.6911 0 -180 0 0 0 -180 0 -180
0 0 0 0 0 0 0 -180 0.179056 179.262 0 -180 0 0 0 0 0 0
0 -0 0 -180 0 -0 0 0 0.796229 -84.4848 0 0 0 -180 0 -180 0 -180
inside=1 lambda=0.647 phi=25 theta=30
0 -0 0 -180 0 0 0 0 0.145372 179.151 0 0 0 -0 0 -180 0 0
0 -0 0 0 0 -180 0 -180 0.831091 -84.569 0 -180 0 -0 0 0 0 -180
0 0 0 -0 0 -180 0 -180 0.0209012 -0.231926 0 0 0 180 0 0 0 0
0 -180 0 0 0 0 0 0 0.0221925 -77.9334 0 -180 0 180 0 -180 0 -180
0 0 0 -180 0 -180 0 -0 0.0209433 -0.229691 0 0 0 -180 0 0 0 0
0 -180 0 0 0 0 0 0 0.0221638 -78.5274 0 -180 0 0 0 -180 0 -180
0 -0 0 0 0 -0 0 -180 0.170026 179.244 0 -180 0 0 0 0 0 0
0 -0 0 -180 0 -0 0 0 0.805573 -84.5163 0 0 0 -180 0 -180 0 -180
inside=1 lambda=0.647 phi=25 theta=45
0 -0 0 -180 0 0 0 0 0.157692 179.205 0 0 0 -0 0 -180 0 0
0 -0 0 0 0 -180 0 -180 0.818334 -84.5475 0 -180 0 -0 0 0 0 -180
0 0 0 -0 0 -180 0 -180 0.0241572 -0.230944 0 0 0 180 0 0 0 0
0 -180 0 0 0 0 0 0 0.0256071 -78.2605 0 -180 0 180 0 -180 0 -180
0 0 0 -180 0 180 0 -0 0.0241572 -0.230944 0 0 0 -180 0 0 0 0
0 -180 0 0 0 180 0 0 0.0256071 -78.2605 0 -180 0 0 0 -180 0 -180
0 -0 0 0 0 -0 0 -180 0.157692 179.205 0 -180 0 0 0 0 0 0
0 -0 0 -180 0 -0 0 0 0.818334 -84.5475 0 0 0 -180 0 -180 0 -180
inside=1 lambda=0.647 phi=30 theta=0
0 -0 0 -180 0 0 0 0 0.12088 -179.902 0 0 0 -0 0 -180 0 0
0 -0 0 0 0 -180 0 -180 0.856553 -89.9534 0 -180 0 -0 0 0 0 -180
0 -0 0 -0 0 -180 0 180 3.99038e-15 6.79118 0 -0 0 180 0 180 0 0
0 -0 0 0 0 0 0 -180 4.25305e-14 -3.93618 0 -180 0 180 0 -180 0 -180
0 0 0 -180 0 -180 0 180 1.10607e-14 40.2612 0 -0 0 -180 0 0 0 0
0 -180 0 0 0 0 0 180 7.20051e-15 -115.787 0 -180 0 0 0 -180 0 -180
0 0 0 0 0 0 0 -180 0.19392 -179.967 0 -180 0 0 0 0 0 0
0 -180 0 -180 0 -180 0 0 0.780515 -89.7581 0 0 0 -180 0 -180 0 -180
inside=1 lambda=0.647 phi=30 theta=15
0 -0 0 -180 0 0 0 0 0.12577 -179.899 0 0 0 -0 0 -180 0 0
0 -0 0 0 0 -180 0 -180 0.851458 -89.9498 0 -180 0 -0 0 0 0 -180
0 -0 0 -0 0 -180 0 -180 0.0180575 0.24507 0 0 0 180 0 0 0 0
0 -0 0 0 0 0 0 0 0.0191518 -82.6217 0 -180 0 180 0 -180 0 -180
0 0 0 -180 0 -180 0 -0 0.0181043 0.182508 0 0 0 -180 0 0 0 0
0 -180 0 0 0 0 0 -0 0.0190691 -84.2056 0 -180 0 0 0 -180 0 -180
0 0 0 0 0 -0 0 -180 0.189059 -179.945 0 -180 0 0 0 0 0 0
0 -0 0 -180 0 -0 0 0 0.785604 -89.7883 0 0 0 -180 0 -180 0 -180
inside=1 lambda=0.647 phi=30 theta=30
0 -0 0 -180 0 0 0 0 0.139145 -179.891 0 0 0 -0 0 -180 0 0
0 -0 0 0 0 -180 0 -180 0.83754 -89.9361 0 -180 0 -0 0 0 0 -180
0 -0 0 -0 0 -180 0 -180 0.0312764 0.223701 0 0 0 180 0 0 0 0
0 -180 0 0 0 0 0 0 0.0331261 -83.1104 0 -180 0 180 0 -180 0 -180
0 0 0 -180 0 180 0 -0 0.0313298 0.19766 0 0 0 -180 0 0 0 0
0 -180 0 0 0 0 0 -0 0.0330499 -83.9928 0 -180 0 0 0 -180 0 -180
0 -0 0 0 0 -0 0 -180 0.175723 -179.907 0 -180 0 0 0 0 0 0
0 -0 0 -180 0 -0 0 0 0.799516 -89.851 0 0 0 -180 0 -180 0 -180
inside=1 lambda=0.647 phi=30 theta=45
0 -0 0 -180 0 0 0 0 0.157439 -179.89 0 0 0 -0 0 -180 0 0
0 -0 0 0 0 -180 0 -180 0.818528 -89.9049 0 -180 0 -0 0 0 0 -180
0 0 0 -0 0 -180 0 -180 0.0361386 0.21023 0 0 0 180 0 0 0 0
0 -180 0 -0 0 0 0 0 0.0382002 -83.6164 0 -180 0 180 0 -180 0 -180
0 0 0 -180 0 180 0 -0 0.0361386 0.21023 0 0 0 -180 0 0 0 0
0 -180 0 0 0 180 0 -0 0.0382002 -83.6164 0 -180 0 0 0 -180 0 -180
0 -0 0 0 0 -0 0 -180 0.157439 -179.89 0 -180 0 0 0 0 0 0
0 -0 0 -180 0 -0 0 0 0.818528 -89.9049 0 0 0 -180 0 -180 0 -180
inside=1 lambda=0.647 phi=35 theta=0
0 -0 0 -180 0 0 0 0 0.10594 -178.592 0 0 0 -0 0 -180 0 0
0 -0 0 0 0 -180 0 -180 0.872773 -96.0107 0 -180 0 -0 0 0 0 -180
0 -0 0 -0 0 -180 0 180 1.18858e-14 13.0639 0 -0 0 180 0 180 0 0
0 -0 0 -0 0 0 0 180 1.16327e-14 151.696 0 -0 0 180 0 180 0 -180
0 0 0 -180 0 -180 0 -0 3.69021e-14 150.031 0 -0 0 -180 0 0 0 0
0 -180 0 0 0 0 0 -0 3.36821e-14 -154.83 0 -0 0 0 0 -180 0 -180
0 0 0 0 0 0 0 -180 0.208741 -179.247 0 -180 0 0 0 0 0 0
0 -180 0 -180 0 -180 0 0 0.764943 -95.6648 0 0 0 -180 0 -180 0 -180
inside=1 lambda=0.647 phi=35 theta=15
0 -0 0 -180 0 0 0 0 0.112859 -178.645 0 0 0 -0 0 -180 0 0
0 -0 0 0 0 -180 0 -180 0.865534 -96.0079 0 -180 0 -0 0 0 0 -180
0 -0 0 -0 0 -180 0 -180 0.0258371 0.741253 0 0 0 180 0 0 0 0
0 -0 0 -0 0 0 0 0 0.0272736 -88.1291 0 -180 0 180 0 -180 0 -180
0 0 0 -180 0 -180 0 -0 0.0258118 0.580104 0 0 0 -180 0 0 0 0
0 -180 0 0 0 0 0 -0 0.0270592 -90.4383 0 -180 0 0 0 -180 0 -180
0 -0 0 0 0 -0 0 -180 0.202053 -179.161 0 -180 0 0 0 0 0 0
0 -0 0 -180 0 -0 0 0 0.772129 -95.7343 0 0 0 -180 0 -180 0 -180
inside=1 lambda=0.647 phi=35 theta=30
0 -0 0 -180 0 0 0 0 0.131796 -178.76 0 0 0 -0 0 -180 0 0
0 -0 0 0 0 -180 0 -180 0.84577 -95.9936 0 -180 0 -0 0 0 0 -180
0 -0 0 -0 0 -180 0 -180 0.0446729 0.682124 0 0 0 180 0 0 0 0
0 -180 0 -0 0 0 0 0 0.0471097 -88.9482 0 -180 0 180 0 -180 0 -180
0 0 0 -180 0 180 0 -0 0.0446847 0.621652 0 0 0 -180 0 0 0 0
0 -180 0 0 0 0 0 -0 0.0469257 -90.1883 0 -180 0 0 0 -180 0 -180
0 -0 0 0 0 -0 0 -180 0.183451 -179.012 0 -180 0 0 0 0 0 0
0 -0 0 -180 0 -0 0 0 0.791823 -95.8608 0 0 0 -180 0 -180 0 -180
inside=1 lambda=0.647 phi=35 theta=45
0 -0 0 -180 0 0 0 0 0.157681 -178.883 0 0 0 -0 0 -180 0 0
0 -0 0 0 0 -180 0 -180 0.818786 -95.9511 0 -180 0 -0 0 0 0 -180
0 -0 0 -0 0 -180 0 -180 0.0515671 0.651821 0 0 0 180 0 0 0 0
0 -180 0 -0 0 0 0 0 0.0542738 -89.6934 0 -180 0 180 0 -180 0 -180
0 -0 0 -180 0 180 0 -0 0.0515671 0.651821 0 0 0 -180 0 0 0 0
0 -180 0 0 0 180 0 -0 0.0542738 -89.6934 0 -180 0 0 0 -180 0 -180
0 -0 0 0 0 -0 0 -180 0.157681 -178.883 0 -180 0 0 0 0 0 0
0 -0 0 -180 0 -0 0 0 0.818786 -95.9511 0 0 0 -180 0 -180 0 -180
inside=1 lambda=0.647 phi=40 theta=0
0 -0 0 -180 0 0 0 0 0.0876546 -176.887 0 0 0 -0 0 -180 0 0
0 -0 0 0 0 -180 0 -180 0.893327 -102.604 0 -180 0 -0 0 0 0 -180
0 -0 0 -0 0 -180 0 0 6.36228e-14 -4.60266 0 180 0 180 0 180 0 0
0 -0 0 -0 0 0 0 0 4.47719e-14 -6.30562 0 -0 0 180 0 180 0 -180
0 0 0 -180 0 -180 0 180 8.13544e-14 153.109 0 180 0 -180 0 0 0 0
0 -180 0 0 0 0 0 0 1.50491e-13 6.6492 0 0 0 0 0 -180 0 -180
0 0 0 0 0 0 0 -180 0.226584 -178.796 0 -180 0 0 0 0 0 0
0 -180 0 -180 0 -180 0 0 0.745633 -101.933 0 0 0 -180 0 -180 0 -180
inside=1 lambda=0.647 phi=40 theta=15
0 -0 0 -180 0 0 0 0 0.0971021 -177.112 0 0 0 -0 0 -180 0 0
0 -0 0 0 0 -180 0 -180 0.883369 -102.605 0 -180 0 -0 0 0 0 -180
0 -0 0 -0 0 -180 0 -180 0.0359466 1.21775 0 0 0 180 0 0 0 0
0 -0 0 -0 0 0 0 0 0.0376438 -93.8948 0 -180 0 180 0 180 0 -180
0 0 0 -180 0 -180 0 -0 0.035588 0.906648 0 0 0 -180 0 0 0 0
0 -180 0 0 0 0 0 -0 0.0370981 -97.2357 0 -180 0 0 0 -180 0 -180
0 -0 0 0 0 -0 0 -180 0.218205 -178.517 0 -180 0 0 0 0 0 0
0 -0 0 -180 0 -0 0 0 0.755344 -102.121 0 0 0 -180 0 -180 0 -180
inside=1 lambda=0.647 phi=40 theta=30
0 -0 0 -180 0 0 0 0 0.123048 -177.522 0 0 0 -0 0 -180 0 0
0 -0 0 0 0 -180 0 -180 0.856214 -102.594 0 -180 0 -0 0 0 0 -180
0 -0 0 -0 0 -180 0 -180 0.0618726 1.07736 0 0 0 180 0 0 0 0
0 -180 0 -0 0 0 0 0 0.0648343 -95.3081 0 -180 0 180 0 180 0 -180
0 0 0 -180 0 180 0 -0 0.061695 0.997083 0 0 0 -180 0 0 0 0
0 -180 0 0 0 0 0 -0 0.0644229 -96.9803 0 -180 0 0 0 -180 0 -180
0 -0 0 0 0 -0 0 -180 0.193582 -178.161 0 -180 0 0 0 0 0 0
0 -0 0 -180 0 -0 0 0 0.782206 -102.389 0 0 0 -180 0 -180 0 -180
inside=1 lambda=0.647 phi=40 theta=45
0 -0 0 -180 0 0 0 0 0.158518 -177.87 0 0 0 -0 0 -180 0 0
0 -0 0 0 0 -180 0 -180 0.819168 -102.539 0 -180 0 -0 0 0 0 -180
0 -0 0 -0 0 -180 0 -180 0.0712754 1.04041 0 0 0 180 0 0 0 0
0 -180 0 -0 0 0 0 0 0.074585 -96.3684 0 -180 0 180 0 180 0 -180
0 -0 0 -180 0 180 0 -0 0.0712754 1.04041 0 0 0 -180 0 0 0 0
0 -180 0 0 0 180 0 -0 0.074585 -96.3684 0 180 0 0 0 -180 0 -180
0 -0 0 0 0 -0 0 -180 0.158518 -177.87 0 -180 0 0 0 0 0 0
0 -0 0 -180 0 -0 0 0 0.819168 -102.539 0 0 0 -180 0 -180 0 -180
inside=1 lambda=0.647 phi=45 theta=0
0 -0 0 180 0 0 0 0 0.0656828 -173.225 0 0 0 -0 0 180 0 0
0 -0 0 0 0 -180 0.015174 167.022 0.918209 -109.507 0 -180 0 -0 0 0 0 -180
0 -0 0 -0 0 -180 0 180 2.78863e-14 -1.90155 0 180 0 180 0 180 0 0
0 -0 0 -0 0 0 1.65361e-13 -164.053 2.05993e-14 -108.277 0 0 0 180 0 180 0 -180
0 0 0 -180 0 -180 0 0 1.18169e-13 166.25 0 0 0 -180 0 0 0 0
0 -0 0 0 0 0 5.05532e-13 116.577 1.02898e-13 -56.4003 0 -180 0 180 0 -180 0 -180
0 0 0 0 0 0 0 -0 0.249977 178.756 0 -180 0 0 0 0 0 0
0 -0 0 -180 0 -180 0.299451 11.0815 0.714478 -107.466 0 0 0 -0 0 -180 0 -180
inside=1 lambda=0.647 phi=45 theta=15
0 -0 0 -180 0 0 0 0 0.0777529 -175.155 0 0 0 -0 0 180 0 0
0 -0 0 0 0 -180 0 -180 0.905924 -109.559 0 -180 0 -0 0 0 0 -180
0 -0 0 -0 0 -180 0 -180 0.049371 1.7807 0 0 0 180 0 0 0 0
0 -0 0 -0 0 0 0 0 0.0510494 -99.2374 0 -180 0 180 0 180 0 -180
0 0 0 -180 0 180 0 -0 0.0477798 1.05889 0 0 0 -180 0 0 0 0
0 -180 0 0 0 0 0 -0 0.0495301 -104.374 0 180 0 0 0 -180 0 -180
0 -0 0 0 0 -0 0 -180 0.236336 -178.34 0 -180 0 0 0 0 0 0
0 -0 0 -180 0 -0 0 -0 0.73494 -108.578 0 0 0 -180 0 -180 0 -180
inside=1 lambda=0.647 phi=45 theta=30
0 -0 0 -180 0 0 0 0 0.112326 -176.272 0 0 0 -0 0 180 0 0
0 -0 0 0 0 -180 0 -180 0.869482 -109.566 0 -180 0 -0 0 0 0 -180
0 -0 0 -0 0 -180 0 -180 0.0839301 1.33812 0 0 0 180 0 0 0 0
0 -180 0 -0 0 0 0 0 0.087232 -102.023 0 -180 0 180 0 180 0 -180
0 -0 0 -180 0 180 0 -0 0.0832375 1.28625 0 0 0 -180 0 0 0 0
0 -180 0 0 0 0 0 -0 0.0863654 -104.208 0 180 0 0 0 -180 0 -180
0 -0 0 0 0 -0 0 -180 0.20639 -177.446 0 -180 0 0 0 0 0 0
0 -0 0 -180 0 -0 0 0 0.770335 -109.249 0 0 0 -180 0 -180 0 -180
inside=1 lambda=0.647 phi=45 theta=45
0 -0 0 -180 0 0 0 0 0.159882 -176.975 0 0 0 -0 0 -180 0 0
0 -0 0 0 0 -180 0 -180 0.819798 -109.496 0 -180 0 -0 0 0 0 -180
0 -0 0 -0 0 -180 0 -180 0.0963493 1.32521 0 0 0 180 0 0 0 0
0 -180 0 -0 0 0 0 0 0.100137 -103.497 0 -180 0 180 0 180 0 -180
0 -0 0 -180 0 180 0 -0 0.0963493 1.32521 0 0 0 -180 0 0 0 0
0 -180 0 0 0 180 0 -0 0.100137 -103.497 0 180 0 0 0 -180 0 -180
0 -0 0 0 0 -0 0 -180 0.159882 -176.975 0 -180 0 0 0 0 0 0
0 -0 0 -180 0 -0 0 0 0.819798 -109.496 0 0 0 -180 0 -180 0 -180
