RSoft_BSDF_File_Version 2
1 0 5 2 1 0.64
0.3 0.3
-1 1
-1 1
1 0.647 0.647
10 0 45 0.5
4 0 45
Begin_Dispersion_Data
0.647 1.45662 0 1 0 0
End_Dispersion_Data
inside=0 lambda=0.647 phi=0 theta=0
0 -180 0 -180 0 -180 0 0 0.182384 4.61179 0 0 0 -180 0 -180 0 -180
0 180 0 180 0 180 0 -0 1.18666 12.8727 0 -0 0 180 0 180 0 180
0 -180 0 0 0 0 0 -0 5.83262e-13 40.6022 0 -0 0 0 0 0 0 -180
0 180 0 -0 0 -0 0 180 1.64826e-12 -53.9579 0 180 0 -0 0 -0 0 180
0 -180 0 -180 0 0 0 0 2.76386e-13 -0.0446333 0 0 0 0 0 -180 0 -180
0 180 0 -0 0 -0 0 0 1.34272e-12 -61.9749 0 -180 0 -0 0 -0 0 180
0 -180 0 0 0 -180 0 -180 0.182384 4.61179 0 -180 0 -180 0 0 0 -180
0 180 0 -0 0 180 0 180 1.18666 12.8727 0 180 0 180 0 -0 0 180
inside=0 lambda=0.647 phi=0 theta=15
0 -180 0 -180 0 -180 0 0 0.182384 4.61179 0 0 0 -180 0 -180 0 -180
0 180 0 180 0 180 0 -0 1.18666 12.8727 0 -0 0 180 0 180 0 180
0 -180 0 0 0 0 0 -0 5.83262e-13 40.6022 0 -0 0 0 0 0 0 -180
0 180 0 -0 0 -0 0 180 1.64826e-12 -53.9579 0 180 0 -0 0 -0 0 180
0 -180 0 -180 0 0 0 0 2.76386e-13 -0.0446333 0 0 0 0 0 -180 0 -180
0 180 0 -0 0 -0 0 0 1.34272e-12 -61.9749 0 -180 0 -0 0 -0 0 180
0 -180 0 0 0 -180 0 -180 0.182384 4.61179 0 -180 0 -180 0 0 0 -180
0 180 0 -0 0 180 0 180 1.18666 12.8727 0 180 0 180 0 -0 0 180
inside=0 lambda=0.647 phi=0 theta=30
0 -180 0 -180 0 -180 0 0 0.182384 4.61179 0 0 0 -180 0 -180 0 -180
0 180 0 180 0 180 0 -0 1.18666 12.8727 0 -0 0 180 0 180 0 180
0 -180 0 0 0 0 0 -0 5.83262e-13 40.6022 0 -0 0 0 0 0 0 -180
0 180 0 -0 0 -0 0 180 1.64826e-12 -53.9579 0 180 0 -0 0 -0 0 180
0 -180 0 -180 0 0 0 0 2.76386e-13 -0.0446333 0 0 0 0 0 -180 0 -180
0 180 0 -0 0 -0 0 0 1.34272e-12 -61.9749 0 -180 0 -0 0 -0 0 180
0 -180 0 0 0 -180 0 -180 0.182384 4.61179 0 -180 0 -180 0 0 0 -180
0 180 0 -0 0 180 0 180 1.18666 12.8727 0 180 0 180 0 -0 0 180
inside=0 lambda=0.647 phi=0 theta=45
0 -180 0 -180 0 -180 0 0 0.182384 4.61179 0 0 0 -180 0 -180 0 -180
0 180 0 180 0 180 0 -0 1.18666 12.8727 0 -0 0 180 0 180 0 180
0 -180 0 0 0 0 0 -0 5.83262e-13 40.6022 0 -0 0 0 0 0 0 -180
0 180 0 -0 0 -0 0 180 1.64826e-12 -53.9579 0 180 0 -0 0 -0 0 180
0 -180 0 -180 0 0 0 0 2.76386e-13 -0.0446333 0 0 0 0 0 -180 0 -180
0 180 0 -0 0 -0 0 0 1.34272e-12 -61.9749 0 -180 0 -0 0 -0 0 180
0 -180 0 0 0 -180 0 -180 0.182384 4.61179 0 -180 0 -180 0 0 0 -180
0 180 0 -0 0 180 0 180 1.18666 12.8727 0 180 0 180 0 -0 0 180
inside=0 lambda=0.647 phi=5 theta=0
0 -180 0 -180 0 -180 0 0 0.18118 4.09536 0 0 0 -180 0 -180 0 -180
0 -180 0 180 0 180 0 -0 1.18437 10.2162 0 -0 0 -180 0 180 0 180
0 -180 0 -0 0 0 0 180 3.33093e-13 145.43 0 -180 0 0 0 180 0 -180
0 180 0 180 0 -0 0 -0 1.44296e-12 -87.035 0 -0 0 -0 0 -0 0 180
0 -180 0 -180 0 0 0 -180 4.68947e-13 -14.9117 0 -0 0 0 0 0 0 -180
0 180 0 180 0 -0 0 0 1.47014e-12 -62.5536 0 180 0 -0 0 -0 0 180
0 -180 0 0 0 -180 0 -180 0.18531 4.01325 0 -180 0 -180 0 0 0 -180
0 180 0 -0 0 180 0 180 1.18856 10.1395 0 180 0 180 0 -0 0 180
inside=0 lambda=0.647 phi=5 theta=15
0 -180 0 -180 0 -180 0 0 0.181457 4.08974 0 0 0 -180 0 -180 0 -180
0 -180 0 180 0 180 0 -0 1.18465 10.211 0 -0 0 -180 0 180 0 180
0 -180 0 -0 0 0 0 -180 0.00103148 -179.032 0 0 0 0 0 180 0 -180
0 180 0 180 0 -0 0 180 0.00116081 164.624 0 -0 0 -0 0 -0 0 180
0 -180 0 -180 0 0 0 -0 0.0010315 -179.036 0 180 0 0 0 0 0 -180
0 180 0 180 0 -0 0 180 0.00116013 164.672 0 -0 0 -0 0 -0 0 180
0 -180 0 0 0 -180 0 -180 0.185033 4.01864 0 -180 0 -180 0 0 0 -180
0 180 0 -0 0 180 0 180 1.18828 10.1446 0 180 0 180 0 -0 0 180
inside=0 lambda=0.647 phi=5 theta=30
0 -180 0 -180 0 -180 0 0 0.182213 4.07449 0 0 0 -180 0 -180 0 -180
0 180 0 180 0 180 0 -0 1.18542 10.1969 0 -0 0 -180 0 180 0 180
0 -180 0 -0 0 0 0 -180 0.00178658 -179.033 0 0 0 0 0 180 0 -180
0 180 0 180 0 -0 0 180 0.00201033 164.634 0 -0 0 -0 0 -0 0 180
0 -180 0 -180 0 0 0 -0 0.0017866 -179.035 0 180 0 0 0 0 0 -180
0 180 0 180 0 -0 0 180 0.00200965 164.662 0 -0 0 -0 0 -0 0 180
0 -180 0 0 0 -180 0 -180 0.184278 4.03344 0 -180 0 -180 0 0 0 -180
0 180 0 -0 0 180 0 180 1.18751 10.1586 0 180 0 180 0 -0 0 180
inside=0 lambda=0.647 phi=5 theta=45
0 -180 0 -180 0 -180 0 0 0.183245 4.05385 0 0 0 -180 0 -180 0 -180
0 180 0 180 0 180 0 -0 1.18647 10.1777 0 -0 0 180 0 180 0 180
0 -180 0 -0 0 0 0 -180 0.00206298 -179.034 0 0 0 0 0 180 0 -180
0 180 0 180 0 -0 0 180 0.00232093 164.648 0 -0 0 -0 0 -0 0 180
0 -180 0 -180 0 0 0 -0 0.00206298 -179.034 0 180 0 0 0 0 0 -180
0 180 0 180 0 -0 0 180 0.00232093 164.648 0 -0 0 -0 0 -0 0 180
0 -180 0 0 0 -180 0 -180 0.183245 4.05385 0 -180 0 -180 0 0 0 -180
0 180 0 -0 0 180 0 180 1.18647 10.1777 0 180 0 180 0 -0 0 180
inside=0 lambda=0.647 phi=10 theta=0
0 180 0 -180 0 -180 0 0 0.176397 2.55198 0 0 0 180 0 -180 0 -180
0 -180 0 180 0 180 0 -0 1.17748 2.21367 0 -0 0 -180 0 180 0 180
0 -180 0 -0 0 0 0 -0 1.76206e-13 167.471 0 180 0 0 0 180 0 -180
0 -180 0 0 0 -0 0 0 9.48202e-13 98.2293 0 -0 0 0 0 -180 0 180
0 -180 0 -180 0 0 0 -0 6.69799e-13 -22.4939 0 180 0 0 0 0 0 -180
0 180 0 180 0 -0 0 -0 1.22945e-12 52.0984 0 -180 0 -0 0 -0 0 180
0 -180 0 0 0 -180 0 -180 0.193385 2.08536 0 -180 0 -180 0 0 0 -180
0 180 0 -0 0 180 0 180 1.19468 1.91173 0 180 0 180 0 -0 0 180
inside=0 lambda=0.647 phi=10 theta=15
0 180 0 -180 0 -180 0 0 0.177535 2.51795 0 0 0 180 0 -180 0 -180
0 -180 0 180 0 180 0 -0 1.17863 2.19296 0 -0 0 -180 0 180 0 180
0 -180 0 -0 0 0 0 -180 0.00425274 177.928 0 0 0 0 0 180 0 -180
0 180 0 0 0 -0 0 180 0.0047448 157.104 0 -0 0 0 0 -180 0 180
0 -180 0 -180 0 0 0 -180 0.00425302 177.91 0 180 0 0 0 0 0 -180
0 180 0 180 0 -0 0 0 0.00473344 157.308 0 -180 0 -0 0 -0 0 180
0 -180 0 0 0 -180 0 -180 0.192247 2.11412 0 -180 0 -180 0 0 0 -180
0 180 0 -0 0 180 0 180 1.19352 1.93148 0 180 0 180 0 -0 0 180
inside=0 lambda=0.647 phi=10 theta=30
0 180 0 -180 0 -180 0 0 0.180644 2.42719 0 0 0 180 0 -180 0 -180
0 -180 0 180 0 180 0 -0 1.18178 2.13673 0 -0 0 -180 0 180 0 180
0 -180 0 -0 0 0 0 -180 0.00736613 177.925 0 0 0 0 0 180 0 -180
0 180 0 0 0 -0 0 180 0.00821373 157.15 0 -0 0 -0 0 -180 0 180
0 -180 0 -180 0 0 0 -0 0.00736641 177.915 0 180 0 0 0 0 0 -180
0 180 0 180 0 -0 0 0 0.00820238 157.268 0 -180 0 -0 0 -0 0 180
0 -180 0 0 0 -180 0 -180 0.189138 2.19435 0 -180 0 -180 0 0 0 -180
0 180 0 -0 0 180 0 180 1.19037 1.98577 0 180 0 180 0 -0 0 180
inside=0 lambda=0.647 phi=10 theta=45
0 -180 0 -180 0 -180 0 0 0.184891 2.30815 0 0 0 -180 0 -180 0 -180
0 180 0 180 0 180 0 -0 1.18607 2.06077 0 -0 0 180 0 180 0 180
0 -180 0 -0 0 0 0 -180 0.00850587 177.92 0 0 0 0 0 180 0 -180
0 180 0 0 0 -0 0 180 0.00947765 157.211 0 -0 0 -0 0 -180 0 180
0 -180 0 -180 0 0 0 -0 0.00850587 177.92 0 180 0 0 0 0 0 -180
0 180 0 180 0 -0 0 0 0.00947765 157.211 0 -180 0 -0 0 -0 0 180
0 -180 0 0 0 -180 0 -180 0.184891 2.30815 0 -180 0 -180 0 0 0 -180
0 180 0 -0 0 180 0 180 1.18607 2.06077 0 180 0 180 0 -0 0 180
inside=0 lambda=0.647 phi=15 theta=0
0 180 0 -180 0 -180 0 0 0.164915 0.273444 0 0 0 180 0 -180 0 -180
0 -180 0 180 0 180 0 -0 1.16565 -11.2528 0 -0 0 -180 0 180 0 180
0 180 0 -0 0 0 0 180 7.60762e-14 -24.9167 0 -0 0 -0 0 180 0 -180
0 180 0 0 0 -0 0 -180 6.4435e-13 71.8454 0 -0 0 -0 0 -180 0 180
0 -180 0 -180 0 0 0 -0 3.49399e-13 105.512 0 -180 0 0 0 0 0 -180
0 180 0 180 0 -0 0 0 6.52979e-13 88.9853 0 -0 0 -0 0 -0 0 180
0 -180 0 0 0 -180 0 -180 0.203874 -1.33732 0 -180 0 -180 0 0 0 -180
0 180 0 -0 0 180 0 180 1.20662 -11.9124 0 180 0 180 0 -0 0 180
inside=0 lambda=0.647 phi=15 theta=15
0 180 0 -180 0 -180 0 0 0.167522 0.14209 0 0 0 180 0 -180 0 -180
0 -180 0 180 0 180 0 -0 1.16839 -11.2998 0 -0 0 -180 0 180 0 180
0 180 0 -0 0 0 0 -180 0.00981031 172.775 0 0 0 -0 0 180 0 -180
0 180 0 0 0 -0 0 180 0.0111983 144.657 0 -0 0 -0 0 -180 0 180
0 -180 0 -180 0 0 0 -180 0.0098111 172.724 0 180 0 0 0 0 0 -180
0 180 0 180 0 -0 0 0 0.0111387 145.157 0 -180 0 -0 0 -0 0 180
0 -180 0 0 0 -180 0 -180 0.201264 -1.24812 0 -180 0 -180 0 0 0 -180
0 180 0 -0 0 180 0 180 1.20387 -11.8709 0 180 0 180 0 -0 0 180
inside=0 lambda=0.647 phi=15 theta=30
0 180 0 -180 0 -180 0 0 0.174647 -0.196128 0 0 0 180 0 -180 0 -180
0 180 0 180 0 180 0 -0 1.17587 -11.426 0 -0 0 -180 0 180 0 180
0 180 0 -0 0 0 0 -180 0.0169933 172.769 0 0 0 -0 0 180 0 -180
0 180 0 0 0 -0 0 180 0.0193697 144.782 0 -0 0 -0 0 -180 0 180
0 -180 0 -180 0 0 0 -180 0.0169941 172.74 0 180 0 0 0 0 0 -180
0 180 0 180 0 -0 0 0 0.0193105 145.07 0 -180 0 -0 0 -0 0 180
0 -180 0 0 0 180 0 -180 0.194131 -0.993344 0 -180 0 -180 0 0 0 -180
0 180 0 -0 0 180 0 180 1.19635 -11.7556 0 180 0 180 0 -0 0 180
inside=0 lambda=0.647 phi=15 theta=45
0 180 0 -180 0 -180 0 0 0.184387 -0.615377 0 0 0 180 0 -180 0 -180
0 180 0 180 0 180 0 -0 1.1861 -11.5935 0 -0 0 180 0 180 0 180
0 -180 0 -0 0 0 0 -180 0.0196232 172.757 0 0 0 -0 0 180 0 -180
0 180 0 0 0 -0 0 180 0.0223296 144.935 0 -0 0 -0 0 -180 0 180
0 -180 0 -180 0 -0 0 -0 0.0196232 172.757 0 180 0 0 0 0 0 -180
0 180 0 180 0 -0 0 0 0.0223296 144.935 0 -180 0 -0 0 -0 0 180
0 180 0 0 0 180 0 -180 0.184387 -0.615377 0 -180 0 -180 0 0 0 -180
0 180 0 -0 0 180 0 180 1.1861 -11.5935 0 180 0 180 0 -0 0 180
inside=0 lambda=0.647 phi=20 theta=0
0 180 0 -180 0 -180 0 -0 0.144041 -1.36443 0 0 0 180 0 -180 0 -180
0 180 0 180 0 180 0 -0 1.14724 -30.428 0 -0 0 180 0 180 0 180
0 180 0 -0 0 0 0 180 2.26148e-13 8.64072 0 -0 0 -0 0 180 0 -180
0 180 0 0 0 -0 0 -180 5.41433e-13 68.4238 0 180 0 -0 0 -180 0 180
0 -180 0 -180 0 0 0 180 1.32482e-13 13.7752 0 -0 0 0 0 0 0 -180
0 180 0 180 0 -0 0 -180 2.58372e-13 33.9946 0 -180 0 -0 0 -0 0 180
0 -180 0 0 0 -180 0 -180 0.210765 -5.68189 0 -180 0 -180 0 0 0 -180
0 180 0 -0 0 180 0 180 1.22821 -31.5869 0 180 0 180 0 -0 0 180
inside=0 lambda=0.647 phi=20 theta=15
0 180 0 -180 0 -180 0 -0 0.148479 -1.77625 0 0 0 180 0 -180 0 -180
0 180 0 180 0 180 0 -0 1.15263 -30.5166 0 -0 0 180 0 180 0 180
0 180 0 -0 0 0 0 -180 0.0170328 166.36 0 0 0 -0 0 180 0 -180
0 180 0 0 0 -0 0 180 0.0218736 126.751 0 -0 0 -0 0 -180 0 180
0 -180 0 -180 0 0 0 -180 0.0170295 166.238 0 180 0 0 0 0 0 -180
0 180 0 180 0 -0 0 0 0.0216784 127.711 0 -180 0 -0 0 -0 0 180
0 -180 0 0 0 -180 0 -180 0.20629 -5.47592 0 -180 0 -180 0 0 0 -180
0 180 0 -0 0 180 0 180 1.22275 -31.5195 0 180 0 180 0 -0 0 180
inside=0 lambda=0.647 phi=20 theta=30
0 180 0 -180 0 -180 0 -0 0.160644 -2.77939 0 0 0 180 0 -180 0 -180
0 180 0 180 0 180 0 -0 1.16739 -30.7498 0 -0 0 180 0 180 0 180
0 180 0 -0 0 0 0 -180 0.029509 166.352 0 0 0 -0 0 180 0 -180
0 180 0 0 0 -0 0 180 0.0377853 127.021 0 -0 0 -0 0 -180 0 180
0 -180 0 -180 0 -0 0 -180 0.029506 166.283 0 180 0 0 0 0 0 -180
0 180 0 180 0 -0 0 0 0.0375946 127.569 0 -180 0 -0 0 -0 0 180
0 180 0 0 0 180 0 -180 0.194051 -4.87136 0 -180 0 -180 0 0 0 -180
0 180 0 -0 0 180 0 180 1.20787 -31.3281 0 180 0 180 0 -0 0 180
inside=0 lambda=0.647 phi=20 theta=45
0 180 0 -180 0 -180 0 0 0.177329 -3.92188 0 0 0 180 0 -180 0 -180
0 180 0 180 0 180 0 -0 1.1876 -31.0492 0 -0 0 180 0 180 0 180
0 180 0 -180 0 0 0 -180 0.0340771 166.327 0 0 0 -0 0 180 0 -180
0 180 0 0 0 -0 0 180 0.0435054 127.327 0 -0 0 -0 0 -180 0 180
0 180 0 -180 0 -0 0 -180 0.0340771 166.327 0 180 0 0 0 0 0 -180
0 180 0 180 0 -0 0 0 0.0435054 127.327 0 -180 0 -0 0 -0 0 180
0 180 0 0 0 180 0 -180 0.177329 -3.92188 0 -180 0 -180 0 0 0 -180
0 180 0 -0 0 180 0 180 1.1876 -31.0492 0 180 0 180 0 -0 0 180
inside=0 lambda=0.647 phi=25 theta=0
0 180 0 180 0 -180 0 -0 0.117689 0.363927 0 0 0 180 0 180 0 -180
0 180 0 180 0 0 0 -0 1.1176 -55.6985 0 -180 0 180 0 180 0 0
0 180 0 -0 0 0 0 -0 1.19332e-13 -17.525 0 -0 0 -0 0 180 0 -180
0 180 0 0 0 -180 0 180 4.05985e-14 74.4316 0 180 0 -0 0 -180 0 0
0 -180 0 -180 0 0 0 180 7.27898e-14 -174.484 0 -0 0 0 0 0 0 -180
0 180 0 180 0 -0 0 -180 1.03716e-13 -102.9 0 180 0 -0 0 -0 0 180
0 -180 0 0 0 -180 0 -180 0.20662 -7.74091 0 -180 0 -180 0 0 0 -180
0 180 0 -0 0 180 0 180 1.26635 -57.7297 0 180 0 180 0 -0 0 180
inside=0 lambda=0.647 phi=25 theta=15
0 180 0 180 0 -180 0 -0 0.123521 -0.560209 0 0 0 180 0 180 0 -180
0 180 0 180 0 0 0 -0 1.12747 -55.8745 0 -180 0 180 0 180 0 0
0 180 0 -0 0 0 0 -180 0.0231936 163.512 0 0 0 -0 0 180 0 -180
0 180 0 0 0 -180 0 180 0.0400457 101.424 0 -180 0 -0 0 -180 0 0
0 -180 0 -180 0 0 0 -180 0.0231516 163.262 0 180 0 0 0 0 0 -180
0 180 0 180 0 -0 0 0 0.039506 102.958 0 -180 0 -0 0 -0 0 180
0 -180 0 0 0 180 0 -180 0.200703 -7.41102 0 -180 0 -180 0 0 0 -180
0 180 0 -0 0 180 0 180 1.25626 -57.6289 0 180 0 180 0 -0 0 180
inside=0 lambda=0.647 phi=25 theta=30
0 180 0 -180 0 -180 0 -0 0.139662 -2.64635 0 0 0 180 0 180 0 -180
0 180 0 180 0 0 0 -0 1.1545 -56.3189 0 -180 0 180 0 180 0 0
0 180 0 -0 0 0 0 -180 0.0402124 163.512 0 0 0 -0 0 180 0 -180
0 180 0 0 0 -180 0 180 0.0690114 101.926 0 -180 0 -0 0 -180 0 0
0 180 0 -180 0 -0 0 -180 0.040173 163.375 0 180 0 0 0 0 0 -180
0 180 0 180 0 -0 0 0 0.0685079 102.788 0 -180 0 -180 0 -180 0 0
0 180 0 0 0 180 0 -180 0.184388 -6.42328 0 -180 0 -180 0 0 0 -180
0 180 0 -0 0 180 0 180 1.22882 -57.3267 0 180 0 0 0 -180 0 0
inside=0 lambda=0.647 phi=25 theta=45
0 180 0 -180 0 -180 0 -0 0.161982 -4.79001 0 0 0 180 0 180 0 -180
0 180 0 180 0 0 0 -0 1.19156 -56.8566 0 -180 0 180 0 180 0 0
0 180 0 -180 0 0 0 -180 0.046439 163.468 0 0 0 -0 0 180 0 -180
0 180 0 0 0 -180 0 180 0.0793266 102.435 0 -180 0 -0 0 -180 0 0
0 180 0 -180 0 -0 0 -180 0.046439 163.468 0 180 0 0 0 0 0 -180
0 180 0 180 0 -0 0 0 0.0793266 102.435 0 -180 0 -180 0 -180 0 0
0 180 0 -0 0 180 0 -180 0.161982 -4.79001 0 180 0 -180 0 0 0 -180
0 180 0 -0 0 180 0 180 1.19156 -56.8566 0 180 0 0 0 -180 0 0
inside=0 lambda=0.647 phi=30 theta=0
0 180 0 180 0 -180 0.0221153 -99.3029 0.0936022 2.11012 0 0 0 180 0 180 0 -180
0 180 0 180 0 0 0 -0 1.06769 -87.5748 0 -180 0 180 0 180 0 0
0 180 0 -0 0 0 2.31123e-13 -33.0843 7.9353e-14 -47.9145 0 180 0 -0 0 180 0 -180
0 180 0 -0 0 -180 0 -0 3.94247e-13 -2.20377 0 -0 0 -0 0 180 0 0
0 -180 0 -180 0 0 6.83149e-14 42.402 1.70758e-13 -17.5832 0 -0 0 0 0 0 0 -180
0 0 0 0 0 -180 0 180 8.19809e-14 -22.0756 0 0 0 -180 0 -180 0 0
0 -180 0 0 0 -180 0.0809327 -126.471 0.206864 1.0585 0 -180 0 -180 0 0 0 -180
0 0 0 -180 0 0 0 0 1.32642 -91.6833 0 0 0 0 0 -180 0 0
inside=0 lambda=0.647 phi=30 theta=15
0 180 0 180 0 -180 0 -0 0.101918 1.48905 0 0 0 180 0 180 0 -180
0 180 0 180 0 0 0 -0 1.08576 -88.0001 0 -180 0 180 0 180 0 0
0 180 0 -0 0 0 0 -180 0.0293108 -177.772 0 0 0 -0 0 180 0 -180
0 180 0 -0 0 -180 0 180 0.0712708 65.7086 0 -180 0 -0 0 180 0 0
0 -180 0 -180 0 -0 0 -180 0.0290935 -178.038 0 180 0 0 0 0 0 -180
0 0 0 0 0 -0 0 -0 0.0694286 67.8141 0 180 0 -180 0 -180 0 0
0 180 0 0 0 180 0 -180 0.200051 1.24251 0 -180 0 -180 0 0 0 -180
0 0 0 -180 0 180 0 0 1.30951 -91.5374 0 0 0 0 0 -180 0 0
inside=0 lambda=0.647 phi=30 theta=30
0 180 0 180 0 -180 0 -0 0.12265 1.17844 0 0 0 180 0 180 0 -180
0 180 0 180 0 0 0 -0 1.13233 -89.02 0 -180 0 180 0 180 0 0
0 180 0 -0 0 0 0 -180 0.0510976 -177.838 0 0 0 -0 0 180 0 -180
0 180 0 -0 0 -180 0 180 0.121833 66.5474 0 -180 0 -0 0 180 0 0
0 180 0 -180 0 -0 0 -180 0.0509108 -177.955 0 180 0 0 0 0 0 -180
0 180 0 0 0 -0 0 -0 0.120376 67.7181 0 180 0 -180 0 -180 0 0
0 180 0 -0 0 180 0 -180 0.180041 1.20668 0 -180 0 -180 0 0 0 -180
0 180 0 -0 0 180 0 0 1.26132 -91.0305 0 180 0 0 0 -180 0 0
inside=0 lambda=0.647 phi=30 theta=45
0 180 0 -180 0 -180 0 -0 0.1515 1.17832 0 0 0 180 0 180 0 -180
0 180 0 180 0 0 0 -0 1.19647 -90.1347 0 -180 0 180 0 180 0 0
0 180 0 -180 0 0 0 -180 0.0590296 -177.894 0 0 0 -0 0 180 0 -180
0 180 0 -0 0 -180 0 180 0.13953 67.2881 0 -180 0 -0 0 180 0 0
0 180 0 -180 0 -0 0 -180 0.0590296 -177.894 0 180 0 0 0 0 0 -180
0 180 0 180 0 -0 0 -0 0.13953 67.2881 0 180 0 -180 0 -180 0 0
0 180 0 -0 0 180 0 -180 0.1515 1.17832 0 180 0 -180 0 0 0 -180
0 180 0 -0 0 180 0 180 1.19647 -90.1347 0 180 0 0 0 -180 0 0
inside=0 lambda=0.647 phi=35 theta=0
0 180 0 180 0 -180 0.0720669 -95.9801 0.0371134 -39.0479 0 0 0 180 0 180 0 -180
0 180 0 180 0 -0 0 -180 0.982821 -127.377 0 180 0 180 0 180 0 -0
0 180 0 -0 0 0 2.60023e-13 -18.1757 2.45821e-13 61.7022 0 0 0 -0 0 180 0 -180
0 180 0 -0 0 180 0 -0 6.57282e-13 170.213 0 180 0 -0 0 180 0 -0
0 -180 0 -180 0 0 3.61251e-13 56.8111 6.97457e-13 -75.6644 0 180 0 0 0 0 0 -180
0 0 0 0 0 -180 0 -0 4.4695e-13 177.479 0 0 0 -180 0 -180 0 0
0 -180 0 0 0 -180 0.106748 -107.114 0.310126 11.9276 0 -180 0 -180 0 0 0 -180
0 0 0 -180 0 0 0 0 1.39635 -135.625 0 0 0 0 0 -180 0 0
inside=0 lambda=0.647 phi=35 theta=15
0 180 0 180 0 -180 0.0538878 -101.426 0.0523592 -20.9595 0 0 0 180 0 180 0 -180
0 180 0 180 0 -0 0 -180 1.01082 -128.365 0 180 0 180 0 180 0 -0
0 180 0 -0 0 0 0.00398216 100.894 0.0722826 -160.794 0 0 0 -0 0 180 0 -180
0 180 0 -0 0 180 0 0 0.119746 19.4865 0 180 0 -0 0 180 0 -0
0 -180 0 -180 0 -0 0.0275852 -130.022 0.0721882 -161.121 0 180 0 0 0 0 0 -180
0 0 0 0 0 -180 0 -0 0.114331 21.8927 0 180 0 -180 0 -180 0 0
0 180 0 0 0 180 0.0936475 -116.131 0.291844 11.5918 0 -180 0 -180 0 0 0 -180
0 0 0 -180 0 0 0 0 1.36821 -135.408 0 0 0 0 0 -180 0 0
inside=0 lambda=0.647 phi=35 theta=30
0 180 0 180 0 -180 0 -0 0.101213 -3.10395 0 0 0 180 0 180 0 -180
0 180 0 180 0 -0 0 -180 1.08708 -130.664 0 180 0 180 0 180 0 -0
0 180 0 -0 0 0 0 -180 0.126862 -160.447 0 0 0 -0 0 180 0 -180
0 180 0 -0 0 180 0 0 0.202077 20.1413 0 180 0 -0 0 180 0 -0
0 180 0 180 0 -0 0 -180 0.126569 -160.516 0 180 0 0 0 0 0 -180
0 0 0 0 0 -180 0 -0 0.197002 21.7766 0 180 0 -180 0 -180 0 -0
0 180 0 -0 0 180 0 -180 0.24134 10.0177 0 180 0 -180 0 0 0 -180
0 0 0 -180 0 0 0 0 1.29267 -134.592 0 0 0 0 0 180 0 -0
inside=0 lambda=0.647 phi=35 theta=45
0 180 0 -180 0 -180 0 -0 0.170467 5.95355 0 0 0 180 0 180 0 -180
0 180 0 0 0 -0 0 -180 1.18873 -132.961 0 180 0 180 0 180 0 -0
0 180 0 -180 0 0 0 180 0.146777 -160.592 0 0 0 -0 0 180 0 -180
0 0 0 -0 0 180 0 0 0.229019 21.2514 0 180 0 -180 0 180 0 -0
0 180 0 180 0 -0 0 -180 0.146777 -160.592 0 180 0 0 0 0 0 -180
0 0 0 0 0 -180 0 -0 0.229019 21.2514 0 180 0 180 0 180 0 -0
0 180 0 -0 0 180 0 -180 0.170467 5.95355 0 180 0 -180 0 0 0 -180
0 180 0 -180 0 180 0 0 1.18873 -132.961 0 180 0 -0 0 180 0 -0
inside=0 lambda=0.647 phi=40 theta=0
0 180 0 180 0 -180 0.144568 -99.609 0.204236 159.985 0 0 0 180 0 180 0 -180
0 0 0 0 0 -0 0 -180 0.787646 -177.74 0 180 0 0 0 0 0 -0
0 180 0 -0 0 0 4.77543e-13 179.923 2.32815e-12 19.5738 0 0 0 -0 0 180 0 -180
0 0 0 -180 0 180 0 -0 5.33698e-13 -128.824 0 -0 0 -180 0 0 0 -0
0 -180 0 -180 0 0 3.58791e-13 -115.375 7.49675e-13 -143.635 0 -180 0 0 0 0 0 -180
0 -0 0 -0 0 180 0 180 2.9389e-12 90.2671 0 180 0 180 0 180 0 -0
0 -180 0 0 0 -180 0.132383 -101.155 0.512017 -5.24145 0 -180 0 -180 0 0 0 -180
0 -0 0 180 0 -0 0 -0 1.51805 170.389 0 -0 0 -0 0 180 0 -0
inside=0 lambda=0.647 phi=40 theta=15
0 180 0 180 0 -180 0.110225 -107.345 0.152369 159.518 0 0 0 180 0 180 0 -180
0 0 0 0 0 -0 0 -180 0.839312 179.695 0 180 0 0 0 0 0 -0
0 180 0 -0 0 0 0.0189432 41.0041 0.174251 173.638 0 0 0 -0 0 180 0 -180
0 0 0 -180 0 180 0 0 0.209319 -31.3853 0 180 0 -180 0 0 0 -0
0 180 0 180 0 -0 0.0485139 -128.882 0.175137 172.837 0 180 0 0 0 0 0 -180
0 0 0 0 0 -180 0 -0 0.193949 -25.581 0 0 0 180 0 180 0 -0
0 180 0 -0 0 180 0.108144 -109.408 0.464249 -4.62148 0 180 0 -180 0 0 0 -180
0 0 0 -180 0 0 0 -0 1.47119 170.077 0 -0 0 -0 0 180 0 -0
inside=0 lambda=0.647 phi=40 theta=30
0 180 0 180 0 -180 0.0368725 -122.523 0.0279015 119.313 0 0 0 180 0 180 0 -180
0 0 0 0 0 -0 0 -180 0.976499 175.244 0 180 0 0 0 0 0 -0
0 180 0 -180 0 0 0.00802488 -28.1605 0.304577 174.403 0 0 0 -0 0 180 0 -180
0 0 0 -0 0 180 0 0 0.348163 -29.3559 0 180 0 -180 0 0 0 -0
0 180 0 180 0 -0 0.0435421 -151.187 0.304304 173.995 0 180 0 0 0 0 0 -180
0 0 0 0 0 -180 0 -0 0.334013 -26.3247 0 0 0 180 0 180 0 -0
0 180 0 -0 0 180 0.0712104 -137.972 0.334534 -3.53856 0 180 0 -180 0 0 0 -180
0 0 0 -180 0 0 0 0 1.33989 170.352 0 0 0 -0 0 180 0 -0
inside=0 lambda=0.647 phi=40 theta=45
0 180 0 180 0 -180 0 -0 0.158416 -0.0603535 0 0 0 180 0 180 0 -180
0 0 0 0 0 -0 0 -180 1.15837 171.907 0 180 0 0 0 0 0 -0
0 180 0 -180 0 0 0 180 0.353928 174.196 0 0 0 -0 0 180 0 -180
0 0 0 -0 0 180 0 0 0.389327 -27.3552 0 180 0 -180 0 0 0 -0
0 180 0 180 0 -0 0 -180 0.353928 174.196 0 180 0 0 0 0 0 -180
0 0 0 0 0 -180 0 -0 0.389327 -27.3552 0 0 0 180 0 180 0 -0
0 180 0 -0 0 180 0 180 0.158416 -0.0603535 0 180 0 -180 0 0 0 -180
0 0 0 -180 0 0 0 0 1.15837 171.907 0 0 0 -0 0 180 0 -0
inside=0 lambda=0.647 phi=45 theta=0
0 -180 0 180 0 -0 0.667259 -53.0588 0.709417 -9.80301 0 180 0 -180 0 180 0 -0
0 -0 0 -0 0 180 0 180 0 180 0 -0 0 -0 0 -0 0 180
0 -180 0 -0 0 180 1.69228e-13 -158.052 5.28443e-13 4.07011 0 0 0 0 0 180 0 -0
0 -0 0 180 0 -0 0 -0 0 -0 0 -180 0 180 0 -0 0 180
0 -180 0 -180 0 0 2.41235e-12 -98.7061 5.90838e-12 -91.4694 0 -180 0 0 0 0 0 -180
0 -180 0 -180 0 0 0 0 0 0 0 -180 0 0 0 0 0 -180
0 -180 0 0 0 -180 0.345732 -106.047 0.944913 13.945 0 -180 0 -180 0 0 0 -180
0 -180 0 0 0 -180 0 -180 0 0 0 -180 0 -180 0 0 0 -180
inside=0 lambda=0.647 phi=45 theta=15
0 180 0 180 0 -0 0.485173 -74.4669 0.810169 -35.4977 0 180 0 180 0 180 0 -0
0 -0 0 -0 0 180 0 180 0 180 0 -0 0 -0 0 -0 0 180
0 180 0 -0 0 180 0.127953 117.288 0.166402 -111.246 0 180 0 -0 0 180 0 -0
0 -0 0 180 0 -0 0 -0 0 180 0 -0 0 180 0 -0 0 180
0 -180 0 180 0 -0 0.141347 -95.6439 0.174973 -113.996 0 180 0 0 0 0 0 -180
0 -0 0 -0 0 180 0 180 0 180 0 -0 0 -0 0 -0 0 180
0 180 0 -0 0 180 0.217768 -124.829 0.958033 6.20846 0 -180 0 -180 0 0 0 -180
0 -0 0 180 0 -0 0 -180 0 0 0 -180 0 180 0 -0 0 180
inside=0 lambda=0.647 phi=45 theta=30
0 180 0 180 0 -0 0.164145 -108.812 0.829354 -49.619 0 180 0 180 0 180 0 -0
0 -0 0 -0 0 180 0 180 0 180 0 -0 0 -0 0 -0 0 180
0 180 0 -0 0 180 0.0984439 99.4427 0.486795 -121.433 0 180 0 -0 0 180 0 -0
0 -0 0 180 0 -0 0 -0 0 180 0 -0 0 180 0 -0 0 180
0 180 0 180 0 -0 0.113896 -135.173 0.485896 -122.105 0 180 0 0 0 0 0 -0
0 -0 0 -0 0 180 0 180 0 180 0 -0 0 -0 0 -0 0 180
0 180 0 -0 0 180 0.101266 -169.889 0.864466 -11.163 0 180 0 -180 0 180 0 -0
0 -0 0 180 0 -0 0 -0 0 0 0 -0 0 180 0 -0 0 180
inside=0 lambda=0.647 phi=45 theta=45
0 180 0 180 0 -0 0 -0 0.778547 -35.6819 0 180 0 180 0 180 0 -0
0 -0 0 -0 0 180 0 180 0 0 0 -0 0 -0 0 -0 0 180
0 180 0 -0 0 180 0 180 0.627587 -125.682 0 180 0 -0 0 180 0 -0
0 -0 0 180 0 -0 0 -0 0 180 0 -0 0 180 0 -0 0 180
0 180 0 180 0 -0 0 -0 0.627587 -125.682 0 180 0 180 0 180 0 -0
0 -0 0 -0 0 180 0 180 0 180 0 -0 0 -0 0 -0 0 180
0 180 0 -0 0 180 0 180 0.778547 -35.6819 0 180 0 -0 0 180 0 -0
0 -0 0 180 0 -0 0 -0 0 0 0 -0 0 180 0 -0 0 180
inside=1 lambda=0.647 phi=0 theta=0
0 -180 0 -180 0 -180 0 0 0.182384 -158.866 0 0 0 -180 0 -180 0 -180
0 180 0 180 0 180 0 -0 0.814669 12.8727 0 -0 0 180 0 180 0 180
0 -180 0 -180 0 0 0 180 1.23777e-12 -25.7323 0 180 0 0 0 -180 0 -180
0 180 0 -180 0 -0 0 -180 4.59362e-13 44.186 0 180 0 -0 0 -180 0 180
0 -180 0 0 0 0 0 -180 3.43256e-13 -64.5982 0 180 0 0 0 0 0 -180
0 180 0 -180 0 -0 0 180 7.80046e-13 106.825 0 -180 0 -0 0 -180 0 180
0 -180 0 0 0 -180 0 -180 0.182384 -158.866 0 -180 0 -180 0 0 0 -180
0 180 0 -0 0 180 0 180 0.814669 12.8727 0 180 0 180 0 -0 0 180
inside=1 lambda=0.647 phi=0 theta=15
0 -180 0 -180 0 -180 0 0 0.182384 -158.866 0 0 0 -180 0 -180 0 -180
0 180 0 180 0 180 0 -0 0.814669 12.8727 0 -0 0 180 0 180 0 180
0 -180 0 -180 0 0 0 180 1.23777e-12 -25.7323 0 180 0 0 0 -180 0 -180
0 180 0 -180 0 -0 0 -180 4.59362e-13 44.186 0 180 0 -0 0 -180 0 180
0 -180 0 0 0 0 0 -180 3.43256e-13 -64.5982 0 180 0 0 0 0 0 -180
0 180 0 -180 0 -0 0 180 7.80046e-13 106.825 0 -180 0 -0 0 -180 0 180
0 -180 0 0 0 -180 0 -180 0.182384 -158.866 0 -180 0 -180 0 0 0 -180
0 180 0 -0 0 180 0 180 0.814669 12.8727 0 180 0 180 0 -0 0 180
inside=1 lambda=0.647 phi=0 theta=30
0 -180 0 -180 0 -180 0 0 0.182384 -158.866 0 0 0 -180 0 -180 0 -180
0 180 0 180 0 180 0 -0 0.814669 12.8727 0 -0 0 180 0 180 0 180
0 -180 0 -180 0 0 0 180 1.23777e-12 -25.7323 0 180 0 0 0 -180 0 -180
0 180 0 -180 0 -0 0 -180 4.59362e-13 44.186 0 180 0 -0 0 -180 0 180
0 -180 0 0 0 0 0 -180 3.43256e-13 -64.5982 0 180 0 0 0 0 0 -180
0 180 0 -180 0 -0 0 180 7.80046e-13 106.825 0 -180 0 -0 0 -180 0 180
0 -180 0 0 0 -180 0 -180 0.182384 -158.866 0 -180 0 -180 0 0 0 -180
0 180 0 -0 0 180 0 180 0.814669 12.8727 0 180 0 180 0 -0 0 180
inside=1 lambda=0.647 phi=0 theta=45
0 -180 0 -180 0 -180 0 0 0.182384 -158.866 0 0 0 -180 0 -180 0 -180
0 180 0 180 0 180 0 -0 0.814669 12.8727 0 -0 0 180 0 180 0 180
0 -180 0 -180 0 0 0 180 1.23777e-12 -25.7323 0 180 0 0 0 -180 0 -180
0 180 0 -180 0 -0 0 -180 4.59362e-13 44.186 0 180 0 -0 0 -180 0 180
0 -180 0 0 0 0 0 -180 3.43256e-13 -64.5982 0 180 0 0 0 0 0 -180
0 180 0 -180 0 -0 0 180 7.80046e-13 106.825 0 -180 0 -0 0 -180 0 180
0 -180 0 0 0 -180 0 -180 0.182384 -158.866 0 -180 0 -180 0 0 0 -180
0 180 0 -0 0 180 0 180 0.814669 12.8727 0 180 0 180 0 -0 0 180
inside=1 lambda=0.647 phi=5 theta=0
0 -180 0 -180 0 -180 0 0 0.181842 -161.123 0 0 0 -180 0 -180 0 -180
0 180 0 180 0 180 0 -0 0.815576 11.623 0 -0 0 180 0 180 0 180
0 -180 0 -0 0 0 0 -0 6.09334e-13 -67.7679 0 -0 0 0 0 180 0 -180
0 180 0 180 0 -0 0 180 1.317e-12 103.666 0 180 0 -0 0 -0 0 180
0 -180 0 -180 0 0 0 -0 4.78449e-13 -62.707 0 180 0 0 0 0 0 -180
0 180 0 180 0 -0 0 -0 1.37916e-12 100.599 0 -0 0 -0 0 -0 0 180
0 -180 0 0 0 -180 0 -180 0.183774 -161.16 0 -180 0 -180 0 0 0 -180
0 180 0 -0 0 180 0 180 0.813633 11.5868 0 180 0 180 0 -0 0 180
inside=1 lambda=0.647 phi=5 theta=15
0 -180 0 -180 0 -180 0 0 0.181972 -161.126 0 0 0 -180 0 -180 0 -180
0 180 0 180 0 180 0 -0 0.815445 11.6206 0 -0 0 180 0 180 0 180
0 -180 0 -0 0 0 0 -180 0.000484196 13.1036 0 0 0 0 0 180 0 -180
0 180 0 180 0 -0 0 180 0.000511707 30.0345 0 -0 0 -0 0 -0 0 180
0 -180 0 -180 0 0 0 -0 0.000484191 13.1187 0 180 0 0 0 0 0 -180
0 180 0 180 0 -0 0 180 0.000511635 30.0203 0 -0 0 -0 0 -0 0 180
0 -180 0 0 0 -180 0 -180 0.183644 -161.157 0 -180 0 -180 0 0 0 -180
0 180 0 -0 0 180 0 180 0.813763 11.5892 0 180 0 180 0 -0 0 180
inside=1 lambda=0.647 phi=5 theta=30
0 -180 0 -180 0 -180 0 0 0.182325 -161.133 0 0 0 -180 0 -180 0 -180
0 180 0 180 0 180 0 -0 0.81509 11.6139 0 -0 0 180 0 180 0 180
0 -180 0 -0 0 0 0 -180 0.000838651 13.1068 0 0 0 0 0 180 0 -180
0 180 0 180 0 -0 0 180 0.000886276 30.0314 0 -0 0 -0 0 -0 0 180
0 -180 0 -180 0 0 0 -0 0.000838646 13.1156 0 180 0 0 0 0 0 -180
0 180 0 180 0 -0 0 180 0.000886204 30.0232 0 -0 0 -0 0 -0 0 180
0 -180 0 0 0 -180 0 -180 0.183291 -161.151 0 -180 0 -180 0 0 0 -180
0 180 0 -0 0 180 0 180 0.814119 11.5958 0 180 0 180 0 -0 0 180
inside=1 lambda=0.647 phi=5 theta=45
0 -180 0 -180 0 -180 0 0 0.182808 -161.142 0 0 0 -180 0 -180 0 -180
0 180 0 180 0 180 0 -0 0.814604 11.6049 0 -0 0 180 0 180 0 180
0 -180 0 -0 0 0 0 -180 0.000968388 13.1112 0 0 0 0 0 180 0 -180
0 180 0 180 0 -0 0 180 0.00102334 30.0273 0 -0 0 -0 0 -0 0 180
0 -180 0 -180 0 0 0 -0 0.000968388 13.1112 0 180 0 0 0 0 0 -180
0 180 0 180 0 -0 0 180 0.00102334 30.0273 0 -0 0 -0 0 -0 0 180
0 -180 0 0 0 -180 0 -180 0.182808 -161.142 0 -180 0 -180 0 0 0 -180
0 180 0 -0 0 180 0 180 0.814604 11.6049 0 180 0 180 0 -0 0 180
inside=1 lambda=0.647 phi=10 theta=0
0 -180 0 -180 0 -180 0 0 0.179964 -167.867 0 0 0 -180 0 -180 0 -180
0 -180 0 180 0 180 0 -0 0.818368 7.8872 0 -0 0 -180 0 180 0 180
0 -180 0 -0 0 0 0 -0 7.66854e-14 95.8583 0 -0 0 0 0 180 0 -180
0 180 0 180 0 -0 0 180 1.60989e-13 -76.6618 0 -180 0 -0 0 -0 0 180
0 -180 0 -180 0 0 0 -180 1.7844e-13 -75.1321 0 -180 0 0 0 0 0 -180
0 180 0 180 0 -0 0 180 2.13855e-13 -98.1789 0 -180 0 -0 0 -0 0 180
0 -180 0 0 0 -180 0 -180 0.187781 -167.981 0 -180 0 -180 0 0 0 -180
0 180 0 -0 0 180 0 180 0.810517 7.74392 0 180 0 180 0 -0 0 180
inside=1 lambda=0.647 phi=10 theta=15
0 -180 0 -180 0 -180 0 0 0.180488 -167.875 0 0 0 -180 0 -180 0 -180
0 -180 0 180 0 180 0 -0 0.817841 7.87768 0 -0 0 -180 0 180 0 180
0 -180 0 -0 0 0 0 -180 0.00195761 6.99371 0 0 0 0 0 180 0 -180
0 180 0 180 0 -0 0 180 0.00206535 25.9932 0 -0 0 -0 0 -0 0 180
0 -180 0 -180 0 0 0 -0 0.00195753 7.05643 0 180 0 0 0 0 0 -180
0 180 0 180 0 -0 0 180 0.00206419 25.9361 0 -0 0 -0 0 -0 0 180
0 -180 0 0 0 -180 0 -180 0.187257 -167.974 0 -180 0 -180 0 0 0 -180
0 180 0 -0 0 180 0 180 0.811042 7.7536 0 180 0 180 0 -0 0 180
inside=1 lambda=0.647 phi=10 theta=30
0 -180 0 -180 0 -180 0 0 0.181919 -167.897 0 0 0 -180 0 -180 0 -180
0 180 0 180 0 180 0 -0 0.816404 7.85163 0 -0 0 -180 0 180 0 180
0 -180 0 -0 0 0 0 -180 0.00339065 7.00709 0 0 0 0 0 180 0 -180
0 180 0 180 0 -0 0 180 0.00357685 25.9805 0 -0 0 -0 0 -0 0 180
0 -180 0 -180 0 0 0 -0 0.00339058 7.04329 0 180 0 0 0 0 0 -180
0 180 0 180 0 -0 0 180 0.00357569 25.9475 0 -0 0 -0 0 -0 0 180
0 -180 0 0 0 -180 0 -180 0.185827 -167.954 0 -180 0 -180 0 0 0 -180
0 180 0 -0 0 180 0 180 0.812479 7.77999 0 180 0 180 0 -0 0 180
inside=1 lambda=0.647 phi=10 theta=45
0 -180 0 -180 0 -180 0 0 0.183873 -167.927 0 0 0 -180 0 -180 0 -180
0 180 0 180 0 180 0 -0 0.814441 7.81589 0 -0 0 180 0 180 0 180
0 -180 0 -0 0 0 0 -180 0.00391515 7.02525 0 0 0 0 0 180 0 -180
0 180 0 180 0 -0 0 180 0.00412951 25.9637 0 -0 0 -0 0 -0 0 180
0 -180 0 -180 0 0 0 -0 0.00391515 7.02525 0 180 0 0 0 0 0 -180
0 180 0 180 0 -0 0 180 0.00412951 25.9637 0 -0 0 -0 0 -0 0 180
0 -180 0 0 0 -180 0 -180 0.183873 -167.927 0 -180 0 -180 0 0 0 -180
0 180 0 -0 0 180 0 180 0.814441 7.81589 0 180 0 180 0 -0 0 180
inside=1 lambda=0.647 phi=15 theta=0
0 180 0 -180 0 -180 0 0 0.176036 -179.047 0 0 0 180 0 -180 0 -180
0 -180 0 180 0 180 0 -0 0.82326 1.70457 0 -0 0 -180 0 180 0 180
0 -180 0 -0 0 0 0 180 3.92722e-13 -105.475 0 180 0 0 0 180 0 -180
0 180 0 0 0 -0 0 -180 7.00816e-13 97.082 0 -0 0 -0 0 -180 0 180
0 -180 0 -180 0 0 0 -0 2.63148e-13 -82.1891 0 -0 0 0 0 0 0 -180
0 180 0 180 0 -0 0 0 8.50187e-13 92.6763 0 -0 0 -0 0 -0 0 180
0 -180 0 0 0 -180 0 -180 0.193857 -179.181 0 -180 0 -180 0 0 0 -180
0 180 0 -0 0 180 0 180 0.805313 1.38864 0 180 0 180 0 -0 0 180
inside=1 lambda=0.647 phi=15 theta=15
0 180 0 -180 0 -180 0 0 0.17723 -179.058 0 0 0 180 0 -180 0 -180
0 -180 0 180 0 180 0 -0 0.822056 1.68381 0 -0 0 -180 0 180 0 180
0 -180 0 -0 0 0 0 -180 0.00445873 -3.07009 0 0 0 0 0 180 0 -180
0 180 0 0 0 -0 0 180 0.00471162 19.3195 0 -0 0 -0 0 -180 0 180
0 -180 0 -180 0 0 0 -0 0.00445836 -2.92048 0 180 0 0 0 0 0 -180
0 180 0 180 0 -0 0 0 0.00470576 19.189 0 -0 0 -0 0 -0 0 180
0 -180 0 0 0 -180 0 -180 0.192663 -179.174 0 -180 0 -180 0 0 0 -180
0 180 0 -0 0 180 0 180 0.806514 1.41022 0 180 0 180 0 -0 0 180
inside=1 lambda=0.647 phi=15 theta=30
0 -180 0 -180 0 -180 0 0 0.180492 -179.087 0 0 0 180 0 -180 0 -180
0 -180 0 180 0 180 0 -0 0.818769 1.6268 0 -0 0 -180 0 180 0 180
0 -180 0 -0 0 0 0 -180 0.00772268 -3.03784 0 0 0 0 0 180 0 -180
0 180 0 0 0 -0 0 180 0.00815846 19.2886 0 -0 0 -0 0 -180 0 180
0 -180 0 -180 0 0 0 -0 0.00772231 -2.95155 0 180 0 0 0 0 0 -180
0 180 0 180 0 -0 0 0 0.0081526 19.2134 0 -0 0 -0 0 -0 0 180
0 -180 0 0 0 -180 0 -180 0.189402 -179.154 0 -180 0 -180 0 0 0 -180
0 180 0 -0 0 180 0 180 0.809796 1.46885 0 180 0 180 0 -0 0 180
inside=1 lambda=0.647 phi=15 theta=45
0 -180 0 -180 0 -180 0 0 0.184947 -179.123 0 0 0 -180 0 -180 0 -180
0 180 0 180 0 180 0 -0 0.814281 1.54824 0 -0 0 -180 0 180 0 180
0 -180 0 -0 0 0 0 -180 0.00891721 -2.9944 0 0 0 0 0 180 0 -180
0 180 0 0 0 -0 0 180 0.0094171 19.2493 0 -0 0 -0 0 -180 0 180
0 -180 0 -180 0 0 0 -0 0.00891721 -2.9944 0 180 0 0 0 0 0 -180
0 180 0 180 0 -0 0 0 0.0094171 19.2493 0 -180 0 -0 0 -0 0 180
0 -180 0 0 0 -180 0 -180 0.184947 -179.123 0 -180 0 -180 0 0 0 -180
0 180 0 -0 0 -180 0 180 0.814281 1.54824 0 180 0 180 0 -0 0 180
inside=1 lambda=0.647 phi=20 theta=0
0 180 0 -180 0 -180 0 0 0.169069 165.331 0 0 0 180 0 -180 0 -180
0 -180 0 180 0 180 0 -0 0.830577 -6.86166 0 -0 0 -180 0 180 0 180
0 180 0 -0 0 0 0 180 1.216e-13 114.599 0 -180 0 -0 0 180 0 -180
0 180 0 0 0 -0 0 -0 7.56077e-13 -98.6664 0 -0 0 -0 0 -180 0 180
0 -180 0 -180 0 0 0 -0 1.67145e-13 76.3667 0 -180 0 0 0 0 0 -180
0 180 0 180 0 -0 0 -0 4.51125e-13 -70.0497 0 -180 0 -0 0 -0 0 180
0 -180 0 0 0 -180 0 -180 0.20093 165.406 0 -180 0 -180 0 0 0 -180
0 180 0 -0 0 180 0 180 0.798048 -7.40716 0 180 0 180 0 -0 0 180
inside=1 lambda=0.647 phi=20 theta=15
0 180 0 -180 0 -180 0 0 0.171203 165.332 0 0 0 180 0 -180 0 -180
0 -180 0 180 0 180 0 -0 0.828394 -6.89701 0 -0 0 -180 0 180 0 180
0 180 0 -0 0 0 0 -180 0.00796943 -17.0167 0 0 0 -0 0 180 0 -180
0 180 0 0 0 -0 0 180 0.00851963 10.1364 0 -0 0 -0 0 -180 0 180
0 -180 0 -180 0 0 0 -0 0.00796817 -16.7288 0 180 0 0 0 0 0 -180
0 180 0 180 0 -0 0 0 0.0085011 9.89882 0 -180 0 -0 0 -0 0 180
0 -180 0 0 0 -180 0 -180 0.198797 165.397 0 -180 0 -180 0 0 0 -180
0 180 0 -0 0 180 0 180 0.800223 -7.36937 0 180 0 180 0 -0 0 180
inside=1 lambda=0.647 phi=20 theta=30
0 180 0 -180 0 -180 0 0 0.177036 165.338 0 0 0 180 0 -180 0 -180
0 -180 0 180 0 180 0 -0 0.822432 -6.99441 0 -0 0 -180 0 180 0 180
0 -180 0 -0 0 0 0 -180 0.0138035 -16.9538 0 0 0 -0 0 180 0 -180
0 180 0 0 0 -0 0 180 0.0147487 10.0753 0 -0 0 -0 0 -180 0 180
0 -180 0 -180 0 0 0 -0 0.0138023 -16.7882 0 180 0 0 0 0 0 -180
0 180 0 180 0 -0 0 0 0.0147303 9.93844 0 -180 0 -0 0 -0 0 180
0 -180 0 0 0 -180 0 -180 0.192968 165.376 0 -180 0 -180 0 0 0 -180
0 180 0 -0 0 180 0 180 0.806168 -7.26707 0 180 0 180 0 -0 0 180
inside=1 lambda=0.647 phi=20 theta=45
0 -180 0 -180 0 -180 0 0 0.185003 165.353 0 0 0 180 0 -180 0 -180
0 180 0 180 0 180 0 -0 0.814296 -7.12951 0 -0 0 -180 0 180 0 180
0 -180 0 -0 0 0 0 -180 0.0159385 -16.8701 0 0 0 0 0 180 0 -180
0 180 0 0 0 -0 0 180 0.0170192 10.0015 0 -0 0 -0 0 -180 0 180
0 -180 0 -180 0 0 0 -0 0.0159385 -16.8701 0 180 0 0 0 0 0 -180
0 180 0 180 0 -0 0 0 0.0170192 10.0015 0 -180 0 -0 0 -0 0 180
0 -180 0 0 0 180 0 -180 0.185003 165.353 0 -180 0 -180 0 0 0 -180
0 180 0 -0 0 -180 0 180 0.814296 -7.12951 0 180 0 180 0 -0 0 180
inside=1 lambda=0.647 phi=25 theta=0
0 180 0 -180 0 -180 0 0 0.158241 145.095 0 0 0 180 0 -180 0 -180
0 -180 0 180 0 180 0 -0 0.840689 -17.724 0 -0 0 -180 0 180 0 180
0 180 0 -0 0 0 0 180 1.25957e-13 -129.726 0 0 0 -0 0 180 0 -180
0 180 0 0 0 -0 0 -0 2.47422e-13 68.0926 0 180 0 -0 0 -180 0 180
0 -180 0 -180 0 0 0 180 1.47862e-13 -20.2444 0 -180 0 0 0 0 0 -180
0 180 0 180 0 -0 0 -180 2.93915e-13 55.7872 0 -180 0 -0 0 -0 0 180
0 -180 0 0 0 -180 0 -180 0.207303 145.835 0 -180 0 -180 0 0 0 -180
0 180 0 -0 0 180 0 180 0.788814 -18.5494 0 180 0 180 0 -0 0 180
inside=1 lambda=0.647 phi=25 theta=15
0 180 0 -180 0 -180 0 0 0.161528 145.145 0 0 0 180 0 -180 0 -180
0 -180 0 180 0 180 0 -0 0.837205 -17.7767 0 -0 0 -180 0 180 0 180
0 180 0 -0 0 0 0 -180 0.0122908 -34.9626 0 0 0 -0 0 180 0 -180
0 180 0 0 0 -0 0 180 0.0135608 -1.32952 0 -0 0 -0 0 -180 0 180
0 -180 0 -180 0 0 0 -0 0.0122867 -34.466 0 0 0 0 0 0 0 -180
0 180 0 180 0 -0 0 0 0.0135151 -1.71549 0 -180 0 -0 0 -0 0 180
0 -180 0 0 0 -180 0 -180 0.204022 145.784 0 -180 0 -180 0 0 0 -180
0 180 0 -0 0 180 0 180 0.792279 -18.4913 0 180 0 180 0 -0 0 180
inside=1 lambda=0.647 phi=25 theta=30
0 180 0 -180 0 -180 0 0 0.170511 145.281 0 0 0 180 0 -180 0 -180
0 -180 0 180 0 180 0 -0 0.827691 -17.9223 0 -0 0 -180 0 180 0 180
0 180 0 -0 0 0 0 -180 0.0212893 -34.8524 0 0 0 -0 0 180 0 -180
0 180 0 0 0 -0 0 180 0.0234675 -1.4395 0 -0 0 -0 0 -180 0 180
0 -180 0 -180 0 0 0 -0 0.0212854 -34.5678 0 0 0 0 0 0 0 -180
0 180 0 180 0 -0 0 0 0.0234224 -1.6611 0 -180 0 -0 0 -0 0 180
0 -180 0 0 0 -180 0 -180 0.195049 145.648 0 -180 0 -180 0 0 0 -180
0 180 0 -0 0 180 0 180 0.801753 -18.3346 0 180 0 180 0 -0 0 180
inside=1 lambda=0.647 phi=25 theta=45
0 180 0 -180 0 -180 0 0 0.182783 145.464 0 0 0 180 0 -180 0 -180
0 180 0 180 0 180 0 -0 0.814712 -18.1256 0 -0 0 -180 0 180 0 180
0 -180 0 -0 0 0 0 -180 0.0245819 -34.708 0 0 0 -0 0 0 0 -180
0 180 0 0 0 -0 0 180 0.02707 -1.56403 0 -0 0 -0 0 -180 0 180
0 -180 0 -180 0 -0 0 -0 0.0245819 -34.708 0 0 0 0 0 0 0 -180
0 180 0 180 0 -0 0 0 0.02707 -1.56403 0 -180 0 -0 0 -0 0 180
0 180 0 0 0 180 0 -180 0.182783 145.464 0 -180 0 -180 0 0 0 -180
0 180 0 -0 0 -180 0 180 0.814712 -18.1256 0 180 0 180 0 -0 0 180
inside=1 lambda=0.647 phi=30 theta=0
0 180 0 180 0 -180 0 0 0.143659 119.842 0 0 0 180 0 180 0 -180
0 -180 0 180 0 0 0 -0 0.85393 -30.764 0 -180 0 -180 0 180 0 0
0 180 0 -0 0 0 0 -180 3.18203e-13 19.5756 0 180 0 -0 0 180 0 -180
0 180 0 0 0 -0 0 180 1.91492e-13 -178.553 0 180 0 -0 0 -180 0 180
0 -180 0 -180 0 0 0 -0 7.73224e-14 -39.5974 0 -0 0 0 0 0 0 -180
0 180 0 180 0 -0 0 -180 2.32202e-13 -107.264 0 180 0 -0 0 -0 0 180
0 -180 0 0 0 -180 0 -180 0.210799 121.88 0 -180 0 -180 0 0 0 -180
0 180 0 -0 0 180 0 180 0.77774 -31.9322 0 180 0 180 0 -0 0 180
inside=1 lambda=0.647 phi=30 theta=15
0 180 0 180 0 -180 0 0 0.148153 120.005 0 0 0 180 0 180 0 -180
0 -180 0 180 0 0 0 -0 0.848805 -30.8375 0 -180 0 -180 0 180 0 0
0 180 0 -0 0 0 0 -180 0.0168998 -57.4683 0 0 0 -0 0 180 0 -180
0 180 0 0 0 -0 0 180 0.0199134 -14.7207 0 -180 0 -0 0 -180 0 180
0 -180 0 -180 0 0 0 -0 0.0168852 -56.6617 0 0 0 0 0 0 0 -180
0 180 0 180 0 -0 0 0 0.0198154 -15.3082 0 -180 0 -0 0 -0 0 180
0 -180 0 0 0 -180 0 -180 0.206315 121.757 0 -180 0 -180 0 0 0 -180
0 180 0 -0 0 180 0 180 0.782821 -31.8484 0 180 0 180 0 -0 0 180
inside=1 lambda=0.647 phi=30 theta=30
0 180 0 -180 0 -180 0 0 0.160445 120.422 0 0 0 180 0 180 0 -180
0 180 0 180 0 0 0 -0 0.83482 -31.0412 0 -180 0 -180 0 180 0 0
0 180 0 -0 0 0 0 -180 0.0292752 -57.2856 0 0 0 -0 0 0 0 -180
0 180 0 0 0 -0 0 180 0.0344433 -14.909 0 -0 0 -0 0 -180 0 180
0 -180 0 -180 0 0 0 -0 0.0292614 -56.8271 0 0 0 0 0 0 0 -180
0 180 0 180 0 -0 0 0 0.0343479 -15.2445 0 -180 0 -0 0 -0 0 180
0 -180 0 0 0 180 0 -180 0.194043 121.418 0 -180 0 -180 0 0 0 -180
0 180 0 -0 0 180 0 180 0.796722 -31.6239 0 180 0 180 0 -0 0 180
inside=1 lambda=0.647 phi=30 theta=45
0 180 0 -180 0 -180 0 0 0.177248 120.939 0 0 0 180 0 -180 0 -180
0 180 0 180 0 0 0 -0 0.815751 -31.3273 0 -0 0 -180 0 180 0 180
0 -180 0 -0 0 0 0 -180 0.0338013 -57.0519 0 0 0 -0 0 0 0 -180
0 180 0 0 0 -0 0 180 0.0397107 -15.1071 0 -0 0 -0 0 -180 0 180
0 -180 0 -180 0 -0 0 -0 0.0338013 -57.0519 0 0 0 0 0 0 0 -180
0 180 0 180 0 -0 0 0 0.0397107 -15.1071 0 -180 0 -0 0 -0 0 180
0 180 0 0 0 180 0 -180 0.177248 120.939 0 -180 0 -180 0 0 0 -180
0 180 0 -0 0 -180 0 180 0.815751 -31.3273 0 180 0 0 0 -0 0 180
inside=1 lambda=0.647 phi=35 theta=0
0 180 0 180 0 -180 0 0 0.127153 89.1342 0 0 0 180 0 180 0 -180
0 -180 0 180 0 0 0 -0 0.870588 -45.8148 0 -180 0 -180 0 180 0 0
0 180 0 -0 0 0 0 180 2.15911e-13 -172.31 0 180 0 -0 0 180 0 -180
0 180 0 0 0 -180 0 -180 4.84022e-13 34.3864 0 180 0 -0 0 -180 0 0
0 -180 0 -180 0 0 0 -0 1.05907e-13 125.071 0 -0 0 0 0 0 0 -180
0 180 0 180 0 -0 0 0 1.16038e-13 41.4466 0 180 0 -0 0 -0 0 180
0 -180 0 0 0 -180 0 -180 0.209556 92.7825 0 -180 0 -180 0 0 0 -180
0 180 0 -0 0 180 0 0 0.764806 -47.4511 0 180 0 180 0 -0 0 180
inside=1 lambda=0.647 phi=35 theta=15
0 180 0 180 0 -180 0 0 0.132657 89.4567 0 0 0 180 0 180 0 -180
0 180 0 180 0 0 0 -0 0.86346 -45.9174 0 -180 0 -180 0 180 0 0
0 180 0 -0 0 0 0 -180 0.0209267 -86.0418 0 0 0 -0 0 180 0 -180
0 180 0 0 0 -180 0 180 0.0277405 -29.5705 0 -180 0 -0 0 -180 0 0
0 -180 0 -180 0 0 0 -0 0.0208712 -84.7763 0 180 0 0 0 0 0 -180
0 180 0 180 0 -0 0 0 0.0275412 -30.4264 0 -180 0 -0 0 -180 0 180
0 -180 0 0 0 -180 0 -180 0.204079 92.5737 0 -180 0 -180 0 0 0 -180
0 180 0 -0 0 180 0 180 0.771844 -47.3319 0 180 0 0 0 -180 0 180
inside=1 lambda=0.647 phi=35 theta=30
0 180 0 180 0 -180 0 0 0.147741 90.2466 0 0 0 180 0 180 0 -180
0 180 0 180 0 0 0 -0 0.844016 -46.2002 0 -180 0 -180 0 180 0 0
0 180 0 -0 0 0 0 -180 0.0362538 -85.7454 0 0 0 -0 0 180 0 -180
0 180 0 0 0 -180 0 180 0.0479405 -29.8835 0 -180 0 -0 0 -180 0 0
0 -180 0 -180 0 0 0 -0 0.0362021 -85.0354 0 180 0 0 0 0 0 -180
0 180 0 180 0 -0 0 0 0.0477514 -30.368 0 -180 0 -180 0 -180 0 0
0 -180 0 0 0 180 0 -180 0.189037 92.0001 0 -180 0 -180 0 0 0 -180
0 180 0 -0 0 180 0 180 0.791114 -47.0141 0 180 0 0 0 -180 0 0
inside=1 lambda=0.647 phi=35 theta=45
0 180 0 -180 0 -180 0 0 0.168397 91.175 0 0 0 180 0 180 0 -180
0 180 0 180 0 0 0 -0 0.817523 -46.598 0 -180 0 180 0 180 0 0
0 180 0 -0 0 0 0 -180 0.041848 -85.3805 0 0 0 -0 0 180 0 -180
0 180 0 0 0 -180 0 180 0.0552317 -30.1863 0 -180 0 -0 0 -180 0 0
0 180 0 -180 0 -0 0 -0 0.041848 -85.3805 0 180 0 0 0 0 0 -180
0 180 0 180 0 -0 0 0 0.0552317 -30.1863 0 -180 0 -180 0 -180 0 0
0 180 0 0 0 180 0 -180 0.168397 91.175 0 180 0 -180 0 0 0 -180
0 180 0 -0 0 180 0 180 0.817523 -46.598 0 180 0 0 0 -180 0 0
inside=1 lambda=0.647 phi=40 theta=0
0 180 0 180 0 -180 0 -0 0.111912 53.458 0 0 0 180 0 180 0 -180
0 180 0 180 0 0 0 -0 0.891145 -62.6396 0 -180 0 180 0 180 0 0
0 180 0 -0 0 0 0 -0 2.43075e-13 -83.2384 0 0 0 -0 0 180 0 -180
0 180 0 0 0 -180 0 -0 8.80691e-13 -154.7 0 -180 0 -0 0 -180 0 0
0 -180 0 -180 0 0 0 -0 2.53513e-13 -68.658 0 180 0 0 0 0 0 -180
0 0 0 0 0 -0 0 -0 8.23891e-13 -156.099 0 180 0 -180 0 -180 0 180
0 -180 0 0 0 -180 0 -180 0.204325 56.9971 0 -180 0 -180 0 0 0 -180
0 0 0 -180 0 180 0 0 0.749393 -65.0085 0 180 0 0 0 -180 0 180
inside=1 lambda=0.647 phi=40 theta=15
0 180 0 180 0 -180 0 -0 0.118074 53.7586 0 0 0 180 0 180 0 -180
0 180 0 180 0 0 0 -0 0.881562 -62.7905 0 -180 0 180 0 180 0 0
0 180 0 -0 0 0 0 -180 0.0237637 -124.07 0 0 0 -0 0 180 0 -180
0 180 0 0 0 -180 0 180 0.0375035 -45.4493 0 -180 0 -0 0 -180 0 0
0 -180 0 -180 0 0 0 -0 0.0235595 -122.17 0 180 0 0 0 0 0 -180
0 180 0 180 0 -0 0 0 0.0370944 -46.6417 0 -180 0 -180 0 -180 0 0
0 -180 0 0 0 -180 0 -180 0.198286 56.7617 0 -180 0 -180 0 0 0 -180
0 180 0 -0 0 180 0 0 0.75878 -64.8341 0 180 0 0 0 -180 0 0
inside=1 lambda=0.647 phi=40 theta=30
0 180 0 180 0 -180 0 -0 0.135041 54.4769 0 0 0 180 0 180 0 -180
0 180 0 180 0 0 0 -0 0.855443 -63.1982 0 -180 0 180 0 180 0 0
0 180 0 -0 0 0 0 -180 0.0411582 -123.592 0 0 0 -0 0 180 0 -180
0 180 0 0 0 -180 0 180 0.0647091 -45.9552 0 -180 0 -0 0 -180 0 0
0 -180 0 -180 0 -0 0 -0 0.0409696 -122.548 0 180 0 0 0 0 0 -180
0 180 0 180 0 -0 0 0 0.0643378 -46.6225 0 -180 0 -180 0 -180 0 0
0 180 0 0 0 180 0 -180 0.181512 56.1526 0 -180 0 -180 0 0 0 -180
0 180 0 -0 0 180 0 0 0.784534 -64.3698 0 180 0 0 0 -180 0 0
inside=1 lambda=0.647 phi=40 theta=45
0 180 0 -180 0 -180 0 -0 0.158316 55.3398 0 0 0 180 0 180 0 -180
0 180 0 180 0 0 0 -0 0.819902 -63.7683 0 -180 0 180 0 180 0 0
0 180 0 -0 0 0 0 -180 0.0474536 -123.044 0 0 0 -0 0 180 0 -180
0 180 0 0 0 -180 0 180 0.0744637 -46.3997 0 -180 0 -0 0 -180 0 0
0 180 0 -180 0 -0 0 -0 0.0474536 -123.044 0 180 0 0 0 0 0 -180
0 180 0 180 0 -0 0 0 0.0744637 -46.3997 0 -180 0 -180 0 -180 0 0
0 180 0 -0 0 180 0 -180 0.158316 55.3398 0 180 0 -180 0 0 0 -180
0 180 0 -0 0 180 0 180 0.819902 -63.7683 0 180 0 0 0 -180 0 0
inside=1 lambda=0.647 phi=45 theta=0
0 180 0 180 0 -180 0 -0 0.0996475 15.8168 0 0 0 180 0 180 0 -180
0 180 0 180 0 0 0.00884791 -146.43 0.916347 -80.8989 0 -180 0 180 0 180 0 0
0 180 0 -0 0 0 0 180 3.85389e-13 -82.823 0 180 0 -0 0 180 0 -180
0 180 0 0 0 -180 1.8502e-13 -113.459 4.08634e-13 174.416 0 0 0 -0 0 -180 0 0
0 -180 0 -180 0 0 0 -180 2.57676e-13 -104.067 0 180 0 0 0 0 0 -180
0 0 0 0 0 -180 7.96336e-15 141.981 5.79153e-13 -170.997 0 0 0 -180 0 -180 0 0
0 -180 0 0 0 -180 0 -180 0.2029 12.6439 0 -180 0 -180 0 0 0 -180
0 0 0 -180 0 0 0.0570491 55.3571 0.729407 -84.4626 0 0 0 0 0 -180 0 0
inside=1 lambda=0.647 phi=45 theta=15
0 180 0 180 0 -180 0 -0 0.105927 15.2497 0 0 0 180 0 180 0 -180
0 180 0 180 0 0 0 -0 0.90405 -81.1552 0 -180 0 180 0 180 0 0
0 180 0 -0 0 0 0 -180 0.0276044 -175.853 0 0 0 -0 0 180 0 -180
0 180 0 0 0 -180 0 0 0.0502864 -62.2599 0 -180 0 -0 0 -180 0 0
0 -180 0 -180 0 -0 0 -0 0.0269672 -173.449 0 180 0 0 0 0 0 -180
0 0 0 0 0 -0 0 0 0.0494085 -63.8139 0 -180 0 -180 0 -180 0 0
0 -180 0 0 0 180 0 -180 0.196631 12.6709 0 -180 0 -180 0 0 0 -180
0 180 0 -180 0 180 0 0 0.741905 -84.2173 0 0 0 0 0 -180 0 0
inside=1 lambda=0.647 phi=45 theta=30
0 180 0 180 0 -180 0 -0 0.125044 14.0667 0 0 0 180 0 180 0 -180
0 180 0 180 0 0 0 -0 0.869426 -81.7706 0 -180 0 180 0 180 0 0
0 180 0 -0 0 0 0 -180 0.0477495 -175.119 0 0 0 -0 0 180 0 -180
0 180 0 0 0 -180 0 180 0.0864825 -63.0547 0 -180 0 -0 0 -180 0 0
0 180 0 -180 0 -0 0 -0 0.0471794 -173.852 0 180 0 0 0 0 0 -180
0 180 0 180 0 -0 0 0 0.0857504 -63.9174 0 -180 0 -180 0 -180 0 0
0 180 0 -0 0 180 0 -180 0.177877 12.6936 0 180 0 -180 0 0 0 -180
0 180 0 -0 0 180 0 0 0.77575 -83.5146 0 180 0 0 0 -180 0 0
inside=1 lambda=0.647 phi=45 theta=45
0 180 0 180 0 -180 0 -0 0.151538 13.1074 0 0 0 180 0 180 0 -180
0 180 0 0 0 0 0 -0 0.822408 -82.614 0 -180 0 180 0 180 0 0
0 180 0 -0 0 0 0 180 0.0548716 -174.414 0 0 0 -0 0 180 0 -180
0 180 0 0 0 -180 0 180 0.0993349 -63.6734 0 -180 0 -0 0 -180 0 0
0 180 0 180 0 -0 0 -0 0.0548716 -174.414 0 180 0 0 0 0 0 -180
0 180 0 180 0 -0 0 0 0.0993349 -63.6734 0 -180 0 -180 0 -180 0 0
0 180 0 -0 0 180 0 180 0.151538 13.1074 0 180 0 -180 0 0 0 -180
0 180 0 -0 0 180 0 0 0.822408 -82.614 0 180 0 0 0 -180 0 0
