RSoft_BSDF_File_Version 2
1 0 5 2 1 0.457143
0.3 0.3
-1 1
-1 1
1 0.647 0.647
10 0 45 0.5
4 0 45
Begin_Dispersion_Data
0.647 1.45662 0 1 0 0
End_Dispersion_Data
inside=0 lambda=0.647 phi=0 theta=0
0 -180 0 -180 0 -180 0 0 0.127271 -47.4809 0 0 0 -180 0 -180 0 -180
0 180 0 180 0 180 0 -0 1.19709 -45.1694 0 -0 0 180 0 180 0 180
0 -180 0 -180 0 0 0 0 2.65898e-13 -67.8774 0 0 0 0 0 -0 0 -180
0 180 0 180 0 -0 0 0 2.85139e-13 64.9214 0 0 0 -0 0 0 0 180
0 -180 0 -180 0 0 0 0 2.25514e-13 120.303 0 0 0 0 0 -0 0 -180
0 180 0 -180 0 -0 0 -0 1.05815e-13 -176.105 0 -180 0 -0 0 -180 0 180
0 -180 0 0 0 -180 0 -180 0.127271 -47.4809 0 -180 0 -180 0 0 0 -180
0 180 0 -0 0 180 0 180 1.19709 -45.1694 0 180 0 180 0 -0 0 180
inside=0 lambda=0.647 phi=0 theta=15
0 -180 0 -180 0 -180 0 0 0.127271 -47.4809 0 0 0 -180 0 -180 0 -180
0 180 0 180 0 180 0 -0 1.19709 -45.1694 0 -0 0 180 0 180 0 180
0 -180 0 -180 0 0 0 0 2.65898e-13 -67.8774 0 0 0 0 0 -0 0 -180
0 180 0 180 0 -0 0 0 2.85139e-13 64.9214 0 0 0 -0 0 0 0 180
0 -180 0 -180 0 0 0 0 2.25514e-13 120.303 0 0 0 0 0 -0 0 -180
0 180 0 -180 0 -0 0 -0 1.05815e-13 -176.105 0 -180 0 -0 0 -180 0 180
0 -180 0 0 0 -180 0 -180 0.127271 -47.4809 0 -180 0 -180 0 0 0 -180
0 180 0 -0 0 180 0 180 1.19709 -45.1694 0 180 0 180 0 -0 0 180
inside=0 lambda=0.647 phi=0 theta=30
0 -180 0 -180 0 -180 0 0 0.127271 -47.4809 0 0 0 -180 0 -180 0 -180
0 180 0 180 0 180 0 -0 1.19709 -45.1694 0 -0 0 180 0 180 0 180
0 -180 0 -180 0 0 0 0 2.65898e-13 -67.8774 0 0 0 0 0 -0 0 -180
0 180 0 180 0 -0 0 0 2.85139e-13 64.9214 0 0 0 -0 0 0 0 180
0 -180 0 -180 0 0 0 0 2.25514e-13 120.303 0 0 0 0 0 -0 0 -180
0 180 0 -180 0 -0 0 -0 1.05815e-13 -176.105 0 -180 0 -0 0 -180 0 180
0 -180 0 0 0 -180 0 -180 0.127271 -47.4809 0 -180 0 -180 0 0 0 -180
0 180 0 -0 0 180 0 180 1.19709 -45.1694 0 180 0 180 0 -0 0 180
inside=0 lambda=0.647 phi=0 theta=45
0 -180 0 -180 0 -180 0 0 0.127271 -47.4809 0 0 0 -180 0 -180 0 -180
0 180 0 180 0 180 0 -0 1.19709 -45.1694 0 -0 0 180 0 180 0 180
0 -180 0 -180 0 0 0 0 2.65898e-13 -67.8774 0 0 0 0 0 -0 0 -180
0 180 0 180 0 -0 0 0 2.85139e-13 64.9214 0 0 0 -0 0 0 0 180
0 -180 0 -180 0 0 0 0 2.25514e-13 120.303 0 0 0 0 0 -0 0 -180
0 180 0 -180 0 -0 0 -0 1.05815e-13 -176.105 0 -180 0 -0 0 -180 0 180
0 -180 0 0 0 -180 0 -180 0.127271 -47.4809 0 -180 0 -180 0 0 0 -180
0 180 0 -0 0 180 0 180 1.19709 -45.1694 0 180 0 180 0 -0 0 180
inside=0 lambda=0.647 phi=5 theta=0
0 -180 0 -180 0 -180 0 0 0.122114 -49.0909 0 0 0 -180 0 -180 0 -180
0 180 0 180 0 180 0 -0 1.19529 -46.7967 0 -0 0 180 0 180 0 180
0 -180 0 -0 0 0 0 180 3.15907e-14 68.9545 0 -180 0 0 0 180 0 -180
0 180 0 0 0 -0 0 180 1.95181e-13 69.9555 0 180 0 -0 0 -180 0 180
0 -180 0 -180 0 0 0 -0 6.51259e-14 18.8805 0 180 0 0 0 0 0 -180
0 180 0 180 0 -0 0 0 3.63232e-13 38.1588 0 180 0 -0 0 -0 0 180
0 -180 0 0 0 -180 0 -180 0.124973 -49.7682 0 -180 0 -180 0 0 0 -180
0 180 0 -0 0 180 0 180 1.20003 -46.7969 0 180 0 180 0 -0 0 180
inside=0 lambda=0.647 phi=5 theta=15
0 -180 0 -180 0 -180 0 0 0.122304 -49.1372 0 0 0 -180 0 -180 0 -180
0 180 0 180 0 180 0 -0 1.19561 -46.7968 0 -0 0 180 0 180 0 180
0 -180 0 -0 0 0 0 -180 0.000716662 106.75 0 0 0 0 0 180 0 -180
0 180 0 0 0 -0 0 180 0.00129741 110.01 0 -0 0 -0 0 -180 0 180
0 -180 0 -180 0 0 0 -0 0.00071722 106.726 0 180 0 0 0 0 0 -180
0 180 0 180 0 -0 0 0 0.00129495 110.23 0 -180 0 -0 0 -0 0 180
0 -180 0 0 0 -180 0 -180 0.124781 -49.7237 0 -180 0 -180 0 0 0 -180
0 180 0 -0 0 180 0 180 1.19971 -46.797 0 180 0 180 0 -0 0 180
inside=0 lambda=0.647 phi=5 theta=30
0 -180 0 -180 0 -180 0 0 0.122826 -49.2629 0 0 0 -180 0 -180 0 -180
0 180 0 180 0 180 0 -0 1.19648 -46.7969 0 -0 0 180 0 180 0 180
0 -180 0 -0 0 0 0 -180 0.0012415 106.745 0 0 0 0 0 180 0 -180
0 180 0 0 0 -0 0 180 0.00224626 110.057 0 -0 0 -0 0 -180 0 180
0 -180 0 -180 0 0 0 -0 0.00124205 106.731 0 180 0 0 0 0 0 -180
0 180 0 180 0 -0 0 0 0.00224381 110.184 0 -180 0 -0 0 -0 0 180
0 -180 0 0 0 -180 0 -180 0.124256 -49.6015 0 -180 0 -180 0 0 0 -180
0 180 0 -0 0 180 0 180 1.19884 -46.7971 0 180 0 180 0 -0 0 180
inside=0 lambda=0.647 phi=5 theta=45
0 -180 0 -180 0 -180 0 0 0.12354 -49.4331 0 0 0 -180 0 -180 0 -180
0 180 0 180 0 180 0 -0 1.19766 -46.7971 0 -0 0 180 0 180 0 180
0 -180 0 -0 0 0 0 -180 0.00143388 106.738 0 0 0 0 0 180 0 -180
0 180 0 0 0 -0 0 180 0.00259234 110.121 0 -0 0 -0 0 -180 0 180
0 -180 0 -180 0 0 0 -0 0.00143388 106.738 0 180 0 0 0 0 0 -180
0 180 0 180 0 -0 0 0 0.00259234 110.121 0 -180 0 -0 0 -0 0 180
0 -180 0 0 0 -180 0 -180 0.12354 -49.4331 0 -180 0 -180 0 0 0 -180
0 180 0 -0 0 180 0 180 1.19766 -46.7971 0 180 0 180 0 -0 0 180
inside=0 lambda=0.647 phi=10 theta=0
0 -180 0 -180 0 -180 0 0 0.106398 -53.7673 0 0 0 -180 0 -180 0 -180
0 180 0 180 0 180 0 -0 1.18945 -51.6845 0 -180 0 180 0 180 0 180
0 -180 0 -0 0 0 0 0 1.62147e-13 -167.686 0 -0 0 0 0 180 0 -180
0 180 0 0 0 -0 0 -0 5.90543e-13 -137.948 0 180 0 -0 0 -180 0 180
0 -180 0 -180 0 0 0 180 8.29898e-14 -171.43 0 180 0 0 0 0 0 -180
0 180 0 180 0 -0 0 180 4.63879e-13 -143.945 0 0 0 -0 0 -0 0 180
0 -180 0 0 0 -180 0 -180 0.117217 -56.9569 0 -180 0 -180 0 0 0 -180
0 180 0 -0 0 180 0 180 1.20927 -51.685 0 180 0 180 0 -0 0 180
inside=0 lambda=0.647 phi=10 theta=15
0 -180 0 -180 0 -180 0 0 0.107105 -53.9993 0 0 0 -180 0 -180 0 -180
0 180 0 180 0 0 0 -0 1.19078 -51.6857 0 -180 0 180 0 180 0 180
0 -180 0 -0 0 0 0 -180 0.00273338 97.4691 0 0 0 0 0 180 0 -180
0 180 0 0 0 -0 0 180 0.00543514 105.061 0 -0 0 -0 0 -180 0 180
0 -180 0 -180 0 0 0 -0 0.00274338 97.3874 0 180 0 0 0 0 0 -180
0 180 0 180 0 -0 0 0 0.00539489 105.935 0 -180 0 -0 0 -0 0 180
0 -180 0 0 0 -180 0 -180 0.116474 -56.7602 0 -180 0 -180 0 0 0 -180
0 180 0 -0 0 180 0 180 1.20794 -51.6861 0 180 0 180 0 -0 0 180
inside=0 lambda=0.647 phi=10 theta=30
0 -180 0 -180 0 -180 0 0 0.109049 -54.6188 0 0 0 -180 0 -180 0 -180
0 180 0 180 0 0 0 -0 1.19441 -51.688 0 -180 0 180 0 180 0 180
0 -180 0 -0 0 0 0 -180 0.00473782 97.4523 0 0 0 0 0 180 0 -180
0 180 0 0 0 -0 0 180 0.00939822 105.256 0 -0 0 -0 0 -180 0 180
0 -180 0 -180 0 0 0 -0 0.00474782 97.4052 0 180 0 0 0 0 0 -180
0 180 0 180 0 -0 0 0 0.00935803 105.76 0 -180 0 -0 0 -0 0 180
0 -180 0 0 0 -180 0 -180 0.114459 -56.2111 0 -180 0 -180 0 0 0 -180
0 180 0 -0 0 180 0 180 1.20432 -51.6883 0 180 0 180 0 -0 0 180
inside=0 lambda=0.647 phi=10 theta=45
0 -180 0 -180 0 -180 0 0 0.111736 -55.4325 0 0 0 -180 0 -180 0 -180
0 180 0 180 0 180 0 -0 1.19936 -51.6893 0 -0 0 180 0 180 0 180
0 -180 0 -0 0 0 0 -180 0.00547642 97.429 0 0 0 0 0 180 0 -180
0 180 0 0 0 -0 0 180 0.0108284 105.513 0 -0 0 -0 0 -180 0 180
0 -180 0 -180 0 0 0 -0 0.00547642 97.429 0 180 0 0 0 0 0 -180
0 180 0 180 0 -0 0 0 0.0108284 105.513 0 -180 0 -0 0 -0 0 180
0 -180 0 0 0 -180 0 -180 0.111736 -55.4325 0 -180 0 -180 0 0 0 -180
0 180 0 -0 0 180 0 180 1.19936 -51.6893 0 180 0 180 0 -0 0 180
inside=0 lambda=0.647 phi=15 theta=0
0 -180 0 -180 0 -180 0 0 0.079918 -60.6993 0 0 0 -180 0 -180 0 -180
0 180 0 180 0 0 0 -0 1.17805 -59.8438 0 -180 0 180 0 180 0 0
0 -180 0 -0 0 0 0 180 3.04999e-13 -11.5935 0 -0 0 0 0 180 0 -180
0 180 0 0 0 -180 0 -180 1.10395e-12 30.5275 0 180 0 -0 0 -180 0 0
0 -180 0 -180 0 0 0 180 3.44023e-13 -1.8337 0 -0 0 0 0 0 0 -180
0 0 0 180 0 -0 0 180 1.10512e-12 31.7489 0 -0 0 -180 0 -0 0 180
0 -180 0 0 0 -180 0 -180 0.101539 -70.5177 0 -180 0 -180 0 0 0 -180
0 0 0 -180 0 180 0 0 1.22614 -59.8541 0 180 0 0 0 -180 0 180
inside=0 lambda=0.647 phi=15 theta=15
0 -180 0 -180 0 -180 0 0 0.0812312 -61.5035 0 0 0 -180 0 -180 0 -180
0 180 0 180 0 0 0 -0 1.18128 -59.8511 0 -180 0 180 0 180 0 0
0 -180 0 -0 0 0 0 -180 0.00561879 79.8874 0 0 0 0 0 180 0 -180
0 180 0 0 0 -180 0 180 0.0132315 96.4625 0 -180 0 -0 0 -180 0 0
0 -180 0 -180 0 0 0 -0 0.00567798 79.8006 0 180 0 0 0 0 0 -180
0 0 0 180 0 -0 0 0 0.013014 98.4058 0 -180 0 -180 0 -180 0 180
0 -180 0 0 0 -180 0 -180 0.0999637 -69.9833 0 -180 0 -180 0 0 0 -180
0 0 0 -0 0 180 0 0 1.22292 -59.8604 0 180 0 0 0 -180 0 0
inside=0 lambda=0.647 phi=15 theta=30
0 -180 0 -180 0 -180 0 0 0.0849251 -63.5776 0 0 0 -180 0 -180 0 -180
0 0 0 180 0 0 0 -0 1.19008 -59.8664 0 -180 0 180 0 180 0 0
0 -180 0 -0 0 0 0 -180 0.00975072 79.8694 0 0 0 0 0 180 0 -180
0 180 0 0 0 -180 0 180 0.0228255 96.9239 0 -180 0 -0 0 -180 0 0
0 -180 0 -180 0 0 0 -0 0.00980971 79.8199 0 180 0 0 0 0 0 -180
0 0 0 180 0 -0 0 0 0.0226098 98.0425 0 -180 0 -180 0 -180 0 0
0 -180 0 0 0 -180 0 -180 0.0957502 -68.4467 0 -180 0 -180 0 0 0 -180
0 0 0 -0 0 180 0 180 1.21413 -59.8722 0 180 0 0 0 -180 0 0
inside=0 lambda=0.647 phi=15 theta=45
0 -180 0 -180 0 -180 0 0 0.0902087 -66.1461 0 0 0 -180 0 -180 0 -180
0 0 0 180 0 0 0 -0 1.20211 -59.876 0 -180 0 180 0 180 0 0
0 -180 0 -0 0 0 0 -180 0.0112915 79.845 0 0 0 0 0 180 0 -180
0 180 0 0 0 -180 0 180 0.0262254 97.5076 0 -180 0 -0 0 -180 0 0
0 -180 0 -180 0 0 0 -0 0.0112915 79.845 0 180 0 0 0 0 0 -180
0 180 0 180 0 -0 0 0 0.0262254 97.5076 0 -180 0 -180 0 -180 0 0
0 -180 0 0 0 -180 0 -180 0.0902087 -66.1461 0 -180 0 -180 0 0 0 -180
0 0 0 -0 0 180 0 180 1.20211 -59.876 0 180 0 0 0 -180 0 0
inside=0 lambda=0.647 phi=20 theta=0
0 -180 0 -180 0 -180 0 0 0.0444886 -65.3664 0 0 0 -180 0 -180 0 -180
0 0 0 180 0 0 0 -0 1.15818 -71.2646 0 -180 0 0 0 180 0 0
0 -180 0 -0 0 0 0 -180 3.87056e-13 107.219 0 -180 0 0 0 180 0 -180
0 0 0 0 0 -180 0 -0 1.0105e-12 -173.888 0 -180 0 -180 0 -180 0 0
0 -180 0 -180 0 0 0 -0 7.0375e-14 -107.521 0 -180 0 0 0 0 0 -180
0 0 0 0 0 -180 0 -180 2.96932e-13 -178.662 0 -0 0 -180 0 -180 0 0
0 -180 0 0 0 -180 0 -180 0.0754366 -96.2923 0 -180 0 -180 0 0 0 -180
0 0 0 -180 0 0 0 0 1.25285 -71.3465 0 180 0 0 0 -180 0 0
inside=0 lambda=0.647 phi=20 theta=15
0 -180 0 -180 0 -180 0 0 0.0457433 -68.4855 0 0 0 -180 0 -180 0 -180
0 0 0 180 0 0 0 -0 1.16452 -71.2965 0 -180 0 0 0 180 0 0
0 -180 0 -0 0 0 0 -180 0.0088767 49.1594 0 0 0 0 0 180 0 -180
0 0 0 0 0 -180 0 0 0.0263082 83.7594 0 -180 0 -180 0 -180 0 0
0 -180 0 -180 0 0 0 -0 0.009083 49.5268 0 0 0 0 0 0 0 -180
0 0 0 0 0 -180 0 0 0.0255147 87.1522 0 -180 0 -180 0 -180 0 0
0 -180 0 0 0 -180 0 -180 0.0726851 -95.0603 0 -180 0 -180 0 0 0 -180
0 0 0 -180 0 0 0 0 1.24652 -71.3705 0 180 0 0 0 -180 0 0
inside=0 lambda=0.647 phi=20 theta=30
0 -180 0 -180 0 -180 0 0 0.0498967 -76.1541 0 0 0 -180 0 -180 0 -180
0 0 0 180 0 0 0 -0 1.18184 -71.3649 0 -180 0 0 0 180 0 0
0 -180 0 -0 0 0 0 -180 0.0154263 49.2063 0 0 0 0 0 0 0 -180
0 0 0 0 0 -180 0 0 0.0451883 84.6353 0 -180 0 -180 0 -180 0 0
0 -180 0 -180 0 0 0 -0 0.0156299 49.4169 0 0 0 0 0 0 0 -180
0 0 0 0 0 -180 0 0 0.044417 86.5748 0 -180 0 -180 0 -180 0 0
0 -180 0 0 0 -180 0 -180 0.0656191 -91.232 0 -180 0 -180 0 0 0 -180
0 0 0 -180 0 0 0 0 1.22919 -71.4109 0 180 0 0 0 -180 0 0
inside=0 lambda=0.647 phi=20 theta=45
0 -180 0 -180 0 -180 0 0 0.0570505 -84.6659 0 0 0 -180 0 -180 0 -180
0 0 0 0 0 0 0 -180 1.20552 -71.4143 0 -180 0 0 0 180 0 0
0 -180 0 -0 0 0 0 -180 0.0179164 49.2971 0 0 0 0 0 0 0 -180
0 0 0 0 0 -180 0 0 0.0516909 85.6774 0 -180 0 -0 0 -180 0 0
0 -180 0 -180 0 0 0 -0 0.0179164 49.2971 0 0 0 0 0 0 0 -180
0 0 0 0 0 -0 0 0 0.0516909 85.6774 0 -180 0 -180 0 -180 0 0
0 -180 0 0 0 -180 0 -180 0.0570505 -84.6659 0 -180 0 -180 0 0 0 -180
0 0 0 -180 0 0 0 0 1.20552 -71.4143 0 180 0 0 0 -180 0 0
inside=0 lambda=0.647 phi=25 theta=0
0 -180 0 -180 0 -180 0 0 0.0159811 -15.5632 0 0 0 -180 0 -180 0 -180
0 0 0 180 0 0 0 -180 1.12528 -85.8609 0 -180 0 0 0 180 0 0
0 -180 0 -180 0 0 0 -0 9.32061e-14 37.3382 0 -180 0 0 0 0 0 -180
0 0 0 0 0 -180 0 -180 4.77703e-14 144.876 0 -180 0 -180 0 -180 0 0
0 -180 0 -180 0 0 0 180 4.84098e-14 -131.777 0 -0 0 0 0 0 0 -180
0 0 0 0 0 -180 0 0 8.9863e-14 31.5497 0 180 0 -180 0 -180 0 0
0 -180 0 0 0 -180 0 -180 0.0535007 -160.633 0 -180 0 -180 0 0 0 -180
0 0 0 -180 0 0 0 0 1.29243 -86.1984 0 0 0 0 0 -180 0 0
inside=0 lambda=0.647 phi=25 theta=15
0 -180 0 -180 0 -180 0 0 0.0122675 -22.276 0 0 0 -180 0 -180 0 -180
0 0 0 180 0 0 0 -180 1.1364 -85.9773 0 -180 0 0 0 180 0 0
0 -180 0 -180 0 0 0 -180 0.0142444 -0.0943447 0 0 0 0 0 0 0 -180
0 0 0 0 0 -180 0 0 0.0475046 66.544 0 -180 0 -180 0 180 0 0
0 -180 0 -180 0 0 0 -180 0.0145893 1.89704 0 0 0 0 0 0 0 -180
0 0 0 0 0 -180 0 0 0.0449573 71.7622 0 180 0 -180 0 -180 0 0
0 -180 0 0 0 -180 0 -180 0.0481069 -160.858 0 -180 0 -180 0 0 0 -180
0 0 0 -180 0 0 0 0 1.28116 -86.2884 0 0 0 0 0 -180 0 0
inside=0 lambda=0.647 phi=25 theta=30
0 -180 0 -180 0 -180 0 0 0.00575923 -89.2452 0 0 0 -180 0 -180 0 -180
0 0 0 0 0 0 0 -180 1.16683 -86.2196 0 -180 0 0 0 180 0 0
0 -180 0 -180 0 0 0 -180 0.0246931 0.00164534 0 0 0 0 0 0 0 -180
0 0 0 0 0 -180 0 0 0.0808315 68.0275 0 -180 0 -180 0 180 0 0
0 -180 0 -180 0 0 0 -180 0.0250261 1.10246 0 0 0 0 0 0 0 -180
0 0 0 0 0 -180 0 0 0.0784817 70.9671 0 180 0 -180 0 -180 0 0
0 -180 0 0 0 -180 0 -180 0.0345355 -160.199 0 -180 0 -180 0 0 0 -180
0 0 0 -180 0 0 0 0 1.25042 -86.4178 0 0 0 0 0 -180 0 0
inside=0 lambda=0.647 phi=25 theta=45
0 -180 0 -180 0 -180 0 0 0.0177586 -153.094 0 0 0 -180 0 -180 0 -180
0 0 0 0 0 0 0 -180 1.20855 -86.404 0 -180 0 0 0 180 0 0
0 -180 0 -180 0 0 0 -180 0.0286496 0.40556 0 0 0 0 0 0 0 -180
0 0 0 0 0 -180 0 0 0.0917664 69.6554 0 -180 0 -180 0 180 0 0
0 -180 0 -180 0 0 0 -180 0.0286496 0.40556 0 0 0 0 0 0 0 -180
0 0 0 0 0 -180 0 0 0.0917664 69.6554 0 180 0 -180 0 -180 0 0
0 -180 0 0 0 -180 0 -180 0.0177586 -153.094 0 -180 0 -180 0 0 0 -180
0 0 0 -180 0 0 0 0 1.20855 -86.404 0 180 0 0 0 -180 0 0
inside=0 lambda=0.647 phi=30 theta=0
0 -180 0 180 0 -180 0.0462903 -64.931 0.033066 26.1178 0 0 0 -180 0 180 0 -180
0 0 0 180 0 0 0 -180 1.06789 -103.31 0 -180 0 0 0 180 0 0
0 -180 0 -180 0 0 1.05457e-13 -123.98 3.04009e-13 2.81984 0 180 0 0 0 0 0 -180
0 0 0 -0 0 -180 0 -180 2.49868e-13 -77.1068 0 0 0 -180 0 180 0 0
0 -180 0 -180 0 0 1.68325e-14 -37.7651 2.00371e-13 62.7997 0 -0 0 0 0 0 0 -180
0 0 0 0 0 -180 0 180 2.42835e-13 -9.17533 0 -0 0 -180 0 -180 0 0
0 -180 0 0 0 -180 0.27315 -99.3781 0.0977623 125.546 0 -180 0 -180 0 0 0 -180
0 0 0 -180 0 0 0 0 1.33873 -104.128 0 0 0 0 0 -180 0 0
inside=0 lambda=0.647 phi=30 theta=15
0 -180 0 180 0 -180 0 0 0.0369229 35.7564 0 0 0 -180 0 180 0 -180
0 0 0 180 0 0 0 -180 1.09093 -103.687 0 -180 0 0 0 180 0 0
0 -180 0 -180 0 0 0 -180 0.0305722 -52.8427 0 0 0 0 0 0 0 -180
0 0 0 -0 0 -180 0 0 0.0827018 44.8401 0 -180 0 -180 0 180 0 0
0 -180 0 -180 0 0 0 -180 0.0302518 -49.8007 0 0 0 0 0 0 0 -180
0 0 0 0 0 -180 0 -0 0.0737093 52.2852 0 180 0 -180 0 -180 0 0
0 -180 0 0 0 -180 0 -180 0.0999734 120.462 0 -180 0 -180 0 0 0 -180
0 0 0 -180 0 0 0 0 1.32959 -104.481 0 0 0 0 0 -180 0 0
inside=0 lambda=0.647 phi=30 theta=30
0 -180 0 -180 0 -180 0 0 0.0405792 64.2063 0 0 0 -180 0 180 0 -180
0 0 0 0 0 0 0 -180 1.14041 -104.49 0 -180 0 0 0 180 0 0
0 -180 0 -180 0 0 0 -180 0.0527372 -53.7809 0 0 0 0 0 0 0 -180
0 0 0 -0 0 -180 0 0 0.136348 47.1741 0 -180 0 -180 0 180 0 0
0 -180 0 -180 0 0 0 -180 0.0525638 -52.3532 0 0 0 0 0 0 0 -180
0 0 0 0 0 -180 0 -0 0.129512 51.3429 0 180 0 -180 0 -180 0 0
0 -180 0 0 0 -180 0 -180 0.0820367 108.849 0 -180 0 -180 0 0 0 -180
0 0 0 -180 0 0 0 0 1.27786 -105.056 0 0 0 0 0 -180 0 0
inside=0 lambda=0.647 phi=30 theta=45
0 -180 0 -180 0 -180 0 0 0.0584964 92.4476 0 0 0 -180 0 -180 0 -180
0 0 0 0 0 0 0 -180 1.20863 -105.017 0 -180 0 0 0 0 0 0
0 -180 0 -180 0 0 0 -180 0.0607648 -53.5257 0 0 0 0 0 0 0 -180
0 0 0 -0 0 -180 0 0 0.152511 49.5377 0 -180 0 -180 0 180 0 0
0 -180 0 -180 0 0 0 -180 0.0607648 -53.5257 0 0 0 0 0 0 0 -180
0 0 0 0 0 -180 0 -0 0.152511 49.5377 0 180 0 -180 0 -180 0 0
0 -180 0 0 0 -180 0 -180 0.0584964 92.4476 0 -180 0 -180 0 0 0 -180
0 0 0 -180 0 0 0 0 1.20863 -105.017 0 0 0 0 0 -180 0 0
inside=0 lambda=0.647 phi=35 theta=0
0 -180 0 180 0 -180 0.13755 -44.8647 0.0384441 -54.7299 0 0 0 -180 0 180 0 -180
0 0 0 180 0 0 0 -180 0.969405 -124.107 0 180 0 0 0 180 0 0
0 -180 0 -0 0 0 8.79188e-14 176.255 1.95616e-13 156.102 0 -0 0 0 0 180 0 -180
0 0 0 -0 0 -180 0 0 2.14628e-13 26.295 0 0 0 -180 0 180 0 0
0 -180 0 -180 0 0 4.4775e-13 -49.6587 1.28198e-13 148.265 0 -0 0 0 0 0 0 -180
0 0 0 0 0 -180 0 -180 8.08442e-14 107.58 0 0 0 -180 0 -180 0 0
0 -180 0 0 0 -180 0.357071 -72.2406 0.208367 71.7024 0 -180 0 -180 0 0 0 -180
0 0 0 -180 0 0 0 0 1.39095 -125.698 0 0 0 0 0 -180 0 0
inside=0 lambda=0.647 phi=35 theta=15
0 -180 0 180 0 -180 0.109224 -57.1899 0.0351698 -14.7016 0 0 0 -180 0 180 0 -180
0 0 0 180 0 0 0 -180 1.00297 -124.71 0 180 0 0 0 180 0 0
0 -180 0 -180 0 0 0.00959405 -72.636 0.0684698 -96.7085 0 0 0 0 0 180 0 -180
0 0 0 -0 0 -180 0 0 0.13941 22.1871 0 -180 0 -180 0 180 0 0
0 -180 0 -180 0 0 0.0756294 -96.3141 0.0658004 -96.7952 0 0 0 0 0 0 0 -180
0 0 0 0 0 -180 0 -0 0.118211 30.3941 0 180 0 -180 0 -180 0 0
0 -180 0 0 0 -180 0.315481 -85.8803 0.203762 73.1119 0 -180 0 -180 0 0 0 -180
0 0 0 -180 0 0 0 0 1.37056 -126.265 0 0 0 0 0 -180 0 0
inside=0 lambda=0.647 phi=35 theta=30
0 -180 0 180 0 -180 0 -0 0.0726518 34.3082 0 0 0 -180 0 180 0 -180
0 0 0 0 0 0 0 -180 1.09305 -126.353 0 180 0 0 0 180 0 0
0 -180 0 -180 0 0 0 -180 0.123546 -97.1754 0 0 0 0 0 180 0 -180
0 0 0 -0 0 -180 0 0 0.224132 23.2454 0 -180 0 -180 0 180 0 0
0 -180 0 -180 0 0 0 -180 0.121747 -96.3263 0 180 0 0 0 0 0 -180
0 0 0 0 0 -180 0 -0 0.203883 29.2224 0 180 0 -180 0 -180 0 0
0 -180 0 0 0 -180 0 -180 0.184152 69.3842 0 -180 0 -180 0 0 0 -180
0 0 0 -180 0 0 0 0 1.31004 -127.398 0 0 0 0 0 -180 0 0
inside=0 lambda=0.647 phi=35 theta=45
0 -180 0 -180 0 -180 0 0 0.126763 57.0799 0 0 0 -180 0 -180 0 -180
0 0 0 0 0 0 0 -180 1.19951 -127.522 0 -180 0 0 0 0 0 0
0 -180 0 -180 0 0 0 -180 0.14211 -97.6644 0 0 0 0 0 180 0 -180
0 0 0 -0 0 -180 0 0 0.242661 26.6824 0 -180 0 -180 0 180 0 0
0 -180 0 -180 0 0 0 -180 0.14211 -97.6644 0 180 0 0 0 0 0 -180
0 0 0 0 0 -180 0 -0 0.242661 26.6824 0 180 0 -180 0 -180 0 0
0 -180 0 0 0 -180 0 -180 0.126763 57.0799 0 -180 0 -180 0 0 0 -180
0 0 0 -180 0 0 0 0 1.19951 -127.522 0 0 0 0 0 -180 0 0
inside=0 lambda=0.647 phi=40 theta=0
0 -180 0 180 0 -180 0.25396 -16.2381 0.220051 -139.356 0 0 0 -180 0 180 0 -180
0 0 0 180 0 -0 0 -180 0.758323 -148.572 0 180 0 0 0 180 0 -0
0 -180 0 -0 0 0 1.88977e-13 144.903 6.22067e-14 25.482 0 180 0 0 0 180 0 -180
0 0 0 -0 0 180 0 0 2.80394e-13 157.167 0 180 0 -180 0 180 0 -0
0 -180 0 -180 0 0 3.59836e-12 -174.403 1.91681e-12 -65.8019 0 -180 0 0 0 0 0 -180
0 -0 0 0 0 -180 0 0 2.14394e-12 134.885 0 0 0 180 0 -180 0 0
0 -180 0 0 0 -180 0.417217 -54.1262 0.459571 30.2765 0 -180 0 -180 0 0 0 -180
0 -0 0 -180 0 0 0 -0 1.45324 -148.567 0 0 0 -0 0 -180 0 0
inside=0 lambda=0.647 phi=40 theta=15
0 -180 0 180 0 -180 0.214645 -42.6154 0.142492 -131.57 0 0 0 -180 0 180 0 -180
0 0 0 180 0 -0 0 -180 0.825762 -149.928 0 180 0 0 0 180 0 -0
0 -180 0 -0 0 0 0.0644552 26.0402 0.155931 -136.985 0 0 0 0 0 180 0 -180
0 0 0 -0 0 180 0 -0 0.254947 -2.6611 0 180 0 -180 0 180 0 -0
0 -180 0 -180 0 -0 0.123241 -72.0262 0.156782 -139.225 0 180 0 0 0 0 0 -180
0 0 0 0 0 -180 0 -0 0.194859 12.8198 0 180 0 180 0 -180 0 0
0 -180 0 0 0 -180 0.359262 -72.2314 0.411377 33.0578 0 -180 0 -180 0 0 0 -180
0 0 0 -180 0 0 0 -0 1.44112 -150.637 0 0 0 -0 0 -180 0 0
inside=0 lambda=0.647 phi=40 theta=30
0 -180 0 180 0 -180 0.0911575 -80.995 0.057439 -41.9605 0 0 0 180 0 180 0 -180
0 0 0 180 0 -0 0 -180 0.984616 -152.548 0 180 0 0 0 0 0 -0
0 -180 0 -180 0 0 0.0467891 -44.289 0.279169 -135.346 0 0 0 0 0 180 0 -180
0 0 0 -0 0 180 0 0 0.389195 1.61823 0 180 0 -180 0 180 0 -0
0 -180 0 -180 0 0 0.118529 -125.295 0.275271 -136.144 0 180 0 0 0 0 0 -180
0 0 0 0 0 -180 0 -0 0.331869 9.43057 0 180 0 180 0 180 0 0
0 -180 0 -0 0 -180 0.242518 -115.117 0.315508 30.6106 0 -180 0 -180 0 0 0 -180
0 0 0 -180 0 0 0 0 1.33973 -152.997 0 0 0 -0 0 180 0 -0
inside=0 lambda=0.647 phi=40 theta=45
0 180 0 -180 0 -180 0 -0 0.178106 16.5801 0 0 0 180 0 180 0 -180
0 0 0 0 0 -0 0 -180 1.16738 -154.315 0 180 0 0 0 0 0 -0
0 -180 0 -180 0 0 0 -180 0.328395 -136.911 0 0 0 -0 0 180 0 -180
0 0 0 -0 0 180 0 0 0.400028 5.79849 0 180 0 -180 0 180 0 -0
0 -180 0 -180 0 -0 0 -180 0.328395 -136.911 0 180 0 0 0 0 0 -180
0 0 0 0 0 -180 0 -0 0.400028 5.79849 0 180 0 180 0 180 0 -0
0 180 0 -0 0 180 0 -180 0.178106 16.5801 0 180 0 -180 0 0 0 -180
0 0 0 -180 0 0 0 0 1.16738 -154.315 0 0 0 -0 0 180 0 -0
inside=0 lambda=0.647 phi=45 theta=0
0 0 0 0 0 -0 0.49287 126.004 0.853805 128.609 0 0 0 0 0 0 0 -0
0 180 0 0 0 180 0 -0 0 -180 0 0 0 180 0 0 0 180
0 0 0 -180 0 180 5.87923e-13 -67.1858 1.53177e-12 -179.72 0 -0 0 -180 0 0 0 -0
0 180 0 -180 0 -0 0 180 0 -0 0 -0 0 -0 0 0 0 180
0 180 0 180 0 0 5.6434e-12 42.1375 3.13621e-12 -168.014 0 180 0 -0 0 -0 0 -180
0 -0 0 -0 0 0 0 -0 0 -0 0 0 0 180 0 180 0 -180
0 180 0 -0 0 -180 0.237589 102.33 0.974373 -8.16956 0 180 0 180 0 -0 0 -180
0 -0 0 180 0 -180 0 0 0 180 0 -0 0 -0 0 180 0 -180
inside=0 lambda=0.647 phi=45 theta=15
0 -0 0 0 0 -180 0.249495 51.1069 0.809588 134.35 0 0 0 0 0 0 0 -180
0 180 0 0 0 -180 0 -180 0 -180 0 0 0 0 0 0 0 180
0 -0 0 -180 0 0 0.408306 -36.6883 0.434805 149.528 0 0 0 -180 0 0 0 -180
0 180 0 -180 0 0 0 -180 0 -0 0 0 0 -180 0 0 0 180
0 -180 0 180 0 -0 0.110259 19.1247 0.454532 147.928 0 0 0 -0 0 0 0 -180
0 -0 0 0 0 180 0 -0 0 -0 0 0 0 180 0 180 0 0
0 -180 0 -0 0 180 0.0924688 -44.092 0.88339 -23.0666 0 180 0 180 0 0 0 -180
0 -0 0 -180 0 -0 0 -0 0 180 0 -0 0 -0 0 180 0 0
inside=0 lambda=0.647 phi=45 theta=30
0 -0 0 -0 0 -180 0.154588 -69.171 0.493945 134.649 0 0 0 180 0 180 0 -180
0 180 0 180 0 -0 0 -180 0 -180 0 0 0 0 0 0 0 -180
0 -180 0 -180 0 0 0.363098 -61.569 0.842499 141.61 0 0 0 -0 0 0 0 -180
0 180 0 -180 0 180 0 180 0 -0 0 180 0 -180 0 0 0 -180
0 -180 0 180 0 -0 0.0845981 -101.736 0.850241 141.166 0 0 0 0 0 0 0 -180
0 0 0 0 0 180 0 -0 0 -0 0 0 0 180 0 180 0 -0
0 -180 0 -0 0 180 0.234382 -91.541 0.514792 -34.6871 0 180 0 -180 0 0 0 -180
0 0 0 -180 0 -0 0 -0 0 180 0 0 0 -0 0 180 0 -0
inside=0 lambda=0.647 phi=45 theta=45
0 -180 0 -180 0 -180 0 -180 0.0173663 49.3565 0 0 0 180 0 180 0 -180
0 0 0 180 0 -0 0 -180 0 -180 0 180 0 0 0 0 0 -180
0 -180 0 -180 0 0 0 -180 0.999849 139.357 0 0 0 -0 0 0 0 -180
0 0 0 -0 0 180 0 0 0 -0 0 180 0 -180 0 0 0 -0
0 -180 0 -180 0 -0 0 -180 0.999849 139.357 0 0 0 0 0 0 0 -180
0 0 0 0 0 -180 0 -0 0 -0 0 0 0 180 0 180 0 -0
0 -180 0 -180 0 180 0 -180 0.0173663 49.3565 0 180 0 -180 0 0 0 -180
0 0 0 -180 0 0 0 180 0 -180 0 0 0 -0 0 180 0 -180
inside=1 lambda=0.647 phi=0 theta=0
0 -180 0 -180 0 -180 0 0 0.127271 137.142 0 0 0 -180 0 -180 0 -180
0 0 0 180 0 0 0 -0 0.821829 -45.1694 0 -0 0 0 0 180 0 0
0 -180 0 -0 0 0 0 180 1.8544e-13 -116.824 0 180 0 0 0 -180 0 -180
0 180 0 180 0 -0 0 0 2.17225e-13 -76.877 0 180 0 -0 0 180 0 180
0 -180 0 0 0 0 0 -180 1.26382e-13 -76.5009 0 -180 0 0 0 180 0 -180
0 180 0 0 0 -0 0 0 9.26307e-14 -57.8114 0 0 0 -0 0 -0 0 180
0 -180 0 0 0 -180 0 -180 0.127271 137.142 0 -180 0 -180 0 0 0 -180
0 0 0 -0 0 0 0 180 0.821829 -45.1694 0 180 0 0 0 -0 0 0
inside=1 lambda=0.647 phi=0 theta=15
0 -180 0 -180 0 -180 0 0 0.127271 137.142 0 0 0 -180 0 -180 0 -180
0 0 0 180 0 0 0 -0 0.821829 -45.1694 0 -0 0 0 0 180 0 0
0 -180 0 -0 0 0 0 180 1.8544e-13 -116.824 0 180 0 0 0 -180 0 -180
0 180 0 180 0 -0 0 0 2.17225e-13 -76.877 0 180 0 -0 0 180 0 180
0 -180 0 0 0 0 0 -180 1.26382e-13 -76.5009 0 -180 0 0 0 180 0 -180
0 180 0 0 0 -0 0 0 9.26307e-14 -57.8114 0 0 0 -0 0 -0 0 180
0 -180 0 0 0 -180 0 -180 0.127271 137.142 0 -180 0 -180 0 0 0 -180
0 0 0 -0 0 0 0 180 0.821829 -45.1694 0 180 0 0 0 -0 0 0
inside=1 lambda=0.647 phi=0 theta=30
0 -180 0 -180 0 -180 0 0 0.127271 137.142 0 0 0 -180 0 -180 0 -180
0 0 0 180 0 0 0 -0 0.821829 -45.1694 0 -0 0 0 0 180 0 0
0 -180 0 -0 0 0 0 180 1.8544e-13 -116.824 0 180 0 0 0 -180 0 -180
0 180 0 180 0 -0 0 0 2.17225e-13 -76.877 0 180 0 -0 0 180 0 180
0 -180 0 0 0 0 0 -180 1.26382e-13 -76.5009 0 -180 0 0 0 180 0 -180
0 180 0 0 0 -0 0 0 9.26307e-14 -57.8114 0 0 0 -0 0 -0 0 180
0 -180 0 0 0 -180 0 -180 0.127271 137.142 0 -180 0 -180 0 0 0 -180
0 0 0 -0 0 0 0 180 0.821829 -45.1694 0 180 0 0 0 -0 0 0
inside=1 lambda=0.647 phi=0 theta=45
0 -180 0 -180 0 -180 0 0 0.127271 137.142 0 0 0 -180 0 -180 0 -180
0 0 0 180 0 0 0 -0 0.821829 -45.1694 0 -0 0 0 0 180 0 0
0 -180 0 -0 0 0 0 180 1.8544e-13 -116.824 0 180 0 0 0 -180 0 -180
0 180 0 180 0 -0 0 0 2.17225e-13 -76.877 0 180 0 -0 0 180 0 180
0 -180 0 0 0 0 0 -180 1.26382e-13 -76.5009 0 -180 0 0 0 180 0 -180
0 180 0 0 0 -0 0 0 9.26307e-14 -57.8114 0 0 0 -0 0 -0 0 180
0 -180 0 0 0 -180 0 -180 0.127271 137.142 0 -180 0 -180 0 0 0 -180
0 0 0 -0 0 0 0 180 0.821829 -45.1694 0 180 0 0 0 -0 0 0
inside=1 lambda=0.647 phi=5 theta=0
0 -180 0 -180 0 -180 0 0 0.12485 136.371 0 0 0 -180 0 -180 0 -180
0 0 0 180 0 0 0 -0 0.822914 -45.9352 0 -180 0 0 0 180 0 0
0 -180 0 -180 0 0 0 -0 3.81471e-14 -1.97603 0 180 0 0 0 0 0 -180
0 180 0 0 0 -180 0 -0 2.39485e-13 -140.36 0 180 0 -0 0 -180 0 0
0 -180 0 -180 0 0 0 -0 3.13032e-14 -45.0704 0 -0 0 0 0 0 0 -180
0 180 0 180 0 -0 0 0 2.09938e-13 -138.592 0 0 0 -0 0 -0 0 180
0 -180 0 0 0 -180 0 -180 0.126207 136.681 0 -180 0 -180 0 0 0 -180
0 0 0 -0 0 0 0 180 0.821112 -45.9354 0 180 0 0 0 -0 0 0
inside=1 lambda=0.647 phi=5 theta=15
0 -180 0 -180 0 -180 0 0 0.12494 136.392 0 0 0 -180 0 -180 0 -180
0 0 0 180 0 0 0 -0 0.822793 -45.9352 0 -180 0 0 0 180 0 0
0 -180 0 -180 0 0 0 -180 0.000323361 -28.3623 0 0 0 0 0 0 0 -180
0 180 0 0 0 -180 0 180 0.000476728 -25.8427 0 -180 0 -0 0 -180 0 0
0 -180 0 -180 0 0 0 -180 0.000323681 -28.2745 0 0 0 0 0 0 0 -180
0 180 0 180 0 -0 0 0 0.000476455 -25.926 0 -180 0 -0 0 -0 0 180
0 -180 0 0 0 -180 0 -180 0.126116 136.66 0 -180 0 -180 0 0 0 -180
0 0 0 -0 0 0 0 180 0.821233 -45.9354 0 180 0 0 0 -180 0 0
inside=1 lambda=0.647 phi=5 theta=30
0 -180 0 -180 0 -180 0 0 0.125189 136.449 0 0 0 -180 0 -180 0 -180
0 0 0 180 0 0 0 -0 0.822463 -45.9352 0 -180 0 0 0 180 0 0
0 -180 0 -180 0 0 0 -180 0.000560195 -28.3437 0 0 0 0 0 0 0 -180
0 180 0 0 0 -180 0 180 0.000825616 -25.8604 0 -0 0 -0 0 -180 0 180
0 -180 0 -180 0 0 0 -180 0.000560514 -28.293 0 0 0 0 0 0 0 -180
0 180 0 180 0 -0 0 0 0.000825343 -25.9085 0 -180 0 -180 0 -0 0 180
0 -180 0 0 0 -180 0 -180 0.125867 136.604 0 -180 0 -180 0 0 0 -180
0 0 0 -0 0 0 0 180 0.821562 -45.9353 0 180 0 0 0 -180 0 0
inside=1 lambda=0.647 phi=5 theta=45
0 -180 0 -180 0 -180 0 0 0.125528 136.526 0 0 0 -180 0 -180 0 -180
0 0 0 180 0 0 0 -0 0.822013 -45.9353 0 -180 0 0 0 180 0 0
0 -180 0 -180 0 0 0 -180 0.000647042 -28.3183 0 0 0 0 0 0 0 -180
0 180 0 0 0 -180 0 180 0.000953181 -25.8845 0 -0 0 -0 0 -180 0 180
0 -180 0 -180 0 0 0 -180 0.000647042 -28.3183 0 0 0 0 0 0 0 -180
0 180 0 180 0 -0 0 0 0.000953181 -25.8845 0 -180 0 -180 0 -0 0 180
0 -180 0 0 0 -180 0 -180 0.125528 136.526 0 -180 0 -180 0 0 0 -180
0 0 0 -0 0 0 0 180 0.822013 -45.9353 0 180 0 0 0 -180 0 0
inside=1 lambda=0.647 phi=10 theta=0
0 -180 0 -180 0 -180 0 0 0.117563 134.038 0 0 0 -180 0 -180 0 -180
0 0 0 180 0 0 0 -0 0.826182 -48.2216 0 -180 0 0 0 180 0 0
0 -180 0 -180 0 0 0 -0 9.93638e-14 -142.244 0 -0 0 0 0 0 0 -180
0 180 0 0 0 -180 0 -0 7.08596e-13 -129.742 0 -0 0 -0 0 -180 0 0
0 -180 0 -180 0 0 0 180 9.49924e-14 -80.4956 0 180 0 0 0 0 0 -180
0 0 0 0 0 -0 0 -180 3.97461e-13 -131.124 0 0 0 -180 0 -180 0 180
0 -180 0 0 0 -180 0 -180 0.122844 135.367 0 -180 0 -180 0 0 0 -180
0 0 0 -180 0 0 0 180 0.818946 -48.2219 0 180 0 0 0 -180 0 0
inside=1 lambda=0.647 phi=10 theta=15
0 -180 0 -180 0 -180 0 0 0.117914 134.129 0 0 0 -180 0 -180 0 -180
0 0 0 180 0 0 0 -0 0.825697 -48.2216 0 -180 0 0 0 180 0 0
0 -180 0 -180 0 0 0 -180 0.00125596 -28.72 0 0 0 0 0 0 0 -180
0 180 0 0 0 -180 0 180 0.00191684 -27.8913 0 -180 0 -0 0 -180 0 0
0 -180 0 -180 0 0 0 -0 0.00126143 -28.3737 0 0 0 0 0 0 0 -180
0 0 0 180 0 -0 0 0 0.00191238 -28.2292 0 -180 0 -180 0 -180 0 180
0 -180 0 0 0 -180 0 -180 0.122488 135.28 0 -180 0 -180 0 0 0 -180
0 0 0 -180 0 0 0 180 0.819431 -48.2219 0 180 0 0 0 -180 0 0
inside=1 lambda=0.647 phi=10 theta=30
0 -180 0 -180 0 -180 0 0 0.118875 134.377 0 0 0 -180 0 -180 0 -180
0 0 0 180 0 0 0 -0 0.824373 -48.2218 0 -180 0 0 0 180 0 0
0 -180 0 -180 0 0 0 -180 0.00217738 -28.6456 0 0 0 0 0 0 0 -180
0 180 0 0 0 -180 0 180 0.00331837 -27.9651 0 -180 0 -0 0 -180 0 0
0 -180 0 -180 0 0 0 -0 0.00218285 -28.4457 0 0 0 0 0 0 0 -180
0 0 0 180 0 -0 0 0 0.00331391 -28.1602 0 -180 0 -180 0 -180 0 0
0 -180 0 0 0 -180 0 -180 0.121516 135.041 0 -180 0 -180 0 0 0 -180
0 0 0 -0 0 0 0 180 0.820755 -48.222 0 180 0 0 0 -180 0 0
inside=1 lambda=0.647 phi=10 theta=45
0 -180 0 -180 0 -180 0 0 0.120193 134.711 0 0 0 -180 0 -180 0 -180
0 0 0 180 0 0 0 -0 0.822564 -48.2219 0 -180 0 0 0 180 0 0
0 -180 0 -0 0 0 0 -180 0.00251738 -28.545 0 0 0 0 0 0 0 -180
0 180 0 0 0 -180 0 180 0.00382911 -28.0638 0 -180 0 -0 0 -180 0 0
0 -180 0 -180 0 0 0 -0 0.00251738 -28.545 0 0 0 0 0 0 0 -180
0 180 0 180 0 -0 0 0 0.00382911 -28.0638 0 -180 0 -180 0 -180 0 0
0 -180 0 0 0 -180 0 -180 0.120193 134.711 0 -180 0 -180 0 0 0 -180
0 0 0 -0 0 0 0 180 0.822564 -48.2219 0 180 0 0 0 -180 0 0
inside=1 lambda=0.647 phi=15 theta=0
0 -180 0 -180 0 -180 0 0 0.105393 130.065 0 0 0 -180 0 -180 0 -180
0 0 0 180 0 0 0 -0 0.831662 -51.9946 0 -180 0 0 0 180 0 0
0 -180 0 -180 0 0 0 -0 1.55809e-14 75.017 0 -0 0 0 0 0 0 -180
0 180 0 0 0 -180 0 -0 8.43441e-15 109.452 0 0 0 -0 0 -180 0 0
0 -180 0 -180 0 0 0 0 3.28348e-14 99.3476 0 -0 0 0 0 0 0 -180
0 0 0 0 0 -180 0 0 6.62159e-14 20.9837 0 0 0 -180 0 -180 0 0
0 -180 0 0 0 -180 0 -180 0.116682 133.442 0 -180 0 -180 0 0 0 -180
0 0 0 -180 0 0 0 0 0.815278 -51.9952 0 180 0 0 0 -180 0 0
inside=1 lambda=0.647 phi=15 theta=15
0 -180 0 -180 0 -180 0 0 0.106133 130.305 0 0 0 -180 0 -180 0 -180
0 0 0 180 0 0 0 -0 0.830565 -51.9949 0 -180 0 0 0 180 0 0
0 -180 0 -180 0 0 0 -180 0.0026811 -28.9045 0 0 0 0 0 0 0 -180
0 180 0 0 0 -180 0 0 0.00435396 -31.2067 0 -180 0 -0 0 -180 0 0
0 -180 0 -180 0 0 0 -0 0.00271177 -28.1549 0 0 0 0 0 0 0 -180
0 0 0 0 0 -180 0 0 0.00433042 -31.9844 0 -180 0 -180 0 -180 0 0
0 -180 0 0 0 -180 0 -180 0.11591 133.228 0 -180 0 -180 0 0 0 -180
0 0 0 -180 0 0 0 0 0.816376 -51.9954 0 180 0 0 0 -180 0 0
inside=1 lambda=0.647 phi=15 theta=30
0 -180 0 -180 0 -180 0 0 0.108168 130.95 0 0 0 -180 0 -180 0 -180
0 0 0 180 0 0 0 -0 0.827567 -51.9955 0 -180 0 0 0 180 0 0
0 -180 0 -0 0 0 0 -180 0.00465504 -28.7397 0 0 0 0 0 0 0 -180
0 180 0 0 0 -180 0 0 0.00753185 -31.3834 0 -180 0 -0 0 -180 0 0
0 -180 0 -180 0 0 0 -0 0.0046857 -28.3075 0 0 0 0 0 0 0 -180
0 0 0 0 0 -0 0 0 0.00750835 -31.8321 0 -180 0 -180 0 -180 0 0
0 -180 0 0 0 -180 0 -180 0.113813 132.636 0 -180 0 -180 0 0 0 -180
0 0 0 -180 0 0 0 0 0.819375 -51.9959 0 180 0 0 0 -180 0 0
inside=1 lambda=0.647 phi=15 theta=45
0 -180 0 -180 0 -180 0 0 0.110975 131.806 0 0 0 -180 0 -180 0 -180
0 0 0 0 0 0 0 -0 0.823471 -51.996 0 -180 0 0 0 180 0 0
0 -180 0 -0 0 0 0 -180 0.00539288 -28.5205 0 0 0 0 0 0 0 -180
0 0 0 0 0 -180 0 0 0.00868301 -31.6139 0 -180 0 -0 0 -180 0 0
0 -180 0 -180 0 0 0 -0 0.00539288 -28.5205 0 0 0 0 0 0 0 -180
0 0 0 0 0 -0 0 0 0.00868301 -31.6139 0 -180 0 -180 0 -180 0 0
0 -180 0 0 0 -180 0 -180 0.110975 131.806 0 -180 0 -180 0 0 0 -180
0 0 0 -0 0 0 0 0 0.823471 -51.996 0 180 0 0 0 -180 0 0
inside=1 lambda=0.647 phi=20 theta=0
0 -180 0 -180 0 -180 0 0 0.0884989 124.227 0 0 0 -180 0 -180 0 -180
0 0 0 180 0 0 0 -0 0.839402 -57.1939 0 -180 0 0 0 180 0 0
0 -180 0 -180 0 0 0 0 2.71848e-14 -57.6987 0 -0 0 0 0 0 0 -180
0 0 0 0 0 -180 0 180 1.46694e-13 -149.58 0 -0 0 -180 0 -180 0 0
0 -180 0 -180 0 0 0 -0 2.66874e-14 -54.8514 0 -0 0 0 0 0 0 -180
0 0 0 0 0 -180 0 -0 9.93291e-14 -149.087 0 0 0 -180 0 -180 0 0
0 -180 0 0 0 -180 0 -180 0.106983 131.439 0 -180 0 -180 0 0 0 -180
0 0 0 -180 0 0 0 0 0.809987 -57.1986 0 180 0 0 0 -180 0 0
inside=1 lambda=0.647 phi=20 theta=15
0 -180 0 -180 0 -180 0 0 0.0896733 124.772 0 0 0 -180 0 -180 0 -180
0 0 0 180 0 0 0 -0 0.837431 -57.1952 0 -180 0 0 0 180 0 0
0 -180 0 -0 0 0 0 -180 0.00440154 -28.1213 0 0 0 0 0 0 0 -180
0 0 0 0 0 -180 0 0 0.00785942 -35.6527 0 -180 0 -0 0 -180 0 0
0 -180 0 -180 0 0 0 -0 0.00451093 -26.9199 0 0 0 0 0 0 0 -180
0 0 0 0 0 -180 0 0 0.00777973 -37.0754 0 -180 0 -180 0 -180 0 0
0 -180 0 0 0 -180 0 -180 0.105683 131.008 0 -180 0 -180 0 0 0 -180
0 0 0 -180 0 0 0 0 0.811958 -57.1995 0 180 0 0 0 -180 0 0
inside=1 lambda=0.647 phi=20 theta=30
0 -180 0 -180 0 -180 0 0 0.09293 126.208 0 0 0 -180 0 -180 0 -180
0 0 0 0 0 0 0 -0 0.832049 -57.198 0 -180 0 0 0 180 0 0
0 -180 0 -0 0 0 0 -180 0.00766401 -27.8469 0 0 0 0 0 0 0 -180
0 0 0 0 0 -180 0 0 0.0135788 -35.9936 0 -180 0 -0 0 -180 0 0
0 -180 0 -180 0 0 0 -0 0.00777322 -27.1565 0 0 0 0 0 0 0 -180
0 0 0 0 0 -180 0 0 0.0134996 -36.8134 0 -180 0 -180 0 -180 0 0
0 -180 0 0 0 -180 0 -180 0.102175 129.798 0 -180 0 -180 0 0 0 -180
0 0 0 -180 0 0 0 0 0.817343 -57.2008 0 180 0 0 0 -180 0 0
inside=1 lambda=0.647 phi=20 theta=45
0 -180 0 -180 0 -180 0 0 0.0974901 128.06 0 0 0 -180 0 -180 0 -180
0 0 0 0 0 0 0 -180 0.824697 -57.2004 0 -180 0 0 0 180 0 0
0 -180 0 -0 0 0 0 -180 0.00891281 -27.4923 0 0 0 0 0 0 0 -180
0 0 0 0 0 -180 0 0 0.015631 -36.4232 0 -180 0 -180 0 -180 0 0
0 -180 0 -180 0 0 0 -0 0.00891281 -27.4923 0 0 0 0 0 0 0 -180
0 0 0 0 0 -180 0 0 0.015631 -36.4232 0 -180 0 -180 0 -180 0 0
0 -180 0 0 0 -180 0 -180 0.0974901 128.06 0 -180 0 -180 0 0 0 -180
0 0 0 -180 0 0 0 0 0.824697 -57.2004 0 180 0 0 0 -180 0 0
inside=1 lambda=0.647 phi=25 theta=0
0 -180 0 -180 0 -180 0 0 0.0674948 115.844 0 0 0 -180 0 -180 0 -180
0 0 0 180 0 0 0 -180 0.849475 -63.7271 0 -180 0 0 0 180 0 0
0 -180 0 -0 0 0 0 -0 5.12542e-14 -115.36 0 180 0 0 0 180 0 -180
0 0 0 0 0 -180 0 -0 2.3422e-13 -155.608 0 -0 0 -180 0 -180 0 0
0 -180 0 -180 0 0 0 180 1.49859e-14 -97.7979 0 -180 0 0 0 0 0 -180
0 0 0 0 0 -180 0 180 2.44975e-13 -154.742 0 180 0 -180 0 -180 0 0
0 -180 0 0 0 -180 0 -180 0.0930307 130.551 0 -180 0 -180 0 0 0 -180
0 0 0 -180 0 0 0 0 0.802833 -63.7518 0 0 0 0 0 -180 0 0
inside=1 lambda=0.647 phi=25 theta=15
0 -180 0 -180 0 -180 0 0 0.0689885 117.068 0 0 0 -180 0 -180 0 -180
0 0 0 0 0 0 0 -180 0.846349 -63.7315 0 -180 0 0 0 180 0 0
0 -180 0 -0 0 0 0 -180 0.00618884 -24.8591 0 0 0 0 0 0 0 -180
0 0 0 0 0 -180 0 0 0.0125737 -41.0695 0 -180 0 -180 0 -180 0 0
0 -180 0 -180 0 0 0 -0 0.00648773 -23.4697 0 0 0 0 0 0 0 -180
0 0 0 0 0 -180 0 0 0.0123578 -43.3623 0 -180 0 -180 0 -180 0 0
0 -180 0 0 0 -180 0 -180 0.0911172 129.756 0 -180 0 -180 0 0 0 -180
0 0 0 -180 0 0 0 0 0.80596 -63.7538 0 0 0 0 0 -180 0 0
inside=1 lambda=0.647 phi=25 theta=30
0 -180 0 -180 0 -180 0 0 0.0732408 120.205 0 0 0 -180 0 -180 0 -180
0 0 0 0 0 0 0 -180 0.837813 -63.742 0 -180 0 0 0 180 0 0
0 -180 0 -0 0 0 0 -180 0.010831 -24.5178 0 0 0 0 0 0 0 -180
0 0 0 0 0 -180 0 0 0.0216783 -41.6563 0 -180 0 -180 0 -180 0 0
0 -180 0 -180 0 0 0 -0 0.0111283 -23.7267 0 0 0 0 0 0 0 -180
0 0 0 0 0 -180 0 0 0.0214653 -42.9737 0 -180 0 -180 0 -180 0 0
0 -180 0 0 0 -180 0 -180 0.0860334 127.474 0 -180 0 -180 0 0 0 -180
0 0 0 -180 0 0 0 0 0.814499 -63.7559 0 0 0 0 0 -180 0 0
inside=1 lambda=0.647 phi=25 theta=45
0 -180 0 -180 0 -180 0 0 0.0794313 124.053 0 0 0 -180 0 -180 0 -180
0 0 0 0 0 0 0 -180 0.826157 -63.752 0 -180 0 0 0 180 0 0
0 -180 0 -0 0 0 0 -180 0.0126791 -24.1017 0 0 0 0 0 0 0 -180
0 0 0 0 0 -180 0 0 0.0248979 -42.3639 0 -180 0 -180 0 -180 0 0
0 -180 0 -180 0 0 0 -0 0.0126791 -24.1017 0 0 0 0 0 0 0 -180
0 0 0 0 0 -180 0 0 0.0248979 -42.3639 0 -180 0 -180 0 -180 0 0
0 -180 0 0 0 -180 0 -180 0.0794313 124.053 0 -180 0 -180 0 0 0 -180
0 0 0 -180 0 0 0 0 0.826157 -63.752 0 180 0 0 0 -180 0 0
inside=1 lambda=0.647 phi=30 theta=0
0 -180 0 -180 0 -180 0 0 0.0439163 102.405 0 0 0 -180 0 -180 0 -180
0 0 0 180 0 0 0 -180 0.862047 -71.4623 0 -180 0 0 0 180 0 0
0 -180 0 -0 0 0 0 -180 2.15368e-13 105.533 0 180 0 0 0 180 0 -180
0 0 0 0 0 -180 0 180 6.52437e-14 76.5162 0 0 0 -180 0 -180 0 0
0 -180 0 -180 0 0 0 180 6.59989e-14 55.3149 0 180 0 0 0 0 0 -180
0 0 0 0 0 -180 0 -180 1.39064e-13 22.9038 0 0 0 -180 0 -180 0 0
0 -180 0 0 0 -180 0 -180 0.0749737 133.77 0 -180 0 -180 0 0 0 -180
0 0 0 -180 0 0 0 0 0.793378 -71.5463 0 0 0 0 0 -180 0 0
inside=1 lambda=0.647 phi=30 theta=15
0 -180 0 -180 0 -180 0 0 0.0452798 105.45 0 0 0 -180 0 -180 0 -180
0 0 0 0 0 0 0 -180 0.857437 -71.475 0 -180 0 0 0 180 0 0
0 -180 0 -0 0 0 0 -180 0.00801806 -16.7325 0 0 0 0 0 0 0 -180
0 0 0 0 0 -180 0 0 0.0187633 -47.3158 0 -180 0 -180 0 -180 0 0
0 -180 0 -180 0 0 0 -0 0.00866404 -16.2131 0 0 0 0 0 0 0 -180
0 0 0 0 0 -180 0 0 0.0182467 -50.7091 0 -180 0 -180 0 -180 0 0
0 -180 0 0 0 -180 0 -180 0.0722881 132.401 0 -180 0 -180 0 0 0 -180
0 0 0 -180 0 0 0 0 0.797981 -71.5509 0 0 0 0 0 -180 0 0
inside=1 lambda=0.647 phi=30 theta=30
0 -180 0 -180 0 -180 0 0 0.0496293 112.978 0 0 0 -180 0 -180 0 -180
0 0 0 0 0 0 0 -180 0.844857 -71.5055 0 -180 0 0 0 180 0 0
0 -180 0 -0 0 0 0 -180 0.0141343 -16.5491 0 0 0 0 0 0 0 -180
0 0 0 0 0 -180 0 0 0.0322376 -48.2545 0 -180 0 -180 0 -180 0 0
0 -180 0 -180 0 0 0 -0 0.0147713 -16.2681 0 0 0 0 0 0 0 -180
0 0 0 0 0 -180 0 0 0.0317358 -50.1944 0 -180 0 -180 0 -180 0 0
0 -180 0 0 0 -180 0 -180 0.0653579 128.274 0 -180 0 -180 0 0 0 -180
0 0 0 -180 0 0 0 0 0.810545 -71.5527 0 0 0 0 0 -180 0 0
inside=1 lambda=0.647 phi=30 theta=45
0 -180 0 -180 0 -180 0 0 0.0568646 121.485 0 0 0 -180 0 -180 0 -180
0 0 0 0 0 0 0 -180 0.827697 -71.5367 0 -180 0 0 0 0 0 0
0 -180 0 -0 0 0 0 -180 0.0166923 -16.379 0 0 0 0 0 0 0 -180
0 0 0 0 0 -180 0 0 0.0368993 -49.327 0 -180 0 -180 0 -180 0 0
0 -180 0 -180 0 0 0 -0 0.0166923 -16.379 0 0 0 0 0 0 0 -180
0 0 0 0 0 -180 0 0 0.0368993 -49.327 0 -180 0 -180 0 -180 0 0
0 -180 0 0 0 -180 0 -180 0.0568646 121.485 0 -180 0 -180 0 0 0 -180
0 0 0 -180 0 0 0 0 0.827697 -71.5367 0 0 0 0 0 -180 0 0
inside=1 lambda=0.647 phi=35 theta=0
0 -180 0 180 0 -180 0 0 0.0219172 70.7427 0 0 0 -180 0 180 0 -180
0 0 0 180 0 0 0 -180 0.877501 -80.2203 0 -180 0 0 0 180 0 0
0 -180 0 -0 0 0 0 -0 1.51156e-13 -119.516 0 0 0 0 0 180 0 -180
0 0 0 0 0 -180 0 0 3.57153e-13 -161.722 0 180 0 -180 0 -180 0 0
0 -180 0 -180 0 0 0 -0 2.45457e-14 -42.2429 0 0 0 0 0 0 0 -180
0 0 0 0 0 -180 0 -0 1.37996e-13 -173.256 0 -0 0 -180 0 -180 0 0
0 -180 0 0 0 -180 0 -180 0.0571935 149.078 0 -180 0 -180 0 0 0 -180
0 0 0 -180 0 0 0 0 0.780893 -80.435 0 0 0 0 0 -180 0 0
inside=1 lambda=0.647 phi=35 theta=15
0 -180 0 -180 0 -180 0 0 0.0215416 79.8288 0 0 0 -180 0 180 0 -180
0 0 0 0 0 0 0 -180 0.870984 -80.252 0 -180 0 0 0 180 0 0
0 -180 0 -0 0 0 0 -180 0.0106918 -2.52163 0 0 0 0 0 180 0 -180
0 0 0 0 0 -180 0 0 0.0269034 -54.3149 0 -180 0 -180 0 -180 0 0
0 -180 0 -180 0 0 0 -0 0.0116953 -4.70286 0 0 0 0 0 0 0 -180
0 0 0 0 0 -180 0 0 0.0257585 -59.0134 0 -180 0 -180 0 -180 0 0
0 -180 0 0 0 -180 0 -180 0.0531591 147.4 0 -180 0 -180 0 0 0 -180
0 0 0 -180 0 0 0 0 0.787358 -80.4471 0 0 0 0 0 -180 0 0
inside=1 lambda=0.647 phi=35 theta=30
0 -180 0 -180 0 -180 0 0 0.0233027 104.312 0 0 0 -180 0 180 0 -180
0 0 0 0 0 0 0 -180 0.85324 -80.3266 0 -180 0 0 0 180 0 0
0 -180 0 -0 0 0 0 -180 0.018912 -2.92499 0 0 0 0 0 0 0 -180
0 0 0 0 0 -180 0 0 0.0459619 -55.7404 0 -180 0 -180 0 -180 0 0
0 -180 0 -180 0 0 0 -0 0.0198842 -4.16659 0 0 0 0 0 0 0 -180
0 0 0 0 0 -180 0 0 0.0448786 -58.4039 0 -180 0 -180 0 -180 0 0
0 -180 0 0 0 -180 0 -180 0.0430106 141.484 0 -180 0 -180 0 0 0 -180
0 0 0 -180 0 0 0 0 0.804999 -80.4488 0 0 0 0 0 -180 0 0
inside=1 lambda=0.647 phi=35 theta=45
0 -180 0 -180 0 -180 0 0 0.0312641 128.223 0 0 0 -180 0 -180 0 -180
0 0 0 0 0 0 0 -180 0.829094 -80.4045 0 -180 0 0 0 0 0 0
0 -180 0 -0 0 0 0 -180 0.0224061 -3.52145 0 0 0 0 0 0 0 -180
0 0 0 0 0 -180 0 0 0.0523481 -57.2637 0 -180 0 -180 0 -180 0 0
0 -180 0 -180 0 0 0 -0 0.0224061 -3.52145 0 0 0 0 0 0 0 -180
0 0 0 0 0 -180 0 0 0.0523481 -57.2637 0 -180 0 -180 0 -180 0 0
0 -180 0 0 0 -180 0 -180 0.0312641 128.223 0 -180 0 -180 0 0 0 -180
0 0 0 -180 0 0 0 0 0.829094 -80.4045 0 0 0 0 0 -180 0 0
inside=1 lambda=0.647 phi=40 theta=0
0 -180 0 180 0 -180 0 0 0.018531 -9.15045 0 0 0 -180 0 180 0 -180
0 0 0 0 0 0 0 -180 0.896624 -89.7633 0 -180 0 0 0 0 0 0
0 -180 0 -0 0 0 0 180 1.79211e-13 -75.7529 0 0 0 0 0 180 0 -180
0 0 0 0 0 -180 0 180 1.82151e-13 65.0643 0 0 0 -180 0 -180 0 0
0 -180 0 -180 0 0 0 -0 8.11741e-14 -19.7767 0 -0 0 0 0 0 0 -180
0 0 0 0 0 -180 0 -0 9.69573e-14 -39.5934 0 -0 0 -180 0 -180 0 0
0 -180 0 0 0 -180 0 -180 0.0575307 -177.445 0 -180 0 -180 0 0 0 -180
0 0 0 -180 0 0 0 0 0.764275 -90.2008 0 0 0 0 0 -180 0 0
inside=1 lambda=0.647 phi=40 theta=15
0 -180 0 180 0 -180 0 0 0.0140774 -12.4911 0 0 0 -180 0 180 0 -180
0 0 0 0 0 0 0 -180 0.88761 -89.8378 0 -180 0 0 0 180 0 0
0 -180 0 -0 0 0 0 -180 0.0163342 12.3229 0 0 0 0 0 180 0 -180
0 0 0 -0 0 -180 0 0 0.0377775 -62.0674 0 -180 0 -180 0 -180 0 0
0 -180 0 -180 0 0 0 -0 0.0171649 7.46395 0 0 0 0 0 0 0 -180
0 0 0 0 0 -180 0 0 0.0353672 -68.2084 0 -180 0 -180 0 -180 0 0
0 -180 0 0 0 -180 0 -180 0.0516342 -176.341 0 -180 0 -180 0 0 0 -180
0 0 0 -180 0 0 0 0 0.773097 -90.244 0 0 0 0 0 -180 0 0
inside=1 lambda=0.647 phi=40 theta=30
0 -180 0 -180 0 -180 0 0 0.00373809 -76.3771 0 0 0 -180 0 180 0 -180
0 0 0 0 0 0 0 -180 0.863179 -89.9977 0 -180 0 0 0 0 0 0
0 -180 0 -0 0 0 0 -180 0.0286341 11.3708 0 0 0 0 0 0 0 -180
0 0 0 -0 0 -180 0 0 0.0639471 -64.1569 0 -180 0 -180 0 -180 0 0
0 -180 0 -180 0 0 0 -0 0.0294126 8.72734 0 0 0 0 0 0 0 -180
0 0 0 0 0 -180 0 0 0.0617694 -67.5949 0 -180 0 -180 0 -180 0 0
0 -180 0 0 0 -180 0 -180 0.0367897 -173.406 0 -180 0 -180 0 0 0 -180
0 0 0 -180 0 0 0 0 0.797153 -90.2571 0 0 0 0 0 -180 0 0
inside=1 lambda=0.647 phi=40 theta=45
0 -180 0 -180 0 -180 0 0 0.0179152 -166.177 0 0 0 -180 0 180 0 -180
0 0 0 0 0 0 0 -180 0.830076 -90.1609 0 -180 0 0 0 0 0 0
0 -180 0 -0 0 0 0 -180 0.0335214 10.0928 0 0 0 0 0 0 0 -180
0 0 0 -0 0 -180 0 0 0.0723428 -66.2033 0 -180 0 -180 0 -180 0 0
0 -180 0 -180 0 0 0 -0 0.0335214 10.0928 0 0 0 0 0 0 0 -180
0 0 0 0 0 -180 0 -0 0.0723428 -66.2033 0 -180 0 -180 0 -180 0 0
0 -180 0 0 0 -180 0 -180 0.0179152 -166.177 0 180 0 -180 0 0 0 -180
0 0 0 -180 0 0 0 0 0.830076 -90.1609 0 0 0 0 0 -180 0 0
inside=1 lambda=0.647 phi=45 theta=0
0 -180 0 180 0 -180 0 0 0.0354504 -48.3715 0 0 0 -180 0 180 0 -180
0 0 0 0 0 0 0.0196859 168.521 0.91886 -99.6708 0 -180 0 0 0 0 0 0
0 -180 0 -0 0 0 0 -0 1.29037e-13 -28.1251 0 180 0 0 0 180 0 -180
0 0 0 -0 0 -180 8.07042e-13 -10.5927 4.93725e-13 -7.07993 0 180 0 -180 0 180 0 0
0 -180 0 -180 0 0 0 180 1.50568e-13 -0.0676342 0 -0 0 0 0 0 0 -180
0 0 0 0 0 -180 5.42016e-14 115.141 4.44202e-13 -23.692 0 180 0 -180 0 -180 0 0
0 -180 0 0 0 -180 0 -180 0.0940256 -156.738 0 -180 0 -180 0 0 0 -180
0 0 0 -180 0 0 0.177633 33.0464 0.73946 -100.326 0 0 0 0 0 -180 0 0
inside=1 lambda=0.647 phi=45 theta=15
0 -180 0 180 0 -180 0 0 0.0300156 -55.7796 0 0 0 -180 0 180 0 -180
0 0 0 0 0 0 0 -180 0.908418 -99.9371 0 -180 0 0 0 180 0 0
0 -180 0 -0 0 0 0 -180 0.0272687 20.224 0 0 0 0 0 180 0 -180
0 0 0 -0 0 -180 0 0 0.0526545 -70.5448 0 -180 0 -180 0 180 0 0
0 -180 0 -180 0 0 0 -0 0.0268084 15.0007 0 0 0 0 0 0 0 -180
0 0 0 0 0 -180 0 0 0.0476634 -78.1615 0 -180 0 -180 0 -180 0 0
0 -180 0 0 0 -180 0 -180 0.0834152 -152.715 0 -180 0 -180 0 0 0 -180
0 0 0 -180 0 0 0 0 0.753913 -100.633 0 0 0 0 0 -180 0 0
inside=1 lambda=0.647 phi=45 theta=30
0 -180 0 180 0 -180 0 0 0.028511 -92.2145 0 0 0 180 0 180 0 -180
0 0 0 0 0 0 0 -180 0.875165 -100.264 0 -180 0 0 0 0 0 0
0 -180 0 -0 0 0 0 -180 0.0471208 19.3845 0 0 0 0 0 0 0 -180
0 0 0 -0 0 -180 0 0 0.0876839 -73.5918 0 -180 0 -180 0 180 0 0
0 -180 0 -180 0 0 0 -0 0.0467347 16.8257 0 0 0 0 0 0 0 -180
0 0 0 0 0 -180 0 -0 0.0835911 -77.7889 0 -180 0 -180 0 -180 0 0
0 -180 0 0 0 180 0 -180 0.0656929 -144.643 0 180 0 -180 0 0 0 -180
0 0 0 -180 0 0 0 0 0.786107 -100.73 0 0 0 0 0 -180 0 0
inside=1 lambda=0.647 phi=45 theta=45
0 -180 0 -180 0 -180 0 0 0.0433693 -128.54 0 0 0 180 0 180 0 -180
0 0 0 0 0 0 0 -180 0.830395 -100.559 0 -180 0 0 0 0 0 0
0 -180 0 -0 0 0 0 -180 0.0542138 18.212 0 0 0 -0 0 0 0 -180
0 0 0 -0 0 -180 0 0 0.0983608 -76.2152 0 -180 0 -180 0 -180 0 0
0 -180 0 -180 0 -0 0 -0 0.0542138 18.212 0 0 0 0 0 0 0 -180
0 0 0 0 0 -180 0 -0 0.0983608 -76.2152 0 -180 0 -180 0 -180 0 0
0 -180 0 0 0 180 0 -180 0.0433693 -128.54 0 180 0 -180 0 0 0 -180
0 0 0 -180 0 0 0 0 0.830395 -100.559 0 0 0 0 0 -180 0 0
