RSoft_BSDF_File_Version 2
1 0 5 2 1 0.182857
0.3 0.3
-1 1
-1 1
1 0.647 0.647
10 0 45 0.5
4 0 45
Begin_Dispersion_Data
0.647 1.45662 0 1 0 0
End_Dispersion_Data
inside=0 lambda=0.647 phi=0 theta=0
0 -180 0 -180 0 -180 0 0 0.12862 -8.41178 0 0 0 -180 0 -180 0 -180
0 -180 0 -180 0 -180 0 0 1.19688 109.607 0 0 0 -180 0 -180 0 -180
0 -180 0 180 0 0 0 0 1.28821e-13 151.528 0 0 0 0 0 180 0 -180
0 -180 0 180 0 0 0 0 6.19168e-13 96.496 0 0 0 0 0 180 0 -180
0 -180 0 0 0 0 0 -0 6.50515e-13 -27.6923 0 180 0 0 0 0 0 -180
0 -180 0 0 0 0 0 180 1.02604e-12 -171.873 0 180 0 0 0 0 0 -180
0 -180 0 0 0 -180 0 -180 0.12862 -8.41178 0 -180 0 -180 0 0 0 -180
0 -180 0 0 0 -180 0 -180 1.19688 109.607 0 -180 0 -180 0 0 0 -180
inside=0 lambda=0.647 phi=0 theta=15
0 -180 0 -180 0 -180 0 0 0.12862 -8.41178 0 0 0 -180 0 -180 0 -180
0 -180 0 -180 0 -180 0 0 1.19688 109.607 0 0 0 -180 0 -180 0 -180
0 -180 0 180 0 0 0 0 1.28821e-13 151.528 0 0 0 0 0 180 0 -180
0 -180 0 180 0 0 0 0 6.19168e-13 96.496 0 0 0 0 0 180 0 -180
0 -180 0 0 0 0 0 -0 6.50515e-13 -27.6923 0 180 0 0 0 0 0 -180
0 -180 0 0 0 0 0 180 1.02604e-12 -171.873 0 180 0 0 0 0 0 -180
0 -180 0 0 0 -180 0 -180 0.12862 -8.41178 0 -180 0 -180 0 0 0 -180
0 -180 0 0 0 -180 0 -180 1.19688 109.607 0 -180 0 -180 0 0 0 -180
inside=0 lambda=0.647 phi=0 theta=30
0 -180 0 -180 0 -180 0 0 0.12862 -8.41178 0 0 0 -180 0 -180 0 -180
0 -180 0 -180 0 -180 0 0 1.19688 109.607 0 0 0 -180 0 -180 0 -180
0 -180 0 180 0 0 0 0 1.28821e-13 151.528 0 0 0 0 0 180 0 -180
0 -180 0 180 0 0 0 0 6.19168e-13 96.496 0 0 0 0 0 180 0 -180
0 -180 0 0 0 0 0 -0 6.50515e-13 -27.6923 0 180 0 0 0 0 0 -180
0 -180 0 0 0 0 0 180 1.02604e-12 -171.873 0 180 0 0 0 0 0 -180
0 -180 0 0 0 -180 0 -180 0.12862 -8.41178 0 -180 0 -180 0 0 0 -180
0 -180 0 0 0 -180 0 -180 1.19688 109.607 0 -180 0 -180 0 0 0 -180
inside=0 lambda=0.647 phi=0 theta=45
0 -180 0 -180 0 -180 0 0 0.12862 -8.41178 0 0 0 -180 0 -180 0 -180
0 -180 0 -180 0 -180 0 0 1.19688 109.607 0 0 0 -180 0 -180 0 -180
0 -180 0 180 0 0 0 0 1.28821e-13 151.528 0 0 0 0 0 180 0 -180
0 -180 0 180 0 0 0 0 6.19168e-13 96.496 0 0 0 0 0 180 0 -180
0 -180 0 0 0 0 0 -0 6.50515e-13 -27.6923 0 180 0 0 0 0 0 -180
0 -180 0 0 0 0 0 180 1.02604e-12 -171.873 0 180 0 0 0 0 0 -180
0 -180 0 0 0 -180 0 -180 0.12862 -8.41178 0 -180 0 -180 0 0 0 -180
0 -180 0 0 0 -180 0 -180 1.19688 109.607 0 -180 0 -180 0 0 0 -180
inside=0 lambda=0.647 phi=5 theta=0
0 -180 0 -180 0 -180 0 0 0.127129 -8.02395 0 0 0 -180 0 -180 0 -180
0 -0 0 -180 0 -180 0 0 1.19453 108.852 0 0 0 -0 0 -180 0 -180
0 -180 0 -0 0 0 0 -180 6.61379e-13 162.912 0 180 0 0 0 180 0 -180
0 -0 0 -180 0 0 0 -180 9.89523e-13 68.1519 0 180 0 180 0 0 0 -180
0 -180 0 -180 0 0 0 -180 7.62861e-13 -78.7893 0 -180 0 0 0 0 0 -180
0 -180 0 -180 0 0 0 0 3.97495e-13 179.348 0 180 0 0 0 0 0 -180
0 -180 0 0 0 -180 0 -180 0.1291 -8.22249 0 -180 0 -180 0 0 0 -180
0 -180 0 0 0 -180 0 -180 1.19939 108.844 0 -180 0 -180 0 0 0 -180
inside=0 lambda=0.647 phi=5 theta=15
0 -180 0 -180 0 -180 0 0 0.127261 -8.03743 0 0 0 -180 0 -180 0 -180
0 -0 0 -180 0 -180 0 0 1.19486 108.851 0 0 0 -0 0 -180 0 -180
0 -180 0 -0 0 0 0 -180 0.000533188 162.194 0 0 0 0 0 180 0 -180
0 -0 0 -180 0 0 0 -180 0.00121232 -75.7942 0 0 0 180 0 0 0 -180
0 -180 0 -180 0 0 0 -180 0.000532999 162.175 0 180 0 0 0 0 0 -180
0 -0 0 -180 0 180 0 -180 0.0012121 -75.763 0 0 0 0 0 0 0 -180
0 -180 0 0 0 -180 0 -180 0.128968 -8.20937 0 -180 0 -180 0 0 0 -180
0 -0 0 0 0 -0 0 -180 1.19906 108.845 0 -180 0 -180 0 0 0 -180
inside=0 lambda=0.647 phi=5 theta=30
0 -180 0 -180 0 -180 0 0 0.127622 -8.07412 0 0 0 -180 0 -180 0 -180
0 -0 0 -180 0 -180 0 0 1.19575 108.85 0 0 0 -0 0 -180 0 -180
0 -180 0 -0 0 0 0 -180 0.000923441 162.19 0 0 0 0 0 180 0 -180
0 -0 0 -180 0 0 0 -180 0.00209972 -75.7875 0 0 0 180 0 0 0 -180
0 -180 0 -180 0 0 0 -0 0.000923253 162.179 0 180 0 0 0 0 0 -180
0 -0 0 -180 0 180 0 -180 0.0020995 -75.7695 0 0 0 0 0 0 0 -180
0 -180 0 0 0 -180 0 -180 0.128608 -8.17338 0 -180 0 -180 0 0 0 -180
0 -0 0 0 0 -0 0 -180 1.19817 108.846 0 -180 0 -180 0 0 0 -180
inside=0 lambda=0.647 phi=5 theta=45
0 -180 0 -180 0 -180 0 0 0.128115 -8.12393 0 0 0 -180 0 -180 0 -180
0 -0 0 -180 0 -180 0 0 1.19696 108.848 0 0 0 -0 0 -180 0 -180
0 -180 0 -0 0 0 0 -180 0.00106619 162.185 0 0 0 0 0 180 0 -180
0 -0 0 -180 0 0 0 -180 0.00242442 -75.7784 0 0 0 180 0 0 0 -180
0 -180 0 -180 0 0 0 -0 0.00106619 162.185 0 180 0 0 0 0 0 -180
0 -0 0 -180 0 180 0 -180 0.00242442 -75.7784 0 0 0 0 0 0 0 -180
0 -180 0 0 0 -180 0 -180 0.128115 -8.12393 0 -180 0 -180 0 0 0 -180
0 -0 0 0 0 -0 0 -180 1.19696 108.848 0 -180 0 -180 0 0 0 -180
inside=0 lambda=0.647 phi=10 theta=0
0 180 0 -180 0 -180 0 0 0.12286 -6.8105 0 0 0 180 0 -180 0 -180
0 -0 0 -0 0 -180 0 180 1.18718 106.58 0 0 0 -0 0 -0 0 -180
0 -180 0 -0 0 0 0 180 2.44228e-13 -102.195 0 -0 0 0 0 180 0 -180
0 -0 0 -180 0 0 0 -180 1.89916e-13 106.669 0 180 0 180 0 0 0 -180
0 -180 0 -180 0 0 0 -0 8.40059e-13 -32.4164 0 -0 0 0 0 0 0 -180
0 -180 0 -180 0 0 0 0 4.55743e-13 -138.332 0 0 0 0 0 0 0 -180
0 -180 0 0 0 -180 0 -180 0.130605 -7.57197 0 -180 0 -180 0 0 0 -180
0 -180 0 0 0 -180 0 -180 1.20723 106.544 0 -180 0 -180 0 0 0 -180
inside=0 lambda=0.647 phi=10 theta=15
0 180 0 -180 0 -180 0 0 0.123382 -6.8644 0 0 0 180 0 -180 0 -180
0 -0 0 -180 0 -180 0 180 1.18852 106.577 0 0 0 -0 0 -0 0 -180
0 -180 0 -0 0 0 0 -180 0.00210214 163.506 0 0 0 0 0 180 0 -180
0 -0 0 -180 0 0 0 -0 0.00501233 -78.3245 0 0 0 180 0 0 0 -180
0 -180 0 -180 0 0 0 -180 0.00209892 163.433 0 180 0 0 0 0 0 -180
0 -180 0 -180 0 180 0 -180 0.00500855 -78.2025 0 0 0 0 0 0 0 -180
0 -180 0 0 0 -180 0 -180 0.130089 -7.52362 0 -180 0 -180 0 0 0 -180
0 -0 0 0 0 -0 0 -180 1.20589 106.546 0 -180 0 -180 0 0 0 -180
inside=0 lambda=0.647 phi=10 theta=30
0 -180 0 -180 0 -180 0 0 0.124804 -7.00939 0 0 0 -180 0 -180 0 -180
0 -0 0 -180 0 -180 0 180 1.19219 106.57 0 0 0 -0 0 -0 0 -180
0 -180 0 -180 0 0 0 -180 0.00364002 163.492 0 0 0 0 0 180 0 -180
0 -0 0 -180 0 0 0 -180 0.00868006 -78.2963 0 0 0 180 0 0 0 -180
0 -180 0 -180 0 0 0 -180 0.0036368 163.45 0 180 0 0 0 0 0 -180
0 -0 0 -180 0 180 0 -180 0.0086763 -78.2259 0 0 0 0 0 0 0 -180
0 -180 0 0 0 -180 0 -180 0.128678 -7.38972 0 -180 0 -180 0 0 0 -180
0 -0 0 0 0 -0 0 -180 1.20222 106.552 0 -180 0 -180 0 0 0 -180
inside=0 lambda=0.647 phi=10 theta=45
0 -180 0 -180 0 -180 0 0 0.126744 -7.20232 0 0 0 -180 0 -180 0 -180
0 -0 0 -180 0 -180 0 180 1.1972 106.561 0 0 0 -0 0 -180 0 -180
0 -180 0 -180 0 0 0 -180 0.00420137 163.471 0 0 0 0 0 180 0 -180
0 -0 0 -180 0 0 0 -180 0.0100206 -78.2599 0 0 0 180 0 0 0 -180
0 -180 0 -180 0 0 0 -180 0.00420137 163.471 0 180 0 0 0 0 0 -180
0 -0 0 -180 0 180 0 -180 0.0100206 -78.2599 0 0 0 0 0 0 0 -180
0 -180 0 0 0 -180 0 -180 0.126744 -7.20232 0 -180 0 -180 0 0 0 -180
0 -0 0 180 0 -0 0 -180 1.1972 106.561 0 -180 0 -180 0 0 0 -180
inside=0 lambda=0.647 phi=15 theta=0
0 180 0 -180 0 -180 0 0 0.116454 -4.68385 0 0 0 180 0 -180 0 -180
0 -0 0 -0 0 -180 0 180 1.17379 102.775 0 0 0 -0 0 -0 0 -180
0 180 0 -0 0 0 0 180 2.06105e-13 100.681 0 -180 0 -0 0 180 0 -180
0 -0 0 -180 0 0 0 -180 2.94439e-13 101.028 0 -180 0 180 0 0 0 -180
0 -180 0 -180 0 0 0 -0 4.21765e-13 -10.8134 0 -180 0 0 0 0 0 -180
0 -180 0 -180 0 0 0 180 4.20092e-13 -126.654 0 -180 0 0 0 0 0 -180
0 -180 0 0 0 -180 0 -180 0.133396 -6.19404 0 -180 0 -180 0 0 0 -180
0 -180 0 0 0 -180 0 -180 1.22149 102.672 0 -180 0 -180 0 0 0 -180
inside=0 lambda=0.647 phi=15 theta=15
0 180 0 -180 0 -180 0 0 0.117601 -4.79942 0 0 0 180 0 -180 0 -180
0 -0 0 -0 0 -180 0 180 1.17698 102.766 0 0 0 -0 0 -0 0 -180
0 180 0 -0 0 0 0 -180 0.00462389 166.388 0 0 0 -0 0 180 0 -180
0 -0 0 -180 0 0 0 -0 0.0119343 -82.6066 0 0 0 180 0 0 0 -180
0 -180 0 -180 0 0 0 -180 0.00460568 166.234 0 180 0 0 0 0 0 -180
0 -180 0 -180 0 180 0 -180 0.0119129 -82.3414 0 0 0 0 0 0 0 -180
0 -180 0 0 0 -180 0 -180 0.132281 -6.10482 0 -180 0 -180 0 0 0 -180
0 -180 0 0 0 -0 0 -180 1.21829 102.677 0 -180 0 -180 0 0 0 -180
inside=0 lambda=0.647 phi=15 theta=30
0 180 0 -180 0 -180 0 0 0.120731 -5.10283 0 0 0 180 0 -180 0 -180
0 -0 0 -0 0 -180 0 180 1.1857 102.744 0 0 0 -0 0 -0 0 -180
0 -180 0 -180 0 0 0 -180 0.00800459 166.36 0 0 0 -0 0 180 0 -180
0 -0 0 -180 0 0 0 -0 0.0206607 -82.5381 0 0 0 180 0 0 0 -180
0 -180 0 -180 0 0 0 -180 0.0079865 166.272 0 180 0 0 0 0 0 -180
0 -0 0 -180 0 180 0 -180 0.0206397 -82.3858 0 0 0 0 0 0 0 -180
0 -180 0 0 0 -180 0 -180 0.129214 -5.85369 0 -180 0 -180 0 0 0 -180
0 -0 0 0 0 -0 0 -180 1.20955 102.692 0 -180 0 -180 0 0 0 -180
inside=0 lambda=0.647 phi=15 theta=45
0 180 0 -180 0 -180 0 0 0.124988 -5.49122 0 0 0 180 0 -180 0 -180
0 -0 0 -180 0 -180 0 180 1.19762 102.716 0 0 0 -0 0 -0 0 -180
0 -180 0 -180 0 0 0 -180 0.00923388 166.318 0 0 0 0 0 180 0 -180
0 -0 0 -180 0 0 0 -180 0.0238437 -82.456 0 0 0 180 0 0 0 -180
0 -180 0 -180 0 0 0 -180 0.00923388 166.318 0 180 0 0 0 0 0 -180
0 -0 0 -180 0 180 0 -180 0.0238437 -82.456 0 0 0 0 0 0 0 -180
0 180 0 0 0 180 0 -180 0.124988 -5.49122 0 -180 0 -180 0 0 0 -180
0 -0 0 180 0 -0 0 -180 1.19762 102.716 0 -0 0 -180 0 0 0 -180
inside=0 lambda=0.647 phi=20 theta=0
0 180 0 -180 0 -180 0 -0 0.108969 -1.78548 0 0 0 180 0 -180 0 -180
0 -0 0 -0 0 -180 0 180 1.15242 97.4086 0 0 0 -0 0 -0 0 -180
0 180 0 -0 0 0 0 -0 5.35363e-14 169.56 0 180 0 -0 0 180 0 -180
0 -0 0 -180 0 0 0 180 1.4004e-13 52.4932 0 180 0 180 0 0 0 -180
0 -180 0 -180 0 0 0 -0 6.2216e-14 -139.794 0 180 0 0 0 0 0 -180
0 -180 0 -180 0 0 0 180 8.96853e-14 58.5666 0 0 0 0 0 0 0 -180
0 -180 0 0 0 -180 0 -180 0.138219 -3.58685 0 -180 0 -180 0 0 0 -180
0 -180 0 0 0 -180 0 -180 1.24437 97.154 0 -180 0 -180 0 0 0 -180
inside=0 lambda=0.647 phi=20 theta=15
0 180 0 -180 0 -180 0 -0 0.110963 -1.94551 0 0 0 180 0 -180 0 -180
0 -0 0 -0 0 -180 0 180 1.15857 97.3845 0 0 0 -0 0 -0 0 -180
0 180 0 -180 0 0 0 -180 0.008039 172.127 0 0 0 -0 0 180 0 -180
0 -0 0 -180 0 0 0 -0 0.0230492 -88.7428 0 0 0 180 0 0 0 -180
0 -180 0 -180 0 0 0 -180 0.007972 171.904 0 180 0 0 0 0 0 -180
0 -180 0 -180 0 180 0 -180 0.0229677 -88.2931 0 -0 0 0 0 0 0 -180
0 -180 0 0 0 -180 0 -180 0.13634 -3.49495 0 -180 0 -180 0 0 0 -180
0 -180 0 0 0 -0 0 -180 1.23819 97.1642 0 -180 0 -180 0 0 0 -180
inside=0 lambda=0.647 phi=20 theta=30
0 180 0 -180 0 -180 0 -0 0.116412 -2.34432 0 0 0 180 0 -180 0 -180
0 -0 0 -0 0 -180 0 180 1.17536 97.3243 0 0 0 -0 0 -0 0 -180
0 180 0 -180 0 0 0 -180 0.0139177 172.084 0 0 0 -0 0 180 0 -180
0 -0 0 -180 0 0 0 -0 0.0398765 -88.607 0 0 0 180 0 -0 0 -180
0 -180 0 -180 0 0 0 -180 0.0138522 171.958 0 180 0 0 0 0 0 -180
0 -0 0 -180 0 180 0 -180 0.0397994 -88.3518 0 -0 0 0 0 0 0 -180
0 180 0 0 0 180 0 -180 0.131114 -3.22708 0 -180 0 -180 0 0 0 -180
0 -0 0 0 0 -0 0 -180 1.22132 97.1974 0 -180 0 -180 0 0 0 -180
inside=0 lambda=0.647 phi=20 theta=45
0 180 0 -180 0 -180 0 0 0.123817 -2.81722 0 0 0 180 0 -180 0 -180
0 -0 0 -180 0 -180 0 180 1.19832 97.2543 0 0 0 -0 0 -0 0 -180
0 180 0 -180 0 0 0 -180 0.0160434 172.024 0 0 0 -0 0 180 0 -180
0 -0 0 -180 0 0 0 -180 0.0459933 -88.461 0 0 0 180 0 -0 0 -180
0 180 0 -180 0 -0 0 -180 0.0160434 172.024 0 180 0 0 0 0 0 -180
0 -0 0 -180 0 180 0 -180 0.0459933 -88.461 0 -0 0 0 0 0 0 -180
0 180 0 0 0 180 0 -180 0.123817 -2.81722 0 -180 0 -180 0 0 0 -180
0 -0 0 180 0 -0 0 -180 1.19832 97.2543 0 -0 0 -180 0 0 0 -180
inside=0 lambda=0.647 phi=25 theta=0
0 180 0 180 0 -180 0 -0 0.101552 0.804534 0 0 0 180 0 180 0 -180
0 -0 0 -0 0 -180 0 180 1.1196 90.4346 0 0 0 -0 0 -0 0 -180
0 180 0 -0 0 0 0 -0 2.63221e-13 106.705 0 -180 0 -0 0 180 0 -180
0 -0 0 180 0 0 0 180 3.84504e-13 32.393 0 180 0 180 0 -0 0 -180
0 -180 0 -180 0 0 0 -0 2.30235e-13 -104.724 0 -180 0 0 0 0 0 -180
0 -180 0 -180 0 0 0 0 4.1379e-13 143.686 0 180 0 0 0 0 0 -180
0 -180 0 0 0 -180 0 -180 0.147074 1.0502 0 -180 0 -180 0 0 0 -180
0 -180 0 0 0 -180 0 -180 1.28021 89.8522 0 -180 0 -180 0 0 0 -180
inside=0 lambda=0.647 phi=25 theta=15
0 180 0 180 0 -180 0 -0 0.104627 0.768849 0 0 0 180 0 180 0 -180
0 -0 0 -0 0 -180 0 180 1.13034 90.3694 0 0 0 -0 0 -0 0 -180
0 180 0 -180 0 0 0 -180 0.0127042 -177.255 0 0 0 -0 0 180 0 -180
0 -0 0 180 0 0 0 -0 0.0403924 -96.8966 0 0 0 180 0 -0 0 -180
0 -180 0 -180 0 0 0 -180 0.0125085 -177.419 0 180 0 0 0 0 0 -180
0 -180 0 -180 0 0 0 -180 0.0401182 -96.2341 0 -0 0 0 0 0 0 -180
0 -180 0 0 0 -180 0 -180 0.144308 0.997282 0 -180 0 -180 0 0 0 -180
0 -180 0 0 0 -0 0 -180 1.26935 89.8673 0 -180 0 -180 0 0 0 -180
inside=0 lambda=0.647 phi=25 theta=30
0 180 0 -180 0 -180 0 -0 0.113169 0.749082 0 0 0 180 0 180 0 -180
0 -0 0 -0 0 -180 0 180 1.15964 90.2174 0 0 0 -0 0 -0 0 -180
0 180 0 -180 0 0 0 -180 0.0220327 -177.356 0 0 0 -0 0 180 0 -180
0 -0 0 180 0 0 0 -0 0.0697689 -96.6495 0 0 0 180 0 -0 0 -180
0 -180 0 -180 0 -0 0 -180 0.0218481 -177.445 0 180 0 0 0 0 0 -180
0 -0 0 -180 0 180 0 -180 0.0695352 -96.2829 0 -0 0 0 0 0 0 -180
0 180 0 0 0 180 0 -180 0.136331 0.893891 0 -180 0 -180 0 0 0 -180
0 -0 0 0 0 -0 0 -180 1.23983 89.9296 0 -180 0 -180 0 0 0 -180
inside=0 lambda=0.647 phi=25 theta=45
0 180 0 -180 0 -180 0 -0 0.124881 0.799958 0 0 0 180 0 180 0 -180
0 -0 0 -180 0 -180 0 180 1.19968 90.0531 0 0 0 -0 0 -0 0 -180
0 180 0 -180 0 0 0 -180 0.0253867 -177.427 0 0 0 -0 0 180 0 -180
0 -0 0 -180 0 0 0 -180 0.0803918 -96.4228 0 0 0 180 0 -0 0 -180
0 180 0 -180 0 -0 0 -180 0.0253867 -177.427 0 180 0 0 0 0 0 -180
0 -0 0 -180 0 180 0 -180 0.0803918 -96.4228 0 -0 0 0 0 0 0 -180
0 180 0 -0 0 180 0 -180 0.124881 0.799958 0 180 0 -180 0 0 0 -180
0 -0 0 180 0 -0 0 -180 1.19968 90.0531 0 -0 0 -180 0 0 0 -180
inside=0 lambda=0.647 phi=30 theta=0
0 180 0 180 0 -180 0.0281458 -104.969 0.0940199 0.322653 0 0 0 180 0 180 0 -180
0 -0 0 -0 0 -180 0 180 1.06693 81.8074 0 0 0 -0 0 -0 0 -180
0 180 0 -0 0 0 1.3789e-13 -60.1768 9.46812e-13 -125.905 0 0 0 -0 0 180 0 -180
0 -0 0 180 0 0 0 -0 1.09077e-12 170.427 0 -0 0 180 0 -0 0 -180
0 -180 0 -180 0 0 7.894e-14 139.118 8.35913e-13 -106.787 0 -180 0 0 0 0 0 -180
0 -180 0 -180 0 0 0 180 7.11694e-13 -50.8662 0 180 0 0 0 0 0 -180
0 -180 0 0 0 -180 0.113969 -132.135 0.164267 8.42449 0 -180 0 -180 0 0 0 -180
0 -180 0 0 0 -180 0 -180 1.33634 80.5247 0 -180 0 -180 0 0 0 -180
inside=0 lambda=0.647 phi=30 theta=15
0 180 0 180 0 -180 0 -0 0.0993989 0.348795 0 0 0 180 0 180 0 -180
0 -0 0 -0 0 -180 0 180 1.08675 81.6303 0 0 0 -0 0 -0 0 -180
0 180 0 -0 0 0 0 -180 0.0208625 -160.408 0 0 0 -0 0 180 0 -180
0 -0 0 180 0 0 0 -0 0.0683464 -107.407 0 0 0 180 0 -0 0 -180
0 -180 0 -180 0 0 0 -180 0.0203482 -160.222 0 180 0 0 0 0 0 -180
0 -180 0 -180 0 0 0 180 0.0671792 -106.513 0 -0 0 0 0 0 0 -180
0 -180 0 0 0 180 0 -180 0.161175 8.24201 0 -180 0 -180 0 0 0 -180
0 -180 0 0 0 -180 0 -180 1.31974 80.5218 0 -180 0 -180 0 0 0 -180
inside=0 lambda=0.647 phi=30 theta=30
0 180 0 180 0 -180 0 -0 0.111939 2.30571 0 0 0 180 0 180 0 -180
0 -0 0 -0 0 -180 0 180 1.13582 81.2215 0 0 0 -0 0 -0 0 -180
0 180 0 -180 0 0 0 -180 0.0364714 -161.066 0 0 0 -0 0 180 0 -180
0 -0 0 180 0 0 0 -0 0.117263 -106.912 0 0 0 180 0 -0 0 -180
0 180 0 -180 0 -0 0 -180 0.0360511 -160.959 0 180 0 0 0 0 0 -180
0 -180 0 -180 0 180 0 180 0.116601 -106.444 0 -0 0 0 0 0 0 -180
0 180 0 -0 0 180 0 -180 0.149087 6.75578 0 -180 0 -180 0 0 0 -180
0 -0 0 0 0 -0 0 -180 1.27001 80.5973 0 -180 0 -180 0 0 0 -180
inside=0 lambda=0.647 phi=30 theta=45
0 180 0 -180 0 -180 0 -0 0.130625 4.75451 0 0 0 180 0 180 0 -180
0 -0 0 -0 0 -180 0 180 1.20278 80.8503 0 0 0 -0 0 -0 0 -180
0 180 0 -180 0 0 0 -180 0.0420582 -161.202 0 0 0 -0 0 180 0 -180
0 -0 0 180 0 0 0 -180 0.13488 -106.593 0 0 0 180 0 -0 0 -180
0 180 0 -180 0 -0 0 -180 0.0420582 -161.202 0 180 0 0 0 0 0 -180
0 -0 0 -180 0 180 0 180 0.13488 -106.593 0 -0 0 0 0 0 0 -180
0 180 0 -0 0 180 0 -180 0.130625 4.75451 0 180 0 -180 0 0 0 -180
0 -0 0 180 0 -0 0 -0 1.20278 80.8503 0 -0 0 -180 0 0 0 -180
inside=0 lambda=0.647 phi=35 theta=0
0 180 0 180 0 -180 0.084614 -101.546 0.0837451 -16.7172 0 0 0 180 0 180 0 -180
0 -0 0 -0 0 -180 0 180 0.978107 71.0052 0 0 0 -0 0 -0 0 -180
0 180 0 -0 0 0 5.83667e-13 -102.145 6.93944e-13 -179.27 0 0 0 -0 0 180 0 -180
0 -0 0 180 0 0 0 -180 1.79465e-12 129.986 0 -180 0 180 0 -0 0 -180
0 -180 0 -180 0 0 2.89359e-13 -135.067 3.41965e-13 -96.37 0 -180 0 0 0 0 0 -180
0 -180 0 -180 0 0 0 0 4.66063e-13 164.757 0 180 0 0 0 0 0 -180
0 -180 0 0 0 -180 0.137246 -111.563 0.20929 18.3349 0 -180 0 -180 0 0 0 -180
0 -180 0 0 0 -180 0 -180 1.4336 68.2431 0 -180 0 -180 0 0 0 -180
inside=0 lambda=0.647 phi=35 theta=15
0 180 0 180 0 -180 0.0647261 -106.425 0.0909888 -12.0028 0 0 0 180 0 180 0 -180
0 -0 0 -0 0 -180 0 180 1.01043 70.6892 0 0 0 -0 0 -0 0 180
0 180 0 -0 0 0 0.00797353 164.401 0.0406505 -143.111 0 0 0 -0 0 180 0 -180
0 -0 0 180 0 0 0 -0 0.116675 -119.514 0 0 0 180 0 -0 0 -180
0 -180 0 -180 0 -0 0.0350262 -135.831 0.0397707 -142.986 0 180 0 0 0 0 0 -180
0 -180 0 -180 0 0 0 180 0.11469 -119.643 0 -0 0 0 0 0 0 -180
0 -180 0 0 0 180 0.122649 -120.034 0.201812 17.3399 0 -180 0 -180 0 0 0 -180
0 -180 0 0 0 -180 0 -180 1.40396 68.2999 0 -180 0 -180 0 0 0 -180
inside=0 lambda=0.647 phi=35 theta=30
0 180 0 180 0 -180 0 -0 0.112499 -2.78152 0 0 0 180 0 180 0 -180
0 -0 0 -0 0 -180 0 180 1.09773 69.8149 0 0 0 -0 0 -0 0 180
0 180 0 -180 0 0 0 180 0.0726646 -143.528 0 0 0 -0 0 180 0 -180
0 -0 0 180 0 0 0 -0 0.199303 -119.925 0 0 0 180 0 -0 0 -180
0 180 0 180 0 -0 0 -180 0.0718299 -143.201 0 180 0 0 0 0 0 -180
0 -180 0 -180 0 180 0 180 0.197288 -119.393 0 -0 0 0 0 0 0 -180
0 180 0 -0 0 180 0 -180 0.179258 13.9902 0 180 0 -180 0 0 0 -180
0 -0 0 0 0 -0 0 -180 1.32409 68.486 0 -180 0 -180 0 0 0 -180
inside=0 lambda=0.647 phi=35 theta=45
0 180 0 -180 0 -180 0 -0 0.144474 7.3108 0 0 0 180 0 180 0 -180
0 -0 0 -0 0 -180 0 180 1.21055 68.9757 0 0 0 -0 0 -0 0 -180
0 180 0 -180 0 0 0 180 0.0838995 -143.985 0 0 0 -0 0 180 0 -180
0 -0 0 180 0 0 0 -180 0.228412 -119.515 0 0 0 180 0 -0 0 -180
0 180 0 180 0 -0 0 -180 0.0838995 -143.985 0 180 0 0 0 0 0 -180
0 -0 0 -180 0 180 0 180 0.228412 -119.515 0 -0 0 0 0 0 0 -180
0 180 0 -0 0 180 0 -180 0.144474 7.3108 0 180 0 -180 0 0 0 -180
0 -0 0 180 0 -0 0 -0 1.21055 68.9757 0 -0 0 -180 0 0 0 -180
inside=0 lambda=0.647 phi=40 theta=0
0 180 0 180 0 -180 0.175986 -99.2232 0.13773 -73.9889 0 0 0 180 0 180 0 -180
0 -0 0 -0 0 180 0 180 0.791288 56.9418 0 -0 0 -0 0 -0 0 180
0 180 0 -0 0 0 7.33114e-13 94.0264 5.48988e-13 -24.4005 0 0 0 -0 0 180 0 -180
0 -0 0 180 0 -0 0 -0 2.51326e-13 -39.2515 0 0 0 180 0 -0 0 180
0 -180 0 -180 0 0 4.36746e-13 -123.887 4.58008e-13 97.958 0 0 0 0 0 0 0 -180
0 -180 0 -180 0 0 0 -0 3.85812e-13 -179.243 0 0 0 0 0 0 0 -180
0 -180 0 0 0 -180 0.180727 -99.5378 0.343922 29.7757 0 -180 0 -180 0 0 0 -180
0 -180 0 0 0 -180 0 -180 1.65146 50.561 0 -180 0 -180 0 0 0 -180
inside=0 lambda=0.647 phi=40 theta=15
0 180 0 180 0 -180 0.137034 -105.461 0.128216 -64.3277 0 0 0 180 0 180 0 -180
0 -0 0 -0 0 180 0 180 0.852827 56.0222 0 -0 0 -0 0 -0 0 180
0 180 0 -0 0 0 0.0243247 104.687 0.104679 -130.627 0 0 0 -0 0 180 0 -180
0 -0 0 180 0 -0 0 -0 0.219967 -136.196 0 -0 0 180 0 -0 0 180
0 -180 0 -180 0 -0 0.0637754 -128.417 0.10359 -130.748 0 180 0 0 0 0 0 -180
0 -180 0 -180 0 0 0 180 0.217974 -136.823 0 -0 0 0 0 0 0 -180
0 180 0 0 0 180 0.149357 -107.942 0.323677 27.7148 0 -180 0 -180 0 0 0 -180
0 -180 0 0 0 -180 0 -180 1.59555 50.5737 0 -180 0 -180 0 0 0 -180
inside=0 lambda=0.647 phi=40 theta=30
0 180 0 180 0 -180 0.0459097 -126.228 0.12504 -31.1474 0 0 0 180 0 180 0 -180
0 -0 0 -0 0 180 0 180 1.017 53.957 0 -0 0 -0 0 -0 0 180
0 180 0 -0 0 0 0.0204311 132.639 0.187783 -131.202 0 0 0 -0 0 180 0 -180
0 -0 0 180 0 -0 0 -0 0.379663 -136.951 0 -0 0 180 0 -0 0 180
0 180 0 180 0 -0 0.0602135 -150.518 0.185823 -131.162 0 180 0 0 0 0 0 -180
0 -180 0 -180 0 0 0 180 0.373357 -137.051 0 -0 0 0 0 0 0 180
0 180 0 -0 0 180 0.101213 -140.72 0.259552 20.6429 0 180 0 -180 0 0 0 -180
0 -0 0 0 0 -0 0 -180 1.44207 50.9982 0 -180 0 -180 0 0 0 180
inside=0 lambda=0.647 phi=40 theta=45
0 180 0 180 0 -180 0 -0 0.174624 3.59295 0 0 0 180 0 180 0 -180
0 -0 0 -0 0 180 0 180 1.2314 51.9278 0 -0 0 -0 0 -0 0 180
0 180 0 -180 0 0 0 180 0.21886 -132.294 0 0 0 -0 0 180 0 -180
0 -0 0 180 0 -0 0 -0 0.431912 -137.021 0 0 0 180 0 -0 0 180
0 180 0 180 0 -0 0 -180 0.21886 -132.294 0 180 0 0 0 0 0 -180
0 -0 0 -0 0 180 0 180 0.431912 -137.021 0 -0 0 -0 0 0 0 180
0 180 0 -0 0 180 0 180 0.174624 3.59295 0 180 0 -180 0 0 0 -180
0 -0 0 180 0 -0 0 -0 1.2314 51.9278 0 -0 0 180 0 -0 0 180
inside=0 lambda=0.647 phi=45 theta=0
0 180 0 180 0 -0 0.444569 -124.024 0.882893 -177.514 0 180 0 180 0 180 0 -0
0 -0 0 -0 0 180 0 180 0 180 0 -0 0 -0 0 -0 0 180
0 180 0 -0 0 180 3.06343e-12 -9.82668 1.96414e-12 -108.027 0 -0 0 -0 0 180 0 -0
0 -0 0 180 0 -0 0 -0 0 -180 0 -0 0 180 0 -0 0 180
0 -180 0 -180 0 0 1.13187e-12 85.1954 2.07465e-12 100.172 0 -0 0 0 0 0 0 -180
0 -180 0 -180 0 0 0 -0 0 -0 0 -180 0 0 0 0 0 -180
0 -180 0 0 0 -180 0.263366 -113.58 0.968416 -2.91386 0 -180 0 -180 0 0 0 -180
0 -180 0 0 0 -180 0 -180 0 -0 0 -180 0 -180 0 0 0 -180
inside=0 lambda=0.647 phi=45 theta=15
0 180 0 0 0 -180 0.322041 -134.774 0.79043 -177.34 0 180 0 180 0 180 0 -0
0 -0 0 -0 0 180 0 180 0 0 0 -0 0 -180 0 -180 0 0
0 180 0 -180 0 0 0.131463 42.5866 0.478113 -178.485 0 0 0 -0 0 180 0 -0
0 -0 0 180 0 -0 0 -0 0 180 0 -0 0 0 0 -0 0 180
0 180 0 180 0 -0 0.134004 -146.86 0.47583 -179.59 0 180 0 0 0 0 0 -180
0 -180 0 -180 0 0 0 180 0 180 0 -180 0 -0 0 -0 0 180
0 180 0 -0 0 180 0.181322 -118.834 0.852048 -4.32727 0 180 0 -180 0 0 0 -180
0 -180 0 0 0 -180 0 -180 0 0 0 -180 0 180 0 -0 0 180
inside=0 lambda=0.647 phi=45 theta=30
0 0 0 0 0 -180 0.11237 -148.849 0.471938 -175.439 0 0 0 180 0 180 0 -0
0 -0 0 -0 0 180 0 180 0 0 0 -0 0 -180 0 -180 0 0
0 180 0 -180 0 0 0.111741 19.1029 0.859043 179.606 0 0 0 -0 0 180 0 -0
0 -0 0 180 0 -0 0 -0 0 180 0 -0 0 0 0 -180 0 0
0 180 0 180 0 -0 0.114365 -170.817 0.851419 179.137 0 180 0 0 0 0 0 -180
0 -180 0 -180 0 0 0 180 0 180 0 -180 0 -0 0 -0 0 180
0 180 0 -0 0 180 0.0710942 -128.166 0.495652 -8.38738 0 180 0 -180 0 0 0 -180
0 -180 0 0 0 -180 0 -180 0 0 0 -180 0 180 0 -0 0 180
inside=0 lambda=0.647 phi=45 theta=45
0 0 0 180 0 -180 0 -0 0.0482142 -91.8531 0 0 0 180 0 180 0 -0
0 -0 0 -0 0 180 0 0 0 0 0 -0 0 -180 0 -180 0 0
0 180 0 -180 0 0 0 0 0.998837 178.147 0 0 0 -0 0 180 0 -180
0 -180 0 180 0 -0 0 -180 0 180 0 -0 0 0 0 -180 0 180
0 180 0 0 0 -0 0 -180 0.998837 178.147 0 180 0 0 0 0 0 -180
0 -180 0 -180 0 0 0 180 0 180 0 -180 0 -0 0 -0 0 180
0 0 0 -0 0 180 0 180 0.0482142 -91.8531 0 180 0 -180 0 0 0 -0
0 -0 0 0 0 -180 0 -0 0 0 0 -180 0 180 0 -0 0 0
inside=1 lambda=0.647 phi=0 theta=0
0 -180 0 -180 0 -180 0 0 0.12862 47.6265 0 0 0 -180 0 -180 0 -180
0 -180 0 -180 0 -180 0 0 0.821685 109.607 0 0 0 -180 0 -180 0 -180
0 -180 0 0 0 0 0 0 4.46663e-13 -82.2745 0 180 0 0 0 -0 0 -180
0 -180 0 180 0 0 0 -0 3.76971e-13 159.539 0 180 0 0 0 180 0 -180
0 -180 0 -180 0 0 0 -180 3.47224e-13 161.659 0 -0 0 0 0 180 0 -180
0 -180 0 180 0 0 0 -180 4.58903e-13 21.5079 0 -180 0 0 0 180 0 -180
0 -180 0 0 0 -180 0 -180 0.12862 47.6265 0 -180 0 -180 0 0 0 -180
0 -180 0 0 0 -180 0 -180 0.821685 109.607 0 -180 0 -180 0 0 0 -180
inside=1 lambda=0.647 phi=0 theta=15
0 -180 0 -180 0 -180 0 0 0.12862 47.6265 0 0 0 -180 0 -180 0 -180
0 -180 0 -180 0 -180 0 0 0.821685 109.607 0 0 0 -180 0 -180 0 -180
0 -180 0 0 0 0 0 0 4.46663e-13 -82.2745 0 180 0 0 0 -0 0 -180
0 -180 0 180 0 0 0 -0 3.76971e-13 159.539 0 180 0 0 0 180 0 -180
0 -180 0 -180 0 0 0 -180 3.47224e-13 161.659 0 -0 0 0 0 180 0 -180
0 -180 0 180 0 0 0 -180 4.58903e-13 21.5079 0 -180 0 0 0 180 0 -180
0 -180 0 0 0 -180 0 -180 0.12862 47.6265 0 -180 0 -180 0 0 0 -180
0 -180 0 0 0 -180 0 -180 0.821685 109.607 0 -180 0 -180 0 0 0 -180
inside=1 lambda=0.647 phi=0 theta=30
0 -180 0 -180 0 -180 0 0 0.12862 47.6265 0 0 0 -180 0 -180 0 -180
0 -180 0 -180 0 -180 0 0 0.821685 109.607 0 0 0 -180 0 -180 0 -180
0 -180 0 0 0 0 0 0 4.46663e-13 -82.2745 0 180 0 0 0 -0 0 -180
0 -180 0 180 0 0 0 -0 3.76971e-13 159.539 0 180 0 0 0 180 0 -180
0 -180 0 -180 0 0 0 -180 3.47224e-13 161.659 0 -0 0 0 0 180 0 -180
0 -180 0 180 0 0 0 -180 4.58903e-13 21.5079 0 -180 0 0 0 180 0 -180
0 -180 0 0 0 -180 0 -180 0.12862 47.6265 0 -180 0 -180 0 0 0 -180
0 -180 0 0 0 -180 0 -180 0.821685 109.607 0 -180 0 -180 0 0 0 -180
inside=1 lambda=0.647 phi=0 theta=45
0 -180 0 -180 0 -180 0 0 0.12862 47.6265 0 0 0 -180 0 -180 0 -180
0 -180 0 -180 0 -180 0 0 0.821685 109.607 0 0 0 -180 0 -180 0 -180
0 -180 0 0 0 0 0 0 4.46663e-13 -82.2745 0 180 0 0 0 -0 0 -180
0 -180 0 180 0 0 0 -0 3.76971e-13 159.539 0 180 0 0 0 180 0 -180
0 -180 0 -180 0 0 0 -180 3.47224e-13 161.659 0 -0 0 0 0 180 0 -180
0 -180 0 180 0 0 0 -180 4.58903e-13 21.5079 0 -180 0 0 0 180 0 -180
0 -180 0 0 0 -180 0 -180 0.12862 47.6265 0 -180 0 -180 0 0 0 -180
0 -180 0 0 0 -180 0 -180 0.821685 109.607 0 -180 0 -180 0 0 0 -180
inside=1 lambda=0.647 phi=5 theta=0
0 -180 0 -180 0 -180 0 0 0.127914 46.734 0 0 0 -180 0 -180 0 -180
0 -180 0 -180 0 -180 0 0 0.82259 109.252 0 0 0 -180 0 -180 0 -180
0 -180 0 -0 0 0 0 -180 3.05194e-13 -20.008 0 0 0 0 0 180 0 -180
0 -180 0 -180 0 0 0 -180 1.01246e-13 -68.605 0 0 0 0 0 0 0 -180
0 -180 0 -180 0 0 0 0 2.74505e-14 -36.5542 0 0 0 0 0 0 0 -180
0 -180 0 -180 0 0 0 180 1.74084e-13 -129.757 0 180 0 0 0 0 0 -180
0 -180 0 0 0 -180 0 -180 0.128845 46.821 0 -180 0 -180 0 0 0 -180
0 -180 0 0 0 -180 0 -180 0.820831 109.248 0 -180 0 -180 0 0 0 -180
inside=1 lambda=0.647 phi=5 theta=15
0 -180 0 -180 0 -180 0 0 0.127976 46.7398 0 0 0 -180 0 -180 0 -180
0 -180 0 -180 0 -180 0 0 0.822472 109.252 0 0 0 -180 0 -180 0 -180
0 -180 0 -0 0 0 0 -180 0.000250163 -125.702 0 0 0 0 0 180 0 -180
0 -180 0 -180 0 0 0 -180 0.000442534 113.297 0 0 0 0 0 0 0 -180
0 -180 0 -180 0 0 0 -0 0.000250078 -125.675 0 180 0 0 0 0 0 -180
0 -180 0 -180 0 0 0 -180 0.000442487 113.287 0 0 0 0 0 0 0 -180
0 -180 0 0 0 -180 0 -180 0.128782 46.8152 0 -180 0 -180 0 0 0 -180
0 -180 0 0 0 -180 0 -180 0.820949 109.249 0 -180 0 -180 0 0 0 -180
inside=1 lambda=0.647 phi=5 theta=30
0 -180 0 -180 0 -180 0 0 0.128147 46.7558 0 0 0 -180 0 -180 0 -180
0 -180 0 -180 0 -180 0 0 0.82215 109.251 0 0 0 -180 0 -180 0 -180
0 -180 0 -0 0 0 0 -180 0.000433265 -125.696 0 0 0 0 0 180 0 -180
0 -180 0 -180 0 0 0 -180 0.000766474 113.295 0 0 0 0 0 0 0 -180
0 -180 0 -180 0 0 0 -0 0.000433179 -125.68 0 180 0 0 0 0 0 -180
0 -180 0 -180 0 0 0 -180 0.000766427 113.289 0 0 0 0 0 0 0 -180
0 -180 0 0 0 -180 0 -180 0.128612 46.7993 0 -180 0 -180 0 0 0 -180
0 -180 0 0 0 -180 0 -180 0.821271 109.249 0 -180 0 -180 0 0 0 -180
inside=1 lambda=0.647 phi=5 theta=45
0 -180 0 -180 0 -180 0 0 0.128379 46.7776 0 0 0 -180 0 -180 0 -180
0 -180 0 -180 0 -180 0 0 0.821711 109.25 0 0 0 -180 0 -180 0 -180
0 -180 0 -0 0 0 0 -180 0.000500241 -125.688 0 0 0 0 0 180 0 -180
0 -180 0 -180 0 0 0 -180 0.000885021 113.292 0 0 0 0 0 0 0 -180
0 -180 0 -180 0 0 0 -0 0.000500241 -125.688 0 180 0 0 0 0 0 -180
0 -180 0 -180 0 0 0 -180 0.000885021 113.292 0 0 0 0 0 0 0 -180
0 -180 0 0 0 -180 0 -180 0.128379 46.7776 0 -180 0 -180 0 0 0 -180
0 -180 0 0 0 -180 0 -180 0.821711 109.25 0 -180 0 -180 0 0 0 -180
inside=1 lambda=0.647 phi=10 theta=0
0 -180 0 -180 0 -180 0 0 0.125852 44.0566 0 0 0 -180 0 -180 0 -180
0 -0 0 -180 0 -180 0 0 0.825336 108.19 0 0 0 -0 0 -180 0 -180
0 -180 0 -0 0 0 0 -0 8.70036e-14 24.741 0 180 0 0 0 180 0 -180
0 -0 0 -180 0 0 0 180 2.66046e-13 -159.254 0 -180 0 180 0 0 0 -180
0 -180 0 -180 0 0 0 0 2.45948e-13 27.623 0 0 0 0 0 0 0 -180
0 -180 0 -180 0 0 0 180 4.14842e-13 -165.623 0 0 0 0 0 0 0 -180
0 -180 0 0 0 -180 0 -180 0.129529 44.3954 0 -180 0 -180 0 0 0 -180
0 -180 0 0 0 -180 0 -180 0.818245 108.175 0 -180 0 -180 0 0 0 -180
inside=1 lambda=0.647 phi=10 theta=15
0 -180 0 -180 0 -180 0 0 0.126098 44.0797 0 0 0 -180 0 -180 0 -180
0 -0 0 -180 0 -180 0 0 0.824861 108.189 0 0 0 -0 0 -180 0 -180
0 -180 0 -0 0 0 0 -180 0.000990043 -128.502 0 0 0 0 0 180 0 -180
0 -0 0 -180 0 0 0 -180 0.00178448 112.336 0 0 0 180 0 0 0 -180
0 -180 0 -180 0 0 0 -0 0.000988625 -128.395 0 180 0 0 0 0 0 -180
0 -180 0 -180 0 0 0 -180 0.00178372 112.296 0 0 0 0 0 0 0 -180
0 -180 0 0 0 -180 0 -180 0.129283 44.3731 0 -180 0 -180 0 0 0 -180
0 -180 0 0 0 -180 0 -180 0.818719 108.176 0 -180 0 -180 0 0 0 -180
inside=1 lambda=0.647 phi=10 theta=30
0 -180 0 -180 0 -180 0 0 0.126773 44.1425 0 0 0 -180 0 -180 0 -180
0 -0 0 -180 0 -180 0 0 0.823563 108.186 0 0 0 -0 0 -180 0 -180
0 -180 0 -0 0 0 0 -180 0.0017143 -128.479 0 0 0 0 0 180 0 -180
0 -0 0 -180 0 0 0 -180 0.00309054 112.327 0 0 0 180 0 0 0 -180
0 -180 0 -180 0 0 0 -0 0.00171288 -128.417 0 180 0 0 0 0 0 -180
0 -180 0 -180 0 0 0 -180 0.00308977 112.304 0 0 0 0 0 0 0 -180
0 -180 0 0 0 -180 0 -180 0.128611 44.3119 0 -180 0 -180 0 0 0 -180
0 -180 0 0 0 -180 0 -180 0.820017 108.178 0 -180 0 -180 0 0 0 -180
inside=1 lambda=0.647 phi=10 theta=45
0 -180 0 -180 0 -180 0 0 0.127693 44.2276 0 0 0 -180 0 -180 0 -180
0 -0 0 -180 0 -180 0 0 0.82179 108.182 0 0 0 -0 0 -180 0 -180
0 -180 0 -0 0 0 0 -180 0.00197869 -128.448 0 0 0 0 0 180 0 -180
0 -180 0 -180 0 0 0 -180 0.0035682 112.315 0 0 0 180 0 0 0 -180
0 -180 0 -180 0 0 0 -0 0.00197869 -128.448 0 180 0 0 0 0 0 -180
0 -180 0 -180 0 180 0 -180 0.0035682 112.315 0 0 0 0 0 0 0 -180
0 -180 0 0 0 -180 0 -180 0.127693 44.2276 0 -180 0 -180 0 0 0 -180
0 -0 0 0 0 -0 0 -180 0.82179 108.182 0 -180 0 -180 0 0 0 -180
inside=1 lambda=0.647 phi=15 theta=0
0 -180 0 -180 0 -180 0 0 0.1226 39.602 0 0 0 -180 0 -180 0 -180
0 -0 0 -180 0 -180 0 0 0.830011 106.435 0 0 0 -0 0 -180 0 -180
0 -180 0 -0 0 0 0 -0 1.97893e-13 -31.8098 0 -0 0 0 0 180 0 -180
0 -0 0 -180 0 0 0 0 1.61323e-13 -69.1235 0 -0 0 180 0 0 0 -180
0 -180 0 -180 0 0 0 180 4.4292e-13 144.368 0 0 0 0 0 0 0 -180
0 -180 0 -180 0 0 0 180 4.68146e-13 30.7709 0 180 0 0 0 0 0 -180
0 -180 0 0 0 -180 0 -180 0.130704 40.3216 0 -180 0 -180 0 0 0 -180
0 -180 0 0 0 -180 0 -180 0.813843 106.398 0 -180 0 -180 0 0 0 -180
inside=1 lambda=0.647 phi=15 theta=15
0 -180 0 -180 0 -180 0 0 0.123146 39.6521 0 0 0 -180 0 -180 0 -180
0 -0 0 -180 0 -180 0 0 0.828927 106.433 0 0 0 -0 0 -180 0 -180
0 -180 0 -0 0 0 0 -180 0.00218894 -133.279 0 0 0 0 0 180 0 -180
0 -0 0 -180 0 0 0 -180 0.00407047 110.754 0 0 0 180 0 0 0 -180
0 -180 0 -180 0 0 0 -0 0.00218137 -133.039 0 180 0 0 0 0 0 -180
0 -180 0 -180 0 0 0 -180 0.00406649 110.664 0 0 0 0 0 0 0 -180
0 -180 0 0 0 -180 0 -180 0.130165 40.2751 0 -180 0 -180 0 0 0 -180
0 -180 0 0 0 -180 0 -180 0.814926 106.4 0 -180 0 -180 0 0 0 -180
inside=1 lambda=0.647 phi=15 theta=30
0 -180 0 -180 0 -180 0 0 0.124636 39.7876 0 0 0 -180 0 -180 0 -180
0 -0 0 -180 0 -180 0 0 0.825967 106.425 0 0 0 -0 0 -180 0 -180
0 -180 0 -0 0 0 0 -180 0.00378875 -133.228 0 0 0 0 0 180 0 -180
0 -0 0 -180 0 0 0 -180 0.00704877 110.732 0 0 0 180 0 0 0 -180
0 -180 0 -180 0 0 0 -0 0.00378119 -133.09 0 180 0 0 0 0 0 -180
0 -180 0 -180 0 180 0 -180 0.0070448 110.68 0 0 0 0 0 0 0 -180
0 -180 0 0 0 -180 0 -180 0.128689 40.147 0 -180 0 -180 0 0 0 -180
0 -0 0 0 0 -0 0 -180 0.817883 106.407 0 -180 0 -180 0 0 0 -180
inside=1 lambda=0.647 phi=15 theta=45
0 -180 0 -180 0 -180 0 0 0.126665 39.9691 0 0 0 -180 0 -180 0 -180
0 -0 0 -180 0 -180 0 0 0.821924 106.416 0 0 0 -0 0 -180 0 -180
0 -180 0 -0 0 0 0 -180 0.00437061 -133.159 0 0 0 0 0 180 0 -180
0 -0 0 -180 0 0 0 -180 0.00813691 110.704 0 0 0 180 0 0 0 -180
0 -180 0 -180 0 0 0 -0 0.00437061 -133.159 0 180 0 0 0 0 0 -180
0 -0 0 -180 0 180 0 -180 0.00813691 110.704 0 0 0 0 0 0 0 -180
0 -180 0 0 0 -180 0 -180 0.126665 39.9691 0 -180 0 -180 0 0 0 -180
0 -0 0 0 0 -0 0 -180 0.821924 106.416 0 -180 0 -180 0 0 0 -180
inside=1 lambda=0.647 phi=20 theta=0
0 180 0 -180 0 -180 0 0 0.118435 33.4067 0 0 0 180 0 -180 0 -180
0 -0 0 -180 0 -180 0 180 0.836777 104.013 0 0 0 -0 0 -180 0 -180
0 -180 0 -0 0 0 0 -0 1.77286e-13 151.704 0 180 0 0 0 180 0 -180
0 -0 0 -180 0 0 0 -0 2.53311e-13 2.74694 0 180 0 180 0 0 0 -180
0 -180 0 -180 0 0 0 180 1.51599e-13 -153.439 0 180 0 0 0 0 0 -180
0 -180 0 -180 0 0 0 180 1.71293e-13 44.9388 0 -180 0 0 0 0 0 -180
0 -180 0 0 0 -180 0 -180 0.132444 34.5522 0 -180 0 -180 0 0 0 -180
0 -180 0 0 0 -180 0 -180 0.807486 103.934 0 -180 0 -180 0 0 0 -180
inside=1 lambda=0.647 phi=20 theta=15
0 180 0 -180 0 -180 0 0 0.119383 33.489 0 0 0 180 0 -180 0 -180
0 -0 0 -180 0 -180 0 180 0.834813 104.007 0 0 0 -0 0 -180 0 -180
0 -180 0 -0 0 0 0 -180 0.00380115 -140.209 0 0 0 0 0 180 0 -180
0 -0 0 -180 0 0 0 -180 0.00738041 108.579 0 0 0 180 0 0 0 -180
0 -180 0 -180 0 0 0 -0 0.00377542 -139.792 0 180 0 0 0 0 0 -180
0 -180 0 -180 0 0 0 -180 0.00736721 108.421 0 0 0 0 0 0 0 -180
0 -180 0 0 0 -180 0 -180 0.131518 34.48 0 -180 0 -180 0 0 0 -180
0 -180 0 0 0 -180 0 -180 0.809446 103.939 0 -180 0 -180 0 0 0 -180
inside=1 lambda=0.647 phi=20 theta=30
0 -180 0 -180 0 -180 0 0 0.121967 33.7091 0 0 0 180 0 -180 0 -180
0 -0 0 -180 0 -180 0 180 0.829448 103.992 0 0 0 -0 0 -180 0 -180
0 -180 0 -0 0 0 0 -180 0.00657539 -140.119 0 0 0 0 0 180 0 -180
0 -0 0 -180 0 0 0 -180 0.0127782 108.536 0 0 0 180 0 0 0 -180
0 -180 0 -180 0 0 0 -0 0.00654978 -139.88 0 180 0 0 0 0 0 -180
0 -180 0 -180 0 180 0 -180 0.0127651 108.445 0 0 0 0 0 0 0 -180
0 -180 0 0 0 -180 0 -180 0.128977 34.2801 0 -180 0 -180 0 0 0 -180
0 -0 0 0 0 -0 0 -180 0.814802 103.953 0 -180 0 -180 0 0 0 -180
inside=1 lambda=0.647 phi=20 theta=45
0 -180 0 -180 0 -180 0 0 0.125483 33.9996 0 0 0 -180 0 -180 0 -180
0 -0 0 -180 0 -180 0 0 0.822123 103.972 0 0 0 -0 0 -180 0 -180
0 -180 0 -0 0 0 0 -180 0.00757843 -139.999 0 0 0 0 0 180 0 -180
0 -0 0 -180 0 0 0 -180 0.0147473 108.485 0 0 0 180 0 0 0 -180
0 -180 0 -180 0 0 0 -0 0.00757843 -139.999 0 180 0 0 0 0 0 -180
0 -0 0 -180 0 180 0 -180 0.0147473 108.485 0 0 0 0 0 0 0 -180
0 -180 0 0 0 -180 0 -180 0.125483 33.9996 0 -180 0 -180 0 0 0 -180
0 -0 0 0 0 -0 0 -180 0.822123 103.972 0 -180 0 -180 0 0 0 -180
inside=1 lambda=0.647 phi=25 theta=0
0 180 0 -180 0 -180 0 0 0.11372 25.5796 0 0 0 180 0 -180 0 -180
0 -0 0 -180 0 -180 0 180 0.845893 100.957 0 0 0 -0 0 -180 0 -180
0 180 0 -0 0 0 0 180 2.33008e-13 137.847 0 -0 0 -0 0 180 0 -180
0 -0 0 -180 0 0 0 -0 1.30881e-13 80.884 0 0 0 180 0 0 0 -180
0 -180 0 -180 0 0 0 180 1.45059e-13 178.492 0 0 0 0 0 0 0 -180
0 -180 0 -180 0 0 0 -0 1.62094e-13 77.3077 0 180 0 0 0 0 0 -180
0 -180 0 0 0 -180 0 -180 0.134891 27.0211 0 -180 0 -180 0 0 0 -180
0 -180 0 0 0 -180 0 -180 0.79896 100.81 0 -180 0 -180 0 0 0 -180
inside=1 lambda=0.647 phi=25 theta=15
0 180 0 -180 0 -180 0 0 0.11516 25.6872 0 0 0 180 0 -180 0 -180
0 -0 0 -180 0 -180 0 180 0.842745 100.946 0 0 0 -0 0 -180 0 -180
0 180 0 -0 0 0 0 -180 0.00578082 -149.552 0 0 0 -0 0 180 0 -180
0 -0 0 -180 0 0 0 -180 0.0118388 105.85 0 0 0 180 0 0 0 -180
0 -180 0 -180 0 0 0 -0 0.00571194 -148.931 0 180 0 0 0 0 0 -180
0 -180 0 -180 0 0 0 -180 0.0118044 105.606 0 0 0 0 0 0 0 -180
0 -180 0 0 0 -180 0 -180 0.133508 26.9322 0 -180 0 -180 0 0 0 -180
0 -180 0 0 0 -180 0 -180 0.802099 100.819 0 -180 0 -180 0 0 0 -180
inside=1 lambda=0.647 phi=25 theta=30
0 180 0 -180 0 -180 0 0 0.119085 25.9705 0 0 0 180 0 -180 0 -180
0 -0 0 -180 0 -180 0 180 0.834146 100.917 0 0 0 -0 0 -180 0 -180
0 -180 0 -0 0 0 0 -180 0.00999176 -149.415 0 0 0 -0 0 180 0 -180
0 -0 0 -180 0 0 0 -180 0.0204918 105.773 0 0 0 180 0 0 0 -180
0 -180 0 -180 0 0 0 -0 0.00992364 -149.06 0 180 0 0 0 0 0 -180
0 -180 0 -180 0 180 0 -180 0.0204581 105.633 0 0 0 0 0 0 0 -180
0 -180 0 0 0 -180 0 -180 0.129693 26.6857 0 -180 0 -180 0 0 0 -180
0 -0 0 0 0 -0 0 -180 0.810678 100.844 0 -180 0 -180 0 0 0 -180
inside=1 lambda=0.647 phi=25 theta=45
0 -180 0 -180 0 -180 0 0 0.124416 26.3372 0 0 0 180 0 -180 0 -180
0 -0 0 -180 0 -180 0 180 0.822407 100.879 0 0 0 -0 0 -180 0 -180
0 -180 0 -0 0 0 0 -180 0.0115008 -149.236 0 0 0 -0 0 180 0 -180
0 -0 0 -180 0 0 0 -180 0.023642 105.691 0 0 0 180 0 0 0 -180
0 -180 0 -180 0 -0 0 -0 0.0115008 -149.236 0 180 0 0 0 0 0 -180
0 -0 0 -180 0 180 0 -180 0.023642 105.691 0 0 0 0 0 0 0 -180
0 -180 0 0 0 180 0 -180 0.124416 26.3372 0 -180 0 -180 0 0 0 -180
0 -0 0 180 0 -0 0 -180 0.822407 100.879 0 -180 0 -180 0 0 0 -180
inside=1 lambda=0.647 phi=30 theta=0
0 180 0 180 0 -180 0 -0 0.108854 16.3694 0 0 0 180 0 180 0 -180
0 -0 0 -0 0 -180 0 180 0.857753 97.3151 0 0 0 -0 0 -0 0 -180
0 180 0 -0 0 0 0 -0 2.52112e-13 40.8602 0 -180 0 -0 0 180 0 -180
0 -0 0 -180 0 0 0 180 4.26369e-13 -177.897 0 -0 0 180 0 0 0 -180
0 -180 0 -180 0 0 0 0 2.71046e-13 36.4761 0 0 0 0 0 0 0 -180
0 -180 0 -180 0 0 0 -180 4.02051e-13 -166.442 0 0 0 0 0 0 0 -180
0 -180 0 0 0 -180 0 -180 0.138315 17.6487 0 -180 0 -180 0 0 0 -180
0 -180 0 0 0 -180 0 -180 0.78797 97.0573 0 -180 0 -180 0 0 0 -180
inside=1 lambda=0.647 phi=30 theta=15
0 180 0 180 0 -180 0 -0 0.110866 16.468 0 0 0 180 0 180 0 -180
0 -0 0 -180 0 -180 0 180 0.853068 97.2952 0 0 0 -0 0 -0 0 -180
0 180 0 -0 0 0 0 -180 0.00811819 -161.635 0 0 0 -0 0 180 0 -180
0 -0 0 -180 0 0 0 -180 0.0176301 102.612 0 0 0 180 0 0 0 -180
0 -180 0 -180 0 0 0 -0 0.00795899 -160.822 0 180 0 0 0 0 0 -180
0 -180 0 -180 0 0 0 -180 0.017552 102.264 0 0 0 0 0 0 0 -180
0 -180 0 0 0 -180 0 -180 0.136424 17.5696 0 -180 0 -180 0 0 0 -180
0 -180 0 0 0 -180 0 -180 0.792633 97.0721 0 -180 0 -180 0 0 0 -180
inside=1 lambda=0.647 phi=30 theta=30
0 180 0 -180 0 -180 0 -0 0.116361 16.7226 0 0 0 180 0 180 0 -180
0 -0 0 -180 0 -180 0 180 0.840277 97.2432 0 0 0 -0 0 -0 0 -180
0 180 0 -0 0 0 0 -180 0.0140171 -161.443 0 0 0 -0 0 180 0 -180
0 -0 0 -180 0 0 0 -180 0.0305033 102.484 0 0 0 180 0 0 0 -180
0 -180 0 -180 0 -0 0 -0 0.0138614 -160.982 0 180 0 0 0 0 0 -180
0 -180 0 -180 0 180 0 -180 0.0304287 102.286 0 0 0 0 0 0 0 -180
0 -180 0 0 0 180 0 -180 0.131164 17.3516 0 -180 0 -180 0 0 0 -180
0 -0 0 0 0 -0 0 -180 0.805382 97.1146 0 -180 0 -180 0 0 0 -180
inside=1 lambda=0.647 phi=30 theta=45
0 180 0 -180 0 -180 0 0 0.123819 17.0458 0 0 0 180 0 -180 0 -180
0 -0 0 -180 0 -180 0 180 0.822819 97.1767 0 0 0 -0 0 -180 0 -180
0 180 0 -0 0 0 0 -180 0.0161043 -161.205 0 0 0 -0 0 180 0 -180
0 -0 0 -180 0 0 0 -180 0.0351777 102.36 0 0 0 180 0 0 0 -180
0 180 0 -180 0 -0 0 -0 0.0161043 -161.205 0 180 0 0 0 0 0 -180
0 -0 0 -180 0 180 0 -180 0.0351777 102.36 0 0 0 0 0 0 0 -180
0 180 0 0 0 180 0 -180 0.123819 17.0458 0 -180 0 -180 0 0 0 -180
0 -0 0 180 0 -0 0 -180 0.822819 97.1767 0 -180 0 -180 0 0 0 -180
inside=1 lambda=0.647 phi=35 theta=0
0 180 0 180 0 -180 0 -0 0.104174 6.25088 0 0 0 180 0 180 0 -180
0 -0 0 -0 0 -180 0 180 0.872936 93.149 0 0 0 -0 0 -0 0 -180
0 180 0 -0 0 0 0 -0 2.73043e-13 -109.454 0 0 0 -0 0 180 0 -180
0 -0 0 -180 0 0 0 -180 1.20301e-13 -12.0482 0 180 0 180 0 0 0 -180
0 -180 0 -180 0 0 0 180 2.35845e-13 -148.618 0 180 0 0 0 0 0 -180
0 -180 0 -180 0 0 0 -0 3.16462e-13 9.16989 0 -0 0 0 0 0 0 -180
0 -180 0 0 0 -180 0 -180 0.143178 6.35765 0 -180 0 -180 0 0 0 -180
0 -180 0 0 0 -180 0 -180 0.774114 92.7152 0 -180 0 -180 0 0 0 -180
inside=1 lambda=0.647 phi=35 theta=15
0 180 0 180 0 -180 0 -0 0.106836 6.25252 0 0 0 180 0 180 0 -180
0 -0 0 -0 0 -180 0 180 0.866298 93.1139 0 0 0 -0 0 -0 0 -180
0 180 0 -0 0 0 0 -180 0.010915 -176.747 0 0 0 -0 0 180 0 -180
0 -0 0 -180 0 0 0 -180 0.0250225 98.9171 0 0 0 180 0 0 0 -180
0 -180 0 -180 0 0 0 -0 0.010583 -175.84 0 180 0 0 0 0 0 -180
0 -180 0 -180 0 0 0 -180 0.0248585 98.4486 0 0 0 0 0 0 0 -180
0 -180 0 0 0 180 0 -180 0.140741 6.34061 0 -180 0 -180 0 0 0 -180
0 -180 0 0 0 -0 0 -180 0.780709 92.7391 0 -180 0 -180 0 0 0 -180
inside=1 lambda=0.647 phi=35 theta=30
0 180 0 180 0 -180 0 -0 0.114146 6.25287 0 0 0 180 0 180 0 -180
0 -0 0 -180 0 -180 0 180 0.848174 93.0246 0 0 0 -0 0 -0 0 -180
0 180 0 -0 0 0 0 -180 0.0188234 -176.488 0 0 0 -0 0 180 0 -180
0 -0 0 -180 0 0 0 -180 0.0432647 98.7108 0 0 0 180 0 0 0 -180
0 -180 0 -180 0 -0 0 -0 0.0185049 -175.982 0 180 0 0 0 0 0 -180
0 -180 0 -180 0 180 0 -180 0.0431149 98.4487 0 0 0 0 0 0 0 -180
0 180 0 0 0 180 0 -180 0.133853 6.2999 0 -180 0 -180 0 0 0 -180
0 -0 0 0 0 -0 0 -180 0.798751 92.8092 0 -180 0 -180 0 0 0 -180
inside=1 lambda=0.647 phi=35 theta=45
0 180 0 -180 0 -180 0 -0 0.124098 6.26464 0 0 0 180 0 180 0 -180
0 -0 0 -180 0 -180 0 180 0.823444 92.9128 0 0 0 -0 0 -180 0 -180
0 180 0 -0 0 0 0 -180 0.0215751 -176.209 0 0 0 -0 0 180 0 -180
0 -0 0 -180 0 0 0 -180 0.0498672 98.5326 0 0 0 180 0 0 0 -180
0 180 0 -180 0 -0 0 -0 0.0215751 -176.209 0 180 0 0 0 0 0 -180
0 -0 0 -180 0 180 0 -180 0.0498672 98.5326 0 0 0 0 0 0 0 -180
0 180 0 -0 0 180 0 -180 0.124098 6.26464 0 180 0 -180 0 0 0 -180
0 -0 0 180 0 -0 0 -180 0.823444 92.9128 0 -180 0 -180 0 0 0 -180
inside=1 lambda=0.647 phi=40 theta=0
0 180 0 180 0 -180 0 -0 0.0998937 -3.99646 0 0 0 180 0 180 0 -180
0 -0 0 -0 0 -180 0 180 0.892293 88.5388 0 0 0 -0 0 -0 0 -180
0 180 0 -0 0 0 0 180 2.48424e-13 20.9932 0 0 0 -0 0 180 0 -180
0 -0 0 180 0 0 0 0 1.54483e-13 -13.8672 0 -180 0 180 0 -0 0 -180
0 -180 0 -180 0 0 0 0 4.98954e-14 68.4039 0 180 0 0 0 0 0 -180
0 -180 0 -180 0 0 0 -180 1.21268e-13 -117.174 0 180 0 0 0 0 0 -180
0 -180 0 0 0 -180 0 -180 0.150215 -6.89725 0 -180 0 -180 0 0 0 -180
0 -180 0 0 0 -180 0 -180 0.756857 87.8341 0 -180 0 -180 0 0 0 -180
inside=1 lambda=0.647 phi=40 theta=15
0 180 0 180 0 -180 0 -0 0.103242 -4.27119 0 0 0 180 0 180 0 -180
0 -0 0 -0 0 -180 0 180 0.88319 88.476 0 0 0 -0 0 -0 0 -180
0 180 0 -0 0 0 0 -180 0.0145126 165.127 0 0 0 -0 0 180 0 -180
0 -0 0 180 0 0 0 -180 0.0344062 94.8261 0 0 0 180 0 -0 0 -180
0 -180 0 -180 0 -0 0 -0 0.0138738 165.904 0 180 0 0 0 0 0 -180
0 -180 0 -180 0 0 0 -180 0.0340725 94.2218 0 0 0 0 0 0 0 -180
0 -180 0 0 0 180 0 -180 0.1472 -6.76299 0 -180 0 -180 0 0 0 -180
0 -180 0 0 0 -0 0 -180 0.765879 87.8694 0 -180 0 -180 0 0 0 -180
inside=1 lambda=0.647 phi=40 theta=30
0 180 0 180 0 -180 0 -0 0.112659 -4.97787 0 0 0 180 0 180 0 -180
0 -0 0 -180 0 -180 0 180 0.858337 88.3268 0 0 0 -0 0 -0 0 -180
0 180 0 -0 0 0 0 180 0.0249975 165.486 0 0 0 -0 0 180 0 -180
0 -0 0 180 0 0 0 -180 0.059419 94.4974 0 0 0 180 0 -0 0 -180
0 180 0 -180 0 -0 0 -0 0.0244043 165.908 0 180 0 0 0 0 0 -180
0 -180 0 -180 0 180 0 -180 0.0591376 94.1664 0 0 0 0 0 0 0 -180
0 180 0 -0 0 180 0 -180 0.13838 -6.38594 0 180 0 -180 0 0 0 -180
0 -0 0 0 0 -0 0 -180 0.790586 87.98 0 -180 0 -180 0 0 0 -180
inside=1 lambda=0.647 phi=40 theta=45
0 180 0 -180 0 -180 0 -0 0.125656 -5.76943 0 0 0 180 0 180 0 -180
0 -0 0 -180 0 -180 0 180 0.824428 88.1463 0 0 0 -0 0 -0 0 -180
0 180 0 -0 0 0 0 -180 0.0285756 165.77 0 0 0 -0 0 180 0 -180
0 -0 0 180 0 0 0 -180 0.0684376 94.2509 0 0 0 180 0 0 0 -180
0 180 0 -180 0 -0 0 -0 0.0285756 165.77 0 180 0 0 0 0 0 -180
0 -0 0 -180 0 180 0 180 0.0684376 94.2509 0 0 0 0 0 0 0 -180
0 180 0 -0 0 180 0 -180 0.125656 -5.76943 0 180 0 -180 0 0 0 -180
0 -0 0 180 0 -0 0 -180 0.824428 88.1463 0 -0 0 -180 0 0 0 -180
inside=1 lambda=0.647 phi=45 theta=0
0 180 0 180 0 -180 0 -0 0.097132 -13.0944 0 0 0 180 0 180 0 -180
0 -0 0 -0 0 -180 0.0115636 24.8786 0.916308 83.628 0 0 0 -0 0 -0 0 -180
0 180 0 -0 0 0 0 -0 2.67054e-13 -63.8232 0 -0 0 -0 0 180 0 -180
0 -0 0 180 0 0 7.67476e-14 -166.928 2.55941e-13 -104.395 0 -0 0 180 0 -0 0 -180
0 -180 0 -180 0 0 0 -180 1.39696e-13 -75.9498 0 180 0 0 0 0 0 -180
0 -180 0 -180 0 0 3.59305e-14 -16.9584 1.05385e-13 -170.067 0 -0 0 0 0 0 0 -180
0 -180 0 0 0 -180 0 -180 0.160203 -22.3437 0 -180 0 -180 0 0 0 -180
0 -180 0 0 0 -180 0.0766238 -128.403 0.735084 82.5168 0 -180 0 -180 0 0 0 -180
inside=1 lambda=0.647 phi=45 theta=15
0 180 0 180 0 -180 0 -0 0.100134 -14.1236 0 0 0 180 0 180 0 -180
0 -0 0 -0 0 -180 0 180 0.904828 83.4795 0 0 0 -0 0 -0 0 -180
0 180 0 -0 0 0 0 180 0.0196446 144.625 0 0 0 -0 0 180 0 -180
0 -0 0 180 0 0 0 -180 0.0463737 90.4331 0 0 0 180 0 -0 0 -180
0 -180 0 -180 0 -0 0 -0 0.0184778 144.976 0 180 0 0 0 0 0 -180
0 -180 0 -180 0 0 0 -180 0.0456633 89.6778 0 -0 0 0 0 0 0 -180
0 180 0 -0 0 180 0 -180 0.156821 -21.6641 0 -180 0 -180 0 0 0 -180
0 -180 0 0 0 -0 0 -180 0.747564 82.528 0 -180 0 -180 0 0 0 -180
inside=1 lambda=0.647 phi=45 theta=30
0 180 0 180 0 -180 0 -0 0.111859 -16.332 0 0 0 180 0 180 0 -180
0 -0 0 -180 0 -180 0 180 0.871503 83.2281 0 0 0 -0 0 -0 0 -180
0 180 0 -0 0 0 0 180 0.033802 145.23 0 0 0 -0 0 180 0 -180
0 -0 0 180 0 0 0 -180 0.079875 89.886 0 0 0 180 0 -0 0 -180
0 180 0 180 0 -0 0 -0 0.0327894 145.403 0 180 0 0 0 0 0 -180
0 -180 0 -180 0 180 0 -180 0.0793699 89.4844 0 -0 0 0 0 0 0 -180
0 180 0 -0 0 180 0 -180 0.145522 -20.5368 0 180 0 -180 0 0 0 -180
0 -0 0 180 0 -0 0 -180 0.780642 82.6897 0 -180 0 -180 0 0 0 -180
inside=1 lambda=0.647 phi=45 theta=45
0 180 0 180 0 -180 0 -0 0.128788 -18.726 0 0 0 180 0 180 0 -180
0 -0 0 -180 0 -180 0 180 0.826018 82.9477 0 0 0 -0 0 -0 0 -180
0 180 0 -0 0 0 0 180 0.0385463 145.48 0 0 0 -0 0 180 0 -180
0 -0 0 180 0 0 0 -180 0.091912 89.5543 0 0 0 180 0 -0 0 -180
0 180 0 180 0 -0 0 -0 0.0385463 145.48 0 180 0 0 0 0 0 -180
0 -0 0 -180 0 180 0 180 0.091912 89.5543 0 -0 0 0 0 0 0 -180
0 180 0 -0 0 180 0 180 0.128788 -18.726 0 180 0 -180 0 0 0 -180
0 -0 0 180 0 -0 0 -180 0.826018 82.9477 0 -0 0 -180 0 0 0 -180
