RSoft_BSDF_File_Version 2
1 0 5 2 1 0.274286
0.3 0.3
-1 1
-1 1
1 0.647 0.647
10 0 45 0.5
4 0 45
Begin_Dispersion_Data
0.647 1.45662 0 1 0 0
End_Dispersion_Data
inside=0 lambda=0.647 phi=0 theta=0
0 -180 0 -180 0 -180 0 0 0.182298 6.15714 0 0 0 -180 0 -180 0 -180
0 -0 0 -0 0 -0 0 180 1.18668 -178.735 0 180 0 -0 0 -0 0 -0
0 -180 0 0 0 0 0 180 1.7434e-13 -122.254 0 180 0 0 0 0 0 -180
0 -0 0 180 0 180 0 -0 8.95884e-13 -152.83 0 -180 0 180 0 0 0 -0
0 -180 0 -180 0 0 0 180 1.6028e-13 130.114 0 180 0 0 0 -180 0 -180
0 -0 0 180 0 180 0 180 6.20042e-14 -6.29741 0 180 0 180 0 180 0 -0
0 -180 0 0 0 -180 0 -180 0.182298 6.15714 0 -180 0 -180 0 0 0 -180
0 -0 0 180 0 -0 0 -0 1.18668 -178.735 0 -0 0 -0 0 180 0 -0
inside=0 lambda=0.647 phi=0 theta=15
0 -180 0 -180 0 -180 0 0 0.182298 6.15714 0 0 0 -180 0 -180 0 -180
0 -0 0 -0 0 -0 0 180 1.18668 -178.735 0 180 0 -0 0 -0 0 -0
0 -180 0 0 0 0 0 180 1.7434e-13 -122.254 0 180 0 0 0 0 0 -180
0 -0 0 180 0 180 0 -0 8.95884e-13 -152.83 0 -180 0 180 0 0 0 -0
0 -180 0 -180 0 0 0 180 1.6028e-13 130.114 0 180 0 0 0 -180 0 -180
0 -0 0 180 0 180 0 180 6.20042e-14 -6.29741 0 180 0 180 0 180 0 -0
0 -180 0 0 0 -180 0 -180 0.182298 6.15714 0 -180 0 -180 0 0 0 -180
0 -0 0 180 0 -0 0 -0 1.18668 -178.735 0 -0 0 -0 0 180 0 -0
inside=0 lambda=0.647 phi=0 theta=30
0 -180 0 -180 0 -180 0 0 0.182298 6.15714 0 0 0 -180 0 -180 0 -180
0 -0 0 -0 0 -0 0 180 1.18668 -178.735 0 180 0 -0 0 -0 0 -0
0 -180 0 0 0 0 0 180 1.7434e-13 -122.254 0 180 0 0 0 0 0 -180
0 -0 0 180 0 180 0 -0 8.95884e-13 -152.83 0 -180 0 180 0 0 0 -0
0 -180 0 -180 0 0 0 180 1.6028e-13 130.114 0 180 0 0 0 -180 0 -180
0 -0 0 180 0 180 0 180 6.20042e-14 -6.29741 0 180 0 180 0 180 0 -0
0 -180 0 0 0 -180 0 -180 0.182298 6.15714 0 -180 0 -180 0 0 0 -180
0 -0 0 180 0 -0 0 -0 1.18668 -178.735 0 -0 0 -0 0 180 0 -0
inside=0 lambda=0.647 phi=0 theta=45
0 -180 0 -180 0 -180 0 0 0.182298 6.15714 0 0 0 -180 0 -180 0 -180
0 -0 0 -0 0 -0 0 180 1.18668 -178.735 0 180 0 -0 0 -0 0 -0
0 -180 0 0 0 0 0 180 1.7434e-13 -122.254 0 180 0 0 0 0 0 -180
0 -0 0 180 0 180 0 -0 8.95884e-13 -152.83 0 -180 0 180 0 0 0 -0
0 -180 0 -180 0 0 0 180 1.6028e-13 130.114 0 180 0 0 0 -180 0 -180
0 -0 0 180 0 180 0 180 6.20042e-14 -6.29741 0 180 0 180 0 180 0 -0
0 -180 0 0 0 -180 0 -180 0.182298 6.15714 0 -180 0 -180 0 0 0 -180
0 -0 0 180 0 -0 0 -0 1.18668 -178.735 0 -0 0 -0 0 180 0 -0
inside=0 lambda=0.647 phi=5 theta=0
0 -180 0 -180 0 -180 0 0 0.180328 5.47725 0 0 0 -180 0 -180 0 -180
0 -0 0 -0 0 -0 0 180 1.18456 -179.727 0 180 0 -0 0 -0 0 -0
0 -180 0 -180 0 0 0 0 6.5884e-14 17.55 0 0 0 0 0 0 0 -180
0 -0 0 -180 0 180 0 -0 4.89628e-13 -76.8947 0 0 0 180 0 0 0 -0
0 -180 0 -180 0 0 0 180 1.15174e-13 109.234 0 180 0 0 0 0 0 -180
0 -0 0 -0 0 180 0 0 6.48873e-13 -92.4765 0 -180 0 180 0 180 0 -0
0 -180 0 0 0 -180 0 -180 0.184375 5.18549 0 -180 0 -180 0 0 0 -180
0 -0 0 180 0 -0 0 -0 1.18877 -179.74 0 -0 0 -0 0 180 0 -0
inside=0 lambda=0.647 phi=5 theta=15
0 -180 0 -180 0 -180 0 0 0.180599 5.4573 0 0 0 -180 0 -180 0 -180
0 -0 0 -0 0 -0 0 180 1.18484 -179.728 0 180 0 -0 0 -0 0 -0
0 -180 0 -180 0 0 0 -180 0.00102076 176.611 0 0 0 0 0 0 0 -180
0 -0 0 -180 0 180 0 -0 0.00111443 -18.7374 0 180 0 180 0 0 0 -0
0 -180 0 -180 0 0 0 -180 0.00102086 176.583 0 0 0 0 0 0 0 -180
0 -0 0 -0 0 180 0 -180 0.00111245 -18.5793 0 0 0 180 0 180 0 -0
0 -180 0 0 0 -180 0 -180 0.184104 5.20464 0 -180 0 -180 0 0 0 -180
0 -0 0 180 0 -0 0 -0 1.18849 -179.739 0 -0 0 -0 0 180 0 -0
inside=0 lambda=0.647 phi=5 theta=30
0 -180 0 -180 0 -180 0 0 0.18134 5.40311 0 0 0 -180 0 -180 0 -180
0 -0 0 -0 0 -0 0 180 1.18561 -179.73 0 180 0 -0 0 -0 0 -0
0 -180 0 -180 0 0 0 -180 0.00176805 176.605 0 0 0 0 0 0 0 -180
0 -0 0 -180 0 180 0 -0 0.00192951 -18.7033 0 180 0 180 0 0 0 -0
0 -180 0 -180 0 0 0 -180 0.00176815 176.589 0 0 0 0 0 0 0 -180
0 -0 0 -0 0 180 0 -180 0.00192753 -18.6121 0 0 0 180 0 180 0 -0
0 -180 0 0 0 -180 0 -180 0.183364 5.25726 0 -180 0 -180 0 0 0 -180
0 -0 0 180 0 -0 0 -0 1.18772 -179.737 0 -0 0 -0 0 180 0 -0
inside=0 lambda=0.647 phi=5 theta=45
0 -180 0 -180 0 -180 0 0 0.182352 5.32979 0 0 0 -180 0 -180 0 -180
0 -0 0 -0 0 -0 0 180 1.18667 -179.734 0 180 0 -0 0 -0 0 -0
0 -180 0 -180 0 0 0 -180 0.00204162 176.597 0 0 0 0 0 0 0 -180
0 -0 0 -180 0 180 0 -0 0.00222686 -18.6574 0 180 0 180 0 0 0 -0
0 -180 0 -180 0 0 0 -180 0.00204162 176.597 0 0 0 0 0 0 0 -180
0 -0 0 -0 0 180 0 -180 0.00222686 -18.6574 0 0 0 180 0 180 0 -0
0 -180 0 0 0 -180 0 -180 0.182352 5.32979 0 -180 0 -180 0 0 0 -180
0 -0 0 180 0 -0 0 -0 1.18667 -179.734 0 -0 0 -0 0 180 0 -0
inside=0 lambda=0.647 phi=10 theta=0
0 -180 0 -180 0 -180 0 0 0.173898 3.54653 0 0 0 -180 0 -180 0 -180
0 -0 0 -0 0 -0 0 180 1.17801 177.295 0 180 0 -0 0 -0 0 -0
0 -180 0 -180 0 0 0 -0 5.36392e-14 130.569 0 -0 0 0 0 0 0 -180
0 -0 0 -180 0 180 0 -0 2.77189e-13 -94.7135 0 180 0 180 0 0 0 -0
0 -180 0 -180 0 0 0 180 5.06579e-14 106.39 0 180 0 0 0 0 0 -180
0 -0 0 -0 0 180 0 0 2.32903e-13 -89.8243 0 0 0 180 0 180 0 -0
0 -180 0 0 0 -180 0 -180 0.190465 2.23913 0 -180 0 -180 0 0 0 -180
0 -0 0 180 0 -0 0 -0 1.19537 177.25 0 -0 0 -0 0 180 0 -0
inside=0 lambda=0.647 phi=10 theta=15
0 -180 0 -180 0 -180 0 0 0.175008 3.45123 0 0 0 -180 0 -180 0 -180
0 -0 0 -0 0 -0 0 180 1.17918 177.291 0 180 0 -0 0 -0 0 -0
0 -180 0 -180 0 0 0 -180 0.00418697 173.211 0 0 0 0 0 0 0 -180
0 -0 0 -180 0 180 0 -0 0.00458817 -21.2693 0 180 0 180 0 0 0 -0
0 -180 0 -180 0 0 0 -180 0.00418883 173.094 0 180 0 0 0 0 0 -180
0 -0 0 -0 0 180 0 -180 0.00455583 -20.6221 0 0 0 180 0 180 0 -0
0 -180 0 0 0 -180 0 -180 0.189356 2.31988 0 -180 0 -180 0 0 0 -180
0 -0 0 180 0 -0 0 -0 1.19421 177.252 0 -0 0 -0 0 180 0 -0
inside=0 lambda=0.647 phi=10 theta=30
0 -180 0 -180 0 -180 0 0 0.17804 3.19711 0 0 0 -180 0 -180 0 -180
0 -0 0 -0 0 -0 0 180 1.18235 177.281 0 180 0 -0 0 -0 0 -0
0 -180 0 -180 0 0 0 -180 0.00725277 173.188 0 0 0 0 0 180 0 -180
0 -0 0 -180 0 180 0 -0 0.00793413 -21.1218 0 180 0 180 0 0 0 -0
0 -180 0 -180 0 0 0 -180 0.00725462 173.12 0 180 0 0 0 0 0 -180
0 -0 0 -0 0 180 0 -180 0.00790185 -20.7484 0 0 0 180 0 180 0 -0
0 -180 0 0 0 -180 0 -180 0.186325 2.54495 0 -180 0 -180 0 0 0 -180
0 -0 0 180 0 -0 0 -0 1.19103 177.259 0 -0 0 -0 0 180 0 -0
inside=0 lambda=0.647 phi=10 theta=45
0 -180 0 -180 0 -180 0 0 0.182183 2.86379 0 0 0 -180 0 -180 0 -180
0 -0 0 -0 0 -0 0 180 1.18669 177.269 0 180 0 -0 0 -0 0 -0
0 -180 0 -180 0 0 0 -180 0.00837586 173.155 0 0 0 0 0 180 0 -180
0 -0 0 -180 0 180 0 -0 0.00914237 -20.9299 0 180 0 180 0 0 0 -0
0 -180 0 -180 0 0 0 -180 0.00837586 173.155 0 180 0 0 0 0 0 -180
0 -0 0 -0 0 180 0 -180 0.00914237 -20.9299 0 0 0 180 0 180 0 -0
0 -180 0 0 0 -180 0 -180 0.182183 2.86379 0 -180 0 -180 0 0 0 -180
0 -0 0 180 0 -0 0 -0 1.18669 177.269 0 -0 0 -0 0 180 0 -0
inside=0 lambda=0.647 phi=15 theta=0
0 -180 0 -180 0 -180 0 0 0.161544 0.800741 0 0 0 -180 0 -180 0 -180
0 -0 0 -0 0 -0 0 180 1.16631 172.316 0 180 0 -0 0 -0 0 -0
0 -180 0 -180 0 0 0 -0 5.49328e-14 -136.066 0 180 0 0 0 0 0 -180
0 -0 0 -180 0 180 0 -0 2.78232e-13 80.0847 0 180 0 180 0 0 0 -0
0 -180 0 -180 0 0 0 180 9.34678e-14 -100.38 0 -180 0 0 0 0 0 -180
0 -0 0 -0 0 180 0 0 3.19267e-13 69.9035 0 -0 0 180 0 180 0 -0
0 -180 0 0 0 -180 0 -180 0.200077 -2.78681 0 -180 0 -180 0 0 0 -180
0 -0 0 180 0 -0 0 -0 1.20758 172.248 0 -0 0 -0 0 180 0 -0
inside=0 lambda=0.647 phi=15 theta=15
0 -180 0 -180 0 -180 0 0 0.164117 0.506249 0 0 0 -180 0 -180 0 -180
0 -0 0 -0 0 -0 0 180 1.16907 172.306 0 180 0 -0 0 -0 0 -0
0 -180 0 -180 0 0 0 -180 0.00978807 167.408 0 0 0 0 0 180 0 -180
0 -0 0 -180 0 180 0 -0 0.0108889 -25.5009 0 180 0 180 0 0 0 -0
0 -180 0 -180 0 0 0 -180 0.00980062 167.124 0 180 0 0 0 0 0 -180
0 -0 0 -0 0 180 0 -180 0.0107196 -23.9904 0 0 0 180 0 180 0 -0
0 -180 0 0 0 -180 0 -180 0.197496 -2.58763 0 -180 0 -180 0 0 0 -180
0 -0 0 180 0 -0 0 -0 1.20481 172.248 0 -0 0 -0 0 180 0 -0
inside=0 lambda=0.647 phi=15 theta=30
0 -180 0 -180 0 -180 0 0 0.171157 -0.249113 0 0 0 -180 0 -180 0 -180
0 -0 0 -0 0 -0 0 180 1.17662 172.285 0 180 0 -0 0 -0 0 -0
0 -180 0 -180 0 0 0 -180 0.0169585 167.357 0 0 0 0 0 180 0 -180
0 -0 0 -180 0 180 0 -0 0.0187859 -25.124 0 180 0 180 0 0 0 -0
0 -180 0 -180 0 0 0 -180 0.0169711 167.194 0 180 0 0 0 0 0 -180
0 -0 0 -0 0 180 0 -180 0.0186186 -24.2553 0 0 0 180 0 180 0 -0
0 -180 0 0 0 -180 0 -180 0.190438 -2.02051 0 -180 0 -180 0 0 0 -180
0 -0 0 180 0 -0 0 -0 1.19725 172.251 0 -0 0 -0 0 180 0 -0
inside=0 lambda=0.647 phi=15 theta=45
0 -180 0 -180 0 -180 0 0 0.180793 -1.18129 0 0 0 -180 0 -180 0 -180
0 -0 0 -0 0 -0 0 180 1.18693 172.263 0 180 0 -0 0 -0 0 -0
0 -180 0 -180 0 0 0 -180 0.0195895 167.28 0 0 0 0 0 180 0 -180
0 -0 0 -180 0 180 0 -0 0.0215891 -24.662 0 180 0 180 0 0 0 -0
0 -180 0 -180 0 0 0 -180 0.0195895 167.28 0 180 0 0 0 0 0 -180
0 -0 0 -0 0 180 0 -180 0.0215891 -24.662 0 0 0 180 0 180 0 -0
0 -180 0 0 0 -180 0 -180 0.180793 -1.18129 0 -180 0 -180 0 0 0 -180
0 -0 0 180 0 -0 0 -0 1.18693 172.263 0 -0 0 -0 0 180 0 -0
inside=0 lambda=0.647 phi=20 theta=0
0 -180 0 -180 0 -180 0 0 0.141366 -1.46662 0 0 0 -180 0 -180 0 -180
0 -0 0 -0 0 -0 0 180 1.14768 165.315 0 180 0 -0 0 -0 0 -0
0 -180 0 -0 0 0 0 -0 1.20161e-13 -14.9578 0 180 0 0 0 180 0 -180
0 -0 0 -180 0 180 0 -180 2.26875e-13 -123.117 0 0 0 180 0 0 0 -0
0 -180 0 -180 0 0 0 -0 4.87891e-14 57.4218 0 -0 0 0 0 0 0 -180
0 -0 0 -0 0 180 0 -180 2.55142e-13 -105.131 0 -180 0 180 0 180 0 -0
0 -180 0 0 0 -180 0 -180 0.212148 -10.1208 0 -180 0 -180 0 0 0 -180
0 -0 0 180 0 -0 0 -0 1.22783 165.281 0 -0 0 -0 0 180 0 -0
inside=0 lambda=0.647 phi=20 theta=15
0 -180 0 -180 0 -180 0 0 0.146003 -2.32574 0 0 0 -180 0 -180 0 -180
0 -0 0 -0 0 -0 0 180 1.15305 165.294 0 180 0 -0 0 -0 0 -0
0 -180 0 -180 0 0 0 -180 0.0182264 158.906 0 0 0 0 0 180 0 -180
0 -0 0 -180 0 180 0 -0 0.0211064 -31.5242 0 180 0 180 0 0 0 -0
0 -180 0 -180 0 0 0 -180 0.018284 158.348 0 180 0 0 0 0 0 -180
0 -0 0 -0 0 180 0 -180 0.0205404 -28.7178 0 0 0 180 0 180 0 -0
0 -180 0 0 0 -180 0 -180 0.207381 -9.71221 0 -180 0 -180 0 0 0 -180
0 -0 0 180 0 -0 0 -0 1.22244 165.264 0 -0 0 -0 0 180 0 -0
inside=0 lambda=0.647 phi=20 theta=30
0 -180 0 -180 0 -180 0 0 0.1588 -4.37836 0 0 0 -180 0 -180 0 -180
0 -0 0 -0 0 -0 0 180 1.16771 165.253 0 180 0 -0 0 -0 0 -0
0 -180 0 -180 0 0 0 -180 0.0315928 158.828 0 0 0 0 0 180 0 -180
0 -0 0 -180 0 180 0 -0 0.0362697 -30.7319 0 180 0 180 0 0 0 -0
0 -180 0 -180 0 0 0 -180 0.0316506 158.513 0 180 0 0 0 0 0 -180
0 -0 0 -0 0 180 0 -180 0.0357262 -29.1323 0 0 0 180 0 180 0 -0
0 -180 0 0 0 -180 0 -180 0.194322 -8.52322 0 -180 0 -180 0 0 0 -180
0 -0 0 180 0 -0 0 -0 1.20774 165.235 0 -0 0 -0 0 180 0 -0
inside=0 lambda=0.647 phi=20 theta=45
0 -180 0 -180 0 -180 0 0 0.176496 -6.65787 0 0 0 -180 0 -180 0 -180
0 -0 0 -0 0 -0 0 180 1.18772 165.227 0 180 0 -0 0 -0 0 -0
0 -180 0 -180 0 0 0 -180 0.0365153 158.691 0 0 0 0 0 180 0 -180
0 -0 0 -180 0 180 0 -0 0.0415294 -29.8407 0 180 0 180 0 0 0 -0
0 -180 0 -180 0 0 0 -180 0.0365153 158.691 0 180 0 0 0 0 0 -180
0 -0 0 -0 0 180 0 -180 0.0415294 -29.8407 0 0 0 180 0 180 0 -0
0 -180 0 0 0 -180 0 -180 0.176496 -6.65787 0 -180 0 -180 0 0 0 -180
0 -0 0 180 0 -0 0 -0 1.18772 165.227 0 -0 0 -0 0 180 0 -0
inside=0 lambda=0.647 phi=25 theta=0
0 180 0 180 0 -180 0 0 0.113322 1.07137 0 0 0 180 0 180 0 -180
0 -0 0 -0 0 -0 0 180 1.11817 156.289 0 180 0 -0 0 -0 0 -0
0 -180 0 -0 0 0 0 -0 9.18539e-14 -56.2826 0 180 0 0 0 180 0 -180
0 -0 0 -180 0 180 0 180 3.11732e-13 24.9537 0 -0 0 180 0 0 0 -0
0 -180 0 -180 0 0 0 -0 2.69767e-13 -153.117 0 -0 0 0 0 0 0 -180
0 -0 0 -0 0 180 0 -180 6.17323e-13 69.1441 0 180 0 180 0 180 0 -0
0 -180 0 0 0 -180 0 -180 0.22453 -20.2952 0 -180 0 -180 0 0 0 -180
0 -0 0 180 0 -0 0 -0 1.26124 156.41 0 -0 0 -0 0 180 0 -0
inside=0 lambda=0.647 phi=25 theta=15
0 -180 0 -180 0 -180 0 0 0.11992 -1.7272 0 0 0 180 0 180 0 -180
0 -0 0 -0 0 -0 0 180 1.12781 156.231 0 180 0 -0 0 -0 0 -0
0 -180 0 -180 0 0 0 -180 0.0298934 147.044 0 0 0 -0 0 180 0 -180
0 -0 0 -180 0 180 0 -0 0.0376909 -39.6147 0 180 0 180 0 0 0 -0
0 -180 0 -180 0 0 0 -180 0.0301164 146.039 0 180 0 0 0 0 0 -180
0 -0 0 -0 0 180 0 -180 0.0361336 -35.0321 0 0 0 180 0 180 0 -0
0 -180 0 0 0 -180 0 -180 0.216887 -19.4954 0 -180 0 -180 0 0 0 -180
0 -0 0 180 0 -0 0 -0 1.25156 156.335 0 -0 0 -0 0 180 0 -0
inside=0 lambda=0.647 phi=25 theta=30
0 -180 0 -180 0 -180 0 0 0.139105 -7.65151 0 0 0 180 0 180 0 -180
0 -0 0 -0 0 -0 0 180 1.15401 156.138 0 180 0 -0 0 -0 0 -0
0 -180 0 -180 0 0 0 -180 0.0518614 146.98 0 0 0 -0 0 180 0 -180
0 -0 0 -180 0 180 0 -0 0.0643069 -38.0972 0 180 0 180 0 0 0 -0
0 -180 0 -180 0 0 0 -180 0.0520807 146.438 0 180 0 0 0 0 0 -180
0 -0 0 -0 0 180 0 -180 0.0629375 -35.5399 0 0 0 180 0 180 0 -0
0 -180 0 0 0 180 0 -180 0.195714 -17.152 0 -180 0 -180 0 0 0 -180
0 -0 0 180 0 -0 0 -0 1.22534 156.199 0 -0 0 -0 0 180 0 -0
inside=0 lambda=0.647 phi=25 theta=45
0 -180 0 -180 0 -180 0 0 0.166944 -13.2081 0 0 0 180 0 -180 0 -180
0 -0 0 -0 0 -0 0 180 1.18969 156.117 0 180 0 -0 0 -0 0 -0
0 -180 0 -180 0 0 0 -180 0.0600138 146.778 0 0 0 -0 0 180 0 -180
0 -0 0 -180 0 180 0 -0 0.0733163 -36.5896 0 180 0 180 0 0 0 -0
0 -180 0 -180 0 -0 0 -180 0.0600138 146.778 0 180 0 0 0 0 0 -180
0 -0 0 -0 0 180 0 -180 0.0733163 -36.5896 0 0 0 180 0 180 0 -0
0 -180 0 0 0 180 0 -180 0.166944 -13.2081 0 -180 0 -180 0 0 0 -180
0 -0 0 180 0 -0 0 -0 1.18969 156.117 0 -0 0 -0 0 180 0 -0
inside=0 lambda=0.647 phi=30 theta=0
0 180 0 180 0 -180 0.0501309 -76.4642 0.0888697 24.1094 0 0 0 180 0 180 0 -180
0 -0 0 0 0 -0 0 180 1.06332 145.443 0 0 0 -0 0 0 0 -0
0 -180 0 -0 0 0 1.05872e-13 -150.668 2.41177e-13 -136.032 0 180 0 0 0 180 0 -180
0 -0 0 -180 0 180 0 -180 2.25985e-13 171.778 0 0 0 180 0 0 0 -0
0 -180 0 -180 0 0 7.00792e-14 56.3989 4.95465e-13 87.1134 0 180 0 0 0 0 0 -180
0 -0 0 -0 0 180 0 -0 2.12748e-13 137.895 0 180 0 180 0 180 0 -0
0 -180 0 0 0 -180 0.193634 -120.648 0.234441 -35.952 0 -180 0 -180 0 0 0 -180
0 -0 0 180 0 -0 0 -0 1.31304 145.927 0 -0 0 -0 0 180 0 -0
inside=0 lambda=0.647 phi=30 theta=15
0 180 0 180 0 -180 0 -0 0.0960945 13.8994 0 0 0 180 0 180 0 -180
0 -0 0 -0 0 -0 0 180 1.08605 145.235 0 0 0 -0 0 0 0 -0
0 -180 0 -180 0 0 0 -180 0.0451998 130.07 0 0 0 -0 0 180 0 -180
0 -0 0 -180 0 180 0 -0 0.0671303 -50.4795 0 180 0 180 0 0 0 -0
0 -180 0 -180 0 0 0 -180 0.0460593 128.267 0 0 0 0 0 0 0 -180
0 -0 0 -0 0 180 0 -180 0.0621336 -43.6165 0 0 0 180 0 180 0 -0
0 -180 0 0 0 -180 0 -180 0.221406 -33.2782 0 -180 0 -180 0 0 0 -180
0 -0 0 180 0 -0 0 -0 1.30246 145.62 0 -0 0 -0 0 180 0 -0
inside=0 lambda=0.647 phi=30 theta=30
0 -180 0 -180 0 -180 0 -0 0.113181 -5.2975 0 0 0 180 0 180 0 -180
0 -0 0 -0 0 -0 0 180 1.13213 144.87 0 180 0 -0 0 -0 0 -0
0 -180 0 -180 0 0 0 -180 0.0784179 130.384 0 0 0 -0 0 180 0 -180
0 -0 0 -180 0 180 0 -0 0.11179 -47.5599 0 180 0 180 0 0 0 -0
0 -180 0 -180 0 -0 0 -180 0.0791812 129.536 0 0 0 0 0 0 0 -180
0 -0 0 -0 0 180 0 -180 0.108791 -43.9037 0 0 0 180 0 180 0 -0
0 -180 0 0 0 180 0 -180 0.190936 -28.4554 0 180 0 -180 0 0 0 -180
0 -0 0 180 0 -0 0 -0 1.25656 145.104 0 -0 0 -0 0 180 0 -0
inside=0 lambda=0.647 phi=30 theta=45
0 -180 0 -180 0 -180 0 -0 0.149264 -19.8995 0 0 0 180 0 180 0 -180
0 -0 0 -0 0 -0 0 180 1.19449 144.847 0 180 0 -0 0 -0 0 -0
0 -180 0 -180 0 0 0 -180 0.0909353 130.159 0 0 0 -0 0 0 0 -180
0 -0 0 -180 0 180 0 -0 0.126896 -45.267 0 180 0 180 0 0 0 -0
0 -180 0 -180 0 -0 0 -180 0.0909353 130.159 0 0 0 0 0 0 0 -180
0 -0 0 -0 0 180 0 -180 0.126896 -45.267 0 0 0 180 0 180 0 -0
0 -180 0 -0 0 180 0 -180 0.149264 -19.8995 0 180 0 -180 0 0 0 -180
0 -0 0 180 0 -0 0 -0 1.19449 144.847 0 -0 0 -0 0 180 0 -0
inside=0 lambda=0.647 phi=35 theta=0
0 -180 0 180 0 -180 0.143604 -62.0532 0.12554 55.7378 0 0 0 -180 0 180 0 -180
0 -0 0 0 0 -180 0 180 0.960497 132.05 0 0 0 -0 0 0 0 -180
0 -180 0 -180 0 0 1.41289e-13 -175.392 1.01135e-13 135.801 0 -180 0 0 0 0 0 -180
0 -0 0 -180 0 0 0 0 2.77181e-13 48.838 0 180 0 180 0 0 0 -180
0 -180 0 -180 0 0 2.10605e-13 -96.5388 9.51375e-14 163.3 0 180 0 0 0 0 0 -180
0 -0 0 -0 0 180 0 -180 1.59479e-13 -90.8013 0 -0 0 180 0 180 0 -0
0 -180 0 0 0 -180 0.214765 -86.9694 0.258004 -57.9762 0 -180 0 -180 0 0 0 -180
0 -0 0 180 0 -0 0 -0 1.40546 133.113 0 -0 0 -0 0 180 0 -0
inside=0 lambda=0.647 phi=35 theta=15
0 -180 0 180 0 -180 0.113719 -72.521 0.114528 47.072 0 0 0 180 0 180 0 -180
0 -0 0 0 0 -180 0 180 0.997296 131.934 0 0 0 -0 0 0 0 -180
0 -180 0 -180 0 0 0.0446371 -114.313 0.0676769 105.97 0 0 0 0 0 0 0 -180
0 -0 0 -180 0 0 0 -0 0.121947 -60.3733 0 0 0 180 0 0 0 -180
0 -180 0 -180 0 -0 0.0574794 -106.323 0.0713311 104.356 0 0 0 0 0 0 0 -180
0 -0 0 -0 0 180 0 -180 0.113974 -54.9033 0 0 0 180 0 180 0 -0
0 -180 0 0 0 180 0.199218 -99.8322 0.230648 -55.2685 0 -180 0 -180 0 0 0 -180
0 -0 0 180 0 -0 0 -0 1.38375 132.759 0 -0 0 -0 0 180 0 -0
inside=0 lambda=0.647 phi=35 theta=30
0 180 0 -180 0 -180 0 -0 0.100518 14.5871 0 0 0 180 0 180 0 -180
0 -0 0 -0 0 -180 0 180 1.09506 131.351 0 0 0 -0 0 -0 0 -180
0 -180 0 -180 0 0 0 -180 0.114535 105.455 0 0 0 -0 0 0 0 -180
0 -0 0 -180 0 0 0 -0 0.201828 -59.5666 0 0 0 180 0 0 0 -180
0 -180 0 -180 0 -0 0 -180 0.117149 104.378 0 0 0 0 0 0 0 -180
0 -0 0 -0 0 180 0 -180 0.195281 -54.8716 0 0 0 180 0 180 0 -0
0 -180 0 -0 0 180 0 -180 0.173488 -44.7047 0 180 0 -180 0 0 0 -180
0 -0 0 180 0 -0 0 -0 1.31956 131.859 0 -0 0 -0 0 180 0 -0
inside=0 lambda=0.647 phi=35 theta=45
0 -180 0 -180 0 -180 0 -0 0.120442 -23.8314 0 0 0 180 0 180 0 -180
0 -0 0 -0 0 -0 0 180 1.2081 131.222 0 0 0 -0 0 -0 0 -180
0 -180 0 -180 0 0 0 -180 0.132937 105.392 0 0 0 -0 0 0 0 -180
0 -0 0 -180 0 180 0 -0 0.22802 -56.4582 0 0 0 180 0 0 0 -180
0 -180 0 -180 0 -0 0 -180 0.132937 105.392 0 0 0 0 0 0 0 -180
0 -0 0 -0 0 180 0 -180 0.22802 -56.4582 0 0 0 180 0 0 0 -180
0 -180 0 -0 0 180 0 -180 0.120442 -23.8314 0 180 0 -180 0 0 0 -180
0 -0 0 180 0 -0 0 -0 1.2081 131.222 0 -0 0 -0 0 0 0 -180
inside=0 lambda=0.647 phi=40 theta=0
0 -180 0 180 0 -180 0.270637 -43.6049 0.26897 54.6661 0 0 0 -180 0 180 0 -180
0 0 0 0 0 -180 0 -180 0.742213 115.845 0 0 0 0 0 0 0 -180
0 -180 0 -180 0 0 2.37982e-13 147.163 5.01808e-13 6.834 0 -0 0 0 0 0 0 -180
0 -0 0 -180 0 0 0 180 8.92472e-13 -79.2413 0 -180 0 180 0 0 0 -180
0 -180 0 -180 0 0 2.38579e-12 -77.5613 5.52014e-13 160.242 0 0 0 0 0 0 0 -180
0 -0 0 -0 0 180 0 180 4.26856e-13 -9.00083 0 0 0 180 0 180 0 -0
0 -180 0 0 0 -180 0.267876 -50.7923 0.318379 -92.4008 0 180 0 -180 0 0 0 -180
0 -0 0 180 0 -0 0 -0 1.6409 117.928 0 -0 0 -0 0 180 0 -0
inside=0 lambda=0.647 phi=40 theta=15
0 -180 0 180 0 -180 0.217635 -58.1097 0.242964 51.3269 0 0 0 180 0 180 0 -180
0 -0 0 0 0 -180 0 180 0.81693 115.719 0 0 0 -0 0 -0 0 -180
0 -180 0 -180 0 0 0.0739808 -122.728 0.116244 69.8454 0 0 0 0 0 0 0 -180
0 -0 0 -180 0 0 0 -0 0.241972 -74.4633 0 0 0 180 0 0 0 -180
0 -180 0 -180 0 -0 0.10225 -80.8891 0.1242 69.8622 0 0 0 0 0 0 0 -180
0 -0 0 -0 0 180 0 -180 0.237515 -67.498 0 0 0 180 0 180 0 -0
0 -180 0 0 0 180 0.227907 -68.875 0.259056 -92.7449 0 180 0 -180 0 0 0 -180
0 -0 0 180 0 -0 0 -0 1.61178 117.098 0 -0 0 -0 0 180 0 -0
inside=0 lambda=0.647 phi=40 theta=30
0 -180 0 180 0 -180 0.0937261 -103.043 0.16736 39.9963 0 0 0 180 0 180 0 -180
0 -0 0 0 0 -180 0 180 1.01588 115.154 0 0 0 -0 0 -0 0 -180
0 -180 0 -180 0 0 0.116866 -140.334 0.200969 65.6599 0 0 0 -0 0 0 0 -180
0 -0 0 -180 0 0 0 -0 0.421924 -72.9286 0 0 0 180 0 0 0 -180
0 -180 0 -180 0 -0 0.0997097 -121.52 0.20831 65.7539 0 0 0 0 0 0 0 -180
0 -0 0 -0 0 180 0 -180 0.409259 -69.2432 0 0 0 0 0 0 0 -180
0 -180 0 -0 0 180 0.185955 -118.925 0.139388 -82.1802 0 180 0 -180 0 0 0 -180
0 -0 0 180 0 -0 0 -0 1.48216 115.808 0 -0 0 -180 0 0 0 -180
inside=0 lambda=0.647 phi=40 theta=45
0 -180 0 -180 0 -180 0 -0 0.0785912 -10.4561 0 0 0 180 0 180 0 -180
0 -0 0 -0 0 -180 0 180 1.26244 114.552 0 0 0 -0 0 -0 0 -180
0 -180 0 -180 0 0 0 -180 0.229357 64.554 0 0 0 -0 0 0 0 -180
0 -0 0 -180 0 0 0 -0 0.476861 -70.7826 0 0 0 180 0 0 0 -180
0 -180 0 -180 0 -0 0 -180 0.229357 64.554 0 0 0 0 0 0 0 -180
0 -0 0 -0 0 180 0 -180 0.476861 -70.7826 0 0 0 0 0 0 0 -180
0 -180 0 -0 0 180 0 -180 0.0785912 -10.4561 0 180 0 -180 0 0 0 -180
0 -0 0 180 0 -0 0 -0 1.26244 114.552 0 -0 0 -180 0 0 0 -180
inside=0 lambda=0.647 phi=45 theta=0
0 -180 0 180 0 -180 0.784816 -26.5487 0.55931 -36.4142 0 0 0 -180 0 180 0 -180
0 0 0 -0 0 180 0 -180 0 180 0 -0 0 0 0 -0 0 180
0 -180 0 -0 0 0 3.44662e-13 -102.755 5.66498e-13 137.11 0 -0 0 0 0 180 0 -180
0 0 0 180 0 -0 0 180 0 0 0 -180 0 -180 0 -0 0 180
0 -0 0 -180 0 0 6.12427e-12 -163.466 9.24569e-12 -153.295 0 180 0 180 0 0 0 -180
0 -180 0 -180 0 0 0 0 0 0 0 -180 0 0 0 0 0 -180
0 -0 0 0 0 -180 0.844824 -28.8331 0.600218 136.52 0 -180 0 -0 0 0 0 -180
0 -180 0 0 0 -180 0 -0 0 0 0 -180 0 -180 0 0 0 -180
inside=0 lambda=0.647 phi=45 theta=15
0 -180 0 180 0 -180 0.602025 -46.0657 0.596282 -28.1324 0 0 0 -180 0 180 0 -180
0 0 0 -0 0 180 0 -180 0 180 0 -0 0 -0 0 -0 0 180
0 -180 0 -0 0 0 0.281235 164.089 0.324961 -38.8684 0 0 0 0 0 180 0 -180
0 0 0 180 0 -0 0 0 0 -180 0 0 0 180 0 -0 0 180
0 -180 0 -180 0 0 0.293707 -64.2083 0.340747 -42.1768 0 -0 0 180 0 0 0 -180
0 -180 0 -180 0 0 0 -180 0 -180 0 -0 0 0 0 0 0 -180
0 -180 0 0 0 -180 0.619939 -51.1544 0.708218 119.321 0 -180 0 -0 0 0 0 -180
0 -180 0 0 0 -180 0 -180 0 0 0 -180 0 -180 0 0 0 -180
inside=0 lambda=0.647 phi=45 theta=30
0 180 0 180 0 -180 0.217334 -86.5561 0.513433 -10.9696 0 0 0 -180 0 -180 0 180
0 0 0 0 0 -180 0 180 0 180 0 -0 0 -0 0 -0 0 180
0 180 0 -0 0 0 0.280487 145.477 0.744324 -50.2913 0 0 0 0 0 -180 0 -180
0 -0 0 -180 0 0 0 0 0 -180 0 0 0 180 0 -0 0 180
0 -180 0 -180 0 0 0.261841 -113.774 0.735952 -52.0033 0 -180 0 0 0 0 0 -180
0 -0 0 -0 0 0 0 -180 0 -180 0 -0 0 0 0 0 0 -180
0 -180 0 0 0 -180 0.278537 -110.808 0.594978 85.5878 0 -180 0 -0 0 0 0 180
0 -0 0 180 0 -180 0 -0 0 0 0 -180 0 -180 0 0 0 -180
inside=0 lambda=0.647 phi=45 theta=45
0 180 0 180 0 -180 0 0 0.41131 32.4019 0 0 0 -180 0 -180 0 180
0 -0 0 0 0 -180 0 180 0 0 0 0 0 -180 0 -0 0 180
0 180 0 -0 0 0 0 180 0.911496 -57.5981 0 0 0 0 0 -180 0 180
0 -0 0 -180 0 0 0 -0 0 -180 0 0 0 0 0 -0 0 180
0 180 0 180 0 0 0 -0 0.911496 -57.5981 0 -180 0 0 0 0 0 180
0 -0 0 -0 0 0 0 -180 0 -180 0 -0 0 0 0 0 0 180
0 180 0 0 0 -180 0 180 0.41131 32.4019 0 -180 0 -180 0 0 0 180
0 -0 0 180 0 -180 0 0 0 0 0 -0 0 -180 0 0 0 180
inside=1 lambda=0.647 phi=0 theta=0
0 -180 0 -180 0 -180 0 0 0.182298 176.372 0 0 0 -180 0 -180 0 -180
0 -0 0 -0 0 -0 0 180 0.814683 -178.735 0 180 0 -0 0 -0 0 -0
0 -180 0 180 0 0 0 -180 4.49987e-13 59.893 0 -180 0 0 0 180 0 -180
0 -0 0 -0 0 180 0 -0 7.34195e-13 -57.6242 0 -0 0 180 0 180 0 -0
0 -180 0 -0 0 0 0 0 7.99737e-13 166.176 0 0 0 0 0 -0 0 -180
0 -0 0 180 0 180 0 180 1.09079e-13 -127.136 0 180 0 180 0 180 0 -0
0 -180 0 0 0 -180 0 -180 0.182298 176.372 0 -180 0 -180 0 0 0 -180
0 -0 0 180 0 -0 0 -0 0.814683 -178.735 0 -0 0 -0 0 180 0 -0
inside=1 lambda=0.647 phi=0 theta=15
0 -180 0 -180 0 -180 0 0 0.182298 176.372 0 0 0 -180 0 -180 0 -180
0 -0 0 -0 0 -0 0 180 0.814683 -178.735 0 180 0 -0 0 -0 0 -0
0 -180 0 180 0 0 0 -180 4.49987e-13 59.893 0 -180 0 0 0 180 0 -180
0 -0 0 -0 0 180 0 -0 7.34195e-13 -57.6242 0 -0 0 180 0 180 0 -0
0 -180 0 -0 0 0 0 0 7.99737e-13 166.176 0 0 0 0 0 -0 0 -180
0 -0 0 180 0 180 0 180 1.09079e-13 -127.136 0 180 0 180 0 180 0 -0
0 -180 0 0 0 -180 0 -180 0.182298 176.372 0 -180 0 -180 0 0 0 -180
0 -0 0 180 0 -0 0 -0 0.814683 -178.735 0 -0 0 -0 0 180 0 -0
inside=1 lambda=0.647 phi=0 theta=30
0 -180 0 -180 0 -180 0 0 0.182298 176.372 0 0 0 -180 0 -180 0 -180
0 -0 0 -0 0 -0 0 180 0.814683 -178.735 0 180 0 -0 0 -0 0 -0
0 -180 0 180 0 0 0 -180 4.49987e-13 59.893 0 -180 0 0 0 180 0 -180
0 -0 0 -0 0 180 0 -0 7.34195e-13 -57.6242 0 -0 0 180 0 180 0 -0
0 -180 0 -0 0 0 0 0 7.99737e-13 166.176 0 0 0 0 0 -0 0 -180
0 -0 0 180 0 180 0 180 1.09079e-13 -127.136 0 180 0 180 0 180 0 -0
0 -180 0 0 0 -180 0 -180 0.182298 176.372 0 -180 0 -180 0 0 0 -180
0 -0 0 180 0 -0 0 -0 0.814683 -178.735 0 -0 0 -0 0 180 0 -0
inside=1 lambda=0.647 phi=0 theta=45
0 -180 0 -180 0 -180 0 0 0.182298 176.372 0 0 0 -180 0 -180 0 -180
0 -0 0 -0 0 -0 0 180 0.814683 -178.735 0 180 0 -0 0 -0 0 -0
0 -180 0 180 0 0 0 -180 4.49987e-13 59.893 0 -180 0 0 0 180 0 -180
0 -0 0 -0 0 180 0 -0 7.34195e-13 -57.6242 0 -0 0 180 0 180 0 -0
0 -180 0 -0 0 0 0 0 7.99737e-13 166.176 0 0 0 0 0 -0 0 -180
0 -0 0 180 0 180 0 180 1.09079e-13 -127.136 0 180 0 180 0 180 0 -0
0 -180 0 0 0 -180 0 -180 0.182298 176.372 0 -180 0 -180 0 0 0 -180
0 -0 0 180 0 -0 0 -0 0.814683 -178.735 0 -0 0 -0 0 180 0 -0
inside=1 lambda=0.647 phi=5 theta=0
0 -180 0 -180 0 -180 0 0 0.181382 175.761 0 0 0 -180 0 -180 0 -180
0 -0 0 -0 0 -0 0 180 0.815646 -179.202 0 180 0 -0 0 -0 0 -0
0 -180 0 -0 0 0 0 -0 5.35991e-14 50.5548 0 0 0 0 0 180 0 -180
0 -0 0 -0 0 180 0 0 2.23611e-13 69.4776 0 -180 0 180 0 180 0 -0
0 -180 0 -180 0 0 0 180 2.94891e-14 83.8026 0 180 0 0 0 0 0 -180
0 -0 0 -0 0 180 0 0 2.01443e-13 89.7442 0 -0 0 180 0 180 0 -0
0 -180 0 0 0 -180 0 -180 0.183278 175.883 0 -180 0 -180 0 0 0 -180
0 -0 0 180 0 -0 0 -0 0.81371 -179.208 0 -0 0 -0 0 180 0 -0
inside=1 lambda=0.647 phi=5 theta=15
0 -180 0 -180 0 -180 0 0 0.181509 175.769 0 0 0 -180 0 -180 0 -180
0 -0 0 -0 0 -0 0 180 0.815516 -179.202 0 180 0 -0 0 -0 0 -0
0 -180 0 -0 0 0 0 -180 0.00047328 -1.91659 0 0 0 0 0 180 0 -180
0 -0 0 -0 0 180 0 -0 0.000497956 -165.604 0 180 0 180 0 180 0 -0
0 -180 0 -180 0 0 0 -0 0.000473309 -1.85431 0 180 0 0 0 0 0 -180
0 -0 0 -0 0 180 0 -0 0.000497739 -165.643 0 180 0 180 0 180 0 -0
0 -180 0 0 0 -180 0 -180 0.183151 175.875 0 -180 0 -180 0 0 0 -180
0 -0 0 180 0 -0 0 -0 0.813839 -179.208 0 -0 0 -0 0 180 0 -0
inside=1 lambda=0.647 phi=5 theta=30
0 -180 0 -180 0 -180 0 0 0.181856 175.792 0 0 0 -180 0 -180 0 -180
0 -0 0 -0 0 -0 0 180 0.815162 -179.204 0 180 0 -0 0 -0 0 -0
0 -180 0 -0 0 0 0 -180 0.000819755 -1.9034 0 0 0 0 0 180 0 -180
0 -0 0 -0 0 180 0 -0 0.000862405 -165.613 0 180 0 180 0 180 0 -0
0 -180 0 -180 0 0 0 -0 0.000819784 -1.86744 0 180 0 0 0 0 0 -180
0 -0 0 -0 0 180 0 -0 0.000862188 -165.635 0 180 0 180 0 180 0 -0
0 -180 0 0 0 -180 0 -180 0.182804 175.853 0 -180 0 -180 0 0 0 -180
0 -0 0 180 0 -0 0 -0 0.814194 -179.207 0 -0 0 -0 0 180 0 -0
inside=1 lambda=0.647 phi=5 theta=45
0 -180 0 -180 0 -180 0 0 0.18233 175.822 0 0 0 -180 0 -180 0 -180
0 -0 0 -0 0 -0 0 180 0.814678 -179.205 0 180 0 -0 0 -0 0 -0
0 -180 0 -0 0 0 0 -180 0.000946589 -1.8854 0 0 0 0 0 180 0 -180
0 -0 0 -0 0 180 0 -0 0.000995694 -165.624 0 180 0 180 0 180 0 -0
0 -180 0 -180 0 0 0 -0 0.000946589 -1.8854 0 180 0 0 0 0 0 -180
0 -0 0 -0 0 180 0 -0 0.000995694 -165.624 0 180 0 180 0 180 0 -0
0 -180 0 0 0 -180 0 -180 0.18233 175.822 0 -180 0 -180 0 0 0 -180
0 -0 0 180 0 -0 0 -0 0.814678 -179.205 0 -0 0 -0 0 180 0 -0
inside=1 lambda=0.647 phi=10 theta=0
0 -180 0 -180 0 -180 0 0 0.178532 173.914 0 0 0 -180 0 -180 0 -180
0 -0 0 -0 0 -0 0 180 0.818585 179.405 0 180 0 -0 0 -0 0 -0
0 -180 0 -0 0 0 0 180 2.92529e-13 -65.2263 0 0 0 0 0 180 0 -180
0 -0 0 -180 0 180 0 -180 3.26543e-13 -166.249 0 180 0 180 0 0 0 -0
0 -180 0 -180 0 0 0 180 3.7463e-14 -75.0917 0 -0 0 0 0 0 0 -180
0 -0 0 -0 0 180 0 180 1.71925e-13 -92.262 0 -0 0 180 0 180 0 -0
0 -180 0 0 0 -180 0 -180 0.186174 174.432 0 -180 0 -180 0 0 0 -180
0 -0 0 180 0 -0 0 -0 0.810769 179.381 0 -0 0 -0 0 180 0 -0
inside=1 lambda=0.647 phi=10 theta=15
0 -180 0 -180 0 -180 0 0 0.179044 173.949 0 0 0 -180 0 -180 0 -180
0 -0 0 -0 0 -0 0 180 0.818061 179.403 0 180 0 -0 0 -0 0 -0
0 -180 0 -0 0 0 0 -180 0.00190689 -3.10646 0 0 0 0 0 180 0 -180
0 -0 0 -180 0 180 0 -0 0.00200897 -167.181 0 180 0 180 0 180 0 -0
0 -180 0 -180 0 0 0 -0 0.00190745 -2.85422 0 0 0 0 0 0 0 -180
0 -0 0 -0 0 180 0 -180 0.00200551 -167.336 0 180 0 180 0 180 0 -0
0 -180 0 0 0 -180 0 -180 0.185663 174.397 0 -180 0 -180 0 0 0 -180
0 -0 0 180 0 -0 0 -0 0.811293 179.383 0 -0 0 -0 0 180 0 -0
inside=1 lambda=0.647 phi=10 theta=30
0 -180 0 -180 0 -180 0 0 0.180444 174.045 0 0 0 -180 0 -180 0 -180
0 -0 0 -0 0 -0 0 180 0.81663 179.399 0 180 0 -0 0 -0 0 -0
0 -180 0 -0 0 0 0 -180 0.00330304 -3.0526 0 0 0 0 0 180 0 -180
0 -0 0 -180 0 180 0 -0 0.00347834 -167.216 0 180 0 180 0 180 0 -0
0 -180 0 -180 0 0 0 -0 0.00330361 -2.90701 0 180 0 0 0 0 0 -180
0 -0 0 -0 0 180 0 -180 0.00347488 -167.305 0 180 0 180 0 180 0 -0
0 -180 0 0 0 -180 0 -180 0.184265 174.304 0 -180 0 -180 0 0 0 -180
0 -0 0 180 0 -0 0 -0 0.812722 179.387 0 -0 0 -0 0 180 0 -0
inside=1 lambda=0.647 phi=10 theta=45
0 -180 0 -180 0 -180 0 0 0.182355 174.175 0 0 0 -180 0 -180 0 -180
0 -0 0 -0 0 -0 0 180 0.814676 179.393 0 180 0 -0 0 -0 0 -0
0 -180 0 -0 0 0 0 -180 0.00381436 -2.97953 0 0 0 0 0 180 0 -180
0 -0 0 -180 0 180 0 -0 0.00401442 -167.261 0 180 0 180 0 180 0 -0
0 -180 0 -180 0 0 0 -0 0.00381436 -2.97953 0 180 0 0 0 0 0 -180
0 -0 0 -0 0 180 0 -180 0.00401442 -167.261 0 180 0 180 0 180 0 -0
0 -180 0 0 0 -180 0 -180 0.182355 174.175 0 -180 0 -180 0 0 0 -180
0 -0 0 180 0 -0 0 -0 0.814676 179.393 0 -0 0 -0 0 180 0 -0
inside=1 lambda=0.647 phi=15 theta=0
0 -180 0 -180 0 -180 0 0 0.173464 170.781 0 0 0 -180 0 -180 0 -180
0 -0 0 -0 0 -0 0 180 0.823641 177.106 0 180 0 -0 0 -0 0 -0
0 -180 0 -0 0 0 0 -180 9.1367e-14 67.9938 0 180 0 0 0 180 0 -180
0 -0 0 -180 0 180 0 -180 3.60653e-13 86.6002 0 -0 0 180 0 0 0 -0
0 -180 0 -180 0 0 0 -0 1.71463e-13 58.5354 0 -0 0 0 0 0 0 -180
0 -0 0 -0 0 180 0 180 3.3773e-13 101.682 0 -0 0 180 0 180 0 -0
0 -180 0 0 0 -180 0 -180 0.190843 172.068 0 -180 0 -180 0 0 0 -180
0 -0 0 180 0 -0 0 -0 0.805798 177.059 0 -0 0 -0 0 180 0 -0
inside=1 lambda=0.647 phi=15 theta=15
0 -180 0 -180 0 -180 0 0 0.17463 170.871 0 0 0 -180 0 -180 0 -180
0 -0 0 -0 0 -0 0 180 0.822445 177.102 0 180 0 -0 0 -0 0 -0
0 -180 0 -0 0 0 0 -180 0.00433749 -5.04882 0 0 0 0 0 180 0 -180
0 -0 0 -180 0 180 0 -0 0.00458423 -169.771 0 180 0 180 0 0 0 -0
0 -180 0 -180 0 0 0 -0 0.00434132 -4.46936 0 0 0 0 0 0 0 -180
0 -0 0 -0 0 180 0 -180 0.00456673 -170.12 0 180 0 180 0 180 0 -0
0 -180 0 0 0 -180 0 -180 0.189681 171.985 0 -180 0 -180 0 0 0 -180
0 -0 0 180 0 -0 0 -0 0.806992 177.062 0 -0 0 -0 0 180 0 -0
inside=1 lambda=0.647 phi=15 theta=30
0 -180 0 -180 0 -180 0 0 0.177814 171.113 0 0 0 -180 0 -180 0 -180
0 -0 0 -0 0 -0 0 180 0.819178 177.093 0 180 0 -0 0 -0 0 -0
0 -180 0 -0 0 0 0 -180 0.00751429 -4.92358 0 0 0 0 0 180 0 -180
0 -0 0 -180 0 180 0 -0 0.00793328 -169.855 0 180 0 180 0 0 0 -0
0 -180 0 -180 0 0 0 -0 0.00751813 -4.58949 0 0 0 0 0 0 0 -180
0 -0 0 -0 0 180 0 -180 0.00791583 -170.056 0 180 0 180 0 180 0 -0
0 -180 0 0 0 -180 0 -180 0.186505 171.756 0 -180 0 -180 0 0 0 -180
0 -0 0 180 0 -0 0 -0 0.810256 177.07 0 -0 0 -0 0 180 0 -0
inside=1 lambda=0.647 phi=15 theta=45
0 -180 0 -180 0 -180 0 0 0.182161 171.438 0 0 0 -180 0 -180 0 -180
0 -0 0 -0 0 -0 0 180 0.814716 177.081 0 180 0 -0 0 -0 0 -0
0 -180 0 -0 0 0 0 -180 0.00867905 -4.75526 0 0 0 0 0 0 0 -180
0 -0 0 -180 0 180 0 -0 0.00915026 -169.961 0 180 0 180 0 180 0 -0
0 -180 0 -180 0 0 0 -0 0.00867905 -4.75526 0 0 0 0 0 0 0 -180
0 -0 0 -0 0 180 0 -180 0.00915026 -169.961 0 180 0 180 0 180 0 -0
0 -180 0 0 0 -180 0 -180 0.182161 171.438 0 -180 0 -180 0 0 0 -180
0 -0 0 180 0 -0 0 -0 0.814716 177.081 0 -0 0 -0 0 180 0 -0
inside=1 lambda=0.647 phi=20 theta=0
0 -180 0 -180 0 -180 0 0 0.165767 166.253 0 0 0 -180 0 -180 0 -180
0 -0 0 -0 0 -0 0 180 0.831049 173.934 0 180 0 -0 0 -0 0 -0
0 -180 0 -0 0 0 0 -0 2.99947e-14 -151.746 0 -0 0 0 0 180 0 -180
0 -0 0 -180 0 180 0 0 1.96416e-13 -92.3761 0 -180 0 180 0 0 0 -0
0 -180 0 -180 0 0 0 180 7.17639e-14 -176.552 0 -0 0 0 0 0 0 -180
0 -0 0 -0 0 180 0 -0 1.63476e-13 -62.0764 0 180 0 180 0 180 0 -0
0 -180 0 0 0 -180 0 -180 0.197037 168.877 0 -180 0 -180 0 0 0 -180
0 -0 0 180 0 -0 0 -0 0.798692 173.87 0 -0 0 -0 0 180 0 -0
inside=1 lambda=0.647 phi=20 theta=15
0 -180 0 -180 0 -180 0 0 0.167864 166.446 0 0 0 -180 0 -180 0 -180
0 -0 0 -0 0 -0 0 180 0.828879 173.929 0 180 0 -0 0 -0 0 -0
0 -180 0 -0 0 0 0 -180 0.0078108 -7.68015 0 0 0 0 0 180 0 -180
0 -0 0 -180 0 180 0 -0 0.00830837 -173.318 0 180 0 180 0 0 0 -0
0 -180 0 -180 0 0 0 -0 0.00782753 -6.61923 0 0 0 0 0 0 0 -180
0 -0 0 -0 0 180 0 -180 0.00825307 -173.938 0 0 0 180 0 180 0 -0
0 -180 0 0 0 -180 0 -180 0.194948 168.713 0 -180 0 -180 0 0 0 -180
0 -0 0 180 0 -0 0 -0 0.800857 173.873 0 -0 0 -0 0 180 0 -0
inside=1 lambda=0.647 phi=20 theta=30
0 -180 0 -180 0 -180 0 0 0.173592 166.956 0 0 0 -180 0 -180 0 -180
0 -0 0 -0 0 -0 0 180 0.822952 173.915 0 180 0 -0 0 -0 0 -0
0 -180 0 -0 0 0 0 -180 0.0135357 -7.4474 0 0 0 0 0 0 0 -180
0 -0 0 -180 0 180 0 -0 0.0143678 -173.482 0 180 0 180 0 0 0 -0
0 -180 0 -180 0 0 0 -0 0.0135526 -6.83756 0 0 0 0 0 0 0 -180
0 -0 0 -0 0 180 0 -180 0.014313 -173.839 0 0 0 180 0 180 0 -0
0 -180 0 0 0 -180 0 -180 0.189234 168.26 0 -180 0 -180 0 0 0 -180
0 -0 0 180 0 -0 0 -0 0.806774 173.883 0 -0 0 -0 0 180 0 -0
inside=1 lambda=0.647 phi=20 theta=45
0 -180 0 -180 0 -180 0 0 0.181416 167.622 0 0 0 -180 0 -180 0 -180
0 -0 0 -0 0 -0 0 180 0.81486 173.898 0 180 0 -0 0 -0 0 -0
0 -180 0 -0 0 0 0 -180 0.01564 -7.13887 0 0 0 0 0 0 0 -180
0 -0 0 -180 0 180 0 -0 0.0165576 -173.676 0 180 0 180 0 0 0 -0
0 -180 0 -180 0 0 0 -0 0.01564 -7.13887 0 0 0 0 0 0 0 -180
0 -0 0 -0 0 180 0 -180 0.0165576 -173.676 0 0 0 180 0 180 0 -0
0 -180 0 0 0 -180 0 -180 0.181416 167.622 0 -180 0 -180 0 0 0 -180
0 -0 0 180 0 -0 0 -0 0.81486 173.898 0 -0 0 -0 0 180 0 -0
inside=1 lambda=0.647 phi=25 theta=0
0 -180 0 -180 0 -180 0 0 0.155018 160.105 0 0 0 -180 0 -180 0 -180
0 -0 0 -0 0 -0 0 180 0.841124 169.94 0 180 0 -0 0 -0 0 -0
0 -180 0 -0 0 0 0 180 2.34657e-14 -142.283 0 180 0 0 0 180 0 -180
0 -0 0 -180 0 180 0 0 9.10327e-14 -92.863 0 -180 0 180 0 0 0 -0
0 -180 0 -180 0 0 0 180 1.71021e-14 -70.2517 0 180 0 0 0 0 0 -180
0 -0 0 -0 0 180 0 0 1.43031e-13 -100.059 0 0 0 180 0 180 0 -0
0 -180 0 0 0 -180 0 -180 0.204377 164.986 0 -180 0 -180 0 0 0 -180
0 -0 0 180 0 -0 0 -0 0.78931 169.875 0 -0 0 -0 0 180 0 -0
inside=1 lambda=0.647 phi=25 theta=15
0 -180 0 -180 0 -180 0 0 0.158317 160.492 0 0 0 -180 0 -180 0 -180
0 -0 0 -0 0 -0 0 180 0.837648 169.933 0 180 0 -0 0 -0 0 -0
0 -180 0 -0 0 0 0 -180 0.0123584 -10.9058 0 0 0 0 0 0 0 -180
0 -0 0 -180 0 180 0 -0 0.0132996 -177.731 0 180 0 180 0 0 0 -0
0 -180 0 -180 0 0 0 -0 0.0124156 -9.18291 0 0 0 0 0 0 0 -180
0 -0 0 -0 0 180 0 -180 0.0131639 -178.703 0 0 0 180 0 180 0 -0
0 -180 0 0 0 -180 0 -180 0.201081 164.696 0 -180 0 -180 0 0 0 -180
0 -0 0 180 0 -0 0 -0 0.792776 169.876 0 -0 0 -0 0 180 0 -0
inside=1 lambda=0.647 phi=25 theta=30
0 -180 0 -180 0 -180 0 0 0.167344 161.489 0 0 0 -180 0 -180 0 -180
0 -0 0 -0 0 -0 0 180 0.828155 169.916 0 180 0 -0 0 -0 0 -0
0 -180 0 -0 0 0 0 -180 0.0214307 -10.5218 0 0 0 0 0 0 0 -180
0 -0 0 -180 0 180 0 -0 0.022976 -178.02 0 180 0 180 0 0 0 -0
0 -180 0 -180 0 0 0 -0 0.0214885 -9.53772 0 0 0 0 0 0 0 -180
0 -0 0 -0 0 180 0 -180 0.0228432 -178.578 0 0 0 180 0 180 0 -0
0 -180 0 0 0 -180 0 -180 0.192053 163.89 0 -180 0 -180 0 0 0 -180
0 -0 0 180 0 -0 0 -0 0.802249 169.883 0 -0 0 -0 0 180 0 -0
inside=1 lambda=0.647 phi=25 theta=45
0 -180 0 -180 0 -180 0 0 0.179698 162.736 0 0 0 -180 0 -180 0 -180
0 -0 0 -0 0 -0 0 180 0.815197 169.897 0 180 0 -0 0 -0 0 -0
0 -180 0 -0 0 0 0 -180 0.024782 -10.0224 0 0 0 0 0 0 0 -180
0 -0 0 -180 0 180 0 -0 0.0264489 -178.339 0 180 0 180 0 0 0 -0
0 -180 0 -180 0 0 0 -0 0.024782 -10.0224 0 0 0 0 0 0 0 -180
0 -0 0 -0 0 180 0 -180 0.0264489 -178.339 0 0 0 180 0 180 0 -0
0 -180 0 0 0 -180 0 -180 0.179698 162.736 0 -180 0 -180 0 0 0 -180
0 -0 0 180 0 -0 0 -0 0.815197 169.897 0 -0 0 -0 0 180 0 -0
inside=1 lambda=0.647 phi=30 theta=0
0 -180 0 -180 0 -180 0 0 0.140993 151.869 0 0 0 -180 0 -180 0 -180
0 -0 0 -0 0 -0 0 180 0.85426 165.193 0 180 0 -0 0 -0 0 -0
0 -180 0 -0 0 0 0 180 9.39948e-14 103.994 0 0 0 0 0 180 0 -180
0 -0 0 -180 0 180 0 0 1.5072e-13 -62.55 0 -0 0 180 0 0 0 -0
0 -180 0 -180 0 0 0 -0 4.43241e-14 109.116 0 -0 0 0 0 0 0 -180
0 -0 0 -0 0 180 0 -0 1.11342e-13 -92.1179 0 180 0 180 0 180 0 -0
0 -180 0 0 0 -180 0 -180 0.21234 160.572 0 -180 0 -180 0 0 0 -180
0 -0 0 180 0 -0 0 -0 0.777474 165.16 0 -0 0 -0 0 180 0 -0
inside=1 lambda=0.647 phi=30 theta=15
0 -180 0 -180 0 -180 0 0 0.14571 152.642 0 0 0 -180 0 -180 0 -180
0 -0 0 -0 0 -0 0 180 0.849107 165.184 0 180 0 -0 0 -0 0 -0
0 -180 0 -0 0 0 0 -180 0.0179659 -14.5916 0 0 0 0 0 0 0 -180
0 -0 0 -180 0 180 0 -0 0.0197124 177.113 0 180 0 180 0 0 0 -0
0 -180 0 -180 0 0 0 -0 0.0181327 -11.9873 0 0 0 0 0 0 0 -180
0 -0 0 -0 0 180 0 -180 0.0194267 175.704 0 0 0 180 0 180 0 -0
0 -180 0 0 0 -180 0 -180 0.207567 160.091 0 -180 0 -180 0 0 0 -180
0 -0 0 180 0 -0 0 -0 0.78261 165.154 0 -0 0 -0 0 180 0 -0
inside=1 lambda=0.647 phi=30 theta=30
0 -180 0 -180 0 -180 0 0 0.158682 154.547 0 0 0 -180 0 -180 0 -180
0 -0 0 -0 0 -0 0 180 0.835039 165.164 0 180 0 -0 0 -0 0 -0
0 -180 0 -0 0 0 0 -180 0.0311954 -14.0028 0 0 0 0 0 0 0 -180
0 -0 0 -180 0 180 0 -0 0.0340064 176.634 0 180 0 180 0 0 0 -0
0 -180 0 -180 0 0 0 -0 0.0313639 -12.533 0 0 0 0 0 0 0 -180
0 -0 0 -0 0 180 0 -180 0.0337337 175.83 0 0 0 180 0 180 0 -0
0 -180 0 0 0 -180 0 -180 0.194469 158.749 0 -180 0 -180 0 0 0 -180
0 -0 0 180 0 -0 0 -0 0.796649 165.145 0 -0 0 -0 0 180 0 -0
inside=1 lambda=0.647 phi=30 theta=45
0 -180 0 -180 0 -180 0 0 0.17654 156.784 0 0 0 -180 0 -180 0 -180
0 -0 0 -0 0 -0 0 180 0.815838 165.148 0 180 0 -0 0 -0 0 -0
0 -180 0 -0 0 0 0 -180 0.0361284 -13.2565 0 0 0 0 0 0 0 -180
0 -0 0 -180 0 180 0 -0 0.0390959 176.147 0 180 0 180 0 0 0 -0
0 -180 0 -180 0 0 0 -0 0.0361284 -13.2565 0 0 0 0 0 0 0 -180
0 -0 0 -0 0 180 0 -180 0.0390959 176.147 0 0 0 180 0 180 0 -0
0 -180 0 0 0 -180 0 -180 0.17654 156.784 0 -180 0 -180 0 0 0 -180
0 -0 0 180 0 -0 0 -0 0.815838 165.148 0 -0 0 -0 0 180 0 -0
inside=1 lambda=0.647 phi=35 theta=0
0 -180 0 180 0 -180 0 0 0.124096 140.554 0 0 0 -180 0 180 0 -180
0 -0 0 -0 0 -0 0 180 0.870927 159.788 0 180 0 -0 0 -0 0 -0
0 -180 0 -180 0 0 0 -0 4.21349e-14 -126.941 0 180 0 0 0 0 0 -180
0 -0 0 -180 0 180 0 -180 1.38759e-13 58.3356 0 -180 0 180 0 0 0 -0
0 -180 0 -180 0 0 0 180 6.29317e-14 10.6681 0 -0 0 0 0 0 0 -180
0 -0 0 -0 0 180 0 0 2.0504e-13 92.8477 0 180 0 180 0 180 0 -0
0 -180 0 0 0 -180 0 -180 0.220225 155.891 0 -180 0 -180 0 0 0 -180
0 -0 0 180 0 -0 0 -0 0.76297 159.834 0 -0 0 -0 0 180 0 -0
inside=1 lambda=0.647 phi=35 theta=15
0 -180 0 180 0 -180 0 0 0.130252 142.145 0 0 0 180 0 180 0 -180
0 -0 0 -0 0 -0 0 180 0.863683 159.771 0 180 0 -0 0 -0 0 -0
0 -180 0 -0 0 0 0 -180 0.0245324 -18.5484 0 0 0 0 0 0 0 -180
0 -0 0 -180 0 180 0 -0 0.0277496 171.387 0 180 0 180 0 0 0 -0
0 -180 0 -180 0 0 0 -0 0.0249684 -14.7857 0 0 0 0 0 0 0 -180
0 -0 0 -0 0 180 0 -180 0.027199 169.443 0 0 0 180 0 180 0 -0
0 -180 0 0 0 -180 0 -180 0.213758 155.118 0 -180 0 -180 0 0 0 -180
0 -0 0 180 0 -0 0 -0 0.770191 159.809 0 -0 0 -0 0 180 0 -0
inside=1 lambda=0.647 phi=35 theta=30
0 -180 0 -180 0 -180 0 0 0.14744 145.815 0 0 0 180 0 180 0 -180
0 -0 0 -0 0 -0 0 180 0.843912 159.745 0 180 0 -0 0 -0 0 -0
0 -180 0 -0 0 0 0 -180 0.0427059 -17.6906 0 0 0 0 0 0 0 -180
0 -0 0 -180 0 180 0 -0 0.047771 170.615 0 180 0 180 0 0 0 -0
0 -180 0 -180 0 0 0 -0 0.0431429 -15.6104 0 0 0 0 0 0 0 -180
0 -0 0 -0 0 180 0 -180 0.0472711 169.517 0 0 0 180 0 180 0 -0
0 -180 0 0 0 -180 0 -180 0.195911 152.976 0 -180 0 -180 0 0 0 -180
0 -0 0 180 0 -0 0 -0 0.789937 159.764 0 -0 0 -0 0 180 0 -0
inside=1 lambda=0.647 phi=35 theta=45
0 -180 0 -180 0 -180 0 0 0.171505 149.754 0 0 0 -180 0 -180 0 -180
0 -0 0 -0 0 -0 0 180 0.816923 159.738 0 180 0 -0 0 -0 0 -0
0 -180 0 -0 0 0 0 -180 0.0495951 -16.6389 0 0 0 0 0 0 0 -180
0 -0 0 -180 0 180 0 -0 0.0548386 169.905 0 180 0 180 0 0 0 -0
0 -180 0 -180 0 0 0 -0 0.0495951 -16.6389 0 0 0 0 0 0 0 -180
0 -0 0 -0 0 180 0 -180 0.0548386 169.905 0 0 0 180 0 180 0 -0
0 -180 0 0 0 -180 0 -180 0.171505 149.754 0 -180 0 -180 0 0 0 -180
0 -0 0 180 0 -0 0 -0 0.816923 159.738 0 -0 0 -0 0 180 0 -0
inside=1 lambda=0.647 phi=40 theta=0
0 180 0 180 0 -180 0 0 0.106385 124.071 0 0 0 180 0 180 0 -180
0 -0 0 -0 0 -0 0 180 0.891689 153.864 0 180 0 -0 0 -0 0 -0
0 -180 0 -180 0 0 0 -0 2.64459e-14 -35.8305 0 -0 0 0 0 0 0 -180
0 -0 0 -180 0 180 0 -0 2.64951e-14 -176.494 0 0 0 180 0 0 0 -0
0 -180 0 -180 0 0 0 180 8.13576e-14 -154.952 0 -0 0 0 0 0 0 -180
0 -0 0 -0 0 180 0 -0 2.08061e-13 35.5635 0 -0 0 180 0 180 0 -0
0 -180 0 0 0 -180 0 -180 0.227064 151.344 0 -180 0 -180 0 0 0 -180
0 -0 0 180 0 -0 0 -0 0.745547 154.044 0 -0 0 -0 0 180 0 -0
inside=1 lambda=0.647 phi=40 theta=15
0 -180 0 180 0 -180 0 0 0.113363 127.487 0 0 0 180 0 180 0 -180
0 -0 0 -0 0 -0 0 180 0.881892 153.821 0 180 0 -0 0 -0 0 -0
0 -180 0 -0 0 0 0 -180 0.0318234 -22.5028 0 0 0 0 0 0 0 -180
0 -0 0 -180 0 180 0 -0 0.0376977 165.324 0 180 0 180 0 0 0 -0
0 -180 0 -180 0 0 0 -0 0.0328809 -17.2147 0 0 0 0 0 0 0 -180
0 -0 0 -0 0 180 0 -180 0.0366712 162.73 0 0 0 180 0 180 0 -0
0 -180 0 0 0 -180 0 -180 0.218863 150.101 0 -180 0 -180 0 0 0 -180
0 -0 0 180 0 -0 0 -0 0.755314 153.974 0 -0 0 -0 0 180 0 -0
inside=1 lambda=0.647 phi=40 theta=30
0 -180 0 -180 0 -180 0 0 0.133971 134.705 0 0 0 180 0 180 0 -180
0 -0 0 -0 0 -0 0 180 0.855157 153.77 0 180 0 -0 0 -0 0 -0
0 -180 0 -0 0 0 0 -180 0.0556751 -21.3051 0 0 0 0 0 0 0 -180
0 -0 0 -180 0 180 0 -0 0.0646713 164.092 0 180 0 180 0 0 0 -0
0 -180 0 -180 0 0 0 -0 0.0567123 -18.4833 0 0 0 0 0 0 0 -180
0 -0 0 -0 0 180 0 -180 0.0638245 162.649 0 0 0 180 0 180 0 -0
0 -180 0 0 0 -180 0 -180 0.19577 146.763 0 -180 0 -180 0 0 0 -180
0 -0 0 180 0 -0 0 -0 0.782072 153.854 0 -0 0 -0 0 180 0 -0
inside=1 lambda=0.647 phi=40 theta=45
0 -180 0 -180 0 -180 0 0 0.164269 141.606 0 0 0 180 0 180 0 -180
0 -0 0 -0 0 -0 0 180 0.818631 153.777 0 180 0 -0 0 -0 0 -0
0 -180 0 -0 0 0 0 -180 0.0649671 -19.8948 0 0 0 0 0 0 0 -180
0 -0 0 -180 0 180 0 -0 0.0741136 163.09 0 180 0 180 0 0 0 -0
0 -180 0 -180 0 0 0 -0 0.0649671 -19.8948 0 0 0 0 0 0 0 -180
0 -0 0 -0 0 180 0 -180 0.0741136 163.09 0 0 0 180 0 180 0 -0
0 -180 0 0 0 180 0 -180 0.164269 141.606 0 180 0 -180 0 0 0 -180
0 -0 0 180 0 -0 0 -0 0.818631 153.777 0 -0 0 -0 0 180 0 -0
inside=1 lambda=0.647 phi=45 theta=0
0 180 0 180 0 -180 0 0 0.0969645 98.3669 0 0 0 180 0 180 0 -180
0 -0 0 -0 0 -0 0.0201873 64.429 0.914993 147.755 0 0 0 -0 0 -0 0 -0
0 180 0 -180 0 0 0 -0 1.96172e-13 -40.4747 0 180 0 -0 0 0 0 -180
0 -0 0 -180 0 180 5.77188e-13 -50.0303 2.44987e-13 93.2868 0 0 0 180 0 0 0 -0
0 -180 0 -180 0 0 0 -180 2.67118e-14 -88.8627 0 0 0 0 0 0 0 -180
0 -0 0 -0 0 180 3.09032e-14 -26.7618 1.05709e-13 103.141 0 180 0 180 0 180 0 -0
0 -180 0 0 0 -180 0 -180 0.228228 147.534 0 -180 0 -180 0 0 0 -180
0 -0 0 180 0 -0 0.160439 -72.3345 0.723493 148.141 0 -0 0 -0 0 180 0 -0
inside=1 lambda=0.647 phi=45 theta=15
0 180 0 180 0 -180 0 0 0.0994329 105.984 0 0 0 180 0 180 0 -180
0 -0 0 -0 0 -180 0 180 0.904357 147.524 0 0 0 -0 0 -0 0 -0
0 -180 0 -0 0 0 0 -180 0.03939 -26.0287 0 0 0 -0 0 0 0 -180
0 -0 0 -180 0 180 0 -0 0.0500702 159.301 0 0 0 180 0 0 0 -0
0 -180 0 -180 0 0 0 -0 0.0418663 -18.655 0 0 0 0 0 0 0 -180
0 -0 0 -0 0 180 0 -180 0.0480292 155.924 0 0 0 180 0 180 0 -0
0 -180 0 0 0 -180 0 -180 0.22184 145.591 0 -180 0 -180 0 0 0 -180
0 -0 0 180 0 -0 0 -0 0.737753 147.833 0 -0 0 -0 0 180 0 -0
inside=1 lambda=0.647 phi=45 theta=30
0 -180 0 180 0 -180 0 0 0.119684 120.183 0 0 0 180 0 180 0 -180
0 -0 0 -0 0 -180 0 180 0.869273 147.379 0 0 0 -0 0 -0 0 -0
0 -180 0 -0 0 0 0 -180 0.0696528 -24.4492 0 0 0 -0 0 0 0 -180
0 -0 0 -180 0 180 0 -0 0.0852542 157.265 0 0 0 180 0 0 0 -0
0 -180 0 -180 0 0 0 -0 0.0719512 -20.7696 0 0 0 0 0 0 0 -180
0 -0 0 -0 0 180 0 -180 0.0838943 155.419 0 0 0 180 0 180 0 -0
0 -180 0 0 0 180 0 -180 0.193452 140.384 0 -180 0 -180 0 0 0 -180
0 -0 0 180 0 -0 0 -0 0.772999 147.553 0 -0 0 -180 0 180 0 -0
inside=1 lambda=0.647 phi=45 theta=45
0 -180 0 -180 0 -180 0 0 0.154735 132.26 0 0 0 180 0 180 0 -180
0 -0 0 -0 0 -180 0 180 0.821205 147.397 0 180 0 -0 0 -0 0 -0
0 -180 0 -0 0 0 0 -180 0.0819421 -22.6514 0 0 0 -0 0 0 0 -180
0 -0 0 -180 0 180 0 -0 0.0975126 155.882 0 180 0 180 0 0 0 -0
0 -180 0 -180 0 -0 0 -0 0.0819421 -22.6514 0 0 0 0 0 0 0 -180
0 -0 0 -0 0 180 0 -180 0.0975126 155.882 0 0 0 180 0 180 0 -0
0 -180 0 0 0 180 0 -180 0.154735 132.26 0 180 0 -180 0 0 0 -180
0 -0 0 180 0 -0 0 -0 0.821205 147.397 0 -0 0 -180 0 180 0 -0
