RSoft_BSDF_File_Version 2
1 0 5 2 1 0.274286
0.3 0.3
-1 1
-1 1
1 0.647 0.647
10 0 45 0.5
4 0 45
Begin_Dispersion_Data
0.647 1.45662 0 1 0 0
End_Dispersion_Data
inside=0 lambda=0.647 phi=0 theta=0
0 -180 0 -180 0 -180 0 0 0.183851 -1.21343 0 0 0 -180 0 -180 0 -180
0 -0 0 -0 0 -0 0 180 1.18633 154.734 0 180 0 -0 0 -0 0 -0
0 -180 0 180 0 0 0 180 9.73739e-14 59.7857 0 -0 0 0 0 180 0 -180
0 -0 0 -180 0 180 0 0 5.5349e-13 -115.233 0 0 0 180 0 180 0 -0
0 -180 0 180 0 0 0 0 2.65511e-14 164.104 0 180 0 0 0 -0 0 -180
0 -0 0 0 0 180 0 -0 4.79229e-13 -117.369 0 0 0 180 0 180 0 -0
0 -180 0 0 0 -180 0 -180 0.183851 -1.21343 0 -180 0 -180 0 0 0 -180
0 -0 0 180 0 -0 0 -0 1.18633 154.734 0 -0 0 -0 0 180 0 -0
inside=0 lambda=0.647 phi=0 theta=15
0 -180 0 -180 0 -180 0 0 0.183851 -1.21343 0 0 0 -180 0 -180 0 -180
0 -0 0 -0 0 -0 0 180 1.18633 154.734 0 180 0 -0 0 -0 0 -0
0 -180 0 180 0 0 0 180 9.73739e-14 59.7857 0 -0 0 0 0 180 0 -180
0 -0 0 -180 0 180 0 0 5.5349e-13 -115.233 0 0 0 180 0 180 0 -0
0 -180 0 180 0 0 0 0 2.65511e-14 164.104 0 180 0 0 0 -0 0 -180
0 -0 0 0 0 180 0 -0 4.79229e-13 -117.369 0 0 0 180 0 180 0 -0
0 -180 0 0 0 -180 0 -180 0.183851 -1.21343 0 -180 0 -180 0 0 0 -180
0 -0 0 180 0 -0 0 -0 1.18633 154.734 0 -0 0 -0 0 180 0 -0
inside=0 lambda=0.647 phi=0 theta=30
0 -180 0 -180 0 -180 0 0 0.183851 -1.21343 0 0 0 -180 0 -180 0 -180
0 -0 0 -0 0 -0 0 180 1.18633 154.734 0 180 0 -0 0 -0 0 -0
0 -180 0 180 0 0 0 180 9.73739e-14 59.7857 0 -0 0 0 0 180 0 -180
0 -0 0 -180 0 180 0 0 5.5349e-13 -115.233 0 0 0 180 0 180 0 -0
0 -180 0 180 0 0 0 0 2.65511e-14 164.104 0 180 0 0 0 -0 0 -180
0 -0 0 0 0 180 0 -0 4.79229e-13 -117.369 0 0 0 180 0 180 0 -0
0 -180 0 0 0 -180 0 -180 0.183851 -1.21343 0 -180 0 -180 0 0 0 -180
0 -0 0 180 0 -0 0 -0 1.18633 154.734 0 -0 0 -0 0 180 0 -0
inside=0 lambda=0.647 phi=0 theta=45
0 -180 0 -180 0 -180 0 0 0.183851 -1.21343 0 0 0 -180 0 -180 0 -180
0 -0 0 -0 0 -0 0 180 1.18633 154.734 0 180 0 -0 0 -0 0 -0
0 -180 0 180 0 0 0 180 9.73739e-14 59.7857 0 -0 0 0 0 180 0 -180
0 -0 0 -180 0 180 0 0 5.5349e-13 -115.233 0 0 0 180 0 180 0 -0
0 -180 0 180 0 0 0 0 2.65511e-14 164.104 0 180 0 0 0 -0 0 -180
0 -0 0 0 0 180 0 -0 4.79229e-13 -117.369 0 0 0 180 0 180 0 -0
0 -180 0 0 0 -180 0 -180 0.183851 -1.21343 0 -180 0 -180 0 0 0 -180
0 -0 0 180 0 -0 0 -0 1.18633 154.734 0 -0 0 -0 0 180 0 -0
inside=0 lambda=0.647 phi=5 theta=0
0 -180 0 -180 0 -180 0 0 0.181662 -1.23557 0 0 0 -180 0 -180 0 -180
0 -0 0 -0 0 -0 0 180 1.18427 153.529 0 180 0 -0 0 -0 0 -0
0 -180 0 -0 0 0 0 180 9.23312e-14 27.1226 0 180 0 0 0 180 0 -180
0 -0 0 -180 0 180 0 0 5.87326e-13 -118.304 0 -0 0 180 0 0 0 -0
0 -180 0 -180 0 0 0 0 1.52439e-13 87.4668 0 180 0 0 0 0 0 -180
0 -0 0 -0 0 180 0 180 5.79423e-13 -109.222 0 -0 0 180 0 180 0 -0
0 -180 0 0 0 -180 0 -180 0.185702 -1.27922 0 -180 0 -180 0 0 0 -180
0 -0 0 180 0 -0 0 -0 1.18847 153.519 0 -0 0 -0 0 180 0 -0
inside=0 lambda=0.647 phi=5 theta=15
0 -180 0 -180 0 -180 0 0 0.181932 -1.23856 0 0 0 -180 0 -180 0 -180
0 -0 0 -0 0 -0 0 180 1.18455 153.528 0 180 0 -0 0 -0 0 -0
0 -180 0 -0 0 0 0 -180 0.00101121 176.874 0 0 0 0 0 180 0 -180
0 -0 0 -180 0 180 0 -0 0.00105216 -29.34 0 180 0 180 0 0 0 -0
0 -180 0 -180 0 0 0 -0 0.00101121 176.874 0 180 0 0 0 0 0 -180
0 -0 0 -0 0 180 0 -180 0.00105214 -29.3367 0 0 0 180 0 180 0 -0
0 -180 0 0 0 -180 0 -180 0.185431 -1.27636 0 -180 0 -180 0 0 0 -180
0 -0 0 180 0 -0 0 -0 1.18819 153.52 0 -0 0 -0 0 180 0 -0
inside=0 lambda=0.647 phi=5 theta=30
0 -180 0 -180 0 -180 0 0 0.182672 -1.24666 0 0 0 -180 0 -180 0 -180
0 -0 0 -0 0 -0 0 180 1.18532 153.526 0 180 0 -0 0 -0 0 -0
0 -180 0 -0 0 0 0 -180 0.00175147 176.874 0 0 0 0 0 180 0 -180
0 -0 0 -180 0 180 0 -0 0.00182239 -29.3393 0 180 0 180 0 0 0 -0
0 -180 0 -180 0 0 0 -0 0.00175146 176.874 0 180 0 0 0 0 0 -180
0 -0 0 -0 0 180 0 -180 0.00182237 -29.3374 0 0 0 180 0 180 0 -0
0 -180 0 0 0 -180 0 -180 0.184692 -1.26848 0 -180 0 -180 0 0 0 -180
0 -0 0 180 0 -0 0 -0 1.18742 153.522 0 -0 0 -0 0 180 0 -0
inside=0 lambda=0.647 phi=5 theta=45
0 -180 0 -180 0 -180 0 0 0.183682 -1.25763 0 0 0 -180 0 -180 0 -180
0 -0 0 -0 0 -0 0 180 1.18637 153.524 0 180 0 -0 0 -0 0 -0
0 -180 0 -0 0 0 0 -180 0.00202242 176.874 0 0 0 0 0 180 0 -180
0 -0 0 -180 0 180 0 -0 0.00210431 -29.3383 0 180 0 180 0 0 0 -0
0 -180 0 -180 0 0 0 -0 0.00202242 176.874 0 180 0 0 0 0 0 -180
0 -0 0 -0 0 180 0 -180 0.00210431 -29.3383 0 0 0 180 0 180 0 -0
0 -180 0 0 0 -180 0 -180 0.183682 -1.25763 0 -180 0 -180 0 0 0 -180
0 -0 0 180 0 -0 0 -0 1.18637 153.524 0 -0 0 -0 0 180 0 -0
inside=0 lambda=0.647 phi=10 theta=0
0 180 0 -180 0 -180 0 0 0.17488 -1.27143 0 0 0 180 0 -180 0 -180
0 -0 0 -0 0 -0 0 180 1.17781 149.89 0 180 0 -0 0 -0 0 -0
0 180 0 -0 0 0 0 180 2.30235e-14 37.8645 0 180 0 -0 0 180 0 -180
0 -0 0 -180 0 180 0 0 1.90283e-13 -123.254 0 0 0 180 0 0 0 -0
0 -180 0 -180 0 0 0 180 2.78922e-14 59.3717 0 -0 0 0 0 0 0 -180
0 -0 0 -0 0 180 0 0 2.73756e-13 -126.266 0 0 0 180 0 180 0 -0
0 -180 0 0 0 -180 0 -180 0.19139 -1.46541 0 -180 0 -180 0 0 0 -180
0 -0 0 180 0 -0 0 -0 1.19515 149.854 0 -0 0 -0 0 180 0 -0
inside=0 lambda=0.647 phi=10 theta=15
0 180 0 -180 0 -180 0 0 0.175986 -1.28554 0 0 0 180 0 -180 0 -180
0 -0 0 -0 0 -0 0 180 1.17897 149.888 0 180 0 -0 0 -0 0 -0
0 180 0 -0 0 0 0 -180 0.00413363 176.599 0 0 0 -0 0 180 0 -180
0 -0 0 -180 0 180 0 -0 0.00434111 -32.8933 0 180 0 180 0 0 0 -0
0 -180 0 -180 0 0 0 -0 0.00413355 176.596 0 180 0 0 0 0 0 -180
0 -0 0 -0 0 180 0 -180 0.00434076 -32.8803 0 0 0 180 0 180 0 -0
0 -180 0 0 0 -180 0 -180 0.190284 -1.45344 0 -180 0 -180 0 0 0 -180
0 -0 0 180 0 -0 0 -0 1.19399 149.856 0 -0 0 -0 0 180 0 -0
inside=0 lambda=0.647 phi=10 theta=30
0 180 0 -180 0 -180 0 0 0.179007 -1.32321 0 0 0 180 0 -180 0 -180
0 -0 0 -0 0 -0 0 180 1.18214 149.881 0 180 0 -0 0 -0 0 -0
0 -180 0 -0 0 0 0 -180 0.00715965 176.598 0 0 0 -0 0 180 0 -180
0 -0 0 -180 0 180 0 -0 0.00751888 -32.8903 0 180 0 180 0 0 0 -0
0 -180 0 -180 0 0 0 -0 0.00715957 176.597 0 180 0 0 0 0 0 -180
0 -0 0 -0 0 180 0 -180 0.00751853 -32.8828 0 0 0 180 0 180 0 -0
0 -180 0 0 0 180 0 -180 0.187263 -1.42005 0 -180 0 -180 0 0 0 -180
0 -0 0 180 0 -0 0 -0 1.19082 149.863 0 -0 0 -0 0 180 0 -0
inside=0 lambda=0.647 phi=10 theta=45
0 180 0 -180 0 -180 0 0 0.183135 -1.3727 0 0 0 180 0 -180 0 -180
0 -0 0 -0 0 -0 0 180 1.18648 149.872 0 180 0 -0 0 -0 0 -0
0 -180 0 -0 0 0 0 -180 0.00826721 176.597 0 0 0 0 0 180 0 -180
0 -0 0 -180 0 180 0 -0 0.00868185 -32.8864 0 180 0 180 0 0 0 -0
0 -180 0 -180 0 0 0 -0 0.00826721 176.597 0 180 0 0 0 0 0 -180
0 -0 0 -0 0 180 0 -180 0.00868185 -32.8864 0 0 0 180 0 180 0 -0
0 180 0 0 0 180 0 -180 0.183135 -1.3727 0 -180 0 -180 0 0 0 -180
0 -0 0 180 0 -0 0 -0 1.18648 149.872 0 -0 0 -0 0 180 0 -0
inside=0 lambda=0.647 phi=15 theta=0
0 180 0 -180 0 -180 0 -0 0.162865 -1.21652 0 0 0 180 0 -180 0 -180
0 -0 0 -0 0 -0 0 180 1.16605 143.749 0 180 0 -0 0 -0 0 -0
0 180 0 -0 0 0 0 180 2.64601e-13 -128.285 0 180 0 -0 0 180 0 -180
0 -0 0 -180 0 180 0 0 1.32029e-12 54.5462 0 180 0 180 0 0 0 -0
0 -180 0 -180 0 0 0 -180 2.63831e-13 -126.259 0 180 0 0 0 0 0 -180
0 -0 0 -0 0 180 0 180 1.41276e-12 54.0526 0 -180 0 180 0 180 0 -0
0 -180 0 0 0 -180 0 -180 0.201372 -1.73042 0 -180 0 -180 0 0 0 -180
0 -0 0 180 0 -0 0 -0 1.20726 143.667 0 -0 0 -0 0 180 0 -0
inside=0 lambda=0.647 phi=15 theta=15
0 180 0 -180 0 -180 0 -0 0.165445 -1.25837 0 0 0 180 0 -180 0 -180
0 -0 0 -0 0 -0 0 180 1.16881 143.744 0 180 0 -0 0 -0 0 -0
0 180 0 -0 0 0 0 -180 0.00964522 176.219 0 0 0 -0 0 180 0 -180
0 -0 0 -180 0 180 0 -0 0.0103104 -38.9269 0 180 0 180 0 0 0 -0
0 -180 0 -180 0 0 0 -180 0.00964465 176.212 0 180 0 0 0 0 0 -180
0 -0 0 -0 0 180 0 -180 0.0103085 -38.897 0 0 0 180 0 180 0 -0
0 -180 0 0 0 -180 0 -180 0.198793 -1.70209 0 -180 0 -180 0 0 0 -180
0 -0 0 180 0 -0 0 -0 1.2045 143.672 0 -0 0 -0 0 180 0 -0
inside=0 lambda=0.647 phi=15 theta=30
0 180 0 -180 0 -180 0 0 0.172492 -1.36629 0 0 0 180 0 -180 0 -180
0 -0 0 -0 0 -0 0 180 1.17635 143.728 0 180 0 -0 0 -0 0 -0
0 180 0 -0 0 0 0 -180 0.016706 176.218 0 0 0 -0 0 180 0 -180
0 -0 0 -180 0 180 0 -0 0.0178572 -38.9191 0 180 0 180 0 0 0 -0
0 -180 0 -180 0 -0 0 -180 0.0167055 176.214 0 180 0 0 0 0 0 -180
0 -0 0 -0 0 180 0 -180 0.0178554 -38.902 0 0 0 180 0 180 0 -0
0 180 0 0 0 180 0 -180 0.191747 -1.62095 0 -180 0 -180 0 0 0 -180
0 -0 0 180 0 -0 0 -0 1.19696 143.687 0 -0 0 -0 0 180 0 -0
inside=0 lambda=0.647 phi=15 theta=45
0 180 0 -180 0 -180 0 0 0.18212 -1.50025 0 0 0 180 0 -180 0 -180
0 -0 0 -0 0 -0 0 180 1.18665 143.707 0 180 0 -0 0 -0 0 -0
0 180 0 -0 0 0 0 -180 0.0192903 176.216 0 0 0 -0 0 180 0 -180
0 -0 0 -180 0 180 0 -0 0.0206186 -38.9098 0 180 0 180 0 0 0 -0
0 180 0 -180 0 -0 0 -0 0.0192903 176.216 0 180 0 0 0 0 0 -180
0 -0 0 -0 0 180 0 -180 0.0206186 -38.9098 0 0 0 180 0 180 0 -0
0 180 0 0 0 180 0 -180 0.18212 -1.50025 0 -180 0 -180 0 0 0 -180
0 -0 0 180 0 -0 0 -0 1.18665 143.707 0 -0 0 -0 0 180 0 -0
inside=0 lambda=0.647 phi=20 theta=0
0 180 0 180 0 -180 0 -0 0.14454 -0.856332 0 0 0 180 0 180 0 -180
0 -0 0 -0 0 -180 0 180 1.14715 134.968 0 0 0 -0 0 -0 0 -180
0 180 0 -0 0 0 0 180 2.38831e-13 -158.527 0 180 0 -0 0 180 0 -180
0 -0 0 -180 0 0 0 180 5.89491e-13 65.2412 0 -180 0 180 0 0 0 -180
0 -180 0 -180 0 0 0 180 2.48966e-13 -69.0195 0 -180 0 0 0 0 0 -180
0 -0 0 -0 0 180 0 180 6.48959e-13 102.306 0 -0 0 180 0 180 0 -0
0 -180 0 0 0 -180 0 -180 0.216604 -1.97672 0 -180 0 -180 0 0 0 -180
0 -0 0 180 0 -0 0 -0 1.2266 134.816 0 -0 0 -0 0 180 0 -0
inside=0 lambda=0.647 phi=20 theta=15
0 180 0 -180 0 -180 0 -0 0.149366 -0.96539 0 0 0 180 0 180 0 -180
0 -0 0 -0 0 -180 0 180 1.15247 134.956 0 0 0 -0 0 -0 0 -180
0 180 0 -0 0 0 0 -180 0.0180631 175.903 0 0 0 -0 0 180 0 -180
0 -0 0 -180 0 0 0 -0 0.0198794 -47.6456 0 0 0 180 0 0 0 -180
0 -180 0 -180 0 0 0 -180 0.0180605 175.89 0 180 0 0 0 0 0 -180
0 -0 0 -0 0 180 0 -180 0.0198731 -47.5916 0 0 0 180 0 180 0 -0
0 -180 0 0 0 180 0 -180 0.211779 -1.92516 0 -180 0 -180 0 0 0 -180
0 -0 0 180 0 -0 0 -0 1.22128 134.825 0 -0 0 -0 0 180 0 -0
inside=0 lambda=0.647 phi=20 theta=30
0 180 0 -180 0 -180 0 -0 0.162554 -1.22971 0 0 0 180 0 180 0 -180
0 -0 0 -0 0 -180 0 180 1.16701 134.927 0 0 0 -0 0 -0 0 -180
0 180 0 -0 0 0 0 -180 0.0312869 175.901 0 0 0 -0 0 180 0 -180
0 -0 0 -180 0 0 0 -0 0.0344285 -47.6291 0 0 0 180 0 0 0 -180
0 180 0 -180 0 -0 0 -180 0.0312844 175.894 0 180 0 0 0 0 0 -180
0 -0 0 -0 0 180 0 -180 0.0344225 -47.5985 0 0 0 180 0 180 0 -0
0 180 0 0 0 180 0 -180 0.198592 -1.77209 0 -180 0 -180 0 0 0 -180
0 -0 0 180 0 -0 0 -0 1.20674 134.851 0 -0 0 -0 0 180 0 -0
inside=0 lambda=0.647 phi=20 theta=45
0 180 0 -180 0 -180 0 -0 0.180573 -1.52781 0 0 0 180 0 -180 0 -180
0 -0 0 -0 0 -180 0 180 1.18687 134.888 0 0 0 -0 0 -0 0 -180
0 180 0 -180 0 0 0 -180 0.0361265 175.898 0 0 0 -0 0 180 0 -180
0 -0 0 -180 0 180 0 -0 0.0397505 -47.6115 0 180 0 180 0 0 0 -180
0 180 0 -180 0 -0 0 -180 0.0361265 175.898 0 180 0 0 0 0 0 -180
0 -0 0 -0 0 180 0 -180 0.0397505 -47.6115 0 0 0 180 0 180 0 -180
0 180 0 -0 0 180 0 -180 0.180573 -1.52781 0 -180 0 -180 0 0 0 -180
0 -0 0 180 0 -0 0 -0 1.18687 134.888 0 -0 0 -180 0 0 0 -180
inside=0 lambda=0.647 phi=25 theta=0
0 180 0 180 0 -180 0 -0 0.118235 0.165672 0 0 0 180 0 180 0 -180
0 -0 0 -0 0 -180 0 180 1.11753 123.292 0 0 0 -0 0 -0 0 -180
0 180 0 -0 0 0 0 180 1.01056e-13 -179.274 0 180 0 -0 0 180 0 -180
0 -0 0 -180 0 0 0 0 3.35647e-13 35.1364 0 180 0 180 0 0 0 -180
0 -180 0 -180 0 0 0 180 8.01274e-14 -163.797 0 180 0 0 0 0 0 -180
0 -0 0 -0 0 180 0 0 3.68432e-13 43.8349 0 -0 0 180 0 180 0 -0
0 -180 0 0 0 -180 0 -180 0.239055 -2.00387 0 -180 0 -180 0 0 0 -180
0 -0 0 180 0 -0 0 -0 1.25676 123.023 0 -0 0 -0 0 180 0 -0
inside=0 lambda=0.647 phi=25 theta=15
0 180 0 180 0 -180 0 -0 0.126315 -0.112239 0 0 0 180 0 180 0 -180
0 -0 0 -0 0 -180 0 180 1.12685 123.27 0 0 0 -0 0 -0 0 -180
0 180 0 -0 0 0 0 -180 0.0303124 176.002 0 0 0 -0 0 180 0 -180
0 -0 0 -180 0 0 0 -0 0.0348377 -59.423 0 0 0 180 0 0 0 -180
0 -180 0 -180 0 -0 0 -180 0.030303 175.983 0 180 0 0 0 0 0 -180
0 -0 0 -0 0 180 0 -180 0.0348189 -59.3372 0 0 0 180 0 180 0 -0
0 180 0 0 0 180 0 -180 0.230972 -1.92938 0 -180 0 -180 0 0 0 -180
0 -0 0 180 0 -0 0 -0 1.24742 123.037 0 -0 0 -0 0 0 0 -180
inside=0 lambda=0.647 phi=25 theta=30
0 180 0 -180 0 -180 0 -0 0.148418 -0.712546 0 0 0 180 0 180 0 -180
0 -0 0 -0 0 -180 0 180 1.15232 123.214 0 0 0 -0 0 -0 0 -180
0 180 0 -0 0 0 0 -180 0.0525093 175.999 0 0 0 -0 0 180 0 -180
0 -0 0 -180 0 0 0 -0 0.0603263 -59.3908 0 0 0 180 0 0 0 -180
0 180 0 -180 0 -0 0 -180 0.0525004 175.989 0 180 0 0 0 0 0 -180
0 -0 0 -0 0 180 0 -180 0.0603101 -59.3436 0 0 0 0 0 0 0 -180
0 180 0 -0 0 180 0 -180 0.208865 -1.6971 0 -180 0 -180 0 0 0 -180
0 -0 0 180 0 -0 0 -0 1.22193 123.08 0 -0 0 -180 0 0 0 -180
inside=0 lambda=0.647 phi=25 theta=45
0 180 0 -180 0 -180 0 -0 0.17864 -1.28839 0 0 0 180 0 180 0 -180
0 -0 0 -0 0 -180 0 180 1.18712 123.143 0 0 0 -0 0 -0 0 -180
0 180 0 -180 0 0 0 -180 0.0606326 175.995 0 0 0 -0 0 180 0 -180
0 -0 0 -180 0 0 0 -0 0.0696464 -59.3614 0 0 0 180 0 0 0 -180
0 180 0 -180 0 -0 0 -180 0.0606326 175.995 0 180 0 0 0 0 0 -180
0 -0 0 -0 0 180 0 -180 0.0696464 -59.3614 0 0 0 0 0 0 0 -180
0 180 0 -0 0 180 0 -180 0.17864 -1.28839 0 180 0 -180 0 0 0 -180
0 -0 0 180 0 -0 0 -0 1.18712 123.143 0 -0 0 -180 0 0 0 -180
inside=0 lambda=0.647 phi=30 theta=0
0 180 0 180 0 -180 0.00740448 -112.47 0.0806829 2.20493 0 0 0 180 0 180 0 -180
0 -0 0 -0 0 -180 0 180 1.06994 108.241 0 0 0 -0 0 -0 0 -180
0 180 0 -0 0 0 1.96473e-13 136.805 4.65065e-13 -172.741 0 -0 0 -0 0 180 0 -180
0 -0 0 -180 0 0 0 0 1.31794e-12 27.8432 0 180 0 180 0 0 0 -180
0 -180 0 -180 0 0 4.61583e-14 45.0505 7.27527e-13 -171.321 0 180 0 0 0 0 0 -180
0 -0 0 -0 0 180 0 -0 1.49008e-12 16.6159 0 -0 0 180 0 180 0 -0
0 -180 0 0 0 -180 0.0261408 -134.067 0.273198 -1.44761 0 -180 0 -180 0 0 0 -180
0 -0 0 180 0 -0 0 -180 1.30507 107.722 0 -0 0 -0 0 180 0 -0
inside=0 lambda=0.647 phi=30 theta=15
0 180 0 180 0 -180 0 -0 0.0935573 1.41751 0 0 0 180 0 180 0 -180
0 -0 0 -0 0 -180 0 180 1.08581 108.192 0 0 0 -0 0 -0 0 -180
0 180 0 -0 0 0 0 -180 0.0483524 177.202 0 0 0 -0 0 180 0 -180
0 -0 0 -180 0 0 0 -0 0.0588558 -74.9459 0 0 0 180 0 0 0 -180
0 -180 0 -180 0 -0 0 -180 0.0483207 177.175 0 180 0 0 0 0 0 -180
0 -0 0 -0 0 180 0 -180 0.0587815 -74.8175 0 0 0 0 0 0 0 -180
0 180 0 -0 0 180 0 -180 0.260384 -1.36333 0 -180 0 -180 0 0 0 -180
0 -0 0 180 0 -0 0 -180 1.28937 107.745 0 -0 0 -180 0 0 0 -180
inside=0 lambda=0.647 phi=30 theta=30
0 180 0 180 0 -180 0 -0 0.12872 0.208706 0 0 0 180 0 180 0 -180
0 -0 0 -0 0 -180 0 180 1.12881 108.072 0 0 0 -0 0 -0 0 -180
0 180 0 -180 0 0 0 180 0.0837985 177.187 0 0 0 -0 0 180 0 -180
0 -0 0 -180 0 0 0 -0 0.101863 -74.8767 0 0 0 180 0 0 0 -180
0 180 0 180 0 -0 0 -180 0.0837721 177.175 0 180 0 0 0 0 0 -180
0 -0 0 -0 0 180 0 -180 0.101821 -74.8113 0 0 0 0 0 0 0 -180
0 180 0 -0 0 180 0 -180 0.225172 -1.12668 0 180 0 -180 0 0 0 -180
0 -0 0 180 0 -0 0 -0 1.2463 107.818 0 -0 0 -180 0 0 0 -180
inside=0 lambda=0.647 phi=30 theta=45
0 180 0 -180 0 -180 0 -0 0.176941 -0.643335 0 0 0 180 0 180 0 -180
0 -0 0 -0 0 -180 0 180 1.18754 107.935 0 0 0 -0 0 -0 0 -180
0 180 0 -180 0 0 0 180 0.09677 177.18 0 0 0 -0 0 180 0 -180
0 -0 0 -180 0 0 0 -0 0.117585 -74.8315 0 0 0 180 0 0 0 -180
0 180 0 180 0 -0 0 -180 0.09677 177.18 0 180 0 0 0 0 0 -180
0 -0 0 -0 0 180 0 -180 0.117585 -74.8315 0 0 0 0 0 0 0 -180
0 180 0 -0 0 180 0 -180 0.176941 -0.643335 0 180 0 -180 0 0 0 -180
0 -0 0 180 0 -0 0 -0 1.18754 107.935 0 -0 0 -180 0 0 0 -180
inside=0 lambda=0.647 phi=35 theta=0
0 180 0 180 0 -180 0.0239472 -112.138 0.0211219 -1.89598 0 0 0 180 0 180 0 -180
0 -0 0 -0 0 -180 0 180 0.98774 88.7059 0 0 0 -0 0 -0 0 -180
0 180 0 -0 0 0 1.04952e-13 -9.93936 1.67357e-13 136.475 0 0 0 -0 0 180 0 -180
0 -0 0 180 0 0 0 0 6.39009e-13 2.632 0 180 0 180 0 -0 0 -180
0 -180 0 -180 0 0 3.73052e-14 -177.255 2.45369e-13 -169.525 0 -0 0 0 0 0 0 -180
0 -180 0 -180 0 0 0 -180 6.4627e-13 -3.19215 0 -180 0 0 0 0 0 -180
0 -180 0 0 0 -180 0.0323106 -116.261 0.331914 0.31201 0 -180 0 -180 0 0 0 -180
0 -180 0 0 0 -180 0 -180 1.38959 87.5676 0 -180 0 -180 0 0 0 -180
inside=0 lambda=0.647 phi=35 theta=15
0 180 0 180 0 -180 0.0178373 -116.075 0.0419061 -0.882475 0 0 0 180 0 180 0 -180
0 -0 0 -0 0 -180 0 180 1.0148 88.5907 0 0 0 -0 0 -0 0 -180
0 180 0 -0 0 0 0.00108988 93.0328 0.0779662 -179.376 0 0 0 -0 0 180 0 -180
0 -0 0 180 0 0 0 -0 0.100716 -95.477 0 0 0 180 0 -0 0 -180
0 180 0 -180 0 -0 0.00889008 -139.897 0.0779043 -179.415 0 180 0 0 0 0 0 -180
0 -0 0 -0 0 180 0 -180 0.100552 -95.4057 0 -0 0 0 0 0 0 -180
0 180 0 -0 0 180 0.0284086 -123.892 0.311243 0.304082 0 -180 0 -180 0 0 0 -180
0 -0 0 180 0 -0 0 -180 1.36266 87.6138 0 -180 0 -180 0 0 0 -180
inside=0 lambda=0.647 phi=35 theta=30
0 180 0 180 0 -180 0 -0 0.0987403 -0.252436 0 0 0 180 0 180 0 -180
0 -0 0 -0 0 -180 0 180 1.08857 88.3058 0 0 0 -0 0 -0 0 -180
0 180 0 -180 0 0 0 180 0.135286 -179.358 0 0 0 -0 0 180 0 -180
0 -0 0 180 0 0 0 -0 0.174148 -95.4593 0 0 0 180 0 -0 0 -180
0 180 0 180 0 -0 0 -180 0.135215 -179.37 0 180 0 0 0 0 0 -180
0 -0 0 -0 0 180 0 -180 0.174023 -95.376 0 -0 0 0 0 0 0 -180
0 180 0 -0 0 180 0 -180 0.254489 0.254899 0 180 0 -180 0 0 0 -180
0 -0 0 180 0 -0 0 -180 1.28925 87.7557 0 -0 0 -180 0 0 0 -180
inside=0 lambda=0.647 phi=35 theta=45
0 180 0 180 0 -180 0 -0 0.176589 0.106864 0 0 0 180 0 180 0 -180
0 -0 0 -0 0 -180 0 180 1.18885 87.9971 0 0 0 -0 0 -0 0 -180
0 180 0 -180 0 0 0 180 0.156265 -179.38 0 0 0 -0 0 180 0 -180
0 -0 0 180 0 0 0 -0 0.20097 -95.393 0 0 0 180 0 -0 0 -180
0 180 0 180 0 -0 0 -180 0.156265 -179.38 0 180 0 0 0 0 0 -180
0 -0 0 -0 0 180 0 180 0.20097 -95.393 0 -0 0 0 0 0 0 -180
0 180 0 -0 0 180 0 180 0.176589 0.106864 0 180 0 -180 0 0 0 -180
0 -0 0 180 0 -0 0 -0 1.18885 87.9971 0 -0 0 -180 0 0 0 -180
inside=0 lambda=0.647 phi=40 theta=0
0 180 0 180 0 -180 0.0544683 -115.646 0.122871 -158.099 0 0 0 180 0 180 0 -180
0 -0 0 -0 0 180 0 180 0.809299 61.0324 0 -0 0 -0 0 -0 0 180
0 180 0 -0 0 0 1.51991e-14 8.30249 2.77223e-13 2.93051 0 -180 0 -0 0 180 0 -180
0 -0 0 180 0 -0 0 0 7.10693e-13 -73.392 0 0 0 180 0 -0 0 180
0 -180 0 -180 0 0 3.85485e-12 47.5172 6.85204e-13 144.907 0 0 0 0 0 0 0 -180
0 -180 0 -180 0 0 0 -0 5.16e-13 -39.5896 0 -0 0 0 0 0 0 -180
0 -180 0 0 0 -180 0.0438541 -108.749 0.466876 4.21344 0 -180 0 -180 0 0 0 -180
0 -180 0 0 0 -180 0 -180 1.57486 58.0736 0 -180 0 -180 0 0 0 -180
inside=0 lambda=0.647 phi=40 theta=15
0 180 0 180 0 -180 0.0408145 -120.768 0.085959 -151.682 0 0 0 180 0 180 0 -180
0 -0 0 -0 0 180 0 180 0.860902 60.634 0 -0 0 -0 0 -0 0 180
0 180 0 -0 0 0 0.00760007 65.109 0.146822 -172.02 0 0 0 -0 0 180 0 -180
0 -0 0 180 0 -0 0 -0 0.192081 -125.209 0 -0 0 180 0 -0 0 180
0 180 0 180 0 -0 0.0174001 -138.159 0.146724 -172.058 0 180 0 0 0 0 0 -180
0 -180 0 -180 0 0 0 180 0.191782 -125.185 0 -0 0 0 0 0 0 -180
0 180 0 -0 0 180 0.0351234 -115.424 0.428192 3.85511 0 180 0 -180 0 0 0 -180
0 -180 0 0 0 -0 0 -180 1.52339 58.1527 0 -180 0 -180 0 0 0 -180
inside=0 lambda=0.647 phi=40 theta=30
0 180 0 180 0 -180 0.0124286 -135.004 0.0401702 -41.3526 0 0 0 180 0 180 0 -180
0 -0 0 -0 0 180 0 180 1.00128 59.7825 0 -0 0 -0 0 -0 0 180
0 180 0 -180 0 0 0.00311202 71.63 0.25511 -172.033 0 0 0 -0 0 180 0 -180
0 -0 0 180 0 -0 0 -0 0.332181 -125.226 0 -0 0 180 0 -0 0 180
0 180 0 180 0 -0 0.0150158 -156.081 0.254945 -172.052 0 180 0 0 0 0 0 -180
0 -0 0 -0 0 180 0 180 0.331676 -125.175 0 -0 0 0 0 0 0 180
0 180 0 -0 0 180 0.0224982 -143.975 0.321419 2.45307 0 180 0 -180 0 0 0 -180
0 -0 0 180 0 -0 0 -180 1.38325 58.442 0 -0 0 -180 0 0 0 180
inside=0 lambda=0.647 phi=40 theta=45
0 180 0 180 0 -180 0 -0 0.175511 -2.10929 0 0 0 180 0 180 0 -180
0 -0 0 -0 0 180 0 180 1.19223 58.9754 0 -0 0 -0 0 -0 0 180
0 180 0 -180 0 0 0 180 0.294931 -172.095 0 0 0 -0 0 180 0 -180
0 -0 0 180 0 -0 0 -0 0.382996 -125.174 0 -0 0 180 0 -0 0 180
0 180 0 180 0 -0 0 -180 0.294931 -172.095 0 180 0 0 0 0 0 -180
0 -0 0 -0 0 180 0 180 0.382996 -125.174 0 -0 0 -0 0 -0 0 180
0 180 0 -0 0 180 0 180 0.175511 -2.10929 0 180 0 -180 0 0 0 -180
0 -0 0 180 0 -0 0 -0 1.19223 58.9754 0 -0 0 180 0 -0 0 180
inside=0 lambda=0.647 phi=45 theta=0
0 0 0 0 0 -180 0.12217 -157.119 0.991639 139.657 0 0 0 0 0 0 0 -180
0 -180 0 -180 0 0 0 0 0 0 0 -180 0 -180 0 -180 0 0
0 0 0 -180 0 0 3.25216e-13 110.45 3.33196e-13 -78.594 0 -0 0 -180 0 0 0 -180
0 -180 0 0 0 -180 0 0 0 -180 0 0 0 0 0 -180 0 0
0 180 0 180 0 -0 4.38344e-12 -61.4002 2.67845e-12 142.589 0 180 0 -0 0 -0 0 180
0 180 0 180 0 -0 0 -180 0 0 0 0 0 -0 0 -0 0 180
0 180 0 -0 0 180 0.0574864 -129.296 0.998518 -22.3889 0 180 0 180 0 -0 0 180
0 180 0 -0 0 180 0 -180 0 -0 0 180 0 180 0 -0 0 180
inside=0 lambda=0.647 phi=45 theta=15
0 0 0 0 0 -180 0.083387 -164.889 0.864594 138.153 0 0 0 0 0 0 0 -180
0 -180 0 -180 0 0 0 0 0 0 0 -180 0 -180 0 -180 0 0
0 0 0 -180 0 0 0.0328478 9.15988 0.492819 148.701 0 0 0 -180 0 0 0 -180
0 -180 0 0 0 -180 0 -0 0 180 0 -180 0 0 0 -180 0 0
0 180 0 180 0 -0 0.0329674 -171.492 0.492537 148.635 0 0 0 0 0 0 0 -180
0 -180 0 -180 0 0 0 180 0 180 0 -180 0 -0 0 -0 0 180
0 180 0 -0 0 180 0.0394069 -128.385 0.868746 -21.0968 0 180 0 -180 0 0 0 -180
0 -180 0 0 0 -180 0 -180 0 -0 0 -180 0 180 0 -0 0 180
inside=0 lambda=0.647 phi=45 theta=30
0 0 0 0 0 -180 0.0268484 -172.625 0.516612 130.702 0 0 0 0 0 0 0 -180
0 -180 0 -180 0 0 0 0 0 0 0 -180 0 -180 0 -180 0 0
0 0 0 -180 0 0 0.0261522 -13.2711 0.855026 148.502 0 0 0 -180 0 0 0 -180
0 -180 0 0 0 -180 0 -180 0 180 0 -180 0 0 0 -180 0 0
0 180 0 180 0 -0 0.0265336 173.001 0.854534 148.478 0 0 0 0 0 0 0 -180
0 -180 0 -180 0 0 0 180 0 180 0 -180 0 -0 0 -0 0 0
0 0 0 -0 0 180 0.01839 -124.816 0.517641 -13.9056 0 180 0 -180 0 0 0 -180
0 -180 0 0 0 -180 0 -180 0 -0 0 -180 0 180 0 -0 0 0
inside=0 lambda=0.647 phi=45 theta=45
0 0 0 0 0 -180 0 -180 0.158062 58.3973 0 0 0 0 0 180 0 -180
0 -180 0 -180 0 180 0 0 0 0 0 -180 0 -180 0 -180 0 0
0 0 0 -180 0 0 0 0 0.987429 148.397 0 0 0 -0 0 0 0 -180
0 -180 0 0 0 -180 0 -180 0 180 0 -0 0 0 0 -180 0 0
0 0 0 0 0 -0 0 -180 0.987429 148.397 0 0 0 0 0 0 0 -180
0 -180 0 -180 0 0 0 0 0 180 0 -180 0 -180 0 -0 0 0
0 0 0 -180 0 0 0 0 0.158062 58.3973 0 180 0 -180 0 0 0 -180
0 -180 0 0 0 -180 0 -180 0 0 0 -180 0 180 0 -180 0 0
inside=1 lambda=0.647 phi=0 theta=0
0 -180 0 -180 0 -180 0 0 0.183851 130.682 0 0 0 -180 0 -180 0 -180
0 -0 0 -0 0 -0 0 180 0.814443 154.734 0 180 0 -0 0 -0 0 -0
0 -180 0 -0 0 0 0 180 5.41414e-14 39.3919 0 -0 0 0 0 -0 0 -180
0 -0 0 -180 0 180 0 180 3.60264e-13 63.0585 0 180 0 180 0 -0 0 -0
0 -180 0 -0 0 0 0 -0 1.17147e-13 17.0179 0 -0 0 0 0 180 0 -180
0 -0 0 -180 0 180 0 180 3.3154e-13 65.4004 0 -180 0 180 0 0 0 -0
0 -180 0 0 0 -180 0 -180 0.183851 130.682 0 -180 0 -180 0 0 0 -180
0 -0 0 180 0 -0 0 -0 0.814443 154.734 0 -0 0 -0 0 180 0 -0
inside=1 lambda=0.647 phi=0 theta=15
0 -180 0 -180 0 -180 0 0 0.183851 130.682 0 0 0 -180 0 -180 0 -180
0 -0 0 -0 0 -0 0 180 0.814443 154.734 0 180 0 -0 0 -0 0 -0
0 -180 0 -0 0 0 0 180 5.41414e-14 39.3919 0 -0 0 0 0 -0 0 -180
0 -0 0 -180 0 180 0 180 3.60264e-13 63.0585 0 180 0 180 0 -0 0 -0
0 -180 0 -0 0 0 0 -0 1.17147e-13 17.0179 0 -0 0 0 0 180 0 -180
0 -0 0 -180 0 180 0 180 3.3154e-13 65.4004 0 -180 0 180 0 0 0 -0
0 -180 0 0 0 -180 0 -180 0.183851 130.682 0 -180 0 -180 0 0 0 -180
0 -0 0 180 0 -0 0 -0 0.814443 154.734 0 -0 0 -0 0 180 0 -0
inside=1 lambda=0.647 phi=0 theta=30
0 -180 0 -180 0 -180 0 0 0.183851 130.682 0 0 0 -180 0 -180 0 -180
0 -0 0 -0 0 -0 0 180 0.814443 154.734 0 180 0 -0 0 -0 0 -0
0 -180 0 -0 0 0 0 180 5.41414e-14 39.3919 0 -0 0 0 0 -0 0 -180
0 -0 0 -180 0 180 0 180 3.60264e-13 63.0585 0 180 0 180 0 -0 0 -0
0 -180 0 -0 0 0 0 -0 1.17147e-13 17.0179 0 -0 0 0 0 180 0 -180
0 -0 0 -180 0 180 0 180 3.3154e-13 65.4004 0 -180 0 180 0 0 0 -0
0 -180 0 0 0 -180 0 -180 0.183851 130.682 0 -180 0 -180 0 0 0 -180
0 -0 0 180 0 -0 0 -0 0.814443 154.734 0 -0 0 -0 0 180 0 -0
inside=1 lambda=0.647 phi=0 theta=45
0 -180 0 -180 0 -180 0 0 0.183851 130.682 0 0 0 -180 0 -180 0 -180
0 -0 0 -0 0 -0 0 180 0.814443 154.734 0 180 0 -0 0 -0 0 -0
0 -180 0 -0 0 0 0 180 5.41414e-14 39.3919 0 -0 0 0 0 -0 0 -180
0 -0 0 -180 0 180 0 180 3.60264e-13 63.0585 0 180 0 180 0 -0 0 -0
0 -180 0 -0 0 0 0 -0 1.17147e-13 17.0179 0 -0 0 0 0 180 0 -180
0 -0 0 -180 0 180 0 180 3.3154e-13 65.4004 0 -180 0 180 0 0 0 -0
0 -180 0 0 0 -180 0 -180 0.183851 130.682 0 -180 0 -180 0 0 0 -180
0 -0 0 180 0 -0 0 -0 0.814443 154.734 0 -0 0 -0 0 180 0 -0
inside=1 lambda=0.647 phi=5 theta=0
0 -180 0 -180 0 -180 0 0 0.182825 129.559 0 0 0 -180 0 -180 0 -180
0 -0 0 -0 0 -0 0 180 0.815424 154.167 0 180 0 -0 0 -0 0 -0
0 -180 0 -0 0 0 0 180 1.25993e-13 10.9818 0 -0 0 0 0 180 0 -180
0 -0 0 -180 0 180 0 0 6.02939e-13 66.5867 0 180 0 180 0 0 0 -0
0 -180 0 -180 0 0 0 180 1.77558e-13 35.3268 0 -0 0 0 0 0 0 -180
0 -0 0 -0 0 180 0 0 6.19855e-13 61.8426 0 -180 0 180 0 180 0 -0
0 -180 0 0 0 -180 0 -180 0.184719 129.57 0 -180 0 -180 0 0 0 -180
0 -0 0 180 0 -0 0 -0 0.813486 154.163 0 -0 0 -0 0 180 0 -0
inside=1 lambda=0.647 phi=5 theta=15
0 -180 0 -180 0 -180 0 0 0.182952 129.56 0 0 0 -180 0 -180 0 -180
0 -0 0 -0 0 -0 0 180 0.815295 154.167 0 180 0 -0 0 -0 0 -0
0 -180 0 -0 0 0 0 -180 0.000473954 -49.5237 0 0 0 0 0 180 0 -180
0 -0 0 -180 0 180 0 -0 0.00048486 156.175 0 180 0 180 0 0 0 -0
0 -180 0 -180 0 0 0 -0 0.000473952 -49.5224 0 180 0 0 0 0 0 -180
0 -0 0 -0 0 180 0 -180 0.000484857 156.174 0 0 0 180 0 180 0 -0
0 -180 0 0 0 -180 0 -180 0.184592 129.57 0 -180 0 -180 0 0 0 -180
0 -0 0 180 0 -0 0 -0 0.813616 154.163 0 -0 0 -0 0 180 0 -0
inside=1 lambda=0.647 phi=5 theta=30
0 -180 0 -180 0 -180 0 0 0.183298 129.562 0 0 0 -180 0 -180 0 -180
0 -0 0 -0 0 -0 0 180 0.81494 154.166 0 180 0 -0 0 -0 0 -0
0 -180 0 -0 0 0 0 -180 0.000820911 -49.5235 0 0 0 0 0 180 0 -180
0 -0 0 -180 0 180 0 -0 0.000839801 156.175 0 180 0 180 0 0 0 -0
0 -180 0 -180 0 0 0 -0 0.000820909 -49.5227 0 180 0 0 0 0 0 -180
0 -0 0 -0 0 180 0 -180 0.000839798 156.175 0 0 0 180 0 180 0 -0
0 -180 0 0 0 -180 0 -180 0.184246 129.568 0 -180 0 -180 0 0 0 -180
0 -0 0 180 0 -0 0 -0 0.813971 154.164 0 -0 0 -0 0 180 0 -0
inside=1 lambda=0.647 phi=5 theta=45
0 -180 0 -180 0 -180 0 0 0.183772 129.565 0 0 0 -180 0 -180 0 -180
0 -0 0 -0 0 -0 0 180 0.814455 154.165 0 180 0 -0 0 -0 0 -0
0 -180 0 -0 0 0 0 -180 0.000947906 -49.5231 0 0 0 0 0 180 0 -180
0 -0 0 -180 0 180 0 -0 0.000969717 156.175 0 180 0 180 0 0 0 -0
0 -180 0 -180 0 0 0 -0 0.000947906 -49.5231 0 180 0 0 0 0 0 -180
0 -0 0 -0 0 180 0 -180 0.000969717 156.175 0 0 0 180 0 180 0 -0
0 -180 0 0 0 -180 0 -180 0.183772 129.565 0 -180 0 -180 0 0 0 -180
0 -0 0 180 0 -0 0 -0 0.814455 154.165 0 -0 0 -0 0 180 0 -0
inside=1 lambda=0.647 phi=10 theta=0
0 -180 0 -180 0 -180 0 0 0.179716 126.192 0 0 0 -180 0 -180 0 -180
0 -0 0 -0 0 -0 0 180 0.818405 152.471 0 180 0 -0 0 -0 0 -0
0 -180 0 -0 0 0 0 180 5.37055e-15 100.952 0 180 0 0 0 180 0 -180
0 -0 0 -180 0 180 0 0 4.61065e-14 29.4226 0 0 0 180 0 0 0 -0
0 -180 0 -180 0 0 0 -0 5.82835e-14 -30.3797 0 -0 0 0 0 0 0 -180
0 -0 0 -0 0 180 0 0 3.51007e-14 163.978 0 180 0 180 0 180 0 -0
0 -180 0 0 0 -180 0 -180 0.187339 126.242 0 -180 0 -180 0 0 0 -180
0 -0 0 180 0 -0 0 -0 0.810586 152.453 0 -0 0 -0 0 180 0 -0
inside=1 lambda=0.647 phi=10 theta=15
0 -180 0 -180 0 -180 0 0 0.180227 126.196 0 0 0 -180 0 -180 0 -180
0 -0 0 -0 0 -0 0 180 0.817881 152.469 0 180 0 -0 0 -0 0 -0
0 -180 0 -0 0 0 0 -180 0.0019074 -52.7819 0 0 0 0 0 180 0 -180
0 -0 0 -180 0 180 0 -0 0.00195612 154.44 0 180 0 180 0 0 0 -0
0 -180 0 -180 0 0 0 -0 0.00190736 -52.7767 0 0 0 0 0 0 0 -180
0 -0 0 -0 0 180 0 -180 0.00195607 154.438 0 0 0 180 0 180 0 -0
0 -180 0 0 0 -180 0 -180 0.186829 126.239 0 -180 0 -180 0 0 0 -180
0 -0 0 180 0 -0 0 -0 0.81111 152.455 0 -0 0 -0 0 180 0 -0
inside=1 lambda=0.647 phi=10 theta=30
0 -180 0 -180 0 -180 0 0 0.181622 126.205 0 0 0 -180 0 -180 0 -180
0 -0 0 -0 0 -0 0 180 0.816451 152.466 0 180 0 -0 0 -0 0 -0
0 -180 0 -0 0 0 0 -180 0.00330369 -52.7808 0 0 0 0 0 180 0 -180
0 -0 0 -180 0 180 0 -0 0.00338809 154.44 0 180 0 180 0 0 0 -0
0 -180 0 -180 0 0 0 -0 0.00330366 -52.7778 0 0 0 0 0 0 0 -180
0 -0 0 -0 0 180 0 -180 0.00338803 154.438 0 0 0 180 0 180 0 -0
0 -180 0 0 0 -180 0 -180 0.185434 126.23 0 -180 0 -180 0 0 0 -180
0 -0 0 180 0 -0 0 -0 0.812541 152.458 0 -0 0 -0 0 180 0 -0
inside=1 lambda=0.647 phi=10 theta=45
0 -180 0 -180 0 -180 0 0 0.183528 126.218 0 0 0 -180 0 -180 0 -180
0 -0 0 -0 0 -0 0 180 0.814496 152.462 0 180 0 -0 0 -0 0 -0
0 -180 0 -0 0 0 0 -180 0.00381476 -52.7793 0 0 0 0 0 180 0 -180
0 -0 0 -180 0 180 0 -0 0.00391219 154.439 0 180 0 180 0 0 0 -0
0 -180 0 -180 0 0 0 -0 0.00381476 -52.7793 0 180 0 0 0 0 0 -180
0 -0 0 -0 0 180 0 -180 0.00391219 154.439 0 0 0 180 0 180 0 -0
0 -180 0 0 0 -180 0 -180 0.183528 126.218 0 -180 0 -180 0 0 0 -180
0 -0 0 180 0 -0 0 -0 0.814496 152.462 0 -0 0 -0 0 180 0 -0
inside=1 lambda=0.647 phi=15 theta=0
0 180 0 -180 0 -180 0 0 0.174439 120.589 0 0 0 180 0 -180 0 -180
0 -0 0 -0 0 -0 0 180 0.823497 149.658 0 180 0 -0 0 -0 0 -0
0 -180 0 -0 0 0 0 180 6.39263e-14 4.65874 0 -0 0 0 0 180 0 -180
0 -0 0 -180 0 180 0 0 2.05429e-13 60.016 0 -180 0 180 0 0 0 -0
0 -180 0 -180 0 0 0 -0 3.93905e-14 -21.3083 0 0 0 0 0 0 0 -180
0 -0 0 -0 0 180 0 -180 1.7946e-13 60.3955 0 180 0 180 0 180 0 -0
0 -180 0 0 0 -180 0 -180 0.191758 120.717 0 -180 0 -180 0 0 0 -180
0 -0 0 180 0 -0 0 -0 0.805652 149.62 0 -0 0 -0 0 180 0 -0
inside=1 lambda=0.647 phi=15 theta=15
0 180 0 -180 0 -180 0 0 0.175599 120.598 0 0 0 180 0 -180 0 -180
0 -0 0 -0 0 -0 0 180 0.822302 149.656 0 180 0 -0 0 -0 0 -0
0 -180 0 -0 0 0 0 -180 0.0043343 -58.2006 0 0 0 0 0 180 0 -180
0 -0 0 -180 0 180 0 -0 0.00446468 151.57 0 180 0 180 0 0 0 -0
0 -180 0 -180 0 0 0 -0 0.0043341 -58.1887 0 0 0 0 0 0 0 -180
0 -0 0 -0 0 180 0 -180 0.00446439 151.565 0 0 0 180 0 180 0 -0
0 -180 0 0 0 -180 0 -180 0.190598 120.709 0 -180 0 -180 0 0 0 -180
0 -0 0 180 0 -0 0 -0 0.806847 149.623 0 -0 0 -0 0 180 0 -0
inside=1 lambda=0.647 phi=15 theta=30
0 -180 0 -180 0 -180 0 0 0.178769 120.623 0 0 0 180 0 -180 0 -180
0 -0 0 -0 0 -0 0 180 0.819036 149.649 0 180 0 -0 0 -0 0 -0
0 -180 0 -0 0 0 0 -180 0.00750718 -58.1981 0 0 0 0 0 0 0 -180
0 -0 0 -180 0 180 0 -0 0.00773294 151.569 0 180 0 180 0 0 0 -0
0 -180 0 -180 0 0 0 -0 0.00750698 -58.1913 0 0 0 0 0 0 0 -180
0 -0 0 -0 0 180 0 -180 0.00773265 151.566 0 0 0 180 0 180 0 -0
0 -180 0 0 0 -180 0 -180 0.187428 120.687 0 -180 0 -180 0 0 0 -180
0 -0 0 180 0 -0 0 -0 0.810113 149.63 0 -0 0 -0 0 180 0 -0
inside=1 lambda=0.647 phi=15 theta=45
0 -180 0 -180 0 -180 0 0 0.183099 120.655 0 0 0 -180 0 -180 0 -180
0 -0 0 -0 0 -0 0 180 0.814574 149.639 0 180 0 -0 0 -0 0 -0
0 -180 0 -0 0 0 0 -180 0.00866844 -58.1947 0 0 0 0 0 0 0 -180
0 -0 0 -180 0 180 0 -0 0.00892907 151.567 0 180 0 180 0 0 0 -0
0 -180 0 -180 0 0 0 -0 0.00866844 -58.1947 0 0 0 0 0 0 0 -180
0 -0 0 -0 0 180 0 -180 0.00892907 151.567 0 0 0 180 0 180 0 -0
0 -180 0 0 0 -180 0 -180 0.183099 120.655 0 -180 0 -180 0 0 0 -180
0 -0 0 180 0 -0 0 -0 0.814574 149.639 0 -0 0 -0 0 180 0 -0
inside=1 lambda=0.647 phi=20 theta=0
0 180 0 -180 0 -180 0 0 0.166863 112.759 0 0 0 180 0 -180 0 -180
0 -0 0 -0 0 -180 0 180 0.830893 145.754 0 0 0 -0 0 -0 0 -180
0 180 0 -0 0 0 0 -0 1.65501e-13 167.705 0 180 0 -0 0 180 0 -180
0 -0 0 -180 0 180 0 -180 6.06716e-13 -123.493 0 0 0 180 0 0 0 -0
0 -180 0 -180 0 0 0 180 1.73587e-13 162.189 0 -0 0 0 0 0 0 -180
0 -0 0 -0 0 180 0 0 6.14899e-13 -120.629 0 -180 0 180 0 180 0 -0
0 -180 0 0 0 -180 0 -180 0.198058 113.025 0 -180 0 -180 0 0 0 -180
0 -0 0 180 0 -0 0 -0 0.798524 145.687 0 -0 0 -0 0 180 0 -0
inside=1 lambda=0.647 phi=20 theta=15
0 180 0 -180 0 -180 0 0 0.168953 112.78 0 0 0 180 0 -180 0 -180
0 -0 0 -0 0 -180 0 180 0.828725 145.75 0 0 0 -0 0 -0 0 -180
0 180 0 -0 0 0 0 -180 0.00780901 -65.7659 0 0 0 -0 0 180 0 -180
0 -0 0 -180 0 180 0 -0 0.0080983 147.597 0 180 0 180 0 0 0 -0
0 -180 0 -180 0 0 0 -0 0.00780825 -65.7445 0 0 0 0 0 0 0 -180
0 -0 0 -0 0 180 0 -180 0.00809735 147.587 0 0 0 180 0 180 0 -0
0 -180 0 0 0 -180 0 -180 0.195969 113.009 0 -180 0 -180 0 0 0 -180
0 -0 0 180 0 -0 0 -0 0.800692 145.691 0 -0 0 -0 0 180 0 -0
inside=1 lambda=0.647 phi=20 theta=30
0 180 0 -180 0 -180 0 0 0.174663 112.834 0 0 0 180 0 -180 0 -180
0 -0 0 -0 0 -180 0 180 0.822801 145.738 0 180 0 -0 0 -0 0 -180
0 -180 0 -0 0 0 0 -180 0.0135254 -65.7614 0 0 0 -0 0 0 0 -180
0 -0 0 -180 0 180 0 -0 0.0140263 147.594 0 180 0 180 0 0 0 -0
0 -180 0 -180 0 0 0 -0 0.0135247 -65.7491 0 0 0 0 0 0 0 -180
0 -0 0 -0 0 180 0 -180 0.0140254 147.588 0 0 0 180 0 180 0 -0
0 -180 0 0 0 -180 0 -180 0.19026 112.966 0 -180 0 -180 0 0 0 -180
0 -0 0 180 0 -0 0 -0 0.806616 145.704 0 -0 0 -0 0 180 0 -0
inside=1 lambda=0.647 phi=20 theta=45
0 -180 0 -180 0 -180 0 0 0.182462 112.902 0 0 0 180 0 -180 0 -180
0 -0 0 -0 0 -0 0 180 0.814708 145.721 0 180 0 -0 0 -0 0 -0
0 -180 0 -0 0 0 0 -180 0.0156175 -65.7553 0 0 0 0 0 0 0 -180
0 -0 0 -180 0 180 0 -0 0.0161956 147.591 0 180 0 180 0 0 0 -0
0 -180 0 -180 0 0 0 -0 0.0156175 -65.7553 0 0 0 0 0 0 0 -180
0 -0 0 -0 0 180 0 -180 0.0161956 147.591 0 0 0 180 0 180 0 -0
0 -180 0 0 0 180 0 -180 0.182462 112.902 0 -180 0 -180 0 0 0 -180
0 -0 0 180 0 -0 0 -0 0.814708 145.721 0 -0 0 -0 0 180 0 -0
inside=1 lambda=0.647 phi=25 theta=0
0 180 0 -180 0 -180 0 0 0.156837 102.716 0 0 0 180 0 -180 0 -180
0 0 0 -0 0 -180 0 180 0.84088 140.791 0 0 0 0 0 -0 0 -180
0 180 0 -0 0 0 0 180 9.82645e-14 151.545 0 -0 0 -0 0 180 0 -180
0 -0 0 -180 0 0 0 -0 3.08977e-13 -128.528 0 -180 0 180 0 0 0 -180
0 -180 0 -180 0 0 0 180 1.30529e-13 144.132 0 -0 0 0 0 0 0 -180
0 -0 0 -0 0 180 0 -0 2.42063e-13 -122.797 0 -0 0 180 0 180 0 -0
0 -180 0 0 0 -180 0 -180 0.206368 103.205 0 -180 0 -180 0 0 0 -180
0 -0 0 180 0 -0 0 -0 0.788973 140.686 0 -0 0 -0 0 180 0 -0
inside=1 lambda=0.647 phi=25 theta=15
0 180 0 -180 0 -180 0 0 0.160155 102.757 0 0 0 180 0 -180 0 -180
0 0 0 -0 0 -180 0 180 0.837403 140.784 0 0 0 0 0 -0 0 -180
0 180 0 -0 0 0 0 -180 0.0124038 -75.4641 0 0 0 -0 0 180 0 -180
0 -0 0 -180 0 0 0 -0 0.0129869 142.566 0 0 0 180 0 0 0 -180
0 -180 0 -180 0 0 0 -0 0.0124015 -75.4302 0 0 0 0 0 0 0 -180
0 -0 0 -0 0 180 0 -180 0.0129844 142.55 0 0 0 180 0 180 0 -0
0 -180 0 0 0 -180 0 -180 0.203052 103.179 0 -180 0 -180 0 0 0 -180
0 -0 0 180 0 -0 0 -0 0.79245 140.694 0 -0 0 -0 0 180 0 -0
inside=1 lambda=0.647 phi=25 theta=30
0 180 0 -180 0 -180 0 0 0.169221 102.862 0 0 0 180 0 -180 0 -180
0 -0 0 -0 0 -180 0 180 0.827902 140.766 0 0 0 0 0 -0 0 -180
0 180 0 -0 0 0 0 -180 0.0214837 -75.4569 0 0 0 -0 0 180 0 -180
0 -0 0 -180 0 0 0 -0 0.022493 142.561 0 0 0 180 0 0 0 -180
0 -180 0 -180 0 0 0 -0 0.0214814 -75.4375 0 0 0 0 0 0 0 -180
0 -0 0 -0 0 180 0 -180 0.0224907 142.552 0 0 0 180 0 180 0 -0
0 -180 0 0 0 180 0 -180 0.193989 103.104 0 -180 0 -180 0 0 0 -180
0 -0 0 180 0 -0 0 -0 0.801948 140.713 0 -0 0 -180 0 0 0 -180
inside=1 lambda=0.647 phi=25 theta=45
0 180 0 -180 0 -180 0 0 0.181606 102.99 0 0 0 180 0 -180 0 -180
0 -0 0 -0 0 -180 0 180 0.814925 140.74 0 0 0 -0 0 -0 0 -180
0 -180 0 -0 0 0 0 -180 0.0248062 -75.4473 0 0 0 -0 0 0 0 -180
0 -0 0 -180 0 0 0 -0 0.0259714 142.555 0 0 0 180 0 0 0 -180
0 -180 0 -180 0 -0 0 -0 0.0248062 -75.4473 0 0 0 0 0 0 0 -180
0 -0 0 -0 0 180 0 -180 0.0259714 142.555 0 0 0 0 0 0 0 -180
0 180 0 0 0 180 0 -180 0.181606 102.99 0 -180 0 -180 0 0 0 -180
0 -0 0 180 0 -0 0 -0 0.814925 140.74 0 -0 0 -180 0 0 0 -180
inside=1 lambda=0.647 phi=30 theta=0
0 180 0 180 0 -180 0 -0 0.144206 90.4736 0 0 0 180 0 180 0 -180
0 0 0 -0 0 -180 0 180 0.853861 134.813 0 0 0 0 0 -0 0 -180
0 180 0 -0 0 0 0 180 1.3566e-14 -174.168 0 -0 0 -0 0 180 0 -180
0 -0 0 -180 0 0 0 0 1.52307e-14 66.5653 0 -180 0 180 0 0 0 -180
0 -180 0 -180 0 0 0 -0 4.8129e-14 72.8091 0 -0 0 0 0 0 0 -180
0 -0 0 -0 0 180 0 -180 3.30941e-14 -90.0881 0 -180 0 180 0 180 0 -0
0 -180 0 0 0 -180 0 -180 0.216883 91.3005 0 -180 0 -180 0 0 0 -180
0 -0 0 180 0 -0 0 -0 0.77668 134.661 0 -0 0 -0 0 180 0 -0
inside=1 lambda=0.647 phi=30 theta=15
0 180 0 180 0 -180 0 -0 0.149074 90.5525 0 0 0 180 0 180 0 -180
0 0 0 -0 0 -180 0 180 0.84869 134.804 0 0 0 0 0 -0 0 -180
0 180 0 -0 0 0 0 -180 0.0182083 -87.286 0 0 0 -0 0 180 0 -180
0 -0 0 -180 0 0 0 -0 0.0193116 136.537 0 0 0 180 0 0 0 -180
0 -180 0 -180 0 0 0 -0 0.0182024 -87.2366 0 180 0 0 0 0 0 -180
0 -0 0 -0 0 180 0 -180 0.0193062 136.514 0 0 0 180 0 180 0 -0
0 -180 0 0 0 -180 0 -180 0.212018 91.2611 0 -180 0 -180 0 0 0 -180
0 -0 0 180 0 -0 0 -0 0.781849 134.671 0 -0 0 -180 0 0 0 -0
inside=1 lambda=0.647 phi=30 theta=30
0 180 0 -180 0 -180 0 0 0.162377 90.7446 0 0 0 180 0 180 0 -180
0 -0 0 -0 0 -180 0 180 0.834563 134.777 0 0 0 0 0 -0 0 -180
0 180 0 -0 0 0 0 -180 0.0315374 -87.2755 0 0 0 -0 0 180 0 -180
0 -0 0 -180 0 0 0 -0 0.0334467 136.528 0 0 0 180 0 0 0 -180
0 -180 0 -180 0 0 0 -0 0.0315315 -87.2475 0 180 0 0 0 0 0 -180
0 -0 0 -0 0 180 0 -180 0.0334415 136.515 0 0 0 0 0 0 0 -180
0 180 0 0 0 180 0 -180 0.198721 91.1452 0 -180 0 -180 0 0 0 -180
0 -0 0 180 0 -0 0 -0 0.795972 134.701 0 -0 0 -180 0 0 0 -180
inside=1 lambda=0.647 phi=30 theta=45
0 180 0 -180 0 -180 0 0 0.18055 90.9634 0 0 0 180 0 -180 0 -180
0 -0 0 -0 0 -180 0 180 0.815267 134.739 0 0 0 0 0 -0 0 -180
0 180 0 -0 0 0 0 -180 0.0364139 -87.2616 0 0 0 -0 0 180 0 -180
0 -0 0 -180 0 0 0 -0 0.0386179 136.519 0 0 0 180 0 0 0 -180
0 180 0 -180 0 -0 0 -0 0.0364139 -87.2616 0 180 0 0 0 0 0 -180
0 -0 0 -0 0 180 0 -180 0.0386179 136.519 0 0 0 0 0 0 0 -180
0 180 0 0 0 180 0 -180 0.18055 90.9634 0 -180 0 -180 0 0 0 -180
0 -0 0 180 0 0 0 -0 0.815267 134.739 0 -0 0 -180 0 0 0 -180
inside=1 lambda=0.647 phi=35 theta=0
0 180 0 180 0 -180 0 -0 0.128827 76.0625 0 0 0 180 0 180 0 -180
0 0 0 -0 0 -180 0 180 0.870398 127.877 0 0 0 0 0 -0 0 -180
0 180 0 -0 0 0 0 -0 3.70267e-14 97.207 0 180 0 -0 0 180 0 -180
0 -0 0 -180 0 0 0 0 6.88241e-14 -134.124 0 -180 0 180 0 0 0 -180
0 -180 0 -180 0 0 0 -0 1.294e-14 46.6915 0 -180 0 0 0 0 0 -180
0 -0 0 -0 0 180 0 180 9.87432e-14 -155.731 0 180 0 180 0 180 0 -0
0 -180 0 0 0 -180 0 -180 0.229892 77.3574 0 -180 0 -180 0 0 0 -180
0 -0 0 180 0 -0 0 -180 0.761223 127.66 0 -0 0 -0 0 180 0 -0
inside=1 lambda=0.647 phi=35 theta=15
0 180 0 180 0 -180 0 -0 0.135594 76.2065 0 0 0 180 0 180 0 -180
0 0 0 -0 0 -180 0 180 0.863083 127.864 0 0 0 0 0 -0 0 -180
0 180 0 -0 0 0 0 -180 0.0253356 -101.23 0 0 0 -0 0 180 0 -180
0 -0 0 -180 0 0 0 -0 0.0273204 129.583 0 0 0 180 0 0 0 -180
0 -180 0 -180 0 0 0 -180 0.0253216 -101.162 0 180 0 0 0 0 0 -180
0 -0 0 -0 0 180 0 -180 0.0273091 129.552 0 0 0 0 0 0 0 -180
0 -180 0 0 0 -180 0 -180 0.22313 77.304 0 -180 0 -180 0 0 0 -180
0 -0 0 180 0 -0 0 -180 0.768534 127.675 0 -0 0 -180 0 0 0 -180
inside=1 lambda=0.647 phi=35 theta=30
0 180 0 180 0 -180 0 -0 0.154091 76.5362 0 0 0 180 0 180 0 -180
0 -0 0 -0 0 -180 0 180 0.843099 127.826 0 0 0 0 0 -0 0 -180
0 180 0 -0 0 0 0 -180 0.0438827 -101.215 0 0 0 -0 0 180 0 -180
0 -0 0 -180 0 0 0 -0 0.0473159 129.568 0 0 0 180 0 0 0 -180
0 -180 0 -180 0 -0 0 -0 0.0438694 -101.177 0 180 0 0 0 0 0 -180
0 -0 0 -0 0 180 0 -180 0.0473055 129.55 0 0 0 0 0 0 0 -180
0 180 0 0 0 180 0 -180 0.204641 77.144 0 -180 0 -180 0 0 0 -180
0 -0 0 180 0 -0 0 -0 0.78851 127.718 0 -0 0 -180 0 0 0 -180
inside=1 lambda=0.647 phi=35 theta=45
0 180 0 -180 0 -180 0 -0 0.179368 76.8799 0 0 0 180 0 180 0 -180
0 -0 0 -0 0 -180 0 180 0.815803 127.773 0 0 0 0 0 -0 0 -180
0 180 0 -0 0 0 0 -180 0.0506666 -101.196 0 0 0 -0 0 180 0 -180
0 -0 0 -180 0 0 0 -0 0.0546298 129.555 0 0 0 180 0 0 0 -180
0 180 0 -180 0 -0 0 -0 0.0506666 -101.196 0 180 0 0 0 0 0 -180
0 -0 0 -0 0 180 0 -180 0.0546298 129.555 0 0 0 0 0 0 0 -180
0 180 0 -0 0 180 0 -180 0.179368 76.8799 0 180 0 -180 0 0 0 -180
0 -0 0 180 0 0 0 -0 0.815803 127.773 0 -0 0 -180 0 0 0 -180
inside=1 lambda=0.647 phi=40 theta=0
0 180 0 180 0 -180 0 -0 0.11054 59.5546 0 0 0 180 0 180 0 -180
0 0 0 -0 0 -180 0 180 0.891283 120.052 0 0 0 0 0 -0 0 -180
0 180 0 -0 0 0 0 180 3.60304e-14 108.034 0 -0 0 -0 0 180 0 -180
0 -0 0 -180 0 0 0 0 7.45522e-14 -158.642 0 -180 0 180 0 0 0 -180
0 -180 0 -180 0 0 0 180 6.16936e-15 143.382 0 0 0 0 0 0 0 -180
0 -0 0 -180 0 180 0 0 9.08617e-14 -153.851 0 0 0 180 0 0 0 -0
0 -180 0 0 0 -180 0 -180 0.245838 61.4239 0 -180 0 -180 0 0 0 -180
0 -0 0 0 0 -0 0 -180 0.742049 119.741 0 -0 0 -0 0 0 0 -0
inside=1 lambda=0.647 phi=40 theta=15
0 180 0 180 0 -180 0 -0 0.119588 59.8073 0 0 0 180 0 180 0 -180
0 -0 0 -0 0 -180 0 180 0.881283 120.033 0 0 0 0 0 -0 0 -180
0 180 0 -0 0 0 0 180 0.0339417 -117.299 0 0 0 -0 0 180 0 -180
0 -0 0 -180 0 0 0 -0 0.0373528 121.788 0 0 0 180 0 0 0 -180
0 -180 0 -180 0 0 0 -180 0.0339116 -117.21 0 180 0 0 0 0 0 -180
0 -0 0 -0 0 180 0 -180 0.0373303 121.747 0 0 0 0 0 0 0 -180
0 -180 0 0 0 180 0 -180 0.236793 61.3601 0 -180 0 -180 0 0 0 -180
0 -0 0 180 0 -0 0 -180 0.75204 119.764 0 -0 0 -180 0 0 0 -180
inside=1 lambda=0.647 phi=40 theta=30
0 180 0 180 0 -180 0 -0 0.144344 60.3355 0 0 0 180 0 180 0 -180
0 -0 0 -0 0 -180 0 180 0.853965 119.98 0 0 0 0 0 -0 0 -180
0 180 0 -0 0 0 0 180 0.0587923 -117.277 0 0 0 -0 0 180 0 -180
0 -0 0 -180 0 0 0 -0 0.0646873 121.763 0 0 0 180 0 0 0 -180
0 180 0 -180 0 -0 0 -0 0.0587643 -117.229 0 180 0 0 0 0 0 -180
0 -0 0 -0 0 180 0 -180 0.0646682 121.74 0 0 0 0 0 0 0 -180
0 180 0 0 0 180 0 -180 0.212044 61.1648 0 -180 0 -180 0 0 0 -180
0 -0 0 180 0 -0 0 -180 0.779343 119.826 0 -0 0 -180 0 0 0 -180
inside=1 lambda=0.647 phi=40 theta=45
0 180 0 -180 0 -180 0 -0 0.178196 60.8239 0 0 0 180 0 180 0 -180
0 -0 0 -0 0 -180 0 180 0.81665 119.905 0 0 0 0 0 -0 0 -180
0 180 0 -0 0 0 0 -180 0.0678787 -117.253 0 0 0 -0 0 180 0 -180
0 -0 0 -180 0 0 0 -0 0.0746837 121.744 0 0 0 180 0 0 0 -180
0 180 0 -180 0 -0 0 -0 0.0678787 -117.253 0 180 0 0 0 0 0 -180
0 -0 0 -0 0 180 0 -180 0.0746837 121.744 0 0 0 0 0 0 0 -180
0 180 0 -0 0 180 0 -180 0.178196 60.8239 0 180 0 -180 0 0 0 -180
0 -0 0 180 0 0 0 -0 0.81665 119.905 0 -0 0 -180 0 0 0 -180
inside=1 lambda=0.647 phi=45 theta=0
0 180 0 180 0 -180 0 -0 0.0891306 41.1624 0 0 0 180 0 180 0 -180
0 -0 0 -0 0 -180 0.00306918 58.1849 0.9176 111.426 0 0 0 -0 0 -0 0 -180
0 180 0 -0 0 0 0 180 8.48818e-14 11.7192 0 180 0 -0 0 180 0 -180
0 -0 0 -180 0 0 1.74415e-13 -17.3035 1.74296e-13 -23.8139 0 -0 0 180 0 0 0 -180
0 -180 0 -180 0 0 0 -0 6.23069e-14 -103.296 0 180 0 0 0 0 0 -180
0 -180 0 -180 0 180 2.06007e-14 113.411 1.06965e-13 15.4027 0 -180 0 0 0 0 0 -0
0 -180 0 0 0 -180 0 -180 0.26536 43.548 0 -180 0 -180 0 0 0 -180
0 -180 0 0 0 -0 0.0177097 -106.447 0.718418 110.972 0 -180 0 -180 0 0 0 -0
inside=1 lambda=0.647 phi=45 theta=15
0 180 0 180 0 -180 0 -0 0.100834 41.5608 0 0 0 180 0 180 0 -180
0 -0 0 -0 0 -180 0 180 0.904301 111.395 0 0 0 -0 0 -0 0 -180
0 180 0 -0 0 0 0 180 0.0442714 -135.494 0 0 0 -0 0 180 0 -180
0 -0 0 -180 0 0 0 -0 0.049882 113.245 0 0 0 180 0 0 0 -180
0 -180 0 -180 0 -0 0 -180 0.0442094 -135.379 0 180 0 0 0 0 0 -180
0 -0 0 -0 0 180 0 -180 0.0498347 113.193 0 0 0 0 0 0 0 -180
0 180 0 0 0 180 0 -180 0.253621 43.49 0 -180 0 -180 0 0 0 -180
0 -0 0 180 0 -0 0 -180 0.731769 111.005 0 -0 0 -180 0 0 0 -180
inside=1 lambda=0.647 phi=45 theta=30
0 180 0 180 0 -180 0 -0 0.133077 42.3224 0 0 0 180 0 180 0 -180
0 -0 0 -0 0 -180 0 180 0.86783 111.318 0 0 0 -0 0 -0 0 -180
0 180 0 -0 0 0 0 180 0.0766968 -135.46 0 0 0 -0 0 180 0 -180
0 -0 0 -180 0 0 0 -0 0.0863737 113.201 0 0 0 180 0 0 0 -180
0 180 0 180 0 -0 0 -0 0.0766423 -135.402 0 180 0 0 0 0 0 -180
0 -0 0 -0 0 180 0 -180 0.0863398 113.173 0 0 0 0 0 0 0 -180
0 180 0 -0 0 180 0 -180 0.221372 43.2889 0 180 0 -180 0 0 0 -180
0 -0 0 180 0 -0 0 -180 0.768209 111.096 0 -0 0 -180 0 0 0 -180
inside=1 lambda=0.647 phi=45 theta=45
0 180 0 180 0 -180 0 -0 0.177225 42.9184 0 0 0 180 0 180 0 -180
0 -0 0 -0 0 -180 0 180 0.818013 111.212 0 0 0 -0 0 -0 0 -180
0 180 0 -0 0 0 0 180 0.0885474 -135.429 0 0 0 -0 0 180 0 -180
0 -0 0 -180 0 0 0 -0 0.0997164 113.176 0 0 0 180 0 0 0 -180
0 180 0 180 0 -0 0 -0 0.0885474 -135.429 0 180 0 0 0 0 0 -180
0 -0 0 -0 0 180 0 -180 0.0997164 113.176 0 0 0 0 0 0 0 -180
0 180 0 -0 0 180 0 180 0.177225 42.9184 0 180 0 -180 0 0 0 -180
0 -0 0 180 0 -0 0 -0 0.818013 111.212 0 -0 0 -180 0 0 0 -180
