RSoft_BSDF_File_Version 2
1 0 5 2 1 0.548571
0.3 0.3
-1 1
-1 1
1 0.647 0.647
10 0 45 0.5
4 0 45
Begin_Dispersion_Data
0.647 1.45662 0 1 0 0
End_Dispersion_Data
inside=0 lambda=0.647 phi=0 theta=0
0 -0 0 -180 0 -0 0 0 0.146251 92.0597 0 0 0 -0 0 -180 0 -0
0 0 0 -180 0 0 0 0 1.19393 52.38 0 0 0 0 0 -180 0 0
0 0 0 0 0 -180 0 180 2.38886e-13 97.8736 0 -180 0 -180 0 0 0 0
0 0 0 180 0 -180 0 180 3.34319e-13 75.7443 0 0 0 -180 0 180 0 0
0 0 0 -0 0 -180 0 -0 1.24396e-13 -75.3391 0 -180 0 -180 0 180 0 0
0 0 0 -0 0 -180 0 -0 1.2783e-13 -173.287 0 -0 0 -180 0 180 0 0
0 -0 0 0 0 -0 0 -180 0.146251 92.0597 0 -180 0 -0 0 0 0 -0
0 0 0 0 0 0 0 -180 1.19393 52.38 0 -180 0 0 0 0 0 0
inside=0 lambda=0.647 phi=0 theta=15
0 -0 0 -180 0 -0 0 0 0.146251 92.0597 0 0 0 -0 0 -180 0 -0
0 0 0 -180 0 0 0 0 1.19393 52.38 0 0 0 0 0 -180 0 0
0 0 0 0 0 -180 0 180 2.38886e-13 97.8736 0 -180 0 -180 0 0 0 0
0 0 0 180 0 -180 0 180 3.34319e-13 75.7443 0 0 0 -180 0 180 0 0
0 0 0 -0 0 -180 0 -0 1.24396e-13 -75.3391 0 -180 0 -180 0 180 0 0
0 0 0 -0 0 -180 0 -0 1.2783e-13 -173.287 0 -0 0 -180 0 180 0 0
0 -0 0 0 0 -0 0 -180 0.146251 92.0597 0 -180 0 -0 0 0 0 -0
0 0 0 0 0 0 0 -180 1.19393 52.38 0 -180 0 0 0 0 0 0
inside=0 lambda=0.647 phi=0 theta=30
0 -0 0 -180 0 -0 0 0 0.146251 92.0597 0 0 0 -0 0 -180 0 -0
0 0 0 -180 0 0 0 0 1.19393 52.38 0 0 0 0 0 -180 0 0
0 0 0 0 0 -180 0 180 2.38886e-13 97.8736 0 -180 0 -180 0 0 0 0
0 0 0 180 0 -180 0 180 3.34319e-13 75.7443 0 0 0 -180 0 180 0 0
0 0 0 -0 0 -180 0 -0 1.24396e-13 -75.3391 0 -180 0 -180 0 180 0 0
0 0 0 -0 0 -180 0 -0 1.2783e-13 -173.287 0 -0 0 -180 0 180 0 0
0 -0 0 0 0 -0 0 -180 0.146251 92.0597 0 -180 0 -0 0 0 0 -0
0 0 0 0 0 0 0 -180 1.19393 52.38 0 -180 0 0 0 0 0 0
inside=0 lambda=0.647 phi=0 theta=45
0 -0 0 -180 0 -0 0 0 0.146251 92.0597 0 0 0 -0 0 -180 0 -0
0 0 0 -180 0 0 0 0 1.19393 52.38 0 0 0 0 0 -180 0 0
0 0 0 0 0 -180 0 180 2.38886e-13 97.8736 0 -180 0 -180 0 0 0 0
0 0 0 180 0 -180 0 180 3.34319e-13 75.7443 0 0 0 -180 0 180 0 0
0 0 0 -0 0 -180 0 -0 1.24396e-13 -75.3391 0 -180 0 -180 0 180 0 0
0 0 0 -0 0 -180 0 -0 1.2783e-13 -173.287 0 -0 0 -180 0 180 0 0
0 -0 0 0 0 -0 0 -180 0.146251 92.0597 0 -180 0 -0 0 0 0 -0
0 0 0 0 0 0 0 -180 1.19393 52.38 0 -180 0 0 0 0 0 0
inside=0 lambda=0.647 phi=5 theta=0
0 -0 0 -180 0 0 0 0 0.14672 88.5753 0 0 0 -0 0 -180 0 0
0 0 0 -180 0 0 0 0 1.19127 50.6053 0 0 0 0 0 -180 0 0
0 -0 0 -180 0 -180 0 -0 1.6706e-13 -131.373 0 -0 0 180 0 0 0 0
0 0 0 180 0 -180 0 -0 3.28683e-13 152.804 0 180 0 -180 0 -0 0 0
0 0 0 -180 0 -180 0 180 1.19904e-13 -143.351 0 180 0 -180 0 0 0 0
0 0 0 -180 0 -180 0 180 4.88183e-13 142.426 0 180 0 -180 0 0 0 0
0 -0 0 0 0 -0 0 -180 0.150232 88.5884 0 -180 0 -0 0 0 0 -0
0 0 0 0 0 0 0 -180 1.19578 50.5805 0 -180 0 0 0 0 0 0
inside=0 lambda=0.647 phi=5 theta=15
0 -0 0 -180 0 0 0 0 0.146956 88.5759 0 0 0 -0 0 -180 0 0
0 0 0 -180 0 0 0 0 1.19157 50.6036 0 0 0 0 0 -180 0 0
0 -0 0 -180 0 -180 0 -180 0.000924319 -95.2078 0 0 0 180 0 0 0 0
0 0 0 180 0 -180 0 -180 0.00125912 -156.634 0 0 0 -180 0 -0 0 0
0 0 0 -180 0 -180 0 -180 0.000923998 -95.1807 0 0 0 -180 0 0 0 0
0 0 0 -180 0 -180 0 180 0.00125665 -156.459 0 -0 0 -180 0 0 0 0
0 -0 0 0 0 -0 0 -180 0.149997 88.5872 0 -180 0 -0 0 0 0 -0
0 0 0 0 0 0 0 -180 1.19548 50.5821 0 -180 0 0 0 0 0 0
inside=0 lambda=0.647 phi=5 theta=30
0 -0 0 -180 0 0 0 0 0.147599 88.5777 0 0 0 -0 0 -180 0 0
0 0 0 -180 0 0 0 0 1.1924 50.5989 0 0 0 0 0 -180 0 0
0 0 0 -180 0 -180 0 -180 0.00160085 -95.2022 0 0 0 -180 0 0 0 0
0 0 0 180 0 -180 0 -180 0.00217994 -156.597 0 0 0 -180 0 -0 0 0
0 0 0 -180 0 -180 0 -180 0.00160052 -95.1865 0 0 0 -180 0 0 0 0
0 0 0 -180 0 -180 0 180 0.00217747 -156.496 0 -0 0 -180 0 0 0 0
0 -0 0 0 0 -0 0 -180 0.149355 88.5843 0 -180 0 -0 0 0 0 -0
0 0 0 0 0 0 0 -180 1.19465 50.5865 0 -180 0 0 0 0 0 0
inside=0 lambda=0.647 phi=5 theta=45
0 -0 0 -180 0 -0 0 0 0.148478 88.5807 0 0 0 -0 0 -180 0 0
0 0 0 -180 0 0 0 0 1.19353 50.5926 0 0 0 0 0 -180 0 0
0 0 0 -180 0 -180 0 -180 0.00184831 -95.1944 0 0 0 -180 0 0 0 0
0 0 0 180 0 -180 0 -180 0.00251574 -156.546 0 0 0 -180 0 -0 0 0
0 0 0 -180 0 -180 0 -180 0.00184831 -95.1944 0 0 0 -180 0 0 0 0
0 0 0 -180 0 -180 0 180 0.00251574 -156.546 0 -0 0 -180 0 0 0 0
0 -0 0 0 0 -0 0 -180 0.148478 88.5807 0 -180 0 -0 0 0 0 0
0 0 0 0 0 0 0 -180 1.19353 50.5926 0 -180 0 0 0 0 0 0
inside=0 lambda=0.647 phi=10 theta=0
0 -0 0 -180 0 0 0 0 0.147575 78.4816 0 0 0 -0 0 -180 0 0
0 0 0 -180 0 0 0 0 1.18314 45.2988 0 0 0 0 0 -180 0 0
0 -0 0 -180 0 -180 0 -0 3.59674e-14 -175.918 0 -0 0 180 0 0 0 0
0 0 0 180 0 -180 0 -180 8.22905e-14 138.744 0 -0 0 -180 0 -0 0 0
0 0 0 -180 0 -180 0 180 4.64612e-14 -61.4146 0 -180 0 -180 0 0 0 0
0 0 0 -180 0 -180 0 -180 3.30541e-15 -170.841 0 0 0 -180 0 0 0 0
0 -0 0 0 0 -0 0 -180 0.16239 78.4679 0 -180 0 -0 0 0 0 -0
0 0 0 0 0 0 0 -180 1.2015 45.2017 0 -180 0 0 0 0 0 0
inside=0 lambda=0.647 phi=10 theta=15
0 -0 0 -180 0 0 0 0 0.148573 78.4758 0 0 0 -0 0 -180 0 0
0 0 0 -180 0 0 0 0 1.18437 45.2911 0 0 0 0 0 -180 0 0
0 -0 0 -180 0 -180 0 -180 0.00390602 -105.359 0 0 0 180 0 0 0 0
0 0 0 180 0 -180 0 -180 0.00513478 -162.192 0 0 0 -180 0 -0 0 0
0 0 0 -180 0 -180 0 -180 0.00390054 -105.268 0 0 0 -180 0 0 0 0
0 0 0 -180 0 -180 0 180 0.00509331 -161.471 0 -0 0 -180 0 0 0 0
0 -0 0 0 0 -0 0 -180 0.161404 78.4642 0 -180 0 -0 0 0 0 0
0 0 0 0 0 0 0 -180 1.20027 45.207 0 -180 0 0 0 0 0 0
inside=0 lambda=0.647 phi=10 theta=30
0 -0 0 -180 0 0 0 0 0.151297 78.4638 0 0 0 -0 0 -180 0 0
0 0 0 -180 0 0 0 0 1.18772 45.2708 0 0 0 0 0 -180 0 0
0 -0 0 -180 0 -180 0 -180 0.0067631 -105.342 0 0 0 180 0 0 0 0
0 0 0 180 0 -180 0 -180 0.0088774 -162.033 0 0 0 -180 0 -0 0 0
0 -0 0 -180 0 -180 0 -180 0.00675763 -105.289 0 0 0 -180 0 0 0 0
0 0 0 -180 0 -180 0 180 0.00883599 -161.617 0 -0 0 -180 0 0 0 0
0 -0 0 0 0 -0 0 -180 0.158705 78.4573 0 -180 0 -0 0 0 0 0
0 0 0 0 0 0 0 -180 1.1969 45.2222 0 -180 0 0 0 0 0 0
inside=0 lambda=0.647 phi=10 theta=45
0 -0 0 -180 0 0 0 0 0.155007 78.4558 0 0 0 -0 0 -180 0 0
0 0 0 -180 0 0 0 0 1.1923 45.2453 0 0 0 0 0 -180 0 0
0 -0 0 -180 0 -180 0 -180 0.00780602 -105.317 0 0 0 180 0 0 0 0
0 0 0 180 0 -180 0 -180 0.0102262 -161.822 0 0 0 -180 0 -0 0 0
0 -0 0 -180 0 180 0 -180 0.00780602 -105.317 0 0 0 -180 0 0 0 0
0 0 0 -180 0 -180 0 180 0.0102262 -161.822 0 -0 0 -180 0 0 0 0
0 -0 0 0 0 -0 0 -180 0.155007 78.4558 0 -180 0 0 0 0 0 0
0 0 0 0 0 0 0 -180 1.1923 45.2453 0 -180 0 0 0 0 0 0
inside=0 lambda=0.647 phi=15 theta=0
0 -0 0 -180 0 0 0 0 0.14664 62.7363 0 0 0 -0 0 -180 0 0
0 0 0 -180 0 -0 0 0 1.16906 36.5083 0 -0 0 0 0 -180 0 -0
0 -0 0 -180 0 -180 0 -180 3.57623e-14 62.8358 0 180 0 180 0 0 0 0
0 0 0 180 0 180 0 180 4.31606e-14 62.1823 0 0 0 -180 0 -0 0 -0
0 0 0 -180 0 -180 0 -0 1.09926e-14 -58.6517 0 180 0 -180 0 0 0 0
0 0 0 -180 0 -180 0 180 2.68923e-14 -85.2023 0 -180 0 -180 0 0 0 0
0 -0 0 0 0 -0 0 -180 0.183028 62.3978 0 -180 0 -0 0 0 0 -0
0 0 0 0 0 0 0 180 1.21169 36.3098 0 -180 0 0 0 0 0 0
inside=0 lambda=0.647 phi=15 theta=15
0 -0 0 -180 0 0 0 0 0.149107 62.6846 0 0 0 -0 0 -180 0 0
0 180 0 -180 0 -0 0 0 1.17189 36.4884 0 -0 0 0 0 -180 0 -0
0 -0 0 -180 0 -180 0 -180 0.00958801 -121.633 0 0 0 180 0 0 0 0
0 0 0 180 0 180 0 -180 0.0119499 -171.216 0 -0 0 -180 0 -0 0 -0
0 -0 0 -180 0 -180 0 -180 0.00955922 -121.486 0 0 0 -180 0 0 0 0
0 0 0 -180 0 -180 0 180 0.0117224 -169.496 0 -0 0 -180 0 0 0 0
0 -0 0 0 0 -0 0 -180 0.18063 62.3956 0 -180 0 -0 0 0 0 0
0 0 0 0 0 0 0 180 1.2088 36.3159 0 -180 0 0 0 0 0 0
inside=0 lambda=0.647 phi=15 theta=30
0 -0 0 -180 0 0 0 0 0.15583 62.568 0 0 0 -0 0 -180 0 0
0 180 0 -180 0 -0 0 0 1.17964 36.4387 0 -0 0 0 0 -180 0 -0
0 -0 0 -180 0 -180 0 -180 0.0165924 -121.614 0 0 0 180 0 0 0 0
0 0 0 180 0 -180 0 -180 0.0205996 -170.815 0 -0 0 -180 0 -0 0 -0
0 -0 0 -180 0 180 0 -180 0.016564 -121.529 0 0 0 -180 0 0 0 0
0 0 0 -180 0 -180 0 180 0.0203737 -169.826 0 -0 0 -180 0 0 0 0
0 -0 0 0 0 -0 0 -180 0.174042 62.4059 0 -180 0 0 0 0 0 0
0 0 0 0 0 0 0 -180 1.20095 36.3384 0 -180 0 0 0 0 0 0
inside=0 lambda=0.647 phi=15 theta=45
0 -0 0 -180 0 0 0 0 0.164969 62.4607 0 0 0 -0 0 -180 0 0
0 0 0 -180 0 0 0 0 1.19027 36.3819 0 -0 0 0 0 -180 0 -0
0 -0 0 -180 0 -180 0 -180 0.0191407 -121.577 0 0 0 180 0 0 0 0
0 0 0 180 0 -180 0 -180 0.0236479 -170.303 0 0 0 -180 0 -0 0 0
0 -0 0 -180 0 180 0 -180 0.0191407 -121.577 0 0 0 -180 0 0 0 0
0 0 0 -180 0 -180 0 180 0.0236479 -170.303 0 -0 0 -180 0 0 0 0
0 -0 0 0 0 -0 0 -180 0.164969 62.4607 0 -180 0 0 0 0 0 0
0 0 0 0 0 0 0 -180 1.19027 36.3819 0 -180 0 0 0 -0 0 -0
inside=0 lambda=0.647 phi=20 theta=0
0 -180 0 -180 0 0 0 0 0.139016 42.6367 0 0 0 -180 0 -180 0 0
0 0 0 -180 0 -0 0 0 1.14807 24.294 0 -0 0 0 0 -180 0 -0
0 -0 0 -180 0 -180 0 180 1.64275e-14 118.086 0 -0 0 180 0 0 0 0
0 0 0 180 0 180 0 -0 3.03776e-14 -77.6185 0 -180 0 -180 0 -0 0 -0
0 -0 0 -180 0 -180 0 -0 3.94039e-14 -66.3117 0 180 0 180 0 0 0 0
0 0 0 180 0 -180 0 0 3.42639e-14 -45.2323 0 180 0 -180 0 -0 0 0
0 -0 0 0 0 -0 0 -180 0.211735 41.0444 0 -180 0 -0 0 0 0 -0
0 0 0 -0 0 0 0 180 1.22795 24.037 0 -180 0 0 0 -0 0 0
inside=0 lambda=0.647 phi=20 theta=15
0 -180 0 -180 0 0 0 0 0.143964 42.3983 0 0 0 -0 0 -180 0 0
0 0 0 -180 0 -0 0 0 1.15335 24.254 0 -0 0 0 0 -180 0 -0
0 -0 0 -180 0 -180 0 -180 0.01905 -143.411 0 0 0 180 0 0 0 0
0 0 0 180 0 180 0 180 0.0224238 176.63 0 -0 0 -180 0 -0 0 -0
0 -0 0 -180 0 -180 0 -180 0.0189666 -143.272 0 0 0 -180 0 0 0 0
0 0 0 180 0 -180 0 180 0.0216248 -179.995 0 -0 0 -180 0 -0 0 0
0 -0 0 0 0 -0 0 -180 0.207014 41.0599 0 -180 0 -0 0 0 0 0
0 0 0 -0 0 0 0 180 1.22249 24.0275 0 -180 0 0 0 -0 0 -0
inside=0 lambda=0.647 phi=20 theta=30
0 -180 0 -180 0 0 0 0 0.157461 41.881 0 0 0 -0 0 -180 0 0
0 0 0 180 0 -0 0 0 1.16782 24.1605 0 -0 0 0 0 -180 0 -0
0 -0 0 -180 0 -180 0 -180 0.0329393 -143.422 0 0 0 180 0 0 0 0
0 0 0 180 0 180 0 180 0.0384428 177.49 0 -0 0 -180 0 -0 0 -0
0 -0 0 -180 0 180 0 -180 0.0328611 -143.339 0 0 0 -180 0 0 0 0
0 0 0 180 0 -180 0 180 0.0376641 179.414 0 -0 0 -180 0 -0 0 -0
0 -0 0 0 0 -0 0 -180 0.193941 41.1528 0 -180 0 0 0 0 0 0
0 0 0 0 0 0 0 180 1.20769 24.0254 0 -180 0 -0 0 -0 0 -0
inside=0 lambda=0.647 phi=20 theta=45
0 -180 0 -180 0 0 0 0 0.1758 41.4158 0 0 0 -0 0 -180 0 0
0 0 0 180 0 -0 0 0 1.18768 24.0697 0 -0 0 0 0 -180 0 -0
0 -0 0 -180 0 -180 0 -180 0.0379774 -143.399 0 0 0 180 0 0 0 0
0 0 0 180 0 180 0 180 0.0438886 178.517 0 -0 0 -180 0 -0 0 -0
0 -0 0 -180 0 180 0 -180 0.0379774 -143.399 0 0 0 -180 0 0 0 0
0 0 0 180 0 -180 0 180 0.0438886 178.517 0 -0 0 180 0 -0 0 -0
0 -180 0 0 0 -0 0 -180 0.1758 41.4158 0 -180 0 0 0 0 0 0
0 0 0 0 0 0 0 180 1.18768 24.0697 0 -180 0 -0 0 -0 0 -0
inside=0 lambda=0.647 phi=25 theta=0
0 -180 0 -180 0 0 0 0 0.116477 20.1078 0 0 0 -180 0 -180 0 0
0 0 0 -180 0 -0 0 -0 1.11776 8.70343 0 -0 0 0 0 -180 0 -0
0 -0 0 -180 0 -180 0 180 4.07253e-14 -84.7171 0 -0 0 180 0 0 0 0
0 0 0 180 0 180 0 0 5.88762e-14 -57.9757 0 -0 0 -180 0 -0 0 -0
0 -0 0 -180 0 -180 0 -0 4.75922e-14 21.0679 0 -0 0 180 0 0 0 0
0 0 0 180 0 180 0 0 6.41516e-14 68.2844 0 -180 0 -180 0 -0 0 -0
0 -0 0 0 0 0 0 -180 0.246799 14.5585 0 -180 0 -0 0 0 0 0
0 0 0 -0 0 0 0 180 1.25425 8.63334 0 180 0 0 0 -0 0 0
inside=0 lambda=0.647 phi=25 theta=15
0 -180 0 -180 0 0 0 0 0.125249 19.091 0 0 0 -180 0 -180 0 0
0 0 0 -180 0 -0 0 -0 1.12678 8.62936 0 -0 0 0 0 -180 0 -0
0 -0 0 -180 0 -180 0 -180 0.0337574 -170.46 0 0 0 180 0 0 0 0
0 0 0 180 0 180 0 180 0.0383378 161.59 0 -0 0 -180 0 -0 0 -0
0 -0 0 -180 0 180 0 -180 0.0336274 -170.431 0 180 0 -180 0 0 0 0
0 0 0 180 0 -180 0 180 0.0361171 167.693 0 -0 0 -180 0 -0 0 -0
0 -0 0 0 0 -0 0 -180 0.238516 14.6295 0 -180 0 -0 0 0 0 0
0 0 0 -0 0 0 0 180 1.24479 8.54819 0 180 0 0 0 -0 0 -0
inside=0 lambda=0.647 phi=25 theta=30
0 -180 0 -180 0 0 0 0 0.149376 17.1679 0 0 0 -0 0 -180 0 0
0 0 0 180 0 -0 0 -0 1.15144 8.48086 0 -0 0 0 0 -180 0 -0
0 -0 0 -180 0 -180 0 -180 0.0583024 -170.56 0 0 0 180 0 0 0 0
0 0 0 180 0 180 0 180 0.0650635 163.373 0 -0 0 -180 0 -0 0 -0
0 -0 0 -180 0 180 0 -180 0.0582051 -170.521 0 180 0 -180 0 0 0 0
0 0 0 180 0 -180 0 180 0.0630098 166.77 0 -0 0 180 0 -0 0 -0
0 -180 0 0 0 -0 0 -180 0.215123 14.9259 0 -180 0 0 0 0 0 0
0 0 0 -0 0 0 0 180 1.21941 8.41407 0 180 0 -0 0 -0 0 -0
inside=0 lambda=0.647 phi=25 theta=45
0 -180 0 -180 0 0 0 0 0.182392 15.6927 0 0 0 -0 0 -180 0 0
0 0 0 180 0 -0 0 -0 1.18528 8.3834 0 -0 0 0 0 -180 0 -0
0 -0 0 -180 0 -180 0 -180 0.0672177 -170.585 0 0 0 180 0 180 0 0
0 0 0 180 0 180 0 180 0.073722 165.266 0 -0 0 -180 0 -0 0 -0
0 -0 0 -180 0 180 0 -180 0.0672177 -170.585 0 180 0 -180 0 0 0 0
0 0 0 180 0 -180 0 180 0.073722 165.266 0 -0 0 180 0 -0 0 -0
0 -180 0 0 0 -0 0 -180 0.182392 15.6927 0 -180 0 0 0 0 0 0
0 0 0 -0 0 0 0 180 1.18528 8.3834 0 -180 0 -0 0 -0 0 -0
inside=0 lambda=0.647 phi=30 theta=0
0 -180 0 180 0 0 0.0423725 -54.2752 0.0656442 3.94045 0 0 0 -180 0 180 0 0
0 0 0 -180 0 -0 0 -0 1.06698 -10.1975 0 -0 0 0 0 -180 0 -0
0 -0 0 -180 0 -180 1.3999e-14 -117.458 7.28337e-14 -164.744 0 -0 0 180 0 0 0 0
0 0 0 0 0 180 0 0 1.49753e-14 119.224 0 0 0 -180 0 -180 0 -0
0 -0 0 -180 0 -180 3.70781e-13 -103.015 7.39849e-14 -23.4188 0 -0 0 180 0 0 0 0
0 0 0 180 0 180 0 -180 1.69843e-13 44.0903 0 180 0 -180 0 -0 0 -0
0 -0 0 0 0 0 0.216457 -87.7745 0.292794 -18.6205 0 -180 0 -0 0 0 0 0
0 0 0 -0 0 -0 0 180 1.28979 -9.25339 0 180 0 0 0 -0 0 -0
inside=0 lambda=0.647 phi=30 theta=15
0 -180 0 -180 0 0 0 -0 0.0822405 -1.70472 0 0 0 -180 0 180 0 0
0 0 0 180 0 -0 0 -0 1.08626 -10.3273 0 -0 0 0 0 -180 0 -0
0 -0 0 -180 0 -180 0 -180 0.0558884 156.71 0 0 0 180 0 0 0 0
0 0 0 0 0 180 0 180 0.0651433 142.7 0 -0 0 -180 0 -180 0 -0
0 -0 0 -180 0 180 0 -180 0.0559879 156.428 0 180 0 180 0 0 0 0
0 0 0 180 0 -180 0 0 0.0590719 153.653 0 -180 0 180 0 -0 0 -0
0 -180 0 0 0 -0 0 -180 0.272866 -17.8381 0 -180 0 -0 0 0 0 0
0 0 0 -0 0 0 0 180 1.28379 -9.63907 0 180 0 -0 0 -0 0 -0
inside=0 lambda=0.647 phi=30 theta=30
0 -180 0 -180 0 0 0 -0 0.121564 -10.9198 0 0 0 -0 0 180 0 0
0 0 0 180 0 -0 0 -0 1.12782 -10.6106 0 -0 0 0 0 -180 0 -0
0 -0 0 -180 0 -180 0 -180 0.0961956 156.311 0 0 0 180 0 180 0 0
0 0 0 0 0 180 0 180 0.107632 146.951 0 -0 0 -180 0 -180 0 -0
0 -0 0 -180 0 180 0 -180 0.0964126 156.319 0 180 0 -180 0 0 0 0
0 0 0 180 0 -180 0 0 0.103184 152.533 0 -180 0 180 0 -0 0 -0
0 -180 0 0 0 -0 0 -180 0.233082 -17.0401 0 -180 0 0 0 0 0 0
0 0 0 -0 0 0 0 180 1.24147 -10.3316 0 180 0 -0 0 -0 0 -0
inside=0 lambda=0.647 phi=30 theta=45
0 -180 0 -180 0 0 0 0 0.177061 -15.3235 0 0 0 -0 0 180 0 0
0 0 0 180 0 -0 0 -0 1.18461 -10.6343 0 -0 0 0 0 180 0 -0
0 -0 0 -180 0 -180 0 -180 0.111047 156.212 0 0 0 180 0 180 0 0
0 0 0 0 0 180 0 180 0.121027 150.24 0 -0 0 -180 0 -180 0 -0
0 -0 0 -180 0 180 0 -180 0.111047 156.212 0 180 0 -180 0 0 0 0
0 0 0 180 0 -180 0 0 0.121027 150.24 0 -180 0 180 0 -0 0 -0
0 -180 0 0 0 -0 0 -180 0.177061 -15.3235 0 180 0 0 0 0 0 0
0 0 0 -0 0 0 0 180 1.18461 -10.6343 0 180 0 -0 0 -0 0 -0
inside=0 lambda=0.647 phi=35 theta=0
0 -0 0 180 0 0 0.0526643 -6.01573 0.0486564 72.8224 0 0 0 -0 0 180 0 0
0 0 0 -180 0 -180 0 -0 0.984668 -33.0511 0 -180 0 0 0 -180 0 -180
0 -0 0 -180 0 -180 4.75623e-14 40.6965 8.64747e-14 -176.13 0 -0 0 180 0 0 0 0
0 0 0 0 0 0 0 0 1.56166e-13 -156.374 0 180 0 -180 0 -180 0 -180
0 0 0 -180 0 180 3.48259e-12 47.5987 2.49848e-13 56.4652 0 180 0 -180 0 0 0 -0
0 0 0 180 0 180 0 -180 4.48687e-13 169.036 0 -180 0 -180 0 -0 0 -0
0 -0 0 0 0 -180 0.308463 22.7331 0.324844 -47.2921 0 -180 0 -0 0 0 0 -180
0 0 0 -0 0 -0 0 0 1.35499 -30.0036 0 180 0 0 0 -0 0 -0
inside=0 lambda=0.647 phi=35 theta=15
0 -180 0 180 0 0 0.0814021 -26.3284 0.0305715 49.4971 0 0 0 -180 0 180 0 0
0 0 0 180 0 -180 0 -0 1.00808 -33.1859 0 -180 0 0 0 -180 0 -180
0 -0 0 -180 0 -180 0.0641882 -63.5628 0.0883562 115.505 0 0 0 180 0 0 0 0
0 0 0 0 0 0 0 0 0.118078 123.054 0 -0 0 -180 0 -180 0 -180
0 -0 0 -180 0 180 0.0644961 -22.6711 0.0904995 117.494 0 0 0 180 0 0 0 0
0 0 0 180 0 180 0 -0 0.102724 139.394 0 -180 0 180 0 -0 0 -0
0 -0 0 -0 0 -0 0.240791 -24.4888 0.325102 -52.9115 0 180 0 0 0 0 0 0
0 0 0 -0 0 -0 0 0 1.33446 -30.669 0 180 0 -0 0 -0 0 -0
inside=0 lambda=0.647 phi=35 theta=30
0 -180 0 -180 0 0 0 -0 0.0605167 -37.7628 0 0 0 -180 0 180 0 0
0 0 0 180 0 -180 0 -0 1.08785 -33.2304 0 -0 0 0 0 180 0 -180
0 -0 0 -180 0 -180 0 -180 0.155585 115.366 0 0 0 180 0 0 0 0
0 0 0 0 0 0 0 180 0.186 127.366 0 -0 0 -180 0 -180 0 -180
0 -0 0 -180 0 180 0 -180 0.157401 115.574 0 0 0 180 0 0 0 0
0 0 0 180 0 -180 0 0 0.177463 135.873 0 -180 0 180 0 -0 0 -0
0 -180 0 -0 0 -0 0 -180 0.247287 -57.4229 0 180 0 -0 0 0 0 0
0 0 0 -0 0 0 0 180 1.28642 -32.0179 0 180 0 -0 0 -0 0 -180
inside=0 lambda=0.647 phi=35 theta=45
0 -180 0 -180 0 0 0 -0 0.15101 -54.8627 0 0 0 -0 0 180 0 0
0 0 0 180 0 -180 0 -0 1.18824 -33.0636 0 -0 0 0 0 180 0 -180
0 -0 0 -180 0 -180 0 -180 0.180102 115.096 0 0 0 180 0 0 0 0
0 0 0 0 0 180 0 180 0.208303 132.682 0 -0 0 -180 0 -180 0 -180
0 -0 0 -180 0 180 0 -180 0.180102 115.096 0 0 0 -180 0 0 0 0
0 0 0 180 0 -180 0 0 0.208303 132.682 0 -180 0 180 0 -0 0 -180
0 -180 0 -0 0 -0 0 -180 0.15101 -54.8627 0 180 0 0 0 0 0 0
0 0 0 -0 0 0 0 180 1.18824 -33.0636 0 180 0 -180 0 -0 0 -180
inside=0 lambda=0.647 phi=40 theta=0
0 -180 0 180 0 0 0.123644 -43.5804 0.232641 59.1358 0 0 0 -180 0 180 0 0
0 0 0 -180 0 -180 0 0 0.785721 -58.6152 0 -180 0 0 0 -180 0 -180
0 -0 0 -180 0 -180 5.54612e-13 -21.0134 3.93246e-13 -1.76792 0 180 0 180 0 0 0 0
0 0 0 0 0 0 0 -180 2.56194e-13 70.2413 0 0 0 -180 0 -180 0 -180
0 180 0 -180 0 180 3.75556e-12 -91.8148 1.35464e-12 10.7224 0 0 0 -0 0 0 0 -0
0 180 0 180 0 180 0 -0 1.93237e-12 15.438 0 -0 0 -0 0 -0 0 -0
0 180 0 0 0 -0 0.431232 -171.727 0.560639 -132.073 0 -180 0 180 0 0 0 -0
0 180 0 -0 0 -0 0 180 1.32567 -54.8967 0 180 0 180 0 -0 0 -0
inside=0 lambda=0.647 phi=40 theta=15
0 -180 0 -180 0 0 0.0190793 -110.766 0.18681 60.189 0 0 0 -0 0 180 0 0
0 0 0 -180 0 -180 0 0 0.852513 -59.4774 0 -180 0 -0 0 180 0 -180
0 -0 0 -180 0 -180 0.0671078 173.957 0.189004 71.9355 0 0 0 180 0 0 0 0
0 0 0 0 0 0 0 0 0.257536 100.54 0 -180 0 180 0 -180 0 -180
0 0 0 -180 0 0 0.128379 112.613 0.161384 69.6213 0 0 0 -180 0 0 0 -0
0 0 0 180 0 180 0 0 0.177461 119.639 0 -180 0 -180 0 -0 0 -180
0 0 0 0 0 -180 0.593301 71.8956 0.211883 -114.381 0 -180 0 0 0 0 0 -0
0 0 0 -0 0 -0 0 0 1.41015 -52.7564 0 180 0 0 0 -0 0 -180
inside=0 lambda=0.647 phi=40 theta=30
0 -180 0 -180 0 0 0.0929068 -78.1406 0.0672102 76.043 0 0 0 -180 0 180 0 0
0 0 0 180 0 -180 0 -0 0.990439 -60.0387 0 -180 0 0 0 180 0 -180
0 -180 0 -180 0 -180 0.159311 -118.711 0.279645 65.1373 0 0 0 0 0 0 0 0
0 0 0 0 0 0 0 0 0.371584 104.549 0 -180 0 -180 0 -180 0 -180
0 -0 0 -180 0 180 0.138335 -71.227 0.284656 66.5438 0 0 0 180 0 0 0 0
0 0 0 180 0 180 0 0 0.351292 115.468 0 -180 0 180 0 -0 0 -180
0 -180 0 -0 0 -0 0.27132 -67.9431 0.282478 -110.334 0 180 0 -0 0 0 0 0
0 0 0 -0 0 -0 0 0 1.37531 -56.7945 0 180 0 -180 0 -180 0 -180
inside=0 lambda=0.647 phi=40 theta=45
0 -180 0 -180 0 0 0 -0 0.10231 -121.06 0 0 0 -180 0 180 0 0
0 0 0 180 0 -180 0 -0 1.19956 -59.4818 0 -180 0 0 0 180 0 -180
0 -180 0 -0 0 -180 0 -180 0.329818 63.5773 0 0 0 180 0 0 0 0
0 0 0 0 0 0 0 180 0.412147 111.183 0 -180 0 180 0 -180 0 -180
0 -180 0 -180 0 180 0 -0 0.329818 63.5773 0 0 0 -180 0 0 0 0
0 0 0 180 0 180 0 0 0.412147 111.183 0 -180 0 0 0 -180 0 -180
0 -180 0 -0 0 -180 0 -180 0.10231 -121.06 0 180 0 0 0 0 0 0
0 0 0 -0 0 0 0 180 1.19956 -59.4818 0 180 0 -180 0 -180 0 -180
inside=0 lambda=0.647 phi=45 theta=0
0 -0 0 180 0 180 0.359546 -20.854 0.925082 -47.7959 0 0 0 -0 0 180 0 180
0 -0 0 180 0 180 0 0 0 -0 0 180 0 -0 0 180 0 180
0 -0 0 -0 0 -0 2.59252e-13 -129.878 2.1921e-13 -50.4174 0 180 0 180 0 180 0 180
0 -0 0 -0 0 -0 0 180 0 0 0 0 0 180 0 180 0 180
0 -0 0 -180 0 -0 2.58099e-12 82.8051 3.78048e-12 -98.3319 0 -180 0 180 0 0 0 180
0 180 0 0 0 180 0 -180 0 180 0 -0 0 -0 0 -180 0 -0
0 -0 0 0 0 180 0.836265 -13.2459 0.610867 178.048 0 -180 0 -0 0 0 0 180
0 180 0 -180 0 -0 0 180 0 -180 0 0 0 180 0 -180 0 -0
inside=0 lambda=0.647 phi=45 theta=15
0 -180 0 180 0 180 0.275465 -72.3711 0.78771 -45.8905 0 0 0 -0 0 180 0 180
0 -0 0 180 0 180 0 0 0 -0 0 180 0 -0 0 180 0 180
0 -180 0 -0 0 -0 0.571574 -169.022 0.332362 -38.1589 0 0 0 180 0 180 0 180
0 -0 0 -0 0 -0 0 180 0 0 0 -180 0 180 0 180 0 180
0 0 0 -180 0 180 0.297644 -105.1 0.378978 -35.5394 0 -0 0 180 0 0 0 180
0 180 0 0 0 180 0 0 0 0 0 180 0 -0 0 -180 0 -180
0 -180 0 0 0 -0 0.424682 -65.5564 0.766664 160.076 0 -180 0 -0 0 0 0 180
0 180 0 -180 0 -0 0 180 0 -180 0 0 0 180 0 -180 0 -180
inside=0 lambda=0.647 phi=45 theta=30
0 -180 0 180 0 180 0.162318 -19.0423 0.443509 -34.9495 0 0 0 -180 0 -180 0 -180
0 -0 0 -180 0 180 0 -0 0 -0 0 180 0 -0 0 180 0 180
0 -0 0 -0 0 -0 0.317144 121.965 0.801902 -36.23 0 0 0 180 0 180 0 -180
0 -0 0 0 0 -0 0 -0 0 0 0 -180 0 180 0 180 0 180
0 -0 0 -180 0 -180 0.296813 -41.9591 0.799581 -36.8629 0 -0 0 -180 0 0 0 180
0 -0 0 180 0 180 0 -0 0 0 0 180 0 0 0 -180 0 -180
0 -0 0 0 0 0 0.347403 -43.5037 0.475174 138.263 0 -180 0 0 0 0 0 180
0 0 0 -0 0 -0 0 0 0 -180 0 180 0 -180 0 -180 0 180
inside=0 lambda=0.647 phi=45 theta=45
0 -180 0 180 0 180 0 0 0.100193 48.7352 0 0 0 -180 0 -180 0 -180
0 0 0 -180 0 -180 0 -0 0 -180 0 -180 0 -0 0 180 0 180
0 0 0 -0 0 180 0 180 0.994968 -41.2648 0 0 0 180 0 -180 0 180
0 -0 0 0 0 0 0 180 0 0 0 -180 0 180 0 180 0 180
0 0 0 180 0 180 0 -0 0.994968 -41.2648 0 -180 0 180 0 0 0 180
0 -0 0 180 0 180 0 0 0 0 0 180 0 0 0 -180 0 180
0 -180 0 0 0 -180 0 180 0.100193 48.7352 0 -180 0 180 0 0 0 -180
0 0 0 -0 0 -0 0 -180 0 -180 0 180 0 -180 0 -180 0 180
inside=1 lambda=0.647 phi=0 theta=0
0 -0 0 -180 0 -0 0 0 0.146251 -167.3 0 0 0 -0 0 -180 0 -0
0 0 0 -180 0 0 0 0 0.819657 52.38 0 0 0 0 0 -180 0 0
0 0 0 -0 0 -180 0 180 1.31056e-13 -20.4436 0 -0 0 -180 0 180 0 0
0 0 0 -0 0 -180 0 180 1.76786e-13 -61.5883 0 180 0 -180 0 0 0 0
0 0 0 180 0 -180 0 0 1.21947e-13 138.151 0 180 0 -180 0 -0 0 0
0 0 0 -0 0 -180 0 180 1.05702e-13 -12.673 0 180 0 -180 0 -0 0 0
0 -0 0 0 0 -0 0 -180 0.146251 -167.3 0 -180 0 -0 0 0 0 -0
0 0 0 0 0 0 0 -180 0.819657 52.38 0 -180 0 0 0 0 0 0
inside=1 lambda=0.647 phi=0 theta=15
0 -0 0 -180 0 -0 0 0 0.146251 -167.3 0 0 0 -0 0 -180 0 -0
0 0 0 -180 0 0 0 0 0.819657 52.38 0 0 0 0 0 -180 0 0
0 0 0 -0 0 -180 0 180 1.31056e-13 -20.4436 0 -0 0 -180 0 180 0 0
0 0 0 -0 0 -180 0 180 1.76786e-13 -61.5883 0 180 0 -180 0 0 0 0
0 0 0 180 0 -180 0 0 1.21947e-13 138.151 0 180 0 -180 0 -0 0 0
0 0 0 -0 0 -180 0 180 1.05702e-13 -12.673 0 180 0 -180 0 -0 0 0
0 -0 0 0 0 -0 0 -180 0.146251 -167.3 0 -180 0 -0 0 0 0 -0
0 0 0 0 0 0 0 -180 0.819657 52.38 0 -180 0 0 0 0 0 0
inside=1 lambda=0.647 phi=0 theta=30
0 -0 0 -180 0 -0 0 0 0.146251 -167.3 0 0 0 -0 0 -180 0 -0
0 0 0 -180 0 0 0 0 0.819657 52.38 0 0 0 0 0 -180 0 0
0 0 0 -0 0 -180 0 180 1.31056e-13 -20.4436 0 -0 0 -180 0 180 0 0
0 0 0 -0 0 -180 0 180 1.76786e-13 -61.5883 0 180 0 -180 0 0 0 0
0 0 0 180 0 -180 0 0 1.21947e-13 138.151 0 180 0 -180 0 -0 0 0
0 0 0 -0 0 -180 0 180 1.05702e-13 -12.673 0 180 0 -180 0 -0 0 0
0 -0 0 0 0 -0 0 -180 0.146251 -167.3 0 -180 0 -0 0 0 0 -0
0 0 0 0 0 0 0 -180 0.819657 52.38 0 -180 0 0 0 0 0 0
inside=1 lambda=0.647 phi=0 theta=45
0 -0 0 -180 0 -0 0 0 0.146251 -167.3 0 0 0 -0 0 -180 0 -0
0 0 0 -180 0 0 0 0 0.819657 52.38 0 0 0 0 0 -180 0 0
0 0 0 -0 0 -180 0 180 1.31056e-13 -20.4436 0 -0 0 -180 0 180 0 0
0 0 0 -0 0 -180 0 180 1.76786e-13 -61.5883 0 180 0 -180 0 0 0 0
0 0 0 180 0 -180 0 0 1.21947e-13 138.151 0 180 0 -180 0 -0 0 0
0 0 0 -0 0 -180 0 180 1.05702e-13 -12.673 0 180 0 -180 0 -0 0 0
0 -0 0 0 0 -0 0 -180 0.146251 -167.3 0 -180 0 -0 0 0 0 -0
0 0 0 0 0 0 0 -180 0.819657 52.38 0 -180 0 0 0 0 0 0
inside=1 lambda=0.647 phi=5 theta=0
0 -0 0 -180 0 0 0 0 0.146482 -167.323 0 0 0 -0 0 -180 0 0
0 180 0 -180 0 0 0 0 0.820457 51.5443 0 0 0 180 0 -180 0 0
0 -0 0 -0 0 -180 0 -0 8.42641e-14 -148.618 0 -0 0 180 0 180 0 0
0 0 0 180 0 -180 0 -180 2.53586e-14 124.344 0 0 0 -180 0 -0 0 0
0 0 0 -180 0 -180 0 180 1.8297e-14 -166.018 0 -0 0 -180 0 0 0 0
0 0 0 -180 0 -180 0 -180 6.26937e-14 -51.5942 0 0 0 -180 0 0 0 0
0 -0 0 0 0 -0 0 -180 0.14812 -167.354 0 -180 0 -0 0 0 0 -0
0 180 0 0 0 0 0 -180 0.8186 51.5326 0 -180 0 180 0 0 0 0
inside=1 lambda=0.647 phi=5 theta=15
0 -0 0 -180 0 0 0 0 0.146592 -167.325 0 0 0 -0 0 -180 0 0
0 180 0 -180 0 0 0 0 0.820333 51.5435 0 0 0 180 0 -180 0 0
0 -0 0 -0 0 -180 0 -180 0.000431559 7.60412 0 0 0 180 0 180 0 0
0 0 0 180 0 -180 0 -180 0.000502206 73.1832 0 0 0 -180 0 -0 0 0
0 0 0 -180 0 -180 0 -0 0.000431414 7.61844 0 180 0 -180 0 0 0 0
0 0 0 -180 0 -180 0 180 0.000501862 73.1124 0 -0 0 -180 0 0 0 0
0 -0 0 0 0 -0 0 -180 0.14801 -167.352 0 -180 0 -0 0 0 0 -0
0 180 0 0 0 180 0 -180 0.818724 51.5334 0 -180 0 0 0 0 0 0
inside=1 lambda=0.647 phi=5 theta=30
0 -0 0 -180 0 0 0 0 0.146892 -167.331 0 0 0 -0 0 -180 0 0
0 180 0 -180 0 0 0 0 0.819993 51.5414 0 0 0 180 0 -180 0 0
0 -0 0 -0 0 -180 0 -180 0.000747429 7.60717 0 0 0 180 0 180 0 0
0 0 0 180 0 -180 0 -180 0.00086972 73.1682 0 0 0 -180 0 -0 0 0
0 0 0 -180 0 -180 0 -0 0.000747284 7.61543 0 180 0 -180 0 0 0 0
0 0 0 -180 0 -180 0 180 0.000869376 73.1273 0 -0 0 -180 0 0 0 0
0 -0 0 0 0 -0 0 -180 0.147711 -167.346 0 -180 0 -0 0 0 0 0
0 180 0 0 0 180 0 -180 0.819064 51.5355 0 -180 0 0 0 0 0 0
inside=1 lambda=0.647 phi=5 theta=45
0 -0 0 -180 0 0 0 0 0.147301 -167.339 0 0 0 -0 0 -180 0 0
0 180 0 -180 0 0 0 0 0.819528 51.5384 0 0 0 180 0 -180 0 0
0 -0 0 -0 0 -180 0 -180 0.000862972 7.61131 0 0 0 -180 0 180 0 0
0 0 0 180 0 -180 0 -180 0.00100407 73.1477 0 0 0 -180 0 -0 0 0
0 -0 0 -180 0 -180 0 -0 0.000862972 7.61131 0 180 0 -180 0 0 0 0
0 0 0 -180 0 -180 0 180 0.00100407 73.1477 0 -0 0 -180 0 0 0 0
0 -0 0 0 0 -0 0 -180 0.147301 -167.339 0 -180 0 0 0 0 0 0
0 180 0 0 0 180 0 -180 0.819528 51.5384 0 -180 0 0 0 0 0 0
inside=1 lambda=0.647 phi=10 theta=0
0 -0 0 -180 0 0 0 0 0.147061 -167.467 0 0 0 -0 0 -180 0 0
0 180 0 -180 0 0 0 0 0.822905 49.0547 0 0 0 180 0 -180 0 0
0 -0 0 -0 0 -180 0 180 5.80267e-14 123.469 0 -0 0 180 0 180 0 0
0 0 0 180 0 -180 0 0 1.69101e-13 -29.6019 0 180 0 -180 0 -0 0 0
0 0 0 -180 0 -180 0 180 2.02859e-14 145.63 0 180 0 -180 0 0 0 0
0 0 0 -180 0 -180 0 -180 1.5992e-13 -39.1767 0 180 0 -180 0 0 0 0
0 -0 0 0 0 -0 0 -180 0.153749 -167.576 0 -180 0 -0 0 0 0 -0
0 180 0 0 0 0 0 -180 0.815385 49.0084 0 -180 0 180 0 0 0 0
inside=1 lambda=0.647 phi=10 theta=15
0 -0 0 -180 0 0 0 0 0.14751 -167.475 0 0 0 -0 0 -180 0 0
0 180 0 -180 0 0 0 0 0.822401 49.0516 0 0 0 180 0 -180 0 0
0 -0 0 -0 0 -180 0 -180 0.00176534 7.34201 0 0 0 180 0 180 0 0
0 0 0 180 0 -180 0 -180 0.00203403 70.5966 0 0 0 -180 0 -0 0 0
0 -0 0 -180 0 -180 0 -0 0.00176289 7.40878 0 180 0 -180 0 0 0 0
0 0 0 -180 0 -180 0 180 0.00202849 70.315 0 -0 0 -180 0 0 0 0
0 -0 0 0 0 -0 0 -180 0.153302 -167.569 0 -180 0 -0 0 0 0 0
0 180 0 0 0 180 0 -180 0.815888 49.0114 0 -180 0 0 0 0 0 0
inside=1 lambda=0.647 phi=10 theta=30
0 -0 0 -180 0 0 0 0 0.148737 -167.496 0 0 0 -0 0 -180 0 0
0 180 0 -180 0 0 0 0 0.821023 49.043 0 0 0 180 0 -180 0 0
0 -0 0 -0 0 -180 0 -180 0.00305672 7.35643 0 0 0 180 0 180 0 0
0 0 0 180 0 -180 0 -180 0.00352096 70.5351 0 0 0 -180 0 -0 0 0
0 -0 0 -180 0 180 0 -0 0.00305428 7.39497 0 180 0 -180 0 0 0 0
0 0 0 -180 0 -180 0 180 0.00351542 70.3726 0 -0 0 -180 0 0 0 0
0 -0 0 0 0 -0 0 -180 0.152081 -167.55 0 -180 0 0 0 0 0 0
0 180 0 0 0 180 0 -180 0.817263 49.0198 0 -180 0 0 0 0 0 0
inside=1 lambda=0.647 phi=10 theta=45
0 -0 0 -180 0 0 0 0 0.15041 -167.524 0 0 0 -0 0 -180 0 0
0 180 0 -180 0 0 0 0 0.819143 49.0313 0 0 0 180 0 -180 0 0
0 -0 0 -0 0 -180 0 -180 0.00352817 7.37585 0 0 0 180 0 180 0 0
0 0 0 180 0 -180 0 -180 0.00406243 70.4529 0 0 0 -180 0 -0 0 0
0 -0 0 -180 0 180 0 -0 0.00352817 7.37585 0 180 0 -180 0 0 0 0
0 0 0 -180 0 -180 0 180 0.00406243 70.4529 0 -0 0 -180 0 0 0 0
0 -0 0 0 0 -0 0 -180 0.15041 -167.524 0 -180 0 0 0 0 0 0
0 180 0 0 0 180 0 -180 0.819143 49.0313 0 -180 0 0 0 0 0 0
inside=1 lambda=0.647 phi=15 theta=0
0 -0 0 -180 0 0 0 0 0.147598 -167.932 0 0 0 -0 0 -180 0 0
0 180 0 -180 0 0 0 0 0.82716 44.9633 0 -0 0 180 0 -180 0 0
0 -0 0 -0 0 -180 0 180 5.58985e-15 154.274 0 -0 0 180 0 180 0 0
0 0 0 180 0 -180 0 -180 9.43091e-15 -45.114 0 -180 0 -180 0 -0 0 0
0 0 0 -180 0 -180 0 -0 7.36213e-15 130.974 0 0 0 -180 0 0 0 0
0 0 0 -180 0 -180 0 -0 4.29941e-14 -36.6298 0 180 0 -180 0 0 0 0
0 -0 0 0 0 -0 0 -180 0.163169 -168.116 0 -180 0 -0 0 0 0 -0
0 180 0 0 0 0 0 180 0.809884 44.8618 0 -180 0 180 0 0 0 0
inside=1 lambda=0.647 phi=15 theta=15
0 -0 0 -180 0 0 0 0 0.148647 -167.948 0 0 0 -0 0 -180 0 0
0 180 0 -180 0 0 0 0 0.826 44.9562 0 -0 0 180 0 -180 0 0
0 -0 0 -0 0 -180 0 -180 0.00411661 6.78906 0 0 0 180 0 180 0 0
0 0 0 180 0 -180 0 -180 0.00467145 66.3134 0 -0 0 -180 0 -0 0 0
0 -0 0 -180 0 -180 0 -0 0.00410334 6.97443 0 180 0 -180 0 0 0 0
0 0 0 -180 0 -180 0 180 0.00464311 65.6859 0 -0 0 -180 0 0 0 0
0 -0 0 0 0 -0 0 -180 0.162133 -168.107 0 -180 0 -0 0 0 0 0
0 180 0 0 0 0 0 180 0.811038 44.8683 0 -180 0 0 0 0 0 0
inside=1 lambda=0.647 phi=15 theta=30
0 -0 0 -180 0 0 0 0 0.151509 -167.987 0 0 0 -0 0 -180 0 0
0 180 0 -180 0 0 0 0 0.822831 44.9371 0 -0 0 180 0 -180 0 0
0 -0 0 -0 0 -180 0 -180 0.00712494 6.83004 0 0 0 180 0 180 0 0
0 0 0 180 0 -180 0 -180 0.00808015 66.171 0 -0 0 -180 0 -0 0 0
0 -0 0 -180 0 180 0 -0 0.00711171 6.93693 0 180 0 -180 0 0 0 0
0 0 0 -180 0 -180 0 180 0.00805186 65.809 0 -0 0 -180 0 0 0 0
0 -0 0 0 0 -0 0 -180 0.159297 -168.078 0 -180 0 0 0 0 0 0
0 180 0 0 0 180 0 180 0.814193 44.8863 0 -180 0 0 0 -0 0 0
inside=1 lambda=0.647 phi=15 theta=45
0 -0 0 -180 0 0 0 0 0.155409 -168.035 0 0 0 -0 0 -180 0 0
0 180 0 -180 0 0 0 0 0.818509 44.9114 0 -0 0 180 0 -180 0 0
0 -0 0 -0 0 -180 0 -180 0.00821933 6.88436 0 0 0 180 0 180 0 0
0 0 0 180 0 -180 0 -180 0.00931345 65.9851 0 -0 0 -180 0 -0 0 0
0 -0 0 -180 0 180 0 -0 0.00821933 6.88436 0 180 0 -180 0 0 0 0
0 0 0 -180 0 -180 0 180 0.00931345 65.9851 0 -0 0 -180 0 -0 0 0
0 -0 0 0 0 -0 0 -180 0.155409 -168.035 0 -180 0 0 0 0 0 0
0 180 0 0 0 180 0 -180 0.818509 44.9114 0 -180 0 0 0 -0 0 0
inside=1 lambda=0.647 phi=20 theta=0
0 -0 0 -180 0 0 0 0 0.147311 -169.001 0 0 0 -0 0 -180 0 0
0 180 0 -180 0 -0 0 0 0.833514 39.3553 0 -0 0 180 0 -180 0 -0
0 -0 0 -0 0 -180 0 0 4.33853e-15 52.8575 0 -180 0 180 0 180 0 0
0 0 0 180 0 -180 0 -0 1.34608e-14 -48.9607 0 180 0 -180 0 -0 0 0
0 0 0 -180 0 -180 0 -0 5.6665e-15 150.949 0 -0 0 -180 0 0 0 0
0 0 0 180 0 -180 0 0 5.14772e-14 -60.68 0 0 0 -180 0 -0 0 0
0 -0 0 0 0 0 0 -180 0.176307 -169.15 0 -180 0 -0 0 0 0 0
0 180 0 -0 0 0 0 180 0.801901 39.186 0 -180 0 180 0 -0 0 0
inside=1 lambda=0.647 phi=20 theta=15
0 -0 0 -180 0 0 0 0 0.149273 -169.019 0 0 0 -0 0 -180 0 0
0 180 0 -180 0 -0 0 0 0.831386 39.3431 0 -0 0 180 0 -180 0 -0
0 -0 0 -0 0 -180 0 -180 0.00766713 5.81755 0 0 0 180 0 180 0 0
0 0 0 180 0 -180 0 180 0.0085411 60.3872 0 -0 0 -180 0 -0 0 0
0 -0 0 -180 0 180 0 -0 0.00762281 6.23176 0 0 0 -180 0 0 0 0
0 0 0 180 0 -180 0 180 0.00845079 59.2841 0 -0 0 -180 0 -0 0 0
0 -0 0 0 0 -0 0 -180 0.174389 -169.148 0 -180 0 -0 0 0 0 0
0 180 0 -0 0 0 0 180 0.804008 39.1962 0 -180 0 0 0 -0 0 0
inside=1 lambda=0.647 phi=20 theta=30
0 -0 0 -180 0 0 0 0 0.154621 -169.063 0 0 0 -0 0 -180 0 0
0 180 0 180 0 -0 0 0 0.82558 39.3104 0 -0 0 180 0 -180 0 -0
0 -0 0 -0 0 -180 0 -180 0.0132612 5.9119 0 0 0 180 0 180 0 0
0 0 0 180 0 -180 0 180 0.0147566 60.1222 0 -0 0 -180 0 -0 0 0
0 -0 0 -180 0 180 0 -0 0.0132174 6.1501 0 0 0 -180 0 0 0 0
0 0 0 180 0 -180 0 180 0.0146668 59.4868 0 -0 0 -180 0 -0 0 0
0 -0 0 0 0 -0 0 -180 0.169128 -169.137 0 -180 0 0 0 0 0 0
0 180 0 0 0 180 0 180 0.809772 39.2252 0 -180 0 0 0 -0 0 0
inside=1 lambda=0.647 phi=20 theta=45
0 -0 0 -180 0 0 0 0 0.161896 -169.109 0 0 0 -0 0 -180 0 0
0 180 0 180 0 0 0 0 0.817666 39.2669 0 -0 0 180 0 -180 0 -0
0 -0 0 -0 0 -180 0 -180 0.0152862 6.03418 0 0 0 180 0 180 0 0
0 0 0 180 0 -180 0 180 0.0169855 59.789 0 -0 0 -180 0 -0 0 0
0 -0 0 -180 0 180 0 -0 0.0152862 6.03418 0 180 0 -180 0 0 0 0
0 0 0 180 0 -180 0 180 0.0169855 59.789 0 -0 0 -180 0 -0 0 0
0 -0 0 0 0 -0 0 -180 0.161896 -169.109 0 -180 0 0 0 0 0 0
0 180 0 0 0 180 0 180 0.817666 39.2669 0 -180 0 0 0 -0 0 -0
inside=1 lambda=0.647 phi=25 theta=0
0 -0 0 -180 0 0 0 0 0.144945 -170.973 0 0 0 -0 0 -180 0 0
0 180 0 -180 0 -0 0 0 0.842425 32.347 0 -0 0 180 0 -180 0 -0
0 -0 0 -0 0 -180 0 -0 3.06408e-14 -177.47 0 -0 0 180 0 180 0 0
0 0 0 180 0 180 0 180 5.93126e-14 126.142 0 0 0 -180 0 -0 0 -0
0 -0 0 -180 0 -180 0 180 3.51513e-14 -107.935 0 180 0 180 0 0 0 0
0 0 0 180 0 -180 0 0 1.53175e-14 -164.86 0 -0 0 -180 0 -0 0 0
0 -0 0 0 0 0 0 -180 0.192861 -170.793 0 -180 0 -0 0 0 0 0
0 0 0 -0 0 0 0 180 0.791192 32.1147 0 180 0 0 0 -0 0 0
inside=1 lambda=0.647 phi=25 theta=15
0 -0 0 -180 0 0 0 0 0.148201 -170.978 0 0 0 -0 0 -180 0 0
0 180 0 180 0 -0 0 0 0.838968 32.3295 0 -0 0 180 0 -180 0 -0
0 -0 0 -0 0 -180 0 -180 0.01264 4.32814 0 0 0 180 0 180 0 0
0 0 0 180 0 180 0 180 0.0138173 52.9163 0 -0 0 -180 0 -0 0 -0
0 -0 0 -180 0 180 0 -0 0.0125305 5.13618 0 0 0 -180 0 0 0 0
0 0 0 180 0 -180 0 180 0.0135963 51.2092 0 -0 0 -180 0 -0 0 0
0 -0 0 0 0 -0 0 -180 0.189719 -170.823 0 -180 0 -0 0 0 0 0
0 180 0 -0 0 0 0 180 0.794596 32.1271 0 -180 0 0 0 -0 0 0
inside=1 lambda=0.647 phi=25 theta=30
0 -0 0 -180 0 0 0 0 0.157072 -170.981 0 0 0 -0 0 -180 0 0
0 180 0 180 0 -0 0 0 0.82954 32.2826 0 -0 0 180 0 -180 0 -0
0 -0 0 -0 0 -180 0 -180 0.0218429 4.51926 0 0 0 180 0 180 0 0
0 0 0 180 0 180 0 180 0.0238356 52.4746 0 -0 0 -180 0 -0 0 -0
0 -0 0 -180 0 180 0 -0 0.0217364 4.98102 0 0 0 -180 0 0 0 0
0 0 0 180 0 -180 0 180 0.0236176 51.4946 0 -0 0 -180 0 -0 0 -0
0 -0 0 0 0 -0 0 -180 0.181067 -170.891 0 -180 0 0 0 0 0 0
0 180 0 -0 0 180 0 180 0.803919 32.1643 0 -180 0 0 0 -0 0 -0
inside=1 lambda=0.647 phi=25 theta=45
0 -0 0 -180 0 0 0 0 0.169122 -170.953 0 0 0 -0 0 -180 0 0
0 180 0 180 0 -0 0 -0 0.816704 32.2212 0 -0 0 180 0 -180 0 -0
0 -0 0 -0 0 -180 0 -180 0.0251557 4.75915 0 0 0 180 0 0 0 0
0 0 0 180 0 -180 0 180 0.0273891 51.9462 0 -0 0 -180 0 -0 0 -0
0 -0 0 -180 0 180 0 -0 0.0251557 4.75915 0 0 0 -180 0 0 0 0
0 0 0 180 0 -180 0 180 0.0273891 51.9462 0 -0 0 -180 0 -0 0 -0
0 -0 0 0 0 -0 0 -180 0.169122 -170.953 0 -180 0 0 0 0 0 0
0 180 0 -0 0 180 0 180 0.816704 32.2212 0 -180 0 -0 0 -0 0 -0
inside=1 lambda=0.647 phi=30 theta=0
0 -0 0 -180 0 0 0 0 0.13881 -174.141 0 0 0 -0 0 -180 0 0
0 180 0 180 0 -0 0 -0 0.854526 24.0831 0 -0 0 180 0 180 0 -0
0 -0 0 -0 0 -180 0 180 3.20327e-14 -40.0046 0 -0 0 180 0 180 0 0
0 0 0 180 0 180 0 -180 2.04993e-13 111.071 0 -180 0 -180 0 -0 0 -0
0 -0 0 -180 0 -180 0 180 1.29335e-14 -132.978 0 -0 0 180 0 0 0 0
0 0 0 180 0 -180 0 -180 1.46368e-13 117.719 0 0 0 -180 0 -0 0 0
0 -0 0 0 0 0 0 -180 0.212224 -173.03 0 -180 0 -0 0 0 0 0
0 0 0 -0 0 0 0 180 0.777494 23.8263 0 180 0 0 0 -0 0 0
inside=1 lambda=0.647 phi=30 theta=15
0 -0 0 -180 0 0 0 0 0.143814 -174.087 0 0 0 -0 0 -180 0 0
0 180 0 180 0 -0 0 -0 0.849314 24.0617 0 -0 0 180 0 -180 0 -0
0 -0 0 -0 0 -180 0 -180 0.0192567 2.29808 0 0 0 180 0 180 0 0
0 0 0 180 0 180 0 180 0.0207151 44.0673 0 -0 0 -180 0 -0 0 -0
0 -0 0 -180 0 180 0 -0 0.0190445 3.72295 0 0 0 -180 0 0 0 0
0 0 0 180 0 -180 0 180 0.0202605 41.6175 0 -0 0 -180 0 -0 0 -0
0 -0 0 0 0 -0 0 -180 0.207462 -173.135 0 -180 0 -0 0 0 0 0
0 180 0 -0 0 0 0 180 0.782595 23.8352 0 180 0 0 0 -0 0 -0
inside=1 lambda=0.647 phi=30 theta=30
0 -0 0 -180 0 0 0 0 0.15745 -173.93 0 0 0 -0 0 -180 0 0
0 180 0 180 0 -0 0 -0 0.835113 24.0047 0 -0 0 180 0 180 0 -0
0 -0 0 -0 0 -180 0 -180 0.0332419 2.65141 0 0 0 180 0 0 0 0
0 0 0 180 0 180 0 180 0.0356631 43.372 0 -0 0 -180 0 -0 0 -0
0 -0 0 -180 0 180 0 -0 0.0330435 3.45557 0 0 0 -180 0 0 0 0
0 0 0 180 0 -180 0 180 0.0352218 41.9742 0 -0 0 -180 0 -0 0 -0
0 -0 0 0 0 -0 0 -180 0.194272 -173.392 0 -180 0 0 0 0 0 0
0 180 0 -0 0 180 0 180 0.796584 23.8695 0 180 0 0 0 -0 0 -0
inside=1 lambda=0.647 phi=30 theta=45
0 -0 0 -180 0 0 0 0 0.175965 -173.685 0 0 0 -0 0 -180 0 0
0 180 0 180 0 -0 0 -0 0.815798 23.932 0 -0 0 180 0 180 0 -0
0 -0 0 -0 0 -180 0 -180 0.0382555 3.07495 0 0 0 180 0 0 0 0
0 0 0 180 0 180 0 180 0.0409015 42.5916 0 -0 0 -180 0 -0 0 -0
0 -0 0 -180 0 180 0 -0 0.0382555 3.07495 0 0 0 -180 0 0 0 0
0 0 0 180 0 -180 0 180 0.0409015 42.5916 0 -0 0 180 0 -0 0 -0
0 -0 0 0 0 -0 0 -180 0.175965 -173.685 0 -180 0 0 0 0 0 0
0 180 0 -0 0 180 0 180 0.815798 23.932 0 180 0 -0 0 -0 0 -0
inside=1 lambda=0.647 phi=35 theta=0
0 -0 0 -180 0 0 0 0 0.127003 -178.858 0 0 0 -0 0 -180 0 0
0 180 0 180 0 -0 0 -0 0.870604 14.7363 0 -0 0 180 0 180 0 -0
0 -0 0 -0 0 -180 0 180 1.85993e-14 166.012 0 -0 0 180 0 180 0 0
0 0 0 180 0 180 0 -180 1.74578e-14 -129.897 0 0 0 -180 0 -0 0 -0
0 -0 0 -180 0 -180 0 -0 5.76691e-14 -114.275 0 -0 0 180 0 0 0 0
0 0 0 180 0 -180 0 -180 4.22885e-14 104.58 0 0 0 -180 0 -0 0 0
0 -0 0 0 0 0 0 -180 0.233521 -175.672 0 -180 0 -0 0 0 0 0
0 0 0 -0 0 0 0 180 0.760547 14.548 0 180 0 0 0 -0 0 0
inside=1 lambda=0.647 phi=35 theta=15
0 -0 0 -180 0 0 0 0 0.134262 -178.616 0 0 0 -0 0 -180 0 0
0 180 0 180 0 -0 0 -0 0.863142 14.7139 0 -0 0 180 0 180 0 -0
0 -0 0 -0 0 -180 0 -180 0.0276847 -0.193557 0 0 0 180 0 0 0 0
0 0 0 180 0 180 0 180 0.029485 34.1031 0 -0 0 -180 0 -0 0 -0
0 -0 0 -180 0 180 0 -0 0.0273674 2.12692 0 0 0 -180 0 0 0 0
0 0 0 180 0 -180 0 180 0.0286587 30.7375 0 -0 0 -180 0 -0 0 -0
0 -0 0 0 0 -0 0 -180 0.226703 -175.926 0 -180 0 -0 0 0 0 0
0 180 0 -0 0 0 0 180 0.767807 14.5391 0 180 0 0 0 -0 0 -0
inside=1 lambda=0.647 phi=35 theta=30
0 -0 0 -180 0 0 0 0 0.154076 -178.022 0 0 0 -0 0 -180 0 0
0 180 0 180 0 -0 0 -0 0.842827 14.6569 0 -0 0 180 0 180 0 -0
0 -0 0 -0 0 -180 0 -180 0.047741 0.417563 0 0 0 180 0 0 0 0
0 0 0 180 0 180 0 180 0.0506296 33.034 0 -0 0 -180 0 -0 0 -0
0 -0 0 -180 0 180 0 -0 0.0474728 1.6971 0 0 0 -180 0 0 0 0
0 0 0 180 0 -180 0 180 0.0498508 31.134 0 -0 0 180 0 -0 0 -0
0 -0 0 0 0 -0 0 -180 0.207634 -176.538 0 -180 0 0 0 0 0 0
0 180 0 -0 0 0 0 180 0.787763 14.544 0 180 0 -0 0 -0 0 -0
inside=1 lambda=0.647 phi=35 theta=45
0 -0 0 -180 0 0 0 0 0.181014 -177.283 0 0 0 -0 0 -180 0 0
0 180 0 180 0 -0 0 -0 0.815214 14.5895 0 -0 0 180 0 180 0 -0
0 -0 0 -0 0 -180 0 -180 0.0549378 1.102 0 0 0 180 0 0 0 0
0 0 0 180 0 180 0 180 0.0579525 31.9283 0 -0 0 -180 0 -0 0 -0
0 -0 0 -180 0 180 0 -0 0.0549378 1.102 0 0 0 -180 0 0 0 0
0 0 0 180 0 -180 0 180 0.0579525 31.9283 0 -0 0 180 0 -0 0 -0
0 -0 0 0 0 -0 0 -180 0.181014 -177.283 0 -180 0 0 0 0 0 0
0 180 0 -0 0 180 0 180 0.815214 14.5895 0 180 0 -0 0 -0 0 -0
inside=1 lambda=0.647 phi=40 theta=0
0 -0 0 180 0 0 0 0 0.107804 174.098 0 0 0 -0 0 180 0 0
0 180 0 180 0 -0 0 -0 0.891552 4.51586 0 -0 0 180 0 180 0 -0
0 -0 0 -0 0 -180 0 -0 1.03816e-14 -100.306 0 -180 0 180 0 180 0 0
0 0 0 180 0 180 0 0 1.24953e-14 -59.2604 0 180 0 -180 0 -0 0 -0
0 -0 0 -180 0 -180 0 0 2.9032e-14 98.3312 0 0 0 180 0 0 0 0
0 0 0 180 0 180 0 -0 2.37574e-14 -91.2388 0 -180 0 -180 0 -0 0 -0
0 -0 0 0 0 0 0 -180 0.255779 -178.308 0 -180 0 -0 0 0 0 0
0 0 0 -0 0 0 0 180 0.740078 4.57228 0 180 0 0 0 -0 0 0
inside=1 lambda=0.647 phi=40 theta=15
0 -0 0 -180 0 0 0 0 0.117818 174.941 0 0 0 -0 0 180 0 0
0 180 0 180 0 -0 0 -0 0.881272 4.49217 0 -0 0 180 0 180 0 -0
0 -0 0 -0 0 -180 0 -180 0.0380014 -2.97483 0 0 0 180 0 0 0 0
0 0 0 180 0 180 0 180 0.0404265 23.4192 0 -0 0 -180 0 -0 0 -0
0 -0 0 -180 0 180 0 -0 0.0376994 0.579932 0 0 0 -180 0 0 0 0
0 0 0 180 0 -180 0 180 0.0390508 18.8893 0 -0 0 -180 0 -0 0 -0
0 -0 0 0 0 -0 0 -180 0.246493 -178.853 0 -180 0 0 0 0 0 0
0 0 0 -0 0 0 0 180 0.750023 4.50735 0 180 0 0 0 -0 0 -0
inside=1 lambda=0.647 phi=40 theta=30
0 -0 0 -180 0 0 0 0 0.145278 176.672 0 0 0 -0 0 180 0 0
0 180 0 180 0 -0 0 -0 0.85331 4.44839 0 -0 0 180 0 180 0 -0
0 -0 0 -0 0 -180 0 -180 0.0654821 -1.96156 0 0 0 180 0 0 0 0
0 0 0 180 0 180 0 180 0.0691703 21.7664 0 -0 0 -180 0 -0 0 -0
0 -0 0 -180 0 180 0 -0 0.0653207 -0.0853158 0 0 0 -180 0 0 0 0
0 0 0 180 0 -180 0 180 0.0679432 19.2549 0 -0 0 180 0 -0 0 -0
0 -0 0 0 0 -0 0 -180 0.219985 179.929 0 -180 0 0 0 0 0 0
0 180 0 -0 0 0 0 180 0.777485 4.42679 0 180 0 -0 0 -0 0 -0
inside=1 lambda=0.647 phi=40 theta=45
0 -0 0 -180 0 0 0 0 0.182796 178.414 0 0 0 -0 0 -180 0 0
0 180 0 180 0 -0 0 -0 0.815299 4.41442 0 -0 0 180 0 180 0 -0
0 -0 0 -0 0 -180 0 -180 0.0754552 -0.94049 0 0 0 180 0 0 0 0
0 0 0 180 0 180 0 180 0.0790308 20.2343 0 -0 0 -180 0 -0 0 -0
0 -0 0 -180 0 180 0 -0 0.0754552 -0.94049 0 0 0 -180 0 0 0 0
0 0 0 180 0 -180 0 180 0.0790308 20.2343 0 -0 0 180 0 -0 0 -0
0 -0 0 0 0 -0 0 -180 0.182796 178.414 0 -180 0 0 0 0 0 0
0 180 0 -0 0 180 0 180 0.815299 4.41442 0 180 0 -0 0 -0 0 -0
inside=1 lambda=0.647 phi=45 theta=0
0 -0 0 180 0 0 0 0 0.0819506 160.85 0 0 0 -0 0 180 0 0
0 180 0 180 0 -0 0.0180131 -90.2136 0.916641 -6.2277 0 -0 0 180 0 180 0 -0
0 -0 0 -0 0 -180 0 180 1.58852e-14 134.277 0 -0 0 180 0 180 0 0
0 180 0 180 0 180 1.01051e-13 109.111 5.15347e-14 96.8196 0 -180 0 -0 0 -0 0 -0
0 -0 0 -180 0 -180 0 -0 2.53419e-14 98.6847 0 180 0 180 0 0 0 0
0 0 0 180 0 180 3.53539e-14 -82.6971 3.40879e-14 74.898 0 0 0 -180 0 -0 0 -0
0 -0 0 0 0 0 0 -180 0.273557 179.924 0 -180 0 -0 0 0 0 0
0 180 0 -0 0 -0 0.206526 121.321 0.71338 -5.50347 0 180 0 180 0 -0 0 -0
inside=1 lambda=0.647 phi=45 theta=15
0 -0 0 180 0 0 0 0 0.0933859 164.992 0 0 0 -0 0 180 0 0
0 180 0 180 0 -0 0 -0 0.904585 -6.3438 0 -0 0 180 0 180 0 -0
0 -0 0 -0 0 -180 0 -180 0.0502175 -5.87344 0 0 0 180 0 0 0 0
0 0 0 0 0 180 0 180 0.0539958 12.668 0 -0 0 -180 0 -0 0 -0
0 -0 0 -180 0 180 0 -0 0.0503359 -0.568284 0 0 0 -180 0 0 0 0
0 0 0 180 0 -180 0 180 0.0517703 6.56638 0 -0 0 -180 0 -0 0 -0
0 -0 0 0 0 -0 0 -180 0.266251 178.685 0 -180 0 0 0 0 0 0
0 0 0 -0 0 0 0 180 0.728938 -5.9086 0 180 0 0 0 -0 0 -0
inside=1 lambda=0.647 phi=45 theta=30
0 -0 0 -180 0 0 0 0 0.129752 169.983 0 0 0 -0 0 180 0 0
0 0 0 180 0 -0 0 -0 0.86725 -6.37947 0 -0 0 0 0 180 0 -0
0 -0 0 -0 0 -180 0 -180 0.0865052 -4.17395 0 0 0 180 0 0 0 0
0 0 0 0 0 180 0 180 0.0918136 9.95903 0 -0 0 -180 0 -0 0 -0
0 -0 0 -180 0 180 0 -0 0.0869535 -1.63534 0 0 0 -180 0 0 0 0
0 0 0 180 0 -180 0 0 0.0900588 6.68549 0 -0 0 180 0 -0 0 -0
0 -0 0 0 0 -0 0 -180 0.230444 176.412 0 -180 0 0 0 0 0 0
0 0 0 -0 0 0 0 180 0.765746 -6.20852 0 180 0 -0 0 -0 0 -0
inside=1 lambda=0.647 phi=45 theta=45
0 -0 0 -180 0 0 0 0 0.180072 173.704 0 0 0 -0 0 180 0 0
0 0 0 180 0 -0 0 -0 0.816428 -6.34317 0 -0 0 0 0 180 0 -0
0 -0 0 -0 0 -180 0 -180 0.100053 -2.76592 0 0 0 180 0 0 0 0
0 0 0 0 0 180 0 180 0.10474 7.85761 0 -0 0 -180 0 -0 0 -0
0 -0 0 -180 0 180 0 -0 0.100053 -2.76592 0 0 0 -180 0 0 0 0
0 0 0 180 0 -180 0 0 0.10474 7.85761 0 -0 0 180 0 -0 0 -0
0 -0 0 0 0 -0 0 -180 0.180072 173.704 0 180 0 0 0 0 0 0
0 0 0 -0 0 0 0 180 0.816428 -6.34317 0 180 0 -0 0 -0 0 -0
