RSoft_BSDF_File_Version 2
1 0 5 2 1 0.0914286
0.3 0.3
-1 1
-1 1
1 0.647 0.647
10 0 45 0.5
4 0 45
Begin_Dispersion_Data
0.647 1.45662 0 1 0 0
End_Dispersion_Data
inside=0 lambda=0.647 phi=0 theta=0
0 0 0 -180 0 0 0 0 0.183931 147.668 0 0 0 0 0 -180 0 0
0 0 0 -180 0 0 0 0 1.18631 73.9697 0 0 0 0 0 -180 0 0
0 0 0 0 0 -180 0 180 2.6281e-13 122.721 0 -180 0 -180 0 0 0 0
0 0 0 0 0 -180 0 180 3.60692e-13 100.453 0 -180 0 -180 0 0 0 0
0 0 0 180 0 -180 0 -180 3.73237e-13 -88.4048 0 180 0 -180 0 0 0 0
0 0 0 180 0 -180 0 -180 5.04308e-13 -176.544 0 180 0 -180 0 0 0 0
0 0 0 0 0 0 0 -180 0.183931 147.668 0 -180 0 0 0 0 0 0
0 0 0 0 0 0 0 -180 1.18631 73.9697 0 -180 0 0 0 0 0 0
inside=0 lambda=0.647 phi=0 theta=15
0 0 0 -180 0 0 0 0 0.183931 147.668 0 0 0 0 0 -180 0 0
0 0 0 -180 0 0 0 0 1.18631 73.9697 0 0 0 0 0 -180 0 0
0 0 0 0 0 -180 0 180 2.6281e-13 122.721 0 -180 0 -180 0 0 0 0
0 0 0 0 0 -180 0 180 3.60692e-13 100.453 0 -180 0 -180 0 0 0 0
0 0 0 180 0 -180 0 -180 3.73237e-13 -88.4048 0 180 0 -180 0 0 0 0
0 0 0 180 0 -180 0 -180 5.04308e-13 -176.544 0 180 0 -180 0 0 0 0
0 0 0 0 0 0 0 -180 0.183931 147.668 0 -180 0 0 0 0 0 0
0 0 0 0 0 0 0 -180 1.18631 73.9697 0 -180 0 0 0 0 0 0
inside=0 lambda=0.647 phi=0 theta=30
0 0 0 -180 0 0 0 0 0.183931 147.668 0 0 0 0 0 -180 0 0
0 0 0 -180 0 0 0 0 1.18631 73.9697 0 0 0 0 0 -180 0 0
0 0 0 0 0 -180 0 180 2.6281e-13 122.721 0 -180 0 -180 0 0 0 0
0 0 0 0 0 -180 0 180 3.60692e-13 100.453 0 -180 0 -180 0 0 0 0
0 0 0 180 0 -180 0 -180 3.73237e-13 -88.4048 0 180 0 -180 0 0 0 0
0 0 0 180 0 -180 0 -180 5.04308e-13 -176.544 0 180 0 -180 0 0 0 0
0 0 0 0 0 0 0 -180 0.183931 147.668 0 -180 0 0 0 0 0 0
0 0 0 0 0 0 0 -180 1.18631 73.9697 0 -180 0 0 0 0 0 0
inside=0 lambda=0.647 phi=0 theta=45
0 0 0 -180 0 0 0 0 0.183931 147.668 0 0 0 0 0 -180 0 0
0 0 0 -180 0 0 0 0 1.18631 73.9697 0 0 0 0 0 -180 0 0
0 0 0 0 0 -180 0 180 2.6281e-13 122.721 0 -180 0 -180 0 0 0 0
0 0 0 0 0 -180 0 180 3.60692e-13 100.453 0 -180 0 -180 0 0 0 0
0 0 0 180 0 -180 0 -180 3.73237e-13 -88.4048 0 180 0 -180 0 0 0 0
0 0 0 180 0 -180 0 -180 5.04308e-13 -176.544 0 180 0 -180 0 0 0 0
0 0 0 0 0 0 0 -180 0.183931 147.668 0 -180 0 0 0 0 0 0
0 0 0 0 0 0 0 -180 1.18631 73.9697 0 -180 0 0 0 0 0 0
inside=0 lambda=0.647 phi=5 theta=0
0 0 0 -180 0 0 0 0 0.181843 147.099 0 0 0 0 0 -180 0 0
0 0 0 -180 0 0 0 0 1.18423 73.6875 0 0 0 0 0 -180 0 0
0 0 0 -180 0 -180 0 -0 3.65777e-13 116.727 0 -0 0 -180 0 0 0 0
0 0 0 180 0 -180 0 -0 3.32256e-13 60.3568 0 -0 0 -180 0 -0 0 0
0 0 0 -180 0 -180 0 180 4.98578e-13 -28.5654 0 180 0 -180 0 0 0 0
0 0 0 -180 0 -180 0 0 6.22103e-13 -86.2044 0 -180 0 -180 0 0 0 0
0 0 0 0 0 0 0 -180 0.186039 147.109 0 -180 0 0 0 0 0 0
0 0 0 0 0 0 0 -180 1.18839 73.6889 0 -180 0 0 0 0 0 0
inside=0 lambda=0.647 phi=5 theta=15
0 0 0 -180 0 0 0 0 0.182124 147.1 0 0 0 0 0 -180 0 0
0 0 0 -180 0 0 0 0 1.18451 73.6876 0 0 0 0 0 -180 0 0
0 0 0 -180 0 -180 0 -180 0.00103361 -33.0656 0 0 0 -180 0 0 0 0
0 0 0 180 0 -180 0 -180 0.00104536 -107.04 0 0 0 -180 0 -0 0 0
0 0 0 -180 0 -180 0 -180 0.00103371 -33.0617 0 0 0 -180 0 0 0 0
0 0 0 -180 0 -180 0 -180 0.00104531 -107.03 0 -0 0 -180 0 0 0 0
0 0 0 0 0 0 0 -180 0.185758 147.108 0 -180 0 0 0 0 0 0
0 0 0 0 0 0 0 -180 1.18811 73.6888 0 -180 0 0 0 0 0 0
inside=0 lambda=0.647 phi=5 theta=30
0 0 0 -180 0 0 0 0 0.182892 147.102 0 0 0 0 0 -180 0 0
0 0 0 -180 0 0 0 0 1.18527 73.6878 0 0 0 0 0 -180 0 0
0 0 0 -180 0 -180 0 -180 0.00179031 -33.0648 0 0 0 -180 0 0 0 0
0 0 0 -180 0 -180 0 -180 0.0018106 -107.038 0 0 0 -180 0 -0 0 0
0 0 0 -180 0 -180 0 -180 0.00179041 -33.0625 0 0 0 -180 0 0 0 0
0 0 0 -180 0 -180 0 -180 0.00181055 -107.032 0 -0 0 -180 0 0 0 0
0 0 0 0 0 0 0 -180 0.18499 147.106 0 -180 0 0 0 0 0 0
0 0 0 0 0 0 0 -180 1.18735 73.6885 0 -180 0 0 0 0 0 0
inside=0 lambda=0.647 phi=5 theta=45
0 0 0 -180 0 0 0 0 0.183941 147.104 0 0 0 0 0 -180 0 0
0 0 0 -180 0 0 0 0 1.18631 73.6882 0 0 0 0 0 -180 0 0
0 0 0 -180 0 -180 0 -180 0.00206733 -33.0636 0 0 0 -180 0 0 0 0
0 0 0 -180 0 -180 0 -180 0.00209067 -107.035 0 0 0 -180 0 -0 0 0
0 0 0 -180 0 -180 0 -180 0.00206733 -33.0636 0 0 0 -180 0 0 0 0
0 0 0 -180 0 -180 0 -180 0.00209067 -107.035 0 -0 0 -180 0 0 0 0
0 0 0 0 0 0 0 -180 0.183941 147.104 0 -180 0 0 0 0 0 0
0 0 0 0 0 0 0 -180 1.18631 73.6882 0 -180 0 0 0 0 0 0
inside=0 lambda=0.647 phi=10 theta=0
0 -0 0 -180 0 0 0 0 0.175329 145.396 0 0 0 -0 0 -180 0 0
0 0 0 -180 0 0 0 0 1.17771 72.8432 0 0 0 0 0 -180 0 0
0 0 0 -180 0 -180 0 -0 3.16188e-13 39.4579 0 -0 0 -180 0 0 0 0
0 0 0 180 0 -180 0 -0 3.12537e-13 -15.5921 0 -0 0 -180 0 -0 0 0
0 0 0 -180 0 -180 0 0 6.26943e-14 9.67955 0 -0 0 -180 0 0 0 0
0 0 0 -180 0 -180 0 180 2.80545e-13 -30.2314 0 -0 0 -180 0 0 0 0
0 0 0 0 0 0 0 -180 0.1926 145.436 0 -180 0 0 0 0 0 0
0 0 0 0 0 0 0 -180 1.19486 72.8491 0 -180 0 0 0 0 0 0
inside=0 lambda=0.647 phi=10 theta=15
0 -0 0 -180 0 0 0 0 0.176484 145.398 0 0 0 -0 0 -180 0 0
0 0 0 -180 0 0 0 0 1.17886 72.8435 0 0 0 0 0 -180 0 0
0 0 0 -180 0 -180 0 -180 0.0042555 -34.7499 0 0 0 -180 0 0 0 0
0 0 0 180 0 -180 0 -180 0.00430311 -107.88 0 0 0 -180 0 -0 0 0
0 0 0 -180 0 -180 0 -180 0.00425713 -34.7341 0 0 0 -180 0 0 0 0
0 0 0 -180 0 -180 0 -180 0.00430235 -107.841 0 -0 0 -180 0 0 0 0
0 0 0 0 0 0 0 -180 0.191442 145.433 0 -180 0 0 0 0 0 0
0 0 0 0 0 0 0 -180 1.19372 72.8485 0 -180 0 0 0 0 0 0
inside=0 lambda=0.647 phi=10 theta=30
0 0 0 -180 0 0 0 0 0.179642 145.405 0 0 0 0 0 -180 0 0
0 0 0 -180 0 0 0 0 1.182 72.8443 0 0 0 0 0 -180 0 0
0 0 0 -180 0 -180 0 -180 0.00737141 -34.7466 0 0 0 -180 0 0 0 0
0 0 0 -180 0 -180 0 -180 0.00745294 -107.871 0 0 0 -180 0 -0 0 0
0 0 0 -180 0 -180 0 -180 0.00737303 -34.7375 0 0 0 -180 0 0 0 0
0 0 0 -180 0 -180 0 -180 0.00745219 -107.848 0 -0 0 -180 0 0 0 0
0 0 0 0 0 0 0 -180 0.188278 145.425 0 -180 0 0 0 0 0 0
0 0 0 0 0 0 0 -180 1.19058 72.8473 0 -180 0 0 0 0 0 0
inside=0 lambda=0.647 phi=10 theta=45
0 0 0 -180 0 0 0 0 0.183958 145.415 0 0 0 0 0 -180 0 0
0 0 0 -180 0 0 0 0 1.18629 72.8457 0 0 0 0 0 -180 0 0
0 0 0 -180 0 -180 0 -180 0.00851275 -34.742 0 0 0 -180 0 0 0 0
0 0 0 -180 0 -180 0 -180 0.0086055 -107.859 0 0 0 -180 0 -0 0 0
0 0 0 -180 0 -180 0 -180 0.00851275 -34.742 0 0 0 -180 0 0 0 0
0 0 0 -180 0 -180 0 -180 0.0086055 -107.859 0 -0 0 -180 0 0 0 0
0 0 0 0 0 0 0 -180 0.183958 145.415 0 -180 0 0 0 0 0 0
0 0 0 0 0 0 0 -180 1.18629 72.8457 0 -180 0 0 0 0 0 0
inside=0 lambda=0.647 phi=15 theta=0
0 -0 0 -180 0 0 0 0 0.163554 142.565 0 0 0 -0 0 -180 0 0
0 0 0 -180 0 0 0 0 1.16592 71.4437 0 0 0 0 0 -180 0 0
0 0 0 -180 0 -180 0 180 5.28499e-14 -55.2162 0 180 0 -180 0 0 0 0
0 0 0 180 0 -180 0 180 6.3101e-14 -96.7817 0 -180 0 -180 0 -0 0 0
0 0 0 -180 0 -180 0 180 1.30195e-14 -156.581 0 -0 0 -180 0 0 0 0
0 0 0 -180 0 -180 0 -0 2.90264e-14 131.359 0 180 0 -180 0 0 0 0
0 0 0 0 0 0 0 -180 0.204401 142.669 0 -180 0 0 0 0 0 0
0 0 0 0 0 0 0 -180 1.20648 71.458 0 -180 0 0 0 0 0 0
inside=0 lambda=0.647 phi=15 theta=15
0 -0 0 -180 0 0 0 0 0.166283 142.572 0 0 0 -0 0 -180 0 0
0 0 0 -180 0 0 0 0 1.16864 71.4441 0 0 0 0 0 -180 0 0
0 0 0 -180 0 -180 0 -180 0.0100664 -37.5418 0 0 0 -180 0 0 0 0
0 0 0 180 0 -180 0 -180 0.0101761 -109.274 0 0 0 -180 0 -0 0 0
0 0 0 -180 0 -180 0 -180 0.0100748 -37.5051 0 0 0 -180 0 0 0 0
0 0 0 -180 0 -180 0 -180 0.0101721 -109.187 0 -0 0 -180 0 0 0 0
0 0 0 0 0 0 0 -180 0.201655 142.661 0 -180 0 0 0 0 0 0
0 0 0 0 0 0 0 -180 1.20377 71.4564 0 -180 0 0 0 0 0 0
inside=0 lambda=0.647 phi=15 theta=30
0 -0 0 -180 0 0 0 0 0.173742 142.589 0 0 0 -0 0 -180 0 0
0 0 0 -180 0 0 0 0 1.17607 71.4455 0 0 0 0 0 -180 0 0
0 0 0 -180 0 -180 0 -180 0.0174394 -37.5343 0 0 0 -180 0 0 0 0
0 0 0 -180 0 -180 0 -180 0.0176243 -109.252 0 0 0 -180 0 -0 0 0
0 0 0 -180 0 -180 0 -180 0.0174477 -37.5134 0 0 0 -180 0 0 0 0
0 0 0 -180 0 -180 0 -180 0.0176203 -109.202 0 -0 0 -180 0 0 0 0
0 0 0 0 0 0 0 -180 0.194162 142.64 0 -180 0 0 0 0 0 0
0 0 0 0 0 0 0 -180 1.19636 71.4525 0 -180 0 0 0 0 0 0
inside=0 lambda=0.647 phi=15 theta=45
0 -0 0 -180 0 0 0 0 0.183944 142.613 0 0 0 -0 0 -180 0 0
0 0 0 -180 0 0 0 0 1.18622 71.4484 0 0 0 0 0 -180 0 0
0 0 0 -180 0 -180 0 -180 0.0201425 -37.524 0 0 0 -180 0 0 0 0
0 0 0 -180 0 -180 0 -180 0.0203487 -109.225 0 0 0 -180 0 -0 0 0
0 0 0 -180 0 -180 0 -180 0.0201425 -37.524 0 0 0 -180 0 0 0 0
0 0 0 -180 0 -180 0 -180 0.0203487 -109.225 0 -0 0 -180 0 0 0 0
0 -0 0 0 0 -0 0 -180 0.183944 142.613 0 -180 0 0 0 0 0 0
0 0 0 0 0 0 0 -180 1.18622 71.4484 0 -180 0 0 0 0 0 0
inside=0 lambda=0.647 phi=20 theta=0
0 -0 0 -180 0 0 0 0 0.1448 138.616 0 0 0 -0 0 -180 0 0
0 180 0 -180 0 0 0 0 1.14711 69.5008 0 0 0 180 0 -180 0 0
0 0 0 -180 0 -180 0 180 5.72764e-14 41.0591 0 -180 0 -180 0 0 0 0
0 0 0 180 0 -180 0 180 2.42998e-13 -177.857 0 -180 0 -180 0 -0 0 0
0 0 0 -180 0 -180 0 -0 2.25294e-13 107.452 0 180 0 -180 0 0 0 0
0 0 0 -180 0 -180 0 180 2.34303e-13 -9.70507 0 -0 0 -180 0 0 0 0
0 0 0 0 0 0 0 -180 0.223048 138.844 0 -180 0 0 0 0 0 0
0 0 0 0 0 0 0 -180 1.22478 69.5305 0 -180 0 0 0 0 0 0
inside=0 lambda=0.647 phi=20 theta=15
0 -0 0 -180 0 0 0 0 0.150016 138.63 0 0 0 -0 0 -180 0 0
0 180 0 -180 0 0 0 0 1.15232 69.5008 0 0 0 180 0 -180 0 0
0 0 0 -180 0 -180 0 -180 0.0192844 -41.4181 0 0 0 -180 0 0 0 0
0 0 0 180 0 -180 0 -180 0.0194874 -111.215 0 0 0 -180 0 -0 0 0
0 0 0 -180 0 -180 0 -180 0.0193123 -41.3489 0 0 0 -180 0 0 0 0
0 0 0 -180 0 -180 0 -180 0.0194729 -111.061 0 -0 0 -180 0 0 0 0
0 0 0 0 0 0 0 -180 0.217766 138.823 0 -180 0 0 0 0 0 0
0 0 0 0 0 0 0 -180 1.2196 69.5257 0 -180 0 0 0 0 0 0
inside=0 lambda=0.647 phi=20 theta=30
0 -0 0 -180 0 0 0 0 0.164281 138.667 0 0 0 -0 0 -180 0 0
0 180 0 -180 0 0 0 0 1.16657 69.502 0 0 0 180 0 -180 0 0
0 0 0 -180 0 -180 0 -180 0.0334166 -41.405 0 0 0 -180 0 0 0 0
0 0 0 -180 0 -180 0 -180 0.0337496 -111.17 0 0 0 -180 0 -0 0 0
0 0 0 -180 0 -180 0 -180 0.0334434 -41.3666 0 0 0 -180 0 0 0 0
0 0 0 -180 0 -180 0 -180 0.0337359 -111.085 0 -0 0 -180 0 0 0 0
0 0 0 0 0 -0 0 -180 0.20338 138.774 0 -180 0 0 0 0 0 0
0 0 0 0 0 0 0 -180 1.20541 69.5154 0 -180 0 0 0 0 0 0
inside=0 lambda=0.647 phi=20 theta=45
0 -0 0 -180 0 0 0 0 0.183802 138.718 0 0 0 -0 0 -180 0 0
0 0 0 -180 0 0 0 0 1.186 69.5066 0 0 0 0 0 -180 0 0
0 0 0 -180 0 -180 0 -180 0.038604 -41.3869 0 0 0 -180 0 0 0 0
0 0 0 -180 0 -180 0 -180 0.038964 -111.123 0 0 0 -180 0 -0 0 0
0 0 0 -180 0 -180 0 -180 0.038604 -41.3869 0 0 0 -180 0 0 0 0
0 0 0 -180 0 -180 0 -180 0.038964 -111.123 0 -0 0 -180 0 0 0 0
0 -0 0 0 0 -0 0 -180 0.183802 138.718 0 -180 0 0 0 0 0 0
0 0 0 0 0 0 0 -180 1.186 69.5066 0 -180 0 0 0 0 0 0
inside=0 lambda=0.647 phi=25 theta=0
0 -0 0 -180 0 0 0 0 0.1157 133.524 0 0 0 -0 0 -180 0 0
0 180 0 -180 0 0 0 0 1.11786 67.0327 0 0 0 180 0 -180 0 0
0 -0 0 -180 0 -180 0 0 4.27685e-14 139.343 0 180 0 180 0 0 0 0
0 0 0 180 0 -180 0 0 5.12961e-14 101.383 0 -180 0 -180 0 -0 0 0
0 0 0 -180 0 -180 0 180 1.42319e-13 157.849 0 -180 0 -180 0 0 0 0
0 0 0 -180 0 -180 0 -0 4.65717e-13 118.091 0 180 0 -180 0 0 0 0
0 0 0 0 0 0 0 -180 0.25169 134.038 0 -180 0 0 0 0 0 0
0 0 0 0 0 0 0 -180 1.25262 67.0964 0 -180 0 0 0 0 0 0
inside=0 lambda=0.647 phi=25 theta=15
0 -0 0 -180 0 0 0 0 0.124732 133.566 0 0 0 -0 0 -180 0 0
0 180 0 -180 0 0 0 0 1.12693 67.0303 0 0 0 180 0 -180 0 0
0 -0 0 -180 0 -180 0 -180 0.0334894 -46.3435 0 0 0 180 0 0 0 0
0 0 0 180 0 -180 0 -180 0.0338287 -113.696 0 0 0 -180 0 -0 0 0
0 0 0 -180 0 -180 0 -180 0.0335648 -46.2227 0 0 0 -180 0 0 0 0
0 0 0 -180 0 -180 0 -180 0.0337834 -113.445 0 -0 0 -180 0 0 0 0
0 0 0 0 0 0 0 -180 0.242412 133.98 0 -180 0 0 0 0 0 0
0 0 0 0 0 0 0 -180 1.24367 67.0799 0 -180 0 0 0 0 0 0
inside=0 lambda=0.647 phi=25 theta=30
0 -0 0 -180 0 0 0 0 0.14945 133.654 0 0 0 -0 0 -180 0 0
0 180 0 -180 0 0 0 0 1.15167 67.0284 0 0 0 180 0 -180 0 0
0 0 0 -180 0 -180 0 -180 0.0580554 -46.3257 0 0 0 180 0 0 0 0
0 0 0 180 0 -180 0 -180 0.0585854 -113.61 0 0 0 -180 0 -0 0 0
0 0 0 -180 0 -180 0 -180 0.0581222 -46.2636 0 0 0 -180 0 0 0 0
0 0 0 -180 0 -180 0 -180 0.0585478 -113.482 0 -0 0 -180 0 0 0 0
0 -0 0 0 0 -0 0 -180 0.217312 133.865 0 -180 0 0 0 0 0 0
0 0 0 0 0 0 0 -180 1.21911 67.0521 0 -180 0 0 0 0 0 0
inside=0 lambda=0.647 phi=25 theta=45
0 -0 0 -180 0 0 0 0 0.183303 133.754 0 0 0 -0 0 -180 0 0
0 0 0 -180 0 0 0 0 1.18543 67.0342 0 0 0 180 0 -180 0 0
0 0 0 -180 0 -180 0 -180 0.0670839 -46.2991 0 0 0 -180 0 0 0 0
0 0 0 -180 0 -180 0 -180 0.067633 -113.536 0 0 0 -180 0 -0 0 0
0 0 0 -180 0 -180 0 -180 0.0670839 -46.2991 0 0 0 -180 0 0 0 0
0 0 0 -180 0 -180 0 -180 0.067633 -113.536 0 -0 0 -180 0 0 0 0
0 -0 0 0 0 -0 0 -180 0.183303 133.754 0 -180 0 0 0 0 0 0
0 0 0 0 0 180 0 -180 1.18543 67.0342 0 -180 0 0 0 0 0 0
inside=0 lambda=0.647 phi=30 theta=0
0 -0 0 -180 0 0 0.014752 -71.5759 0.0695431 127.2 0 0 0 -0 0 -180 0 0
0 180 0 -180 0 0 0 180 1.07046 64.0713 0 0 0 180 0 -180 0 0
0 -0 0 -180 0 -180 1.15067e-12 -162.57 2.68821e-13 -45.2218 0 -180 0 180 0 0 0 0
0 0 0 180 0 -180 0 -180 2.55622e-13 -77.3857 0 -180 0 -180 0 -0 0 0
0 0 0 -180 0 -180 2.54022e-13 -175.015 4.25037e-13 155.563 0 -180 0 -180 0 0 0 0
0 0 0 -180 0 -180 0 180 3.26375e-13 13.9686 0 180 0 -180 0 0 0 0
0 0 0 0 0 0 0.160161 -106.729 0.294984 128.873 0 -180 0 0 0 0 0 0
0 0 0 0 0 0 0 -180 1.29229 64.2089 0 -180 0 0 0 0 0 0
inside=0 lambda=0.647 phi=30 theta=15
0 -0 0 -180 0 0 0 -0 0.084298 127.15 0 0 0 -0 0 -180 0 0
0 180 0 -180 0 0 0 180 1.08614 64.0653 0 0 0 180 0 -180 0 0
0 -0 0 -180 0 -180 0 -180 0.0559085 -52.2503 0 0 0 180 0 0 0 0
0 0 0 180 0 -180 0 -180 0.056498 -116.766 0 0 0 -180 0 -0 0 0
0 0 0 -180 0 -180 0 -180 0.0561316 -51.9981 0 0 0 -180 0 0 0 0
0 0 0 -180 0 -180 0 -180 0.0562966 -116.289 0 -0 0 -180 0 0 0 0
0 0 0 0 0 0 0 -180 0.281482 128.361 0 -180 0 0 0 0 0 0
0 0 0 0 0 0 0 -180 1.28071 64.2019 0 -180 0 0 0 0 0 0
inside=0 lambda=0.647 phi=30 theta=30
0 -0 0 -180 0 0 0 0 0.12538 127.533 0 0 0 -0 0 -180 0 0
0 180 0 -180 0 0 0 180 1.12749 64.0441 0 0 0 180 0 -180 0 0
0 -0 0 -180 0 -180 0 -180 0.0970453 -52.2512 0 0 0 180 0 0 0 0
0 0 0 180 0 -180 0 -180 0.0978282 -116.55 0 0 0 -180 0 -0 0 0
0 0 0 -180 0 -180 0 -180 0.0971884 -52.1583 0 0 0 -180 0 0 0 0
0 0 0 -180 0 -180 0 -180 0.0977345 -116.373 0 -0 0 -180 0 0 0 0
0 -0 0 0 0 -0 0 -180 0.238678 127.963 0 -180 0 0 0 0 0 0
0 0 0 0 0 180 0 -180 1.24012 64.0848 0 -180 0 0 0 0 0 0
inside=0 lambda=0.647 phi=30 theta=45
0 -0 0 -180 0 0 0 0 0.18184 127.748 0 0 0 -0 0 -180 0 0
0 180 0 -180 0 0 0 0 1.1839 64.0484 0 0 0 180 0 -180 0 0
0 0 0 -180 0 -180 0 -180 0.112166 -52.2211 0 0 0 180 0 0 0 0
0 0 0 -180 0 -180 0 -180 0.112936 -116.446 0 0 0 -180 0 -0 0 0
0 0 0 -180 0 180 0 -180 0.112166 -52.2211 0 0 0 -180 0 0 0 0
0 0 0 -180 0 -180 0 -180 0.112936 -116.446 0 -0 0 -180 0 0 0 0
0 -0 0 0 0 -0 0 -180 0.18184 127.748 0 -180 0 0 0 0 0 0
0 180 0 0 0 180 0 -180 1.1839 64.0484 0 -180 0 0 0 0 0 0
inside=0 lambda=0.647 phi=35 theta=0
0 -0 0 180 0 0 0.0326227 -56.475 0.0127009 -56.104 0 0 0 -0 0 180 0 0
0 180 0 -0 0 -0 0 180 0.987408 60.5737 0 0 0 180 0 -0 0 -0
0 -0 0 -180 0 -180 1.56145e-13 -74.4323 2.82294e-13 5.05132 0 -180 0 180 0 0 0 0
0 180 0 180 0 -180 0 -0 3.03678e-13 -30.6896 0 -180 0 -0 0 -0 0 0
0 0 0 -180 0 -180 2.85646e-13 -3.22989 3.3092e-13 37.1809 0 0 0 -180 0 0 0 0
0 0 0 -180 0 -180 0 180 5.07126e-13 -68.7191 0 0 0 -180 0 0 0 0
0 0 0 0 0 0 0.157736 -69.6718 0.363415 121.749 0 -180 0 0 0 0 0 0
0 0 0 0 0 0 0 -0 1.36264 60.559 0 -180 0 0 0 0 0 0
inside=0 lambda=0.647 phi=35 theta=15
0 -0 0 180 0 0 0.0281663 -68.6661 0.0129125 117.213 0 0 0 -0 0 180 0 0
0 180 0 -180 0 0 0 180 1.01312 60.5814 0 0 0 180 0 -0 0 -0
0 -0 0 -180 0 -180 0.0178507 -147.602 0.0946056 -59.2776 0 0 0 180 0 0 0 0
0 180 0 180 0 -180 0 -180 0.0957944 -120.044 0 0 0 -0 0 -0 0 -0
0 0 0 -180 0 -180 0.0307649 -99.6631 0.0945176 -58.9122 0 0 0 -180 0 0 0 0
0 0 0 -180 0 -180 0 -180 0.0951373 -119.905 0 -0 0 -180 0 0 0 0
0 0 0 0 0 0 0.154457 -83.2843 0.339602 121.798 0 -180 0 0 0 0 0 0
0 0 0 0 0 0 0 -180 1.33818 60.6219 0 -180 0 0 0 0 0 0
inside=0 lambda=0.647 phi=35 theta=30
0 -0 0 -180 0 0 0 -0 0.0821029 120.035 0 0 0 -0 0 -180 0 0
0 180 0 -180 0 0 0 180 1.08399 60.5742 0 0 0 180 0 -180 0 -0
0 -0 0 -180 0 -180 0 180 0.164345 -59.1131 0 0 0 180 0 0 0 0
0 0 0 180 0 -180 0 -180 0.165448 -119.959 0 0 0 -0 0 -0 0 0
0 0 0 -180 0 -180 0 -180 0.164629 -58.9773 0 0 0 -180 0 0 0 0
0 0 0 -180 0 -180 0 -180 0.165199 -119.725 0 -0 0 -180 0 0 0 0
0 -0 0 0 0 -0 0 -180 0.273697 121.158 0 -180 0 0 0 0 0 0
0 180 0 0 0 180 0 -180 1.27444 60.6509 0 -180 0 0 0 0 0 0
inside=0 lambda=0.647 phi=35 theta=45
0 -0 0 -180 0 0 0 0 0.177432 120.715 0 0 0 -0 0 -180 0 0
0 180 0 -180 0 0 0 0 1.17945 60.5685 0 0 0 180 0 -180 0 -0
0 0 0 -180 0 -180 0 -180 0.189998 -59.105 0 0 0 180 0 0 0 0
0 0 0 180 0 -180 0 -180 0.191024 -119.83 0 0 0 -180 0 -0 0 0
0 0 0 -180 0 180 0 -180 0.189998 -59.105 0 0 0 -180 0 0 0 0
0 0 0 -180 0 -180 0 180 0.191024 -119.83 0 -0 0 -180 0 0 0 0
0 -0 0 0 0 -0 0 -180 0.177432 120.715 0 -180 0 0 0 0 0 0
0 180 0 0 0 180 0 -180 1.17945 60.5685 0 -180 0 0 0 0 0 -0
inside=0 lambda=0.647 phi=40 theta=0
0 -0 0 180 0 0 0.0491323 -50.7027 0.19963 -66.6955 0 0 0 -0 0 180 0 0
0 180 0 -0 0 -0 0 -180 0.799344 56.6175 0 -0 0 180 0 -0 0 -0
0 -0 0 -180 0 -180 1.61396e-12 134.189 5.63474e-13 -170.902 0 0 0 180 0 0 0 0
0 180 0 180 0 180 0 180 7.11433e-13 154.281 0 0 0 -0 0 -0 0 -0
0 0 0 -180 0 -180 3.29516e-13 131.789 5.72061e-13 89.1356 0 -0 0 -180 0 0 0 0
0 0 0 -180 0 -180 0 0 4.82439e-13 59.3107 0 -0 0 -180 0 0 0 0
0 0 0 0 0 0 0.163169 -45.1854 0.510619 113.38 0 -180 0 0 0 0 0 0
0 0 0 0 0 0 0 -0 1.51275 56.4338 0 -180 0 0 0 0 0 0
inside=0 lambda=0.647 phi=40 theta=15
0 -0 0 180 0 0 0.0443701 -62.2541 0.151405 -66.4989 0 0 0 -0 0 180 0 0
0 180 0 -0 0 -0 0 -180 0.847757 56.6178 0 -0 0 180 0 -0 0 -0
0 -0 0 -180 0 -180 0.0246753 -161.804 0.178812 -67.0739 0 0 0 180 0 0 0 0
0 180 0 180 0 180 0 -180 0.180494 -123.886 0 0 0 -0 0 -0 0 -0
0 0 0 -180 0 -180 0.0406662 -80.6847 0.17845 -66.8663 0 0 0 -180 0 0 0 0
0 0 0 -180 0 -180 0 -180 0.179848 -123.799 0 -0 0 -180 0 0 0 0
0 -0 0 0 0 0 0.154914 -58.2173 0.464634 113.489 0 -180 0 0 0 0 0 0
0 0 0 0 0 0 0 -0 1.46553 56.5136 0 -180 0 0 0 0 0 0
inside=0 lambda=0.647 phi=40 theta=30
0 -0 0 180 0 0 0.0220039 -120.478 0.0197345 -61.0198 0 0 0 -0 0 180 0 0
0 180 0 -180 0 -0 0 180 0.980534 56.6447 0 -0 0 180 0 -0 0 -0
0 -0 0 -180 0 -180 0.0435543 172.555 0.310529 -66.832 0 0 0 180 0 0 0 0
0 180 0 180 0 180 0 -180 0.312593 -123.747 0 0 0 -0 0 -0 0 -0
0 0 0 -180 0 -180 0.0603825 -121.44 0.310502 -66.653 0 180 0 -180 0 0 0 0
0 0 0 -180 0 -180 0 -180 0.311554 -123.624 0 -0 0 -180 0 0 0 0
0 -0 0 0 0 -0 0.139451 -110.343 0.338805 113.652 0 -180 0 0 0 0 0 0
0 180 0 0 0 180 0 -180 1.33785 56.7269 0 -180 0 0 0 0 0 -0
inside=0 lambda=0.647 phi=40 theta=45
0 -0 0 -180 0 0 0 0 0.159785 112.566 0 0 0 -0 0 -180 0 0
0 180 0 -180 0 0 0 180 1.16184 56.6088 0 0 0 180 0 -180 0 -0
0 0 0 -180 0 -180 0 180 0.359767 -66.8925 0 0 0 180 0 180 0 0
0 0 0 180 0 -180 0 -180 0.361148 -123.658 0 0 0 -0 0 -0 0 -0
0 0 0 180 0 180 0 -180 0.359767 -66.8925 0 180 0 -180 0 0 0 0
0 0 0 -180 0 -0 0 180 0.361148 -123.658 0 -0 0 -180 0 0 0 -0
0 -0 0 0 0 -0 0 -180 0.159785 112.566 0 -180 0 0 0 0 0 0
0 180 0 180 0 180 0 -180 1.16184 56.6088 0 -180 0 0 0 0 0 -0
inside=0 lambda=0.647 phi=45 theta=0
0 -0 0 180 0 180 0.0880709 -67.8159 0.995664 -129.268 0 180 0 -0 0 180 0 180
0 180 0 -0 0 -0 0 180 0 180 0 -0 0 180 0 -0 0 -0
0 -0 0 -0 0 -0 1.7168e-12 -141.987 2.09892e-12 56.7979 0 0 0 180 0 180 0 180
0 180 0 180 0 180 0 -180 0 -0 0 0 0 -0 0 -0 0 -0
0 0 0 -180 0 -180 5.77177e-13 4.84614 5.66432e-13 -169.039 0 180 0 -180 0 0 0 0
0 0 0 -180 0 -180 0 0 0 0 0 0 0 -180 0 0 0 0
0 0 0 0 0 0 0.217009 -34.7398 0.978667 76.8634 0 -180 0 0 0 0 0 0
0 0 0 0 0 0 0 -0 0 0 0 -180 0 0 0 0 0 0
inside=0 lambda=0.647 phi=45 theta=15
0 -0 0 180 0 180 0.0682907 -81.5227 0.871023 -131.172 0 180 0 -0 0 180 0 180
0 180 0 -0 0 -0 0 180 0 180 0 -0 0 180 0 -0 0 -0
0 -0 0 -0 0 -0 0.0673605 124.986 0.480597 -115.905 0 0 0 180 0 180 0 180
0 180 0 180 0 180 0 0 0 -180 0 -0 0 -0 0 -0 0 -0
0 0 0 -180 0 -180 0.0628401 -77.8463 0.481121 -116.049 0 180 0 -180 0 0 0 0
0 0 0 -180 0 -180 0 -180 0 -180 0 -180 0 -180 0 0 0 0
0 -0 0 0 0 0 0.190152 -45.1987 0.857301 78.9643 0 -180 0 0 0 0 0 0
0 0 0 0 0 0 0 -0 0 0 0 -180 0 0 0 0 0 -0
inside=0 lambda=0.647 phi=45 theta=30
0 -180 0 180 0 180 0.0159135 -114.021 0.53707 -141.156 0 180 0 -0 0 180 0 180
0 180 0 -0 0 -0 0 180 0 0 0 -0 0 180 0 -180 0 -0
0 -0 0 -180 0 -0 0.0943954 93.0918 0.838933 -115.699 0 0 0 180 0 180 0 180
0 180 0 180 0 180 0 0 0 -180 0 -0 0 -0 0 -0 0 -0
0 0 0 180 0 180 0.0806567 -116.693 0.838135 -115.83 0 180 0 -180 0 0 0 0
0 0 0 -180 0 -180 0 180 0 -180 0 -180 0 180 0 0 0 -0
0 -0 0 0 0 -0 0.124174 -81.0541 0.529807 89.2012 0 -180 0 0 0 0 0 180
0 180 0 0 0 0 0 -0 0 0 0 -180 0 -0 0 -0 0 -0
inside=0 lambda=0.647 phi=45 theta=45
0 -180 0 180 0 0 0 -0 0.226793 154.054 0 180 0 -0 0 -180 0 180
0 180 0 -0 0 -0 0 180 0 0 0 -0 0 0 0 -180 0 -0
0 -0 0 -180 0 -180 0 0 0.973943 -115.946 0 0 0 180 0 180 0 180
0 180 0 180 0 180 0 -0 0 -180 0 -0 0 -180 0 -0 0 -0
0 -0 0 0 0 180 0 -180 0.973943 -115.946 0 180 0 -180 0 0 0 180
0 180 0 -0 0 -180 0 180 0 -180 0 -0 0 180 0 -0 0 -0
0 -180 0 -0 0 -0 0 180 0.226793 154.054 0 -180 0 0 0 180 0 180
0 180 0 180 0 0 0 -0 0 0 0 -180 0 -0 0 -0 0 -0
inside=1 lambda=0.647 phi=0 theta=0
0 0 0 -180 0 0 0 0 0.183931 -179.729 0 0 0 0 0 -180 0 0
0 0 0 -180 0 0 0 0 0.814431 73.9697 0 0 0 0 0 -180 0 0
0 0 0 -180 0 -180 0 -180 5.10745e-13 93.7439 0 -0 0 -180 0 0 0 0
0 0 0 -180 0 -180 0 -180 7.68862e-14 32.9249 0 -180 0 -180 0 0 0 0
0 0 0 -180 0 -180 0 -0 1.26884e-13 69.9976 0 -0 0 -180 0 -180 0 0
0 0 0 -180 0 -180 0 -0 4.49499e-14 -110.149 0 -0 0 -180 0 -180 0 0
0 0 0 0 0 0 0 -180 0.183931 -179.729 0 -180 0 0 0 0 0 0
0 0 0 0 0 0 0 -180 0.814431 73.9697 0 -180 0 0 0 0 0 0
inside=1 lambda=0.647 phi=0 theta=15
0 0 0 -180 0 0 0 0 0.183931 -179.729 0 0 0 0 0 -180 0 0
0 0 0 -180 0 0 0 0 0.814431 73.9697 0 0 0 0 0 -180 0 0
0 0 0 -180 0 -180 0 -180 5.10745e-13 93.7439 0 -0 0 -180 0 0 0 0
0 0 0 -180 0 -180 0 -180 7.68862e-14 32.9249 0 -180 0 -180 0 0 0 0
0 0 0 -180 0 -180 0 -0 1.26884e-13 69.9976 0 -0 0 -180 0 -180 0 0
0 0 0 -180 0 -180 0 -0 4.49499e-14 -110.149 0 -0 0 -180 0 -180 0 0
0 0 0 0 0 0 0 -180 0.183931 -179.729 0 -180 0 0 0 0 0 0
0 0 0 0 0 0 0 -180 0.814431 73.9697 0 -180 0 0 0 0 0 0
inside=1 lambda=0.647 phi=0 theta=30
0 0 0 -180 0 0 0 0 0.183931 -179.729 0 0 0 0 0 -180 0 0
0 0 0 -180 0 0 0 0 0.814431 73.9697 0 0 0 0 0 -180 0 0
0 0 0 -180 0 -180 0 -180 5.10745e-13 93.7439 0 -0 0 -180 0 0 0 0
0 0 0 -180 0 -180 0 -180 7.68862e-14 32.9249 0 -180 0 -180 0 0 0 0
0 0 0 -180 0 -180 0 -0 1.26884e-13 69.9976 0 -0 0 -180 0 -180 0 0
0 0 0 -180 0 -180 0 -0 4.49499e-14 -110.149 0 -0 0 -180 0 -180 0 0
0 0 0 0 0 0 0 -180 0.183931 -179.729 0 -180 0 0 0 0 0 0
0 0 0 0 0 0 0 -180 0.814431 73.9697 0 -180 0 0 0 0 0 0
inside=1 lambda=0.647 phi=0 theta=45
0 0 0 -180 0 0 0 0 0.183931 -179.729 0 0 0 0 0 -180 0 0
0 0 0 -180 0 0 0 0 0.814431 73.9697 0 0 0 0 0 -180 0 0
0 0 0 -180 0 -180 0 -180 5.10745e-13 93.7439 0 -0 0 -180 0 0 0 0
0 0 0 -180 0 -180 0 -180 7.68862e-14 32.9249 0 -180 0 -180 0 0 0 0
0 0 0 -180 0 -180 0 -0 1.26884e-13 69.9976 0 -0 0 -180 0 -180 0 0
0 0 0 -180 0 -180 0 -0 4.49499e-14 -110.149 0 -0 0 -180 0 -180 0 0
0 0 0 0 0 0 0 -180 0.183931 -179.729 0 -180 0 0 0 0 0 0
0 0 0 0 0 0 0 -180 0.814431 73.9697 0 -180 0 0 0 0 0 0
inside=1 lambda=0.647 phi=5 theta=0
0 0 0 -180 0 0 0 0 0.182953 -179.727 0 0 0 0 0 -180 0 0
0 0 0 -180 0 0 0 0 0.815405 73.8368 0 0 0 0 0 -180 0 0
0 0 0 -180 0 -180 0 -180 2.23697e-13 143.067 0 0 0 -180 0 0 0 0
0 0 0 -180 0 -180 0 -180 9.6389e-14 83.8084 0 0 0 -180 0 0 0 0
0 0 0 -180 0 -180 0 180 9.90952e-14 -81.2272 0 180 0 -180 0 0 0 0
0 0 0 -180 0 -180 0 -0 5.66227e-14 -72.4404 0 180 0 -180 0 0 0 0
0 0 0 0 0 0 0 -180 0.184918 -179.73 0 -180 0 0 0 0 0 0
0 0 0 0 0 0 0 -180 0.813455 73.8375 0 -180 0 0 0 0 0 0
inside=1 lambda=0.647 phi=5 theta=15
0 0 0 -180 0 0 0 0 0.183085 -179.727 0 0 0 0 0 -180 0 0
0 0 0 -180 0 0 0 0 0.815274 73.8369 0 0 0 0 0 -180 0 0
0 0 0 -180 0 -180 0 -180 0.000484057 0.214163 0 0 0 -180 0 0 0 0
0 0 0 -180 0 -180 0 -180 0.000486211 74.3413 0 0 0 -180 0 0 0 0
0 0 0 -180 0 -180 0 -180 0.000484104 0.212658 0 0 0 -180 0 0 0 0
0 0 0 -180 0 -180 0 -180 0.000486215 74.3369 0 0 0 -180 0 0 0 0
0 0 0 0 0 0 0 -180 0.184787 -179.73 0 -180 0 0 0 0 0 0
0 0 0 0 0 0 0 -180 0.813586 73.8375 0 -180 0 0 0 0 0 0
inside=1 lambda=0.647 phi=5 theta=30
0 0 0 -180 0 0 0 0 0.183444 -179.728 0 0 0 0 0 -180 0 0
0 0 0 -180 0 0 0 0 0.814917 73.837 0 0 0 0 0 -180 0 0
0 0 0 -180 0 -180 0 -180 0.000838428 0.213843 0 0 0 -180 0 0 0 0
0 0 0 -180 0 -180 0 -180 0.000842144 74.3403 0 0 0 -180 0 0 0 0
0 0 0 -180 0 -180 0 -180 0.000838476 0.212974 0 0 0 -180 0 0 0 0
0 0 0 -180 0 -180 0 -180 0.000842148 74.3378 0 0 0 -180 0 0 0 0
0 0 0 0 0 0 0 -180 0.184427 -179.729 0 -180 0 0 0 0 0 0
0 0 0 0 0 0 0 -180 0.813943 73.8373 0 -180 0 0 0 0 0 0
inside=1 lambda=0.647 phi=5 theta=45
0 0 0 -180 0 0 0 0 0.183936 -179.728 0 0 0 0 0 -180 0 0
0 0 0 -180 0 0 0 0 0.81443 73.8372 0 0 0 0 0 -180 0 0
0 0 0 -180 0 -180 0 -180 0.000968161 0.213408 0 0 0 -180 0 0 0 0
0 0 0 -180 0 -180 0 -180 0.000972426 74.3391 0 0 0 -180 0 0 0 0
0 0 0 -180 0 -180 0 -180 0.000968161 0.213408 0 0 0 -180 0 0 0 0
0 0 0 -180 0 -180 0 -180 0.000972426 74.3391 0 0 0 -180 0 0 0 0
0 0 0 0 0 0 0 -180 0.183936 -179.728 0 -180 0 0 0 0 0 0
0 0 0 0 0 0 0 -180 0.81443 73.8372 0 -180 0 0 0 0 0 0
inside=1 lambda=0.647 phi=10 theta=0
0 0 0 -180 0 0 0 0 0.179982 -179.72 0 0 0 0 0 -180 0 0
0 0 0 -180 0 0 0 0 0.818365 73.4409 0 0 0 0 0 -180 0 0
0 0 0 -180 0 -180 0 180 6.91998e-14 9.16416 0 -180 0 -180 0 0 0 0
0 0 0 -180 0 -180 0 180 6.50128e-14 -51.738 0 -180 0 -180 0 0 0 0
0 0 0 -180 0 -180 0 -180 9.41593e-14 -15.1396 0 -180 0 -180 0 0 0 0
0 0 0 -180 0 -180 0 -180 1.167e-13 -67.063 0 -180 0 -180 0 0 0 0
0 0 0 0 0 0 0 -180 0.187915 -179.733 0 -180 0 0 0 0 0 0
0 0 0 0 0 0 0 -180 0.810496 73.4435 0 -180 0 0 0 0 0 0
inside=1 lambda=0.647 phi=10 theta=15
0 0 0 -180 0 0 0 0 0.180513 -179.721 0 0 0 0 0 -180 0 0
0 0 0 -180 0 0 0 0 0.817838 73.441 0 0 0 0 0 -180 0 0
0 0 0 -180 0 -180 0 -180 0.00195413 0.216284 0 0 0 -180 0 0 0 0
0 0 0 -180 0 -180 0 -180 0.00196289 73.9472 0 0 0 -180 0 0 0 0
0 0 0 -180 0 -180 0 -180 0.00195489 0.210079 0 0 0 -180 0 0 0 0
0 0 0 -180 0 -180 0 -180 0.00196296 73.9297 0 0 0 -180 0 0 0 0
0 0 0 0 0 0 0 -180 0.187384 -179.732 0 -180 0 0 0 0 0 0
0 0 0 0 0 0 0 -180 0.811023 73.4433 0 -180 0 0 0 0 0 0
inside=1 lambda=0.647 phi=10 theta=30
0 0 0 -180 0 0 0 0 0.181965 -179.723 0 0 0 0 0 -180 0 0
0 0 0 -180 0 0 0 0 0.816398 73.4415 0 0 0 0 0 -180 0 0
0 0 0 -180 0 -180 0 -180 0.00338493 0.214946 0 0 0 -180 0 0 0 0
0 0 0 -180 0 -180 0 -180 0.00339985 73.9433 0 0 0 -180 0 0 0 0
0 0 0 -180 0 -180 0 -180 0.00338569 0.211365 0 0 0 -180 0 0 0 0
0 0 0 -180 0 -180 0 -180 0.00339992 73.9332 0 0 0 -180 0 0 0 0
0 0 0 0 0 0 0 -180 0.185931 -179.73 0 -180 0 0 0 0 0 0
0 0 0 0 0 0 0 -180 0.812463 73.4428 0 -180 0 0 0 0 0 0
inside=1 lambda=0.647 phi=10 theta=45
0 0 0 -180 0 0 0 0 0.183948 -179.727 0 0 0 0 0 -180 0 0
0 0 0 -180 0 0 0 0 0.814431 73.4421 0 0 0 0 0 -180 0 0
0 0 0 -180 0 -180 0 -180 0.00390903 0.213142 0 0 0 -180 0 0 0 0
0 0 0 -180 0 -180 0 -180 0.00392585 73.9382 0 0 0 -180 0 0 0 0
0 0 0 -180 0 -180 0 -180 0.00390903 0.213142 0 0 0 -180 0 0 0 0
0 0 0 -180 0 -180 0 -180 0.00392585 73.9382 0 0 0 -180 0 0 0 0
0 0 0 0 0 0 0 -180 0.183948 -179.727 0 -180 0 0 0 0 0 0
0 0 0 0 0 0 0 -180 0.814431 73.4421 0 -180 0 0 0 0 0 0
inside=1 lambda=0.647 phi=15 theta=0
0 -0 0 -180 0 0 0 0 0.174903 -179.708 0 0 0 -0 0 -180 0 0
0 0 0 -180 0 0 0 0 0.823429 72.7898 0 0 0 0 0 -180 0 0
0 0 0 -180 0 -180 0 -180 8.39409e-14 115.16 0 -0 0 -180 0 0 0 0
0 0 0 -180 0 -180 0 -180 7.2441e-14 7.8247 0 -0 0 -180 0 0 0 0
0 0 0 -180 0 -180 0 -0 4.74843e-14 -86.3352 0 -180 0 -180 0 0 0 0
0 0 0 -180 0 -180 0 -180 2.26423e-13 -77.3172 0 -0 0 -180 0 0 0 0
0 0 0 0 0 0 0 -180 0.193029 -179.738 0 -180 0 0 0 0 0 0
0 0 0 0 0 0 0 -180 0.805447 72.7959 0 -180 0 0 0 0 0 0
inside=1 lambda=0.647 phi=15 theta=15
0 -0 0 -180 0 0 0 0 0.176115 -179.71 0 0 0 -0 0 -180 0 0
0 0 0 -180 0 0 0 0 0.822224 72.7901 0 0 0 0 0 -180 0 0
0 0 0 -180 0 -180 0 -180 0.00446503 0.220001 0 0 0 -180 0 0 0 0
0 0 0 -180 0 -180 0 -180 0.00448538 73.2997 0 0 0 -180 0 0 0 0
0 0 0 -180 0 -180 0 -180 0.0044689 0.205343 0 0 0 -180 0 0 0 0
0 0 0 -180 0 -180 0 -180 0.00448569 73.2606 0 0 0 -180 0 0 0 0
0 0 0 0 0 0 0 -180 0.191813 -179.736 0 -180 0 0 0 0 0 0
0 0 0 0 0 0 0 -180 0.806652 72.7954 0 -180 0 0 0 0 0 0
inside=1 lambda=0.647 phi=15 theta=30
0 -0 0 -180 0 0 0 0 0.179429 -179.716 0 0 0 -0 0 -180 0 0
0 0 0 -180 0 0 0 0 0.818935 72.791 0 0 0 0 0 -180 0 0
0 0 0 -180 0 -180 0 -180 0.00773519 0.216755 0 0 0 -180 0 0 0 0
0 0 0 -180 0 -180 0 -180 0.00776901 73.2905 0 0 0 -180 0 0 0 0
0 0 0 -180 0 -180 0 -180 0.00773905 0.208309 0 0 0 -180 0 0 0 0
0 0 0 -180 0 -180 0 -180 0.00776932 73.2679 0 0 0 -180 0 0 0 0
0 0 0 0 0 0 0 -180 0.188492 -179.731 0 -180 0 0 0 0 0 0
0 0 0 0 0 0 0 -180 0.809944 72.7941 0 -180 0 0 0 0 0 0
inside=1 lambda=0.647 phi=15 theta=45
0 0 0 -180 0 0 0 0 0.183959 -179.724 0 0 0 0 0 -180 0 0
0 0 0 -180 0 0 0 0 0.81444 72.7925 0 0 0 0 0 -180 0 0
0 0 0 -180 0 -180 0 -180 0.00893411 0.212463 0 0 0 -180 0 0 0 0
0 0 0 -180 0 -180 0 -180 0.00897105 73.2787 0 0 0 -180 0 0 0 0
0 0 0 -180 0 -180 0 -180 0.00893411 0.212463 0 0 0 -180 0 0 0 0
0 0 0 -180 0 -180 0 -180 0.00897105 73.2787 0 0 0 -180 0 0 0 0
0 0 0 0 0 0 0 -180 0.183959 -179.724 0 -180 0 0 0 0 0 0
0 0 0 0 0 0 0 -180 0.81444 72.7925 0 -180 0 0 0 0 0 0
inside=1 lambda=0.647 phi=20 theta=0
0 -0 0 -180 0 0 0 0 0.167511 -179.689 0 0 0 -0 0 -180 0 0
0 180 0 -180 0 0 0 0 0.830801 71.897 0 0 0 180 0 -180 0 0
0 0 0 -180 0 -180 0 0 3.79104e-14 -172.333 0 -180 0 -180 0 0 0 0
0 0 0 -180 0 -180 0 0 2.63796e-14 97.4328 0 -180 0 -180 0 0 0 0
0 0 0 -180 0 -180 0 180 1.159e-13 -27.9823 0 180 0 -180 0 0 0 0
0 0 0 -180 0 -180 0 -0 7.97259e-14 -67.3073 0 0 0 -180 0 0 0 0
0 0 0 0 0 0 0 -180 0.200444 -179.747 0 -180 0 0 0 0 0 0
0 0 0 0 0 0 0 -180 0.798129 71.9084 0 -180 0 0 0 0 0 0
inside=1 lambda=0.647 phi=20 theta=15
0 -0 0 -180 0 0 0 0 0.169712 -179.694 0 0 0 -0 0 -180 0 0
0 180 0 -180 0 0 0 0 0.828614 71.8974 0 0 0 180 0 -180 0 0
0 0 0 -180 0 -180 0 -180 0.00811201 0.22565 0 0 0 -180 0 0 0 0
0 0 0 -180 0 -180 0 -180 0.00814991 72.4134 0 0 0 -180 0 0 0 0
0 0 0 -180 0 -180 0 -180 0.00812436 0.19783 0 0 0 -180 0 0 0 0
0 0 0 -180 0 -180 0 -180 0.00815086 72.3437 0 -0 0 -180 0 0 0 0
0 0 0 0 0 0 0 -180 0.198232 -179.744 0 -180 0 0 0 0 0 0
0 0 0 0 0 0 0 -180 0.800319 71.9073 0 -180 0 0 0 0 0 0
inside=1 lambda=0.647 phi=20 theta=30
0 -0 0 -180 0 0 0 0 0.175729 -179.705 0 0 0 -0 0 -180 0 0
0 0 0 -180 0 0 0 0 0.822637 71.8989 0 0 0 180 0 -180 0 0
0 0 0 -180 0 -180 0 -180 0.0140555 0.219246 0 0 0 -180 0 0 0 0
0 0 0 -180 0 -180 0 -180 0.0141164 72.3955 0 0 0 -180 0 0 0 0
0 0 0 -180 0 -180 0 -180 0.0140678 0.203291 0 0 0 -180 0 0 0 0
0 0 0 -180 0 -180 0 -180 0.0141173 72.3555 0 -0 0 -180 0 0 0 0
0 0 0 0 0 -0 0 -180 0.192193 -179.734 0 -180 0 0 0 0 0 0
0 0 0 0 0 0 0 -180 0.806302 71.9045 0 -180 0 0 0 0 0 0
inside=1 lambda=0.647 phi=20 theta=45
0 -0 0 -180 0 0 0 0 0.183955 -179.72 0 0 0 -0 0 -180 0 0
0 0 0 -180 0 0 0 0 0.814471 71.9014 0 0 0 0 0 -180 0 0
0 0 0 -180 0 -180 0 -180 0.0162373 0.211034 0 0 0 -180 0 0 0 0
0 0 0 -180 0 -180 0 -180 0.0163007 72.374 0 0 0 -180 0 0 0 0
0 0 0 -180 0 -180 0 -180 0.0162373 0.211034 0 0 0 -180 0 0 0 0
0 0 0 -180 0 -180 0 -180 0.0163007 72.374 0 0 0 -180 0 0 0 0
0 -0 0 0 0 -0 0 -180 0.183955 -179.72 0 -180 0 0 0 0 0 0
0 0 0 0 0 0 0 -180 0.814471 71.9014 0 -180 0 0 0 0 0 0
inside=1 lambda=0.647 phi=25 theta=0
0 -0 0 -180 0 0 0 0 0.157503 -179.66 0 0 0 -0 0 -180 0 0
0 180 0 -180 0 0 0 0 0.84079 70.7813 0 0 0 180 0 -180 0 0
0 -0 0 -180 0 -180 0 -0 9.99309e-15 98.8042 0 0 0 180 0 0 0 0
0 0 0 -180 0 -180 0 -0 1.00529e-14 138.589 0 -0 0 -180 0 0 0 0
0 0 0 -180 0 -180 0 0 2.13193e-14 -109.448 0 180 0 -180 0 0 0 0
0 0 0 -180 0 -180 0 -180 6.15051e-15 -162.445 0 -0 0 -180 0 0 0 0
0 0 0 0 0 0 0 -180 0.210437 -179.762 0 -180 0 0 0 0 0 0
0 0 0 0 0 0 0 -180 0.788274 70.8003 0 -180 0 0 0 0 0 0
inside=1 lambda=0.647 phi=25 theta=15
0 -0 0 -180 0 0 0 0 0.161037 -179.668 0 0 0 -0 0 -180 0 0
0 180 0 -180 0 0 0 0 0.837275 70.7818 0 0 0 180 0 -180 0 0
0 -0 0 -180 0 -180 0 -180 0.0130368 0.233864 0 0 0 180 0 0 0 0
0 0 0 -180 0 -180 0 -180 0.0131001 71.3086 0 0 0 -180 0 -0 0 0
0 0 0 -180 0 -180 0 -180 0.0130674 0.186715 0 0 0 -180 0 0 0 0
0 0 0 -180 0 -180 0 -180 0.0131023 71.1987 0 -0 0 -180 0 0 0 0
0 0 0 0 0 0 0 -180 0.206875 -179.756 0 -180 0 0 0 0 0 0
0 0 0 0 0 0 0 -180 0.791796 70.798 0 -180 0 0 0 0 0 0
inside=1 lambda=0.647 phi=25 theta=30
0 -0 0 -180 0 0 0 0 0.170698 -179.69 0 0 0 -0 0 -180 0 0
0 180 0 -180 0 0 0 0 0.827671 70.7837 0 0 0 180 0 -180 0 0
0 0 0 -180 0 -180 0 -180 0.022594 0.222424 0 0 0 180 0 0 0 0
0 0 0 -180 0 -180 0 -180 0.0226907 71.2773 0 0 0 -180 0 -0 0 0
0 0 0 -180 0 -180 0 -180 0.0226241 0.195663 0 0 0 -180 0 0 0 0
0 0 0 -180 0 -180 0 -180 0.0226929 71.215 0 -0 0 -180 0 0 0 0
0 0 0 0 0 -0 0 -180 0.197158 -179.74 0 -180 0 0 0 0 0 0
0 0 0 0 0 0 0 -180 0.801415 70.7928 0 -180 0 0 0 0 0 0
inside=1 lambda=0.647 phi=25 theta=45
0 -0 0 -180 0 0 0 0 0.183914 -179.716 0 0 0 -0 0 -180 0 0
0 0 0 -180 0 0 0 0 0.814547 70.7875 0 0 0 180 0 -180 0 0
0 0 0 -180 0 -180 0 -180 0.0261079 0.208432 0 0 0 180 0 0 0 0
0 0 0 -180 0 -180 0 -180 0.0262021 71.2425 0 0 0 -180 0 -0 0 0
0 0 0 -180 0 180 0 -180 0.0261079 0.208432 0 0 0 -180 0 0 0 0
0 0 0 -180 0 -180 0 -180 0.0262021 71.2425 0 -0 0 -180 0 0 0 0
0 -0 0 0 0 -0 0 -180 0.183914 -179.716 0 -180 0 0 0 0 0 0
0 0 0 0 0 180 0 -180 0.814547 70.7875 0 -180 0 0 0 0 0 0
inside=1 lambda=0.647 phi=30 theta=0
0 -0 0 -180 0 0 0 -0 0.144448 -179.613 0 0 0 -0 0 -180 0 0
0 180 0 -180 0 0 0 0 0.85383 69.4673 0 0 0 180 0 -180 0 0
0 -0 0 -180 0 -180 0 -180 1.03929e-13 69.8684 0 -180 0 180 0 0 0 0
0 0 0 180 0 -180 0 -180 3.27302e-14 43.359 0 -180 0 -180 0 -0 0 0
0 0 0 -180 0 -180 0 0 4.1004e-14 -123.44 0 -0 0 -180 0 0 0 0
0 0 0 -180 0 -180 0 -180 1.72943e-14 103.572 0 0 0 -180 0 0 0 0
0 0 0 0 0 0 0 -180 0.223397 -179.784 0 -180 0 0 0 0 0 0
0 0 0 0 0 0 0 -180 0.775511 69.4973 0 -180 0 0 0 0 0 0
inside=1 lambda=0.647 phi=30 theta=15
0 -0 0 -180 0 0 0 -0 0.14971 -179.63 0 0 0 -0 0 -180 0 0
0 180 0 -180 0 0 0 0 0.848591 69.4677 0 0 0 180 0 -180 0 0
0 -0 0 -180 0 -180 0 -180 0.0194366 0.245817 0 0 0 180 0 0 0 0
0 0 0 -180 0 -180 0 -180 0.0195367 70.0126 0 0 0 -180 0 -0 0 0
0 0 0 -180 0 -180 0 -180 0.0195019 0.170919 0 0 0 -180 0 0 0 0
0 0 0 -180 0 -180 0 -180 0.0195411 69.8513 0 -0 0 -180 0 0 0 0
0 0 0 0 0 0 0 -180 0.218068 -179.774 0 -180 0 0 0 0 0 0
0 0 0 0 0 0 0 -180 0.780768 69.4929 0 -180 0 0 0 0 0 0
inside=1 lambda=0.647 phi=30 theta=30
0 -0 0 -180 0 0 0 -0 0.164101 -179.669 0 0 0 -0 0 -180 0 0
0 180 0 -180 0 0 0 0 0.834273 69.4697 0 0 0 180 0 -180 0 0
0 -0 0 -180 0 -180 0 -180 0.0336969 0.226365 0 0 0 180 0 0 0 0
0 0 0 -180 0 -180 0 -180 0.0338395 69.9607 0 0 0 -180 0 -0 0 0
0 0 0 -180 0 180 0 -180 0.0337595 0.184712 0 0 0 -180 0 0 0 0
0 0 0 -180 0 -180 0 -180 0.0338439 69.8713 0 -0 0 -180 0 0 0 0
0 -0 0 0 0 -0 0 -180 0.203553 -179.749 0 -180 0 0 0 0 0 0
0 0 0 0 0 180 0 -180 0.79512 69.4833 0 -180 0 0 0 0 0 0
inside=1 lambda=0.647 phi=30 theta=45
0 -0 0 -180 0 0 0 0 0.183798 -179.712 0 0 0 -0 0 -180 0 0
0 0 0 -180 0 0 0 0 0.814704 69.4748 0 0 0 180 0 -180 0 0
0 0 0 -180 0 -180 0 -180 0.0389495 0.204184 0 0 0 180 0 0 0 0
0 0 0 -180 0 -180 0 -180 0.0390767 69.9086 0 0 0 -180 0 -0 0 0
0 0 0 -180 0 180 0 -180 0.0389495 0.204184 0 0 0 -180 0 0 0 0
0 0 0 -180 0 -180 0 -180 0.0390767 69.9086 0 -0 0 -180 0 0 0 0
0 -0 0 0 0 -0 0 -180 0.183798 -179.712 0 -180 0 0 0 0 0 0
0 0 0 0 0 180 0 -180 0.814704 69.4748 0 -180 0 0 0 0 0 0
inside=1 lambda=0.647 phi=35 theta=0
0 -0 0 -180 0 0 0 -0 0.127757 -179.535 0 0 0 -0 0 -180 0 0
0 180 0 -180 0 0 0 0 0.87052 67.9854 0 0 0 180 0 -180 0 0
0 -0 0 -180 0 -180 0 0 9.57573e-14 -36.5738 0 180 0 180 0 0 0 0
0 0 0 180 0 -180 0 0 9.12596e-14 -49.7068 0 180 0 -180 0 -0 0 0
0 0 0 -180 0 -180 0 180 2.20684e-13 -168.129 0 -180 0 -180 0 0 0 0
0 0 0 -180 0 -180 0 -180 2.26006e-13 136.209 0 180 0 -180 0 0 0 0
0 0 0 0 0 0 0 -180 0.239854 -179.817 0 -180 0 0 0 0 0 0
0 0 0 0 0 0 0 -180 0.759341 68.0329 0 -180 0 0 0 0 0 0
inside=1 lambda=0.647 phi=35 theta=15
0 -0 0 -180 0 0 0 -0 0.135212 -179.569 0 0 0 -0 0 -180 0 0
0 180 0 -180 0 0 0 0 0.863086 67.9852 0 0 0 180 0 -180 0 0
0 -0 0 -180 0 -180 0 -180 0.0275765 0.263832 0 0 0 180 0 0 0 0
0 0 0 180 0 -180 0 -180 0.0277319 68.5604 0 0 0 -180 0 -0 0 0
0 0 0 -180 0 -180 0 -180 0.0277037 0.14885 0 0 0 -180 0 0 0 0
0 0 0 -180 0 -180 0 -180 0.0277391 68.3324 0 -0 0 -180 0 0 0 0
0 0 0 0 0 -0 0 -180 0.232251 -179.802 0 -180 0 0 0 0 0 0
0 0 0 0 0 0 0 -180 0.766814 68.0237 0 -180 0 0 0 0 0 0
inside=1 lambda=0.647 phi=35 theta=30
0 -0 0 -180 0 0 0 -0 0.155612 -179.639 0 0 0 -0 0 -180 0 0
0 180 0 -180 0 0 0 0 0.842769 67.9865 0 0 0 180 0 -180 0 0
0 -0 0 -180 0 -180 0 -180 0.0478324 0.231278 0 0 0 180 0 0 0 0
0 0 0 -180 0 -180 0 -180 0.0480333 68.4763 0 0 0 -180 0 -0 0 0
0 0 0 -180 0 180 0 -180 0.0479494 0.169722 0 0 0 -180 0 0 0 0
0 0 0 -180 0 -180 0 -180 0.0480408 68.3549 0 -0 0 -180 0 0 0 0
0 -0 0 0 0 -0 0 -180 0.211598 -179.763 0 -180 0 0 0 0 0 0
0 0 0 0 0 180 0 -180 0.787198 68.0063 0 -180 0 0 0 0 0 0
inside=1 lambda=0.647 phi=35 theta=45
0 -0 0 -180 0 0 0 -0 0.18355 -179.708 0 0 0 -0 0 -180 0 0
0 180 0 -180 0 0 0 0 0.814999 67.9929 0 0 0 180 0 -180 0 0
0 -0 0 -180 0 -180 0 -180 0.0553083 0.197828 0 0 0 180 0 0 0 0
0 0 0 -180 0 -180 0 -180 0.0554674 68.4021 0 0 0 -180 0 -0 0 0
0 -0 0 -180 0 180 0 -180 0.0553083 0.197828 0 0 0 -180 0 0 0 0
0 0 0 -180 0 -180 0 -180 0.0554674 68.4021 0 -0 0 -180 0 0 0 0
0 -0 0 -0 0 -0 0 -180 0.18355 -179.708 0 -180 0 0 0 0 0 0
0 180 0 0 0 180 0 -180 0.814999 67.9929 0 -180 0 0 0 0 0 0
inside=1 lambda=0.647 phi=40 theta=0
0 -0 0 180 0 0 0 -0 0.106642 -179.383 0 0 0 -0 0 180 0 0
0 180 0 -180 0 0 0 0 0.891664 66.3734 0 0 0 180 0 -180 0 0
0 -0 0 -180 0 -180 0 -0 7.0862e-14 143.242 0 0 0 180 0 0 0 0
0 0 0 180 0 -180 0 -0 2.34124e-14 145.594 0 0 0 -180 0 -0 0 0
0 0 0 -180 0 -180 0 0 9.65746e-14 -82.0609 0 -0 0 -180 0 0 0 0
0 0 0 -180 0 -180 0 -180 5.09533e-14 128.725 0 -0 0 -180 0 0 0 0
0 0 0 0 0 0 0 -180 0.26058 -179.871 0 -180 0 0 0 0 0 0
0 0 0 0 0 0 0 -180 0.739096 66.4527 0 -180 0 0 0 0 0 0
inside=1 lambda=0.647 phi=40 theta=15
0 -0 0 -180 0 0 0 -0 0.116841 -179.461 0 0 0 -0 0 180 0 0
0 180 0 -180 0 0 0 0 0.881471 66.3709 0 0 0 180 0 -180 0 0
0 -0 0 -180 0 -180 0 -180 0.0378044 0.293229 0 0 0 180 0 0 0 0
0 0 0 180 0 -180 0 -180 0.0380494 67 0 0 0 -180 0 -0 0 0
0 0 0 -180 0 -180 0 -180 0.0380407 0.117395 0 0 0 -180 0 0 0 0
0 0 0 -180 0 -180 0 -180 0.0380592 66.6795 0 -0 0 -180 0 0 0 0
0 0 0 0 0 -0 0 -180 0.250022 -179.844 0 -180 0 0 0 0 0 0
0 0 0 0 0 0 0 -180 0.749381 66.4309 0 -180 0 0 0 0 0 0
inside=1 lambda=0.647 phi=40 theta=30
0 -0 0 -180 0 0 0 -0 0.144784 -179.596 0 0 0 -0 0 180 0 0
0 180 0 -180 0 0 0 0 0.853608 66.3699 0 0 0 180 0 -180 0 0
0 -0 0 -180 0 -180 0 -180 0.0656236 0.237614 0 0 0 180 0 0 0 0
0 0 0 180 0 -180 0 -180 0.0658989 66.8607 0 0 0 -180 0 -0 0 0
0 0 0 -180 0 180 0 -180 0.0658256 0.149998 0 0 0 -180 0 0 0 0
0 0 0 -180 0 -180 0 -180 0.0659102 66.7019 0 -0 0 -180 0 0 0 0
0 -0 0 -0 0 -0 0 -180 0.221571 -179.784 0 -180 0 0 0 0 0 0
0 0 0 0 0 180 0 -180 0.777376 66.3976 0 -180 0 0 0 0 0 0
inside=1 lambda=0.647 phi=40 theta=45
0 -0 0 -180 0 0 0 -0 0.183081 -179.705 0 0 0 -0 0 -180 0 0
0 180 0 -180 0 0 0 0 0.815518 66.3773 0 0 0 180 0 -180 0 0
0 -0 0 -180 0 -180 0 -180 0.0759107 0.188976 0 0 0 180 0 0 0 0
0 0 0 -180 0 -180 0 -180 0.0760971 66.7587 0 0 0 -180 0 -0 0 0
0 -0 0 -180 0 180 0 -180 0.0759107 0.188976 0 0 0 -180 0 0 0 0
0 0 0 -180 0 -180 0 -180 0.0760971 66.7587 0 -0 0 -180 0 0 0 0
0 -0 0 -0 0 -0 0 -180 0.183081 -179.705 0 -180 0 0 0 0 0 0
0 180 0 0 0 180 0 -180 0.815518 66.3773 0 -180 0 0 0 0 0 0
inside=1 lambda=0.647 phi=45 theta=0
0 -0 0 180 0 0 0 -0 0.0800012 -178.759 0 0 0 -0 0 180 0 0
0 180 0 -180 0 0 0.00722609 -9.83819 0.918107 64.6882 0 0 0 180 0 -180 0 0
0 -0 0 -180 0 -180 0 -0 6.67507e-14 49.1961 0 -180 0 180 0 0 0 0
0 0 0 180 0 -180 3.27208e-13 -29.7264 4.29814e-14 38.0088 0 -180 0 -180 0 -0 0 0
0 0 0 -180 0 -180 0 180 2.8144e-13 21.1469 0 180 0 -180 0 0 0 0
0 0 0 -180 0 -180 6.8273e-13 -105.617 2.86728e-13 158.653 0 -0 0 -180 0 0 0 0
0 0 0 0 0 0 0 -180 0.287836 -179.826 0 -180 0 0 0 0 0 0
0 0 0 0 0 0 0.102111 -129.594 0.7128 64.8627 0 -180 0 0 0 0 0 0
inside=1 lambda=0.647 phi=45 theta=15
0 -0 0 180 0 0 0 -0 0.0936684 -179.226 0 0 0 -0 0 180 0 0
0 180 0 -180 0 0 0 0 0.904708 64.6696 0 0 0 180 0 -180 0 0
0 -0 0 -180 0 -180 0 -180 0.050554 0.352185 0 0 0 180 0 0 0 0
0 0 0 180 0 -180 0 -180 0.0509777 65.417 0 0 0 -180 0 -0 0 0
0 0 0 -180 0 180 0 -180 0.0510066 0.0657135 0 0 0 -180 0 0 0 0
0 0 0 -180 0 -180 0 -180 0.0509816 64.938 0 -0 0 -180 0 0 0 0
0 -0 0 0 0 -0 0 -180 0.272288 -179.918 0 -180 0 0 0 0 0 0
0 0 0 0 0 180 0 -180 0.727729 64.7732 0 -180 0 0 0 0 0 0
inside=1 lambda=0.647 phi=45 theta=30
0 -0 0 -180 0 0 0 -0 0.131002 -179.529 0 0 0 -0 0 180 0 0
0 180 0 -180 0 0 0 0 0.867405 64.6611 0 0 0 180 0 -180 0 0
0 -0 0 -180 0 -180 0 -180 0.0878924 0.246258 0 0 0 180 0 0 0 0
0 0 0 180 0 -180 0 -180 0.0882649 65.1569 0 0 0 -180 0 -0 0 0
0 -0 0 -180 0 180 0 -180 0.0882218 0.124847 0 0 0 -180 0 0 0 0
0 0 0 -180 0 -180 0 -180 0.0882801 64.9543 0 -0 0 -180 0 0 0 0
0 -0 0 -0 0 -0 0 -180 0.233821 -179.813 0 -180 0 0 0 0 0 0
0 0 0 0 0 180 0 -180 0.765313 64.6997 0 -180 0 0 0 0 0 0
inside=1 lambda=0.647 phi=45 theta=45
0 -0 0 -180 0 0 0 -0 0.182251 -179.702 0 0 0 -0 0 180 0 0
0 180 0 -180 0 0 0 0 0.816401 64.669 0 0 0 180 0 -180 0 0
0 -0 0 -180 0 -180 0 -180 0.101716 0.177377 0 0 0 180 0 0 0 0
0 0 0 -180 0 -180 0 -180 0.101921 65.0198 0 0 0 -180 0 -0 0 0
0 -0 0 -180 0 180 0 -180 0.101716 0.177377 0 0 0 -180 0 0 0 0
0 0 0 -180 0 -180 0 -180 0.101921 65.0198 0 -0 0 -180 0 0 0 0
0 -0 0 -0 0 -0 0 -180 0.182251 -179.702 0 180 0 0 0 0 0 0
0 180 0 0 0 180 0 -180 0.816401 64.669 0 -180 0 0 0 0 0 0
