RSoft_BSDF_File_Version 2
1 0 5 2 1 0.914286
0.3 0.3
-1 1
-1 1
1 0.647 0.647
10 0 45 0.5
4 0 45
Begin_Dispersion_Data
0.647 1.45662 0 1 0 0
End_Dispersion_Data
inside=0 lambda=0.647 phi=0 theta=0
0 -180 0 -180 0 -180 0 0 0.184953 -0.492845 0 0 0 -180 0 -180 0 -180
0 -0 0 -0 0 -0 0 180 1.18608 150.992 0 180 0 -0 0 -0 0 -0
0 -180 0 -0 0 0 0 -0 2.73683e-14 -134.412 0 180 0 0 0 180 0 -180
0 -0 0 -180 0 180 0 -180 6.02092e-13 60.6682 0 0 0 180 0 -0 0 -0
0 -180 0 180 0 0 0 -0 3.0626e-14 -119.055 0 180 0 0 0 -0 0 -180
0 -0 0 0 0 180 0 0 6.12053e-13 61.5448 0 0 0 180 0 -180 0 -0
0 -180 0 0 0 -180 0 -180 0.184953 -0.492845 0 -180 0 -180 0 0 0 -180
0 -0 0 180 0 -0 0 -0 1.18608 150.992 0 -0 0 -0 0 180 0 -0
inside=0 lambda=0.647 phi=0 theta=15
0 -180 0 -180 0 -180 0 0 0.184953 -0.492845 0 0 0 -180 0 -180 0 -180
0 -0 0 -0 0 -0 0 180 1.18608 150.992 0 180 0 -0 0 -0 0 -0
0 -180 0 -0 0 0 0 -0 2.73683e-14 -134.412 0 180 0 0 0 180 0 -180
0 -0 0 -180 0 180 0 -180 6.02092e-13 60.6682 0 0 0 180 0 -0 0 -0
0 -180 0 180 0 0 0 -0 3.0626e-14 -119.055 0 180 0 0 0 -0 0 -180
0 -0 0 0 0 180 0 0 6.12053e-13 61.5448 0 0 0 180 0 -180 0 -0
0 -180 0 0 0 -180 0 -180 0.184953 -0.492845 0 -180 0 -180 0 0 0 -180
0 -0 0 180 0 -0 0 -0 1.18608 150.992 0 -0 0 -0 0 180 0 -0
inside=0 lambda=0.647 phi=0 theta=30
0 -180 0 -180 0 -180 0 0 0.184953 -0.492845 0 0 0 -180 0 -180 0 -180
0 -0 0 -0 0 -0 0 180 1.18608 150.992 0 180 0 -0 0 -0 0 -0
0 -180 0 -0 0 0 0 -0 2.73683e-14 -134.412 0 180 0 0 0 180 0 -180
0 -0 0 -180 0 180 0 -180 6.02092e-13 60.6682 0 0 0 180 0 -0 0 -0
0 -180 0 180 0 0 0 -0 3.0626e-14 -119.055 0 180 0 0 0 -0 0 -180
0 -0 0 0 0 180 0 0 6.12053e-13 61.5448 0 0 0 180 0 -180 0 -0
0 -180 0 0 0 -180 0 -180 0.184953 -0.492845 0 -180 0 -180 0 0 0 -180
0 -0 0 180 0 -0 0 -0 1.18608 150.992 0 -0 0 -0 0 180 0 -0
inside=0 lambda=0.647 phi=0 theta=45
0 -180 0 -180 0 -180 0 0 0.184953 -0.492845 0 0 0 -180 0 -180 0 -180
0 -0 0 -0 0 -0 0 180 1.18608 150.992 0 180 0 -0 0 -0 0 -0
0 -180 0 -0 0 0 0 -0 2.73683e-14 -134.412 0 180 0 0 0 180 0 -180
0 -0 0 -180 0 180 0 -180 6.02092e-13 60.6682 0 0 0 180 0 -0 0 -0
0 -180 0 180 0 0 0 -0 3.0626e-14 -119.055 0 180 0 0 0 -0 0 -180
0 -0 0 0 0 180 0 0 6.12053e-13 61.5448 0 0 0 180 0 -180 0 -0
0 -180 0 0 0 -180 0 -180 0.184953 -0.492845 0 -180 0 -180 0 0 0 -180
0 -0 0 180 0 -0 0 -0 1.18608 150.992 0 -0 0 -0 0 180 0 -0
inside=0 lambda=0.647 phi=5 theta=0
0 180 0 -180 0 -180 0 0 0.18265 -0.530538 0 0 0 180 0 -180 0 -180
0 -0 0 -0 0 -0 0 180 1.18405 146.913 0 180 0 -0 0 -0 0 -0
0 -180 0 -0 0 0 0 180 4.2949e-14 60.1981 0 180 0 0 0 180 0 -180
0 -0 0 -180 0 180 0 0 7.30509e-13 -122.09 0 0 0 180 0 0 0 -0
0 -180 0 -180 0 0 0 -0 4.65073e-14 56.3525 0 180 0 0 0 0 0 -180
0 -0 0 -0 0 180 0 -180 8.56561e-13 -123.264 0 0 0 180 0 180 0 -0
0 -180 0 0 0 -180 0 -180 0.186755 -0.544234 0 -180 0 -180 0 0 0 -180
0 -0 0 180 0 -0 0 -0 1.18823 146.896 0 -0 0 -0 0 180 0 -0
inside=0 lambda=0.647 phi=5 theta=15
0 -180 0 -180 0 -180 0 0 0.182925 -0.531475 0 0 0 -180 0 -180 0 -180
0 -0 0 -0 0 -0 0 180 1.18433 146.912 0 180 0 -0 0 -0 0 -0
0 -180 0 -0 0 0 0 -180 0.00102661 178.859 0 0 0 0 0 180 0 -180
0 -0 0 -180 0 180 0 -0 0.00104947 -37.9657 0 180 0 180 0 0 0 -0
0 -180 0 -180 0 0 0 -0 0.00102661 178.859 0 180 0 0 0 0 0 -180
0 -0 0 -0 0 180 0 -180 0.00104946 -37.9646 0 0 0 180 0 180 0 -0
0 -180 0 0 0 -180 0 -180 0.18648 -0.543335 0 -180 0 -180 0 0 0 -180
0 -0 0 180 0 -0 0 -0 1.18795 146.897 0 -0 0 -0 0 180 0 -0
inside=0 lambda=0.647 phi=5 theta=30
0 -180 0 -180 0 -180 0 0 0.183676 -0.534019 0 0 0 -180 0 -180 0 -180
0 -0 0 -0 0 -0 0 180 1.18509 146.908 0 180 0 -0 0 -0 0 -0
0 -180 0 -0 0 0 0 -180 0.00177815 178.859 0 0 0 0 0 180 0 -180
0 -0 0 -180 0 180 0 -0 0.00181773 -37.9654 0 180 0 180 0 0 0 -0
0 -180 0 -180 0 0 0 -0 0.00177815 178.859 0 180 0 0 0 0 0 -180
0 -0 0 -0 0 180 0 -180 0.00181772 -37.9648 0 0 0 180 0 180 0 -0
0 -180 0 0 0 -180 0 -180 0.185729 -0.540866 0 -180 0 -180 0 0 0 -180
0 -0 0 180 0 -0 0 -0 1.18718 146.9 0 -0 0 -0 0 180 0 -0
inside=0 lambda=0.647 phi=5 theta=45
0 -180 0 -180 0 -180 0 0 0.184703 -0.537461 0 0 0 -180 0 -180 0 -180
0 -0 0 -0 0 -0 0 180 1.18614 146.904 0 180 0 -0 0 -0 0 -0
0 -180 0 -0 0 0 0 -180 0.00205323 178.859 0 0 0 0 0 180 0 -180
0 -0 0 -180 0 180 0 -0 0.00209893 -37.9651 0 180 0 180 0 0 0 -0
0 -180 0 -180 0 0 0 -0 0.00205323 178.859 0 180 0 0 0 0 0 -180
0 -0 0 -0 0 180 0 -180 0.00209893 -37.9651 0 0 0 180 0 180 0 -0
0 -180 0 0 0 -180 0 -180 0.184703 -0.537461 0 -180 0 -180 0 0 0 -180
0 -0 0 180 0 -0 0 -0 1.18614 146.904 0 -0 0 -0 0 180 0 -0
inside=0 lambda=0.647 phi=10 theta=0
0 180 0 -180 0 -180 0 0 0.175485 -0.566914 0 0 0 180 0 -180 0 -180
0 -0 0 -0 0 -180 0 180 1.17768 134.599 0 180 0 -0 0 -0 0 -180
0 180 0 -0 0 0 0 -0 1.05127e-13 41.3214 0 -0 0 -0 0 180 0 -180
0 -0 0 -180 0 180 0 -180 1.41812e-12 -134.433 0 -0 0 180 0 0 0 -0
0 -180 0 -180 0 0 0 -0 1.07992e-13 39.0386 0 -0 0 0 0 0 0 -180
0 -0 0 -0 0 180 0 -180 1.53558e-12 -134.323 0 180 0 180 0 180 0 -0
0 -180 0 0 0 -180 0 -180 0.192235 -0.625905 0 -180 0 -180 0 0 0 -180
0 -0 0 180 0 -0 0 -0 1.19495 134.531 0 -0 0 -0 0 180 0 -0
inside=0 lambda=0.647 phi=10 theta=15
0 180 0 -180 0 -180 0 0 0.176607 -0.571214 0 0 0 180 0 -180 0 -180
0 -0 0 -0 0 -0 0 180 1.17883 134.594 0 180 0 -0 0 -0 0 -0
0 180 0 -0 0 0 0 -180 0.00418841 178.767 0 0 0 -0 0 180 0 -180
0 -0 0 -180 0 180 0 -0 0.00433359 -50.223 0 180 0 180 0 0 0 -0
0 -180 0 -180 0 0 0 -0 0.00418839 178.767 0 180 0 0 0 0 0 -180
0 -0 0 -0 0 180 0 -180 0.00433354 -50.2184 0 0 0 180 0 180 0 -0
0 -180 0 0 0 -180 0 -180 0.191113 -0.622275 0 -180 0 -180 0 0 0 -180
0 -0 0 180 0 -0 0 -0 1.19379 134.535 0 -0 0 -0 0 180 0 -0
inside=0 lambda=0.647 phi=10 theta=30
0 180 0 -180 0 -180 0 0 0.179673 -0.582688 0 0 0 180 0 -180 0 -180
0 -0 0 -0 0 -0 0 180 1.182 134.582 0 180 0 -0 0 -0 0 -0
0 180 0 -0 0 0 0 -180 0.00725453 178.767 0 0 0 -0 0 180 0 -180
0 -0 0 -180 0 180 0 -0 0.00750598 -50.2219 0 180 0 180 0 0 0 -0
0 -180 0 -180 0 0 0 -0 0.00725451 178.767 0 180 0 0 0 0 0 -180
0 -0 0 -0 0 180 0 -180 0.00750593 -50.2193 0 0 0 180 0 180 0 -0
0 -180 0 0 0 180 0 -180 0.188048 -0.612137 0 -180 0 -180 0 0 0 -180
0 -0 0 180 0 -0 0 -0 1.19063 134.548 0 -0 0 -0 0 180 0 -0
inside=0 lambda=0.647 phi=10 theta=45
0 180 0 -180 0 -180 0 0 0.18386 -0.597746 0 0 0 180 0 -180 0 -180
0 -0 0 -0 0 -0 0 180 1.18631 134.565 0 180 0 -0 0 -0 0 -0
0 -180 0 -0 0 0 0 -180 0.0083768 178.767 0 0 0 -0 0 180 0 -180
0 -0 0 -180 0 180 0 -0 0.00866713 -50.2205 0 180 0 180 0 0 0 -0
0 -180 0 -180 0 -0 0 -0 0.0083768 178.767 0 180 0 0 0 0 0 -180
0 -0 0 -0 0 180 0 -180 0.00866713 -50.2205 0 0 0 180 0 180 0 -0
0 180 0 0 0 180 0 -180 0.18386 -0.597746 0 -180 0 -180 0 0 0 -180
0 -0 0 180 0 -0 0 -0 1.18631 134.565 0 -0 0 -0 0 180 0 -0
inside=0 lambda=0.647 phi=15 theta=0
0 180 0 -180 0 -180 0 -0 0.162981 -0.384514 0 0 0 180 0 -180 0 -180
0 -0 0 -0 0 -180 0 180 1.16603 113.799 0 0 0 -0 0 -0 0 -180
0 180 0 -0 0 0 0 -0 4.35765e-14 22.929 0 -0 0 -0 0 180 0 -180
0 -0 0 -180 0 0 0 -180 5.64427e-13 -155.974 0 180 0 180 0 0 0 -180
0 -180 0 -180 0 0 0 180 3.85372e-14 22.0945 0 -0 0 0 0 0 0 -180
0 -0 0 -180 0 180 0 -0 6.01639e-13 -157.066 0 180 0 180 0 0 0 -0
0 -180 0 0 0 -180 0 -180 0.202022 -0.48505 0 -180 0 -180 0 0 0 -180
0 -0 0 0 0 -0 0 -180 1.20709 113.636 0 -0 0 -0 0 0 0 -0
inside=0 lambda=0.647 phi=15 theta=15
0 180 0 -180 0 -180 0 -0 0.165596 -0.392737 0 0 0 180 0 -180 0 -180
0 -0 0 -0 0 -180 0 180 1.16878 113.788 0 0 0 -0 0 -0 0 -180
0 180 0 -0 0 0 0 -180 0.00976245 179.102 0 0 0 -0 0 180 0 -180
0 -0 0 -180 0 0 0 -0 0.0103015 -71.1013 0 0 0 180 0 0 0 -180
0 -180 0 -180 0 0 0 -180 0.00976234 179.102 0 180 0 0 0 0 0 -180
0 -0 0 -0 0 180 0 -180 0.0103012 -71.0908 0 0 0 0 0 0 0 -180
0 -180 0 0 0 180 0 -180 0.199406 -0.479548 0 -180 0 -180 0 0 0 -180
0 -0 0 180 0 -0 0 -180 1.20434 113.646 0 -0 0 -180 0 0 0 -180
inside=0 lambda=0.647 phi=15 theta=30
0 180 0 -180 0 -180 0 0 0.172741 -0.413925 0 0 0 180 0 -180 0 -180
0 -0 0 -0 0 -180 0 180 1.1763 113.757 0 0 0 -0 0 -0 0 -180
0 180 0 -0 0 0 0 -180 0.016909 179.102 0 0 0 -0 0 180 0 -180
0 -0 0 -180 0 0 0 -0 0.0178425 -71.0986 0 0 0 180 0 0 0 -180
0 -180 0 -180 0 -0 0 -0 0.0169089 179.102 0 180 0 0 0 0 0 -180
0 -0 0 -0 0 180 0 -180 0.0178422 -71.0925 0 0 0 0 0 0 0 -180
0 180 0 0 0 180 0 -180 0.192262 -0.463753 0 -180 0 -180 0 0 0 -180
0 -0 0 180 0 -0 0 -180 1.19683 113.675 0 -0 0 -180 0 0 0 -180
inside=0 lambda=0.647 phi=15 theta=45
0 180 0 -180 0 -180 0 0 0.182501 -0.440176 0 0 0 180 0 -180 0 -180
0 -0 0 -0 0 -180 0 180 1.18656 113.716 0 0 0 -0 0 -0 0 -180
0 180 0 -0 0 0 0 -180 0.0195248 179.102 0 0 0 -0 0 180 0 -180
0 -0 0 -180 0 0 0 -0 0.0206026 -71.0953 0 0 0 180 0 0 0 -180
0 180 0 -180 0 -0 0 -0 0.0195248 179.102 0 180 0 0 0 0 0 -180
0 -0 0 -0 0 180 0 -180 0.0206026 -71.0953 0 0 0 0 0 0 0 -180
0 180 0 0 0 180 0 -180 0.182501 -0.440176 0 -180 0 -180 0 0 0 -180
0 -0 0 180 0 -0 0 -0 1.18656 113.716 0 -0 0 -180 0 0 0 -180
inside=0 lambda=0.647 phi=20 theta=0
0 180 0 180 0 -180 0 -0 0.144634 0.0948403 0 0 0 180 0 180 0 -180
0 -0 0 -0 0 -180 0 180 1.14714 84.0144 0 0 0 -0 0 -0 0 -180
0 180 0 -0 0 0 0 -0 4.07719e-14 172.846 0 180 0 -0 0 180 0 -180
0 -0 0 180 0 0 0 180 4.1409e-13 -4.75076 0 -0 0 180 0 -0 0 -180
0 -180 0 -180 0 0 0 180 7.35297e-14 175.588 0 -0 0 0 0 0 0 -180
0 -180 0 -180 0 0 0 -0 5.69487e-13 -2.78295 0 180 0 0 0 0 0 -180
0 -180 0 0 0 -180 0 -180 0.218885 0.173305 0 -180 0 -180 0 0 0 -180
0 -180 0 0 0 -180 0 -180 1.22597 83.6808 0 -180 0 -180 0 0 0 -180
inside=0 lambda=0.647 phi=20 theta=15
0 180 0 -180 0 -180 0 -0 0.149608 0.10242 0 0 0 180 0 180 0 -180
0 -0 0 -0 0 -180 0 180 1.15242 83.9905 0 0 0 -0 0 -0 0 -180
0 180 0 -0 0 0 0 -180 0.0185656 -179.673 0 0 0 -0 0 180 0 -180
0 -0 0 180 0 0 0 -180 0.0197858 -101.275 0 0 0 180 0 -0 0 -180
0 -180 0 -180 0 -0 0 -180 0.0185653 -179.673 0 180 0 0 0 0 0 -180
0 -180 0 -180 0 0 0 180 0.0197845 -101.255 0 -0 0 0 0 0 0 -180
0 -180 0 0 0 180 0 -180 0.213911 0.169675 0 -180 0 -180 0 0 0 -180
0 -180 0 0 0 -180 0 -180 1.22068 83.7018 0 -180 0 -180 0 0 0 -180
inside=0 lambda=0.647 phi=20 theta=30
0 180 0 -180 0 -180 0 -0 0.163197 0.120858 0 0 0 180 0 180 0 -180
0 -0 0 -180 0 -180 0 180 1.16684 83.9265 0 0 0 -0 0 -0 0 -180
0 180 0 -0 0 0 0 -180 0.0321566 -179.673 0 0 0 -0 0 180 0 -180
0 -0 0 180 0 0 0 -180 0.0342692 -101.269 0 0 0 180 0 -0 0 -180
0 180 0 -180 0 -0 0 -180 0.0321563 -179.673 0 180 0 0 0 0 0 -180
0 -180 0 -180 0 180 0 180 0.034268 -101.258 0 -0 0 0 0 0 0 -180
0 180 0 0 0 180 0 -180 0.200323 0.158906 0 -180 0 -180 0 0 0 -180
0 -0 0 0 0 -0 0 -180 1.20625 83.7599 0 -180 0 -180 0 0 0 -180
inside=0 lambda=0.647 phi=20 theta=45
0 180 0 -180 0 -180 0 -0 0.181761 0.141744 0 0 0 180 0 -180 0 -180
0 -0 0 -180 0 -180 0 0 1.18655 83.8418 0 0 0 -0 0 -180 0 -180
0 180 0 -180 0 0 0 -180 0.0371311 -179.673 0 0 0 -0 0 180 0 -180
0 -0 0 180 0 0 0 -180 0.0395699 -101.262 0 0 0 180 0 -0 0 -180
0 180 0 -180 0 -0 0 -180 0.0371311 -179.673 0 180 0 0 0 0 0 -180
0 -0 0 -180 0 180 0 180 0.0395699 -101.262 0 -0 0 0 0 0 0 -180
0 180 0 -0 0 180 0 -180 0.181761 0.141744 0 -180 0 -180 0 0 0 -180
0 -0 0 0 0 -0 0 -180 1.18655 83.8418 0 -180 0 -180 0 0 0 -180
inside=0 lambda=0.647 phi=25 theta=0
0 180 0 180 0 -180 0 -0 0.117203 0.214315 0 0 0 180 0 180 0 -180
0 -0 0 -180 0 180 0 0 1.11767 44.3094 0 -0 0 -0 0 -180 0 180
0 180 0 -0 0 0 0 -0 1.4076e-13 132.272 0 180 0 -0 0 180 0 -180
0 -180 0 180 0 -0 0 180 1.97343e-12 -45.042 0 180 0 0 0 -0 0 180
0 -180 0 -180 0 0 0 180 1.83503e-13 132.059 0 -0 0 0 0 0 0 -180
0 -180 0 -180 0 0 0 -0 2.17134e-12 -45.6527 0 180 0 0 0 0 0 -180
0 -180 0 0 0 -180 0 -180 0.249115 0.801251 0 -180 0 -180 0 0 0 -180
0 -180 0 0 0 -180 0 -180 1.25348 43.7044 0 -180 0 -180 0 0 0 -180
inside=0 lambda=0.647 phi=25 theta=15
0 180 0 180 0 -180 0 -0 0.126038 0.291372 0 0 0 180 0 180 0 -180
0 -0 0 -180 0 180 0 0 1.12676 44.264 0 -0 0 -0 0 -180 0 180
0 180 0 -0 0 0 0 -180 0.0329806 -178.674 0 0 0 -0 0 180 0 -180
0 -180 0 180 0 -0 0 -180 0.0341063 -141.39 0 -0 0 0 0 -0 0 180
0 -180 0 -180 0 -0 0 -180 0.0329807 -178.674 0 180 0 0 0 0 0 -180
0 -180 0 -180 0 0 0 180 0.0341008 -141.355 0 -0 0 0 0 0 0 -180
0 180 0 0 0 180 0 -180 0.240278 0.781858 0 -180 0 -180 0 0 0 -180
0 -180 0 0 0 -180 0 -180 1.24438 43.7405 0 -180 0 -180 0 0 0 -180
inside=0 lambda=0.647 phi=25 theta=30
0 180 0 180 0 -180 0 -0 0.150178 0.45635 0 0 0 180 0 180 0 -180
0 -180 0 -180 0 180 0 0 1.15161 44.1438 0 -0 0 -0 0 -180 0 180
0 180 0 -0 0 0 0 -180 0.0571246 -178.674 0 0 0 -0 0 180 0 -180
0 -180 0 180 0 -0 0 -180 0.0590706 -141.377 0 -0 0 0 0 -0 0 180
0 180 0 -180 0 -0 0 -180 0.0571247 -178.674 0 180 0 0 0 0 0 -180
0 -180 0 -180 0 0 0 180 0.0590656 -141.358 0 -0 0 0 0 0 0 180
0 180 0 -0 0 180 0 -180 0.216136 0.720961 0 -180 0 -180 0 0 0 -180
0 -180 0 0 0 -180 0 -180 1.21951 43.8422 0 -180 0 180 0 -0 0 180
inside=0 lambda=0.647 phi=25 theta=45
0 180 0 -180 0 -180 0 -0 0.183157 0.612209 0 0 0 180 0 180 0 -180
0 -180 0 -180 0 180 0 0 1.18556 43.9884 0 -0 0 -180 0 -180 0 180
0 180 0 -180 0 0 0 -180 0.0659621 -178.674 0 0 0 -0 0 180 0 -180
0 -180 0 180 0 -0 0 -180 0.0682055 -141.365 0 -0 0 0 0 -0 0 180
0 180 0 -180 0 -0 0 -180 0.0659621 -178.674 0 180 0 0 0 0 0 -180
0 -180 0 -180 0 0 0 180 0.0682055 -141.365 0 -0 0 -0 0 -0 0 180
0 180 0 -0 0 180 0 -180 0.183157 0.612209 0 180 0 -180 0 0 0 -180
0 -180 0 0 0 -180 0 -180 1.18556 43.9884 0 -180 0 180 0 -0 0 180
inside=0 lambda=0.647 phi=30 theta=0
0 180 0 180 0 -180 0.00253018 -111.752 0.0711074 0.998966 0 0 0 180 0 180 0 -180
0 -180 0 -180 0 180 0 0 1.07084 -7.2208 0 -0 0 -180 0 -180 0 180
0 180 0 -0 0 0 7.13984e-15 -13.8015 1.20725e-14 107.184 0 -0 0 -0 0 180 0 -180
0 -180 0 0 0 -0 0 -180 8.76478e-14 91.1428 0 -180 0 0 0 -180 0 180
0 -180 0 -180 0 0 4.85253e-14 42.9835 1.37722e-14 152.026 0 -0 0 0 0 0 0 -180
0 180 0 180 0 -0 0 -180 3.10358e-13 75.155 0 0 0 -0 0 -0 0 180
0 -180 0 0 0 -180 0.00882148 -131.632 0.295828 -0.166383 0 -180 0 -180 0 0 0 -180
0 180 0 -0 0 180 0 180 1.29605 -8.10588 0 180 0 180 0 -0 0 180
inside=0 lambda=0.647 phi=30 theta=15
0 180 0 180 0 -180 0 -0 0.0861594 0.720031 0 0 0 180 0 180 0 -180
0 -180 0 -180 0 180 0 0 1.08593 -7.29323 0 -0 0 -180 0 -180 0 180
0 180 0 -0 0 0 0 -180 0.0561891 179.492 0 0 0 -0 0 180 0 -180
0 -180 0 0 0 -0 0 -180 0.056505 167.534 0 -0 0 0 0 -180 0 180
0 180 0 -180 0 -0 0 -180 0.0561884 179.487 0 180 0 0 0 0 0 -180
0 180 0 180 0 0 0 0 0.0564873 167.599 0 -180 0 -0 0 -0 0 180
0 180 0 -0 0 180 0 -180 0.28078 -0.145175 0 -180 0 -180 0 0 0 -180
0 -180 0 -0 0 -180 0 180 1.28097 -8.05765 0 180 0 180 0 -0 0 180
inside=0 lambda=0.647 phi=30 theta=30
0 180 0 180 0 -180 0 -0 0.127276 0.31301 0 0 0 180 0 180 0 -180
0 -180 0 -180 0 180 0 0 1.12713 -7.47965 0 -0 0 -180 0 -180 0 180
0 180 0 -180 0 0 0 180 0.0973279 179.491 0 0 0 -0 0 180 0 -180
0 -180 0 0 0 -0 0 -180 0.0978555 167.562 0 -0 0 0 0 -180 0 180
0 180 0 180 0 -0 0 -180 0.0973275 179.489 0 180 0 0 0 0 0 -180
0 -180 0 -180 0 0 0 0 0.0978424 167.596 0 -180 0 -0 0 -0 0 180
0 180 0 -0 0 180 0 -180 0.239652 -0.0797109 0 180 0 -180 0 0 0 -180
0 -180 0 0 0 -180 0 180 1.23973 -7.91849 0 -180 0 180 0 -0 0 180
inside=0 lambda=0.647 phi=30 theta=45
0 180 0 -180 0 -180 0 -0 0.183462 0.0561875 0 0 0 180 0 180 0 -180
0 -180 0 -180 0 180 0 0 1.18342 -7.71052 0 -0 0 -180 0 -180 0 180
0 180 0 -180 0 0 0 180 0.112386 179.491 0 0 0 -0 0 180 0 -180
0 -180 0 0 0 -0 0 -180 0.112984 167.585 0 -0 0 0 0 -180 0 180
0 180 0 180 0 -0 0 -180 0.112386 179.491 0 180 0 0 0 0 0 -180
0 -180 0 -180 0 0 0 0 0.112984 167.585 0 -180 0 -0 0 -0 0 180
0 180 0 -0 0 180 0 -180 0.183462 0.0561875 0 180 0 -180 0 0 0 -180
0 -180 0 0 0 -180 0 -180 1.18342 -7.71052 0 -180 0 180 0 -0 0 180
inside=0 lambda=0.647 phi=35 theta=0
0 180 0 180 0 -180 0.00847744 -109.776 0.00294111 102.487 0 0 0 180 0 180 0 -180
0 180 0 180 0 0 0 -0 0.988439 -74.8562 0 -180 0 180 0 180 0 0
0 180 0 -0 0 0 3.57242e-14 -27.1175 1.15733e-13 14.8587 0 -0 0 -0 0 180 0 -180
0 180 0 0 0 -180 0 -0 9.29839e-13 18.2523 0 -0 0 -0 0 -180 0 0
0 -180 0 -180 0 0 1.90637e-14 -86.8075 1.09696e-12 13.7623 0 180 0 0 0 0 0 -180
0 180 0 0 0 -0 0 0 5.4269e-12 14.2503 0 -180 0 -0 0 -180 0 180
0 -180 0 0 0 -180 0.0110785 -112.218 0.357602 -0.448241 0 -180 0 -180 0 0 0 -180
0 180 0 -180 0 180 0 0 1.37606 -76.3017 0 180 0 180 0 -180 0 180
inside=0 lambda=0.647 phi=35 theta=15
0 180 0 180 0 -180 0.00628995 -114.517 0.0234905 6.04349 0 0 0 180 0 180 0 -180
0 180 0 180 0 0 0 -0 1.0144 -74.993 0 -180 0 180 0 180 0 0
0 180 0 -0 0 0 0.000446395 76.8937 0.0895967 179.119 0 0 0 -0 0 180 0 -180
0 180 0 0 0 -180 0 180 0.0972146 99.8379 0 -180 0 -0 0 -180 0 0
0 180 0 180 0 -0 0.00310281 -137.013 0.0895898 179.113 0 180 0 0 0 0 0 -180
0 180 0 180 0 -0 0 0 0.0971819 99.9284 0 -180 0 -180 0 -180 0 0
0 180 0 -0 0 180 0.00972239 -120.524 0.333621 -0.41413 0 -180 0 -180 0 0 0 -180
0 180 0 -0 0 180 0 0 1.35007 -76.2345 0 180 0 0 0 -180 0 0
inside=0 lambda=0.647 phi=35 theta=30
0 180 0 180 0 -180 0 -0 0.0889257 0.903499 0 0 0 180 0 180 0 -180
0 180 0 180 0 0 0 -0 1.08531 -75.3287 0 -180 0 180 0 180 0 0
0 180 0 -180 0 0 0 180 0.155218 179.123 0 0 0 -0 0 180 0 -180
0 180 0 0 0 -180 0 180 0.16833 99.8784 0 -180 0 -0 0 -180 0 0
0 180 0 180 0 -0 0 -180 0.15521 179.121 0 180 0 0 0 0 0 -180
0 180 0 180 0 -0 0 0 0.168305 99.9299 0 -180 0 -180 0 -180 0 0
0 180 0 -0 0 180 0 -180 0.268071 -0.294663 0 180 0 -180 0 0 0 -180
0 180 0 -0 0 180 0 180 1.2791 -76.0336 0 180 0 0 0 -180 0 0
inside=0 lambda=0.647 phi=35 theta=45
0 180 0 180 0 -180 0 -0 0.178488 0.00318058 0 0 0 180 0 180 0 -180
0 180 0 180 0 0 0 -0 1.18218 -75.7134 0 -180 0 180 0 180 0 0
0 180 0 -180 0 0 0 180 0.179239 179.121 0 0 0 -0 0 180 0 -180
0 180 0 0 0 -180 0 180 0.194347 99.9152 0 -180 0 -0 0 -180 0 0
0 180 0 180 0 -0 0 -180 0.179239 179.121 0 180 0 0 0 0 0 -180
0 180 0 180 0 -0 0 0 0.194347 99.9152 0 -180 0 -180 0 -180 0 0
0 180 0 -0 0 180 0 180 0.178488 0.00318058 0 180 0 -180 0 0 0 -180
0 180 0 -0 0 180 0 180 1.18218 -75.7134 0 180 0 0 0 -180 0 0
inside=0 lambda=0.647 phi=40 theta=0
0 180 0 180 0 -180 0.0209475 -114.666 0.198439 -179.143 0 0 0 180 0 180 0 -180
0 0 0 0 0 -0 0 -180 0.800699 -172.029 0 180 0 0 0 0 0 -0
0 180 0 -0 0 0 5.01023e-14 168.235 1.80606e-14 -73.4961 0 180 0 -0 0 180 0 -180
0 0 0 -0 0 180 0 0 7.0107e-13 -83.6748 0 180 0 -180 0 180 0 -0
0 -180 0 -180 0 0 7.5629e-13 58.01 2.20338e-13 -81.804 0 -0 0 0 0 0 0 -180
0 -0 0 -0 0 180 0 0 4.01673e-12 -83.6301 0 -180 0 180 0 180 0 -0
0 -180 0 0 0 -180 0.0160846 -104.886 0.520925 0.276025 0 -180 0 -180 0 0 0 -180
0 -0 0 180 0 -0 0 -0 1.5213 -175.093 0 -0 0 -0 0 180 0 -0
inside=0 lambda=0.647 phi=40 theta=15
0 180 0 180 0 -180 0.0153746 -121.273 0.150263 -178.935 0 0 0 180 0 180 0 -180
0 0 0 0 0 -0 0 -180 0.848938 -172.431 0 180 0 0 0 0 0 -0
0 180 0 -0 0 0 0.00311402 57.1931 0.179823 -179.51 0 0 0 -0 0 180 0 -180
0 0 0 -0 0 180 0 0 0.1809 1.27173 0 180 0 -180 0 180 0 -0
0 180 0 180 0 -0 0.00648566 -137.058 0.17983 -179.522 0 180 0 0 0 0 0 -180
0 0 0 0 0 -180 0 -0 0.180746 1.43298 0 0 0 180 0 180 0 -0
0 180 0 -0 0 180 0.0126296 -112.495 0.472739 0.264863 0 180 0 -180 0 0 0 -180
0 0 0 -180 0 0 0 -0 1.473 -175.003 0 0 0 -0 0 180 0 -0
inside=0 lambda=0.647 phi=40 theta=30
0 180 0 180 0 -180 0.00447167 -135.979 0.0187154 -174.087 0 0 0 180 0 180 0 -180
0 0 0 0 0 -0 0 -180 0.980723 -173.288 0 180 0 0 0 0 0 -0
0 180 0 -180 0 0 0.00128929 41.4789 0.31154 -179.494 0 0 0 -0 0 180 0 -180
0 0 0 -0 0 180 0 0 0.313169 1.34735 0 180 0 -180 0 0 0 -0
0 180 0 180 0 -0 0.00537041 -156.14 0.311531 -179.499 0 180 0 0 0 0 0 -180
0 0 0 0 0 -180 0 -0 0.313028 1.42452 0 0 0 180 0 180 0 -0
0 180 0 -0 0 180 0.00777128 -141.718 0.341062 0.185869 0 180 0 -180 0 0 0 -180
0 0 0 -180 0 0 0 0 1.34103 -174.688 0 0 0 -0 0 180 0 -0
inside=0 lambda=0.647 phi=40 theta=45
0 180 0 180 0 -180 0 -0 0.161187 -0.153437 0 0 0 180 0 180 0 -180
0 0 0 0 0 -0 0 -180 1.16081 -174.109 0 180 0 0 0 0 0 -0
0 180 0 -180 0 0 0 180 0.359776 -179.497 0 0 0 -0 0 180 0 -180
0 0 0 -0 0 180 0 0 0.36149 1.40352 0 180 0 -180 0 0 0 -0
0 180 0 180 0 -0 0 -180 0.359776 -179.497 0 180 0 0 0 0 0 -180
0 0 0 0 0 -180 0 -0 0.36149 1.40352 0 0 0 180 0 180 0 -0
0 180 0 -0 0 180 0 180 0.161187 -0.153437 0 180 0 -180 0 0 0 -180
0 0 0 -180 0 0 0 0 1.16081 -174.109 0 0 0 -0 0 180 0 -0
inside=0 lambda=0.647 phi=45 theta=0
0 0 0 0 0 -180 0.0481577 -162.785 0.998705 132.338 0 0 0 0 0 0 0 -180
0 -180 0 -180 0 0 0 0 0 0 0 -180 0 -180 0 -180 0 0
0 0 0 -180 0 0 9.39532e-14 124.279 6.78271e-14 -32.6823 0 -180 0 -180 0 0 0 -180
0 -180 0 0 0 -180 0 -180 0 0 0 -180 0 0 0 -180 0 0
0 180 0 180 0 -0 3.00857e-12 -63.6659 1.09864e-11 141.607 0 0 0 -0 0 -0 0 180
0 180 0 180 0 -0 0 180 0 -0 0 180 0 -0 0 -0 0 180
0 180 0 -0 0 180 0.0219177 -131.405 0.999785 -24.9631 0 180 0 180 0 -0 0 180
0 180 0 -0 0 180 0 180 0 -0 0 180 0 180 0 -0 0 180
inside=0 lambda=0.647 phi=45 theta=15
0 0 0 0 0 -180 0.0312748 -169.977 0.870905 130.576 0 0 0 0 0 0 0 -180
0 -180 0 -180 0 0 0 0 0 0 0 -180 0 -180 0 -180 0 0
0 0 0 -180 0 0 0.0122103 4.05041 0.49009 143.673 0 0 0 -180 0 0 0 -180
0 -180 0 0 0 -180 0 -180 0 180 0 -180 0 0 0 -180 0 0
0 180 0 180 0 -0 0.0122699 -175.543 0.490028 143.664 0 0 0 0 0 0 0 -180
0 -180 0 -180 0 0 0 180 0 180 0 -180 0 -0 0 -0 0 180
0 180 0 -0 0 180 0.0145066 -129.629 0.871488 -23.28 0 180 0 -180 0 0 0 -180
0 -180 0 0 0 -180 0 -180 0 -0 0 -180 0 180 0 -0 0 180
inside=0 lambda=0.647 phi=45 theta=30
0 0 0 0 0 -180 0.00949184 -176.775 0.528228 121.66 0 0 0 0 0 0 0 -180
0 -180 0 -180 0 0 0 0 0 0 0 -180 0 -180 0 -180 0 0
0 0 0 -180 0 0 0.00920459 -18.1329 0.848961 143.622 0 0 0 -180 0 0 0 -180
0 -180 0 0 0 -180 0 -180 0 180 0 -180 0 0 0 -180 0 0
0 180 0 180 0 -0 0.00936146 170.263 0.848886 143.619 0 0 0 0 0 0 0 -180
0 -180 0 -180 0 0 0 0 0 180 0 -180 0 -0 0 -0 0 0
0 0 0 -0 0 0 0.00668064 -125.167 0.528348 -14.4425 0 180 0 -180 0 0 0 -180
0 -180 0 0 0 -180 0 -180 0 -0 0 -180 0 180 0 -180 0 0
inside=0 lambda=0.647 phi=45 theta=45
0 0 0 0 0 -180 0 -180 0.197646 53.6028 0 0 0 0 0 180 0 -180
0 -180 0 -180 0 0 0 0 0 0 0 -180 0 -180 0 -180 0 0
0 0 0 -180 0 0 0 0 0.980273 143.603 0 0 0 -180 0 0 0 -180
0 -180 0 0 0 -180 0 -180 0 180 0 -180 0 0 0 -180 0 0
0 0 0 0 0 -180 0 -180 0.980273 143.603 0 0 0 0 0 0 0 -180
0 -180 0 -180 0 0 0 0 0 180 0 -180 0 -180 0 -180 0 0
0 0 0 -180 0 0 0 0 0.197646 53.6028 0 180 0 -180 0 0 0 -180
0 -180 0 0 0 -180 0 -180 0 0 0 -180 0 0 0 -180 0 0
inside=1 lambda=0.647 phi=0 theta=0
0 -180 0 -180 0 -180 0 0 0.184953 122.476 0 0 0 -180 0 -180 0 -180
0 -0 0 -0 0 -0 0 180 0.814272 150.992 0 180 0 -0 0 -0 0 -0
0 -180 0 180 0 0 0 -0 1.42114e-13 -145.871 0 180 0 0 0 -0 0 -180
0 -0 0 0 0 180 0 -180 4.26665e-13 -121.689 0 -0 0 180 0 180 0 -0
0 -180 0 -0 0 0 0 -0 1.68542e-13 -175.524 0 180 0 0 0 180 0 -180
0 -0 0 0 0 180 0 -180 4.5309e-13 -111.164 0 -180 0 180 0 0 0 -0
0 -180 0 0 0 -180 0 -180 0.184953 122.476 0 -180 0 -180 0 0 0 -180
0 -0 0 180 0 -0 0 -0 0.814272 150.992 0 -0 0 -0 0 180 0 -0
inside=1 lambda=0.647 phi=0 theta=15
0 -180 0 -180 0 -180 0 0 0.184953 122.476 0 0 0 -180 0 -180 0 -180
0 -0 0 -0 0 -0 0 180 0.814272 150.992 0 180 0 -0 0 -0 0 -0
0 -180 0 180 0 0 0 -0 1.42114e-13 -145.871 0 180 0 0 0 -0 0 -180
0 -0 0 0 0 180 0 -180 4.26665e-13 -121.689 0 -0 0 180 0 180 0 -0
0 -180 0 -0 0 0 0 -0 1.68542e-13 -175.524 0 180 0 0 0 180 0 -180
0 -0 0 0 0 180 0 -180 4.5309e-13 -111.164 0 -180 0 180 0 0 0 -0
0 -180 0 0 0 -180 0 -180 0.184953 122.476 0 -180 0 -180 0 0 0 -180
0 -0 0 180 0 -0 0 -0 0.814272 150.992 0 -0 0 -0 0 180 0 -0
inside=1 lambda=0.647 phi=0 theta=30
0 -180 0 -180 0 -180 0 0 0.184953 122.476 0 0 0 -180 0 -180 0 -180
0 -0 0 -0 0 -0 0 180 0.814272 150.992 0 180 0 -0 0 -0 0 -0
0 -180 0 180 0 0 0 -0 1.42114e-13 -145.871 0 180 0 0 0 -0 0 -180
0 -0 0 0 0 180 0 -180 4.26665e-13 -121.689 0 -0 0 180 0 180 0 -0
0 -180 0 -0 0 0 0 -0 1.68542e-13 -175.524 0 180 0 0 0 180 0 -180
0 -0 0 0 0 180 0 -180 4.5309e-13 -111.164 0 -180 0 180 0 0 0 -0
0 -180 0 0 0 -180 0 -180 0.184953 122.476 0 -180 0 -180 0 0 0 -180
0 -0 0 180 0 -0 0 -0 0.814272 150.992 0 -0 0 -0 0 180 0 -0
inside=1 lambda=0.647 phi=0 theta=45
0 -180 0 -180 0 -180 0 0 0.184953 122.476 0 0 0 -180 0 -180 0 -180
0 -0 0 -0 0 -0 0 180 0.814272 150.992 0 180 0 -0 0 -0 0 -0
0 -180 0 180 0 0 0 -0 1.42114e-13 -145.871 0 180 0 0 0 -0 0 -180
0 -0 0 0 0 180 0 -180 4.26665e-13 -121.689 0 -0 0 180 0 180 0 -0
0 -180 0 -0 0 0 0 -0 1.68542e-13 -175.524 0 180 0 0 0 180 0 -180
0 -0 0 0 0 180 0 -180 4.5309e-13 -111.164 0 -180 0 180 0 0 0 -0
0 -180 0 0 0 -180 0 -180 0.184953 122.476 0 -180 0 -180 0 0 0 -180
0 -0 0 180 0 -0 0 -0 0.814272 150.992 0 -0 0 -0 0 180 0 -0
inside=1 lambda=0.647 phi=5 theta=0
0 -180 0 -180 0 -180 0 0 0.183875 118.659 0 0 0 -180 0 -180 0 -180
0 -0 0 -0 0 -0 0 180 0.815262 149.073 0 180 0 -0 0 -0 0 -0
0 -180 0 -180 0 0 0 -0 1.04843e-13 -157.092 0 -0 0 0 0 0 0 -180
0 -0 0 -180 0 180 0 -180 2.78033e-13 -120.412 0 -180 0 180 0 0 0 -0
0 -180 0 -180 0 0 0 180 1.11657e-13 -157.863 0 -0 0 0 0 0 0 -180
0 -0 0 -0 0 180 0 0 2.63108e-13 -120.901 0 -180 0 180 0 180 0 -0
0 -180 0 0 0 -180 0 -180 0.185801 118.649 0 -180 0 -180 0 0 0 -180
0 -0 0 180 0 -0 0 -0 0.813318 149.065 0 -0 0 -0 0 180 0 -0
inside=1 lambda=0.647 phi=5 theta=15
0 -180 0 -180 0 -180 0 0 0.184004 118.658 0 0 0 -180 0 -180 0 -180
0 -0 0 -0 0 -0 0 180 0.815132 149.073 0 180 0 -0 0 -0 0 -0
0 -180 0 -180 0 0 0 -180 0.000481544 -62.3109 0 0 0 0 0 0 0 -180
0 -0 0 -180 0 180 0 -0 0.000486949 152.455 0 180 0 180 0 0 0 -0
0 -180 0 -180 0 0 0 -180 0.000481543 -62.3106 0 0 0 0 0 0 0 -180
0 -0 0 -0 0 180 0 -180 0.000486949 152.455 0 0 0 180 0 180 0 -0
0 -180 0 0 0 -180 0 -180 0.185672 118.65 0 -180 0 -180 0 0 0 -180
0 -0 0 180 0 -0 0 -0 0.813448 149.066 0 -0 0 -0 0 180 0 -0
inside=1 lambda=0.647 phi=5 theta=30
0 -180 0 -180 0 -180 0 0 0.184356 118.656 0 0 0 -180 0 -180 0 -180
0 -0 0 -0 0 -0 0 180 0.814776 149.071 0 180 0 -0 0 -0 0 -0
0 -180 0 -180 0 0 0 -180 0.000834058 -62.3109 0 0 0 0 0 0 0 -180
0 -0 0 -180 0 180 0 -0 0.00084342 152.455 0 180 0 180 0 0 0 -0
0 -180 0 -180 0 0 0 -180 0.000834058 -62.3107 0 0 0 0 0 0 0 -180
0 -0 0 -0 0 180 0 -180 0.00084342 152.455 0 0 0 180 0 180 0 -0
0 -180 0 0 0 -180 0 -180 0.185319 118.651 0 -180 0 -180 0 0 0 -180
0 -0 0 180 0 -0 0 -0 0.813804 149.067 0 -0 0 -0 0 180 0 -0
inside=1 lambda=0.647 phi=5 theta=45
0 -180 0 -180 0 -180 0 0 0.184838 118.654 0 0 0 -180 0 -180 0 -180
0 -0 0 -0 0 -0 0 180 0.81429 149.069 0 180 0 -0 0 -0 0 -0
0 -180 0 -180 0 0 0 -180 0.000963087 -62.3108 0 0 0 0 0 0 0 -180
0 -0 0 -180 0 180 0 -0 0.000973898 152.455 0 180 0 180 0 0 0 -0
0 -180 0 -180 0 0 0 -180 0.000963087 -62.3108 0 0 0 0 0 0 0 -180
0 -0 0 -0 0 180 0 -180 0.000973898 152.455 0 0 0 180 0 180 0 -0
0 -180 0 0 0 -180 0 -180 0.184838 118.654 0 -180 0 -180 0 0 0 -180
0 -0 0 180 0 -0 0 -0 0.81429 149.069 0 -0 0 -0 0 180 0 -0
inside=1 lambda=0.647 phi=10 theta=0
0 -180 0 -180 0 -180 0 0 0.180596 107.219 0 0 0 -180 0 -180 0 -180
0 -0 0 -0 0 -0 0 180 0.818271 143.333 0 180 0 -0 0 -0 0 -0
0 -180 0 -180 0 0 0 -0 1.11817e-13 -167.673 0 180 0 0 0 0 0 -180
0 -0 0 -180 0 180 0 -180 2.90221e-13 -123.758 0 0 0 180 0 0 0 -0
0 -180 0 -180 0 0 0 -0 3.19659e-14 -159.979 0 -0 0 0 0 0 0 -180
0 -0 0 -0 0 180 0 -180 8.86851e-14 -118.208 0 -180 0 180 0 180 0 -0
0 -180 0 0 0 -180 0 -180 0.18834 107.182 0 -180 0 -180 0 0 0 -180
0 -0 0 180 0 -0 0 -0 0.810429 143.301 0 -0 0 -0 0 180 0 -0
inside=1 lambda=0.647 phi=10 theta=15
0 -180 0 -180 0 -180 0 0 0.181115 107.217 0 0 0 -180 0 -180 0 -180
0 -0 0 -0 0 -0 0 180 0.817746 143.331 0 180 0 -0 0 -0 0 -0
0 -180 0 -180 0 0 0 -180 0.00193632 -73.7186 0 0 0 0 0 0 0 -180
0 -0 0 -180 0 180 0 -0 0.00196408 146.674 0 180 0 180 0 0 0 -0
0 -180 0 -180 0 0 0 -180 0.00193631 -73.7174 0 0 0 0 0 0 0 -180
0 -0 0 -0 0 180 0 -180 0.00196407 146.672 0 0 0 180 0 180 0 -0
0 -180 0 0 0 -180 0 -180 0.187821 107.185 0 -180 0 -180 0 0 0 -180
0 -0 0 180 0 -0 0 -0 0.810954 143.303 0 -0 0 -0 0 180 0 -0
inside=1 lambda=0.647 phi=10 theta=30
0 -180 0 -180 0 -180 0 0 0.182532 107.21 0 0 0 -180 0 -180 0 -180
0 -0 0 -0 0 -0 0 180 0.816311 143.325 0 180 0 -0 0 -0 0 -0
0 -180 0 -180 0 0 0 -180 0.0033538 -73.7183 0 0 0 0 0 0 0 -180
0 -0 0 -180 0 180 0 -0 0.00340188 146.673 0 180 0 180 0 0 0 -0
0 -180 0 -180 0 0 0 -180 0.00335379 -73.7177 0 0 0 0 0 0 0 -180
0 -0 0 -0 0 180 0 -180 0.00340187 146.673 0 0 0 180 0 180 0 -0
0 -180 0 0 0 -180 0 -180 0.186404 107.191 0 -180 0 -180 0 0 0 -180
0 -0 0 180 0 -0 0 -0 0.812389 143.309 0 -0 0 -0 0 180 0 -0
inside=1 lambda=0.647 phi=10 theta=45
0 -180 0 -180 0 -180 0 0 0.184468 107.2 0 0 0 -180 0 -180 0 -180
0 -0 0 -0 0 -0 0 180 0.81435 143.317 0 180 0 -0 0 -0 0 -0
0 -180 0 -180 0 0 0 -180 0.00387263 -73.718 0 0 0 0 0 0 0 -180
0 -0 0 -180 0 180 0 -0 0.00392815 146.673 0 180 0 180 0 0 0 -0
0 -180 0 -180 0 0 0 -180 0.00387263 -73.718 0 0 0 0 0 0 0 -180
0 -0 0 -0 0 180 0 -180 0.00392815 146.673 0 0 0 180 0 180 0 -0
0 -180 0 0 0 -180 0 -180 0.184468 107.2 0 -180 0 -180 0 0 0 -180
0 -0 0 180 0 -0 0 -0 0.81435 143.317 0 -0 0 -0 0 180 0 -0
inside=1 lambda=0.647 phi=15 theta=0
0 180 0 -180 0 -180 0 0 0.17502 88.1941 0 0 0 180 0 -180 0 -180
0 -0 0 -0 0 -180 0 180 0.823411 133.814 0 0 0 -0 0 -0 0 -180
0 -180 0 -180 0 0 0 -0 3.83504e-13 167.054 0 180 0 0 0 0 0 -180
0 -0 0 -180 0 0 0 -180 9.76741e-13 -135.179 0 0 0 180 0 0 0 -180
0 -180 0 -180 0 0 0 -0 3.39861e-13 167.244 0 180 0 0 0 0 0 -180
0 -0 0 -0 0 180 0 -180 8.76811e-13 -135.192 0 0 0 180 0 180 0 -0
0 -180 0 0 0 -180 0 -180 0.192589 88.1124 0 -180 0 -180 0 0 0 -180
0 -0 0 180 0 -0 0 -0 0.805518 133.743 0 -0 0 -0 0 180 0 -0
inside=1 lambda=0.647 phi=15 theta=15
0 180 0 -180 0 -180 0 0 0.176197 88.1881 0 0 0 180 0 -180 0 -180
0 -0 0 -0 0 -180 0 180 0.822212 133.81 0 0 0 -0 0 -0 0 -180
0 -180 0 -180 0 0 0 -180 0.00439334 -92.7453 0 0 0 0 0 0 0 -180
0 -0 0 -180 0 0 0 -0 0.00448096 137.111 0 0 0 180 0 0 0 -180
0 -180 0 -180 0 0 0 -180 0.00439329 -92.7428 0 0 0 0 0 0 0 -180
0 -0 0 -0 0 180 0 -180 0.00448092 137.109 0 0 0 180 0 180 0 -0
0 -180 0 0 0 -180 0 -180 0.191412 88.1174 0 -180 0 -180 0 0 0 -180
0 -0 0 180 0 -0 0 -0 0.806717 133.748 0 -0 0 -0 0 180 0 -0
inside=1 lambda=0.647 phi=15 theta=30
0 -180 0 -180 0 -180 0 0 0.179412 88.1721 0 0 0 180 0 -180 0 -180
0 -0 0 -0 0 -180 0 180 0.818938 133.797 0 0 0 -0 0 -0 0 -180
0 -180 0 -180 0 0 0 -180 0.00760947 -92.7448 0 0 0 0 0 0 0 -180
0 -0 0 -180 0 0 0 -0 0.00776124 137.111 0 0 0 180 0 0 0 -180
0 -180 0 -180 0 0 0 -180 0.00760942 -92.7433 0 0 0 0 0 0 0 -180
0 -0 0 -0 0 180 0 -180 0.0077612 137.109 0 0 0 180 0 180 0 -0
0 -180 0 0 0 -180 0 -180 0.188197 88.1313 0 -180 0 -180 0 0 0 -180
0 -0 0 180 0 -0 0 -0 0.809991 133.761 0 -0 0 -180 0 0 0 -180
inside=1 lambda=0.647 phi=15 theta=45
0 -180 0 -180 0 -180 0 0 0.183805 88.1512 0 0 0 -180 0 -180 0 -180
0 -0 0 -0 0 -180 0 180 0.814464 133.779 0 0 0 -0 0 -0 0 -180
0 -180 0 -180 0 0 0 -180 0.00878663 -92.744 0 0 0 0 0 0 0 -180
0 -0 0 -180 0 0 0 -0 0.00896188 137.11 0 0 0 180 0 0 0 -0
0 -180 0 -180 0 0 0 -180 0.00878663 -92.744 0 0 0 0 0 0 0 -180
0 -0 0 -0 0 180 0 -180 0.00896188 137.11 0 0 0 0 0 0 0 -0
0 -180 0 0 0 -180 0 -180 0.183805 88.1512 0 -180 0 -180 0 0 0 -180
0 -0 0 180 0 -0 0 -0 0.814464 133.779 0 -0 0 -180 0 0 0 -180
inside=1 lambda=0.647 phi=20 theta=0
0 180 0 -180 0 -180 0 0 0.167095 61.6558 0 0 0 180 0 -180 0 -180
0 -0 0 -0 0 -180 0 180 0.83086 120.592 0 0 0 -0 0 -0 0 -180
0 180 0 -0 0 0 0 180 3.23525e-13 135.733 0 -0 0 -0 0 180 0 -180
0 -0 0 -180 0 0 0 0 7.87932e-13 -148.299 0 -180 0 180 0 0 0 -180
0 -180 0 -180 0 0 0 -0 3.28258e-13 136.063 0 180 0 0 0 0 0 -180
0 -0 0 -180 0 180 0 -180 8.31207e-13 -148.327 0 0 0 180 0 0 0 -0
0 -180 0 0 0 -180 0 -180 0.198708 61.4913 0 -180 0 -180 0 0 0 -180
0 -0 0 0 0 -0 0 -180 0.798417 120.461 0 -0 0 -0 0 0 0 -0
inside=1 lambda=0.647 phi=20 theta=15
0 180 0 -180 0 -180 0 0 0.169213 61.6428 0 0 0 180 0 -180 0 -180
0 -0 0 -0 0 -180 0 180 0.828687 120.583 0 0 0 -0 0 -0 0 -180
0 180 0 -0 0 0 0 -180 0.00790583 -119.421 0 0 0 -0 0 180 0 -180
0 -0 0 -180 0 0 0 -0 0.00812496 123.878 0 0 0 180 0 0 0 -180
0 -180 0 -180 0 0 0 -0 0.00790566 -119.417 0 180 0 0 0 0 0 -180
0 -0 0 -0 0 180 0 -180 0.00812483 123.873 0 0 0 0 0 0 0 -180
0 -180 0 0 0 -180 0 -180 0.19659 61.5006 0 -180 0 -180 0 0 0 -180
0 -0 0 180 0 -0 0 -180 0.80059 120.47 0 -0 0 -180 0 0 0 -180
inside=1 lambda=0.647 phi=20 theta=30
0 180 0 -180 0 -180 0 0 0.174999 61.6089 0 0 0 180 0 -180 0 -180
0 -0 0 -0 0 -180 0 180 0.822749 120.56 0 0 0 -0 0 -0 0 -180
0 -180 0 -0 0 0 0 -180 0.0136932 -119.42 0 0 0 -0 0 180 0 -180
0 -0 0 -180 0 0 0 -0 0.0140728 123.877 0 0 0 180 0 0 0 -180
0 -180 0 -180 0 0 0 -0 0.0136931 -119.417 0 180 0 0 0 0 0 -180
0 -0 0 -0 0 180 0 -180 0.0140727 123.874 0 0 0 0 0 0 0 -180
0 -180 0 0 0 -180 0 -180 0.190805 61.5271 0 -180 0 -180 0 0 0 -180
0 -0 0 180 0 -0 0 -180 0.806527 120.495 0 -0 0 -180 0 0 0 -180
inside=1 lambda=0.647 phi=20 theta=45
0 180 0 -180 0 -180 0 0 0.182902 61.5661 0 0 0 180 0 -180 0 -180
0 -0 0 -180 0 -180 0 180 0.814638 120.528 0 0 0 -0 0 -0 0 -180
0 -180 0 -0 0 0 0 -180 0.0158115 -119.419 0 0 0 0 0 180 0 -180
0 -0 0 -180 0 0 0 -0 0.0162498 123.875 0 0 0 180 0 0 0 -180
0 -180 0 -180 0 0 0 -0 0.0158115 -119.419 0 180 0 0 0 0 0 -180
0 -0 0 -0 0 180 0 -180 0.0162498 123.875 0 0 0 0 0 0 0 -180
0 180 0 0 0 180 0 -180 0.182902 61.5661 0 -180 0 -180 0 0 0 -180
0 -0 0 180 0 -0 0 -180 0.814638 120.528 0 -0 0 -180 0 0 0 -180
inside=1 lambda=0.647 phi=25 theta=0
0 180 0 180 0 -180 0 -0 0.156871 27.7657 0 0 0 180 0 180 0 -180
0 -0 0 -0 0 -180 0 180 0.840875 103.771 0 0 0 -0 0 -0 0 -180
0 180 0 -0 0 0 0 180 1.51221e-13 -80.3772 0 180 0 -0 0 180 0 -180
0 -0 0 -180 0 0 0 -0 3.29684e-13 14.2877 0 -0 0 180 0 0 0 -180
0 -180 0 -180 0 0 0 -0 1.4956e-13 -81.7464 0 -0 0 0 0 0 0 -180
0 -180 0 -180 0 0 0 180 3.55261e-13 14.8885 0 -180 0 0 0 0 0 -180
0 -180 0 0 0 -180 0 -180 0.20722 27.4131 0 -180 0 -180 0 0 0 -180
0 -180 0 0 0 -180 0 -180 0.788828 103.555 0 -180 0 -180 0 0 0 -180
inside=1 lambda=0.647 phi=25 theta=15
0 180 0 -180 0 -180 0 0 0.160244 27.735 0 0 0 180 0 180 0 -180
0 -0 0 -180 0 -180 0 180 0.837388 103.757 0 0 0 -0 0 -0 0 -180
0 180 0 -0 0 0 0 -180 0.0125929 -153.726 0 0 0 -0 0 180 0 -180
0 -0 0 -180 0 0 0 -0 0.0130359 107.111 0 0 0 180 0 0 0 -180
0 -180 0 -180 0 0 0 -0 0.0125924 -153.719 0 180 0 0 0 0 0 -180
0 -0 0 -180 0 180 0 -180 0.0130356 107.103 0 0 0 0 0 0 0 -180
0 -180 0 0 0 -180 0 -180 0.203847 27.4311 0 -180 0 -180 0 0 0 -180
0 -0 0 0 0 -0 0 -180 0.792314 103.57 0 -180 0 -180 0 0 0 -180
inside=1 lambda=0.647 phi=25 theta=30
0 180 0 -180 0 -180 0 0 0.169458 27.6573 0 0 0 180 0 -180 0 -180
0 -0 0 -180 0 -180 0 180 0.827862 103.719 0 0 0 -0 0 -0 0 -180
0 180 0 -0 0 0 0 -180 0.0218114 -153.724 0 0 0 -0 0 180 0 -180
0 -0 0 -180 0 0 0 -0 0.0225787 107.109 0 0 0 180 0 0 0 -180
0 -180 0 -180 0 -0 0 -0 0.0218109 -153.721 0 180 0 0 0 0 0 -180
0 -0 0 -180 0 180 0 -180 0.0225784 107.104 0 0 0 0 0 0 0 -180
0 180 0 0 0 180 0 -180 0.194633 27.4836 0 -180 0 -180 0 0 0 -180
0 -0 0 180 0 -0 0 -180 0.801838 103.611 0 -180 0 -180 0 0 0 -180
inside=1 lambda=0.647 phi=25 theta=45
0 180 0 -180 0 -180 0 0 0.182045 27.5643 0 0 0 180 0 -180 0 -180
0 -0 0 -180 0 -180 0 180 0.81485 103.666 0 0 0 -0 0 -180 0 -180
0 180 0 -0 0 0 0 -180 0.0251854 -153.722 0 0 0 -0 0 180 0 -180
0 -0 0 -180 0 0 0 -180 0.0260715 107.106 0 0 0 180 0 0 0 -180
0 180 0 -180 0 -0 0 -0 0.0251854 -153.722 0 180 0 0 0 0 0 -180
0 -0 0 -180 0 180 0 -180 0.0260715 107.106 0 0 0 0 0 0 0 -180
0 180 0 0 0 180 0 -180 0.182045 27.5643 0 -180 0 -180 0 0 0 -180
0 -0 0 180 0 -0 0 -180 0.81485 103.666 0 -180 0 -180 0 0 0 -180
inside=1 lambda=0.647 phi=30 theta=0
0 180 0 180 0 -180 0 -0 0.144302 -13.121 0 0 0 180 0 180 0 -180
0 -0 0 -180 0 -180 0 180 0.853849 83.4905 0 0 0 -0 0 -180 0 -180
0 180 0 -0 0 0 0 -0 1.73073e-13 -122.152 0 -0 0 -0 0 180 0 -180
0 -0 0 180 0 0 0 180 3.28993e-13 -5.36302 0 180 0 180 0 -0 0 -180
0 -180 0 -180 0 0 0 180 1.54807e-13 -121.747 0 180 0 0 0 0 0 -180
0 -180 0 -180 0 0 0 -0 3.18789e-13 -4.2117 0 -0 0 0 0 0 0 -180
0 -180 0 0 0 -180 0 -180 0.219224 -13.8795 0 -180 0 -180 0 0 0 -180
0 -180 0 0 0 -180 0 -180 0.776264 83.1535 0 -180 0 -180 0 0 0 -180
inside=1 lambda=0.647 phi=30 theta=15
0 180 0 180 0 -180 0 -0 0.14932 -13.196 0 0 0 180 0 180 0 -180
0 -0 0 -180 0 -180 0 180 0.848651 83.4698 0 0 0 -0 0 -180 0 -180
0 180 0 -0 0 0 0 -180 0.0187429 164.621 0 0 0 -0 0 180 0 -180
0 -0 0 180 0 0 0 -180 0.0194355 86.9368 0 0 0 180 0 -0 0 -180
0 -180 0 -180 0 -0 0 -0 0.0187422 164.63 0 180 0 0 0 0 0 -180
0 -180 0 -180 0 0 0 180 0.0194346 86.9247 0 -0 0 0 0 0 0 -180
0 180 0 0 0 180 0 -180 0.214205 -13.8456 0 -180 0 -180 0 0 0 -180
0 -180 0 0 0 -0 0 -180 0.78146 83.1782 0 -180 0 -180 0 0 0 -180
inside=1 lambda=0.647 phi=30 theta=30
0 180 0 180 0 -180 0 -0 0.16303 -13.3772 0 0 0 180 0 180 0 -180
0 -0 0 -180 0 -180 0 180 0.83445 83.4121 0 0 0 -0 0 -180 0 -180
0 180 0 -0 0 0 0 -180 0.0324635 164.624 0 0 0 -0 0 180 0 -180
0 -0 0 180 0 0 0 -180 0.0336629 86.9328 0 0 0 180 0 -0 0 -180
0 180 0 -180 0 -0 0 -0 0.0324628 164.628 0 180 0 0 0 0 0 -180
0 -180 0 -180 0 180 0 180 0.0336621 86.9259 0 -0 0 0 0 0 0 -180
0 180 0 -0 0 180 0 -180 0.200492 -13.744 0 -180 0 -180 0 0 0 -180
0 -0 0 0 0 -0 0 -180 0.795657 83.2439 0 -180 0 -180 0 0 0 -180
inside=1 lambda=0.647 phi=30 theta=45
0 180 0 -180 0 -180 0 -0 0.181761 -13.5799 0 0 0 180 0 180 0 -180
0 -0 0 -180 0 -180 0 180 0.815052 83.33 0 0 0 -0 0 -180 0 -180
0 180 0 -0 0 0 0 -180 0.0374853 164.626 0 0 0 -0 0 180 0 -180
0 -0 0 180 0 0 0 -180 0.03887 86.9287 0 0 0 180 0 -0 0 -180
0 180 0 -180 0 -0 0 -0 0.0374853 164.626 0 180 0 0 0 0 0 -180
0 -0 0 -180 0 180 0 180 0.03887 86.9287 0 -0 0 0 0 0 0 -180
0 180 0 -0 0 180 0 -180 0.181761 -13.5799 0 180 0 -180 0 0 0 -180
0 -0 0 180 0 -0 0 -180 0.815052 83.33 0 -180 0 -180 0 0 0 -180
inside=1 lambda=0.647 phi=35 theta=0
0 180 0 180 0 -180 0 -0 0.128688 -60.423 0 0 0 180 0 180 0 -180
0 -0 0 -180 0 180 0 0 0.870414 59.9219 0 -0 0 -0 0 -180 0 180
0 180 0 -0 0 0 0 -0 4.70613e-13 -164.063 0 -0 0 -0 0 180 0 -180
0 -0 0 180 0 -0 0 180 8.03138e-13 -29.5086 0 180 0 180 0 -0 0 180
0 -180 0 -180 0 -0 0 180 4.82673e-13 -163.494 0 180 0 0 0 0 0 180
0 -180 0 -180 0 0 0 -0 9.69907e-13 -28.7035 0 -180 0 0 0 0 0 -180
0 -180 0 0 0 180 0 -180 0.23619 -61.8332 0 -180 0 -180 0 0 0 180
0 -180 0 0 0 -180 0 -180 0.760043 59.4243 0 -180 0 -180 0 0 0 -180
inside=1 lambda=0.647 phi=35 theta=15
0 180 0 180 0 -180 0 -0 0.135885 -60.5882 0 0 0 180 0 180 0 -180
0 -0 0 -180 0 180 0 0 0.863018 59.8925 0 -0 0 -0 0 -180 0 180
0 180 0 -0 0 0 0 180 0.0268988 116.438 0 0 0 -0 0 180 0 -180
0 -0 0 180 0 -0 0 -180 0.0276528 63.4283 0 -0 0 180 0 -0 0 180
0 180 0 180 0 -0 0 -0 0.0268982 116.45 0 180 0 0 0 0 0 -180
0 -180 0 -180 0 0 0 180 0.0276508 63.4112 0 -0 0 0 0 0 0 -180
0 180 0 -0 0 180 0 -180 0.228986 -61.7807 0 180 0 -180 0 0 0 -180
0 -180 0 0 0 -180 0 -180 0.767434 59.4621 0 -180 0 -180 0 0 0 -180
inside=1 lambda=0.647 phi=35 theta=30
0 180 0 180 0 -180 0 -0 0.155553 -60.9609 0 0 0 180 0 180 0 -180
0 -0 0 -180 0 180 0 0 0.842815 59.8096 0 -0 0 -0 0 -180 0 180
0 180 0 -0 0 0 0 180 0.0465902 116.441 0 0 0 -0 0 180 0 -180
0 -0 0 180 0 -0 0 -180 0.047895 63.4218 0 -0 0 180 0 -0 0 180
0 180 0 180 0 -0 0 -0 0.0465896 116.448 0 180 0 0 0 0 0 -180
0 -180 0 -180 0 0 0 180 0.0478932 63.4122 0 -0 0 0 0 0 0 -180
0 180 0 -0 0 180 0 -180 0.209307 -61.6185 0 180 0 -180 0 0 0 -180
0 -180 0 0 0 -0 0 -180 0.787629 59.5617 0 -180 0 180 0 0 0 180
inside=1 lambda=0.647 phi=35 theta=45
0 180 0 180 0 -180 0 -0 0.182427 -61.3388 0 0 0 180 0 180 0 -180
0 -0 0 -180 0 180 0 0 0.81522 59.6898 0 -0 0 -0 0 -180 0 180
0 180 0 -0 0 0 0 180 0.0537975 116.445 0 0 0 -0 0 180 0 -180
0 -180 0 180 0 -0 0 -180 0.0553033 63.4157 0 -0 0 180 0 -0 0 180
0 180 0 180 0 -0 0 -0 0.0537975 116.445 0 180 0 0 0 0 0 -180
0 -180 0 -180 0 180 0 180 0.0553033 63.4157 0 -0 0 -0 0 -0 0 180
0 180 0 -0 0 180 0 180 0.182427 -61.3388 0 180 0 -180 0 0 0 -180
0 -0 0 0 0 -0 0 -180 0.81522 59.6898 0 -180 0 180 0 -0 0 180
inside=1 lambda=0.647 phi=40 theta=0
0 180 0 180 0 -180 0 -0 0.108355 -113.631 0 0 0 180 0 180 0 -180
0 -0 0 -180 0 180 0 0 0.891498 33.2593 0 -0 0 -0 0 -180 0 180
0 180 0 -0 0 0 0 -0 1.96509e-13 -30.0557 0 -0 0 -0 0 180 0 -180
0 -180 0 180 0 -0 0 180 3.34321e-13 123.03 0 180 0 0 0 -0 0 180
0 -180 0 -180 0 0 0 -0 1.76813e-13 -28.3117 0 180 0 0 0 0 0 -180
0 -180 0 -180 0 0 0 180 3.67413e-13 125.156 0 -0 0 0 0 0 0 -180
0 -180 0 0 0 -180 0 -180 0.25886 -115.585 0 -180 0 -180 0 0 0 -180
0 -180 0 0 0 -180 0 180 0.73945 32.5831 0 -180 0 -180 0 0 0 -180
inside=1 lambda=0.647 phi=40 theta=15
0 180 0 180 0 -180 0 -0 0.118427 -113.919 0 0 0 180 0 180 0 -180
0 -0 0 -180 0 180 0 0 0.88131 33.2211 0 -0 0 -0 0 -180 0 180
0 180 0 -0 0 0 0 180 0.0376528 62.9557 0 0 0 -0 0 180 0 -180
0 -180 0 180 0 -0 0 -180 0.0380931 36.6342 0 -0 0 0 0 -0 0 180
0 180 0 180 0 -0 0 -0 0.0376531 62.9754 0 180 0 0 0 0 0 -180
0 -180 0 -180 0 0 0 180 0.038089 36.6113 0 -0 0 -0 0 -0 0 180
0 180 0 -0 0 180 0 -180 0.248774 -115.529 0 180 0 -180 0 0 0 -180
0 -180 0 0 0 -180 0 180 0.749631 32.6368 0 -180 0 180 0 -0 0 180
inside=1 lambda=0.647 phi=40 theta=30
0 180 0 180 0 -180 0 -0 0.145958 -114.503 0 0 0 180 0 180 0 -180
0 -180 0 -180 0 180 0 0 0.853476 33.1123 0 -0 0 -0 0 -180 0 180
0 180 0 -0 0 0 0 180 0.0652178 62.9613 0 0 0 -0 0 180 0 -180
0 -180 0 180 0 -0 0 -180 0.065977 36.6241 0 -0 0 0 0 -0 0 180
0 180 0 180 0 -0 0 -0 0.0652181 62.9721 0 180 0 0 0 0 0 -180
0 -180 0 -180 0 0 0 180 0.0659733 36.6114 0 -0 0 -0 0 -0 0 180
0 180 0 -0 0 180 0 -180 0.22122 -115.35 0 180 0 -180 0 0 0 -180
0 -180 0 0 0 -180 0 180 0.77745 32.7766 0 -180 0 180 0 -0 0 180
inside=1 lambda=0.647 phi=40 theta=45
0 180 0 180 0 -180 0 -0 0.183584 -115.015 0 0 0 180 0 180 0 -180
0 -180 0 -180 0 180 0 0 0.815459 32.9521 0 -0 0 -0 0 -180 0 180
0 180 0 -0 0 0 0 180 0.0753077 62.9672 0 0 0 -0 0 180 0 -180
0 -180 0 180 0 -0 0 -180 0.0761812 36.6154 0 -0 0 0 0 -0 0 180
0 180 0 180 0 -0 0 -0 0.0753077 62.9672 0 180 0 0 0 0 0 -180
0 -180 0 -180 0 0 0 180 0.0761812 36.6154 0 -0 0 -0 0 -0 0 180
0 180 0 -0 0 180 0 180 0.183584 -115.015 0 180 0 -180 0 0 0 -180
0 -180 0 0 0 -0 0 -180 0.815459 32.9521 0 -180 0 180 0 -0 0 180
inside=1 lambda=0.647 phi=45 theta=0
0 180 0 180 0 -180 0 -0 0.0817965 -172.999 0 0 0 180 0 180 0 -180
0 -180 0 -180 0 180 0.00104428 -50.8088 0.91822 3.71921 0 -0 0 -180 0 -180 0 180
0 180 0 -0 0 0 0 -0 1.97575e-13 96.5877 0 180 0 -0 0 180 0 -180
0 -180 0 0 0 -0 3.86411e-15 109.325 3.69661e-13 -86.3659 0 -180 0 0 0 -180 0 180
0 -180 0 -180 0 0 0 -0 5.01237e-13 91.7214 0 -0 0 0 0 0 0 -180
0 180 0 180 0 -0 1.72819e-15 -14.5772 1.24733e-12 -90.9998 0 0 0 -0 0 -0 0 180
0 -180 0 0 0 -180 0 -180 0.285894 -174.38 0 -180 0 -180 0 0 0 -180
0 180 0 -0 0 180 0.00608327 141.554 0.714052 2.88413 0 180 0 180 0 -0 0 180
inside=1 lambda=0.647 phi=45 theta=15
0 180 0 180 0 -180 0 -0 0.095453 -173.283 0 0 0 180 0 180 0 -180
0 -180 0 -180 0 180 0 0 0.904544 3.67405 0 -0 0 -180 0 -180 0 180
0 180 0 -0 0 0 0 180 0.0510373 4.9943 0 0 0 -0 0 180 0 -180
0 -180 0 0 0 -0 0 180 0.0511374 6.73399 0 -0 0 0 0 -0 0 180
0 180 0 -180 0 -0 0 -0 0.0510373 5.0265 0 180 0 0 0 0 0 -180
0 -180 0 180 0 0 0 180 0.0511293 6.70433 0 -0 0 -0 0 -0 0 180
0 180 0 -0 0 180 0 -180 0.272226 -174.355 0 -180 0 -180 0 0 0 -180
0 -180 0 0 0 -180 0 180 0.727725 2.95404 0 180 0 180 0 -0 0 180
inside=1 lambda=0.647 phi=45 theta=30
0 180 0 180 0 -180 0 -0 0.132798 -173.756 0 0 0 180 0 180 0 -180
0 -180 0 -180 0 180 0 0 0.867167 3.5453 0 -0 0 -180 0 -180 0 180
0 180 0 -0 0 0 0 180 0.0884031 5.00293 0 0 0 -0 0 180 0 -180
0 -180 0 0 0 -0 0 -180 0.0885676 6.71826 0 -0 0 0 0 -0 0 180
0 180 0 180 0 -0 0 -0 0.0884033 5.01993 0 180 0 0 0 0 0 -180
0 -180 0 -180 0 0 0 180 0.0885612 6.70215 0 -0 0 -0 0 -0 0 180
0 180 0 -0 0 180 0 -180 0.234866 -174.269 0 180 0 -180 0 0 0 -180
0 -180 0 0 0 -180 0 180 0.765079 3.13316 0 -180 0 180 0 -0 0 180
inside=1 lambda=0.647 phi=45 theta=45
0 180 0 180 0 -180 0 -0 0.18383 -174.087 0 0 0 180 0 180 0 -180
0 -180 0 180 0 180 0 0 0.816118 3.35176 0 -0 0 -180 0 -180 0 180
0 180 0 -0 0 0 0 180 0.102081 5.01185 0 0 0 -0 0 180 0 -180
0 -180 0 0 0 -0 0 -180 0.102265 6.70635 0 -0 0 0 0 -0 0 180
0 180 0 180 0 -0 0 -0 0.102081 5.01185 0 180 0 0 0 0 0 -180
0 -180 0 -180 0 0 0 0 0.102265 6.70635 0 -0 0 -0 0 -0 0 180
0 180 0 -0 0 180 0 180 0.18383 -174.087 0 180 0 -180 0 0 0 -180
0 -180 0 0 0 -180 0 180 0.816118 3.35176 0 -180 0 180 0 -0 0 180
