RSoft_BSDF_File_Version 2
1 0 5 2 1 1.18857
0.3 0.3
-1 1
-1 1
1 0.647 0.647
10 0 45 0.5
4 0 45
Begin_Dispersion_Data
0.647 1.45662 0 1 0 0
End_Dispersion_Data
inside=0 lambda=0.647 phi=0 theta=0
0 -180 0 -180 0 -180 0 0 0.18307 -0.581589 0 0 0 -180 0 -180 0 -180
0 180 0 180 0 180 0 -0 1.18651 -55.7174 0 -0 0 180 0 180 0 180
0 -180 0 -0 0 0 0 -0 4.32744e-14 -154.68 0 180 0 0 0 180 0 -180
0 180 0 0 0 -0 0 -0 7.83442e-13 -145.596 0 -180 0 -0 0 180 0 180
0 -180 0 180 0 0 0 -0 5.00817e-14 -147.879 0 180 0 0 0 -0 0 -180
0 180 0 -180 0 -0 0 -180 7.97367e-13 -144.871 0 -180 0 -0 0 0 0 180
0 -180 0 0 0 -180 0 -180 0.18307 -0.581589 0 -180 0 -180 0 0 0 -180
0 180 0 -0 0 180 0 180 1.18651 -55.7174 0 180 0 180 0 -0 0 180
inside=0 lambda=0.647 phi=0 theta=15
0 -180 0 -180 0 -180 0 0 0.18307 -0.581589 0 0 0 -180 0 -180 0 -180
0 180 0 180 0 180 0 -0 1.18651 -55.7174 0 -0 0 180 0 180 0 180
0 -180 0 -0 0 0 0 -0 4.32744e-14 -154.68 0 180 0 0 0 180 0 -180
0 180 0 0 0 -0 0 -0 7.83442e-13 -145.596 0 -180 0 -0 0 180 0 180
0 -180 0 180 0 0 0 -0 5.00817e-14 -147.879 0 180 0 0 0 -0 0 -180
0 180 0 -180 0 -0 0 -180 7.97367e-13 -144.871 0 -180 0 -0 0 0 0 180
0 -180 0 0 0 -180 0 -180 0.18307 -0.581589 0 -180 0 -180 0 0 0 -180
0 180 0 -0 0 180 0 180 1.18651 -55.7174 0 180 0 180 0 -0 0 180
inside=0 lambda=0.647 phi=0 theta=30
0 -180 0 -180 0 -180 0 0 0.18307 -0.581589 0 0 0 -180 0 -180 0 -180
0 180 0 180 0 180 0 -0 1.18651 -55.7174 0 -0 0 180 0 180 0 180
0 -180 0 -0 0 0 0 -0 4.32744e-14 -154.68 0 180 0 0 0 180 0 -180
0 180 0 0 0 -0 0 -0 7.83442e-13 -145.596 0 -180 0 -0 0 180 0 180
0 -180 0 180 0 0 0 -0 5.00817e-14 -147.879 0 180 0 0 0 -0 0 -180
0 180 0 -180 0 -0 0 -180 7.97367e-13 -144.871 0 -180 0 -0 0 0 0 180
0 -180 0 0 0 -180 0 -180 0.18307 -0.581589 0 -180 0 -180 0 0 0 -180
0 180 0 -0 0 180 0 180 1.18651 -55.7174 0 180 0 180 0 -0 0 180
inside=0 lambda=0.647 phi=0 theta=45
0 -180 0 -180 0 -180 0 0 0.18307 -0.581589 0 0 0 -180 0 -180 0 -180
0 180 0 180 0 180 0 -0 1.18651 -55.7174 0 -0 0 180 0 180 0 180
0 -180 0 -0 0 0 0 -0 4.32744e-14 -154.68 0 180 0 0 0 180 0 -180
0 180 0 0 0 -0 0 -0 7.83442e-13 -145.596 0 -180 0 -0 0 180 0 180
0 -180 0 180 0 0 0 -0 5.00817e-14 -147.879 0 180 0 0 0 -0 0 -180
0 180 0 -180 0 -0 0 -180 7.97367e-13 -144.871 0 -180 0 -0 0 0 0 180
0 -180 0 0 0 -180 0 -180 0.18307 -0.581589 0 -180 0 -180 0 0 0 -180
0 180 0 -0 0 180 0 180 1.18651 -55.7174 0 180 0 180 0 -0 0 180
inside=0 lambda=0.647 phi=5 theta=0
0 180 0 -180 0 -180 0 0 0.180712 -0.524653 0 0 0 180 0 -180 0 -180
0 180 0 180 0 0 0 -0 1.18448 -61.0234 0 -180 0 180 0 180 0 0
0 -180 0 -0 0 0 0 180 6.61032e-14 27.9559 0 180 0 0 0 180 0 -180
0 180 0 0 0 -180 0 -180 9.54341e-13 30.2623 0 -180 0 -0 0 -180 0 0
0 -180 0 -180 0 0 0 -0 7.30624e-14 26.7081 0 180 0 0 0 0 0 -180
0 180 0 180 0 -0 0 0 1.11914e-12 29.0867 0 -180 0 -0 0 -0 0 180
0 -180 0 0 0 -180 0 -180 0.18474 -0.535123 0 -180 0 -180 0 0 0 -180
0 180 0 -0 0 180 0 180 1.18869 -61.0461 0 180 0 180 0 -0 0 180
inside=0 lambda=0.647 phi=5 theta=15
0 -180 0 -180 0 -180 0 0 0.180982 -0.525369 0 0 0 -180 0 -180 0 -180
0 180 0 180 0 0 0 -0 1.18476 -61.025 0 -180 0 180 0 180 0 0
0 -180 0 -0 0 0 0 -180 0.00100703 179.002 0 0 0 0 0 180 0 -180
0 180 0 0 0 -180 0 180 0.00105991 112.478 0 -180 0 -0 0 -180 0 0
0 -180 0 -180 0 0 0 -0 0.00100703 179.002 0 180 0 0 0 0 0 -180
0 180 0 180 0 -0 0 0 0.00105991 112.48 0 -180 0 -0 0 -0 0 180
0 -180 0 0 0 -180 0 -180 0.18447 -0.534436 0 -180 0 -180 0 0 0 -180
0 180 0 -0 0 180 0 180 1.18841 -61.0446 0 180 0 180 0 -0 0 180
inside=0 lambda=0.647 phi=5 theta=30
0 -180 0 -180 0 -180 0 0 0.181719 -0.527314 0 0 0 -180 0 -180 0 -180
0 180 0 180 0 0 0 -0 1.18553 -61.0291 0 -180 0 180 0 180 0 0
0 -180 0 -0 0 0 0 -180 0.00174423 179.002 0 0 0 0 0 180 0 -180
0 180 0 0 0 -0 0 180 0.00183582 112.479 0 -180 0 -0 0 -180 0 180
0 -180 0 -180 0 0 0 -0 0.00174423 179.002 0 180 0 0 0 0 0 -180
0 180 0 180 0 -0 0 0 0.00183581 112.479 0 -180 0 -0 0 -180 0 180
0 -180 0 0 0 -180 0 -180 0.183733 -0.532548 0 -180 0 -180 0 0 0 -180
0 180 0 -0 0 180 0 180 1.18764 -61.0405 0 180 0 180 0 -180 0 180
inside=0 lambda=0.647 phi=5 theta=45
0 -180 0 -180 0 -180 0 0 0.182726 -0.529945 0 0 0 -180 0 -180 0 -180
0 180 0 180 0 180 0 -0 1.18658 -61.0348 0 -180 0 180 0 180 0 180
0 -180 0 -0 0 0 0 -180 0.00201406 179.002 0 0 0 0 0 180 0 -180
0 180 0 0 0 -0 0 180 0.00211981 112.479 0 -180 0 -0 0 -180 0 180
0 -180 0 -180 0 0 0 -0 0.00201406 179.002 0 180 0 0 0 0 0 -180
0 180 0 180 0 -0 0 0 0.00211981 112.479 0 -180 0 -0 0 -180 0 180
0 -180 0 0 0 -180 0 -180 0.182726 -0.529945 0 -180 0 -180 0 0 0 -180
0 180 0 -0 0 180 0 180 1.18658 -61.0348 0 180 0 180 0 -180 0 180
inside=0 lambda=0.647 phi=10 theta=0
0 180 0 -180 0 -180 0 0 0.173723 -0.257088 0 0 0 180 0 -180 0 -180
0 180 0 0 0 0 0 -0 1.17805 -77.0401 0 -180 0 180 0 0 0 0
0 180 0 -0 0 0 0 -0 1.36299e-13 8.03946 0 -0 0 -0 0 180 0 -180
0 180 0 0 0 -180 0 -0 1.85896e-12 14.0989 0 180 0 -0 0 -180 0 0
0 -180 0 -180 0 0 0 -0 1.41466e-13 8.33494 0 -0 0 0 0 0 0 -180
0 0 0 0 0 -180 0 0 2.00985e-12 14.1098 0 -0 0 -180 0 -180 0 0
0 -180 0 0 0 -180 0 -180 0.190174 -0.277042 0 -180 0 -180 0 0 0 -180
0 0 0 -180 0 0 0 0 1.19544 -77.1353 0 0 0 0 0 -180 0 0
inside=0 lambda=0.647 phi=10 theta=15
0 180 0 -180 0 -180 0 0 0.174825 -0.258544 0 0 0 180 0 -180 0 -180
0 180 0 0 0 0 0 -0 1.17922 -77.0466 0 -180 0 180 0 0 0 0
0 180 0 -0 0 0 0 -180 0.00411358 179.515 0 0 0 -0 0 180 0 -180
0 180 0 0 0 -180 0 180 0.00437616 96.3186 0 -180 0 -0 0 -180 0 0
0 -180 0 -180 0 0 0 -0 0.00411356 179.515 0 180 0 0 0 0 0 -180
0 180 0 0 0 -0 0 0 0.00437609 96.3241 0 -180 0 -180 0 -180 0 0
0 -180 0 0 0 -180 0 -180 0.189072 -0.275816 0 -180 0 -180 0 0 0 -180
0 180 0 -180 0 180 0 0 1.19428 -77.129 0 0 0 0 0 -180 0 0
inside=0 lambda=0.647 phi=10 theta=30
0 180 0 -180 0 -180 0 0 0.177835 -0.262429 0 0 0 180 0 -180 0 -180
0 180 0 0 0 0 0 -0 1.1824 -77.0642 0 -180 0 180 0 0 0 0
0 180 0 -0 0 0 0 -180 0.00712492 179.515 0 0 0 -0 0 180 0 -180
0 180 0 0 0 -180 0 0 0.00757971 96.3199 0 -180 0 -0 0 -180 0 0
0 -180 0 -180 0 0 0 -0 0.0071249 179.515 0 180 0 0 0 0 0 -180
0 180 0 0 0 -0 0 0 0.00757964 96.3231 0 -180 0 -180 0 -180 0 0
0 -180 0 0 0 180 0 -180 0.186061 -0.27239 0 -180 0 -180 0 0 0 -180
0 180 0 -180 0 180 0 0 1.19109 -77.1118 0 0 0 0 0 -180 0 0
inside=0 lambda=0.647 phi=10 theta=45
0 180 0 -180 0 -180 0 0 0.181948 -0.267524 0 0 0 180 0 -180 0 -180
0 180 0 0 0 0 0 -0 1.18675 -77.0881 0 -180 0 180 0 0 0 0
0 -180 0 -0 0 0 0 -180 0.00822714 179.515 0 0 0 -0 0 180 0 -180
0 180 0 0 0 -180 0 0 0.00875225 96.3215 0 -180 0 -0 0 -180 0 0
0 -180 0 -180 0 -0 0 -0 0.00822714 179.515 0 180 0 0 0 0 0 -180
0 180 0 0 0 -0 0 0 0.00875225 96.3215 0 -180 0 -180 0 -180 0 0
0 180 0 0 0 180 0 -180 0.181948 -0.267524 0 -180 0 -180 0 0 0 -180
0 180 0 -0 0 180 0 0 1.18675 -77.0881 0 0 0 0 0 -180 0 0
inside=0 lambda=0.647 phi=15 theta=0
0 180 0 -180 0 -180 0 -0 0.162453 0.282261 0 0 0 180 0 -180 0 -180
0 180 0 0 0 0 0 -180 1.16613 -104.085 0 -180 0 180 0 0 0 0
0 180 0 -0 0 0 0 -0 4.73582e-14 -10.7364 0 -0 0 -0 0 180 0 -180
0 180 0 -0 0 -180 0 -0 7.42748e-13 -13.8193 0 -0 0 -0 0 180 0 0
0 -180 0 -180 0 0 0 180 4.6042e-14 -1.84192 0 -0 0 0 0 0 0 -180
0 0 0 0 0 -180 0 180 7.89647e-13 -14.645 0 -0 0 -180 0 -180 0 0
0 -180 0 0 0 -180 0 -180 0.201398 0.351476 0 -180 0 -180 0 0 0 -180
0 0 0 -180 0 0 0 0 1.20725 -104.321 0 0 0 0 0 -180 0 0
inside=0 lambda=0.647 phi=15 theta=15
0 180 0 -180 0 -180 0 -0 0.165062 0.287891 0 0 0 180 0 -180 0 -180
0 180 0 0 0 0 0 -180 1.16889 -104.102 0 -180 0 180 0 0 0 0
0 180 0 -0 0 0 0 -180 0.00973735 -179.361 0 0 0 -0 0 180 0 -180
0 180 0 -0 0 -180 0 0 0.0103539 68.9075 0 -180 0 -0 0 180 0 0
0 -180 0 -180 0 0 0 -180 0.0097373 -179.361 0 180 0 0 0 0 0 -180
0 0 0 0 0 -180 0 -0 0.0103534 68.9205 0 180 0 -180 0 -180 0 0
0 -180 0 0 0 180 0 -180 0.198789 0.347665 0 -180 0 -180 0 0 0 -180
0 0 0 -180 0 0 0 0 1.2045 -104.305 0 0 0 0 0 -180 0 0
inside=0 lambda=0.647 phi=15 theta=30
0 180 0 -180 0 -180 0 0 0.172189 0.302423 0 0 0 180 0 -180 0 -180
0 180 0 0 0 0 0 -180 1.17641 -104.146 0 -180 0 180 0 0 0 0
0 180 0 -0 0 0 0 -180 0.0168656 -179.361 0 0 0 -0 0 180 0 -180
0 0 0 -0 0 -180 0 0 0.0179333 68.9109 0 -180 0 -0 0 180 0 0
0 -180 0 -180 0 -0 0 -180 0.0168655 -179.361 0 180 0 0 0 0 0 -180
0 0 0 0 0 -180 0 -0 0.0179328 68.9184 0 180 0 -180 0 -180 0 0
0 180 0 0 0 180 0 -180 0.191662 0.33674 0 -180 0 -180 0 0 0 -180
0 0 0 -180 0 0 0 0 1.19697 -104.263 0 0 0 0 0 -180 0 0
inside=0 lambda=0.647 phi=15 theta=45
0 180 0 -180 0 -180 0 0 0.181926 0.320476 0 0 0 180 0 -180 0 -180
0 0 0 0 0 0 0 -180 1.18669 -104.205 0 -180 0 180 0 0 0 0
0 180 0 -0 0 0 0 -180 0.0194747 -179.361 0 0 0 -0 0 180 0 -180
0 0 0 -0 0 -180 0 0 0.0207073 68.9149 0 -180 0 -180 0 180 0 0
0 180 0 -180 0 -0 0 -0 0.0194747 -179.361 0 180 0 0 0 0 0 -180
0 0 0 0 0 -180 0 -0 0.0207073 68.9149 0 180 0 -180 0 -180 0 0
0 180 0 0 0 180 0 -180 0.181926 0.320476 0 -180 0 -180 0 0 0 -180
0 0 0 -180 0 180 0 0 1.18669 -104.205 0 0 0 0 0 -180 0 0
inside=0 lambda=0.647 phi=20 theta=0
0 180 0 180 0 -180 0 -0 0.145799 0.514996 0 0 0 180 0 180 0 -180
0 0 0 0 0 -0 0 -180 1.14694 -142.791 0 180 0 0 0 0 0 -0
0 180 0 -0 0 0 0 -0 2.35363e-14 126.055 0 180 0 -0 0 180 0 -180
0 0 0 -0 0 180 0 -180 5.41922e-13 127.244 0 0 0 -180 0 180 0 -0
0 -180 0 -180 0 0 0 180 4.57297e-14 119.38 0 -0 0 0 0 0 0 -180
0 0 0 0 0 -180 0 180 7.43043e-13 128.894 0 -0 0 -180 0 -180 0 0
0 -180 0 0 0 -180 0 -180 0.2223 0.73546 0 -180 0 -180 0 0 0 -180
0 0 0 -180 0 0 0 0 1.22499 -143.246 0 0 0 0 0 -180 0 0
inside=0 lambda=0.647 phi=20 theta=15
0 180 0 -180 0 -180 0 -0 0.150924 0.536631 0 0 0 180 0 180 0 -180
0 0 0 0 0 -0 0 -180 1.15216 -142.823 0 180 0 0 0 0 0 -0
0 180 0 -0 0 0 0 -180 0.019125 -178.841 0 0 0 -0 0 180 0 -180
0 0 0 -0 0 180 0 0 0.0196628 29.9427 0 180 0 -180 0 180 0 -0
0 -180 0 -180 0 -0 0 -180 0.0191251 -178.841 0 180 0 0 0 0 0 -180
0 0 0 0 0 -180 0 -0 0.0196606 29.9688 0 180 0 -180 0 -180 0 0
0 -180 0 0 0 180 0 -180 0.217175 0.7255 0 -180 0 -180 0 0 0 -180
0 0 0 -180 0 0 0 0 1.21976 -143.218 0 0 0 0 0 -180 0 0
inside=0 lambda=0.647 phi=20 theta=30
0 180 0 -180 0 -180 0 -0 0.164924 0.589003 0 0 0 180 0 180 0 -180
0 0 0 0 0 -0 0 -180 1.16645 -142.911 0 180 0 0 0 0 0 -0
0 180 0 -0 0 0 0 -180 0.0331256 -178.84 0 0 0 -0 0 180 0 -180
0 0 0 -0 0 180 0 0 0.034056 29.9506 0 180 0 -180 0 180 0 -0
0 180 0 -180 0 -0 0 -180 0.0331257 -178.841 0 180 0 0 0 0 0 -180
0 0 0 0 0 -180 0 -0 0.0340538 29.9654 0 180 0 180 0 180 0 -0
0 180 0 0 0 180 0 -180 0.203175 0.695744 0 -180 0 -180 0 0 0 -180
0 0 0 -180 0 0 0 0 1.20547 -143.138 0 0 0 -0 0 180 0 -0
inside=0 lambda=0.647 phi=20 theta=45
0 180 0 -180 0 -180 0 -0 0.184049 0.647851 0 0 0 180 0 -180 0 -180
0 0 0 0 0 -0 0 -180 1.18596 -143.027 0 180 0 0 0 0 0 -0
0 180 0 -180 0 0 0 -180 0.0382503 -178.841 0 0 0 -0 0 180 0 -180
0 0 0 -0 0 180 0 0 0.0393231 29.9591 0 180 0 -180 0 180 0 -0
0 180 0 -180 0 -0 0 -180 0.0382503 -178.841 0 180 0 0 0 0 0 -180
0 0 0 0 0 -180 0 -0 0.0393231 29.9591 0 180 0 180 0 180 0 -0
0 180 0 -0 0 180 0 -180 0.184049 0.647851 0 -180 0 -180 0 0 0 -180
0 0 0 -180 0 0 0 0 1.18596 -143.027 0 0 0 -0 0 180 0 -0
inside=0 lambda=0.647 phi=25 theta=0
0 180 0 180 0 -180 0 -0 0.117765 0.238204 0 0 0 180 0 180 0 -180
0 0 0 0 0 -0 0 -180 1.11759 165.604 0 180 0 0 0 0 0 -0
0 180 0 -0 0 0 0 -0 5.86605e-14 -104.784 0 180 0 -0 0 180 0 -180
0 0 0 -180 0 180 0 -180 2.50123e-12 75.3714 0 -180 0 -180 0 0 0 -0
0 -180 0 -180 0 0 0 180 7.87045e-14 -104.978 0 -0 0 0 0 0 0 -180
0 -0 0 -0 0 180 0 0 2.78834e-12 75.2747 0 -180 0 180 0 180 0 -0
0 -180 0 0 0 -180 0 -180 0.25198 -0.311293 0 -180 0 -180 0 0 0 -180
0 -0 0 180 0 -0 0 -0 1.25252 164.9 0 -0 0 -0 0 180 0 -0
inside=0 lambda=0.647 phi=25 theta=15
0 180 0 180 0 -180 0 -0 0.126755 0.164599 0 0 0 180 0 180 0 -180
0 0 0 0 0 -0 0 -180 1.12662 165.551 0 180 0 0 0 0 0 -0
0 180 0 -0 0 0 0 -180 0.0335579 179.224 0 0 0 -0 0 180 0 -180
0 0 0 -180 0 180 0 -0 0.0339402 -21.083 0 180 0 -180 0 0 0 -0
0 -180 0 -180 0 -0 0 -180 0.0335577 179.221 0 180 0 0 0 0 0 -180
0 -0 0 -0 0 180 0 -180 0.033934 -21.034 0 0 0 180 0 180 0 -0
0 180 0 0 0 180 0 -180 0.242989 -0.293336 0 -180 0 -180 0 0 0 -180
0 -0 0 180 0 -0 0 -0 1.24348 164.942 0 -0 0 -0 0 180 0 -0
inside=0 lambda=0.647 phi=25 theta=30
0 180 0 180 0 -180 0 -0 0.151316 0.0088263 0 0 0 180 0 180 0 -180
0 0 0 0 0 -0 0 -180 1.15131 165.411 0 180 0 0 0 0 0 -0
0 180 0 -0 0 0 0 -180 0.0581248 179.224 0 0 0 -0 0 180 0 -180
0 0 0 -180 0 180 0 -0 0.0587824 -21.066 0 180 0 -180 0 0 0 -0
0 180 0 -180 0 -0 0 -180 0.0581246 179.222 0 180 0 0 0 0 0 -180
0 -0 0 -0 0 -180 0 -180 0.0587766 -21.0387 0 0 0 180 0 180 0 -0
0 180 0 -0 0 180 0 -180 0.218426 -0.237027 0 -180 0 -180 0 0 0 -180
0 0 0 180 0 0 0 -0 1.21877 165.06 0 -0 0 -0 0 180 0 -0
inside=0 lambda=0.647 phi=25 theta=45
0 180 0 -180 0 -180 0 -0 0.184871 -0.136419 0 0 0 180 0 180 0 -180
0 0 0 -0 0 -0 0 180 1.18503 165.23 0 180 0 0 0 0 0 -0
0 180 0 -180 0 0 0 -180 0.0671171 179.223 0 0 0 -0 0 180 0 -180
0 0 0 -180 0 180 0 -0 0.067872 -21.0494 0 180 0 -180 0 0 0 -0
0 180 0 -180 0 -0 0 -180 0.0671171 179.223 0 180 0 0 0 0 0 -180
0 0 0 -0 0 -180 0 -180 0.067872 -21.0494 0 0 0 180 0 180 0 -0
0 180 0 -0 0 180 0 -180 0.184871 -0.136419 0 180 0 -180 0 0 0 -180
0 0 0 180 0 0 0 -0 1.18503 165.23 0 0 0 -0 0 180 0 -0
inside=0 lambda=0.647 phi=30 theta=0
0 180 0 180 0 -180 0.00253573 -111.621 0.0742103 0.363116 0 0 0 180 0 180 0 -180
0 -0 0 -0 0 -180 0 180 1.0706 98.6219 0 0 0 -0 0 -0 0 -180
0 180 0 -0 0 0 7.02356e-15 -11.9514 1.88147e-14 -15.6764 0 -0 0 -0 0 180 0 -180
0 -0 0 -180 0 0 0 -0 1.19953e-13 -160.703 0 -0 0 180 0 0 0 -180
0 -180 0 -180 0 0 4.88106e-14 42.3096 5.80502e-14 5.18274 0 -0 0 0 0 0 0 -180
0 -180 0 -180 0 0 0 -0 4.05145e-13 -177.832 0 -180 0 0 0 0 0 -180
0 -180 0 0 0 -180 0.00881171 -131.167 0.287645 -0.20363 0 -180 0 -180 0 0 0 -180
0 -180 0 0 0 -180 0 -180 1.29944 97.4538 0 -180 0 -180 0 0 0 -180
inside=0 lambda=0.647 phi=30 theta=15
0 180 0 180 0 -180 0 -0 0.08851 0.230502 0 0 0 180 0 180 0 -180
0 -0 0 -0 0 -180 0 180 1.08592 98.5263 0 0 0 -0 0 -0 0 -180
0 180 0 -0 0 0 0 -180 0.0533771 179.615 0 0 0 -0 0 180 0 -180
0 -0 0 -180 0 0 0 -0 0.0575473 -88.193 0 0 0 180 0 0 0 -180
0 180 0 -180 0 -0 0 -180 0.0533737 179.612 0 180 0 0 0 0 0 -180
0 -0 0 -0 0 180 0 -180 0.0575303 -88.1138 0 -0 0 0 0 0 0 -180
0 180 0 -0 0 180 0 -180 0.273357 -0.192504 0 -180 0 -180 0 0 0 -180
0 -0 0 180 0 -0 0 -180 1.2841 97.5175 0 -0 0 -180 0 0 0 -180
inside=0 lambda=0.647 phi=30 theta=30
0 180 0 180 0 -180 0 -0 0.127567 0.0361763 0 0 0 180 0 180 0 -180
0 -0 0 -0 0 -180 0 180 1.12777 98.2803 0 0 0 -0 0 -0 0 -180
0 180 0 -0 0 0 0 180 0.0924575 179.613 0 0 0 -0 0 180 0 -180
0 -0 0 -180 0 0 0 -0 0.0996591 -88.1586 0 0 0 180 0 -0 0 -180
0 180 0 180 0 -0 0 -180 0.0924546 179.612 0 180 0 0 0 0 0 -180
0 -0 0 -0 0 180 0 -180 0.0996465 -88.1162 0 -0 0 0 0 0 0 -180
0 180 0 -0 0 180 0 -180 0.234302 -0.159836 0 180 0 -180 0 0 0 -180
0 -0 0 180 0 -0 0 -180 1.24218 97.7013 0 -0 0 -180 0 0 0 -180
inside=0 lambda=0.647 phi=30 theta=45
0 180 0 -180 0 -180 0 -0 0.180935 -0.0911222 0 0 0 180 0 180 0 -180
0 -0 0 -0 0 -180 0 180 1.18496 97.9756 0 0 0 -0 0 -0 0 -180
0 180 0 -180 0 0 0 180 0.106762 179.612 0 0 0 -0 0 180 0 -180
0 -0 0 -180 0 0 0 -0 0.115066 -88.1306 0 0 0 180 0 -0 0 -180
0 180 0 180 0 -0 0 -180 0.106762 179.612 0 180 0 0 0 0 0 -180
0 -0 0 -0 0 180 0 -180 0.115066 -88.1306 0 -0 0 0 0 0 0 -180
0 180 0 -0 0 180 0 -180 0.180935 -0.0911222 0 180 0 -180 0 0 0 -180
0 -0 0 180 0 -0 0 -0 1.18496 97.9756 0 -0 0 -180 0 0 0 -180
inside=0 lambda=0.647 phi=35 theta=0
0 180 0 180 0 -180 0.00848822 -110.45 0.01133 -176.261 0 0 0 180 0 180 0 -180
0 -180 0 -180 0 180 0 0 0.988379 10.6952 0 -0 0 -180 0 -180 0 180
0 180 0 -0 0 0 3.7143e-14 -26.3387 2.18832e-14 -76.5715 0 -0 0 -0 0 180 0 -180
0 -180 0 180 0 -0 0 0 1.2406e-12 99.7095 0 0 0 0 0 -0 0 180
0 -180 0 -180 0 0 1.90249e-14 -116.09 1.70332e-13 -89.5801 0 180 0 0 0 0 0 -180
0 180 0 180 0 0 0 180 7.01275e-12 99.615 0 -0 0 -0 0 -0 0 -180
0 -180 0 0 0 -180 0.0111482 -112.893 0.368988 0.341644 0 -180 0 -180 0 0 0 -180
0 180 0 -0 0 -180 0 180 1.36951 8.66015 0 180 0 180 0 -0 0 -180
inside=0 lambda=0.647 phi=35 theta=15
0 180 0 180 0 -180 0.00629879 -115.07 0.0141877 -2.31581 0 0 0 180 0 180 0 -180
0 -180 0 -180 0 180 0 0 1.01388 10.504 0 -0 0 -180 0 -180 0 180
0 180 0 -0 0 0 0.000476634 68.4727 0.0950655 -179.526 0 0 0 -0 0 180 0 -180
0 -180 0 180 0 -0 0 -180 0.095916 -176.844 0 -0 0 0 0 -0 0 180
0 180 0 180 0 -0 0.00311488 -137.66 0.0950676 -179.533 0 180 0 0 0 0 0 -180
0 -180 0 -180 0 0 0 180 0.0958539 -176.717 0 -180 0 -0 0 -0 0 180
0 180 0 -0 0 180 0.00977834 -121.054 0.343514 0.335761 0 -180 0 -180 0 0 0 -180
0 -180 0 0 0 -180 0 180 1.34395 8.75556 0 -180 0 180 0 -0 0 180
inside=0 lambda=0.647 phi=35 theta=30
0 180 0 180 0 -180 0 -0 0.0837683 -0.0554448 0 0 0 180 0 180 0 -180
0 -180 0 -180 0 180 0 0 1.08358 10.0341 0 -0 0 -180 0 -180 0 180
0 180 0 -180 0 0 0 180 0.164682 -179.52 0 0 0 -0 0 180 0 -180
0 -180 0 180 0 -0 0 -180 0.166066 -176.786 0 -0 0 0 0 -0 0 180
0 180 0 180 0 -0 0 -180 0.164681 -179.522 0 180 0 0 0 0 0 -180
0 -180 0 -180 0 0 0 180 0.166015 -176.717 0 -180 0 -0 0 -0 0 180
0 180 0 -0 0 180 0 -180 0.273917 0.306478 0 180 0 -180 0 0 0 -180
0 -180 0 0 0 -180 0 -180 1.27414 9.04057 0 -180 0 180 0 -0 0 180
inside=0 lambda=0.647 phi=35 theta=45
0 180 0 180 0 -180 0 -0 0.178836 0.219885 0 0 0 180 0 180 0 -180
0 -180 0 -180 0 180 0 0 1.17881 9.49298 0 -0 0 -180 0 -180 0 180
0 180 0 -180 0 0 0 180 0.190164 -179.521 0 0 0 -0 0 180 0 -180
0 -180 0 180 0 -0 0 -180 0.191716 -176.737 0 -0 0 0 0 -0 0 180
0 180 0 180 0 -0 0 -180 0.190164 -179.521 0 180 0 0 0 0 0 -180
0 -180 0 -180 0 0 0 180 0.191716 -176.737 0 -0 0 -0 0 -0 0 180
0 180 0 -0 0 180 0 180 0.178836 0.219885 0 180 0 -180 0 0 0 -180
0 -180 0 0 0 -180 0 -180 1.17881 9.49298 0 -180 0 180 0 -0 0 180
inside=0 lambda=0.647 phi=40 theta=0
0 180 0 180 0 -180 0.0211138 -112.781 0.167079 -174.602 0 0 0 180 0 180 0 -180
0 180 0 180 0 -0 0 -0 0.805461 -115.732 0 180 0 180 0 180 0 -0
0 180 0 -0 0 0 5.13838e-14 169.775 9.07906e-14 -23.4354 0 180 0 -0 0 180 0 -180
0 180 0 -0 0 180 0 180 9.42046e-13 -22.6467 0 180 0 -0 0 180 0 -0
0 -180 0 -180 0 0 7.67697e-13 54.1217 1.35523e-12 -27.5346 0 -0 0 0 0 0 0 -180
0 0 0 0 0 -180 0 180 5.24464e-12 -30.1228 0 -180 0 -180 0 -180 0 0
0 -180 0 0 0 -180 0.0161719 -103.638 0.501847 1.28003 0 -180 0 -180 0 0 0 -180
0 0 0 -180 0 0 0 0 1.54153 -119.942 0 0 0 0 0 -180 0 0
inside=0 lambda=0.647 phi=40 theta=15
0 180 0 180 0 -180 0.0154748 -119.521 0.122442 -173.432 0 0 0 180 0 180 0 -180
0 180 0 180 0 -0 0 -0 0.854594 -116.283 0 180 0 180 0 180 0 -0
0 180 0 -0 0 0 0.00306693 62.3545 0.167201 -177.667 0 0 0 -0 0 180 0 -180
0 180 0 -0 0 180 0 180 0.185297 55.1727 0 180 0 -0 0 180 0 -0
0 180 0 180 0 -0 0.00650963 -135.499 0.167194 -177.674 0 180 0 0 0 0 0 -180
0 0 0 0 0 -0 0 -0 0.185148 55.3751 0 180 0 -180 0 -180 0 0
0 180 0 -0 0 180 0.0126836 -111.562 0.45712 1.17818 0 180 0 -180 0 0 0 -180
0 180 0 -180 0 180 0 0 1.49206 -119.814 0 0 0 0 0 -180 0 0
inside=0 lambda=0.647 phi=40 theta=30
0 180 0 180 0 -180 0.00449434 -135.142 0.00917406 -86.3762 0 0 0 180 0 180 0 -180
0 180 0 180 0 -0 0 -0 0.988975 -117.458 0 180 0 180 0 180 0 -0
0 180 0 -180 0 0 0.00123958 53.3796 0.289731 -177.663 0 0 0 -0 0 180 0 -180
0 180 0 -0 0 180 0 180 0.320737 55.2732 0 180 0 -0 0 180 0 -0
0 180 0 180 0 -0 0.00538603 -155.121 0.289711 -177.666 0 180 0 0 0 0 0 -180
0 180 0 180 0 -0 0 -0 0.320598 55.3687 0 180 0 -180 0 -180 0 -0
0 180 0 -0 0 180 0.00781985 -141.6 0.334787 0.754467 0 180 0 -180 0 0 0 -180
0 180 0 -0 0 180 0 0 1.35704 -119.379 0 180 0 0 0 -180 0 -0
inside=0 lambda=0.647 phi=40 theta=45
0 180 0 180 0 -180 0 -0 0.167648 -0.814299 0 0 0 180 0 180 0 -180
0 180 0 180 0 -0 0 -0 1.17284 -118.584 0 180 0 180 0 180 0 -0
0 180 0 -180 0 0 0 180 0.334612 -177.669 0 0 0 -0 0 180 0 -180
0 180 0 -0 0 180 0 180 0.370208 55.3433 0 180 0 -0 0 180 0 -0
0 180 0 180 0 -0 0 -180 0.334612 -177.669 0 180 0 0 0 0 0 -180
0 180 0 180 0 -0 0 -0 0.370208 55.3433 0 180 0 180 0 180 0 -0
0 180 0 -0 0 180 0 180 0.167648 -0.814299 0 180 0 -180 0 0 0 -180
0 180 0 -0 0 180 0 180 1.17284 -118.584 0 180 0 -0 0 180 0 -0
inside=0 lambda=0.647 phi=45 theta=0
0 0 0 0 0 -180 0.0483489 -162.733 0.998695 132.44 0 0 0 0 0 0 0 -180
0 -180 0 -180 0 0 0 0 0 0 0 -180 0 -180 0 -180 0 0
0 0 0 -180 0 0 9.43762e-14 124.371 6.98088e-14 -32.5412 0 -180 0 -180 0 0 0 -180
0 -180 0 0 0 -180 0 -180 0 0 0 -180 0 0 0 -180 0 0
0 180 0 180 0 -0 2.99462e-12 -63.7479 1.1144e-11 141.671 0 0 0 -0 0 -0 0 180
0 180 0 180 0 -0 0 180 0 -0 0 180 0 -0 0 -0 0 180
0 180 0 -0 0 180 0.0219592 -131.392 0.999784 -24.9391 0 180 0 180 0 -0 0 180
0 180 0 -0 0 180 0 180 0 -0 0 180 0 180 0 -0 0 180
inside=0 lambda=0.647 phi=45 theta=15
0 0 0 0 0 -180 0.0313525 -169.935 0.870865 130.678 0 0 0 0 0 0 0 -180
0 -180 0 -180 0 0 0 0 0 0 0 -180 0 -180 0 -180 0 0
0 0 0 -180 0 0 0.0122291 4.14357 0.490155 143.733 0 0 0 -180 0 0 0 -180
0 -180 0 0 0 -180 0 -180 0 180 0 -180 0 0 0 -180 0 0
0 180 0 180 0 -0 0.0122938 -175.504 0.490092 143.724 0 0 0 0 0 0 0 -180
0 -180 0 -180 0 0 0 180 0 180 0 -180 0 -0 0 -0 0 180
0 180 0 -0 0 180 0.0145149 -129.624 0.871451 -23.262 0 180 0 -180 0 0 0 -180
0 -180 0 0 0 -180 0 -180 0 -0 0 -180 0 180 0 -0 0 180
inside=0 lambda=0.647 phi=45 theta=30
0 0 0 0 0 -180 0.00950703 -176.763 0.528056 121.782 0 0 0 0 0 0 0 -180
0 -180 0 -180 0 0 0 0 0 0 0 -180 0 -180 0 -180 0 0
0 0 0 -180 0 0 0.00921006 -18.0325 0.849067 143.68 0 0 0 -180 0 0 0 -180
0 -180 0 0 0 -180 0 -180 0 180 0 -180 0 0 0 -180 0 0
0 180 0 180 0 -0 0.00937147 170.284 0.848992 143.677 0 0 0 0 0 0 0 -180
0 -180 0 -180 0 0 0 0 0 180 0 -180 0 -0 0 -0 0 0
0 0 0 -0 0 0 0.00667483 -125.167 0.528177 -14.4481 0 180 0 -180 0 0 0 -180
0 -180 0 0 0 -180 0 -180 0 -0 0 -180 0 180 0 -180 0 0
inside=0 lambda=0.647 phi=45 theta=45
0 0 0 0 0 -180 0 -180 0.197042 53.6607 0 0 0 0 0 180 0 -180
0 -180 0 -180 0 0 0 0 0 0 0 -180 0 -180 0 -180 0 0
0 0 0 -180 0 0 0 0 0.980395 143.661 0 0 0 -180 0 0 0 -180
0 -180 0 0 0 -180 0 -180 0 180 0 -180 0 0 0 -180 0 0
0 0 0 0 0 -180 0 -180 0.980395 143.661 0 0 0 0 0 0 0 -180
0 -180 0 -180 0 0 0 0 0 180 0 -180 0 -180 0 -180 0 0
0 0 0 -180 0 0 0 0 0.197042 53.6607 0 180 0 -180 0 0 0 -180
0 -180 0 0 0 -180 0 -180 0 0 0 -180 0 0 0 -180 0 0
inside=1 lambda=0.647 phi=0 theta=0
0 -180 0 -180 0 -180 0 0 0.18307 69.1467 0 0 0 -180 0 -180 0 -180
0 180 0 0 0 180 0 -180 0.814564 -55.7174 0 -180 0 180 0 0 0 180
0 -180 0 180 0 0 0 -0 1.96751e-13 152.785 0 180 0 0 0 -0 0 -180
0 180 0 -180 0 -0 0 0 5.50929e-13 32.6786 0 180 0 -0 0 -0 0 180
0 -180 0 -0 0 0 0 -0 2.29123e-13 131.748 0 180 0 0 0 180 0 -180
0 180 0 -180 0 -0 0 0 5.79755e-13 40.7838 0 0 0 -0 0 -180 0 180
0 -180 0 0 0 -180 0 -180 0.18307 69.1467 0 -180 0 -180 0 0 0 -180
0 180 0 -180 0 180 0 0 0.814564 -55.7174 0 0 0 180 0 -180 0 180
inside=1 lambda=0.647 phi=0 theta=15
0 -180 0 -180 0 -180 0 0 0.18307 69.1467 0 0 0 -180 0 -180 0 -180
0 180 0 0 0 180 0 -180 0.814564 -55.7174 0 -180 0 180 0 0 0 180
0 -180 0 180 0 0 0 -0 1.96751e-13 152.785 0 180 0 0 0 -0 0 -180
0 180 0 -180 0 -0 0 0 5.50929e-13 32.6786 0 180 0 -0 0 -0 0 180
0 -180 0 -0 0 0 0 -0 2.29123e-13 131.748 0 180 0 0 0 180 0 -180
0 180 0 -180 0 -0 0 0 5.79755e-13 40.7838 0 0 0 -0 0 -180 0 180
0 -180 0 0 0 -180 0 -180 0.18307 69.1467 0 -180 0 -180 0 0 0 -180
0 180 0 -180 0 180 0 0 0.814564 -55.7174 0 0 0 180 0 -180 0 180
inside=1 lambda=0.647 phi=0 theta=30
0 -180 0 -180 0 -180 0 0 0.18307 69.1467 0 0 0 -180 0 -180 0 -180
0 180 0 0 0 180 0 -180 0.814564 -55.7174 0 -180 0 180 0 0 0 180
0 -180 0 180 0 0 0 -0 1.96751e-13 152.785 0 180 0 0 0 -0 0 -180
0 180 0 -180 0 -0 0 0 5.50929e-13 32.6786 0 180 0 -0 0 -0 0 180
0 -180 0 -0 0 0 0 -0 2.29123e-13 131.748 0 180 0 0 0 180 0 -180
0 180 0 -180 0 -0 0 0 5.79755e-13 40.7838 0 0 0 -0 0 -180 0 180
0 -180 0 0 0 -180 0 -180 0.18307 69.1467 0 -180 0 -180 0 0 0 -180
0 180 0 -180 0 180 0 0 0.814564 -55.7174 0 0 0 180 0 -180 0 180
inside=1 lambda=0.647 phi=0 theta=45
0 -180 0 -180 0 -180 0 0 0.18307 69.1467 0 0 0 -180 0 -180 0 -180
0 180 0 0 0 180 0 -180 0.814564 -55.7174 0 -180 0 180 0 0 0 180
0 -180 0 180 0 0 0 -0 1.96751e-13 152.785 0 180 0 0 0 -0 0 -180
0 180 0 -180 0 -0 0 0 5.50929e-13 32.6786 0 180 0 -0 0 -0 0 180
0 -180 0 -0 0 0 0 -0 2.29123e-13 131.748 0 180 0 0 0 180 0 -180
0 180 0 -180 0 -0 0 0 5.79755e-13 40.7838 0 0 0 -0 0 -180 0 180
0 -180 0 0 0 -180 0 -180 0.18307 69.1467 0 -180 0 -180 0 0 0 -180
0 180 0 -180 0 180 0 0 0.814564 -55.7174 0 0 0 180 0 -180 0 180
inside=1 lambda=0.647 phi=5 theta=0
0 -180 0 -180 0 -180 0 0 0.18196 64.1315 0 0 0 -180 0 -180 0 -180
0 180 0 0 0 0 0 -0 0.815558 -58.2129 0 -180 0 180 0 0 0 0
0 -180 0 -0 0 0 0 -0 1.44312e-13 142.821 0 -0 0 0 0 180 0 -180
0 180 0 0 0 -180 0 0 3.61566e-13 32.6031 0 0 0 -0 0 -180 0 0
0 -180 0 -180 0 0 0 180 1.5001e-13 142.73 0 -0 0 0 0 0 0 -180
0 180 0 0 0 -0 0 -180 3.44464e-13 32.2375 0 0 0 -0 0 -180 0 180
0 -180 0 0 0 -180 0 -180 0.183849 64.1155 0 -180 0 -180 0 0 0 -180
0 180 0 -180 0 180 0 0 0.813621 -58.2235 0 0 0 180 0 -180 0 180
inside=1 lambda=0.647 phi=5 theta=15
0 -180 0 -180 0 -180 0 0 0.182086 64.1304 0 0 0 -180 0 -180 0 -180
0 180 0 0 0 0 0 -0 0.815428 -58.2136 0 -180 0 180 0 0 0 0
0 -180 0 -0 0 0 0 -180 0.000472647 -117.47 0 0 0 0 0 180 0 -180
0 180 0 0 0 -180 0 180 0.000485572 -53.6791 0 -180 0 -0 0 -180 0 0
0 -180 0 -180 0 0 0 -0 0.000472646 -117.47 0 180 0 0 0 0 0 -180
0 180 0 0 0 -0 0 0 0.000485571 -53.6795 0 -180 0 -0 0 -180 0 180
0 -180 0 0 0 -180 0 -180 0.183722 64.1166 0 -180 0 -180 0 0 0 -180
0 180 0 -180 0 180 0 0 0.813751 -58.2228 0 0 0 180 0 -180 0 180
inside=1 lambda=0.647 phi=5 theta=30
0 -180 0 -180 0 -180 0 0 0.182432 64.1275 0 0 0 -180 0 -180 0 -180
0 180 0 0 0 0 0 -0 0.815073 -58.2155 0 -180 0 180 0 0 0 0
0 -180 0 -0 0 0 0 -180 0.000818648 -117.47 0 0 0 0 0 180 0 -180
0 180 0 0 0 -180 0 180 0.000841035 -53.6792 0 -180 0 -0 0 -180 0 0
0 -180 0 -180 0 0 0 -0 0.000818647 -117.47 0 180 0 0 0 0 0 -180
0 180 0 0 0 -0 0 0 0.000841034 -53.6794 0 -180 0 -0 0 -180 0 180
0 -180 0 0 0 -180 0 -180 0.183377 64.1195 0 -180 0 -180 0 0 0 -180
0 180 0 -0 0 180 0 0 0.814105 -58.2208 0 0 0 0 0 -180 0 0
inside=1 lambda=0.647 phi=5 theta=45
0 -180 0 -180 0 -180 0 0 0.182904 64.1235 0 0 0 -180 0 -180 0 -180
0 180 0 0 0 0 0 -0 0.814589 -58.2182 0 -180 0 180 0 0 0 0
0 -180 0 -0 0 0 0 -180 0.000945293 -117.47 0 0 0 0 0 180 0 -180
0 180 0 0 0 -180 0 180 0.000971143 -53.6793 0 -180 0 -0 0 -180 0 180
0 -180 0 -180 0 0 0 -0 0.000945293 -117.47 0 180 0 0 0 0 0 -180
0 180 0 180 0 -0 0 0 0.000971143 -53.6793 0 -180 0 -180 0 -180 0 180
0 -180 0 0 0 -180 0 -180 0.182904 64.1235 0 -180 0 -180 0 0 0 -180
0 180 0 -0 0 180 0 0 0.814589 -58.2182 0 0 0 0 0 -180 0 0
inside=1 lambda=0.647 phi=10 theta=0
0 -180 0 -180 0 -180 0 0 0.178657 49.0998 0 0 0 -180 0 -180 0 -180
0 180 0 0 0 0 0 -0 0.818566 -65.68 0 -180 0 180 0 0 0 0
0 -180 0 -0 0 0 0 -0 1.58559e-13 129.465 0 180 0 0 0 180 0 -180
0 180 0 0 0 -180 0 0 3.78877e-13 27.5602 0 -180 0 -0 0 -180 0 0
0 -180 0 -180 0 0 0 -0 4.59405e-14 136.455 0 -0 0 0 0 0 0 -180
0 0 0 0 0 -0 0 -0 1.15347e-13 33.2165 0 -0 0 -180 0 -180 0 180
0 -180 0 0 0 -180 0 -180 0.18625 49.0309 0 -180 0 -180 0 0 0 -180
0 0 0 -180 0 180 0 0 0.810757 -65.7231 0 0 0 0 0 -180 0 180
inside=1 lambda=0.647 phi=10 theta=15
0 -180 0 -180 0 -180 0 0 0.179165 49.095 0 0 0 -180 0 -180 0 -180
0 180 0 0 0 0 0 -0 0.818043 -65.6829 0 -180 0 180 0 0 0 0
0 -180 0 -0 0 0 0 -180 0.00189959 -132.636 0 0 0 0 0 180 0 -180
0 180 0 0 0 -180 0 0 0.00195843 -61.1302 0 -180 0 -0 0 -180 0 0
0 -180 0 -180 0 0 0 -0 0.00189958 -132.635 0 180 0 0 0 0 0 -180
0 180 0 0 0 -0 0 0 0.00195843 -61.1317 0 -180 0 -180 0 -180 0 0
0 -180 0 0 0 -180 0 -180 0.185742 49.0353 0 -180 0 -180 0 0 0 -180
0 180 0 -180 0 180 0 0 0.81128 -65.7201 0 0 0 0 0 -180 0 0
inside=1 lambda=0.647 phi=10 theta=30
0 -180 0 -180 0 -180 0 0 0.180555 49.082 0 0 0 -180 0 -180 0 -180
0 180 0 0 0 0 0 -0 0.816614 -65.6907 0 -180 0 180 0 0 0 0
0 -180 0 -0 0 0 0 -180 0.00329019 -132.636 0 0 0 0 0 180 0 -180
0 180 0 0 0 -180 0 0 0.0033921 -61.1305 0 -180 0 -0 0 -180 0 0
0 -180 0 -180 0 0 0 -0 0.00329018 -132.636 0 180 0 0 0 0 0 -180
0 180 0 0 0 -0 0 0 0.0033921 -61.1314 0 -180 0 -180 0 -180 0 0
0 -180 0 0 0 -180 0 -180 0.184352 49.0476 0 -180 0 -180 0 0 0 -180
0 180 0 -180 0 180 0 0 0.812709 -65.7122 0 0 0 0 0 -180 0 0
inside=1 lambda=0.647 phi=10 theta=45
0 -180 0 -180 0 -180 0 0 0.182454 49.0646 0 0 0 -180 0 -180 0 -180
0 180 0 0 0 0 0 -0 0.814661 -65.7014 0 -180 0 180 0 0 0 0
0 -180 0 -0 0 0 0 -180 0.00379918 -132.636 0 0 0 0 0 180 0 -180
0 180 0 0 0 -180 0 0 0.00391686 -61.131 0 -180 0 -0 0 -180 0 0
0 -180 0 -180 0 0 0 -0 0.00379918 -132.636 0 180 0 0 0 0 0 -180
0 180 0 0 0 -0 0 0 0.00391686 -61.131 0 -180 0 -180 0 -180 0 0
0 -180 0 0 0 -180 0 -180 0.182454 49.0646 0 -180 0 -180 0 0 0 -180
0 180 0 -0 0 180 0 0 0.814661 -65.7014 0 0 0 0 0 -180 0 0
inside=1 lambda=0.647 phi=15 theta=0
0 180 0 -180 0 -180 0 0 0.173286 24.1156 0 0 0 180 0 -180 0 -180
0 180 0 0 0 0 0 -0 0.823668 -78.0606 0 -180 0 180 0 0 0 0
0 180 0 -0 0 0 0 -0 5.71215e-13 100.77 0 180 0 -0 0 180 0 -180
0 180 0 0 0 -180 0 -0 1.28012e-12 13.142 0 180 0 -0 0 -180 0 0
0 -180 0 -180 0 0 0 -0 5.05471e-13 100.901 0 180 0 0 0 0 0 -180
0 0 0 0 0 -180 0 -0 1.15043e-12 13.1888 0 180 0 -180 0 -180 0 0
0 -180 0 0 0 -180 0 -180 0.190546 23.9346 0 -180 0 -180 0 0 0 -180
0 0 0 -180 0 0 0 0 0.805845 -78.1606 0 0 0 0 0 -180 0 0
inside=1 lambda=0.647 phi=15 theta=15
0 180 0 -180 0 -180 0 0 0.174442 24.1023 0 0 0 180 0 -180 0 -180
0 180 0 0 0 0 0 -0 0.822474 -78.0671 0 -180 0 180 0 0 0 0
0 180 0 -0 0 0 0 -180 0.00431827 -157.926 0 0 0 -0 0 180 0 -180
0 180 0 0 0 -180 0 0 0.00447043 -73.458 0 -180 0 -0 0 -180 0 0
0 -180 0 -180 0 0 0 -0 0.00431822 -157.924 0 180 0 0 0 0 0 -180
0 0 0 0 0 -180 0 0 0.00447038 -73.4615 0 -180 0 -180 0 -180 0 0
0 -180 0 0 0 -180 0 -180 0.18939 23.9457 0 -180 0 -180 0 0 0 -180
0 0 0 -180 0 180 0 0 0.807039 -78.1537 0 0 0 0 0 -180 0 0
inside=1 lambda=0.647 phi=15 theta=30
0 180 0 -180 0 -180 0 0 0.177601 24.0669 0 0 0 180 0 -180 0 -180
0 180 0 0 0 0 0 -180 0.819212 -78.0852 0 -180 0 180 0 0 0 0
0 -180 0 -0 0 0 0 -180 0.00747945 -157.926 0 0 0 -0 0 180 0 -180
0 180 0 0 0 -180 0 0 0.007743 -73.4588 0 -180 0 -0 0 -180 0 0
0 -180 0 -180 0 0 0 -0 0.0074794 -157.924 0 180 0 0 0 0 0 -180
0 180 0 0 0 -0 0 0 0.00774295 -73.4609 0 -180 0 -180 0 -180 0 0
0 -180 0 0 0 -180 0 -180 0.186231 23.9766 0 -180 0 -180 0 0 0 -180
0 180 0 -180 0 180 0 0 0.810301 -78.1352 0 0 0 0 0 -180 0 0
inside=1 lambda=0.647 phi=15 theta=45
0 -180 0 -180 0 -180 0 0 0.181916 24.0207 0 0 0 180 0 -180 0 -180
0 180 0 0 0 0 0 -180 0.814756 -78.11 0 -180 0 180 0 0 0 0
0 -180 0 -0 0 0 0 -180 0.0086365 -157.925 0 0 0 0 0 180 0 -180
0 180 0 0 0 -180 0 0 0.00894081 -73.4599 0 -180 0 -0 0 -180 0 0
0 -180 0 -180 0 0 0 -0 0.0086365 -157.925 0 180 0 0 0 0 0 -180
0 180 0 0 0 -0 0 0 0.00894081 -73.4599 0 -180 0 -180 0 -180 0 0
0 -180 0 0 0 180 0 -180 0.181916 24.0207 0 -180 0 -180 0 0 0 -180
0 180 0 -180 0 180 0 0 0.814756 -78.11 0 0 0 0 0 -180 0 0
inside=1 lambda=0.647 phi=20 theta=0
0 180 0 -180 0 -180 0 -0 0.16608 -10.6285 0 0 0 180 0 -180 0 -180
0 180 0 0 0 0 0 -180 0.831005 -95.2548 0 -180 0 180 0 0 0 0
0 180 0 -0 0 0 0 180 5.001e-13 66.1865 0 -0 0 -0 0 180 0 -180
0 180 0 -0 0 -180 0 180 1.03527e-12 -4.22655 0 -0 0 -0 0 180 0 0
0 -180 0 -180 0 0 0 -0 5.07611e-13 66.364 0 180 0 0 0 0 0 -180
0 0 0 0 0 -180 0 -0 1.09441e-12 -4.20662 0 180 0 -180 0 -180 0 0
0 -180 0 0 0 -180 0 -180 0.197403 -11.0289 0 -180 0 -180 0 0 0 -180
0 0 0 -180 0 0 0 0 0.798632 -95.4418 0 0 0 0 0 -180 0 0
inside=1 lambda=0.647 phi=20 theta=15
0 180 0 -180 0 -180 0 -0 0.168178 -10.6601 0 0 0 180 0 -180 0 -180
0 180 0 0 0 0 0 -180 0.828836 -95.2668 0 -180 0 180 0 0 0 0
0 180 0 -0 0 0 0 -180 0.00783859 166.806 0 0 0 -0 0 180 0 -180
0 180 0 -0 0 -180 0 0 0.00812182 -90.5589 0 -180 0 -0 0 180 0 0
0 -180 0 -180 0 0 0 -0 0.00783846 166.811 0 180 0 0 0 0 0 -180
0 0 0 0 0 -180 0 -0 0.00812164 -90.5654 0 180 0 -180 0 -180 0 0
0 -180 0 0 0 180 0 -180 0.195305 -11.0061 0 -180 0 -180 0 0 0 -180
0 0 0 -180 0 0 0 0 0.8008 -95.4288 0 0 0 0 0 -180 0 0
inside=1 lambda=0.647 phi=20 theta=30
0 180 0 -180 0 -180 0 0 0.17391 -10.7424 0 0 0 180 0 -180 0 -180
0 180 0 0 0 0 0 -180 0.822911 -95.3001 0 -180 0 180 0 0 0 0
0 180 0 -0 0 0 0 -180 0.0135768 166.807 0 0 0 -0 0 180 0 -180
0 180 0 -0 0 -180 0 0 0.0140673 -90.5606 0 -180 0 -0 0 180 0 0
0 -180 0 -180 0 -0 0 -0 0.0135767 166.81 0 180 0 0 0 0 0 -180
0 0 0 0 0 -180 0 -0 0.0140672 -90.5643 0 180 0 -180 0 -180 0 0
0 180 0 0 0 180 0 -180 0.189572 -10.9414 0 -180 0 -180 0 0 0 -180
0 180 0 -180 0 180 0 0 0.806724 -95.3936 0 0 0 0 0 -180 0 0
inside=1 lambda=0.647 phi=20 theta=45
0 180 0 -180 0 -180 0 0 0.181741 -10.8462 0 0 0 180 0 -180 0 -180
0 180 0 0 0 0 0 -180 0.814817 -95.3464 0 -180 0 180 0 0 0 0
0 180 0 -0 0 0 0 -180 0.0156771 166.809 0 0 0 -0 0 180 0 -180
0 0 0 -0 0 -180 0 0 0.0162434 -90.5626 0 -180 0 -0 0 180 0 0
0 180 0 -180 0 -0 0 -0 0.0156771 166.809 0 180 0 0 0 0 0 -180
0 0 0 0 0 -0 0 -0 0.0162434 -90.5626 0 180 0 -180 0 -180 0 0
0 180 0 0 0 180 0 -180 0.181741 -10.8462 0 -180 0 -180 0 0 0 -180
0 180 0 -180 0 180 0 0 0.814817 -95.3464 0 0 0 0 0 -180 0 0
inside=1 lambda=0.647 phi=25 theta=0
0 180 0 180 0 -180 0 -0 0.157078 -54.6971 0 0 0 180 0 180 0 -180
0 180 0 0 0 -0 0 -180 0.840847 -117.119 0 180 0 180 0 0 0 -0
0 180 0 -0 0 0 0 180 2.27902e-13 -154.266 0 180 0 -0 0 180 0 -180
0 0 0 -0 0 -180 0 180 4.33214e-13 153 0 180 0 -180 0 180 0 0
0 -180 0 -180 0 0 0 -0 2.26168e-13 -155.137 0 -0 0 0 0 0 0 -180
0 0 0 0 0 -180 0 -0 4.67764e-13 153.424 0 -0 0 -180 0 -180 0 0
0 -180 0 0 0 -180 0 -180 0.207887 -55.4581 0 -180 0 -180 0 0 0 -180
0 0 0 -180 0 0 0 0 0.788714 -117.429 0 0 0 0 0 -180 0 0
inside=1 lambda=0.647 phi=25 theta=15
0 180 0 180 0 -180 0 -0 0.160481 -54.7634 0 0 0 180 0 180 0 -180
0 180 0 0 0 -0 0 -180 0.837354 -117.139 0 -180 0 180 0 0 0 -0
0 180 0 -0 0 0 0 -180 0.0127174 122.146 0 0 0 -0 0 180 0 -180
0 0 0 -0 0 -180 0 0 0.0130817 -112.357 0 -180 0 -0 0 180 0 0
0 180 0 -180 0 -0 0 -0 0.0127172 122.153 0 180 0 0 0 0 0 -180
0 0 0 0 0 -180 0 -0 0.0130812 -112.367 0 180 0 -180 0 -180 0 0
0 180 0 0 0 180 0 -180 0.204483 -55.4191 0 -180 0 -180 0 0 0 -180
0 0 0 -180 0 0 0 0 0.792205 -117.407 0 0 0 0 0 -180 0 0
inside=1 lambda=0.647 phi=25 theta=30
0 180 0 180 0 -180 0 -0 0.169777 -54.9307 0 0 0 180 0 180 0 -180
0 180 0 0 0 -0 0 -180 0.827812 -117.193 0 -180 0 180 0 0 0 -0
0 180 0 -0 0 0 0 -180 0.0220271 122.147 0 0 0 -0 0 180 0 -180
0 0 0 -0 0 -180 0 0 0.022658 -112.36 0 -180 0 -180 0 180 0 0
0 180 0 -180 0 -0 0 -0 0.022027 122.151 0 180 0 0 0 0 0 -180
0 0 0 0 0 -180 0 -0 0.0226575 -112.366 0 180 0 -180 0 -180 0 0
0 180 0 -0 0 180 0 -180 0.195182 -55.3056 0 180 0 -180 0 0 0 -180
0 0 0 -180 0 180 0 0 0.801745 -117.347 0 0 0 0 0 -180 0 0
inside=1 lambda=0.647 phi=25 theta=45
0 180 0 -180 0 -180 0 -0 0.182479 -55.1314 0 0 0 180 0 180 0 -180
0 180 0 0 0 0 0 -180 0.814777 -117.269 0 -180 0 180 0 0 0 0
0 180 0 -0 0 0 0 -180 0.0254346 122.15 0 0 0 -0 0 180 0 -180
0 0 0 -0 0 -180 0 0 0.0261629 -112.363 0 -180 0 -180 0 180 0 0
0 180 0 -180 0 -0 0 -0 0.0254346 122.15 0 180 0 0 0 0 0 -180
0 0 0 0 0 -180 0 -0 0.0261629 -112.363 0 180 0 -180 0 -180 0 0
0 180 0 -0 0 180 0 -180 0.182479 -55.1314 0 180 0 -180 0 0 0 -180
0 180 0 -180 0 180 0 0 0.814777 -117.269 0 0 0 0 0 -180 0 0
inside=1 lambda=0.647 phi=30 theta=0
0 180 0 180 0 -180 0 -0 0.145479 -107.455 0 0 0 180 0 180 0 -180
0 180 0 0 0 -0 0 -180 0.8537 -143.472 0 180 0 180 0 0 0 -0
0 180 0 -0 0 0 0 -0 2.32086e-13 157.156 0 -0 0 -0 0 180 0 -180
0 0 0 -0 0 180 0 -0 4.29603e-13 126.748 0 -0 0 -180 0 180 0 -0
0 -180 0 -180 0 0 0 180 2.07954e-13 157.37 0 180 0 0 0 0 0 -180
0 0 0 0 0 -180 0 180 4.17406e-13 127.381 0 180 0 -180 0 -180 0 0
0 -180 0 0 0 -180 0 -180 0.222701 -108.593 0 -180 0 -180 0 0 0 -180
0 0 0 -180 0 0 0 -0 0.775637 -143.931 0 0 0 0 0 -180 0 0
inside=1 lambda=0.647 phi=30 theta=15
0 180 0 180 0 -180 0 -0 0.150649 -107.569 0 0 0 180 0 180 0 -180
0 0 0 0 0 -0 0 -180 0.848469 -143.5 0 180 0 180 0 0 0 -0
0 180 0 -0 0 0 0 180 0.0193259 69.21 0 0 0 -0 0 180 0 -180
0 0 0 -0 0 180 0 0 0.019587 -138.816 0 180 0 -180 0 180 0 -0
0 180 0 -180 0 -0 0 -0 0.0193259 69.222 0 180 0 0 0 0 0 -180
0 0 0 0 0 -180 0 -0 0.0195858 -138.831 0 180 0 180 0 180 0 -0
0 180 0 0 0 180 0 -180 0.217526 -108.543 0 -180 0 -180 0 0 0 -180
0 0 0 -180 0 0 0 -0 0.780865 -143.897 0 0 0 -0 0 180 0 -0
inside=1 lambda=0.647 phi=30 theta=30
0 180 0 180 0 -180 0 -0 0.164777 -107.841 0 0 0 180 0 180 0 -180
0 0 0 0 0 -0 0 -180 0.834179 -143.579 0 180 0 180 0 0 0 -0
0 180 0 -0 0 0 0 180 0.0334735 69.2131 0 0 0 -0 0 180 0 -180
0 0 0 -0 0 180 0 0 0.0339251 -138.821 0 180 0 -180 0 180 0 -0
0 180 0 180 0 -0 0 -0 0.0334736 69.2199 0 180 0 0 0 0 0 -180
0 0 0 0 0 -180 0 -0 0.0339239 -138.83 0 180 0 180 0 180 0 -0
0 180 0 -0 0 180 0 -180 0.20339 -108.391 0 180 0 -180 0 0 0 -180
0 0 0 -180 0 0 0 -0 0.795148 -143.808 0 0 0 -0 0 180 0 -0
inside=1 lambda=0.647 phi=30 theta=45
0 180 0 -180 0 -180 0 -0 0.184081 -108.146 0 0 0 180 0 180 0 -180
0 0 0 0 0 -0 0 -180 0.814662 -143.69 0 180 0 0 0 0 0 -0
0 180 0 -0 0 0 0 180 0.038652 69.2168 0 0 0 -0 0 180 0 -180
0 0 0 -0 0 180 0 0 0.0391726 -138.826 0 180 0 -180 0 180 0 -0
0 180 0 180 0 -0 0 -0 0.038652 69.2168 0 180 0 0 0 0 0 -180
0 0 0 0 0 -180 0 -0 0.0391726 -138.826 0 180 0 180 0 180 0 -0
0 180 0 -0 0 180 0 -180 0.184081 -108.146 0 180 0 -180 0 0 0 -180
0 0 0 -180 0 0 0 0 0.814662 -143.69 0 0 0 -0 0 180 0 -0
inside=1 lambda=0.647 phi=35 theta=0
0 180 0 180 0 -180 0 -0 0.129655 -168.482 0 0 0 180 0 180 0 -180
0 0 0 0 0 -0 0 -180 0.870303 -174.1 0 180 0 0 0 0 0 -0
0 180 0 -0 0 0 0 -0 5.23508e-13 100.402 0 -0 0 -0 0 180 0 -180
0 0 0 -0 0 180 0 -0 1.03741e-12 95.6812 0 -180 0 -180 0 180 0 -0
0 -180 0 -180 0 0 0 180 5.388e-13 101.092 0 0 0 0 0 0 0 -180
0 -0 0 -0 0 180 0 180 1.24305e-12 95.8126 0 -0 0 180 0 180 0 -0
0 -180 0 0 0 -180 0 -180 0.240759 -169.631 0 -180 0 -180 0 0 0 -180
0 -0 0 180 0 -0 0 -0 0.759165 -174.713 0 -0 0 -0 0 180 0 -0
inside=1 lambda=0.647 phi=35 theta=15
0 180 0 180 0 -180 0 -0 0.137094 -168.618 0 0 0 180 0 180 0 -180
0 0 0 0 0 -0 0 -180 0.862856 -174.137 0 180 0 0 0 0 0 -0
0 180 0 -0 0 0 0 180 0.0277902 8.9586 0 0 0 -0 0 180 0 -180
0 0 0 -0 0 180 0 0 0.0278744 -169.81 0 180 0 -180 0 180 0 -0
0 -180 0 -180 0 -0 0 -0 0.0277902 8.97866 0 180 0 0 0 0 0 -180
0 -0 0 -0 0 -180 0 -0 0.0278721 -169.832 0 180 0 180 0 180 0 -0
0 180 0 0 0 180 0 -180 0.233315 -169.59 0 -180 0 -180 0 0 0 -180
0 0 0 180 0 0 0 -0 0.766607 -174.667 0 -0 0 -0 0 180 0 -0
inside=1 lambda=0.647 phi=35 theta=30
0 180 0 180 0 -180 0 -0 0.157422 -168.925 0 0 0 180 0 180 0 -180
0 0 0 0 0 -0 0 -180 0.84251 -174.239 0 180 0 0 0 0 0 -0
0 180 0 -0 0 0 0 180 0.0481344 8.96382 0 0 0 -0 0 180 0 -180
0 0 0 -0 0 180 0 0 0.0482788 -169.818 0 180 0 -180 0 180 0 -0
0 180 0 -180 0 -0 0 -0 0.0481345 8.97507 0 180 0 0 0 0 0 -180
0 0 0 -0 0 -180 0 -0 0.0482765 -169.83 0 180 0 180 0 180 0 -0
0 180 0 -0 0 180 0 -180 0.212977 -169.46 0 180 0 -180 0 0 0 -180
0 0 0 -180 0 0 0 -0 0.786941 -174.544 0 -0 0 -0 0 180 0 -0
inside=1 lambda=0.647 phi=35 theta=45
0 180 0 -180 0 -180 0 -0 0.185198 -169.234 0 0 0 180 0 180 0 -180
0 0 0 -0 0 -0 0 -180 0.814722 -174.386 0 180 0 0 0 0 0 -0
0 180 0 -0 0 0 0 180 0.0555811 8.96985 0 0 0 -0 0 180 0 -180
0 0 0 -0 0 180 0 0 0.0557461 -169.825 0 180 0 -180 0 180 0 -0
0 180 0 180 0 -0 0 -0 0.0555811 8.96985 0 180 0 0 0 0 0 -180
0 0 0 0 0 -180 0 -0 0.0557461 -169.825 0 180 0 180 0 180 0 -0
0 180 0 -0 0 180 0 -180 0.185198 -169.234 0 180 0 -180 0 0 0 -180
0 0 0 -180 0 0 0 -0 0.814722 -174.386 0 0 0 -0 0 180 0 -0
inside=1 lambda=0.647 phi=40 theta=0
0 180 0 180 0 -180 0 -0 0.108908 122.139 0 0 0 180 0 180 0 -180
0 0 0 0 0 -180 0 180 0.891444 151.237 0 0 0 0 0 0 0 -180
0 180 0 -0 0 0 0 -0 1.8602e-13 -153.466 0 -0 0 -0 0 180 0 -180
0 0 0 -180 0 0 0 -180 4.29336e-13 -119.058 0 -180 0 -180 0 0 0 -180
0 -180 0 -180 0 0 0 -0 1.67605e-13 -151.575 0 180 0 0 0 0 0 -180
0 -0 0 -0 0 180 0 -180 4.63376e-13 -117.075 0 0 0 180 0 180 0 -0
0 -180 0 0 0 -180 0 -180 0.259399 121.532 0 -180 0 -180 0 0 0 -180
0 -0 0 180 0 -0 0 -0 0.739339 150.465 0 -0 0 -0 0 180 0 -0
inside=1 lambda=0.647 phi=40 theta=15
0 180 0 180 0 -180 0 -0 0.118987 122.047 0 0 0 180 0 180 0 -180
0 0 0 -0 0 -180 0 180 0.88125 151.193 0 0 0 0 0 0 0 -180
0 180 0 -0 0 0 0 180 0.0376318 -58.9898 0 0 0 -0 0 180 0 -180
0 0 0 -180 0 0 0 -0 0.0381327 155.104 0 0 0 -180 0 0 0 -180
0 -180 0 -180 0 0 0 -0 0.0376298 -58.9596 0 0 0 0 0 0 0 -180
0 -0 0 -0 0 180 0 -180 0.0381286 155.074 0 0 0 180 0 180 0 -0
0 -180 0 0 0 180 0 -180 0.249319 121.548 0 -180 0 -180 0 0 0 -180
0 -0 0 180 0 0 0 -0 0.749522 150.526 0 -0 0 -0 0 180 0 -0
inside=1 lambda=0.647 phi=40 theta=30
0 180 0 180 0 -180 0 -0 0.146527 121.861 0 0 0 180 0 180 0 -180
0 0 0 -0 0 -180 0 180 0.853404 151.069 0 0 0 0 0 0 0 -180
0 180 0 -0 0 0 0 180 0.065181 -58.9817 0 0 0 -0 0 180 0 -180
0 0 0 -180 0 0 0 -0 0.0660456 155.091 0 0 0 -180 0 0 0 -180
0 180 0 -180 0 -0 0 -0 0.0651791 -58.9651 0 0 0 0 0 0 0 -180
0 -0 0 -0 0 -180 0 -180 0.0660419 155.074 0 0 0 180 0 180 0 -0
0 180 0 0 0 180 0 -180 0.221778 121.6 0 -180 0 -180 0 0 0 -180
0 0 0 180 0 0 0 -0 0.777349 150.686 0 -0 0 -180 0 0 0 -180
inside=1 lambda=0.647 phi=40 theta=45
0 180 0 180 0 -180 0 -0 0.184152 121.701 0 0 0 180 0 180 0 -180
0 0 0 -0 0 -180 0 180 0.815371 150.886 0 0 0 0 0 -0 0 -180
0 180 0 -0 0 0 0 180 0.0752642 -58.9728 0 0 0 -0 0 180 0 -180
0 -0 0 -180 0 0 0 -0 0.0762605 155.08 0 0 0 -180 0 0 0 -180
0 180 0 180 0 -0 0 -0 0.0752642 -58.9728 0 180 0 0 0 0 0 -180
0 -0 0 -0 0 -180 0 -180 0.0762605 155.08 0 0 0 0 0 0 0 -180
0 180 0 -0 0 180 0 180 0.184152 121.701 0 180 0 -180 0 0 0 -180
0 0 0 180 0 0 0 -0 0.815371 150.886 0 -0 0 -180 0 0 0 -180
inside=1 lambda=0.647 phi=45 theta=0
0 180 0 180 0 -180 0 -0 0.084119 45.0451 0 0 0 180 0 180 0 -180
0 0 0 -0 0 -180 0.00104419 58.3106 0.918042 112.838 0 0 0 0 0 -0 0 -180
0 180 0 -0 0 0 0 -0 2.31997e-13 -62.7908 0 180 0 -0 0 180 0 -180
0 -0 0 -180 0 0 4.47304e-15 -151.558 4.80679e-13 23.1943 0 0 0 180 0 0 0 -180
0 -180 0 -180 0 0 0 -0 5.9765e-13 -67.8344 0 -0 0 0 0 0 0 -180
0 -180 0 -180 0 180 1.55147e-15 81.594 1.60414e-12 19.7841 0 -180 0 0 0 0 0 -0
0 -180 0 0 0 -180 0 -180 0.279109 44.1579 0 -180 0 -180 0 0 0 -180
0 -180 0 0 0 -0 0.0060965 -109.524 0.715541 111.806 0 -180 0 -180 0 0 0 -0
inside=1 lambda=0.647 phi=45 theta=15
0 180 0 180 0 -180 0 -0 0.0971689 44.8647 0 0 0 180 0 180 0 -180
0 -0 0 -0 0 -180 0 180 0.904474 112.782 0 0 0 0 0 -0 0 -180
0 180 0 -0 0 0 0 180 0.0487731 -136.31 0 0 0 -0 0 180 0 -180
0 -0 0 -180 0 0 0 -0 0.0507714 116.606 0 0 0 180 0 0 0 -180
0 -180 0 -180 0 -0 0 -180 0.0487656 -136.271 0 180 0 0 0 0 0 -180
0 -0 0 -0 0 180 0 -180 0.0507634 116.565 0 0 0 0 0 0 0 -180
0 180 0 0 0 180 0 -180 0.266055 44.1735 0 -180 0 -180 0 0 0 -180
0 -0 0 180 0 -0 0 -180 0.729098 111.893 0 -0 0 -180 0 0 0 -180
inside=1 lambda=0.647 phi=45 theta=30
0 180 0 180 0 -180 0 -0 0.132854 44.5604 0 0 0 180 0 180 0 -180
0 -0 0 -0 0 -180 0 180 0.867396 112.623 0 0 0 0 0 -0 0 -180
0 180 0 -0 0 0 0 180 0.0844791 -136.298 0 0 0 -0 0 180 0 -180
0 -0 0 -180 0 0 0 -0 0.0879338 116.586 0 0 0 180 0 0 0 -180
0 180 0 180 0 -0 0 -180 0.0844724 -136.277 0 180 0 0 0 0 0 -180
0 -0 0 -0 0 180 0 -180 0.0879275 116.563 0 0 0 0 0 0 0 -180
0 180 0 -0 0 180 0 -180 0.230369 44.2274 0 180 0 -180 0 0 0 -180
0 -0 0 180 0 -0 0 -180 0.766139 112.114 0 -0 0 -180 0 0 0 -180
inside=1 lambda=0.647 phi=45 theta=45
0 180 0 180 0 -180 0 -0 0.181611 44.3449 0 0 0 180 0 180 0 -180
0 -0 0 -0 0 -180 0 180 0.816758 112.384 0 0 0 0 0 -0 0 -180
0 180 0 -0 0 0 0 180 0.097546 -136.286 0 0 0 -0 0 180 0 -180
0 -0 0 -180 0 0 0 -0 0.101533 116.569 0 0 0 180 0 0 0 -180
0 180 0 180 0 -0 0 -0 0.097546 -136.286 0 180 0 0 0 0 0 -180
0 -0 0 -0 0 180 0 -180 0.101533 116.569 0 0 0 0 0 0 0 -180
0 180 0 -0 0 180 0 180 0.181611 44.3449 0 180 0 -180 0 0 0 -180
0 -0 0 180 0 0 0 -0 0.816758 112.384 0 -0 0 -180 0 0 0 -180
