RSoft_BSDF_File_Version 2
1 0 5 2 1 0.457143
0.3 0.3
-1 1
-1 1
1 0.647 0.647
10 0 45 0.5
4 0 45
Begin_Dispersion_Data
0.647 1.45662 0 1 0 0
End_Dispersion_Data
inside=0 lambda=0.647 phi=0 theta=0
0 -180 0 -180 0 -180 0 0 0.085381 -27.6926 0 0 0 -180 0 -180 0 -180
0 0 0 0 0 0 0 -180 1.2025 -68.7836 0 -180 0 0 0 0 0 0
0 -180 0 -180 0 0 0 0 7.88647e-13 -34.5932 0 0 0 0 0 -180 0 -180
0 0 0 -0 0 -180 0 180 9.00218e-13 162.362 0 0 0 -180 0 -0 0 0
0 -180 0 0 0 0 0 0 3.10207e-13 32.6667 0 0 0 0 0 0 0 -180
0 0 0 -0 0 -180 0 -180 5.2291e-13 127.19 0 180 0 -180 0 -0 0 0
0 -180 0 0 0 -180 0 -180 0.085381 -27.6926 0 -180 0 -180 0 0 0 -180
0 0 0 -180 0 0 0 0 1.2025 -68.7836 0 0 0 0 0 -180 0 0
inside=0 lambda=0.647 phi=0 theta=15
0 -180 0 -180 0 -180 0 0 0.085381 -27.6926 0 0 0 -180 0 -180 0 -180
0 0 0 0 0 0 0 -180 1.2025 -68.7836 0 -180 0 0 0 0 0 0
0 -180 0 -180 0 0 0 0 7.88647e-13 -34.5932 0 0 0 0 0 -180 0 -180
0 0 0 -0 0 -180 0 180 9.00218e-13 162.362 0 0 0 -180 0 -0 0 0
0 -180 0 0 0 0 0 0 3.10207e-13 32.6667 0 0 0 0 0 0 0 -180
0 0 0 -0 0 -180 0 -180 5.2291e-13 127.19 0 180 0 -180 0 -0 0 0
0 -180 0 0 0 -180 0 -180 0.085381 -27.6926 0 -180 0 -180 0 0 0 -180
0 0 0 -180 0 0 0 0 1.2025 -68.7836 0 0 0 0 0 -180 0 0
inside=0 lambda=0.647 phi=0 theta=30
0 -180 0 -180 0 -180 0 0 0.085381 -27.6926 0 0 0 -180 0 -180 0 -180
0 0 0 0 0 0 0 -180 1.2025 -68.7836 0 -180 0 0 0 0 0 0
0 -180 0 -180 0 0 0 0 7.88647e-13 -34.5932 0 0 0 0 0 -180 0 -180
0 0 0 -0 0 -180 0 180 9.00218e-13 162.362 0 0 0 -180 0 -0 0 0
0 -180 0 0 0 0 0 0 3.10207e-13 32.6667 0 0 0 0 0 0 0 -180
0 0 0 -0 0 -180 0 -180 5.2291e-13 127.19 0 180 0 -180 0 -0 0 0
0 -180 0 0 0 -180 0 -180 0.085381 -27.6926 0 -180 0 -180 0 0 0 -180
0 0 0 -180 0 0 0 0 1.2025 -68.7836 0 0 0 0 0 -180 0 0
inside=0 lambda=0.647 phi=0 theta=45
0 -180 0 -180 0 -180 0 0 0.085381 -27.6926 0 0 0 -180 0 -180 0 -180
0 0 0 0 0 0 0 -180 1.2025 -68.7836 0 -180 0 0 0 0 0 0
0 -180 0 -180 0 0 0 0 7.88647e-13 -34.5932 0 0 0 0 0 -180 0 -180
0 0 0 -0 0 -180 0 180 9.00218e-13 162.362 0 0 0 -180 0 -0 0 0
0 -180 0 0 0 0 0 0 3.10207e-13 32.6667 0 0 0 0 0 0 0 -180
0 0 0 -0 0 -180 0 -180 5.2291e-13 127.19 0 180 0 -180 0 -0 0 0
0 -180 0 0 0 -180 0 -180 0.085381 -27.6926 0 -180 0 -180 0 0 0 -180
0 0 0 -180 0 0 0 0 1.2025 -68.7836 0 0 0 0 0 -180 0 0
inside=0 lambda=0.647 phi=5 theta=0
0 -180 0 -180 0 -180 0 0 0.0812987 -26.4367 0 0 0 -180 0 -180 0 -180
0 180 0 0 0 0 0 -180 1.20032 -70.5491 0 -180 0 180 0 0 0 0
0 -180 0 -0 0 0 0 -0 4.07456e-13 107.845 0 -0 0 0 0 180 0 -180
0 180 0 0 0 -180 0 180 1.39195e-12 172.659 0 180 0 -0 0 -180 0 0
0 -180 0 -180 0 0 0 180 3.66727e-13 38.0451 0 0 0 0 0 0 0 -180
0 0 0 0 0 -180 0 0 8.49003e-13 159.981 0 -180 0 -180 0 -180 0 0
0 -180 0 0 0 -180 0 -180 0.0821195 -27.1275 0 -180 0 -180 0 0 0 -180
0 0 0 -180 0 0 0 0 1.20542 -70.5806 0 0 0 0 0 -180 0 0
inside=0 lambda=0.647 phi=5 theta=15
0 -180 0 -180 0 -180 0 0 0.0813535 -26.4831 0 0 0 -180 0 -180 0 -180
0 0 0 0 0 0 0 -180 1.20066 -70.5513 0 -180 0 180 0 0 0 0
0 -180 0 -0 0 0 0 -180 0.000288126 115.739 0 0 0 0 0 180 0 -180
0 180 0 0 0 -180 0 0 0.00138245 86.5988 0 -180 0 -0 0 -180 0 0
0 -180 0 -180 0 0 0 -0 0.000288288 115.647 0 180 0 0 0 0 0 -180
0 0 0 0 0 -180 0 0 0.00138066 86.7443 0 -180 0 -180 0 -180 0 0
0 -180 0 0 0 -180 0 -180 0.0820643 -27.0814 0 -180 0 -180 0 0 0 -180
0 0 0 -180 0 0 0 0 1.20508 -70.5785 0 0 0 0 0 -180 0 0
inside=0 lambda=0.647 phi=5 theta=30
0 -180 0 -180 0 -180 0 0 0.0815033 -26.6099 0 0 0 -180 0 -180 0 -180
0 0 0 0 0 0 0 -180 1.20159 -70.5572 0 -180 0 0 0 0 0 0
0 -180 0 -0 0 0 0 -180 0.000499107 115.72 0 0 0 0 0 180 0 -180
0 0 0 0 0 -180 0 0 0.0023938 86.63 0 -180 0 -0 0 -180 0 0
0 -180 0 -180 0 0 0 -0 0.000499269 115.667 0 180 0 0 0 0 0 -180
0 0 0 0 0 -180 0 0 0.00239201 86.714 0 -180 0 -180 0 -180 0 0
0 -180 0 0 0 -180 0 -180 0.0819136 -26.9552 0 -180 0 -180 0 0 0 -180
0 0 0 -180 0 0 0 0 1.20415 -70.5729 0 0 0 0 0 -180 0 0
inside=0 lambda=0.647 phi=5 theta=45
0 -180 0 -180 0 -180 0 0 0.0817082 -26.7827 0 0 0 -180 0 -180 0 -180
0 0 0 0 0 0 0 -180 1.20287 -70.5651 0 -180 0 0 0 0 0 0
0 -180 0 -0 0 0 0 -180 0.000576412 115.694 0 0 0 0 0 180 0 -180
0 0 0 0 0 -180 0 0 0.00276308 86.6722 0 -180 0 -180 0 -180 0 0
0 -180 0 -180 0 0 0 -0 0.000576412 115.694 0 180 0 0 0 0 0 -180
0 0 0 0 0 -180 0 0 0.00276308 86.6722 0 -180 0 -180 0 -180 0 0
0 -180 0 0 0 -180 0 -180 0.0817082 -26.7827 0 -180 0 -180 0 0 0 -180
0 0 0 -180 0 0 0 0 1.20287 -70.5651 0 0 0 0 0 -180 0 0
inside=0 lambda=0.647 phi=10 theta=0
0 -180 0 -180 0 -180 0 0 0.0705876 -21.1148 0 0 0 -180 0 -180 0 -180
0 180 0 0 0 0 0 -180 1.19326 -75.8496 0 -180 0 180 0 0 0 0
0 -180 0 -0 0 0 0 -0 7.50192e-14 -29.6904 0 180 0 0 0 180 0 -180
0 180 0 0 0 -180 0 -0 2.96745e-13 21.2186 0 180 0 -0 0 -180 0 0
0 -180 0 -180 0 0 0 180 2.31769e-14 132.905 0 180 0 0 0 0 0 -180
0 0 0 0 0 -180 0 180 7.87951e-14 -5.44165 0 -0 0 -180 0 -180 0 0
0 -180 0 0 0 -180 0 -180 0.0723555 -23.7654 0 -180 0 -180 0 0 0 -180
0 0 0 -180 0 0 0 0 1.21447 -75.9927 0 0 0 0 0 -180 0 0
inside=0 lambda=0.647 phi=10 theta=15
0 -180 0 -180 0 -180 0 0 0.0707047 -21.2914 0 0 0 -180 0 -180 0 -180
0 180 0 0 0 0 0 -180 1.19467 -75.8602 0 -180 0 180 0 0 0 0
0 -180 0 -0 0 0 0 -180 0.000798597 113.595 0 0 0 0 0 180 0 -180
0 180 0 0 0 -180 0 0 0.00577756 80.4938 0 -180 0 -0 0 -180 0 0
0 -180 0 -180 0 0 0 -0 0.000801071 113.056 0 180 0 0 0 0 0 -180
0 0 0 0 0 -180 0 0 0.00574692 81.0668 0 -180 0 -180 0 -180 0 0
0 -180 0 0 0 -180 0 -180 0.072236 -23.5865 0 -180 0 -180 0 0 0 -180
0 0 0 -180 0 0 0 0 1.21305 -75.9842 0 0 0 0 0 -180 0 0
inside=0 lambda=0.647 phi=10 theta=30
0 -180 0 -180 0 -180 0 0 0.0710257 -21.7744 0 0 0 -180 0 -180 0 -180
0 0 0 0 0 0 0 -180 1.19855 -75.8885 0 -180 0 180 0 0 0 0
0 -180 0 -0 0 0 0 -180 0.00138404 113.489 0 0 0 0 0 180 0 -180
0 0 0 0 0 -180 0 0 0.00999491 80.6224 0 -180 0 -0 0 -180 0 0
0 -180 0 -180 0 0 0 -0 0.00138651 113.178 0 180 0 0 0 0 0 -180
0 0 0 0 0 -180 0 0 0.00996432 80.953 0 -180 0 -180 0 -180 0 0
0 -180 0 0 0 -180 0 -180 0.07191 -23.099 0 -180 0 -180 0 0 0 -180
0 0 0 -180 0 0 0 0 1.20916 -75.9601 0 0 0 0 0 -180 0 0
inside=0 lambda=0.647 phi=10 theta=45
0 -180 0 -180 0 -180 0 0 0.0714666 -22.4356 0 0 0 -180 0 -180 0 -180
0 0 0 0 0 0 0 -180 1.20385 -75.9254 0 -180 0 180 0 0 0 0
0 -180 0 -0 0 0 0 -180 0.00159953 113.338 0 0 0 0 0 180 0 -180
0 0 0 0 0 -180 0 0 0.011523 80.7914 0 -180 0 -180 0 -180 0 0
0 -180 0 -180 0 0 0 -0 0.00159953 113.338 0 180 0 0 0 0 0 -180
0 0 0 0 0 -180 0 0 0.011523 80.7914 0 -180 0 -180 0 -180 0 0
0 -180 0 0 0 -180 0 -180 0.0714666 -22.4356 0 -180 0 -180 0 0 0 -180
0 0 0 -180 0 180 0 0 1.20385 -75.9254 0 0 0 0 0 -180 0 0
inside=0 lambda=0.647 phi=15 theta=0
0 -180 0 -180 0 -180 0 0 0.0595576 -7.37165 0 0 0 -180 0 -180 0 -180
0 180 0 0 0 0 0 -180 1.17974 -84.688 0 -180 0 180 0 0 0 0
0 -180 0 -0 0 0 0 180 3.53475e-14 166.066 0 -0 0 0 0 180 0 -180
0 0 0 0 0 -180 0 -0 3.02108e-14 -101.81 0 180 0 -180 0 -180 0 0
0 -180 0 -180 0 0 0 -0 8.175e-14 -164.34 0 180 0 0 0 0 0 -180
0 0 0 0 0 -180 0 -180 2.38736e-13 -145.523 0 0 0 -180 0 -180 0 0
0 -180 0 0 0 -180 0 -180 0.0590474 -10.0083 0 -180 0 -180 0 0 0 -180
0 0 0 -180 0 0 0 0 1.23036 -85.0874 0 0 0 0 0 -180 0 0
inside=0 lambda=0.647 phi=15 theta=15
0 -180 0 -180 0 -180 0 0 0.0595504 -7.52239 0 0 0 -180 0 -180 0 -180
0 180 0 0 0 0 0 -180 1.18311 -84.721 0 -180 0 180 0 0 0 0
0 -180 0 -0 0 0 0 -180 0.000411032 142.932 0 0 0 0 0 180 0 -180
0 0 0 0 0 -180 0 0 0.013954 70.0407 0 -180 0 -180 0 180 0 0
0 -180 0 -180 0 0 0 -180 0.000401321 137.444 0 180 0 0 0 0 0 -180
0 0 0 0 0 -180 0 0 0.0137761 71.2995 0 180 0 -180 0 -180 0 0
0 -180 0 0 0 -180 0 -180 0.0591133 -9.79934 0 -180 0 -180 0 0 0 -180
0 0 0 -180 0 0 0 0 1.22695 -85.067 0 0 0 0 0 -180 0 0
inside=0 lambda=0.647 phi=15 theta=30
0 -180 0 -180 0 -180 0 0 0.0595134 -7.94946 0 0 0 -180 0 -180 0 -180
0 0 0 0 0 0 0 -180 1.19234 -84.8067 0 -180 0 180 0 0 0 0
0 -180 0 -0 0 0 0 -180 0.000708388 142.018 0 0 0 0 0 180 0 -180
0 0 0 0 0 -180 0 0 0.0240916 70.3443 0 -180 0 -180 0 180 0 0
0 -180 0 -180 0 0 0 -180 0.000698573 138.866 0 180 0 0 0 0 0 -180
0 0 0 0 0 -180 0 0 0.0239151 71.069 0 180 0 -180 0 -180 0 0
0 -180 0 0 0 -180 0 -180 0.0592663 -9.25677 0 -180 0 -180 0 0 0 -180
0 0 0 -180 0 0 0 0 1.21765 -85.0066 0 0 0 0 0 -180 0 0
inside=0 lambda=0.647 phi=15 theta=45
0 -180 0 -180 0 -180 0 0 0.0594186 -8.57447 0 0 0 -180 0 -180 0 -180
0 0 0 0 0 0 0 -180 1.20498 -84.9129 0 -180 0 0 0 0 0 0
0 -180 0 -180 0 0 0 -180 0.000812301 140.567 0 0 0 0 0 180 0 -180
0 0 0 0 0 -180 0 0 0.02771 70.7248 0 -180 0 -180 0 180 0 0
0 -180 0 -180 0 0 0 -180 0.000812301 140.567 0 180 0 0 0 0 0 -180
0 0 0 0 0 -180 0 0 0.02771 70.7248 0 180 0 -180 0 -180 0 0
0 -180 0 0 0 -180 0 -180 0.0594186 -8.57447 0 -180 0 -180 0 0 0 -180
0 0 0 -180 0 0 0 0 1.20498 -84.9129 0 0 0 0 0 -180 0 0
inside=0 lambda=0.647 phi=20 theta=0
0 180 0 -180 0 -180 0 0 0.0594738 12.6369 0 0 0 180 0 -180 0 -180
0 0 0 0 0 0 0 -180 1.15727 -97.0463 0 -180 0 0 0 0 0 0
0 -180 0 -0 0 0 0 -0 4.83383e-13 174.695 0 180 0 0 0 180 0 -180
0 0 0 -0 0 -180 0 0 5.57248e-13 -110.962 0 -180 0 -180 0 180 0 0
0 -180 0 -180 0 0 0 180 9.62667e-14 -137.844 0 180 0 0 0 0 0 -180
0 0 0 0 0 -180 0 -180 4.91052e-13 168.317 0 0 0 -180 0 -180 0 0
0 -180 0 0 0 -180 0 -180 0.0630953 23.5403 0 -180 0 -180 0 0 0 -180
0 0 0 -180 0 0 0 0 1.25393 -97.9808 0 0 0 0 0 -180 0 0
inside=0 lambda=0.647 phi=20 theta=15
0 180 0 -180 0 -180 0 0 0.0597961 13.4134 0 0 0 180 0 -180 0 -180
0 0 0 0 0 0 0 -180 1.16368 -97.1345 0 -180 0 180 0 0 0 0
0 -180 0 -180 0 0 0 -180 0.00379581 -105.48 0 0 0 0 0 180 0 -180
0 0 0 -0 0 -180 0 0 0.0272486 54.9865 0 -180 0 -180 0 180 0 0
0 -180 0 -180 0 0 0 -180 0.00370907 -104.141 0 180 0 0 0 0 0 -180
0 0 0 0 0 -180 0 -0 0.0265441 57.1702 0 180 0 -180 0 -180 0 0
0 -180 0 0 0 -180 0 -180 0.0629877 22.8499 0 -180 0 -180 0 0 0 -180
0 0 0 -180 0 0 0 0 1.24737 -97.9444 0 0 0 0 0 -180 0 0
inside=0 lambda=0.647 phi=20 theta=30
0 -180 0 -180 0 -180 0 0 0.0606429 15.5042 0 0 0 180 0 -180 0 -180
0 0 0 0 0 0 0 -180 1.18122 -97.3556 0 -180 0 0 0 0 0 0
0 -180 0 -180 0 0 0 -180 0.00655912 -105.318 0 0 0 0 0 180 0 -180
0 0 0 -0 0 -180 0 0 0.0468442 55.5644 0 -180 0 -180 0 180 0 0
0 -180 0 -180 0 0 0 -180 0.00647357 -104.558 0 180 0 0 0 0 0 -180
0 0 0 0 0 -180 0 -0 0.0461577 56.8151 0 180 0 -180 0 -180 0 0
0 -180 0 0 0 -180 0 -180 0.0625462 20.9445 0 -180 0 -180 0 0 0 -180
0 0 0 -180 0 0 0 0 1.22952 -97.824 0 0 0 0 0 -180 0 0
inside=0 lambda=0.647 phi=20 theta=45
0 -180 0 -180 0 -180 0 0 0.0616904 18.2736 0 0 0 -180 0 -180 0 -180
0 0 0 0 0 0 0 -180 1.2053 -97.6143 0 -180 0 0 0 0 0 0
0 -180 0 -180 0 0 0 -180 0.00753347 -104.998 0 0 0 0 0 180 0 -180
0 0 0 -0 0 -180 0 0 0.0536474 56.2442 0 -180 0 -180 0 180 0 0
0 -180 0 -180 0 0 0 -180 0.00753347 -104.998 0 180 0 0 0 0 0 -180
0 0 0 0 0 -180 0 -0 0.0536474 56.2442 0 180 0 -180 0 -180 0 0
0 -180 0 0 0 -180 0 -180 0.0616904 18.2736 0 -180 0 -180 0 0 0 -180
0 0 0 -180 0 0 0 0 1.2053 -97.6143 0 0 0 0 0 -180 0 0
inside=0 lambda=0.647 phi=25 theta=0
0 180 0 180 0 -180 0 0 0.0682299 22.2489 0 0 0 180 0 180 0 -180
0 0 0 0 0 0 0 -180 1.1228 -112.868 0 -180 0 0 0 0 0 0
0 180 0 -0 0 0 0 180 1.83197e-13 95.4329 0 180 0 -0 0 180 0 -180
0 0 0 -0 0 -180 0 -0 2.74306e-13 -164.916 0 -0 0 -180 0 180 0 0
0 -180 0 -180 0 0 0 180 3.94588e-13 52.2012 0 -0 0 0 0 0 0 -180
0 0 0 0 0 -180 0 0 1.44895e-13 173.541 0 0 0 -180 0 -180 0 0
0 -180 0 0 0 -180 0 -180 0.115011 42.7773 0 -180 0 -180 0 0 0 -180
0 0 0 -180 0 0 0 0 1.2857 -114.798 0 0 0 0 0 -180 0 0
inside=0 lambda=0.647 phi=25 theta=15
0 180 0 -180 0 -180 0 0 0.071341 24.172 0 0 0 180 0 180 0 -180
0 0 0 0 0 0 0 -180 1.13347 -113.087 0 -180 0 0 0 0 0 0
0 180 0 -180 0 0 0 -180 0.0155814 -116.642 0 0 0 -0 0 180 0 -180
0 0 0 -0 0 -180 0 0 0.0476625 35.3391 0 -180 0 -180 0 180 0 0
0 -180 0 -180 0 0 0 -180 0.0153598 -116.018 0 180 0 0 0 0 0 -180
0 0 0 0 0 -180 0 -0 0.0452681 38.7297 0 180 0 -180 0 -180 0 0
0 -180 0 0 0 -180 0 -180 0.112252 41.7285 0 -180 0 -180 0 0 0 -180
0 0 0 -180 0 0 0 0 1.27441 -114.761 0 0 0 0 0 -180 0 0
inside=0 lambda=0.647 phi=25 theta=30
0 180 0 -180 0 -180 0 0 0.0800532 28.9501 0 0 0 180 0 -180 0 -180
0 0 0 0 0 0 0 -180 1.16275 -113.607 0 -180 0 0 0 0 0 0
0 -180 0 -180 0 0 0 -180 0.0270083 -116.671 0 0 0 -0 0 180 0 -180
0 0 0 -0 0 -180 0 0 0.0811186 36.3356 0 -180 0 -180 0 180 0 0
0 -180 0 -180 0 0 0 -180 0.0268005 -116.32 0 180 0 0 0 0 0 -180
0 0 0 0 0 -180 0 -0 0.0788875 38.2631 0 180 0 -180 0 -180 0 0
0 -180 0 0 0 -180 0 -180 0.104062 38.8156 0 -180 0 -180 0 0 0 -180
0 0 0 -180 0 0 0 0 1.24399 -114.574 0 0 0 0 0 -180 0 0
inside=0 lambda=0.647 phi=25 theta=45
0 -180 0 -180 0 -180 0 0 0.0921579 34.3595 0 0 0 180 0 -180 0 -180
0 0 0 0 0 0 0 -180 1.2031 -114.167 0 -180 0 0 0 0 0 0
0 -180 0 -180 0 0 0 -180 0.0311167 -116.564 0 0 0 0 0 180 0 -180
0 0 0 -0 0 -180 0 0 0.0921312 37.4251 0 -180 0 -180 0 180 0 0
0 -180 0 -180 0 0 0 -180 0.0311167 -116.564 0 180 0 0 0 0 0 -180
0 0 0 0 0 -180 0 -0 0.0921312 37.4251 0 180 0 -180 0 -180 0 0
0 -180 0 0 0 180 0 -180 0.0921579 34.3595 0 -180 0 -180 0 0 0 -180
0 0 0 -180 0 0 0 0 1.2031 -114.167 0 0 0 0 0 -180 0 0
inside=0 lambda=0.647 phi=30 theta=0
0 180 0 180 0 -180 0.0424303 -80.9916 0.0577645 22.8993 0 0 0 180 0 180 0 -180
0 0 0 0 0 -0 0 -180 1.0675 -131.993 0 180 0 0 0 0 0 -0
0 180 0 -0 0 0 3.38054e-14 21.5856 1.40344e-13 -140.915 0 -0 0 -0 0 180 0 -180
0 0 0 -0 0 180 0 180 2.91686e-13 -12.231 0 0 0 -180 0 180 0 -0
0 -180 0 -180 0 0 5.67991e-14 -120.932 1.67378e-13 -94.774 0 180 0 0 0 0 0 -180
0 0 0 0 0 -180 0 -0 2.95685e-13 -23.4416 0 180 0 -180 0 -180 0 0
0 -180 0 0 0 -180 0.206971 -119.322 0.204645 37.142 0 -180 0 -180 0 0 0 -180
0 0 0 -180 0 0 0 0 1.32134 -135.363 0 0 0 0 0 -180 0 0
inside=0 lambda=0.647 phi=30 theta=15
0 180 0 180 0 -180 0 -0 0.0713058 22.8176 0 0 0 180 0 180 0 -180
0 0 0 0 0 -0 0 -180 1.08806 -132.527 0 180 0 0 0 0 0 -0
0 180 0 -180 0 0 0 -180 0.0409931 -135.278 0 0 0 -0 0 180 0 -180
0 0 0 -0 0 180 0 0 0.0792089 11.8662 0 180 0 -180 0 180 0 -0
0 -180 0 -180 0 0 0 -180 0.0403636 -135.243 0 180 0 0 0 0 0 -180
0 0 0 0 0 -180 0 -0 0.0709418 16.8618 0 180 0 -180 0 -180 0 0
0 -180 0 0 0 -180 0 -180 0.199984 37.1908 0 -180 0 -180 0 0 0 -180
0 0 0 -180 0 0 0 0 1.30836 -135.477 0 0 0 0 0 -180 0 0
inside=0 lambda=0.647 phi=30 theta=30
0 180 0 -180 0 -180 0 -0 0.0988645 26.6757 0 0 0 180 0 180 0 -180
0 0 0 0 0 -0 0 -180 1.13313 -133.717 0 180 0 0 0 0 0 -0
0 180 0 -180 0 0 0 -180 0.0715458 -135.742 0 0 0 -0 0 180 0 -180
0 0 0 -0 0 180 0 0 0.130621 13.4713 0 180 0 -180 0 180 0 -0
0 -180 0 -180 0 0 0 -180 0.0711026 -135.681 0 180 0 0 0 0 0 -180
0 0 0 0 0 -180 0 -0 0.124062 16.3984 0 180 0 -180 0 -180 0 0
0 -180 0 0 0 180 0 -180 0.17547 34.6756 0 -180 0 -180 0 0 0 -180
0 0 0 -180 0 0 0 0 1.25942 -135.415 0 0 0 0 0 -180 0 0
inside=0 lambda=0.647 phi=30 theta=45
0 180 0 -180 0 -180 0 0 0.137637 31.3044 0 0 0 180 0 180 0 -180
0 0 0 0 0 0 0 -180 1.19551 -134.775 0 180 0 0 0 0 0 -0
0 -180 0 -180 0 0 0 -180 0.0825861 -135.801 0 0 0 -0 0 180 0 -180
0 0 0 -0 0 -180 0 0 0.14595 15.1959 0 -180 0 -180 0 180 0 0
0 -180 0 -180 0 -0 0 -180 0.0825861 -135.801 0 180 0 0 0 0 0 -180
0 0 0 0 0 -180 0 -0 0.14595 15.1959 0 180 0 -180 0 -180 0 0
0 180 0 0 0 180 0 -180 0.137637 31.3044 0 180 0 -180 0 0 0 -180
0 0 0 -180 0 0 0 0 1.19551 -134.775 0 0 0 0 0 180 0 -0
inside=0 lambda=0.647 phi=35 theta=0
0 180 0 180 0 -180 0.124859 -72.0141 0.0278598 139.984 0 0 0 180 0 180 0 -180
0 0 0 0 0 -0 0 -180 0.973017 -155.073 0 180 0 0 0 0 0 -0
0 180 0 -0 0 0 1.45189e-13 163.017 6.73101e-13 -61.8933 0 180 0 -0 0 180 0 -180
0 0 0 -0 0 180 0 -180 7.88782e-13 126.275 0 -180 0 -180 0 180 0 -0
0 -180 0 -180 0 0 2.48901e-13 87.025 4.45082e-13 -4.88956 0 -0 0 0 0 0 0 -180
0 -0 0 0 0 -180 0 0 5.15055e-13 152.837 0 -0 0 180 0 -180 0 0
0 -180 0 0 0 -180 0.243502 -99.5132 0.333835 16.7369 0 -180 0 -180 0 0 0 -180
0 -0 0 -180 0 0 0 -0 1.36498 -159.722 0 0 0 -0 0 -180 0 0
inside=0 lambda=0.647 phi=35 theta=15
0 180 0 180 0 -180 0.0977115 -79.4109 0.0224094 68.1815 0 0 0 180 0 180 0 -180
0 0 0 0 0 -0 0 -180 1.00347 -155.962 0 180 0 0 0 0 0 -0
0 180 0 -180 0 0 0.0106753 -57.6968 0.0864493 -161.141 0 0 0 -0 0 180 0 -180
0 0 0 -0 0 180 0 0 0.127265 -11.4739 0 180 0 -180 0 180 0 -0
0 -180 0 -180 0 0 0.0545334 -119.637 0.0863833 -162.499 0 180 0 0 0 0 0 -180
0 0 0 0 0 -180 0 -0 0.108753 -5.11875 0 180 0 180 0 180 0 -0
0 -180 0 0 0 180 0.218326 -109.316 0.313088 17.5138 0 -180 0 -180 0 0 0 -180
0 0 0 -180 0 0 0 -0 1.34193 -159.961 0 0 0 -0 0 180 0 -0
inside=0 lambda=0.647 phi=35 theta=30
0 180 0 180 0 -180 0 -0 0.0864363 18.8911 0 0 0 180 0 180 0 -180
0 0 0 0 0 -0 0 -180 1.08382 -158.059 0 180 0 0 0 0 0 -0
0 180 0 -180 0 0 0 -180 0.153243 -160.281 0 0 0 -0 0 180 0 -180
0 0 0 -0 0 180 0 0 0.205272 -10.6826 0 180 0 -180 0 180 0 -0
0 -180 0 -180 0 -0 0 -180 0.152433 -160.626 0 180 0 0 0 0 0 -180
0 0 0 0 0 -180 0 -0 0.187382 -5.73017 0 180 0 180 0 180 0 -0
0 180 0 -0 0 180 0 -180 0.258243 18.1287 0 180 0 -180 0 0 0 -180
0 0 0 -180 0 0 0 0 1.27853 -160.278 0 0 0 -0 0 180 0 -0
inside=0 lambda=0.647 phi=35 theta=45
0 180 0 -180 0 -180 0 -0 0.172904 17.0931 0 0 0 180 0 180 0 -180
0 0 0 0 0 -0 0 -180 1.17962 -159.695 0 180 0 0 0 0 0 -0
0 180 0 -180 0 0 0 -180 0.177409 -160.587 0 0 0 -0 0 180 0 -180
0 0 0 -0 0 180 0 0 0.222567 -7.6205 0 180 0 -180 0 180 0 -0
0 180 0 -180 0 -0 0 -180 0.177409 -160.587 0 180 0 0 0 0 0 -180
0 0 0 0 0 -180 0 -0 0.222567 -7.6205 0 180 0 180 0 180 0 -0
0 180 0 -0 0 180 0 -180 0.172904 17.0931 0 180 0 -180 0 0 0 -180
0 0 0 -180 0 0 0 0 1.17962 -159.695 0 0 0 -0 0 180 0 -0
inside=0 lambda=0.647 phi=40 theta=0
0 180 0 180 0 -180 0.213259 -62.1308 0.263275 143.541 0 0 0 180 0 180 0 -180
0 0 0 0 0 -0 0 -180 0.760869 177.714 0 180 0 0 0 0 0 -0
0 180 0 -180 0 0 1.50754e-13 160.985 1.86192e-13 19.7811 0 -180 0 -0 0 0 0 -180
0 0 0 -180 0 180 0 180 2.07486e-13 158.093 0 -0 0 -180 0 0 0 -0
0 -180 0 -180 0 0 2.09805e-13 55.2327 5.96059e-13 57.1042 0 -0 0 0 0 0 0 -180
0 -0 0 -0 0 180 0 -180 5.22015e-13 55.2471 0 0 0 180 0 180 0 -0
0 -180 0 0 0 -180 0.248652 -86.7785 0.517049 -12.279 0 -180 0 -180 0 0 0 -180
0 -0 0 180 0 -0 0 -0 1.47909 174.43 0 -0 0 -0 0 180 0 -0
inside=0 lambda=0.647 phi=40 theta=15
0 180 0 180 0 -180 0.173069 -74.7224 0.195737 140.837 0 0 0 180 0 180 0 -180
0 0 0 0 0 -0 0 -180 0.824549 175.537 0 180 0 0 0 0 0 -0
0 180 0 -180 0 0 0.039613 -23.5082 0.171601 165.357 0 0 0 -0 0 180 0 -180
0 0 0 -180 0 180 0 -0 0.229076 -34.9701 0 180 0 -180 0 0 0 -0
0 -180 0 -180 0 -0 0.0798472 -105.755 0.176238 163.539 0 180 0 0 0 0 0 -180
0 -0 0 -0 0 -180 0 -0 0.189161 -20.3737 0 0 0 180 0 180 0 -0
0 -180 0 -0 0 180 0.219492 -97.5124 0.460064 -11.0777 0 180 0 -180 0 0 0 -180
0 -0 0 180 0 0 0 -0 1.45055 173.177 0 -0 0 -0 0 180 0 -0
inside=0 lambda=0.647 phi=40 theta=30
0 180 0 180 0 -180 0.0769815 -99.644 0.059792 102.76 0 0 0 180 0 180 0 -180
0 0 0 0 0 -0 0 -180 0.980587 172.403 0 180 0 0 0 0 0 -0
0 180 0 -180 0 0 0.055616 -79.1937 0.29845 166.828 0 0 0 -0 0 180 0 -180
0 0 0 -0 0 180 0 0 0.366335 -30.4379 0 180 0 -180 0 0 0 -0
0 180 0 -180 0 -0 0.0823059 -138.552 0.299605 165.697 0 180 0 0 0 0 0 -180
0 0 0 0 0 -180 0 -0 0.326834 -22.2625 0 0 0 180 0 180 0 -0
0 180 0 -0 0 180 0.164686 -128.311 0.324866 -8.91037 0 180 0 -180 0 0 0 -180
0 0 0 -180 0 0 0 -0 1.34103 171.668 0 0 0 -0 0 180 0 -0
inside=0 lambda=0.647 phi=40 theta=45
0 180 0 -180 0 -180 0 -0 0.152658 -1.73953 0 0 0 180 0 180 0 -180
0 0 0 0 0 -0 0 -180 1.16645 170.844 0 180 0 0 0 0 0 -0
0 180 0 -180 0 0 0 -180 0.349277 166.398 0 0 0 -0 0 180 0 -180
0 0 0 -0 0 180 0 0 0.389327 -25.47 0 180 0 -180 0 0 0 -0
0 180 0 -180 0 -0 0 -180 0.349277 166.398 0 180 0 0 0 0 0 -180
0 0 0 0 0 -180 0 -0 0.389327 -25.47 0 0 0 180 0 180 0 -0
0 180 0 -0 0 180 0 -180 0.152658 -1.73953 0 180 0 -180 0 0 0 -180
0 0 0 -180 0 0 0 0 1.16645 170.844 0 0 0 -0 0 180 0 -0
inside=0 lambda=0.647 phi=45 theta=0
0 -0 0 0 0 -180 0.591403 8.4111 0.780891 76.6312 0 0 0 -0 0 0 0 -180
0 0 0 0 0 -180 0 -180 0 -180 0 0 0 0 0 0 0 -180
0 -0 0 -180 0 0 7.29395e-13 6.41731 1.20807e-12 -166.229 0 0 0 180 0 0 0 -180
0 0 0 -180 0 0 0 -180 0 0 0 180 0 -180 0 0 0 -180
0 0 0 180 0 -0 2.32575e-12 -16.2929 1.78256e-12 147.806 0 180 0 -180 0 -0 0 180
0 -0 0 -0 0 180 0 180 0 -0 0 -180 0 180 0 180 0 -0
0 0 0 -0 0 180 0.438806 27.1913 0.909621 -83.7771 0 180 0 0 0 -0 0 180
0 -0 0 180 0 -0 0 -0 0 180 0 -0 0 -0 0 180 0 -0
inside=0 lambda=0.647 phi=45 theta=15
0 -180 0 -180 0 -180 0.380541 -13.6087 0.792557 69.0066 0 0 0 -0 0 0 0 -180
0 0 0 0 0 -180 0 -180 0 -180 0 0 0 0 0 0 0 -180
0 -180 0 -180 0 0 0.225917 -128.487 0.378428 68.3329 0 0 0 180 0 0 0 -180
0 0 0 -180 0 0 0 0 0 -180 0 0 0 -180 0 0 0 -180
0 -0 0 -180 0 -180 0.181507 -26.4751 0.420168 68.0252 0 0 0 180 0 -0 0 -180
0 -0 0 -0 0 180 0 -0 0 -0 0 -0 0 180 0 180 0 -0
0 -0 0 -180 0 0 0.349404 -0.0450087 0.841531 -113.49 0 180 0 0 0 0 0 -180
0 -0 0 180 0 -0 0 -0 0 180 0 -0 0 -0 0 180 0 -0
inside=0 lambda=0.647 phi=45 theta=30
0 -180 0 -180 0 -180 0.120175 -71.5503 0.588571 74.7203 0 0 0 -0 0 0 0 -180
0 0 0 0 0 -180 0 -180 0 180 0 0 0 -0 0 -0 0 -180
0 -180 0 -180 0 0 0.252968 -143.855 0.758073 44.2795 0 0 0 180 0 0 0 -180
0 0 0 -180 0 0 0 0 0 -180 0 0 0 180 0 -0 0 -180
0 -180 0 -180 0 -180 0.158722 -83.2962 0.794544 44.1398 0 0 0 0 0 0 0 -180
0 -0 0 -0 0 180 0 -180 0 -0 0 -0 0 0 0 0 0 -180
0 -180 0 180 0 0 0.206717 -74.9195 0.599319 -166.426 0 0 0 -0 0 0 0 -180
0 -0 0 180 0 -0 0 -0 0 180 0 -0 0 -180 0 0 0 -180
inside=0 lambda=0.647 phi=45 theta=45
0 -180 0 -180 0 -180 0 180 0.398226 126.097 0 0 0 0 0 0 0 -180
0 0 0 0 0 -180 0 180 0 180 0 0 0 -0 0 -0 0 -180
0 -180 0 -180 0 0 0 -180 0.917287 36.0968 0 0 0 180 0 0 0 -180
0 0 0 -180 0 0 0 -0 0 -180 0 0 0 180 0 -0 0 -180
0 -180 0 -180 0 180 0 -180 0.917287 36.0968 0 0 0 0 0 0 0 -180
0 0 0 -0 0 180 0 -180 0 -180 0 -0 0 0 0 0 0 -180
0 -180 0 180 0 0 0 -180 0.398226 126.097 0 0 0 -180 0 0 0 -180
0 0 0 180 0 -0 0 0 0 180 0 -0 0 -180 0 0 0 -180
inside=1 lambda=0.647 phi=0 theta=0
0 -180 0 -180 0 -180 0 0 0.085381 70.1254 0 0 0 -180 0 -180 0 -180
0 0 0 0 0 0 0 -180 0.825541 -68.7836 0 -180 0 0 0 0 0 0
0 -180 0 0 0 0 0 0 5.72589e-13 -175.29 0 0 0 0 0 0 0 -180
0 0 0 180 0 -180 0 -180 1.21881e-13 15.2715 0 -180 0 -180 0 180 0 0
0 -180 0 180 0 0 0 180 6.9888e-13 151.72 0 180 0 0 0 180 0 -180
0 0 0 0 0 -180 0 -180 2.79831e-13 55.288 0 180 0 -180 0 180 0 0
0 -180 0 0 0 -180 0 -180 0.085381 70.1254 0 -180 0 -180 0 0 0 -180
0 0 0 -180 0 0 0 0 0.825541 -68.7836 0 0 0 0 0 -180 0 0
inside=1 lambda=0.647 phi=0 theta=15
0 -180 0 -180 0 -180 0 0 0.085381 70.1254 0 0 0 -180 0 -180 0 -180
0 0 0 0 0 0 0 -180 0.825541 -68.7836 0 -180 0 0 0 0 0 0
0 -180 0 0 0 0 0 0 5.72589e-13 -175.29 0 0 0 0 0 0 0 -180
0 0 0 180 0 -180 0 -180 1.21881e-13 15.2715 0 -180 0 -180 0 180 0 0
0 -180 0 180 0 0 0 180 6.9888e-13 151.72 0 180 0 0 0 180 0 -180
0 0 0 0 0 -180 0 -180 2.79831e-13 55.288 0 180 0 -180 0 180 0 0
0 -180 0 0 0 -180 0 -180 0.085381 70.1254 0 -180 0 -180 0 0 0 -180
0 0 0 -180 0 0 0 0 0.825541 -68.7836 0 0 0 0 0 -180 0 0
inside=1 lambda=0.647 phi=0 theta=30
0 -180 0 -180 0 -180 0 0 0.085381 70.1254 0 0 0 -180 0 -180 0 -180
0 0 0 0 0 0 0 -180 0.825541 -68.7836 0 -180 0 0 0 0 0 0
0 -180 0 0 0 0 0 0 5.72589e-13 -175.29 0 0 0 0 0 0 0 -180
0 0 0 180 0 -180 0 -180 1.21881e-13 15.2715 0 -180 0 -180 0 180 0 0
0 -180 0 180 0 0 0 180 6.9888e-13 151.72 0 180 0 0 0 180 0 -180
0 0 0 0 0 -180 0 -180 2.79831e-13 55.288 0 180 0 -180 0 180 0 0
0 -180 0 0 0 -180 0 -180 0.085381 70.1254 0 -180 0 -180 0 0 0 -180
0 0 0 -180 0 0 0 0 0.825541 -68.7836 0 0 0 0 0 -180 0 0
inside=1 lambda=0.647 phi=0 theta=45
0 -180 0 -180 0 -180 0 0 0.085381 70.1254 0 0 0 -180 0 -180 0 -180
0 0 0 0 0 0 0 -180 0.825541 -68.7836 0 -180 0 0 0 0 0 0
0 -180 0 0 0 0 0 0 5.72589e-13 -175.29 0 0 0 0 0 0 0 -180
0 0 0 180 0 -180 0 -180 1.21881e-13 15.2715 0 -180 0 -180 0 180 0 0
0 -180 0 180 0 0 0 180 6.9888e-13 151.72 0 180 0 0 0 180 0 -180
0 0 0 0 0 -180 0 -180 2.79831e-13 55.288 0 180 0 -180 0 180 0 0
0 -180 0 0 0 -180 0 -180 0.085381 70.1254 0 -180 0 -180 0 0 0 -180
0 0 0 -180 0 0 0 0 0.825541 -68.7836 0 0 0 0 0 -180 0 0
inside=1 lambda=0.647 phi=5 theta=0
0 -180 0 -180 0 -180 0 0 0.0834322 67.903 0 0 0 -180 0 -180 0 -180
0 0 0 0 0 0 0 -180 0.826512 -69.6145 0 -180 0 0 0 0 0 0
0 -180 0 -0 0 0 0 -0 3.29236e-13 -97.1043 0 180 0 0 0 180 0 -180
0 0 0 0 0 -180 0 -180 7.15418e-13 -149.779 0 180 0 -180 0 -180 0 0
0 -180 0 -180 0 0 0 -180 4.13271e-13 -74.4895 0 -180 0 0 0 0 0 -180
0 0 0 0 0 -180 0 -180 6.67407e-13 -152.99 0 0 0 -180 0 -180 0 0
0 -180 0 0 0 -180 0 -180 0.0838499 68.1977 0 -180 0 -180 0 0 0 -180
0 0 0 -180 0 0 0 0 0.824816 -69.629 0 0 0 0 0 -180 0 0
inside=1 lambda=0.647 phi=5 theta=15
0 -180 0 -180 0 -180 0 0 0.0834601 67.9227 0 0 0 -180 0 -180 0 -180
0 0 0 0 0 0 0 -180 0.826398 -69.6155 0 -180 0 0 0 0 0 0
0 -180 0 -0 0 0 0 -180 0.000125163 -88.4771 0 0 0 0 0 180 0 -180
0 0 0 0 0 -180 0 0 0.000457998 -47.6779 0 -180 0 -180 0 -180 0 0
0 -180 0 -180 0 0 0 -0 0.000125252 -88.3053 0 180 0 0 0 0 0 -180
0 0 0 0 0 -180 0 0 0.000457743 -47.7405 0 -180 0 -180 0 -180 0 0
0 -180 0 0 0 -180 0 -180 0.0838219 68.178 0 -180 0 -180 0 0 0 -180
0 0 0 -180 0 0 0 0 0.824929 -69.628 0 0 0 0 0 -180 0 0
inside=1 lambda=0.647 phi=5 theta=30
0 -180 0 -180 0 -180 0 0 0.0835365 67.9766 0 0 0 -180 0 -180 0 -180
0 0 0 0 0 0 0 -180 0.826088 -69.6181 0 -180 0 0 0 0 0 0
0 -180 0 -0 0 0 0 -180 0.000216821 -88.4407 0 0 0 0 0 180 0 -180
0 0 0 0 0 -180 0 0 0.000793182 -47.6913 0 -180 0 -180 0 -180 0 0
0 -180 0 -180 0 0 0 -0 0.000216911 -88.3415 0 180 0 0 0 0 0 -180
0 0 0 0 0 -180 0 0 0.000792927 -47.7274 0 -180 0 -180 0 -180 0 0
0 -180 0 0 0 -180 0 -180 0.0837454 68.124 0 -180 0 -180 0 0 0 -180
0 0 0 -180 0 0 0 0 0.82524 -69.6254 0 0 0 0 0 -180 0 0
inside=1 lambda=0.647 phi=5 theta=45
0 -180 0 -180 0 -180 0 0 0.0836409 68.0503 0 0 0 -180 0 -180 0 -180
0 0 0 0 0 0 0 -180 0.825664 -69.6217 0 -180 0 0 0 0 0 0
0 -180 0 -0 0 0 0 -180 0.000250415 -88.3911 0 0 0 0 0 180 0 -180
0 0 0 0 0 -180 0 0 0.00091574 -47.7094 0 -180 0 -180 0 -180 0 0
0 -180 0 -180 0 0 0 -0 0.000250415 -88.3911 0 180 0 0 0 0 0 -180
0 0 0 0 0 -180 0 0 0.00091574 -47.7094 0 -180 0 -180 0 -180 0 0
0 -180 0 0 0 -180 0 -180 0.0836409 68.0503 0 -180 0 -180 0 0 0 -180
0 0 0 -180 0 0 0 0 0.825664 -69.6217 0 0 0 0 0 -180 0 0
inside=1 lambda=0.647 phi=10 theta=0
0 -180 0 -180 0 -180 0 0 0.0779185 60.9416 0 0 0 -180 0 -180 0 -180
0 0 0 0 0 0 0 -180 0.829421 -72.0948 0 -180 0 0 0 0 0 0
0 -180 0 -0 0 0 0 -0 2.38836e-13 -175.692 0 180 0 0 0 180 0 -180
0 0 0 0 0 -180 0 180 7.65325e-13 -172.691 0 0 0 -180 0 -180 0 0
0 -180 0 -180 0 0 0 -180 1.6633e-13 -88.1328 0 -180 0 0 0 0 0 -180
0 0 0 0 0 -180 0 180 2.85347e-13 -146.211 0 0 0 -180 0 -180 0 0
0 -180 0 0 0 -180 0 -180 0.0792493 62.1161 0 -180 0 -180 0 0 0 -180
0 0 0 -180 0 0 0 0 0.822601 -72.156 0 0 0 0 0 -180 0 0
inside=1 lambda=0.647 phi=10 theta=15
0 -180 0 -180 0 -180 0 0 0.0780074 61.02 0 0 0 -180 0 -180 0 -180
0 0 0 0 0 0 0 -180 0.828964 -72.0989 0 -180 0 0 0 0 0 0
0 -180 0 -0 0 0 0 -180 0.000420983 -93.5832 0 0 0 0 0 180 0 -180
0 0 0 0 0 -180 0 0 0.00184857 -49.6949 0 -180 0 -180 0 -180 0 0
0 -180 0 -180 0 0 0 -0 0.00042234 -92.7836 0 180 0 0 0 0 0 -180
0 0 0 0 0 -180 0 0 0.00184433 -49.9466 0 -180 0 -180 0 -180 0 0
0 -180 0 0 0 -180 0 -180 0.07916 62.037 0 -180 0 -180 0 0 0 -180
0 0 0 -180 0 0 0 0 0.823057 -72.1519 0 0 0 0 0 -180 0 0
inside=1 lambda=0.647 phi=10 theta=30
0 -180 0 -180 0 -180 0 0 0.0782504 61.2342 0 0 0 -180 0 -180 0 -180
0 0 0 0 0 0 0 -180 0.827715 -72.1101 0 -180 0 0 0 0 0 0
0 -180 0 -0 0 0 0 -180 0.000729651 -93.4129 0 0 0 0 0 180 0 -180
0 0 0 0 0 -180 0 0 0.00320021 -49.7502 0 -180 0 -180 0 -180 0 0
0 -180 0 -180 0 0 0 -0 0.000731008 -92.9513 0 180 0 0 0 0 0 -180
0 0 0 0 0 -180 0 0 0.00319597 -49.8955 0 -180 0 -180 0 -180 0 0
0 -180 0 0 0 -180 0 -180 0.0789159 61.8213 0 -180 0 -180 0 0 0 -180
0 0 0 -180 0 0 0 0 0.824305 -72.1407 0 0 0 0 0 -180 0 0
inside=1 lambda=0.647 phi=10 theta=45
0 -180 0 -180 0 -180 0 0 0.0785829 61.5274 0 0 0 -180 0 -180 0 -180
0 0 0 0 0 0 0 -180 0.82601 -72.1254 0 -180 0 0 0 0 0 0
0 -180 0 -0 0 0 0 -180 0.000843306 -93.1815 0 0 0 0 0 180 0 -180
0 0 0 0 0 -180 0 0 0.00369281 -49.8239 0 -180 0 -180 0 -180 0 0
0 -180 0 -180 0 0 0 -0 0.000843306 -93.1815 0 180 0 0 0 0 0 -180
0 0 0 0 0 -180 0 0 0.00369281 -49.8239 0 -180 0 -180 0 -180 0 0
0 -180 0 0 0 -180 0 -180 0.0785829 61.5274 0 -180 0 -180 0 0 0 -180
0 0 0 -180 0 0 0 0 0.82601 -72.1254 0 0 0 0 0 -180 0 0
inside=1 lambda=0.647 phi=15 theta=0
0 -180 0 -180 0 -180 0 0 0.0699993 48.3246 0 0 0 -180 0 -180 0 -180
0 0 0 0 0 0 0 -180 0.834268 -76.1857 0 -180 0 0 0 0 0 0
0 -180 0 -0 0 0 0 -0 1.64937e-13 -106.221 0 -0 0 0 0 180 0 -180
0 0 0 0 0 -180 0 -180 5.41791e-13 -166.088 0 0 0 -180 0 -180 0 0
0 -180 0 -180 0 0 0 -0 1.53113e-13 -107.388 0 -0 0 0 0 0 0 -180
0 0 0 0 0 -180 0 -0 5.64133e-13 -167.568 0 180 0 -180 0 -180 0 0
0 -180 0 0 0 -180 0 -180 0.0717532 50.7764 0 -180 0 -180 0 0 0 -180
0 0 0 -180 0 0 0 0 0.818769 -76.3369 0 0 0 0 0 -180 0 0
inside=1 lambda=0.647 phi=15 theta=15
0 -180 0 -180 0 -180 0 0 0.0701173 48.4844 0 0 0 -180 0 -180 0 -180
0 0 0 0 0 0 0 -180 0.833228 -76.1959 0 -180 0 0 0 0 0 0
0 -180 0 -0 0 0 0 -180 0.000644656 -105.174 0 0 0 0 0 180 0 -180
0 0 0 0 0 -180 0 0 0.00422895 -53.0082 0 -180 0 -180 0 -180 0 0
0 -180 0 -180 0 0 0 -0 0.000649704 -102.613 0 180 0 0 0 0 0 -180
0 0 0 0 0 -180 0 0 0.00420599 -53.5772 0 -180 0 -180 0 -180 0 0
0 -180 0 0 0 -180 0 -180 0.0716363 50.6073 0 -180 0 -180 0 0 0 -180
0 0 0 -180 0 0 0 0 0.819806 -76.3269 0 0 0 0 0 -180 0 0
inside=1 lambda=0.647 phi=15 theta=30
0 -180 0 -180 0 -180 0 0 0.0704395 48.9239 0 0 0 -180 0 -180 0 -180
0 0 0 0 0 0 0 -180 0.830388 -76.2238 0 -180 0 0 0 0 0 0
0 -180 0 -0 0 0 0 -180 0.00111824 -104.624 0 0 0 0 0 180 0 -180
0 0 0 0 0 -180 0 0 0.00731566 -53.1391 0 -180 0 -180 0 -180 0 0
0 -180 0 -180 0 0 0 -0 0.0011233 -103.146 0 180 0 0 0 0 0 -180
0 0 0 0 0 -180 0 0 0.00729274 -53.4674 0 -180 0 -180 0 -180 0 0
0 -180 0 0 0 -180 0 -180 0.0713166 50.1491 0 -180 0 -180 0 0 0 -180
0 0 0 -180 0 0 0 0 0.822639 -76.2994 0 0 0 0 0 -180 0 0
inside=1 lambda=0.647 phi=15 theta=45
0 -180 0 -180 0 -180 0 0 0.0708786 49.5319 0 0 0 -180 0 -180 0 -180
0 0 0 0 0 0 0 -180 0.826512 -76.2617 0 -180 0 0 0 0 0 0
0 -180 0 -0 0 0 0 -180 0.00129405 -103.881 0 0 0 0 0 180 0 -180
0 0 0 0 0 -180 0 0 0.00843378 -53.3084 0 -180 0 -180 0 -180 0 0
0 -180 0 -180 0 0 0 -0 0.00129405 -103.881 0 180 0 0 0 0 0 -180
0 0 0 0 0 -180 0 0 0.00843378 -53.3084 0 -180 0 -180 0 -180 0 0
0 -180 0 0 0 -180 0 -180 0.0708786 49.5319 0 -180 0 -180 0 0 0 -180
0 0 0 -180 0 0 0 0 0.826512 -76.2617 0 0 0 0 0 -180 0 0
inside=1 lambda=0.647 phi=20 theta=0
0 -180 0 -180 0 -180 0 0 0.062072 28.715 0 0 0 -180 0 -180 0 -180
0 180 0 0 0 0 0 -180 0.841083 -81.8188 0 -180 0 180 0 0 0 0
0 -180 0 -0 0 0 0 180 8.50483e-14 -98.7938 0 -0 0 0 0 180 0 -180
0 0 0 0 0 -180 0 180 7.7886e-14 -7.67652 0 180 0 -180 0 -180 0 0
0 -180 0 -180 0 0 0 180 9.6839e-14 -8.38195 0 180 0 0 0 0 0 -180
0 0 0 0 0 -180 0 -180 7.88935e-14 -30.5 0 0 0 -180 0 -180 0 0
0 -180 0 0 0 -180 0 -180 0.0625693 31.5772 0 -180 0 -180 0 0 0 -180
0 0 0 -180 0 0 0 0 0.813066 -82.1243 0 0 0 0 0 -180 0 0
inside=1 lambda=0.647 phi=20 theta=15
0 -180 0 -180 0 -180 0 0 0.0621181 28.8829 0 0 0 -180 0 -180 0 -180
0 0 0 0 0 0 0 -180 0.8392 -81.8396 0 -180 0 180 0 0 0 0
0 -180 0 -0 0 0 0 -180 0.000482199 -149.664 0 0 0 0 0 180 0 -180
0 0 0 0 0 -180 0 0 0.00772042 -57.5751 0 -180 0 -180 0 -180 0 0
0 -180 0 -180 0 0 0 -0 0.000452992 -139.577 0 180 0 0 0 0 0 -180
0 0 0 0 0 -180 0 0 0.00764083 -58.5874 0 -180 0 -180 0 -180 0 0
0 -180 0 0 0 -180 0 -180 0.0625501 31.3588 0 -180 0 -180 0 0 0 -180
0 0 0 -180 0 0 0 0 0.814937 -82.1043 0 0 0 0 0 -180 0 0
inside=1 lambda=0.647 phi=20 theta=30
0 -180 0 -180 0 -180 0 0 0.0622354 29.3576 0 0 0 -180 0 -180 0 -180
0 0 0 0 0 0 0 -180 0.834059 -81.8962 0 -180 0 0 0 0 0 0
0 -180 0 -0 0 0 0 -180 0.00082222 -147.616 0 0 0 0 0 180 0 -180
0 0 0 0 0 -180 0 0 0.0133387 -57.823 0 -180 0 -180 0 -180 0 0
0 -180 0 -180 0 0 0 -0 0.000793109 -141.797 0 180 0 0 0 0 0 -180
0 0 0 0 0 -180 0 0 0.0132596 -58.4063 0 -180 0 -180 0 -180 0 0
0 -180 0 0 0 -180 0 -180 0.0624862 30.7838 0 -180 0 -180 0 0 0 -180
0 0 0 -180 0 0 0 0 0.820051 -82.0492 0 0 0 0 0 -180 0 0
inside=1 lambda=0.647 phi=20 theta=45
0 -180 0 -180 0 -180 0 0 0.062374 30.0457 0 0 0 -180 0 -180 0 -180
0 0 0 0 0 0 0 -180 0.827049 -81.9731 0 -180 0 0 0 0 0 0
0 -180 0 -0 0 0 0 -180 0.000931329 -144.749 0 0 0 0 0 180 0 -180
0 0 0 0 0 -180 0 0 0.0153542 -58.1313 0 -180 0 -180 0 -180 0 0
0 -180 0 -180 0 0 0 -0 0.000931329 -144.749 0 180 0 0 0 0 0 -180
0 0 0 0 0 -180 0 0 0.0153542 -58.1313 0 -180 0 -180 0 -180 0 0
0 -180 0 0 0 -180 0 -180 0.062374 30.0457 0 -180 0 -180 0 0 0 -180
0 0 0 -180 0 0 0 0 0.827049 -81.9731 0 0 0 0 0 -180 0 0
inside=1 lambda=0.647 phi=25 theta=0
0 180 0 -180 0 -180 0 0 0.0577649 2.05759 0 0 0 180 0 -180 0 -180
0 180 0 0 0 0 0 -180 0.849995 -88.8909 0 -180 0 180 0 0 0 0
0 -180 0 -0 0 0 0 -0 2.17107e-13 -124.948 0 0 0 0 0 180 0 -180
0 0 0 0 0 -180 0 -180 6.06415e-13 175.28 0 180 0 -180 0 -180 0 0
0 -180 0 -180 0 0 0 -0 9.57359e-14 -100.54 0 180 0 0 0 0 0 -180
0 0 0 0 0 -180 0 0 5.87599e-13 169.357 0 -0 0 -180 0 -180 0 0
0 -180 0 0 0 -180 0 -180 0.0563645 0.327712 0 -180 0 -180 0 0 0 -180
0 0 0 -180 0 0 0 0 0.805048 -89.4478 0 0 0 0 0 -180 0 0
inside=1 lambda=0.647 phi=25 theta=15
0 -180 0 -180 0 -180 0 0 0.0577197 1.89466 0 0 0 180 0 -180 0 -180
0 0 0 0 0 0 0 -180 0.846964 -88.9292 0 -180 0 180 0 0 0 0
0 -180 0 -0 0 0 0 -180 0.00148138 107.429 0 0 0 0 0 180 0 -180
0 0 0 -0 0 -180 0 0 0.0125476 -63.3893 0 -180 0 -180 0 -180 0 0
0 -180 0 -180 0 0 0 -0 0.00130134 104.296 0 180 0 0 0 0 0 -180
0 0 0 0 0 -180 0 -0 0.0123296 -64.9573 0 -180 0 -180 0 -180 0 0
0 -180 0 0 0 -180 0 -180 0.0565189 0.388321 0 -180 0 -180 0 0 0 -180
0 0 0 -180 0 0 0 0 0.80804 -89.4117 0 0 0 0 0 -180 0 0
inside=1 lambda=0.647 phi=25 theta=30
0 -180 0 -180 0 -180 0 0 0.0575661 1.4795 0 0 0 180 0 -180 0 -180
0 0 0 0 0 0 0 -180 0.838699 -89.0332 0 -180 0 180 0 0 0 0
0 -180 0 -0 0 0 0 -180 0.00249884 106.823 0 0 0 0 0 180 0 -180
0 0 0 -0 0 -180 0 0 0.021635 -63.805 0 -180 0 -180 0 -180 0 0
0 -180 0 -180 0 0 0 -0 0.00231979 105.038 0 180 0 0 0 0 0 -180
0 0 0 0 0 -180 0 -0 0.0214196 -64.7064 0 -180 0 -180 0 -180 0 0
0 -180 0 0 0 -180 0 -180 0.0568862 0.600719 0 -180 0 -180 0 0 0 -180
0 0 0 -180 0 0 0 0 0.816228 -89.312 0 0 0 0 0 -180 0 0
inside=1 lambda=0.647 phi=25 theta=45
0 -180 0 -180 0 -180 0 0 0.0572785 0.989879 0 0 0 -180 0 -180 0 -180
0 0 0 0 0 0 0 -180 0.827444 -89.1736 0 -180 0 0 0 0 0 0
0 -180 0 -0 0 0 0 -180 0.00278163 105.963 0 0 0 0 0 180 0 -180
0 0 0 -0 0 -180 0 0 0.024848 -64.2964 0 -180 0 -180 0 -180 0 0
0 -180 0 -180 0 0 0 -0 0.00278163 105.963 0 180 0 0 0 0 0 -180
0 0 0 0 0 -180 0 -0 0.024848 -64.2964 0 -180 0 -180 0 -180 0 0
0 -180 0 0 0 -180 0 -180 0.0572785 0.989879 0 -180 0 -180 0 0 0 -180
0 0 0 -180 0 0 0 0 0.827444 -89.1736 0 0 0 0 0 -180 0 0
inside=1 lambda=0.647 phi=30 theta=0
0 180 0 180 0 -180 0 0 0.0595819 -27.4168 0 0 0 180 0 180 0 -180
0 180 0 0 0 0 0 -180 0.861347 -97.2602 0 -180 0 180 0 0 0 0
0 180 0 -0 0 0 0 -0 7.97837e-14 46.2383 0 180 0 -0 0 180 0 -180
0 0 0 -0 0 -180 0 -0 5.39218e-13 -6.11667 0 0 0 -180 0 180 0 0
0 -180 0 -180 0 0 0 180 2.18744e-13 37.2029 0 -0 0 0 0 0 0 -180
0 0 0 0 0 -180 0 180 4.63263e-13 -8.58762 0 0 0 -180 0 -180 0 0
0 -180 0 0 0 -180 0 -180 0.0634986 -40.4684 0 -180 0 -180 0 0 0 -180
0 0 0 -180 0 0 0 0 0.794012 -98.2059 0 0 0 0 0 -180 0 0
inside=1 lambda=0.647 phi=30 theta=15
0 180 0 180 0 -180 0 0 0.0598462 -28.4041 0 0 0 180 0 180 0 -180
0 0 0 0 0 0 0 -180 0.856782 -97.3264 0 -180 0 180 0 0 0 0
0 -180 0 -0 0 0 0 -180 0.00510462 82.3649 0 0 0 -0 0 180 0 -180
0 0 0 -0 0 -180 0 0 0.0190853 -70.5087 0 -180 0 -180 0 180 0 0
0 -180 0 -180 0 0 0 -0 0.00477049 80.5906 0 180 0 0 0 0 0 -180
0 0 0 0 0 -180 0 -0 0.0185695 -72.7143 0 180 0 -180 0 -180 0 0
0 -180 0 0 0 -180 0 -180 0.0632955 -39.7102 0 -180 0 -180 0 0 0 -180
0 0 0 -180 0 0 0 0 0.798474 -98.1459 0 0 0 0 0 -180 0 0
inside=1 lambda=0.647 phi=30 theta=30
0 -180 0 -180 0 -180 0 0 0.0605937 -31.026 0 0 0 180 0 180 0 -180
0 0 0 0 0 0 0 -180 0.844357 -97.5045 0 -180 0 180 0 0 0 0
0 -180 0 -0 0 0 0 -180 0.00871993 82.0225 0 0 0 -0 0 180 0 -180
0 0 0 -0 0 -180 0 0 0.0328053 -71.1531 0 -180 0 -180 0 180 0 0
0 -180 0 -180 0 0 0 -0 0.00839006 81.0187 0 180 0 0 0 0 0 -180
0 0 0 0 0 -180 0 -0 0.0323026 -72.4159 0 180 0 -180 0 -180 0 0
0 -180 0 0 0 180 0 -180 0.0626481 -37.556 0 -180 0 -180 0 0 0 -180
0 0 0 -180 0 0 0 0 0.810697 -97.9783 0 0 0 0 0 -180 0 0
inside=1 lambda=0.647 phi=30 theta=45
0 -180 0 -180 0 -180 0 0 0.061641 -34.4099 0 0 0 180 0 -180 0 -180
0 0 0 0 0 0 0 -180 0.827478 -97.7436 0 -180 0 0 0 0 0 0
0 -180 0 -0 0 0 0 -180 0.00987949 81.5398 0 0 0 -0 0 180 0 -180
0 0 0 -0 0 -180 0 0 0.0375589 -71.8687 0 -180 0 -180 0 180 0 0
0 -180 0 -180 0 -0 0 -0 0.00987949 81.5398 0 180 0 0 0 0 0 -180
0 0 0 0 0 -180 0 -0 0.0375589 -71.8687 0 180 0 -180 0 -180 0 0
0 -180 0 0 0 180 0 -180 0.061641 -34.4099 0 -180 0 -180 0 0 0 -180
0 0 0 -180 0 0 0 0 0.827478 -97.7436 0 0 0 0 0 -180 0 0
inside=1 lambda=0.647 phi=35 theta=0
0 180 0 180 0 -180 0 0 0.0653073 -54.0634 0 0 0 180 0 180 0 -180
0 180 0 0 0 0 0 -180 0.875838 -106.745 0 -180 0 180 0 0 0 0
0 180 0 -0 0 0 0 0 8.23393e-14 -80.7232 0 0 0 -0 0 180 0 -180
0 0 0 -0 0 -180 0 180 1.7619e-13 154.074 0 180 0 -180 0 180 0 0
0 -180 0 -180 0 0 0 -0 1.73408e-13 -7.07406 0 0 0 0 0 0 0 -180
0 0 0 0 0 -180 0 -0 1.61557e-13 -28.1076 0 0 0 -180 0 -180 0 0
0 -180 0 0 0 -180 0 -180 0.0906095 -75.8938 0 -180 0 -180 0 0 0 -180
0 0 0 -180 0 0 0 0 0.778956 -108.252 0 0 0 0 0 -180 0 0
inside=1 lambda=0.647 phi=35 theta=15
0 180 0 180 0 -180 0 0 0.0667622 -56.0758 0 0 0 180 0 180 0 -180
0 0 0 0 0 0 0 -180 0.869219 -106.853 0 -180 0 180 0 0 0 0
0 180 0 -0 0 0 0 -180 0.0118807 66.947 0 0 0 -0 0 180 0 -180
0 0 0 -0 0 -180 0 0 0.027889 -79.0385 0 -180 0 -180 0 180 0 0
0 -180 0 -180 0 0 0 -0 0.0112406 66.5068 0 180 0 0 0 0 0 -180
0 0 0 0 0 -180 0 -0 0.0267895 -81.9189 0 180 0 -180 0 -180 0 0
0 -180 0 0 0 -180 0 -180 0.0889322 -74.8909 0 -180 0 -180 0 0 0 -180
0 0 0 -180 0 0 0 0 0.785329 -108.159 0 0 0 0 0 -180 0 0
inside=1 lambda=0.647 phi=35 theta=30
0 180 0 -180 0 -180 0 0 0.0710573 -61.1454 0 0 0 180 0 180 0 -180
0 0 0 0 0 0 0 -180 0.85125 -107.141 0 -180 0 180 0 0 0 0
0 180 0 -0 0 0 0 -180 0.0203566 66.9093 0 0 0 -0 0 180 0 -180
0 0 0 -0 0 -180 0 0 0.0477186 -79.9864 0 -180 0 -180 0 180 0 0
0 -180 0 -180 0 -0 0 -0 0.0197355 66.6675 0 180 0 0 0 0 0 -180
0 0 0 0 0 -180 0 -0 0.0466718 -81.6267 0 180 0 -180 0 -180 0 0
0 -180 0 0 0 180 0 -180 0.0841323 -71.8922 0 180 0 -180 0 0 0 -180
0 0 0 -180 0 0 0 0 0.802828 -107.896 0 0 0 0 0 -180 0 0
inside=1 lambda=0.647 phi=35 theta=45
0 -180 0 -180 0 -180 0 0 0.0774585 -67.0446 0 0 0 180 0 180 0 -180
0 0 0 0 0 0 0 -180 0.826926 -107.523 0 -180 0 0 0 0 0 0
0 -180 0 -0 0 0 0 -180 0.023156 66.8133 0 0 0 -0 0 180 0 -180
0 0 0 -0 0 -180 0 0 0.0544115 -80.9618 0 -180 0 -180 0 180 0 0
0 -180 0 -180 0 -0 0 -0 0.023156 66.8133 0 180 0 0 0 0 0 -180
0 0 0 0 0 -180 0 -0 0.0544115 -80.9618 0 180 0 -180 0 -180 0 0
0 -180 0 0 0 180 0 -180 0.0774585 -67.0446 0 180 0 -180 0 0 0 -180
0 0 0 -180 0 0 0 0 0.826926 -107.523 0 0 0 0 0 -180 0 0
inside=1 lambda=0.647 phi=40 theta=0
0 180 0 180 0 -180 0 -0 0.0691398 -76.6563 0 0 0 180 0 180 0 -180
0 0 0 0 0 0 0 -180 0.894632 -117.116 0 -180 0 0 0 0 0 0
0 180 0 -0 0 0 0 180 5.32925e-13 -14.1064 0 180 0 -0 0 180 0 -180
0 0 0 -0 0 -180 0 -0 6.59753e-13 162.603 0 -180 0 -180 0 180 0 0
0 -180 0 -180 0 0 0 180 3.00113e-13 -78.5017 0 -180 0 0 0 0 0 -180
0 0 0 0 0 -180 0 -180 4.79518e-13 -157.878 0 180 0 -180 0 -180 0 0
0 -180 0 0 0 -180 0 -180 0.133966 -101.958 0 -180 0 -180 0 0 0 -180
0 0 0 -180 0 0 0 0 0.758643 -119.362 0 0 0 0 0 -180 0 0
inside=1 lambda=0.647 phi=40 theta=15
0 180 0 180 0 -180 0 -0 0.0728552 -79.7053 0 0 0 180 0 180 0 -180
0 0 0 0 0 0 0 -180 0.885242 -117.292 0 -180 0 180 0 0 0 0
0 180 0 -0 0 0 0 -180 0.0226884 52.8812 0 0 0 -0 0 180 0 -180
0 0 0 -0 0 -180 0 0 0.0396853 -89.0474 0 -180 0 -180 0 180 0 0
0 -180 0 -180 0 -0 0 -0 0.021508 53.7968 0 180 0 0 0 0 0 -180
0 0 0 0 0 -180 0 -0 0.0375149 -92.5907 0 180 0 -180 0 -180 0 0
0 -180 0 0 0 180 0 -180 0.129875 -101.147 0 -180 0 -180 0 0 0 -180
0 0 0 -180 0 0 0 0 0.76749 -119.238 0 0 0 0 0 -180 0 0
inside=1 lambda=0.647 phi=40 theta=30
0 180 0 180 0 -180 0 -0 0.0840356 -86.7986 0 0 0 180 0 180 0 -180
0 0 0 0 0 0 0 -180 0.859854 -117.732 0 -180 0 180 0 0 0 0
0 180 0 -0 0 0 0 -180 0.0389309 53.198 0 0 0 -0 0 180 0 -180
0 0 0 -0 0 -180 0 0 0.0674514 -90.4015 0 -180 0 -180 0 180 0 0
0 -180 0 -180 0 -0 0 -0 0.037828 53.7047 0 180 0 0 0 0 0 -180
0 0 0 0 0 -180 0 -0 0.0654696 -92.4093 0 180 0 -180 0 -180 0 0
0 -180 0 0 0 180 0 -180 0.11779 -98.5825 0 180 0 -180 0 0 0 -180
0 0 0 -180 0 0 0 0 0.791886 -118.856 0 0 0 0 0 -180 0 0
inside=1 lambda=0.647 phi=40 theta=45
0 180 0 -180 0 -180 0 -0 0.100681 -93.7941 0 0 0 180 0 180 0 -180
0 0 0 0 0 0 0 -180 0.82564 -118.302 0 -180 0 180 0 0 0 0
0 -180 0 -0 0 0 0 -180 0.0443529 53.4909 0 0 0 -0 0 180 0 -180
0 0 0 -0 0 -180 0 0 0.0765408 -91.6695 0 -180 0 -180 0 180 0 0
0 -180 0 -180 0 -0 0 -0 0.0443529 53.4909 0 180 0 0 0 0 0 -180
0 0 0 0 0 -180 0 -0 0.0765408 -91.6695 0 180 0 -180 0 -180 0 0
0 180 0 -0 0 180 0 -180 0.100681 -93.7941 0 180 0 -180 0 0 0 -180
0 0 0 -180 0 180 0 0 0.82564 -118.302 0 0 0 0 0 -180 0 0
inside=1 lambda=0.647 phi=45 theta=0
0 180 0 180 0 -180 0 -0 0.0673446 -97.8908 0 0 0 180 0 180 0 -180
0 0 0 0 0 -0 0.0175145 150.505 0.917736 -128.002 0 180 0 0 0 0 0 -0
0 180 0 -0 0 0 0 180 4.94746e-13 -16.8552 0 180 0 -0 0 180 0 -180
0 0 0 -0 0 180 7.31014e-14 171.914 7.62918e-13 -43.9394 0 180 0 -180 0 180 0 -0
0 -180 0 -180 0 0 0 180 3.80432e-13 -14.6296 0 -0 0 0 0 0 0 -180
0 0 0 0 0 -180 1.68045e-14 111.291 8.73708e-13 -45.2412 0 -180 0 -180 0 -180 0 0
0 -180 0 0 0 -180 0 -180 0.187235 -123.27 0 -180 0 -180 0 0 0 -180
0 0 0 -180 0 0 0.133071 6.6414 0.730618 -131.074 0 0 0 0 0 -180 0 0
inside=1 lambda=0.647 phi=45 theta=15
0 180 0 180 0 -180 0 -0 0.0723113 -101.508 0 0 0 180 0 180 0 -180
0 0 0 0 0 -0 0 -180 0.906223 -128.37 0 180 0 180 0 0 0 -0
0 180 0 -0 0 0 0 -180 0.0380283 38.9134 0 0 0 -0 0 180 0 -180
0 0 0 -0 0 180 0 0 0.0553751 -100.428 0 180 0 -180 0 180 0 -0
0 -180 0 -180 0 -0 0 -0 0.0359212 41.5261 0 0 0 0 0 0 0 -180
0 0 0 0 0 -180 0 -0 0.0512449 -104.551 0 180 0 -180 0 -180 0 0
0 -180 0 0 0 180 0 -180 0.180698 -122.119 0 180 0 -180 0 0 0 -180
0 0 0 -180 0 0 0 0 0.743898 -131.058 0 0 0 -0 0 -180 0 0
inside=1 lambda=0.647 phi=45 theta=30
0 180 0 180 0 -180 0 -0 0.0939332 -109.941 0 0 0 180 0 180 0 -180
0 0 0 0 0 -0 0 -180 0.87098 -129.03 0 180 0 180 0 0 0 -0
0 180 0 -0 0 0 0 -180 0.0653941 39.7771 0 0 0 -0 0 180 0 -180
0 0 0 -0 0 180 0 0 0.093115 -102.364 0 180 0 -180 0 180 0 -0
0 -180 0 -180 0 -0 0 -0 0.0635988 41.1502 0 0 0 0 0 0 0 -180
0 0 0 0 0 -180 0 -0 0.0896653 -104.715 0 180 0 180 0 180 0 0
0 -180 0 -0 0 180 0 -180 0.158602 -120.499 0 180 0 -180 0 0 0 -180
0 0 0 -180 0 0 0 0 0.777228 -130.576 0 0 0 -0 0 180 0 0
inside=1 lambda=0.647 phi=45 theta=45
0 180 0 -180 0 -180 0 -0 0.126116 -116.784 0 0 0 180 0 180 0 -180
0 0 0 0 0 -0 0 -180 0.823691 -129.817 0 180 0 180 0 0 0 -0
0 180 0 -0 0 0 0 -180 0.0745933 40.5281 0 0 0 -0 0 180 0 -180
0 0 0 -0 0 180 0 0 0.105102 -103.964 0 180 0 -180 0 180 0 0
0 180 0 -180 0 -0 0 -0 0.0745933 40.5281 0 180 0 0 0 0 0 -180
0 0 0 0 0 -180 0 -0 0.105102 -103.964 0 180 0 180 0 180 0 0
0 180 0 -0 0 180 0 -180 0.126116 -116.784 0 180 0 -180 0 0 0 -180
0 0 0 -180 0 180 0 0 0.823691 -129.817 0 0 0 -0 0 180 0 -0
