RSoft_BSDF_File_Version 2
1 0 5 2 1 0.548571
0.3 0.3
-1 1
-1 1
1 0.647 0.647
10 0 45 0.5
4 0 45
Begin_Dispersion_Data
0.647 1.45662 0 1 0 0
End_Dispersion_Data
inside=0 lambda=0.647 phi=0 theta=0
0 0 0 -180 0 0 0 0 0.161556 142.103 0 0 0 0 0 -180 0 0
0 0 0 -180 0 0 0 0 1.19105 72.4377 0 0 0 0 0 -180 0 0
0 0 0 -180 0 -180 0 0 8.31832e-13 -175.067 0 0 0 -180 0 -180 0 0
0 0 0 -180 0 -180 0 0 1.70532e-12 138.184 0 0 0 -180 0 -180 0 0
0 0 0 0 0 -180 0 -180 2.38113e-13 -133.788 0 -180 0 -180 0 0 0 0
0 0 0 -180 0 -180 0 -0 1.45897e-12 156.961 0 -0 0 -180 0 -0 0 0
0 0 0 0 0 0 0 -180 0.161556 142.103 0 -180 0 0 0 0 0 0
0 0 0 0 0 0 0 -180 1.19105 72.4377 0 -180 0 0 0 0 0 0
inside=0 lambda=0.647 phi=0 theta=15
0 0 0 -180 0 0 0 0 0.161556 142.103 0 0 0 0 0 -180 0 0
0 0 0 -180 0 0 0 0 1.19105 72.4377 0 0 0 0 0 -180 0 0
0 0 0 -180 0 -180 0 0 8.31832e-13 -175.067 0 0 0 -180 0 -180 0 0
0 0 0 -180 0 -180 0 0 1.70532e-12 138.184 0 0 0 -180 0 -180 0 0
0 0 0 0 0 -180 0 -180 2.38113e-13 -133.788 0 -180 0 -180 0 0 0 0
0 0 0 -180 0 -180 0 -0 1.45897e-12 156.961 0 -0 0 -180 0 -0 0 0
0 0 0 0 0 0 0 -180 0.161556 142.103 0 -180 0 0 0 0 0 0
0 0 0 0 0 0 0 -180 1.19105 72.4377 0 -180 0 0 0 0 0 0
inside=0 lambda=0.647 phi=0 theta=30
0 0 0 -180 0 0 0 0 0.161556 142.103 0 0 0 0 0 -180 0 0
0 0 0 -180 0 0 0 0 1.19105 72.4377 0 0 0 0 0 -180 0 0
0 0 0 -180 0 -180 0 0 8.31832e-13 -175.067 0 0 0 -180 0 -180 0 0
0 0 0 -180 0 -180 0 0 1.70532e-12 138.184 0 0 0 -180 0 -180 0 0
0 0 0 0 0 -180 0 -180 2.38113e-13 -133.788 0 -180 0 -180 0 0 0 0
0 0 0 -180 0 -180 0 -0 1.45897e-12 156.961 0 -0 0 -180 0 -0 0 0
0 0 0 0 0 0 0 -180 0.161556 142.103 0 -180 0 0 0 0 0 0
0 0 0 0 0 0 0 -180 1.19105 72.4377 0 -180 0 0 0 0 0 0
inside=0 lambda=0.647 phi=0 theta=45
0 0 0 -180 0 0 0 0 0.161556 142.103 0 0 0 0 0 -180 0 0
0 0 0 -180 0 0 0 0 1.19105 72.4377 0 0 0 0 0 -180 0 0
0 0 0 -180 0 -180 0 0 8.31832e-13 -175.067 0 0 0 -180 0 -180 0 0
0 0 0 -180 0 -180 0 0 1.70532e-12 138.184 0 0 0 -180 0 -180 0 0
0 0 0 0 0 -180 0 -180 2.38113e-13 -133.788 0 -180 0 -180 0 0 0 0
0 0 0 -180 0 -180 0 -0 1.45897e-12 156.961 0 -0 0 -180 0 -0 0 0
0 0 0 0 0 0 0 -180 0.161556 142.103 0 -180 0 0 0 0 0 0
0 0 0 0 0 0 0 -180 1.19105 72.4377 0 -180 0 0 0 0 0 0
inside=0 lambda=0.647 phi=5 theta=0
0 0 0 -180 0 0 0 0 0.160202 138.453 0 0 0 0 0 -180 0 0
0 0 0 -180 0 0 0 0 1.18875 70.718 0 0 0 0 0 -180 0 0
0 0 0 -180 0 -180 0 -180 7.56593e-14 -143.792 0 180 0 -180 0 0 0 0
0 0 0 180 0 -180 0 -180 1.85478e-13 -112.75 0 180 0 -180 0 -0 0 0
0 0 0 -180 0 -180 0 -0 3.257e-14 61.0752 0 -0 0 -180 0 0 0 0
0 0 0 -180 0 -180 0 -0 4.24224e-14 -55.1626 0 -180 0 -180 0 0 0 0
0 0 0 0 0 0 0 -180 0.164021 138.471 0 -180 0 0 0 0 0 0
0 0 0 0 0 0 0 -180 1.19313 70.7151 0 -180 0 0 0 0 0 0
inside=0 lambda=0.647 phi=5 theta=15
0 0 0 -180 0 0 0 0 0.160458 138.454 0 0 0 0 0 -180 0 0
0 0 0 -180 0 0 0 0 1.18904 70.7178 0 0 0 0 0 -180 0 0
0 0 0 -180 0 -180 0 -180 0.000967002 -44.891 0 0 0 -180 0 0 0 0
0 0 0 180 0 -180 0 -180 0.00112737 -123.595 0 0 0 -180 0 -0 0 0
0 0 0 -180 0 -180 0 -180 0.000966906 -44.8644 0 0 0 -180 0 0 0 0
0 0 0 -180 0 -180 0 180 0.00112656 -123.47 0 -0 0 -180 0 0 0 0
0 0 0 0 0 0 0 -180 0.163766 138.47 0 -180 0 0 0 0 0 0
0 0 0 0 0 0 0 -180 1.19283 70.7152 0 -180 0 0 0 0 0 0
inside=0 lambda=0.647 phi=5 theta=30
0 0 0 -180 0 0 0 0 0.161157 138.457 0 0 0 0 0 -180 0 0
0 0 0 -180 0 0 0 0 1.18984 70.7171 0 0 0 0 0 -180 0 0
0 0 0 -180 0 -180 0 -180 0.00167486 -44.8855 0 0 0 -180 0 0 0 0
0 0 0 180 0 -180 0 -180 0.00195237 -123.568 0 0 0 -180 0 -0 0 0
0 0 0 -180 0 -180 0 -180 0.00167476 -44.8701 0 0 0 -180 0 0 0 0
0 0 0 -180 0 -180 0 180 0.00195156 -123.496 0 -0 0 -180 0 0 0 0
0 0 0 0 0 0 0 -180 0.163067 138.466 0 -180 0 0 0 0 0 0
0 0 0 0 0 0 0 -180 1.19203 70.7156 0 -180 0 0 0 0 0 0
inside=0 lambda=0.647 phi=5 theta=45
0 0 0 -180 0 0 0 0 0.162112 138.461 0 0 0 0 0 -180 0 0
0 0 0 -180 0 0 0 0 1.19094 70.7163 0 0 0 0 0 -180 0 0
0 0 0 -180 0 -180 0 -180 0.0019339 -44.8778 0 0 0 -180 0 0 0 0
0 0 0 180 0 -180 0 -180 0.00225393 -123.532 0 0 0 -180 0 -0 0 0
0 0 0 -180 0 -180 0 -180 0.0019339 -44.8778 0 0 0 -180 0 0 0 0
0 0 0 -180 0 -180 0 180 0.00225393 -123.532 0 -0 0 -180 0 0 0 0
0 0 0 0 0 0 0 -180 0.162112 138.461 0 -180 0 0 0 0 0 0
0 0 0 0 0 0 0 -180 1.19094 70.7163 0 -180 0 0 0 0 0 0
inside=0 lambda=0.647 phi=10 theta=0
0 -0 0 -180 0 0 0 0 0.156089 127.616 0 0 0 -0 0 -180 0 0
0 0 0 -180 0 0 0 0 1.18158 65.5748 0 0 0 0 0 -180 0 0
0 0 0 -180 0 -180 0 -180 2.60059e-14 102.501 0 180 0 -180 0 0 0 0
0 0 0 180 0 -180 0 -0 7.63384e-14 119.528 0 0 0 -180 0 -0 0 0
0 0 0 -180 0 -180 0 -180 3.83855e-13 -93.1316 0 180 0 -180 0 0 0 0
0 0 0 -180 0 -180 0 -180 3.25461e-13 148.069 0 0 0 -180 0 0 0 0
0 0 0 0 0 0 0 -180 0.171827 127.698 0 -180 0 0 0 0 0 0
0 0 0 0 0 0 0 -180 1.19955 65.5644 0 -180 0 0 0 0 0 0
inside=0 lambda=0.647 phi=10 theta=15
0 -0 0 -180 0 0 0 0 0.157146 127.618 0 0 0 -0 0 -180 0 0
0 0 0 -180 0 0 0 0 1.18278 65.5732 0 0 0 0 0 -180 0 0
0 0 0 -180 0 -180 0 -180 0.00401128 -55.4495 0 0 0 -180 0 0 0 0
0 0 0 180 0 -180 0 -180 0.00462887 -128.944 0 0 0 -180 0 -0 0 0
0 0 0 -180 0 -180 0 -180 0.00400904 -55.3479 0 0 0 -180 0 0 0 0
0 0 0 -180 0 -180 0 180 0.00461502 -128.433 0 -0 0 -180 0 0 0 0
0 0 0 0 0 0 0 -180 0.170776 127.689 0 -180 0 0 0 0 0 0
0 0 0 0 0 0 0 -180 1.19835 65.5641 0 -180 0 0 0 0 0 0
inside=0 lambda=0.647 phi=10 theta=30
0 -0 0 -180 0 0 0 0 0.160032 127.626 0 0 0 -0 0 -180 0 0
0 0 0 -180 0 0 0 0 1.18607 65.5694 0 0 0 0 0 -180 0 0
0 0 0 -180 0 -180 0 -180 0.00694668 -55.4294 0 0 0 -180 0 0 0 0
0 0 0 180 0 -180 0 -180 0.00801196 -128.83 0 0 0 -180 0 -0 0 0
0 0 0 -180 0 -180 0 -180 0.00694446 -55.3708 0 0 0 -180 0 0 0 0
0 0 0 -180 0 -180 0 180 0.00799814 -128.536 0 -0 0 -180 0 0 0 0
0 0 0 0 0 0 0 -180 0.167902 127.667 0 -180 0 0 0 0 0 0
0 0 0 0 0 0 0 -180 1.19505 65.5641 0 -180 0 0 0 0 0 0
inside=0 lambda=0.647 phi=10 theta=45
0 -0 0 -180 0 0 0 0 0.16397 127.643 0 0 0 -0 0 -180 0 0
0 0 0 -180 0 0 0 0 1.19056 65.5658 0 0 0 0 0 -180 0 0
0 0 0 -180 0 -180 0 -180 0.00801992 -55.4008 0 0 0 -180 0 0 0 0
0 0 0 180 0 -180 0 -180 0.00924321 -128.68 0 0 0 -180 0 -0 0 0
0 0 0 -180 0 -180 0 -180 0.00801992 -55.4008 0 0 0 -180 0 0 0 0
0 0 0 -180 0 -180 0 180 0.00924321 -128.68 0 -0 0 -180 0 0 0 0
0 -0 0 0 0 -0 0 -180 0.16397 127.643 0 -180 0 0 0 0 0 0
0 0 0 0 0 0 0 -180 1.19056 65.5658 0 -180 0 0 0 0 0 0
inside=0 lambda=0.647 phi=15 theta=0
0 -0 0 -180 0 0 0 0 0.148749 109.973 0 0 0 -0 0 -180 0 0
0 0 0 -180 0 0 0 0 1.16869 57.0553 0 0 0 0 0 -180 0 0
0 0 0 -180 0 -180 0 -0 3.3276e-14 76.5981 0 180 0 -180 0 0 0 0
0 0 0 180 0 -180 0 0 3.89535e-14 18.517 0 180 0 -180 0 -0 0 0
0 0 0 -180 0 -180 0 180 2.68409e-14 110.816 0 180 0 -180 0 0 0 0
0 0 0 -180 0 -180 0 0 3.88284e-14 -8.67048 0 -0 0 -180 0 0 0 0
0 0 0 0 0 0 0 -180 0.186116 110.157 0 -180 0 0 0 0 0 0
0 0 0 0 0 0 0 -180 1.21097 57.0419 0 -180 0 0 0 0 0 0
inside=0 lambda=0.647 phi=15 theta=15
0 -0 0 -180 0 0 0 0 0.151271 109.967 0 0 0 -0 0 -180 0 0
0 0 0 -180 0 0 0 0 1.17151 57.0495 0 0 0 0 0 -180 0 0
0 0 0 -180 0 -180 0 -180 0.00961891 -72.7244 0 0 0 -180 0 0 0 0
0 0 0 180 0 -180 0 -180 0.0108909 -137.771 0 0 0 -180 0 -0 0 0
0 0 0 -180 0 -180 0 -180 0.00960195 -72.5206 0 0 0 -180 0 0 0 0
0 0 0 -180 0 -180 0 180 0.0108123 -136.565 0 -0 0 -180 0 0 0 0
0 0 0 0 0 0 0 -180 0.18364 110.126 0 -180 0 0 0 0 0 0
0 0 0 0 0 0 0 -180 1.20813 57.0371 0 -180 0 0 0 0 0 0
inside=0 lambda=0.647 phi=15 theta=30
0 -0 0 -180 0 0 0 0 0.158152 109.964 0 0 0 -0 0 -180 0 0
0 0 0 -180 0 0 0 0 1.17923 57.0367 0 0 0 0 0 -180 0 0
0 0 0 -180 0 -180 0 -180 0.016651 -72.6904 0 0 0 -180 0 0 0 0
0 0 0 180 0 -180 0 -180 0.018829 -137.486 0 0 0 -180 0 -0 0 0
0 0 0 -180 0 -180 0 -180 0.0166344 -72.5734 0 0 0 -180 0 0 0 0
0 0 0 -180 0 -180 0 180 0.0187512 -136.794 0 -0 0 -180 0 0 0 0
0 -0 0 0 0 -0 0 -180 0.17685 110.057 0 -180 0 0 0 0 0 0
0 0 0 0 0 0 0 -180 1.20036 57.0287 0 -180 0 0 0 0 0 0
inside=0 lambda=0.647 phi=15 theta=45
0 -0 0 -180 0 0 0 0 0.167523 109.993 0 0 0 -0 0 -180 0 0
0 0 0 -180 0 0 0 0 1.18978 57.0274 0 0 0 0 0 -180 0 0
0 0 0 -180 0 -180 0 -180 0.0192156 -72.6366 0 0 0 -180 0 0 0 0
0 0 0 180 0 -180 0 -180 0.0216938 -137.126 0 0 0 -180 0 -0 0 0
0 0 0 -180 0 -180 0 -180 0.0192156 -72.6366 0 0 0 -180 0 0 0 0
0 0 0 -180 0 -180 0 180 0.0216938 -137.126 0 -0 0 -180 0 0 0 0
0 -0 0 0 0 -0 0 -180 0.167523 109.993 0 -180 0 0 0 0 0 0
0 0 0 0 0 0 0 -180 1.18978 57.0274 0 -180 0 0 0 0 0 0
inside=0 lambda=0.647 phi=20 theta=0
0 -0 0 -180 0 0 0 0 0.136315 86.2686 0 0 0 -0 0 -180 0 0
0 0 0 -180 0 -0 0 0 1.14851 45.2363 0 -0 0 0 0 -180 0 -0
0 0 0 -180 0 -180 0 180 8.40044e-14 17.1327 0 -0 0 -180 0 0 0 0
0 0 0 180 0 -180 0 180 3.8914e-13 -46.0551 0 -180 0 -180 0 -0 0 0
0 0 0 -180 0 -180 0 180 7.72885e-14 32.417 0 -0 0 -180 0 0 0 0
0 0 0 -180 0 -180 0 -0 3.28358e-13 -49.6314 0 -180 0 -180 0 0 0 0
0 0 0 0 0 0 0 -180 0.20851 86.419 0 -180 0 0 0 0 0 0
0 0 0 0 0 0 0 180 1.22882 45.2602 0 -180 0 0 0 0 0 0
inside=0 lambda=0.647 phi=20 theta=15
0 -0 0 -180 0 0 0 0 0.141228 86.212 0 0 0 -0 0 -180 0 0
0 0 0 -180 0 -0 0 0 1.15385 45.2204 0 0 0 0 0 -180 0 -0
0 0 0 -180 0 -180 0 -180 0.0187857 -96.2234 0 0 0 -180 0 0 0 0
0 0 0 180 0 -180 0 -180 0.0206962 -149.943 0 0 0 -180 0 -0 0 0
0 0 0 -180 0 -180 0 -180 0.0187104 -95.94 0 0 0 -180 0 0 0 0
0 0 0 -180 0 -180 0 180 0.0204043 -147.607 0 -0 0 -180 0 0 0 0
0 0 0 0 0 0 0 -180 0.203821 86.3472 0 -180 0 0 0 0 0 0
0 0 0 0 0 0 0 -180 1.22337 45.2358 0 -180 0 0 0 0 0 0
inside=0 lambda=0.647 phi=20 theta=30
0 -0 0 -180 0 0 0 0 0.154624 86.1159 0 0 0 -0 0 -180 0 0
0 0 0 -180 0 0 0 0 1.16845 45.1878 0 0 0 0 0 -180 0 -0
0 0 0 -180 0 -180 0 -180 0.0324869 -96.2018 0 0 0 -180 0 0 0 0
0 0 0 180 0 -180 0 -180 0.0356951 -149.336 0 0 0 -180 0 -0 0 0
0 0 0 -180 0 -180 0 -180 0.032417 -96.041 0 0 0 -180 0 0 0 0
0 0 0 -180 0 -180 0 180 0.0354132 -148.015 0 -0 0 -180 0 0 0 0
0 -0 0 0 0 -0 0 -180 0.190837 86.2 0 -180 0 0 0 0 0 0
0 0 0 0 0 0 0 -180 1.20855 45.191 0 -180 0 0 0 0 0 0
inside=0 lambda=0.647 phi=20 theta=45
0 -0 0 -180 0 0 0 0 0.172825 86.1002 0 0 0 -0 0 -180 0 0
0 0 0 -180 0 0 0 0 1.18846 45.1708 0 0 0 0 0 -180 0 0
0 0 0 -180 0 -180 0 -180 0.0374612 -96.1407 0 0 0 -180 0 0 0 0
0 0 0 180 0 -180 0 -180 0.0410328 -148.628 0 0 0 -180 0 -0 0 0
0 0 0 -180 0 -180 0 -180 0.0374612 -96.1407 0 0 0 -180 0 0 0 0
0 0 0 -180 0 -180 0 180 0.0410328 -148.628 0 -0 0 -180 0 0 0 0
0 -0 0 0 0 -0 0 -180 0.172825 86.1002 0 -180 0 0 0 0 0 0
0 0 0 0 0 0 0 -180 1.18846 45.1708 0 -180 0 0 0 0 0 0
inside=0 lambda=0.647 phi=25 theta=0
0 -0 0 -180 0 0 0 0 0.113945 57.7164 0 0 0 -0 0 -180 0 0
0 0 0 -180 0 -0 0 0 1.11809 30.2176 0 -0 0 0 0 -180 0 -0
0 -0 0 -180 0 -180 0 -180 2.23368e-14 97.2977 0 -180 0 180 0 0 0 0
0 0 0 180 0 180 0 -0 1.43341e-14 -81.8555 0 -180 0 -180 0 -0 0 -0
0 0 0 -180 0 -180 0 0 8.85902e-14 -13.0863 0 180 0 -180 0 0 0 0
0 0 0 -180 0 -180 0 0 4.9264e-14 -108.819 0 180 0 -180 0 0 0 0
0 0 0 0 0 0 0 -180 0.240713 57.0603 0 -180 0 0 0 0 0 0
0 0 0 0 0 0 0 180 1.25623 30.444 0 -180 0 0 0 0 0 0
inside=0 lambda=0.647 phi=25 theta=15
0 -0 0 -180 0 0 0 0 0.122624 57.4171 0 0 0 -0 0 -180 0 0
0 0 0 -180 0 -0 0 0 1.12724 30.1786 0 -0 0 0 0 -180 0 -0
0 -0 0 -180 0 -180 0 -180 0.0333191 -125.355 0 0 0 180 0 0 0 0
0 0 0 180 0 180 0 180 0.0356544 -165.371 0 -0 0 -180 0 -0 0 -0
0 0 0 -180 0 -180 0 -180 0.033085 -125.093 0 0 0 -180 0 0 0 0
0 0 0 -180 0 -180 0 180 0.0347721 -161.15 0 -0 0 -180 0 0 0 0
0 -0 0 0 0 0 0 -180 0.232898 56.9282 0 -180 0 0 0 0 0 0
0 0 0 0 0 0 0 180 1.24664 30.3454 0 -180 0 0 0 0 0 0
inside=0 lambda=0.647 phi=25 theta=30
0 -0 0 -180 0 0 0 0 0.146388 56.9062 0 0 0 -0 0 -180 0 0
0 0 0 -180 0 -0 0 0 1.15223 30.1093 0 -0 0 0 0 -180 0 -0
0 0 0 -180 0 -180 0 -180 0.0575064 -125.429 0 0 0 180 0 0 0 0
0 0 0 180 0 180 0 180 0.0611739 -164.1 0 -0 0 -180 0 -0 0 -0
0 0 0 -180 0 -180 0 -180 0.0573171 -125.278 0 0 0 -180 0 0 0 0
0 0 0 -180 0 -180 0 180 0.0603748 -161.807 0 -0 0 -180 0 -0 0 -0
0 -0 0 0 0 -0 0 -180 0.210474 56.7047 0 -180 0 0 0 0 0 0
0 0 0 0 0 0 0 180 1.22097 30.1777 0 -180 0 -0 0 -0 0 -0
inside=0 lambda=0.647 phi=25 theta=45
0 -0 0 -180 0 0 0 0 0.178698 56.6467 0 0 0 -0 0 -180 0 0
0 0 0 180 0 -0 0 0 1.18647 30.091 0 -0 0 0 0 -180 0 -0
0 0 0 -180 0 -180 0 -180 0.0662486 -125.413 0 0 0 180 0 0 0 0
0 0 0 180 0 180 0 -180 0.070072 -162.818 0 -0 0 -180 0 -0 0 -0
0 0 0 -180 0 180 0 -180 0.0662486 -125.413 0 0 0 -180 0 0 0 0
0 0 0 -180 0 -180 0 180 0.070072 -162.818 0 -0 0 180 0 -0 0 -0
0 -0 0 0 0 -0 0 -180 0.178698 56.6467 0 -180 0 0 0 0 0 0
0 0 0 0 0 0 0 180 1.18647 30.091 0 -180 0 -0 0 -0 0 -0
inside=0 lambda=0.647 phi=30 theta=0
0 -180 0 -180 0 0 0.0415383 -40.7431 0.0692808 28.8709 0 0 0 -180 0 -180 0 0
0 0 0 -180 0 -0 0 -0 1.06688 12.0918 0 -0 0 0 0 -180 0 -0
0 -0 0 -180 0 -180 1.25753e-14 -14.7453 3.22511e-14 73.5734 0 -180 0 180 0 0 0 0
0 0 0 180 0 180 0 -0 9.49454e-14 73.3813 0 0 0 -180 0 -0 0 -0
0 0 0 -180 0 -180 4.40202e-12 89.9047 2.04111e-13 -123.547 0 180 0 -180 0 0 0 0
0 0 0 180 0 -180 0 -0 3.78505e-13 -35.9109 0 -0 0 -180 0 -0 0 0
0 -0 0 0 0 0 0.266041 -65.4489 0.291606 20.6821 0 -180 0 -0 0 0 0 0
0 0 0 -0 0 0 0 180 1.28641 13.2347 0 180 0 0 0 -0 0 0
inside=0 lambda=0.647 phi=30 theta=15
0 -180 0 -180 0 0 0 -0 0.0867661 25.9523 0 0 0 -0 0 -180 0 0
0 0 0 -180 0 -0 0 0 1.08589 12.069 0 -0 0 0 0 -180 0 -0
0 -0 0 -180 0 -180 0 -180 0.0566591 -159.526 0 0 0 180 0 0 0 0
0 0 0 180 0 180 0 180 0.0598816 174.91 0 -0 0 -180 0 -0 0 -0
0 0 0 -180 0 -180 0 -180 0.0559825 -159.593 0 180 0 -180 0 0 0 0
0 0 0 180 0 -180 0 0 0.0572081 -176.798 0 -0 0 180 0 -0 0 -0
0 -0 0 0 0 -0 0 -180 0.272093 22.0002 0 -180 0 0 0 0 0 0
0 0 0 0 0 0 0 180 1.28419 12.8853 0 180 0 -0 0 -0 0 -0
inside=0 lambda=0.647 phi=30 theta=30
0 -0 0 -180 0 0 0 -0 0.126544 23.0414 0 0 0 -0 0 -180 0 0
0 0 0 180 0 -0 0 0 1.12724 11.8834 0 -0 0 0 0 -180 0 -0
0 -0 0 -180 0 -180 0 -180 0.0972588 -160.026 0 0 0 180 0 0 0 0
0 0 0 180 0 180 0 180 0.101026 178.454 0 -0 0 -180 0 -0 0 -0
0 0 0 -180 0 180 0 -180 0.0969656 -159.949 0 180 0 -180 0 0 0 0
0 0 0 180 0 -180 0 180 0.0991443 -177.729 0 -0 0 180 0 -0 0 -0
0 -0 0 0 0 -0 0 -180 0.236261 21.8917 0 -180 0 0 0 0 0 0
0 0 0 0 0 0 0 180 1.24065 12.1817 0 -180 0 -0 0 -0 0 -0
inside=0 lambda=0.647 phi=30 theta=45
0 -0 0 -180 0 0 0 0 0.181848 22.0077 0 0 0 -0 0 -180 0 0
0 0 0 180 0 -0 0 0 1.18371 11.8994 0 -0 0 0 0 -180 0 -0
0 0 0 -180 0 -180 0 -180 0.11201 -160.137 0 0 0 180 0 180 0 0
0 0 0 180 0 180 0 180 0.115196 -179.29 0 -0 0 -180 0 -0 0 -0
0 0 0 -180 0 180 0 -180 0.11201 -160.137 0 180 0 -180 0 0 0 0
0 0 0 180 0 -180 0 180 0.115196 -179.29 0 -0 0 180 0 -0 0 -0
0 -0 0 0 0 -0 0 -180 0.181848 22.0077 0 -180 0 0 0 0 0 0
0 0 0 0 0 0 0 180 1.18371 11.8994 0 -180 0 -0 0 -0 0 -0
inside=0 lambda=0.647 phi=35 theta=0
0 -0 0 180 0 0 0.0478026 -24.7066 0.0200194 124.725 0 0 0 -0 0 180 0 0
0 0 0 -180 0 -0 0 0 0.986114 -9.26804 0 -0 0 0 0 -180 0 -0
0 -0 0 -180 0 -180 1.5279e-13 40.4462 7.05047e-14 16.5844 0 -180 0 180 0 0 0 0
0 0 0 0 0 180 0 -0 1.36179e-13 43.9983 0 -180 0 -180 0 -180 0 -0
0 0 0 -180 0 -180 9.16951e-13 -50.2012 6.23153e-14 -30.6503 0 -180 0 -180 0 0 0 0
0 0 0 -180 0 180 0 -180 1.92189e-13 79.1932 0 180 0 -180 0 0 0 -0
0 0 0 0 0 -0 0.435541 170.013 0.28 -23.2158 0 -180 0 0 0 0 0 -0
0 0 0 0 0 -0 0 180 1.33767 -5.72471 0 180 0 0 0 0 0 -0
inside=0 lambda=0.647 phi=35 theta=15
0 -0 0 -180 0 0 0.042527 -4.11292 0.0132608 24.3425 0 0 0 -0 0 180 0 0
0 0 0 -180 0 -0 0 -0 1.01293 -9.47617 0 -0 0 0 0 -180 0 -0
0 -0 0 -180 0 -180 0.0439355 14.5663 0.0973735 158.422 0 0 0 180 0 0 0 0
0 0 0 0 0 180 0 0 0.106993 155.081 0 -0 0 -180 0 -180 0 -0
0 0 0 -180 0 180 0.0572731 76.5761 0.0949302 160.916 0 180 0 -180 0 0 0 0
0 0 0 180 0 -180 0 0 0.0930452 167.487 0 -180 0 180 0 -0 0 -0
0 0 0 0 0 -0 0.278586 66.6225 0.321804 -11.0774 0 -180 0 0 0 0 0 0
0 0 0 -0 0 0 0 0 1.32819 -7.3541 0 180 0 -0 0 -0 0 -0
inside=0 lambda=0.647 phi=35 theta=30
0 -180 0 -180 0 0 0 -0 0.0809681 -15.0223 0 0 0 -0 0 180 0 0
0 0 0 180 0 -0 0 0 1.08395 -9.45563 0 -0 0 0 0 -180 0 -0
0 -0 0 -180 0 -180 0 -180 0.164318 159.958 0 0 0 180 0 0 0 0
0 0 0 0 0 180 0 180 0.170336 158.151 0 -0 0 -180 0 -180 0 -0
0 -0 0 -180 0 180 0 -180 0.164531 159.977 0 180 0 -180 0 0 0 0
0 0 0 180 0 -180 0 0 0.166708 164.494 0 -180 0 180 0 -0 0 -0
0 -0 0 -0 0 -0 0 -180 0.271868 -18.4751 0 180 0 0 0 0 0 0
0 0 0 -0 0 0 0 180 1.27484 -8.4472 0 180 0 -0 0 -0 0 -0
inside=0 lambda=0.647 phi=35 theta=45
0 -0 0 -180 0 0 0 -0 0.176339 -18.4141 0 0 0 -0 0 180 0 0
0 0 0 180 0 -0 0 0 1.17952 -9.30213 0 -0 0 0 0 -180 0 -0
0 -0 0 -180 0 -180 0 -180 0.189613 159.567 0 0 0 180 0 180 0 0
0 0 0 0 0 180 0 180 0.193677 162.173 0 -0 0 -180 0 -180 0 -0
0 -0 0 -180 0 180 0 -180 0.189613 159.567 0 180 0 -180 0 0 0 0
0 0 0 180 0 -180 0 0 0.193677 162.173 0 -180 0 180 0 -0 0 -0
0 -0 0 -0 0 -0 0 -180 0.176339 -18.4141 0 180 0 0 0 0 0 0
0 0 0 0 0 0 0 180 1.17952 -9.30213 0 -180 0 -0 0 -0 0 -0
inside=0 lambda=0.647 phi=40 theta=0
0 -180 0 180 0 0 0.0867038 2.09478 0.208119 109.159 0 0 0 -180 0 180 0 0
0 0 0 -180 0 -180 0 0 0.794894 -33.7581 0 -180 0 0 0 -180 0 -180
0 -0 0 -180 0 -180 1.74601e-12 52.2534 3.58549e-13 -131.04 0 -180 0 180 0 0 0 0
0 0 0 0 0 0 0 -180 8.38698e-13 -94.2442 0 -0 0 -180 0 -180 0 -180
0 -0 0 180 0 180 2.46604e-12 19.3758 1.01375e-12 45.2029 0 0 0 180 0 -0 0 -0
0 180 0 180 0 180 0 0 5.93281e-13 -159.12 0 -0 0 -0 0 -0 0 -0
0 -0 0 -0 0 -0 0.264411 -53.1508 0.608893 -66.1281 0 180 0 -0 0 -0 0 -0
0 180 0 -0 0 -0 0 180 1.35678 -31.592 0 180 0 180 0 -0 0 -0
inside=0 lambda=0.647 phi=40 theta=15
0 -180 0 180 0 0 0.0876072 -46.24 0.157451 110.6 0 0 0 -180 0 180 0 0
0 0 0 -180 0 -180 0 0 0.849404 -33.9678 0 -180 0 0 0 -180 0 -180
0 -0 0 -180 0 -180 0.182642 -83.4007 0.156117 123.622 0 0 0 180 0 0 0 0
0 0 0 0 0 0 0 180 0.223734 134.283 0 -0 0 -180 0 -180 0 -180
0 -0 0 180 0 180 0.136419 -111.644 0.166177 116.168 0 0 0 180 0 -0 0 0
0 0 0 -180 0 180 0 0 0.168295 145.12 0 -180 0 -180 0 -0 0 -0
0 -180 0 -0 0 -0 0.362926 -129.79 0.497885 -76.0303 0 180 0 -0 0 0 0 0
0 180 0 -0 0 -0 0 180 1.3532 -30.3114 0 180 0 0 0 -0 0 -0
inside=0 lambda=0.647 phi=40 theta=30
0 -180 0 -180 0 0 0.101556 -54.8437 0.0310226 127.319 0 0 0 -180 0 180 0 0
0 0 0 180 0 -180 0 -0 0.980817 -34.4086 0 -180 0 0 0 -180 0 -180
0 -0 0 -180 0 -180 0.191795 -78.3848 0.301283 113.842 0 0 0 180 0 0 0 0
0 0 0 0 0 0 0 0 0.334946 135.122 0 -0 0 -180 0 -180 0 -180
0 -0 0 -180 0 180 0.145305 -28.7607 0.305346 115.07 0 0 0 -180 0 0 0 0
0 -0 0 180 0 -180 0 -0 0.316959 145.521 0 -180 0 180 0 -0 0 -0
0 -0 0 -0 0 -0 0.313767 -30.302 0.3387 -61.8291 0 180 0 0 0 0 0 0
0 0 0 -0 0 0 0 0 1.32491 -31.232 0 180 0 -0 0 -0 0 -180
inside=0 lambda=0.647 phi=40 theta=45
0 -0 0 -180 0 0 0 -0 0.150483 -68.4072 0 0 0 -0 0 180 0 0
0 0 0 180 0 -0 0 0 1.1677 -33.5111 0 -0 0 0 0 180 0 -180
0 -0 0 -180 0 -180 0 -180 0.356242 113.201 0 0 0 180 0 0 0 0
0 -0 0 0 0 180 0 180 0.370055 141.494 0 -0 0 -180 0 -180 0 -180
0 -0 0 -180 0 180 0 -180 0.356242 113.201 0 0 0 -180 0 0 0 0
0 -0 0 180 0 -180 0 0 0.370055 141.494 0 -180 0 180 0 -0 0 -180
0 -0 0 -0 0 -0 0 -180 0.150483 -68.4072 0 180 0 0 0 0 0 0
0 0 0 0 0 0 0 180 1.1677 -33.5111 0 180 0 -0 0 -0 0 -180
inside=0 lambda=0.647 phi=45 theta=0
0 -0 0 180 0 0 0.185999 37.6642 0.980512 5.02407 0 0 0 -0 0 180 0 0
0 -0 0 180 0 -180 0 180 0 0 0 180 0 -0 0 180 0 -180
0 -0 0 -180 0 -180 3.21013e-12 120.167 3.86359e-12 -128.387 0 0 0 180 0 0 0 0
0 -0 0 -0 0 -0 0 -180 0 -0 0 -0 0 180 0 180 0 180
0 0 0 -180 0 180 1.88607e-12 129.41 1.17398e-12 -94.6948 0 -180 0 -180 0 0 0 -0
0 -180 0 0 0 180 0 -180 0 -180 0 180 0 0 0 -180 0 -0
0 0 0 0 0 -0 0.814015 51.0889 0.637236 -131.625 0 -180 0 0 0 0 0 -0
0 -180 0 -180 0 -0 0 180 0 -0 0 0 0 -180 0 -180 0 -0
inside=0 lambda=0.647 phi=45 theta=15
0 -180 0 180 0 0 0.202882 -14.0666 0.834355 5.15938 0 0 0 0 0 -180 0 0
0 0 0 -180 0 -180 0 0 0 -0 0 -180 0 -0 0 180 0 180
0 -0 0 -180 0 -180 0.440897 -109.787 0.379025 15.1014 0 0 0 180 0 0 0 0
0 0 0 0 0 0 0 180 0 0 0 -180 0 180 0 180 0 180
0 0 0 -180 0 0 0.236967 -28.3388 0.399931 19.3581 0 0 0 -180 0 0 0 0
0 -180 0 0 0 180 0 180 0 0 0 180 0 0 0 -180 0 -180
0 -0 0 180 0 -180 0.510021 11.7881 0.744745 -134.791 0 -180 0 0 0 0 0 0
0 180 0 -0 0 -0 0 180 0 -0 0 180 0 -180 0 -180 0 -180
inside=0 lambda=0.647 phi=45 theta=30
0 -0 0 -180 0 0 0.111374 110.656 0.489546 2.82906 0 0 0 -0 0 180 0 0
0 0 0 -180 0 -180 0 -0 0 -0 0 -180 0 -0 0 180 0 180
0 -0 0 -0 0 -180 0.405236 171.754 0.823634 22.5468 0 0 0 180 0 0 0 0
0 0 0 0 0 0 0 0 0 0 0 -180 0 180 0 180 0 -180
0 0 0 -180 0 0 0.276253 67.9952 0.798849 21.6299 0 0 0 -180 0 0 0 0
0 -0 0 180 0 180 0 -0 0 0 0 180 0 180 0 -0 0 -180
0 0 0 0 0 -180 0.501314 49.2107 0.405824 -141.212 0 -180 0 180 0 0 0 0
0 0 0 -0 0 -0 0 0 0 -0 0 180 0 -0 0 -180 0 -180
inside=0 lambda=0.647 phi=45 theta=45
0 -0 0 -180 0 0 0 180 0.12256 -70.3869 0 0 0 -180 0 -0 0 0
0 0 0 180 0 -180 0 -0 0 -0 0 -180 0 -0 0 180 0 -180
0 0 0 -0 0 -180 0 180 0.992461 19.6131 0 0 0 0 0 0 0 0
0 -0 0 0 0 0 0 -180 0 0 0 -180 0 180 0 180 0 -180
0 0 0 180 0 0 0 -0 0.992461 19.6131 0 0 0 -180 0 0 0 0
0 -0 0 -180 0 180 0 0 0 0 0 180 0 0 0 -180 0 -180
0 -0 0 180 0 -180 0 -180 0.12256 -70.3869 0 -0 0 0 0 0 0 0
0 0 0 -0 0 -0 0 180 0 -0 0 180 0 -180 0 -180 0 -180
inside=1 lambda=0.647 phi=0 theta=0
0 0 0 -180 0 0 0 0 0.161556 -177.227 0 0 0 0 0 -180 0 0
0 0 0 -180 0 0 0 0 0.817682 72.4377 0 0 0 0 0 -180 0 0
0 0 0 180 0 -180 0 -0 3.28527e-13 -154.331 0 -0 0 -180 0 180 0 0
0 0 0 -0 0 -180 0 -0 1.17356e-12 6.07106 0 180 0 -180 0 -180 0 0
0 0 0 -180 0 -180 0 180 5.01474e-13 -168.888 0 180 0 -180 0 -180 0 0
0 0 0 -180 0 -180 0 -0 1.44138e-12 7.29695 0 -0 0 -180 0 -180 0 0
0 0 0 0 0 0 0 -180 0.161556 -177.227 0 -180 0 0 0 0 0 0
0 0 0 0 0 0 0 -180 0.817682 72.4377 0 -180 0 0 0 0 0 0
inside=1 lambda=0.647 phi=0 theta=15
0 0 0 -180 0 0 0 0 0.161556 -177.227 0 0 0 0 0 -180 0 0
0 0 0 -180 0 0 0 0 0.817682 72.4377 0 0 0 0 0 -180 0 0
0 0 0 180 0 -180 0 -0 3.28527e-13 -154.331 0 -0 0 -180 0 180 0 0
0 0 0 -0 0 -180 0 -0 1.17356e-12 6.07106 0 180 0 -180 0 -180 0 0
0 0 0 -180 0 -180 0 180 5.01474e-13 -168.888 0 180 0 -180 0 -180 0 0
0 0 0 -180 0 -180 0 -0 1.44138e-12 7.29695 0 -0 0 -180 0 -180 0 0
0 0 0 0 0 0 0 -180 0.161556 -177.227 0 -180 0 0 0 0 0 0
0 0 0 0 0 0 0 -180 0.817682 72.4377 0 -180 0 0 0 0 0 0
inside=1 lambda=0.647 phi=0 theta=30
0 0 0 -180 0 0 0 0 0.161556 -177.227 0 0 0 0 0 -180 0 0
0 0 0 -180 0 0 0 0 0.817682 72.4377 0 0 0 0 0 -180 0 0
0 0 0 180 0 -180 0 -0 3.28527e-13 -154.331 0 -0 0 -180 0 180 0 0
0 0 0 -0 0 -180 0 -0 1.17356e-12 6.07106 0 180 0 -180 0 -180 0 0
0 0 0 -180 0 -180 0 180 5.01474e-13 -168.888 0 180 0 -180 0 -180 0 0
0 0 0 -180 0 -180 0 -0 1.44138e-12 7.29695 0 -0 0 -180 0 -180 0 0
0 0 0 0 0 0 0 -180 0.161556 -177.227 0 -180 0 0 0 0 0 0
0 0 0 0 0 0 0 -180 0.817682 72.4377 0 -180 0 0 0 0 0 0
inside=1 lambda=0.647 phi=0 theta=45
0 0 0 -180 0 0 0 0 0.161556 -177.227 0 0 0 0 0 -180 0 0
0 0 0 -180 0 0 0 0 0.817682 72.4377 0 0 0 0 0 -180 0 0
0 0 0 180 0 -180 0 -0 3.28527e-13 -154.331 0 -0 0 -180 0 180 0 0
0 0 0 -0 0 -180 0 -0 1.17356e-12 6.07106 0 180 0 -180 0 -180 0 0
0 0 0 -180 0 -180 0 180 5.01474e-13 -168.888 0 180 0 -180 0 -180 0 0
0 0 0 -180 0 -180 0 -0 1.44138e-12 7.29695 0 -0 0 -180 0 -180 0 0
0 0 0 0 0 0 0 -180 0.161556 -177.227 0 -180 0 0 0 0 0 0
0 0 0 0 0 0 0 -180 0.817682 72.4377 0 -180 0 0 0 0 0 0
inside=1 lambda=0.647 phi=5 theta=0
0 0 0 -180 0 0 0 0 0.160919 -177.127 0 0 0 0 0 -180 0 0
0 0 0 -180 0 0 0 0 0.818594 71.628 0 0 0 0 0 -180 0 0
0 0 0 -0 0 -180 0 -180 7.61522e-14 49.2705 0 180 0 -180 0 180 0 0
0 0 0 180 0 -180 0 -180 4.4671e-13 -15.1257 0 -0 0 -180 0 -0 0 0
0 0 0 -180 0 -180 0 180 7.5278e-14 -129.253 0 180 0 -180 0 0 0 0
0 0 0 -180 0 -180 0 -180 2.38591e-13 -26.3083 0 180 0 -180 0 0 0 0
0 0 0 0 0 0 0 -180 0.162707 -177.138 0 -180 0 0 0 0 0 0
0 0 0 0 0 0 0 -180 0.8167 71.6266 0 -180 0 0 0 0 0 0
inside=1 lambda=0.647 phi=5 theta=15
0 0 0 -180 0 0 0 0 0.161039 -177.128 0 0 0 0 0 -180 0 0
0 0 0 -180 0 0 0 0 0.818468 71.6279 0 0 0 0 0 -180 0 0
0 0 0 -0 0 -180 0 -180 0.000451605 1.78451 0 0 0 -180 0 180 0 0
0 0 0 180 0 -180 0 -180 0.000482484 82.3092 0 0 0 -180 0 -0 0 0
0 0 0 -180 0 -180 0 -0 0.000451576 1.78522 0 180 0 -180 0 0 0 0
0 0 0 -180 0 -180 0 180 0.000482372 82.2599 0 -0 0 -180 0 0 0 0
0 0 0 0 0 0 0 -180 0.162588 -177.137 0 -180 0 0 0 0 0 0
0 0 0 0 0 0 0 -180 0.816827 71.6266 0 -180 0 0 0 0 0 0
inside=1 lambda=0.647 phi=5 theta=30
0 0 0 -180 0 0 0 0 0.161366 -177.13 0 0 0 0 0 -180 0 0
0 0 0 -180 0 0 0 0 0.818121 71.6276 0 0 0 0 0 -180 0 0
0 0 0 -0 0 -180 0 -180 0.000782191 1.78466 0 0 0 -180 0 180 0 0
0 0 0 180 0 -180 0 -180 0.000835645 82.2987 0 0 0 -180 0 -0 0 0
0 0 0 -180 0 -180 0 -0 0.000782162 1.78507 0 180 0 -180 0 0 0 0
0 0 0 -180 0 -180 0 180 0.000835534 82.2702 0 -0 0 -180 0 0 0 0
0 0 0 0 0 0 0 -180 0.16226 -177.135 0 -180 0 0 0 0 0 0
0 0 0 0 0 0 0 -180 0.817174 71.6269 0 -180 0 0 0 0 0 0
inside=1 lambda=0.647 phi=5 theta=45
0 0 0 -180 0 0 0 0 0.161813 -177.132 0 0 0 0 0 -180 0 0
0 0 0 -180 0 0 0 0 0.817647 71.6272 0 0 0 0 0 -180 0 0
0 0 0 -0 0 -180 0 -180 0.00090318 1.78487 0 0 0 -180 0 180 0 0
0 0 0 180 0 -180 0 -180 0.000964856 82.2844 0 0 0 -180 0 -0 0 0
0 0 0 -180 0 -180 0 -0 0.00090318 1.78487 0 180 0 -180 0 0 0 0
0 0 0 -180 0 -180 0 180 0.000964856 82.2844 0 -0 0 -180 0 0 0 0
0 0 0 0 0 0 0 -180 0.161813 -177.132 0 -180 0 0 0 0 0 0
0 0 0 0 0 0 0 -180 0.817647 71.6272 0 -180 0 0 0 0 0 0
inside=1 lambda=0.647 phi=10 theta=0
0 -0 0 -180 0 0 0 0 0.159013 -176.844 0 0 0 -0 0 -180 0 0
0 0 0 -180 0 0 0 0 0.821365 69.2153 0 0 0 0 0 -180 0 0
0 0 0 -0 0 -180 0 180 5.89677e-14 -72.2022 0 -0 0 -180 0 180 0 0
0 0 0 180 0 -180 0 0 3.14365e-14 163.183 0 180 0 -180 0 -0 0 0
0 0 0 -180 0 -180 0 180 1.40674e-13 -146.882 0 -0 0 -180 0 0 0 0
0 0 0 -180 0 -180 0 -180 1.48215e-13 107.637 0 0 0 -180 0 0 0 0
0 0 0 0 0 0 0 -180 0.166236 -176.89 0 -180 0 0 0 0 0 0
0 0 0 0 0 0 0 -180 0.813715 69.2099 0 -180 0 0 0 0 0 0
inside=1 lambda=0.647 phi=10 theta=15
0 0 0 -180 0 0 0 0 0.159498 -176.847 0 0 0 0 0 -180 0 0
0 0 0 -180 0 0 0 0 0.820853 69.2148 0 0 0 0 0 -180 0 0
0 0 0 -0 0 -180 0 -180 0.00182985 1.90302 0 0 0 -180 0 180 0 0
0 0 0 180 0 -180 0 -180 0.00195034 79.9472 0 0 0 -180 0 -0 0 0
0 0 0 -180 0 -180 0 -0 0.00182923 1.90809 0 0 0 -180 0 0 0 0
0 0 0 -180 0 -180 0 180 0.00194849 79.7497 0 -0 0 -180 0 0 0 0
0 0 0 0 0 0 0 -180 0.165752 -176.887 0 -180 0 0 0 0 0 0
0 0 0 0 0 0 0 -180 0.814227 69.2101 0 -180 0 0 0 0 0 0
inside=1 lambda=0.647 phi=10 theta=30
0 0 0 -180 0 0 0 0 0.160821 -176.856 0 0 0 0 0 -180 0 0
0 0 0 -180 0 0 0 0 0.819452 69.2137 0 0 0 0 0 -180 0 0
0 0 0 -0 0 -180 0 -180 0.00316915 1.90413 0 0 0 -180 0 180 0 0
0 0 0 180 0 -180 0 -180 0.00337739 79.904 0 0 0 -180 0 -0 0 0
0 0 0 -180 0 -180 0 -0 0.00316853 1.90706 0 0 0 -180 0 0 0 0
0 0 0 -180 0 -180 0 180 0.00337554 79.79 0 -0 0 -180 0 0 0 0
0 0 0 0 0 0 0 -180 0.164432 -176.879 0 -180 0 0 0 0 0 0
0 0 0 0 0 0 0 -180 0.815627 69.2109 0 -180 0 0 0 0 0 0
inside=1 lambda=0.647 phi=10 theta=45
0 0 0 -180 0 0 0 0 0.162627 -176.867 0 0 0 0 0 -180 0 0
0 0 0 -180 0 0 0 0 0.817539 69.2122 0 0 0 0 0 -180 0 0
0 0 0 -0 0 -180 0 -180 0.00365905 1.90562 0 0 0 -180 0 0 0 0
0 0 0 180 0 -180 0 -180 0.00389879 79.8462 0 0 0 -180 0 -0 0 0
0 0 0 -180 0 -180 0 -0 0.00365905 1.90562 0 0 0 -180 0 0 0 0
0 0 0 -180 0 -180 0 180 0.00389879 79.8462 0 -0 0 -180 0 0 0 0
0 0 0 0 0 0 0 -180 0.162627 -176.867 0 -180 0 0 0 0 0 0
0 0 0 0 0 0 0 -180 0.817539 69.2122 0 -180 0 0 0 0 0 0
inside=1 lambda=0.647 phi=15 theta=0
0 -0 0 -180 0 0 0 0 0.155824 -176.436 0 0 0 -0 0 -180 0 0
0 0 0 -180 0 0 0 0 0.826104 65.2495 0 0 0 0 0 -180 0 0
0 0 0 -0 0 -180 0 180 3.76799e-14 149.808 0 180 0 -180 0 180 0 0
0 0 0 180 0 -180 0 -0 1.52593e-13 -24.6973 0 180 0 -180 0 -0 0 0
0 0 0 -180 0 -180 0 180 1.31732e-13 174.753 0 -0 0 -180 0 0 0 0
0 0 0 -180 0 -180 0 180 1.45529e-13 -20.7909 0 -0 0 -180 0 0 0 0
0 0 0 0 0 0 0 -180 0.172342 -176.544 0 -180 0 0 0 0 0 0
0 0 0 0 0 0 0 -180 0.808603 65.2388 0 -180 0 0 0 0 0 0
inside=1 lambda=0.647 phi=15 theta=15
0 -0 0 -180 0 0 0 0 0.156933 -176.444 0 0 0 -0 0 -180 0 0
0 0 0 -180 0 0 0 0 0.824931 65.2483 0 0 0 0 0 -180 0 0
0 0 0 -0 0 -180 0 -180 0.00420833 2.05429 0 0 0 -180 0 180 0 0
0 0 0 180 0 -180 0 -180 0.00446676 76.0549 0 0 0 -180 0 -0 0 0
0 0 0 -180 0 -180 0 -0 0.00420379 2.07603 0 0 0 -180 0 0 0 0
0 0 0 -180 0 -180 0 180 0.00445683 75.6103 0 -0 0 -180 0 0 0 0
0 0 0 0 0 0 0 -180 0.171239 -176.538 0 -180 0 0 0 0 0 0
0 0 0 0 0 0 0 -180 0.809774 65.2389 0 -180 0 0 0 0 0 0
inside=1 lambda=0.647 phi=15 theta=30
0 -0 0 -180 0 0 0 0 0.159963 -176.465 0 0 0 -0 0 -180 0 0
0 0 0 -180 0 0 0 0 0.821725 65.2454 0 0 0 0 0 -180 0 0
0 0 0 -0 0 -180 0 -180 0.00728714 2.0592 0 0 0 -180 0 0 0 0
0 0 0 180 0 -180 0 -180 0.00773277 75.9532 0 0 0 -180 0 -0 0 0
0 0 0 -180 0 -180 0 -0 0.00728263 2.07178 0 0 0 -180 0 0 0 0
0 0 0 -180 0 -180 0 180 0.00772286 75.6969 0 -0 0 -180 0 0 0 0
0 0 0 0 0 0 0 -180 0.168223 -176.519 0 -180 0 0 0 0 0 0
0 0 0 0 0 0 0 -180 0.812975 65.2399 0 -180 0 0 0 0 0 0
inside=1 lambda=0.647 phi=15 theta=45
0 -0 0 -180 0 0 0 0 0.164097 -176.493 0 0 0 -0 0 -180 0 0
0 0 0 -180 0 0 0 0 0.817349 65.2421 0 0 0 0 0 -180 0 0
0 0 0 -0 0 -180 0 -180 0.00841173 2.06565 0 0 0 -180 0 0 0 0
0 0 0 180 0 -180 0 -180 0.00892318 75.8212 0 0 0 -180 0 -0 0 0
0 0 0 -180 0 -180 0 -0 0.00841173 2.06565 0 0 0 -180 0 0 0 0
0 0 0 -180 0 -180 0 180 0.00892318 75.8212 0 -0 0 -180 0 0 0 0
0 -0 0 0 0 -0 0 -180 0.164097 -176.493 0 -180 0 0 0 0 0 0
0 0 0 0 0 0 0 -180 0.817349 65.2421 0 -180 0 0 0 0 0 0
inside=1 lambda=0.647 phi=20 theta=0
0 -0 0 -180 0 0 0 0 0.15123 -176.011 0 0 0 -0 0 -180 0 0
0 180 0 -180 0 0 0 0 0.833016 59.814 0 0 0 180 0 -180 0 0
0 0 0 -0 0 -180 0 -0 2.16904e-14 41.688 0 180 0 -180 0 180 0 0
0 0 0 180 0 -180 0 180 5.34605e-14 129.442 0 -0 0 -180 0 -0 0 0
0 0 0 -180 0 -180 0 -0 6.03851e-14 -60.5386 0 180 0 -180 0 0 0 0
0 0 0 -180 0 -180 0 -180 1.54429e-13 153.09 0 180 0 -180 0 0 0 0
0 0 0 0 0 0 0 -180 0.18131 -176.196 0 -180 0 0 0 0 0 0
0 0 0 0 0 0 0 -180 0.80116 59.7997 0 -180 0 0 0 0 0 0
inside=1 lambda=0.647 phi=20 theta=15
0 -0 0 -180 0 0 0 0 0.153257 -176.027 0 0 0 -0 0 -180 0 0
0 180 0 -180 0 0 0 0 0.830878 59.8115 0 0 0 180 0 -180 0 0
0 0 0 -0 0 -180 0 -180 0.00771903 2.16844 0 0 0 -180 0 180 0 0
0 0 0 180 0 -180 0 -180 0.00814327 70.6996 0 0 0 -180 0 -0 0 0
0 0 0 -180 0 -180 0 -0 0.00769891 2.23889 0 0 0 -180 0 0 0 0
0 0 0 -180 0 -180 0 180 0.00810951 69.9095 0 -0 0 -180 0 0 0 0
0 0 0 0 0 0 0 -180 0.179311 -176.187 0 -180 0 0 0 0 0 0
0 0 0 0 0 0 0 -180 0.803289 59.7988 0 -180 0 0 0 0 0 0
inside=1 lambda=0.647 phi=20 theta=30
0 -0 0 -180 0 0 0 0 0.158788 -176.067 0 0 0 -0 0 -180 0 0
0 0 0 -180 0 0 0 0 0.825039 59.8056 0 0 0 180 0 -180 0 0
0 0 0 -0 0 -180 0 -180 0.0133607 2.1849 0 0 0 -180 0 0 0 0
0 0 0 180 0 -180 0 -180 0.0140907 70.5073 0 0 0 -180 0 -0 0 0
0 0 0 -180 0 -180 0 -0 0.013341 2.22561 0 0 0 -180 0 0 0 0
0 0 0 -180 0 -180 0 180 0.0140572 70.053 0 -0 0 -180 0 0 0 0
0 0 0 0 0 -0 0 -180 0.173835 -176.158 0 -180 0 0 0 0 0 0
0 0 0 0 0 0 0 -180 0.809111 59.7978 0 -180 0 0 0 0 0 0
inside=1 lambda=0.647 phi=20 theta=45
0 -0 0 -180 0 0 0 0 0.166325 -176.116 0 0 0 -0 0 -180 0 0
0 0 0 -180 0 0 0 0 0.817071 59.8001 0 0 0 0 0 -180 0 0
0 0 0 -0 0 -180 0 -180 0.0154154 2.20607 0 0 0 -180 0 0 0 0
0 0 0 180 0 -180 0 -180 0.0162504 70.2681 0 0 0 -180 0 -0 0 0
0 0 0 -180 0 -180 0 -0 0.0154154 2.20607 0 0 0 -180 0 0 0 0
0 0 0 -180 0 -180 0 180 0.0162504 70.2681 0 -0 0 -180 0 0 0 0
0 -0 0 0 0 -0 0 -180 0.166325 -176.116 0 -180 0 0 0 0 0 0
0 0 0 0 0 0 0 -180 0.817071 59.8001 0 -180 0 0 0 0 0 0
inside=1 lambda=0.647 phi=25 theta=0
0 -0 0 -180 0 0 0 0 0.14488 -175.732 0 0 0 -0 0 -180 0 0
0 180 0 -180 0 0 0 0 0.842434 53.0252 0 0 0 180 0 -180 0 0
0 -0 0 -0 0 -180 0 180 1.93958e-14 -162.648 0 180 0 180 0 180 0 0
0 0 0 180 0 -180 0 -180 9.47689e-14 -29.4933 0 0 0 -180 0 -0 0 0
0 0 0 -180 0 -180 0 -0 5.60946e-15 170.849 0 -0 0 -180 0 0 0 0
0 0 0 -180 0 -180 0 180 5.0103e-14 -34.9793 0 180 0 -180 0 0 0 0
0 0 0 0 0 0 0 -180 0.193433 -175.954 0 -180 0 0 0 0 0 0
0 0 0 0 0 0 0 180 0.791101 53.0173 0 -180 0 0 0 0 0 0
inside=1 lambda=0.647 phi=25 theta=15
0 -0 0 -180 0 0 0 0 0.148167 -175.757 0 0 0 -0 0 -180 0 0
0 180 0 -180 0 0 0 0 0.838983 53.0209 0 0 0 180 0 -180 0 0
0 -0 0 -0 0 -180 0 -180 0.0125611 2.15333 0 0 0 180 0 0 0 0
0 0 0 180 0 -180 0 -180 0.0131475 63.9798 0 0 0 -180 0 -0 0 0
0 0 0 -180 0 -180 0 -0 0.0124955 2.3404 0 0 0 -180 0 0 0 0
0 0 0 -180 0 -180 0 180 0.0130582 62.7461 0 -0 0 -180 0 0 0 0
0 0 0 0 0 0 0 -180 0.190234 -175.947 0 -180 0 0 0 0 0 0
0 0 0 0 0 0 0 180 0.794525 53.0125 0 -180 0 0 0 0 0 0
inside=1 lambda=0.647 phi=25 theta=30
0 -0 0 -180 0 0 0 0 0.15713 -175.816 0 0 0 -0 0 -180 0 0
0 180 0 -180 0 0 0 0 0.829564 53.0111 0 0 0 180 0 -180 0 0
0 0 0 -0 0 -180 0 -180 0.0217247 2.19896 0 0 0 180 0 0 0 0
0 0 0 180 0 -180 0 -180 0.0227332 63.6545 0 0 0 -180 0 -0 0 0
0 0 0 -180 0 -180 0 -0 0.0216616 2.30633 0 0 0 -180 0 0 0 0
0 0 0 -180 0 -180 0 180 0.0226456 62.9494 0 -0 0 -180 0 0 0 0
0 -0 0 0 0 -0 0 -180 0.181439 -175.923 0 -180 0 0 0 0 0 0
0 0 0 0 0 0 0 -180 0.803893 53.0045 0 -180 0 0 0 0 0 0
inside=1 lambda=0.647 phi=25 theta=45
0 -0 0 -180 0 0 0 0 0.169325 -175.878 0 0 0 -0 0 -180 0 0
0 0 0 -180 0 0 0 0 0.816717 53.0035 0 0 0 180 0 -180 0 0
0 0 0 -0 0 -180 0 -180 0.0250455 2.25564 0 0 0 180 0 0 0 0
0 0 0 180 0 -180 0 -180 0.0261965 63.2721 0 0 0 -180 0 -0 0 0
0 0 0 -180 0 180 0 -0 0.0250455 2.25564 0 0 0 -180 0 0 0 0
0 0 0 -180 0 -180 0 180 0.0261965 63.2721 0 -0 0 -180 0 0 0 0
0 -0 0 0 0 -0 0 -180 0.169325 -175.878 0 -180 0 0 0 0 0 0
0 0 0 0 0 180 0 -180 0.816717 53.0035 0 -180 0 0 0 0 0 0
inside=1 lambda=0.647 phi=30 theta=0
0 -0 0 -180 0 0 0 0 0.136068 -175.804 0 0 0 -0 0 -180 0 0
0 180 0 -180 0 -0 0 0 0.854855 45.0325 0 -0 0 180 0 -180 0 -0
0 -0 0 -0 0 -180 0 180 6.89341e-15 11.9237 0 -0 0 180 0 180 0 0
0 0 0 180 0 180 0 -0 6.39404e-14 132.29 0 0 0 -180 0 -0 0 -0
0 0 0 -180 0 -180 0 180 1.09443e-14 -57.864 0 -0 0 -180 0 0 0 0
0 0 0 -180 0 -180 0 -180 6.57574e-15 17.6026 0 0 0 -180 0 0 0 0
0 0 0 0 0 0 0 -180 0.20892 -175.9 0 -180 0 0 0 0 0 0
0 0 0 0 0 0 0 180 0.778061 45.0577 0 -180 0 0 0 0 0 0
inside=1 lambda=0.647 phi=30 theta=15
0 -0 0 -180 0 0 0 0 0.141027 -175.834 0 0 0 -0 0 -180 0 0
0 180 0 -180 0 -0 0 0 0.849682 45.0261 0 -0 0 180 0 -180 0 -0
0 -0 0 -0 0 -180 0 -180 0.0190038 1.91076 0 0 0 180 0 0 0 0
0 0 0 180 0 180 0 180 0.0197116 56.0344 0 -0 0 -180 0 -0 0 -0
0 0 0 -180 0 -180 0 -0 0.0188323 2.3366 0 0 0 -180 0 0 0 0
0 0 0 -180 0 -180 0 180 0.0195106 54.2569 0 -0 0 -180 0 0 0 0
0 0 0 0 0 -0 0 -180 0.204191 -175.914 0 -180 0 0 0 0 0 0
0 0 0 0 0 0 0 180 0.783166 45.0426 0 -180 0 0 0 0 0 0
inside=1 lambda=0.647 phi=30 theta=30
0 -0 0 -180 0 0 0 0 0.154548 -175.896 0 0 0 -0 0 -180 0 0
0 180 0 -180 0 -0 0 0 0.835569 45.0124 0 -0 0 180 0 -180 0 -0
0 -0 0 -0 0 -180 0 -180 0.0328243 2.02035 0 0 0 180 0 0 0 0
0 0 0 180 0 -180 0 -180 0.034047 55.5162 0 -0 0 -180 0 -0 0 -0
0 0 0 -180 0 180 0 -0 0.0326655 2.261 0 0 0 -180 0 0 0 0
0 0 0 -180 0 -180 0 180 0.0338544 54.5115 0 -0 0 -180 0 0 0 0
0 -0 0 0 0 -0 0 -180 0.191092 -175.938 0 -180 0 0 0 0 0 0
0 0 0 0 0 0 0 180 0.797154 45.0162 0 -180 0 0 0 -0 0 0
inside=1 lambda=0.647 phi=30 theta=45
0 -0 0 -180 0 0 0 0 0.172917 -175.937 0 0 0 -0 0 -180 0 0
0 0 0 180 0 -0 0 0 0.816332 45.0049 0 -0 0 180 0 -180 0 -0
0 0 0 -0 0 -180 0 -180 0.0377989 2.14945 0 0 0 180 0 0 0 0
0 0 0 180 0 -180 0 -180 0.0391937 54.9508 0 -0 0 -180 0 -0 0 0
0 0 0 -180 0 180 0 -0 0.0377989 2.14945 0 0 0 -180 0 0 0 0
0 0 0 -180 0 -180 0 180 0.0391937 54.9508 0 -0 0 -180 0 -0 0 0
0 -0 0 0 0 -0 0 -180 0.172917 -175.937 0 -180 0 0 0 0 0 0
0 0 0 0 0 180 0 180 0.816332 45.0049 0 -180 0 -0 0 -0 0 -0
inside=1 lambda=0.647 phi=35 theta=0
0 -0 0 -180 0 0 0 0 0.123673 -176.47 0 0 0 -0 0 -180 0 0
0 180 0 -180 0 -0 0 0 0.870974 36.018 0 -0 0 180 0 -180 0 -0
0 -0 0 -0 0 -180 0 180 1.27177e-14 -85.4871 0 -0 0 180 0 180 0 0
0 0 0 180 0 180 0 -180 1.54854e-14 -77.6124 0 180 0 -180 0 -0 0 -0
0 0 0 -180 0 -180 0 -0 3.27569e-14 51.0232 0 -0 0 -180 0 0 0 0
0 0 0 -180 0 -180 0 180 4.67964e-14 -26.9195 0 180 0 -180 0 0 0 0
0 0 0 0 0 0 0 -180 0.227825 -176.042 0 -180 0 0 0 0 0 0
0 0 0 0 0 0 0 180 0.761604 36.1356 0 -180 0 0 0 0 0 0
inside=1 lambda=0.647 phi=35 theta=15
0 -0 0 -180 0 0 0 0 0.1308 -176.485 0 0 0 -0 0 -180 0 0
0 180 0 -180 0 -0 0 0 0.863588 36.0092 0 -0 0 180 0 -180 0 -0
0 -0 0 -0 0 -180 0 -180 0.0273815 1.35962 0 0 0 180 0 0 0 0
0 0 0 180 0 180 0 180 0.0281399 47.0612 0 -0 0 -180 0 -0 0 -0
0 0 0 -180 0 -180 0 -0 0.0270027 2.21896 0 0 0 -180 0 0 0 0
0 0 0 -180 0 -180 0 180 0.027738 44.6271 0 -0 0 -180 0 -0 0 0
0 -0 0 0 0 -0 0 -180 0.221234 -176.119 0 -180 0 0 0 0 0 0
0 0 0 0 0 0 0 180 0.768833 36.0957 0 -180 0 0 0 -0 0 -0
inside=1 lambda=0.647 phi=35 theta=30
0 -0 0 -180 0 0 0 0 0.150251 -176.487 0 0 0 -0 0 -180 0 0
0 180 0 180 0 -0 0 0 0.843448 35.9929 0 -0 0 180 0 -180 0 -0
0 -0 0 -0 0 -180 0 -180 0.0471984 1.59588 0 0 0 180 0 0 0 0
0 0 0 180 0 180 0 180 0.0485321 46.2577 0 -0 0 -180 0 -0 0 -0
0 0 0 -180 0 180 0 -0 0.0468714 2.06717 0 0 0 -180 0 0 0 0
0 0 0 -180 0 -180 0 180 0.048162 44.9075 0 -0 0 180 0 -0 0 -0
0 -0 0 0 0 -0 0 -180 0.202689 -176.28 0 -180 0 0 0 0 0 0
0 0 0 0 0 0 0 180 0.788705 36.0272 0 -180 0 -0 0 -0 0 -0
inside=1 lambda=0.647 phi=35 theta=45
0 -0 0 -180 0 0 0 0 0.176664 -176.42 0 0 0 -0 0 -180 0 0
0 0 0 180 0 -0 0 0 0.816019 35.9914 0 -0 0 180 0 -180 0 -0
0 -0 0 -0 0 -180 0 -180 0.0542803 1.85308 0 0 0 180 0 0 0 0
0 0 0 180 0 180 0 180 0.0558033 45.4631 0 -0 0 -180 0 -0 0 -0
0 -0 0 -180 0 180 0 -0 0.0542803 1.85308 0 0 0 -180 0 0 0 0
0 0 0 180 0 -180 0 180 0.0558033 45.4631 0 -0 0 180 0 -0 0 -0
0 -0 0 0 0 -0 0 -180 0.176664 -176.42 0 -180 0 0 0 0 0 0
0 0 0 0 0 180 0 180 0.816019 35.9914 0 -180 0 -0 0 -0 0 -0
inside=1 lambda=0.647 phi=40 theta=0
0 -0 0 -180 0 0 0 0 0.106275 -178.067 0 0 0 -0 0 -180 0 0
0 180 0 -180 0 -0 0 0 0.8917 26.2004 0 -0 0 180 0 -180 0 -0
0 -0 0 -0 0 -180 0 0 5.32342e-14 -98.8773 0 0 0 180 0 180 0 0
0 0 0 180 0 180 0 180 6.5579e-14 128.235 0 180 0 -180 0 -0 0 -0
0 0 0 -180 0 -180 0 -180 8.11251e-14 50.5186 0 180 0 -180 0 0 0 0
0 0 0 180 0 -180 0 180 1.86378e-13 128.691 0 180 0 -180 0 -0 0 0
0 0 0 0 0 0 0 -180 0.249907 -176.234 0 -180 0 0 0 0 0 0
0 0 0 -0 0 0 0 180 0.741252 26.5369 0 180 0 0 0 -0 0 0
inside=1 lambda=0.647 phi=40 theta=15
0 -0 0 -180 0 0 0 0 0.11611 -177.976 0 0 0 -0 0 -180 0 0
0 180 0 180 0 -0 0 0 0.881512 26.1856 0 -0 0 180 0 -180 0 -0
0 -0 0 -0 0 -180 0 -180 0.0380907 0.449247 0 0 0 180 0 0 0 0
0 0 0 180 0 180 0 180 0.0388217 37.3548 0 -0 0 -180 0 -0 0 -0
0 0 0 -180 0 -180 0 -0 0.0373535 2.03786 0 0 0 -180 0 0 0 0
0 0 0 180 0 -180 0 180 0.0380868 34.1094 0 -0 0 180 0 -0 0 -0
0 -0 0 0 0 -0 0 -180 0.241289 -176.477 0 -180 0 0 0 0 0 0
0 0 0 0 0 0 0 180 0.751085 26.4309 0 180 0 -0 0 -0 0 -0
inside=1 lambda=0.647 phi=40 theta=30
0 -0 0 -180 0 0 0 0 0.143123 -177.733 0 0 0 -0 0 -180 0 0
0 0 0 180 0 -0 0 0 0.853747 26.1689 0 -0 0 180 0 -180 0 -0
0 -0 0 -0 0 -180 0 -180 0.0654526 0.924677 0 0 0 180 0 0 0 0
0 0 0 180 0 180 0 180 0.0668107 36.1007 0 -0 0 -180 0 -0 0 -0
0 0 0 -180 0 180 0 -0 0.0648977 1.74785 0 0 0 -180 0 0 0 0
0 0 0 180 0 -180 0 180 0.0661791 34.357 0 -0 0 180 0 -0 0 -0
0 -0 0 0 0 -0 0 -180 0.215997 -176.946 0 -180 0 0 0 0 0 0
0 0 0 0 0 0 0 180 0.778342 26.2701 0 -180 0 -0 0 -0 0 -0
inside=1 lambda=0.647 phi=40 theta=45
0 -0 0 -180 0 0 0 0 0.179882 -177.382 0 0 0 -0 0 -180 0 0
0 0 0 180 0 -0 0 0 0.815949 26.1846 0 -0 0 180 0 -180 0 -0
0 -0 0 -0 0 -180 0 -180 0.07519 1.38182 0 0 0 180 0 0 0 0
0 0 0 180 0 180 0 180 0.0767303 35.0186 0 -0 0 -180 0 -0 0 -0
0 -0 0 -180 0 180 0 -0 0.07519 1.38182 0 0 0 -180 0 0 0 0
0 0 0 180 0 -180 0 180 0.0767303 35.0186 0 -0 0 180 0 -0 0 -0
0 -0 0 0 0 -0 0 -180 0.179882 -177.382 0 -180 0 0 0 0 0 0
0 0 0 0 0 180 0 180 0.815949 26.1846 0 -180 0 -0 0 -0 0 -0
inside=1 lambda=0.647 phi=45 theta=0
0 -0 0 180 0 0 0 -0 0.0848544 178.928 0 0 0 -0 0 180 0 0
0 180 0 180 0 -0 0.0190229 -43.5516 0.916235 15.9189 0 -0 0 180 0 180 0 -0
0 -0 0 -0 0 -180 0 -0 2.55361e-14 -88.4052 0 180 0 180 0 180 0 0
0 0 0 180 0 180 1.44322e-13 -39.1973 1.58033e-14 56.8607 0 180 0 -180 0 -0 0 -0
0 0 0 -180 0 -180 0 180 2.37823e-13 90.4026 0 180 0 -180 0 0 0 0
0 0 0 180 0 180 8.63954e-13 -123.676 2.07287e-13 39.5631 0 0 0 -180 0 -0 0 -0
0 0 0 0 0 0 0 -180 0.268318 -176.471 0 -180 0 0 0 0 0 0
0 0 0 -0 0 -0 0.247321 141.578 0.713025 16.9711 0 180 0 0 0 -0 0 -0
inside=1 lambda=0.647 phi=45 theta=15
0 -0 0 -180 0 0 0 -0 0.0955187 179.125 0 0 0 -0 0 180 0 0
0 180 0 180 0 -0 0 0 0.90447 15.818 0 -0 0 180 0 -180 0 -0
0 -0 0 -0 0 -180 0 -180 0.0516608 -0.908526 0 0 0 180 0 0 0 0
0 0 0 180 0 180 0 180 0.0522792 27.461 0 -0 0 -180 0 -0 0 -0
0 0 0 -180 0 180 0 -0 0.0502831 1.96145 0 0 0 -180 0 0 0 0
0 0 0 180 0 -180 0 180 0.0510001 23.1089 0 -0 0 180 0 -0 0 -0
0 -0 0 0 0 -0 0 -180 0.26406 -176.669 0 -180 0 0 0 0 0 0
0 0 0 -0 0 0 0 180 0.729439 16.404 0 180 0 -0 0 -0 0 -0
inside=1 lambda=0.647 phi=45 theta=30
0 -0 0 -180 0 0 0 0 0.131841 -179.748 0 0 0 -0 0 180 0 0
0 0 0 180 0 -0 0 0 0.867174 15.7883 0 -0 0 180 0 -180 0 -0
0 -0 0 -0 0 -180 0 -180 0.0882487 0.0677183 0 0 0 180 0 0 0 0
0 0 0 180 0 180 0 180 0.0896455 25.3334 0 -0 0 -180 0 -0 0 -0
0 -0 0 -180 0 180 0 -0 0.0875008 1.37046 0 0 0 -180 0 0 0 0
0 0 0 180 0 -180 0 180 0.0886848 23.1352 0 -0 0 180 0 -0 0 -0
0 -0 0 0 0 -0 0 -180 0.230783 -177.831 0 -180 0 0 0 0 0 0
0 0 0 0 0 0 0 180 0.765828 16.0168 0 180 0 -0 0 -0 0 -0
inside=1 lambda=0.647 phi=45 theta=45
0 -0 0 -180 0 0 0 0 0.181745 -178.778 0 0 0 -0 0 -180 0 0
0 0 0 180 0 -0 0 0 0.816374 15.839 0 -0 0 180 0 -180 0 -0
0 -0 0 -0 0 -180 0 -180 0.101344 0.804027 0 0 0 180 0 0 0 0
0 0 0 180 0 180 0 180 0.102855 23.8836 0 -0 0 -180 0 -0 0 -0
0 -0 0 -180 0 180 0 -0 0.101344 0.804027 0 0 0 -180 0 0 0 0
0 0 0 180 0 -180 0 180 0.102855 23.8836 0 -0 0 180 0 -0 0 -0
0 -0 0 0 0 -0 0 -180 0.181745 -178.778 0 -180 0 0 0 0 0 0
0 0 0 0 0 180 0 180 0.816374 15.839 0 -180 0 -0 0 -0 0 -0
