RSoft_BSDF_File_Version 2
1 0 5 2 1 0.274286
0.3 0.3
-1 1
-1 1
1 0.647 0.647
10 0 45 0.5
4 0 45
Begin_Dispersion_Data
0.647 1.45662 0 1 0 0
End_Dispersion_Data
inside=0 lambda=0.647 phi=0 theta=0
0 -180 0 -180 0 -180 0 0 0.182487 -2.12716 0 0 0 -180 0 -180 0 -180
0 -0 0 -0 0 -0 0 180 1.18664 156.993 0 180 0 -0 0 -0 0 -0
0 -180 0 -180 0 0 0 0 1.19977e-12 -148.952 0 0 0 0 0 -180 0 -180
0 -0 0 -0 0 180 0 -0 1.68884e-12 49.3677 0 0 0 180 0 180 0 -0
0 -180 0 -0 0 0 0 180 2.84786e-13 -78.3812 0 180 0 0 0 -0 0 -180
0 -0 0 180 0 180 0 -0 2.67958e-13 95.9691 0 -0 0 180 0 180 0 -0
0 -180 0 0 0 -180 0 -180 0.182487 -2.12716 0 -180 0 -180 0 0 0 -180
0 -0 0 180 0 -0 0 -0 1.18664 156.993 0 -0 0 -0 0 180 0 -0
inside=0 lambda=0.647 phi=0 theta=15
0 -180 0 -180 0 -180 0 0 0.182487 -2.12716 0 0 0 -180 0 -180 0 -180
0 -0 0 -0 0 -0 0 180 1.18664 156.993 0 180 0 -0 0 -0 0 -0
0 -180 0 -180 0 0 0 0 1.19977e-12 -148.952 0 0 0 0 0 -180 0 -180
0 -0 0 -0 0 180 0 -0 1.68884e-12 49.3677 0 0 0 180 0 180 0 -0
0 -180 0 -0 0 0 0 180 2.84786e-13 -78.3812 0 180 0 0 0 -0 0 -180
0 -0 0 180 0 180 0 -0 2.67958e-13 95.9691 0 -0 0 180 0 180 0 -0
0 -180 0 0 0 -180 0 -180 0.182487 -2.12716 0 -180 0 -180 0 0 0 -180
0 -0 0 180 0 -0 0 -0 1.18664 156.993 0 -0 0 -0 0 180 0 -0
inside=0 lambda=0.647 phi=0 theta=30
0 -180 0 -180 0 -180 0 0 0.182487 -2.12716 0 0 0 -180 0 -180 0 -180
0 -0 0 -0 0 -0 0 180 1.18664 156.993 0 180 0 -0 0 -0 0 -0
0 -180 0 -180 0 0 0 0 1.19977e-12 -148.952 0 0 0 0 0 -180 0 -180
0 -0 0 -0 0 180 0 -0 1.68884e-12 49.3677 0 0 0 180 0 180 0 -0
0 -180 0 -0 0 0 0 180 2.84786e-13 -78.3812 0 180 0 0 0 -0 0 -180
0 -0 0 180 0 180 0 -0 2.67958e-13 95.9691 0 -0 0 180 0 180 0 -0
0 -180 0 0 0 -180 0 -180 0.182487 -2.12716 0 -180 0 -180 0 0 0 -180
0 -0 0 180 0 -0 0 -0 1.18664 156.993 0 -0 0 -0 0 180 0 -0
inside=0 lambda=0.647 phi=0 theta=45
0 -180 0 -180 0 -180 0 0 0.182487 -2.12716 0 0 0 -180 0 -180 0 -180
0 -0 0 -0 0 -0 0 180 1.18664 156.993 0 180 0 -0 0 -0 0 -0
0 -180 0 -180 0 0 0 0 1.19977e-12 -148.952 0 0 0 0 0 -180 0 -180
0 -0 0 -0 0 180 0 -0 1.68884e-12 49.3677 0 0 0 180 0 180 0 -0
0 -180 0 -0 0 0 0 180 2.84786e-13 -78.3812 0 180 0 0 0 -0 0 -180
0 -0 0 180 0 180 0 -0 2.67958e-13 95.9691 0 -0 0 180 0 180 0 -0
0 -180 0 0 0 -180 0 -180 0.182487 -2.12716 0 -180 0 -180 0 0 0 -180
0 -0 0 180 0 -0 0 -0 1.18664 156.993 0 -0 0 -0 0 180 0 -0
inside=0 lambda=0.647 phi=5 theta=0
0 -180 0 -180 0 -180 0 0 0.180218 -2.17948 0 0 0 -180 0 -180 0 -180
0 -0 0 -0 0 -0 0 180 1.18459 155.814 0 180 0 -0 0 -0 0 -0
0 -180 0 -0 0 0 0 180 1.08768e-13 156.948 0 180 0 0 0 180 0 -180
0 -0 0 -180 0 180 0 180 3.31934e-13 -114.655 0 0 0 180 0 0 0 -0
0 -180 0 -180 0 0 0 180 2.98581e-13 0.459848 0 0 0 0 0 0 0 -180
0 -0 0 -0 0 180 0 -0 5.73974e-13 -110.826 0 180 0 180 0 180 0 -0
0 -180 0 0 0 -180 0 -180 0.18416 -2.27432 0 -180 0 -180 0 0 0 -180
0 -0 0 180 0 -0 0 -0 1.18882 155.799 0 -0 0 -0 0 180 0 -0
inside=0 lambda=0.647 phi=5 theta=15
0 -180 0 -180 0 -180 0 0 0.180482 -2.18596 0 0 0 -180 0 -180 0 -180
0 -0 0 -0 0 -0 0 180 1.18487 155.813 0 180 0 -0 0 -0 0 -0
0 -180 0 -0 0 0 0 -180 0.000989852 173.847 0 0 0 0 0 180 0 -180
0 -0 0 -180 0 180 0 -0 0.00106249 -29.269 0 180 0 180 0 0 0 -0
0 -180 0 -180 0 0 0 -0 0.000989842 173.844 0 180 0 0 0 0 0 -180
0 -0 0 -0 0 180 0 -180 0.00106241 -29.2569 0 0 0 180 0 180 0 -0
0 -180 0 0 0 -180 0 -180 0.183896 -2.26809 0 -180 0 -180 0 0 0 -180
0 -0 0 180 0 -0 0 -0 1.18854 155.8 0 -0 0 -0 0 180 0 -0
inside=0 lambda=0.647 phi=5 theta=30
0 -180 0 -180 0 -180 0 0 0.181204 -2.20356 0 0 0 -180 0 -180 0 -180
0 -0 0 -0 0 -0 0 180 1.18564 155.81 0 180 0 -0 0 -0 0 -0
0 -180 0 -0 0 0 0 -180 0.00171447 173.846 0 0 0 0 0 180 0 -180
0 -0 0 -180 0 180 0 -0 0.00184026 -29.2664 0 180 0 180 0 0 0 -0
0 -180 0 -180 0 0 0 -0 0.00171446 173.845 0 180 0 0 0 0 0 -180
0 -0 0 -0 0 180 0 -180 0.00184017 -29.2594 0 0 0 180 0 180 0 -0
0 -180 0 0 0 -180 0 -180 0.183175 -2.25097 0 -180 0 -180 0 0 0 -180
0 -0 0 180 0 -0 0 -0 1.18776 155.803 0 -0 0 -0 0 180 0 -0
inside=0 lambda=0.647 phi=5 theta=45
0 -180 0 -180 0 -180 0 0 0.182189 -2.22739 0 0 0 -180 0 -180 0 -180
0 -0 0 -0 0 -0 0 180 1.1867 155.806 0 180 0 -0 0 -0 0 -0
0 -180 0 -0 0 0 0 -180 0.0019797 173.846 0 0 0 0 0 180 0 -180
0 -0 0 -180 0 180 0 -0 0.0021249 -29.2629 0 180 0 180 0 0 0 -0
0 -180 0 -180 0 0 0 -0 0.0019797 173.846 0 180 0 0 0 0 0 -180
0 -0 0 -0 0 180 0 -180 0.0021249 -29.2629 0 0 0 180 0 180 0 -0
0 -180 0 0 0 -180 0 -180 0.182189 -2.22739 0 -180 0 -180 0 0 0 -180
0 -0 0 180 0 -0 0 -0 1.1867 155.806 0 -0 0 -0 0 180 0 -0
inside=0 lambda=0.647 phi=10 theta=0
0 180 0 -180 0 -180 0 0 0.173218 -2.2784 0 0 0 180 0 -180 0 -180
0 -0 0 -0 0 -0 0 180 1.17816 152.256 0 180 0 -0 0 -0 0 -0
0 180 0 -0 0 0 0 -0 1.00848e-13 98.7442 0 180 0 -0 0 180 0 -180
0 -0 0 -180 0 180 0 -180 1.15485e-13 -48.3995 0 0 0 180 0 0 0 -0
0 -180 0 -180 0 0 0 -0 1.91776e-13 115.441 0 -0 0 0 0 0 0 -180
0 -0 0 -0 0 180 0 180 2.56071e-13 60.7657 0 -180 0 180 0 180 0 -0
0 -180 0 0 0 -180 0 -180 0.189224 -2.69931 0 -180 0 -180 0 0 0 -180
0 -0 0 180 0 -0 0 -0 1.19566 152.199 0 -0 0 -0 0 180 0 -0
inside=0 lambda=0.647 phi=10 theta=15
0 180 0 -180 0 -180 0 0 0.17429 -2.30892 0 0 0 180 0 -180 0 -180
0 -0 0 -0 0 -0 0 180 1.17933 152.252 0 180 0 -0 0 -0 0 -0
0 -180 0 -0 0 0 0 -180 0.00402341 173.222 0 0 0 -0 0 180 0 -180
0 -0 0 -180 0 180 0 -0 0.00439092 -32.6719 0 180 0 180 0 0 0 -0
0 -180 0 -180 0 0 0 -0 0.0040232 173.21 0 180 0 0 0 0 0 -180
0 -0 0 -0 0 180 0 -180 0.00438948 -32.6228 0 0 0 180 0 180 0 -0
0 -180 0 0 0 -180 0 -180 0.188152 -2.67325 0 -180 0 -180 0 0 0 -180
0 -0 0 180 0 -0 0 -0 1.19449 152.202 0 -0 0 -0 0 180 0 -0
inside=0 lambda=0.647 phi=10 theta=30
0 180 0 -180 0 -180 0 0 0.17722 -2.39048 0 0 0 180 0 -180 0 -180
0 -0 0 -0 0 -0 0 180 1.18253 152.241 0 180 0 -0 0 -0 0 -0
0 -180 0 -0 0 0 0 -180 0.00696872 173.22 0 0 0 0 0 180 0 -180
0 -0 0 -180 0 180 0 -0 0.00760472 -32.6606 0 180 0 180 0 0 0 -0
0 -180 0 -180 0 0 0 -0 0.00696851 173.213 0 180 0 0 0 0 0 -180
0 -0 0 -0 0 180 0 -180 0.00760329 -32.6322 0 0 0 180 0 180 0 -0
0 -180 0 0 0 -180 0 -180 0.185223 -2.60059 0 -180 0 -180 0 0 0 -180
0 -0 0 180 0 -0 0 -0 1.19129 152.213 0 -0 0 -0 0 180 0 -0
inside=0 lambda=0.647 phi=10 theta=45
0 180 0 -180 0 -180 0 0 0.181221 -2.49776 0 0 0 180 0 -180 0 -180
0 -0 0 -0 0 -0 0 180 1.18691 152.227 0 180 0 -0 0 -0 0 -0
0 -180 0 -0 0 0 0 -180 0.00804669 173.216 0 0 0 0 0 180 0 -180
0 -0 0 -180 0 180 0 -0 0.00878032 -32.6459 0 180 0 180 0 0 0 -0
0 -180 0 -180 0 0 0 -0 0.00804669 173.216 0 180 0 0 0 0 0 -180
0 -0 0 -0 0 180 0 -180 0.00878032 -32.6459 0 0 0 180 0 180 0 -0
0 180 0 0 0 180 0 -180 0.181221 -2.49776 0 -180 0 -180 0 0 0 -180
0 -0 0 180 0 -0 0 -0 1.18691 152.227 0 -0 0 -0 0 180 0 -0
inside=0 lambda=0.647 phi=15 theta=0
0 180 0 -180 0 -180 0 0 0.160977 -2.22002 0 0 0 180 0 -180 0 -180
0 -0 0 -0 0 -0 0 180 1.16642 146.259 0 180 0 -0 0 -0 0 -0
0 180 0 -0 0 0 0 180 1.55874e-13 -133.17 0 -0 0 -0 0 180 0 -180
0 -0 0 -180 0 180 0 0 4.11849e-13 73.3664 0 180 0 180 0 0 0 -0
0 -180 0 -180 0 0 0 -180 1.53139e-13 -138.87 0 180 0 0 0 0 0 -180
0 -0 0 -0 0 180 0 0 4.0607e-13 73.5087 0 -180 0 180 0 180 0 -0
0 -180 0 0 0 -180 0 -180 0.197827 -3.33751 0 -180 0 -180 0 0 0 -180
0 -0 0 180 0 -0 0 -0 1.20815 146.131 0 -0 0 -0 0 180 0 -0
inside=0 lambda=0.647 phi=15 theta=15
0 180 0 -180 0 -180 0 0 0.163445 -2.31039 0 0 0 180 0 -180 0 -180
0 -0 0 -0 0 -0 0 180 1.16921 146.25 0 180 0 -0 0 -0 0 -0
0 180 0 -0 0 0 0 -180 0.00928063 172.29 0 0 0 -0 0 180 0 -180
0 -0 0 -180 0 180 0 -0 0.0104624 -38.47 0 180 0 180 0 0 0 -0
0 -180 0 -180 0 0 0 -180 0.00927906 172.262 0 180 0 0 0 0 0 -180
0 -0 0 -0 0 180 0 -180 0.0104548 -38.3581 0 0 0 180 0 180 0 -0
0 -180 0 0 0 -180 0 -180 0.19536 -3.27527 0 -180 0 -180 0 0 0 -180
0 -0 0 180 0 -0 0 -0 1.20535 146.138 0 -0 0 -0 0 180 0 -0
inside=0 lambda=0.647 phi=15 theta=30
0 180 0 -180 0 -180 0 0 0.170189 -2.54382 0 0 0 180 0 -180 0 -180
0 -0 0 -0 0 -0 0 180 1.17685 146.225 0 180 0 -0 0 -0 0 -0
0 180 0 -0 0 0 0 -180 0.0160747 172.286 0 0 0 -0 0 180 0 -180
0 -0 0 -180 0 180 0 -0 0.0181179 -38.4412 0 180 0 180 0 0 0 -0
0 -180 0 -180 0 0 0 -180 0.0160731 172.27 0 180 0 0 0 0 0 -180
0 -0 0 -0 0 180 0 -180 0.0181104 -38.3769 0 0 0 180 0 180 0 -0
0 180 0 0 0 180 0 -180 0.188617 -3.09758 0 -180 0 -180 0 0 0 -180
0 -0 0 180 0 -0 0 -0 1.19771 146.16 0 -0 0 -0 0 180 0 -0
inside=0 lambda=0.647 phi=15 theta=45
0 180 0 -180 0 -180 0 0 0.179404 -2.8345 0 0 0 180 0 -180 0 -180
0 -0 0 -0 0 -0 0 180 1.18728 146.192 0 180 0 -0 0 -0 0 -0
0 180 0 -0 0 0 0 -180 0.0185609 172.279 0 0 0 -0 0 180 0 -180
0 -0 0 -180 0 180 0 -0 0.0209161 -38.4066 0 180 0 180 0 0 0 -0
0 180 0 -180 0 -0 0 -0 0.0185609 172.279 0 180 0 0 0 0 0 -180
0 -0 0 -0 0 180 0 -180 0.0209161 -38.4066 0 0 0 180 0 180 0 -0
0 180 0 0 0 180 0 -180 0.179404 -2.8345 0 -180 0 -180 0 0 0 -180
0 -0 0 180 0 -0 0 -0 1.18728 146.192 0 -0 0 -0 0 180 0 -0
inside=0 lambda=0.647 phi=20 theta=0
0 180 0 180 0 -180 0 -0 0.142927 -1.56374 0 0 0 180 0 180 0 -180
0 -0 0 -0 0 -180 0 180 1.14742 137.702 0 0 0 -0 0 -0 0 -180
0 180 0 -0 0 0 0 180 2.19749e-13 12.4672 0 -0 0 -0 0 180 0 -180
0 -0 0 -180 0 0 0 -0 5.06665e-13 -113.159 0 0 0 180 0 0 0 -180
0 -180 0 -180 0 0 0 -0 4.7597e-13 -27.53 0 -0 0 0 0 0 0 -180
0 -0 0 -0 0 180 0 0 4.92401e-13 -166.685 0 0 0 180 0 180 0 -0
0 -180 0 0 0 -180 0 -180 0.210297 -4.02513 0 -180 0 -180 0 0 0 -180
0 -0 0 180 0 -0 0 -0 1.22834 137.468 0 -0 0 -0 0 180 0 -0
inside=0 lambda=0.647 phi=20 theta=15
0 180 0 -180 0 -180 0 -0 0.147433 -1.79955 0 0 0 180 0 180 0 -180
0 -0 0 -0 0 -180 0 180 1.15284 137.684 0 0 0 -0 0 -0 0 -180
0 180 0 -0 0 0 0 -180 0.0170215 171.313 0 0 0 -0 0 180 0 -180
0 -0 0 -180 0 0 0 -0 0.0202817 -46.8976 0 0 0 180 0 0 0 -180
0 -180 0 -180 0 0 0 -180 0.0170139 171.26 0 180 0 0 0 0 0 -180
0 -0 0 -0 0 180 0 -180 0.0202559 -46.6962 0 0 0 180 0 180 0 -0
0 -180 0 0 0 180 0 -180 0.20579 -3.909 0 -180 0 -180 0 0 0 -180
0 -0 0 180 0 -0 0 -0 1.22291 137.481 0 -0 0 -0 0 180 0 -0
inside=0 lambda=0.647 phi=20 theta=30
0 180 0 -180 0 -180 0 -0 0.159756 -2.3736 0 0 0 180 0 -180 0 -180
0 -0 0 -0 0 -180 0 180 1.16764 137.635 0 0 0 -0 0 -0 0 -180
0 180 0 -0 0 0 0 -180 0.029485 171.308 0 0 0 -0 0 180 0 -180
0 -0 0 -180 0 180 0 -0 0.0351145 -46.8375 0 180 0 180 0 0 0 -180
0 -180 0 -180 0 -0 0 -180 0.0294776 171.277 0 180 0 0 0 0 0 -180
0 -0 0 -0 0 180 0 -180 0.0350898 -46.7233 0 0 0 180 0 180 0 -0
0 180 0 0 0 180 0 -180 0.193463 -3.56669 0 -180 0 -180 0 0 0 -180
0 -0 0 180 0 -0 0 -0 1.20809 137.518 0 -0 0 -0 0 180 0 -0
inside=0 lambda=0.647 phi=20 theta=45
0 180 0 -180 0 -180 0 -0 0.176608 -3.02625 0 0 0 180 0 -180 0 -180
0 -0 0 -0 0 -0 0 180 1.18786 137.574 0 180 0 -0 0 -0 0 -180
0 180 0 -180 0 0 0 -180 0.0340451 171.295 0 0 0 -0 0 180 0 -180
0 -0 0 -180 0 180 0 -0 0.04053 -46.7724 0 180 0 180 0 0 0 -0
0 180 0 -180 0 -0 0 -180 0.0340451 171.295 0 180 0 0 0 0 0 -180
0 -0 0 -0 0 180 0 -180 0.04053 -46.7724 0 0 0 180 0 180 0 -0
0 180 0 -0 0 180 0 -180 0.176608 -3.02625 0 -180 0 -180 0 0 0 -180
0 -0 0 180 0 -0 0 -0 1.18786 137.574 0 -0 0 -0 0 180 0 -180
inside=0 lambda=0.647 phi=25 theta=0
0 180 0 180 0 -180 0 -0 0.118939 0.47307 0 0 0 180 0 180 0 -180
0 -0 0 -0 0 -180 0 180 1.11743 126.378 0 0 0 -0 0 -0 0 -180
0 180 0 -0 0 0 0 0 4.99341e-14 53.9947 0 -0 0 -0 0 180 0 -180
0 -0 0 -180 0 0 0 -0 1.9574e-13 -151.884 0 180 0 180 0 0 0 -180
0 -180 0 -180 0 0 0 -180 1.87915e-13 -96.6557 0 -0 0 0 0 0 0 -180
0 -0 0 -0 0 180 0 0 3.86896e-13 128.593 0 -0 0 180 0 180 0 -0
0 -180 0 0 0 -180 0 -180 0.227434 -4.3907 0 -180 0 -180 0 0 0 -180
0 -0 0 180 0 -0 0 -0 1.26037 125.961 0 -0 0 -0 0 180 0 -0
inside=0 lambda=0.647 phi=25 theta=15
0 180 0 180 0 -180 0 -0 0.126149 -0.124576 0 0 0 180 0 180 0 -180
0 -0 0 -0 0 -180 0 180 1.127 126.34 0 0 0 -0 0 -0 0 -180
0 180 0 -0 0 0 0 -180 0.0275518 170.91 0 0 0 -0 0 180 0 -180
0 -0 0 -180 0 0 0 -0 0.0358328 -58.374 0 0 0 180 0 0 0 -180
0 -180 0 -180 0 -0 0 -180 0.0275224 170.822 0 180 0 0 0 0 0 -180
0 -0 0 -0 0 180 0 -180 0.0357563 -58.0569 0 0 0 180 0 180 0 -0
0 180 0 0 0 180 0 -180 0.220196 -4.21277 0 -180 0 -180 0 0 0 -180
0 -0 0 180 0 -0 0 -0 1.25076 125.98 0 -0 0 -0 0 180 0 -0
inside=0 lambda=0.647 phi=25 theta=30
0 180 0 -180 0 -180 0 -0 0.145954 -1.43663 0 0 0 180 0 180 0 -180
0 -0 0 -0 0 -180 0 180 1.15313 126.246 0 0 0 -0 0 -0 0 -180
0 180 0 -0 0 0 0 -180 0.0477436 170.904 0 0 0 -0 0 180 0 -180
0 -0 0 -180 0 0 0 -0 0.0620079 -58.2591 0 0 0 180 0 0 0 -180
0 180 0 -180 0 -0 0 -180 0.047716 170.856 0 180 0 0 0 0 0 -180
0 -0 0 -0 0 180 0 -180 0.0619416 -58.084 0 0 0 0 0 0 0 -180
0 180 0 -0 0 180 0 -180 0.20034 -3.66619 0 -180 0 -180 0 0 0 -180
0 -0 0 180 0 -0 0 -0 1.22456 126.039 0 -0 0 -180 0 0 0 -180
inside=0 lambda=0.647 phi=25 theta=45
0 180 0 -180 0 -180 0 -0 0.173135 -2.72669 0 0 0 180 0 180 0 -180
0 -0 0 -0 0 -180 0 180 1.18883 126.135 0 0 0 -0 0 -0 0 -180
0 180 0 -180 0 0 0 -180 0.0551308 170.886 0 0 0 -0 0 180 0 -180
0 -0 0 -180 0 0 0 -0 0.0715508 -58.1518 0 0 0 180 0 0 0 -180
0 180 0 -180 0 -0 0 -180 0.0551308 170.886 0 180 0 0 0 0 0 -180
0 -0 0 -0 0 180 0 -180 0.0715508 -58.1518 0 0 0 0 0 0 0 -180
0 180 0 -0 0 180 0 -180 0.173135 -2.72669 0 180 0 -180 0 0 0 -180
0 -0 0 180 0 -0 0 -0 1.18883 126.135 0 -0 0 -180 0 0 0 -180
inside=0 lambda=0.647 phi=30 theta=0
0 180 0 180 0 -180 0.0142586 -108.365 0.0895186 4.81853 0 0 0 180 0 180 0 -180
0 -0 0 -0 0 -180 0 180 1.06878 111.927 0 0 0 -0 0 -0 0 -180
0 180 0 -0 0 0 6.85342e-14 -39.9328 1.26081e-13 -118.994 0 180 0 -0 0 180 0 -180
0 -0 0 -180 0 0 0 180 2.62087e-13 140.739 0 -180 0 180 0 0 0 -180
0 -180 0 -180 0 0 1.55577e-13 -139.534 6.1128e-13 13.5512 0 180 0 0 0 0 0 -180
0 -0 0 -0 0 180 0 180 3.94402e-13 121.251 0 -0 0 180 0 180 0 -0
0 -180 0 0 0 -180 0.0509945 -132.862 0.251484 -3.68729 0 -180 0 -180 0 0 0 -180
0 -0 0 180 0 -0 0 -180 1.31277 111.105 0 -0 0 -0 0 180 0 -0
inside=0 lambda=0.647 phi=30 theta=15
0 180 0 180 0 -180 0 -0 0.100297 3.14692 0 0 0 180 0 180 0 -180
0 -0 0 -0 0 -180 0 180 1.08557 111.835 0 0 0 -0 0 -0 0 -180
0 180 0 -0 0 0 0 -180 0.0413948 172.56 0 0 0 -0 0 180 0 -180
0 -0 0 -180 0 0 0 -0 0.061253 -73.6468 0 0 0 180 0 0 0 -180
0 -180 0 -180 0 -0 0 -180 0.0412891 172.42 0 180 0 0 0 0 0 -180
0 -0 0 -0 0 180 0 -180 0.06096 -73.1818 0 0 0 0 0 0 0 -180
0 180 0 0 0 180 0 -180 0.240911 -3.43127 0 -180 0 -180 0 0 0 -180
0 -0 0 180 0 -0 0 -180 1.29667 111.128 0 -0 0 -180 0 0 0 -180
inside=0 lambda=0.647 phi=30 theta=30
0 180 0 180 0 -180 0 -0 0.129638 0.487767 0 0 0 180 0 180 0 -180
0 -0 0 -0 0 -180 0 180 1.13012 111.62 0 0 0 -0 0 -0 0 -180
0 180 0 -0 0 0 0 -180 0.0718746 172.526 0 0 0 -0 0 180 0 -180
0 -0 0 -180 0 0 0 -0 0.105789 -73.4106 0 0 0 180 0 0 0 -180
0 180 0 -180 0 -0 0 -180 0.0717866 172.46 0 180 0 0 0 0 0 -180
0 -0 0 -0 0 180 0 -180 0.10562 -73.1706 0 0 0 0 0 0 0 -180
0 180 0 -0 0 180 0 -180 0.211324 -2.79428 0 180 0 -180 0 0 0 -180
0 -0 0 180 0 -0 0 -0 1.25187 111.221 0 -0 0 -180 0 0 0 -180
inside=0 lambda=0.647 phi=30 theta=45
0 180 0 -180 0 -180 0 -0 0.170443 -1.55384 0 0 0 180 0 180 0 -180
0 -0 0 -0 0 -180 0 180 1.19095 111.396 0 0 0 -0 0 -0 0 -180
0 180 0 -180 0 0 0 180 0.0830218 172.499 0 0 0 -0 0 180 0 -180
0 -0 0 -180 0 0 0 -0 0.122011 -73.2494 0 0 0 180 0 0 0 -180
0 180 0 180 0 -0 0 -180 0.0830218 172.499 0 180 0 0 0 0 0 -180
0 -0 0 -0 0 180 0 -180 0.122011 -73.2494 0 0 0 0 0 0 0 -180
0 180 0 -0 0 180 0 -180 0.170443 -1.55384 0 180 0 -180 0 0 0 -180
0 -0 0 180 0 -0 0 -0 1.19095 111.396 0 -0 0 -180 0 0 0 -180
inside=0 lambda=0.647 phi=35 theta=0
0 180 0 180 0 -180 0.0455076 -106.639 0.0508414 5.38781 0 0 0 180 0 180 0 -180
0 -0 0 -0 0 -180 0 180 0.985238 93.4742 0 0 0 -0 0 -0 0 -180
0 180 0 -0 0 0 1.98747e-13 -29.7082 2.4345e-13 -120.987 0 0 0 -0 0 180 0 -180
0 -0 0 180 0 0 0 -180 5.62187e-13 155.625 0 -180 0 180 0 -0 0 -180
0 -180 0 -180 0 0 4.43739e-13 48.241 1.97612e-13 -83.8983 0 0 0 0 0 0 0 -180
0 -180 0 -180 0 0 0 -0 1.40406e-13 65.1921 0 -180 0 0 0 0 0 -180
0 -180 0 0 0 -180 0.0629932 -113.596 0.292742 -0.343391 0 -180 0 -180 0 0 0 -180
0 -180 0 0 0 -180 0 -180 1.40742 91.6113 0 -180 0 -180 0 0 0 -180
inside=0 lambda=0.647 phi=35 theta=15
0 180 0 180 0 -180 0.0340531 -111.029 0.0669606 3.37133 0 0 0 180 0 180 0 -180
0 -0 0 -0 0 -180 0 180 1.01405 93.2638 0 0 0 -0 0 -0 0 -180
0 180 0 -0 0 0 0.00204491 132.286 0.0614506 179.308 0 0 0 -0 0 180 0 -180
0 -0 0 180 0 0 0 -0 0.106372 -93.6579 0 0 0 180 0 -0 0 -180
0 180 0 -180 0 -0 0.0170478 -136.608 0.0612337 179.106 0 180 0 0 0 0 0 -180
0 -0 0 -0 0 180 0 -180 0.105773 -93.4031 0 -0 0 0 0 0 0 -180
0 180 0 -0 0 180 0.0555828 -121.692 0.277088 -0.242747 0 -180 0 -180 0 0 0 -180
0 -0 0 180 0 -0 0 -180 1.37917 91.6656 0 -0 0 -180 0 0 0 -180
inside=0 lambda=0.647 phi=35 theta=30
0 180 0 180 0 -180 0 -0 0.111242 0.956184 0 0 0 180 0 180 0 -180
0 -0 0 -0 0 -180 0 180 1.09222 92.7429 0 0 0 -0 0 -0 0 -180
0 180 0 -180 0 0 0 180 0.107225 179.457 0 0 0 -0 0 180 0 -180
0 -0 0 -180 0 0 0 -0 0.183201 -93.6296 0 0 0 180 0 -0 0 -180
0 180 0 180 0 -0 0 -180 0.106967 179.389 0 180 0 0 0 0 0 -180
0 -0 0 -0 0 180 0 -180 0.182708 -93.3323 0 -0 0 0 0 0 0 -180
0 180 0 -0 0 180 0 -180 0.233365 -0.0278008 0 180 0 -180 0 0 0 -180
0 -0 0 180 0 -0 0 -0 1.30252 91.8516 0 -0 0 -180 0 0 0 -180
inside=0 lambda=0.647 phi=35 theta=45
0 180 0 180 0 -180 0 -0 0.172244 0.262271 0 0 0 180 0 180 0 -180
0 -0 0 -0 0 -180 0 180 1.1972 92.2194 0 0 0 -0 0 -0 0 -180
0 180 0 -180 0 0 0 180 0.123993 179.378 0 0 0 -0 0 180 0 -180
0 -0 0 -180 0 0 0 -0 0.211073 -93.4046 0 0 0 180 0 -0 0 -180
0 180 0 180 0 -0 0 -180 0.123993 179.378 0 180 0 0 0 0 0 -180
0 -0 0 -0 0 180 0 -180 0.211073 -93.4046 0 -0 0 0 0 0 0 -180
0 180 0 -0 0 180 0 180 0.172244 0.262271 0 180 0 -180 0 0 0 -180
0 -0 0 180 0 -0 0 -0 1.1972 92.2194 0 -0 0 -180 0 0 0 -180
inside=0 lambda=0.647 phi=40 theta=0
0 180 0 180 0 -180 0.102627 -107.188 0.0684492 -111.812 0 0 0 180 0 180 0 -180
0 -0 0 -0 0 180 0 180 0.809215 68.2771 0 -0 0 -0 0 -0 0 180
0 180 0 -0 0 0 8.66065e-14 95.0917 5.15966e-13 -58.4504 0 -0 0 -0 0 180 0 -180
0 -0 0 180 0 -0 0 -0 1.1699e-12 -155.004 0 -180 0 180 0 -0 0 180
0 -180 0 -180 0 0 1.34058e-12 -129.979 2.61616e-13 53.0482 0 180 0 0 0 0 0 -180
0 -180 0 -180 0 0 0 180 4.30048e-13 157.739 0 -0 0 0 0 0 0 -180
0 -180 0 0 0 -180 0.0867259 -103.966 0.40247 8.66504 0 -180 0 -180 0 0 0 -180
0 -180 0 0 0 -180 0 -180 1.62647 63.1637 0 -180 0 -180 0 0 0 -180
inside=0 lambda=0.647 phi=40 theta=15
0 180 0 180 0 -180 0.0771903 -112.924 0.0567569 -88.2838 0 0 0 180 0 180 0 -180
0 -0 0 -0 0 180 0 180 0.865256 67.518 0 -0 0 -0 0 -0 0 180
0 180 0 -0 0 0 0.0131696 80.7417 0.112274 -163.181 0 0 0 -0 0 180 0 -180
0 -0 0 180 0 -0 0 -0 0.206433 -122.503 0 -0 0 180 0 -0 0 180
0 180 0 180 0 -0 0.033246 -132.195 0.111895 -163.332 0 180 0 0 0 0 0 -180
0 -180 0 -180 0 0 0 180 0.205516 -122.419 0 -0 0 0 0 0 0 -180
0 180 0 -0 0 180 0.0697192 -111.589 0.375014 7.9896 0 -180 0 -180 0 0 0 -180
0 -180 0 0 0 -0 0 -180 1.57129 63.2371 0 -180 0 -180 0 0 0 -180
inside=0 lambda=0.647 phi=40 theta=30
0 180 0 180 0 -180 0.0240333 -129.897 0.0866992 -24.3481 0 0 0 180 0 180 0 -180
0 -0 0 -0 0 180 0 180 1.01612 65.9372 0 -0 0 -0 0 -0 0 180
0 180 0 -0 0 0 0.00634311 107.36 0.197249 -163.179 0 0 0 -0 0 180 0 -180
0 -0 0 180 0 -0 0 -0 0.355938 -122.62 0 -0 0 180 0 -0 0 180
0 180 0 180 0 -0 0.0291084 -152.206 0.196639 -163.253 0 180 0 0 0 0 0 -180
0 -0 0 -0 0 180 0 180 0.354113 -122.466 0 -0 0 0 0 0 0 -180
0 180 0 -0 0 180 0.0453439 -142.146 0.29578 5.44516 0 180 0 -180 0 0 0 -180
0 -0 0 180 0 -0 0 -180 1.42191 63.6467 0 -0 0 -180 0 0 0 180
inside=0 lambda=0.647 phi=40 theta=45
0 180 0 180 0 -180 0 -0 0.1861 -1.33773 0 0 0 180 0 180 0 -180
0 -0 0 -0 0 -180 0 180 1.21907 64.4945 0 -0 0 -0 0 -0 0 180
0 180 0 -180 0 0 0 180 0.229011 -163.426 0 0 0 -0 0 180 0 -180
0 -0 0 180 0 0 0 -0 0.408851 -122.486 0 0 0 180 0 -0 0 180
0 180 0 180 0 -0 0 -180 0.229011 -163.426 0 180 0 0 0 0 0 -180
0 -0 0 -0 0 180 0 180 0.408851 -122.486 0 -0 0 0 0 0 0 180
0 180 0 -0 0 180 0 180 0.1861 -1.33773 0 180 0 -180 0 0 0 -180
0 -0 0 180 0 -0 0 -0 1.21907 64.4945 0 -0 0 -180 0 -0 0 180
inside=0 lambda=0.647 phi=45 theta=0
0 0 0 0 0 -180 0.263178 -144.993 0.960587 156.554 0 0 0 0 0 0 0 -180
0 -180 0 -180 0 0 0 180 0 0 0 -180 0 -180 0 -180 0 0
0 0 0 -180 0 0 6.70762e-13 84.0661 1.0731e-12 -75.658 0 0 0 -180 0 0 0 -180
0 -180 0 0 0 -180 0 0 0 -180 0 -0 0 0 0 -180 0 0
0 180 0 180 0 -0 3.19251e-11 159.592 1.01937e-10 166.109 0 180 0 -0 0 -0 0 180
0 180 0 180 0 -0 0 0 0 0 0 -180 0 -0 0 -0 0 180
0 180 0 -0 0 180 0.121349 -124.982 0.993379 -16.7591 0 180 0 180 0 -0 0 180
0 180 0 -0 0 180 0 -180 0 -0 0 180 0 180 0 -0 0 180
inside=0 lambda=0.647 phi=45 theta=15
0 0 0 0 0 -180 0.179887 -154.284 0.843422 155.482 0 0 0 0 0 0 0 -180
0 -180 0 -180 0 0 0 0 0 0 0 -180 0 -180 0 -180 0 0
0 0 0 -180 0 0 0.0691366 21.3031 0.493855 160.149 0 0 0 -180 0 0 0 -180
0 -180 0 0 0 -180 0 -0 0 180 0 -0 0 0 0 -180 0 0
0 180 0 180 0 -0 0.0701215 -162.575 0.492819 159.867 0 180 0 0 0 0 0 -180
0 -180 0 -180 0 0 0 180 0 180 0 -180 0 -0 0 -0 0 180
0 180 0 -0 0 180 0.0807277 -126.018 0.86352 -16.5426 0 180 0 -180 0 0 0 -180
0 -180 0 0 0 -180 0 -180 0 -0 0 -180 0 180 0 -0 0 180
inside=0 lambda=0.647 phi=45 theta=30
0 0 0 0 0 -180 0.0579749 -165.182 0.495427 151.62 0 0 0 180 0 180 0 -180
0 -180 0 -180 0 180 0 0 0 0 0 -180 0 -180 0 -180 0 0
0 0 0 -180 0 0 0.054134 -1.1958 0.863066 159.324 0 0 0 -0 0 0 0 -180
0 -180 0 0 0 -180 0 -180 0 180 0 -0 0 0 0 -180 0 0
0 180 0 180 0 -0 0.0557727 178.818 0.861044 159.219 0 0 0 0 0 0 0 -180
0 -180 0 -180 0 0 0 180 0 180 0 -180 0 -0 0 -0 0 180
0 0 0 -0 0 180 0.0335943 -125.009 0.501062 -13.7903 0 180 0 -180 0 0 0 -180
0 -180 0 0 0 -180 0 -180 0 0 0 -180 0 180 0 -0 0 0
inside=0 lambda=0.647 phi=45 theta=45
0 0 0 0 0 -180 0 -0 0.0667884 68.8796 0 0 0 180 0 180 0 -180
0 -180 0 -180 0 180 0 0 0 0 0 -180 0 -180 0 -180 0 0
0 180 0 -180 0 0 0 0 0.997767 158.88 0 0 0 -0 0 0 0 -180
0 -180 0 180 0 -0 0 -180 0 180 0 -0 0 0 0 -180 0 0
0 180 0 0 0 -0 0 -180 0.997767 158.88 0 0 0 0 0 0 0 -180
0 -180 0 -180 0 0 0 180 0 180 0 -180 0 -0 0 -0 0 0
0 0 0 -0 0 180 0 0 0.0667884 68.8796 0 180 0 -180 0 0 0 -180
0 -180 0 0 0 -180 0 -180 0 0 0 -180 0 180 0 -180 0 0
inside=1 lambda=0.647 phi=0 theta=0
0 -180 0 -180 0 -180 0 0 0.182487 136.113 0 0 0 -180 0 -180 0 -180
0 -0 0 -0 0 -0 0 180 0.814654 156.993 0 180 0 -0 0 -0 0 -0
0 -180 0 180 0 0 0 -0 1.58494e-12 -86.1338 0 -0 0 0 0 180 0 -180
0 -0 0 -180 0 180 0 -180 1.54367e-12 161.646 0 -180 0 180 0 -0 0 -0
0 -180 0 180 0 0 0 -0 4.10997e-12 14.8475 0 -0 0 0 0 180 0 -180
0 -0 0 -0 0 180 0 0 3.94137e-12 -145.977 0 -0 0 180 0 0 0 -0
0 -180 0 0 0 -180 0 -180 0.182487 136.113 0 -180 0 -180 0 0 0 -180
0 -0 0 180 0 -0 0 -0 0.814654 156.993 0 -0 0 -0 0 180 0 -0
inside=1 lambda=0.647 phi=0 theta=15
0 -180 0 -180 0 -180 0 0 0.182487 136.113 0 0 0 -180 0 -180 0 -180
0 -0 0 -0 0 -0 0 180 0.814654 156.993 0 180 0 -0 0 -0 0 -0
0 -180 0 180 0 0 0 -0 1.58494e-12 -86.1338 0 -0 0 0 0 180 0 -180
0 -0 0 -180 0 180 0 -180 1.54367e-12 161.646 0 -180 0 180 0 -0 0 -0
0 -180 0 180 0 0 0 -0 4.10997e-12 14.8475 0 -0 0 0 0 180 0 -180
0 -0 0 -0 0 180 0 0 3.94137e-12 -145.977 0 -0 0 180 0 0 0 -0
0 -180 0 0 0 -180 0 -180 0.182487 136.113 0 -180 0 -180 0 0 0 -180
0 -0 0 180 0 -0 0 -0 0.814654 156.993 0 -0 0 -0 0 180 0 -0
inside=1 lambda=0.647 phi=0 theta=30
0 -180 0 -180 0 -180 0 0 0.182487 136.113 0 0 0 -180 0 -180 0 -180
0 -0 0 -0 0 -0 0 180 0.814654 156.993 0 180 0 -0 0 -0 0 -0
0 -180 0 180 0 0 0 -0 1.58494e-12 -86.1338 0 -0 0 0 0 180 0 -180
0 -0 0 -180 0 180 0 -180 1.54367e-12 161.646 0 -180 0 180 0 -0 0 -0
0 -180 0 180 0 0 0 -0 4.10997e-12 14.8475 0 -0 0 0 0 180 0 -180
0 -0 0 -0 0 180 0 0 3.94137e-12 -145.977 0 -0 0 180 0 0 0 -0
0 -180 0 0 0 -180 0 -180 0.182487 136.113 0 -180 0 -180 0 0 0 -180
0 -0 0 180 0 -0 0 -0 0.814654 156.993 0 -0 0 -0 0 180 0 -0
inside=1 lambda=0.647 phi=0 theta=45
0 -180 0 -180 0 -180 0 0 0.182487 136.113 0 0 0 -180 0 -180 0 -180
0 -0 0 -0 0 -0 0 180 0.814654 156.993 0 180 0 -0 0 -0 0 -0
0 -180 0 180 0 0 0 -0 1.58494e-12 -86.1338 0 -0 0 0 0 180 0 -180
0 -0 0 -180 0 180 0 -180 1.54367e-12 161.646 0 -180 0 180 0 -0 0 -0
0 -180 0 180 0 0 0 -0 4.10997e-12 14.8475 0 -0 0 0 0 180 0 -180
0 -0 0 -0 0 180 0 0 3.94137e-12 -145.977 0 -0 0 180 0 0 0 -0
0 -180 0 0 0 -180 0 -180 0.182487 136.113 0 -180 0 -180 0 0 0 -180
0 -0 0 180 0 -0 0 -0 0.814654 156.993 0 -0 0 -0 0 180 0 -0
inside=1 lambda=0.647 phi=5 theta=0
0 -180 0 -180 0 -180 0 0 0.181423 135.029 0 0 0 -180 0 -180 0 -180
0 -0 0 -0 0 -0 0 180 0.81564 156.438 0 180 0 -0 0 -0 0 -0
0 -180 0 -0 0 0 0 180 1.81063e-13 49.848 0 0 0 0 0 180 0 -180
0 -0 0 -180 0 180 0 180 6.68221e-13 59.7802 0 -0 0 180 0 0 0 -0
0 -180 0 -180 0 0 0 -0 2.31638e-13 25.4057 0 -0 0 0 0 0 0 -180
0 -0 0 -0 0 180 0 0 5.46246e-13 66.6269 0 0 0 180 0 180 0 -0
0 -180 0 0 0 -180 0 -180 0.183274 135.059 0 -180 0 -180 0 0 0 -180
0 -0 0 180 0 -0 0 -0 0.81371 156.431 0 -0 0 -0 0 180 0 -0
inside=1 lambda=0.647 phi=5 theta=15
0 -180 0 -180 0 -180 0 0 0.181547 135.031 0 0 0 -180 0 -180 0 -180
0 -0 0 -0 0 -0 0 180 0.81551 156.438 0 180 0 -0 0 -0 0 -0
0 -180 0 -0 0 0 0 -180 0.00046383 -42.7705 0 0 0 0 0 180 0 -180
0 -0 0 -180 0 180 0 -0 0.000483446 160.039 0 180 0 180 0 0 0 -0
0 -180 0 -180 0 0 0 -0 0.000463825 -42.7654 0 180 0 0 0 0 0 -180
0 -0 0 -0 0 180 0 -180 0.000483433 160.037 0 0 0 180 0 180 0 -0
0 -180 0 0 0 -180 0 -180 0.18315 135.057 0 -180 0 -180 0 0 0 -180
0 -0 0 180 0 -0 0 -0 0.81384 156.432 0 -0 0 -0 0 180 0 -0
inside=1 lambda=0.647 phi=5 theta=30
0 -180 0 -180 0 -180 0 0 0.181886 135.037 0 0 0 -180 0 -180 0 -180
0 -0 0 -0 0 -0 0 180 0.815157 156.436 0 180 0 -0 0 -0 0 -0
0 -180 0 -0 0 0 0 -180 0.000803375 -42.7694 0 0 0 0 0 180 0 -180
0 -0 0 -180 0 180 0 -0 0.000837349 160.039 0 180 0 180 0 0 0 -0
0 -180 0 -180 0 0 0 -0 0.00080337 -42.7665 0 180 0 0 0 0 0 -180
0 -0 0 -0 0 180 0 -180 0.000837336 160.037 0 0 0 180 0 180 0 -0
0 -180 0 0 0 -180 0 -180 0.182811 135.052 0 -180 0 -180 0 0 0 -180
0 -0 0 180 0 -0 0 -0 0.814193 156.433 0 -0 0 -0 0 180 0 -0
inside=1 lambda=0.647 phi=5 theta=45
0 -180 0 -180 0 -180 0 0 0.182348 135.044 0 0 0 -180 0 -180 0 -180
0 -0 0 -0 0 -0 0 180 0.814675 156.435 0 180 0 -0 0 -0 0 -0
0 -180 0 -0 0 0 0 -180 0.000927655 -42.768 0 0 0 0 0 180 0 -180
0 -0 0 -180 0 180 0 -0 0.000966879 160.038 0 180 0 180 0 0 0 -0
0 -180 0 -180 0 0 0 -0 0.000927655 -42.768 0 180 0 0 0 0 0 -180
0 -0 0 -0 0 180 0 -180 0.000966879 160.038 0 0 0 180 0 180 0 -0
0 -180 0 0 0 -180 0 -180 0.182348 135.044 0 -180 0 -180 0 0 0 -180
0 -0 0 180 0 -0 0 -0 0.814675 156.435 0 -0 0 -0 0 180 0 -0
inside=1 lambda=0.647 phi=10 theta=0
0 -180 0 -180 0 -180 0 0 0.178206 131.775 0 0 0 -180 0 -180 0 -180
0 -0 0 -0 0 -0 0 180 0.818634 154.779 0 180 0 -0 0 -0 0 -0
0 -180 0 -0 0 0 0 180 1.30962e-14 -149.002 0 0 0 0 0 180 0 -180
0 -0 0 -180 0 180 0 0 3.28601e-14 -124.892 0 0 0 180 0 0 0 -0
0 -180 0 -180 0 0 0 -0 6.49307e-14 -79.544 0 -0 0 0 0 0 0 -180
0 -0 0 -0 0 180 0 0 8.46386e-14 164.677 0 -0 0 180 0 180 0 -0
0 -180 0 0 0 -180 0 -180 0.18563 131.904 0 -180 0 -180 0 0 0 -180
0 -0 0 180 0 -0 0 -0 0.810854 154.752 0 -0 0 -0 0 180 0 -0
inside=1 lambda=0.647 phi=10 theta=15
0 -180 0 -180 0 -180 0 0 0.178703 131.784 0 0 0 -180 0 -180 0 -180
0 -0 0 -0 0 -0 0 180 0.818113 154.777 0 180 0 -0 0 -0 0 -0
0 -180 0 -0 0 0 0 -180 0.00186194 -45.7904 0 0 0 0 0 180 0 -180
0 -0 0 -180 0 180 0 -0 0.00194943 158.316 0 180 0 180 0 0 0 -0
0 -180 0 -180 0 0 0 -0 0.00186186 -45.7699 0 180 0 0 0 0 0 -180
0 -0 0 -0 0 180 0 -180 0.00194922 158.306 0 0 0 180 0 180 0 -0
0 -180 0 0 0 -180 0 -180 0.185133 131.896 0 -180 0 -180 0 0 0 -180
0 -0 0 180 0 -0 0 -0 0.811375 154.753 0 -0 0 -0 0 180 0 -0
inside=1 lambda=0.647 phi=10 theta=30
0 -180 0 -180 0 -180 0 0 0.180062 131.808 0 0 0 -180 0 -180 0 -180
0 -0 0 -0 0 -0 0 180 0.816689 154.772 0 180 0 -0 0 -0 0 -0
0 -180 0 -0 0 0 0 -180 0.00322496 -45.786 0 0 0 0 0 180 0 -180
0 -0 0 -180 0 180 0 -0 0.00337643 158.314 0 180 0 180 0 0 0 -0
0 -180 0 -180 0 0 0 -0 0.00322487 -45.7742 0 180 0 0 0 0 0 -180
0 -0 0 -0 0 180 0 -180 0.00337622 158.308 0 0 0 180 0 180 0 -0
0 -180 0 0 0 -180 0 -180 0.183774 131.873 0 -180 0 -180 0 0 0 -180
0 -0 0 180 0 -0 0 -0 0.812799 154.758 0 -0 0 -0 0 180 0 -0
inside=1 lambda=0.647 phi=10 theta=45
0 -180 0 -180 0 -180 0 0 0.181918 131.841 0 0 0 -180 0 -180 0 -180
0 -0 0 -0 0 -0 0 180 0.814744 154.765 0 180 0 -0 0 -0 0 -0
0 -180 0 -0 0 0 0 -180 0.00372382 -45.7801 0 0 0 0 0 180 0 -180
0 -0 0 -180 0 180 0 -0 0.00389864 158.311 0 180 0 180 0 0 0 -0
0 -180 0 -180 0 0 0 -0 0.00372382 -45.7801 0 180 0 0 0 0 0 -180
0 -0 0 -0 0 180 0 -180 0.00389864 158.311 0 0 0 180 0 180 0 -0
0 -180 0 0 0 -180 0 -180 0.181918 131.841 0 -180 0 -180 0 0 0 -180
0 -0 0 180 0 -0 0 -0 0.814744 154.765 0 -0 0 -0 0 180 0 -0
inside=1 lambda=0.647 phi=15 theta=0
0 180 0 -180 0 -180 0 0 0.172765 126.341 0 0 0 180 0 -180 0 -180
0 -0 0 -0 0 -0 0 180 0.823744 152.03 0 180 0 -0 0 -0 0 -0
0 -180 0 -0 0 0 0 -0 7.04934e-14 10.5513 0 -0 0 0 0 180 0 -180
0 -0 0 -180 0 180 0 -0 1.49325e-13 60.9294 0 -0 0 180 0 0 0 -0
0 -180 0 -180 0 0 0 -0 1.36473e-13 16.359 0 0 0 0 0 0 0 -180
0 -0 0 -0 0 180 0 180 1.11462e-13 52.6555 0 180 0 180 0 180 0 -0
0 -180 0 0 0 -180 0 -180 0.189547 126.664 0 -180 0 -180 0 0 0 -180
0 -0 0 180 0 -0 0 -0 0.806004 151.969 0 -0 0 -0 0 180 0 -0
inside=1 lambda=0.647 phi=15 theta=15
0 -180 0 -180 0 -180 0 0 0.173889 126.364 0 0 0 -180 0 -180 0 -180
0 -0 0 -0 0 -0 0 180 0.822556 152.026 0 180 0 -0 0 -0 0 -0
0 -180 0 -0 0 0 0 -180 0.0042117 -50.8202 0 0 0 0 0 180 0 -180
0 -0 0 -180 0 180 0 -0 0.00444541 155.47 0 180 0 180 0 0 0 -0
0 -180 0 -180 0 0 0 -0 0.0042112 -50.7733 0 0 0 0 0 0 0 -180
0 -0 0 -0 0 180 0 -180 0.00444431 155.448 0 0 0 180 0 180 0 -0
0 -180 0 0 0 -180 0 -180 0.188424 126.644 0 -180 0 -180 0 0 0 -180
0 -0 0 180 0 -0 0 -0 0.807192 151.973 0 -0 0 -0 0 180 0 -0
inside=1 lambda=0.647 phi=15 theta=30
0 -180 0 -180 0 -180 0 0 0.176961 126.426 0 0 0 -180 0 -180 0 -180
0 -0 0 -0 0 -0 0 180 0.819309 152.015 0 180 0 -0 0 -0 0 -0
0 -180 0 -0 0 0 0 -180 0.00729476 -50.8103 0 0 0 0 0 180 0 -180
0 -0 0 -180 0 180 0 -0 0.00769926 155.465 0 180 0 180 0 0 0 -0
0 -180 0 -180 0 0 0 -0 0.00729426 -50.7833 0 0 0 0 0 0 0 -180
0 -0 0 -0 0 180 0 -180 0.00769817 155.452 0 0 0 180 0 180 0 -0
0 -180 0 0 0 -180 0 -180 0.185353 126.587 0 -180 0 -180 0 0 0 -180
0 -0 0 180 0 -0 0 -0 0.810439 151.985 0 -0 0 -0 0 180 0 -0
inside=1 lambda=0.647 phi=15 theta=45
0 -180 0 -180 0 -180 0 0 0.181157 126.508 0 0 0 -180 0 -180 0 -180
0 -0 0 -0 0 -0 0 180 0.814873 152 0 180 0 -0 0 -0 0 -0
0 -180 0 -0 0 0 0 -180 0.00842302 -50.7969 0 0 0 0 0 0 0 -180
0 -0 0 -180 0 180 0 -0 0.00888971 155.458 0 180 0 180 0 0 0 -0
0 -180 0 -180 0 0 0 -0 0.00842302 -50.7969 0 0 0 0 0 0 0 -180
0 -0 0 -0 0 180 0 -180 0.00888971 155.458 0 0 0 180 0 180 0 -0
0 -180 0 0 0 -180 0 -180 0.181157 126.508 0 -180 0 -180 0 0 0 -180
0 -0 0 180 0 -0 0 -0 0.814873 152 0 -0 0 -0 0 180 0 -0
inside=1 lambda=0.647 phi=20 theta=0
0 180 0 -180 0 -180 0 0 0.165022 118.704 0 0 0 180 0 -180 0 -180
0 -0 0 -0 0 -180 0 180 0.831154 148.216 0 180 0 -0 0 -0 0 -180
0 180 0 -0 0 0 0 0 3.84751e-14 -125.16 0 0 0 -0 0 180 0 -180
0 -0 0 -180 0 180 0 -180 1.85448e-13 53.3662 0 -180 0 180 0 0 0 -0
0 -180 0 -180 0 0 0 -180 7.9686e-14 -6.38922 0 0 0 0 0 0 0 -180
0 -0 0 -0 0 180 0 180 1.52891e-14 -171.664 0 180 0 180 0 180 0 -0
0 -180 0 0 0 -180 0 -180 0.19501 119.362 0 -180 0 -180 0 0 0 -180
0 -0 0 180 0 -0 0 -0 0.799022 148.11 0 -0 0 -0 0 180 0 -0
inside=1 lambda=0.647 phi=20 theta=15
0 180 0 -180 0 -180 0 0 0.167031 118.754 0 0 0 180 0 -180 0 -180
0 -0 0 -0 0 -0 0 180 0.829002 148.209 0 180 0 -0 0 -0 0 -0
0 -180 0 -0 0 0 0 -180 0.00753379 -57.8614 0 0 0 -0 0 180 0 -180
0 -0 0 -180 0 180 0 -0 0.00805254 151.542 0 180 0 180 0 0 0 -0
0 -180 0 -180 0 0 0 -0 0.0075318 -57.776 0 0 0 0 0 0 0 -180
0 -0 0 -0 0 180 0 -180 0.00804896 151.502 0 0 0 180 0 180 0 -0
0 -180 0 0 0 -180 0 -180 0.193003 119.323 0 -180 0 -180 0 0 0 -180
0 -0 0 180 0 -0 0 -0 0.801174 148.118 0 -0 0 -0 0 180 0 -0
inside=1 lambda=0.647 phi=20 theta=30
0 180 0 -180 0 -180 0 0 0.172521 118.886 0 0 0 180 0 -180 0 -180
0 -0 0 -0 0 -0 0 180 0.82312 148.19 0 180 0 -0 0 -0 0 -0
0 -180 0 -0 0 0 0 -180 0.0130486 -57.8436 0 0 0 0 0 0 0 -180
0 -0 0 -180 0 180 0 -0 0.0139461 151.531 0 180 0 180 0 0 0 -0
0 -180 0 -180 0 0 0 -0 0.0130466 -57.7944 0 0 0 0 0 0 0 -180
0 -0 0 -0 0 180 0 -180 0.0139425 151.508 0 0 0 180 0 180 0 -0
0 -180 0 0 0 -180 0 -180 0.187517 119.213 0 -180 0 -180 0 0 0 -180
0 -0 0 180 0 -0 0 -0 0.807054 148.137 0 -0 0 -0 0 180 0 -0
inside=1 lambda=0.647 phi=20 theta=45
0 -180 0 -180 0 -180 0 0 0.18002 119.055 0 0 0 -180 0 -180 0 -180
0 -0 0 -0 0 -0 0 180 0.815086 148.163 0 180 0 -0 0 -0 0 -0
0 -180 0 -0 0 0 0 -180 0.0150663 -57.8192 0 0 0 0 0 0 0 -180
0 -0 0 -180 0 180 0 -0 0.0161015 151.518 0 180 0 180 0 0 0 -0
0 -180 0 -180 0 0 0 -0 0.0150663 -57.8192 0 0 0 0 0 0 0 -180
0 -0 0 -0 0 180 0 -180 0.0161015 151.518 0 0 0 180 0 180 0 -0
0 -180 0 0 0 -180 0 -180 0.18002 119.055 0 -180 0 -180 0 0 0 -180
0 -0 0 180 0 -0 0 -0 0.815086 148.163 0 -0 0 -0 0 180 0 -0
inside=1 lambda=0.647 phi=25 theta=0
0 180 0 -180 0 -180 0 0 0.154943 108.825 0 0 0 180 0 -180 0 -180
0 0 0 -0 0 -180 0 180 0.841135 143.373 0 0 0 0 0 -0 0 -180
0 180 0 -0 0 0 0 180 1.08017e-13 -179.524 0 180 0 -0 0 180 0 -180
0 -0 0 -180 0 0 0 180 7.43112e-14 -146.116 0 0 0 180 0 0 0 -180
0 -180 0 -180 0 0 0 180 1.36945e-13 113.246 0 180 0 0 0 0 0 -180
0 -0 0 -0 0 180 0 180 1.73483e-13 -102.105 0 -0 0 180 0 180 0 -0
0 -180 0 0 0 -180 0 -180 0.202002 110.023 0 -180 0 -180 0 0 0 -180
0 -0 0 180 0 -0 0 -0 0.789707 143.211 0 -0 0 -0 0 180 0 -0
inside=1 lambda=0.647 phi=25 theta=15
0 180 0 -180 0 -180 0 0 0.158095 108.925 0 0 0 180 0 -180 0 -180
0 -0 0 -0 0 -180 0 180 0.837688 143.363 0 0 0 0 0 -0 0 -180
0 180 0 -0 0 0 0 -180 0.0118407 -66.9287 0 0 0 -0 0 180 0 -180
0 -0 0 -180 0 0 0 -0 0.0128898 146.59 0 0 0 180 0 0 0 -180
0 -180 0 -180 0 0 0 -0 0.0118345 -66.791 0 0 0 0 0 0 0 -180
0 -0 0 -0 0 180 0 -180 0.0128807 146.527 0 0 0 180 0 180 0 -0
0 -180 0 0 0 -180 0 -180 0.198854 109.957 0 -180 0 -180 0 0 0 -180
0 -0 0 180 0 -0 0 -0 0.793151 143.222 0 -0 0 -0 0 180 0 -0
inside=1 lambda=0.647 phi=25 theta=30
0 180 0 -180 0 -180 0 0 0.166711 109.179 0 0 0 180 0 -180 0 -180
0 -0 0 -0 0 -180 0 180 0.828274 143.333 0 0 0 -0 0 -0 0 -180
0 180 0 -0 0 0 0 -180 0.0205082 -66.9002 0 0 0 -0 0 180 0 -180
0 -0 0 -180 0 180 0 -0 0.0223224 146.569 0 0 0 180 0 0 0 -0
0 -180 0 -180 0 0 0 -0 0.0205021 -66.8214 0 0 0 0 0 0 0 -180
0 -0 0 -0 0 180 0 -180 0.0223133 146.534 0 0 0 180 0 180 0 -0
0 -180 0 0 0 -180 0 -180 0.190246 109.769 0 -180 0 -180 0 0 0 -180
0 -0 0 180 0 -0 0 -0 0.80256 143.252 0 -0 0 -0 0 180 0 -0
inside=1 lambda=0.647 phi=25 theta=45
0 180 0 -180 0 -180 0 0 0.17848 109.49 0 0 0 180 0 -180 0 -180
0 -0 0 -0 0 -180 0 180 0.815416 143.293 0 0 0 -0 0 -0 0 -180
0 -180 0 -0 0 0 0 -180 0.0236783 -66.8612 0 0 0 0 0 0 0 -180
0 -0 0 -180 0 180 0 -0 0.0257704 146.548 0 180 0 180 0 0 0 -0
0 -180 0 -180 0 0 0 -0 0.0236783 -66.8612 0 0 0 0 0 0 0 -180
0 -0 0 -0 0 180 0 -180 0.0257704 146.548 0 0 0 180 0 180 0 -0
0 180 0 0 0 180 0 -180 0.17848 109.49 0 -180 0 -180 0 0 0 -180
0 -0 0 180 0 -0 0 -0 0.815416 143.293 0 -0 0 -180 0 0 0 -180
inside=1 lambda=0.647 phi=30 theta=0
0 180 0 180 0 -180 0 0 0.142608 96.6494 0 0 0 180 0 180 0 -180
0 0 0 -0 0 -180 0 180 0.854061 137.552 0 0 0 0 0 -0 0 -180
0 180 0 -0 0 0 0 180 1.87727e-13 -58.4259 0 180 0 -0 0 180 0 -180
0 -0 0 -180 0 0 0 180 7.41494e-13 50.5521 0 180 0 180 0 0 0 -180
0 -180 0 -180 0 0 0 0 2.17578e-13 -59.5354 0 -0 0 0 0 0 0 -180
0 -0 0 -0 0 180 0 -0 8.43898e-13 48.0459 0 -180 0 180 0 180 0 -0
0 -180 0 0 0 -180 0 -180 0.210519 98.6652 0 -180 0 -180 0 0 0 -180
0 -0 0 180 0 -0 0 -0 0.777788 137.315 0 -0 0 -0 0 180 0 -0
inside=1 lambda=0.647 phi=30 theta=15
0 180 0 180 0 -180 0 0 0.147154 96.8361 0 0 0 180 0 180 0 -180
0 0 0 -0 0 -180 0 180 0.848949 137.536 0 0 0 0 0 -0 0 -180
0 180 0 -0 0 0 0 -180 0.0171237 -78.0619 0 0 0 -0 0 180 0 -180
0 -0 0 -180 0 0 0 -0 0.0191225 140.691 0 0 0 180 0 0 0 -180
0 -180 0 -180 0 0 0 -0 0.0171068 -77.8563 0 180 0 0 0 0 0 -180
0 -0 0 -0 0 180 0 -180 0.0191021 140.601 0 0 0 180 0 180 0 -0
0 -180 0 0 0 -180 0 -180 0.205979 98.5647 0 -180 0 -180 0 0 0 -180
0 -0 0 180 0 -0 0 -0 0.782894 137.332 0 -0 0 -0 0 180 0 -0
inside=1 lambda=0.647 phi=30 theta=30
0 180 0 -180 0 -180 0 0 0.159584 97.2946 0 0 0 180 0 180 0 -180
0 -0 0 -0 0 -180 0 180 0.834985 137.494 0 0 0 0 0 -0 0 -180
0 180 0 -0 0 0 0 -180 0.029659 -78.0193 0 0 0 -0 0 180 0 -180
0 -0 0 -180 0 0 0 -0 0.0331132 140.656 0 0 0 180 0 0 0 -180
0 -180 0 -180 0 0 0 -0 0.0296426 -77.9029 0 180 0 0 0 0 0 -180
0 -0 0 -0 0 180 0 -180 0.0330936 140.605 0 0 0 0 0 0 0 -0
0 -180 0 0 0 180 0 -180 0.19356 98.2733 0 -180 0 -180 0 0 0 -180
0 -0 0 180 0 -0 0 -0 0.796846 137.376 0 -0 0 -180 0 0 0 -180
inside=1 lambda=0.647 phi=30 theta=45
0 180 0 -180 0 -180 0 0 0.176575 97.8244 0 0 0 180 0 -180 0 -180
0 -0 0 -0 0 -180 0 180 0.815913 137.435 0 0 0 -0 0 -0 0 -180
0 -180 0 -0 0 0 0 -180 0.0342412 -77.962 0 0 0 -0 0 180 0 -180
0 -0 0 -180 0 0 0 -0 0.0382245 140.623 0 0 0 180 0 0 0 -180
0 -180 0 -180 0 -0 0 -0 0.0342412 -77.962 0 180 0 0 0 0 0 -180
0 -0 0 -0 0 180 0 -180 0.0382245 140.623 0 0 0 0 0 0 0 -180
0 180 0 0 0 180 0 -180 0.176575 97.8244 0 -180 0 -180 0 0 0 -180
0 -0 0 180 0 -0 0 -0 0.815913 137.435 0 -0 0 -180 0 0 0 -180
inside=1 lambda=0.647 phi=35 theta=0
0 180 0 180 0 -180 0 -0 0.128282 82.1187 0 0 0 180 0 180 0 -180
0 0 0 -0 0 -180 0 180 0.87046 130.816 0 0 0 0 0 -0 0 -180
0 180 0 -0 0 0 0 180 8.63492e-14 111.477 0 -0 0 -0 0 180 0 -180
0 -0 0 -180 0 0 0 0 1.18373e-13 -127.515 0 -180 0 180 0 0 0 -180
0 -180 0 -180 0 0 0 0 6.61496e-14 54.8216 0 -180 0 0 0 0 0 -180
0 -0 0 -0 0 180 0 180 1.94775e-13 -151.446 0 0 0 180 0 180 0 -0
0 -180 0 0 0 -180 0 -180 0.220598 85.2927 0 -180 0 -180 0 0 0 -180
0 -0 0 180 0 -0 0 -180 0.762904 130.48 0 -0 0 -0 0 180 0 -0
inside=1 lambda=0.647 phi=35 theta=15
0 180 0 180 0 -180 0 -0 0.134449 82.4562 0 0 0 180 0 180 0 -180
0 -0 0 -0 0 -180 0 180 0.86325 130.794 0 0 0 0 0 -0 0 -180
0 180 0 -0 0 0 0 -180 0.0233436 -91.3409 0 0 0 -0 0 180 0 -180
0 -0 0 -180 0 0 0 -0 0.0269782 133.942 0 0 0 180 0 0 0 -180
0 -180 0 -180 0 0 0 -0 0.0233026 -91.0492 0 180 0 0 0 0 0 -180
0 -0 0 -0 0 180 0 -180 0.0269362 133.819 0 0 0 0 0 0 0 -0
0 -180 0 0 0 -180 0 -180 0.214436 85.1523 0 -180 0 -180 0 0 0 -180
0 -0 0 180 0 -0 0 -180 0.770101 130.503 0 -0 0 -180 0 0 0 -180
inside=1 lambda=0.647 phi=35 theta=30
0 180 0 180 0 -180 0 -0 0.151335 83.24 0 0 0 180 0 180 0 -180
0 -0 0 -0 0 -180 0 180 0.843555 130.733 0 0 0 0 0 -0 0 -180
0 180 0 -0 0 0 0 -180 0.0404355 -91.2796 0 0 0 -0 0 180 0 -180
0 -0 0 -180 0 0 0 -0 0.0467103 133.884 0 0 0 180 0 0 0 -180
0 -180 0 -180 0 -0 0 -0 0.0403964 -91.1172 0 180 0 0 0 0 0 -180
0 -0 0 -0 0 180 0 -180 0.0466717 133.815 0 0 0 0 0 0 0 -180
0 180 0 0 0 180 0 -180 0.197558 84.7394 0 -180 0 -180 0 0 0 -180
0 -0 0 180 0 -0 0 -0 0.789772 130.565 0 -0 0 -180 0 0 0 -180
inside=1 lambda=0.647 phi=35 theta=45
0 180 0 -180 0 -180 0 0 0.174448 84.0772 0 0 0 180 0 180 0 -180
0 -0 0 -0 0 -180 0 180 0.816658 130.65 0 0 0 -0 0 -0 0 -180
0 180 0 -0 0 0 0 -180 0.0466782 -91.2 0 0 0 -0 0 180 0 -180
0 -0 0 -180 0 0 0 -0 0.0539141 133.835 0 0 0 180 0 0 0 -180
0 180 0 -180 0 -0 0 -0 0.0466782 -91.2 0 180 0 0 0 0 0 -180
0 -0 0 -0 0 180 0 -180 0.0539141 133.835 0 0 0 0 0 0 0 -180
0 180 0 0 0 180 0 -180 0.174448 84.0772 0 180 0 -180 0 0 0 -180
0 -0 0 180 0 -0 0 -0 0.816658 130.65 0 -0 0 -180 0 0 0 -180
inside=1 lambda=0.647 phi=40 theta=0
0 180 0 180 0 -180 0 -0 0.112445 65.2392 0 0 0 180 0 180 0 -180
0 0 0 -0 0 -180 0 180 0.891091 123.251 0 0 0 0 0 -0 0 -180
0 180 0 -0 0 0 0 -0 1.35489e-13 -133.862 0 -0 0 -0 0 180 0 -180
0 -0 0 -180 0 0 0 -180 1.05424e-13 112.409 0 -180 0 180 0 0 0 -180
0 -180 0 -180 0 0 0 180 5.28838e-14 125.336 0 -0 0 0 0 0 0 -180
0 -0 0 -0 0 180 0 -0 3.28122e-14 -45.7275 0 -180 0 180 0 180 0 -0
0 -180 0 0 0 -180 0 -180 0.232376 69.89 0 -180 0 -180 0 0 0 -180
0 -0 0 180 0 -0 0 -180 0.744587 122.767 0 -0 0 -0 0 180 0 -0
inside=1 lambda=0.647 phi=40 theta=15
0 180 0 180 0 -180 0 -0 0.120414 65.8238 0 0 0 180 0 180 0 -180
0 -0 0 -0 0 -180 0 180 0.881269 123.217 0 0 0 0 0 -0 0 -180
0 180 0 -0 0 0 0 180 0.0304392 -106.903 0 0 0 -0 0 180 0 -180
0 -0 0 -180 0 0 0 -0 0.0367766 126.455 0 0 0 180 0 0 0 -180
0 -180 0 -180 0 0 0 -0 0.0303464 -106.503 0 180 0 0 0 0 0 -180
0 -0 0 -0 0 180 0 -180 0.0366926 126.293 0 0 0 0 0 0 0 -180
0 -180 0 0 0 -180 0 -180 0.2244 69.7117 0 -180 0 -180 0 0 0 -180
0 -0 0 180 0 -0 0 -180 0.754382 122.8 0 -0 0 -180 0 0 0 -180
inside=1 lambda=0.647 phi=40 theta=30
0 180 0 180 0 -180 0 -0 0.142324 67.0812 0 0 0 180 0 180 0 -180
0 -0 0 -0 0 -180 0 180 0.854436 123.128 0 0 0 0 0 -0 0 -180
0 180 0 -0 0 0 0 -180 0.0527384 -106.814 0 0 0 -0 0 180 0 -180
0 -0 0 -180 0 0 0 -0 0.0636608 126.359 0 0 0 180 0 0 0 -180
0 180 0 -180 0 -0 0 -0 0.0526527 -106.598 0 180 0 0 0 0 0 -180
0 -0 0 -0 0 180 0 -180 0.0635896 126.27 0 0 0 0 0 0 0 -180
0 180 0 0 0 180 0 -180 0.202476 69.1815 0 -180 0 -180 0 0 0 -180
0 -0 0 180 0 -0 0 -0 0.781167 122.889 0 -0 0 -180 0 0 0 -180
inside=1 lambda=0.647 phi=40 theta=45
0 180 0 -180 0 -180 0 -0 0.172397 68.2952 0 0 0 180 0 180 0 -180
0 -0 0 -0 0 -180 0 180 0.817791 123.01 0 0 0 -0 0 -0 0 -180
0 180 0 -0 0 0 0 -180 0.060873 -106.708 0 0 0 -0 0 180 0 -180
0 -0 0 -180 0 0 0 -0 0.0734678 126.289 0 0 0 180 0 0 0 -180
0 180 0 -180 0 -0 0 -0 0.060873 -106.708 0 180 0 0 0 0 0 -180
0 -0 0 -0 0 180 0 -180 0.0734678 126.289 0 0 0 0 0 0 0 -180
0 180 0 -0 0 180 0 -180 0.172397 68.2952 0 180 0 -180 0 0 0 -180
0 -0 0 180 0 -0 0 -0 0.817791 123.01 0 -0 0 -180 0 0 0 -180
inside=1 lambda=0.647 phi=45 theta=0
0 180 0 180 0 -180 0 -0 0.0959346 46.3114 0 0 0 180 0 180 0 -180
0 -0 0 -0 0 -180 0.00586356 58.3826 0.916897 114.974 0 0 0 -0 0 -0 0 -180
0 180 0 -0 0 0 0 180 1.172e-13 -176.038 0 -180 0 -0 0 180 0 -180
0 -0 0 -180 0 0 2.33786e-13 162.389 1.16936e-13 64.4313 0 -180 0 180 0 0 0 -180
0 -180 0 -180 0 0 0 180 1.22121e-13 -100.656 0 -180 0 0 0 0 0 -180
0 -180 0 -180 0 180 5.67021e-15 -74.9345 2.49686e-13 27.0205 0 -180 0 0 0 0 0 -0
0 -180 0 0 0 -180 0 -180 0.24607 52.3932 0 -180 0 -180 0 0 0 -180
0 -180 0 0 0 -0 0.0351888 -102.902 0.722149 114.257 0 -0 0 -180 0 0 0 -0
inside=1 lambda=0.647 phi=45 theta=15
0 180 0 180 0 -180 0 -0 0.105596 47.1971 0 0 0 180 0 180 0 -180
0 -0 0 -0 0 -180 0 180 0.904016 114.91 0 0 0 -0 0 -0 0 -180
0 180 0 -0 0 0 0 180 0.0383722 -124.96 0 0 0 -0 0 180 0 -180
0 -0 0 -180 0 0 0 -0 0.0489856 118.36 0 0 0 180 0 0 0 -180
0 -180 0 -180 0 0 0 -0 0.0381711 -124.42 0 180 0 0 0 0 0 -180
0 -0 0 -0 0 180 0 -180 0.0488095 118.154 0 0 0 0 0 0 0 -180
0 -180 0 0 0 180 0 -180 0.236252 52.2196 0 -180 0 -180 0 0 0 -180
0 -0 0 180 0 -0 0 -180 0.735235 114.297 0 -0 0 -180 0 0 0 -180
inside=1 lambda=0.647 phi=45 theta=30
0 180 0 180 0 -180 0 -0 0.133015 49.0282 0 0 0 180 0 180 0 -180
0 -0 0 -0 0 -180 0 180 0.868317 114.775 0 0 0 -0 0 -0 0 -180
0 180 0 -0 0 0 0 180 0.0665272 -124.82 0 0 0 -0 0 180 0 -180
0 -0 0 -180 0 0 0 -0 0.0847497 118.197 0 0 0 180 0 0 0 -180
0 180 0 -180 0 -0 0 -0 0.0663513 -124.544 0 180 0 0 0 0 0 -180
0 -0 0 -0 0 180 0 -180 0.0846237 118.087 0 0 0 0 0 0 0 -180
0 180 0 -0 0 180 0 -180 0.208757 51.6197 0 180 0 -180 0 0 0 -180
0 -0 0 180 0 -0 0 -180 0.770841 114.427 0 -0 0 -180 0 0 0 -180
inside=1 lambda=0.647 phi=45 theta=45
0 180 0 180 0 -180 0 -0 0.170874 50.5819 0 0 0 180 0 180 0 -180
0 -0 0 -0 0 -180 0 180 0.819559 114.603 0 0 0 -0 0 -0 0 -180
0 180 0 -0 0 0 0 180 0.0767764 -124.681 0 0 0 -0 0 180 0 -180
0 -0 0 -180 0 0 0 -0 0.0977865 118.099 0 0 0 180 0 0 0 -180
0 180 0 180 0 -0 0 -0 0.0767764 -124.681 0 180 0 0 0 0 0 -180
0 -0 0 -0 0 180 0 -180 0.0977865 118.099 0 0 0 0 0 0 0 -180
0 180 0 -0 0 180 0 180 0.170874 50.5819 0 180 0 -180 0 0 0 -180
0 -0 0 180 0 -0 0 -0 0.819559 114.603 0 -0 0 -180 0 0 0 -180
