RSoft_BSDF_File_Version 2
1 0 5 2 1 1.09714
0.3 0.3
-1 1
-1 1
1 0.647 0.647
10 0 45 0.5
4 0 45
Begin_Dispersion_Data
0.647 1.45662 0 1 0 0
End_Dispersion_Data
inside=0 lambda=0.647 phi=0 theta=0
0 0 0 -180 0 0 0 0 0.175201 -65.1731 0 0 0 0 0 -180 0 0
0 180 0 -0 0 180 0 180 1.18824 145.134 0 180 0 180 0 -0 0 180
0 0 0 180 0 -180 0 180 1.31143e-12 -15.1027 0 180 0 -180 0 -0 0 0
0 180 0 -0 0 -0 0 180 2.93225e-12 -137.583 0 180 0 -0 0 -0 0 180
0 0 0 -180 0 -180 0 -0 7.96457e-13 8.22385 0 -0 0 -180 0 -180 0 0
0 180 0 -0 0 -0 0 0 2.68058e-12 -127.445 0 -0 0 -0 0 -0 0 180
0 0 0 0 0 0 0 -180 0.175201 -65.1731 0 -180 0 0 0 0 0 0
0 180 0 180 0 180 0 -0 1.18824 145.134 0 -0 0 180 0 180 0 180
inside=0 lambda=0.647 phi=0 theta=15
0 0 0 -180 0 0 0 0 0.175201 -65.1731 0 0 0 0 0 -180 0 0
0 180 0 -0 0 180 0 180 1.18824 145.134 0 180 0 180 0 -0 0 180
0 0 0 180 0 -180 0 180 1.31143e-12 -15.1027 0 180 0 -180 0 -0 0 0
0 180 0 -0 0 -0 0 180 2.93225e-12 -137.583 0 180 0 -0 0 -0 0 180
0 0 0 -180 0 -180 0 -0 7.96457e-13 8.22385 0 -0 0 -180 0 -180 0 0
0 180 0 -0 0 -0 0 0 2.68058e-12 -127.445 0 -0 0 -0 0 -0 0 180
0 0 0 0 0 0 0 -180 0.175201 -65.1731 0 -180 0 0 0 0 0 0
0 180 0 180 0 180 0 -0 1.18824 145.134 0 -0 0 180 0 180 0 180
inside=0 lambda=0.647 phi=0 theta=30
0 0 0 -180 0 0 0 0 0.175201 -65.1731 0 0 0 0 0 -180 0 0
0 180 0 -0 0 180 0 180 1.18824 145.134 0 180 0 180 0 -0 0 180
0 0 0 180 0 -180 0 180 1.31143e-12 -15.1027 0 180 0 -180 0 -0 0 0
0 180 0 -0 0 -0 0 180 2.93225e-12 -137.583 0 180 0 -0 0 -0 0 180
0 0 0 -180 0 -180 0 -0 7.96457e-13 8.22385 0 -0 0 -180 0 -180 0 0
0 180 0 -0 0 -0 0 0 2.68058e-12 -127.445 0 -0 0 -0 0 -0 0 180
0 0 0 0 0 0 0 -180 0.175201 -65.1731 0 -180 0 0 0 0 0 0
0 180 0 180 0 180 0 -0 1.18824 145.134 0 -0 0 180 0 180 0 180
inside=0 lambda=0.647 phi=0 theta=45
0 0 0 -180 0 0 0 0 0.175201 -65.1731 0 0 0 0 0 -180 0 0
0 180 0 -0 0 180 0 180 1.18824 145.134 0 180 0 180 0 -0 0 180
0 0 0 180 0 -180 0 180 1.31143e-12 -15.1027 0 180 0 -180 0 -0 0 0
0 180 0 -0 0 -0 0 180 2.93225e-12 -137.583 0 180 0 -0 0 -0 0 180
0 0 0 -180 0 -180 0 -0 7.96457e-13 8.22385 0 -0 0 -180 0 -180 0 0
0 180 0 -0 0 -0 0 0 2.68058e-12 -127.445 0 -0 0 -0 0 -0 0 180
0 0 0 0 0 0 0 -180 0.175201 -65.1731 0 -180 0 0 0 0 0 0
0 180 0 180 0 180 0 -0 1.18824 145.134 0 -0 0 180 0 180 0 180
inside=0 lambda=0.647 phi=5 theta=0
0 -0 0 -180 0 0 0 0 0.171579 -71.8081 0 0 0 -0 0 -180 0 0
0 180 0 -0 0 180 0 180 1.18645 141.711 0 180 0 180 0 -0 0 180
0 0 0 -0 0 -180 0 -180 4.98671e-14 -5.29316 0 180 0 -180 0 180 0 0
0 180 0 -180 0 -0 0 -0 1.97225e-13 -20.1538 0 -180 0 -0 0 0 0 180
0 0 0 -180 0 -180 0 -0 4.3575e-14 -158.447 0 -0 0 -180 0 0 0 0
0 180 0 -0 0 -0 0 0 7.65079e-14 34.9302 0 -0 0 -0 0 180 0 180
0 0 0 0 0 0 0 -180 0.175721 -71.9532 0 -180 0 0 0 0 0 0
0 180 0 180 0 180 0 -0 1.19069 141.703 0 -0 0 180 0 180 0 180
inside=0 lambda=0.647 phi=5 theta=15
0 -0 0 -180 0 0 0 0 0.171856 -71.8183 0 0 0 -0 0 -180 0 0
0 180 0 -0 0 180 0 180 1.18673 141.71 0 180 0 180 0 -0 0 180
0 0 0 -0 0 -180 0 -180 0.00100702 97.8175 0 0 0 -180 0 180 0 0
0 180 0 -180 0 -0 0 -0 0.00117812 -62.9984 0 180 0 -0 0 0 0 180
0 0 0 -180 0 -180 0 -0 0.00100722 97.8463 0 180 0 -180 0 0 0 0
0 180 0 -0 0 -0 0 -180 0.00117615 -62.796 0 0 0 -0 0 180 0 180
0 0 0 0 0 0 0 -180 0.175443 -71.944 0 -180 0 0 0 0 0 0
0 180 0 180 0 180 0 -0 1.1904 141.703 0 -0 0 180 0 180 0 180
inside=0 lambda=0.647 phi=5 theta=30
0 -0 0 -180 0 0 0 0 0.172614 -71.8458 0 0 0 -0 0 -180 0 0
0 180 0 -0 0 180 0 180 1.18751 141.709 0 180 0 180 0 -0 0 180
0 0 0 -0 0 -180 0 -180 0.00174428 97.8234 0 0 0 -180 0 180 0 0
0 180 0 -180 0 -0 0 -0 0.00203984 -62.9552 0 180 0 -0 0 0 0 180
0 0 0 -180 0 -180 0 -0 0.00174448 97.8401 0 180 0 -180 0 0 0 0
0 180 0 -0 0 -0 0 -180 0.00203786 -62.8383 0 0 0 -0 0 180 0 180
0 0 0 0 0 -0 0 -180 0.174684 -71.9183 0 -180 0 0 0 0 0 0
0 180 0 180 0 180 0 -0 1.18963 141.705 0 -0 0 180 0 180 0 180
inside=0 lambda=0.647 phi=5 theta=45
0 -0 0 -180 0 0 0 0 0.173649 -71.8825 0 0 0 -0 0 -180 0 0
0 180 0 -0 0 180 0 180 1.18857 141.707 0 180 0 180 0 -0 0 180
0 0 0 -0 0 -180 0 -180 0.00201424 97.8317 0 0 0 -180 0 180 0 0
0 180 0 -180 0 -0 0 -0 0.00235426 -62.8966 0 180 0 -0 0 0 0 180
0 0 0 -180 0 -180 0 -0 0.00201424 97.8317 0 180 0 -180 0 0 0 0
0 180 0 -0 0 -0 0 -180 0.00235426 -62.8966 0 0 0 -0 0 180 0 180
0 -0 0 0 0 -0 0 -180 0.173649 -71.8825 0 -180 0 0 0 0 0 0
0 180 0 180 0 180 0 -0 1.18857 141.707 0 -0 0 180 0 180 0 180
inside=0 lambda=0.647 phi=10 theta=0
0 -0 0 -180 0 0 0 0 0.16039 -92.0666 0 0 0 -0 0 -180 0 0
0 180 0 -0 0 180 0 180 1.18075 131.454 0 180 0 180 0 -0 0 180
0 0 0 -0 0 -180 0 180 2.30496e-14 -96.2834 0 180 0 -180 0 180 0 0
0 180 0 -180 0 -0 0 0 1.05814e-13 -163.081 0 180 0 -0 0 0 0 180
0 0 0 -180 0 -180 0 0 3.9504e-13 37.4355 0 0 0 -180 0 0 0 0
0 180 0 -0 0 -0 0 -0 3.48127e-13 -144.159 0 180 0 -0 0 180 0 180
0 0 0 0 0 0 0 -180 0.177294 -92.5976 0 -180 0 0 0 0 0 0
0 180 0 180 0 180 0 -0 1.19837 131.432 0 -0 0 180 0 180 0 180
inside=0 lambda=0.647 phi=10 theta=15
0 -0 0 -180 0 0 0 0 0.161516 -92.1107 0 0 0 -0 0 -180 0 0
0 180 0 -0 0 180 0 180 1.18193 131.451 0 180 0 180 0 -0 0 180
0 0 0 -0 0 -180 0 -180 0.00408579 77.2175 0 0 0 -180 0 180 0 0
0 180 0 -180 0 -0 0 -0 0.00488991 -73.1171 0 180 0 -0 0 0 0 180
0 0 0 -180 0 -180 0 -0 0.00408949 77.3573 0 180 0 -180 0 0 0 0
0 180 0 -0 0 -0 0 -180 0.0048576 -72.296 0 0 0 -0 0 180 0 180
0 0 0 0 0 -0 0 -180 0.176155 -92.5701 0 -180 0 0 0 0 0 0
0 180 0 180 0 180 0 -0 1.19719 131.432 0 -0 0 180 0 180 0 180
inside=0 lambda=0.647 phi=10 theta=30
0 -0 0 -180 0 0 0 0 0.164598 -92.2247 0 0 0 -0 0 -180 0 0
0 180 0 -0 0 180 0 180 1.18516 131.445 0 180 0 180 0 -0 0 180
0 0 0 -0 0 -180 0 -180 0.0070781 77.245 0 0 0 -180 0 180 0 0
0 180 0 -180 0 -0 0 -0 0.00845703 -72.9366 0 180 0 -0 0 0 0 180
0 0 0 -180 0 -180 0 -0 0.0070818 77.3257 0 180 0 -180 0 0 0 0
0 180 0 -0 0 -0 0 -180 0.00842476 -72.463 0 0 0 -0 0 180 0 180
0 -0 0 0 0 -0 0 -180 0.17305 -92.4894 0 -180 0 0 0 0 0 0
0 180 0 180 0 180 0 -0 1.19397 131.433 0 -0 0 180 0 180 0 180
inside=0 lambda=0.647 phi=10 theta=45
0 -0 0 -180 0 0 0 0 0.168818 -92.3653 0 0 0 -0 0 -180 0 0
0 180 0 -0 0 180 0 180 1.18956 131.438 0 180 0 180 0 -0 0 180
0 0 0 -0 0 -180 0 -180 0.0081752 77.2844 0 0 0 -180 0 180 0 0
0 180 0 -180 0 -0 0 -0 0.00974631 -72.6964 0 180 0 -0 0 0 0 180
0 0 0 -180 0 -180 0 -0 0.0081752 77.2844 0 180 0 -180 0 0 0 0
0 180 0 -0 0 -0 0 -180 0.00974631 -72.6964 0 0 0 -0 0 180 0 180
0 -0 0 0 0 -0 0 -180 0.168818 -92.3653 0 -180 0 0 0 0 0 0
0 180 0 180 0 180 0 -0 1.18956 131.438 0 -0 0 180 0 180 0 180
inside=0 lambda=0.647 phi=15 theta=0
0 -0 0 -180 0 0 0 0 0.142068 -127.164 0 0 0 -0 0 -180 0 0
0 180 0 -180 0 0 0 180 1.16985 114.407 0 0 0 180 0 -180 0 0
0 -0 0 -0 0 -180 0 -0 3.78628e-14 -177.42 0 180 0 180 0 180 0 0
0 180 0 -180 0 -180 0 0 5.66366e-14 57.9605 0 -180 0 -0 0 0 0 0
0 0 0 -180 0 -180 0 180 3.38642e-14 -165.342 0 180 0 -180 0 0 0 0
0 180 0 -180 0 -0 0 0 7.64477e-14 36.6268 0 -0 0 -0 0 0 0 180
0 0 0 0 0 0 0 -180 0.181275 -127.971 0 -180 0 0 0 0 0 0
0 180 0 0 0 180 0 -180 1.21209 114.387 0 -180 0 180 0 0 0 180
inside=0 lambda=0.647 phi=15 theta=15
0 -0 0 -180 0 0 0 0 0.144666 -127.269 0 0 0 -0 0 -180 0 0
0 180 0 -180 0 0 0 180 1.17268 114.398 0 0 0 180 0 -0 0 0
0 -0 0 -0 0 -180 0 -180 0.00948166 42.2311 0 0 0 180 0 180 0 0
0 180 0 -180 0 -180 0 -180 0.0117257 -90.3056 0 0 0 -0 0 0 0 0
0 0 0 -180 0 -180 0 -0 0.00949735 42.6431 0 0 0 -180 0 0 0 0
0 180 0 -180 0 -0 0 -180 0.0115508 -88.4209 0 0 0 -0 0 0 0 180
0 -0 0 0 0 -0 0 -180 0.178617 -127.963 0 -180 0 0 0 0 0 0
0 180 0 0 0 180 0 -180 1.20926 114.379 0 -180 0 180 0 0 0 180
inside=0 lambda=0.647 phi=15 theta=30
0 -0 0 -180 0 0 0 0 0.151785 -127.515 0 0 0 -0 0 -180 0 0
0 180 0 -180 0 0 0 180 1.18041 114.378 0 0 0 180 0 -0 0 0
0 0 0 -0 0 -180 0 -180 0.0164273 42.3075 0 0 0 180 0 180 0 0
0 180 0 -180 0 -180 0 -180 0.0202364 -89.8729 0 0 0 -0 0 0 0 0
0 0 0 -180 0 -180 0 -0 0.0164429 42.544 0 0 0 -180 0 0 0 0
0 180 0 -180 0 -0 0 -180 0.0200627 -88.7894 0 0 0 -180 0 0 0 0
0 -0 0 0 0 -0 0 -180 0.171383 -127.909 0 -180 0 0 0 0 0 0
0 180 0 180 0 180 0 -180 1.20153 114.366 0 -0 0 0 0 0 0 0
inside=0 lambda=0.647 phi=15 theta=45
0 -0 0 -180 0 0 0 0 0.161555 -127.759 0 0 0 -0 0 -180 0 0
0 180 0 -180 0 0 0 180 1.19097 114.364 0 0 0 180 0 -0 0 0
0 0 0 -0 0 -180 0 -180 0.018977 42.4201 0 0 0 180 0 0 0 0
0 180 0 -180 0 -180 0 -180 0.0232619 -89.3153 0 0 0 -0 0 0 0 0
0 0 0 -180 0 180 0 -0 0.018977 42.4201 0 0 0 -180 0 0 0 0
0 180 0 -180 0 -0 0 -180 0.0232619 -89.3153 0 0 0 -180 0 0 0 0
0 -0 0 0 0 -0 0 -180 0.161555 -127.759 0 -180 0 0 0 0 0 0
0 180 0 180 0 180 0 -180 1.19097 114.364 0 -0 0 0 0 0 0 0
inside=0 lambda=0.647 phi=20 theta=0
0 -0 0 -180 0 0 0 0 0.121063 -178.627 0 0 0 -0 0 -180 0 0
0 180 0 -180 0 0 0 0 1.1508 90.6861 0 0 0 180 0 -180 0 0
0 -0 0 -180 0 -180 0 -180 2.21697e-13 103.741 0 -0 0 180 0 0 0 0
0 180 0 180 0 -180 0 180 7.96951e-13 -0.0798862 0 -180 0 -0 0 -0 0 0
0 0 0 -180 0 -180 0 180 2.04075e-13 109.977 0 0 0 -180 0 0 0 0
0 0 0 -180 0 -180 0 0 6.84776e-13 -1.97214 0 -0 0 -180 0 0 0 0
0 0 0 0 0 0 0 -180 0.193864 -178.563 0 -180 0 0 0 0 0 0
0 0 0 0 0 0 0 -180 1.2326 90.7088 0 -180 0 0 0 0 0 0
inside=0 lambda=0.647 phi=20 theta=15
0 -0 0 -180 0 0 0 0 0.125912 -178.798 0 0 0 -0 0 -180 0 0
0 180 0 -180 0 0 0 0 1.15626 90.6584 0 0 0 180 0 -180 0 0
0 -0 0 -180 0 -180 0 -180 0.0180935 -7.30742 0 0 0 180 0 0 0 0
0 180 0 -180 0 -180 0 -180 0.0227512 -114.868 0 0 0 -0 0 -0 0 0
0 0 0 -180 0 -180 0 -180 0.0180853 -6.4149 0 0 0 -180 0 0 0 0
0 0 0 -180 0 -180 0 180 0.0221049 -111.391 0 -0 0 -180 0 0 0 0
0 -0 0 0 0 -0 0 -180 0.188964 -178.728 0 -180 0 0 0 0 0 0
0 0 0 0 0 180 0 -180 1.22709 90.6703 0 -180 0 0 0 0 0 0
inside=0 lambda=0.647 phi=20 theta=30
0 -0 0 -180 0 0 0 0 0.139184 -179.111 0 0 0 -0 0 -180 0 0
0 180 0 -180 0 0 0 0 1.17118 90.6012 0 0 0 180 0 -180 0 0
0 0 0 -180 0 -180 0 -180 0.0313174 -7.1642 0 0 0 180 0 0 0 0
0 180 0 180 0 -180 0 -180 0.0391003 -114.027 0 0 0 -0 0 -0 0 0
0 0 0 -180 0 -180 0 -180 0.0313114 -6.66055 0 0 0 -180 0 0 0 0
0 0 0 -180 0 -0 0 180 0.0384695 -112.048 0 -0 0 -180 0 0 0 0
0 -0 0 0 0 -0 0 -180 0.175592 -179.054 0 -180 0 0 0 0 0 0
0 180 0 0 0 180 0 -180 1.21207 90.5995 0 -180 0 0 0 0 0 0
inside=0 lambda=0.647 phi=20 theta=45
0 -0 0 -180 0 0 0 0 0.157363 -179.234 0 0 0 -0 0 -180 0 0
0 180 0 -180 0 0 0 0 1.1916 90.5694 0 0 0 180 0 -180 0 0
0 0 0 -180 0 -180 0 -180 0.0361493 -6.93743 0 0 0 180 0 0 0 0
0 0 0 180 0 -180 0 -180 0.044751 -112.993 0 0 0 -0 0 -0 0 0
0 0 0 -180 0 180 0 -180 0.0361493 -6.93743 0 0 0 -180 0 0 0 0
0 0 0 -180 0 -0 0 180 0.044751 -112.993 0 -0 0 -180 0 0 0 0
0 -0 0 0 0 -0 0 -180 0.157363 -179.234 0 -180 0 0 0 0 0 0
0 180 0 0 0 180 0 -180 1.1916 90.5694 0 -180 0 0 0 0 0 0
inside=0 lambda=0.647 phi=25 theta=0
0 -0 0 -180 0 0 0 0 0.102317 116.18 0 0 0 -0 0 -180 0 0
0 180 0 -180 0 0 0 0 1.11952 60.5409 0 0 0 180 0 -180 0 0
0 -0 0 -180 0 -180 0 -180 1.95529e-14 127.889 0 -180 0 180 0 0 0 0
0 0 0 180 0 -180 0 -0 5.13664e-14 -34.1217 0 -180 0 -180 0 -0 0 0
0 0 0 -180 0 -180 0 -0 1.06187e-13 42.9921 0 180 0 -180 0 0 0 0
0 0 0 -180 0 -180 0 0 9.29561e-14 -51.6332 0 -180 0 -180 0 0 0 0
0 0 0 0 0 0 0 -180 0.225403 118.162 0 -180 0 0 0 0 0 0
0 0 0 0 0 0 0 -180 1.26098 60.7703 0 -180 0 0 0 0 0 0
inside=0 lambda=0.647 phi=25 theta=15
0 -0 0 -180 0 0 0 0 0.110747 115.872 0 0 0 -0 0 -180 0 0
0 180 0 -180 0 0 0 0 1.12882 60.4662 0 0 0 180 0 -180 0 0
0 -0 0 -180 0 -180 0 -180 0.0324963 -69.2399 0 0 0 180 0 0 0 0
0 0 0 180 0 -180 0 -180 0.0395361 -146.526 0 0 0 -180 0 -0 0 0
0 0 0 -180 0 -180 0 -180 0.0322059 -67.9528 0 0 0 -180 0 0 0 0
0 0 0 -180 0 -180 0 180 0.0374633 -140.53 0 -0 0 -180 0 0 0 0
0 -0 0 0 0 0 0 -180 0.217814 117.583 0 -180 0 0 0 0 0 0
0 0 0 0 0 0 0 -180 1.25111 60.6172 0 -180 0 0 0 0 0 0
inside=0 lambda=0.647 phi=25 theta=30
0 -0 0 -180 0 0 0 0 0.133808 115.475 0 0 0 -0 0 -180 0 0
0 180 0 -180 0 0 0 0 1.1543 60.3203 0 0 0 180 0 -180 0 0
0 0 0 -180 0 -180 0 -180 0.0560181 -69.1536 0 0 0 180 0 0 0 0
0 0 0 180 0 -180 0 -180 0.0672566 -144.956 0 0 0 -180 0 -0 0 0
0 0 0 -180 0 -180 0 -180 0.0557809 -68.4505 0 0 0 -180 0 0 0 0
0 0 0 -180 0 -180 0 180 0.0653323 -141.626 0 -0 0 -180 0 0 0 0
0 -0 0 0 0 -0 0 -180 0.196022 116.483 0 -180 0 0 0 0 0 0
0 0 0 0 0 0 0 -180 1.22471 60.3631 0 -180 0 0 0 0 0 0
inside=0 lambda=0.647 phi=25 theta=45
0 -0 0 -180 0 0 0 0 0.16516 115.658 0 0 0 -0 0 -180 0 0
0 180 0 -180 0 0 0 0 1.18931 60.2515 0 0 0 180 0 -180 0 0
0 0 0 -180 0 -180 0 -180 0.0644835 -68.8958 0 0 0 180 0 0 0 0
0 0 0 180 0 -180 0 -180 0.0763573 -143.183 0 0 0 -180 0 -0 0 0
0 0 0 -180 0 180 0 -180 0.0644835 -68.8958 0 0 0 -180 0 0 0 0
0 0 0 -180 0 -180 0 180 0.0763573 -143.183 0 -0 0 -180 0 0 0 0
0 -0 0 0 0 -0 0 -180 0.16516 115.658 0 -180 0 0 0 0 0 0
0 180 0 0 0 180 0 -180 1.18931 60.2515 0 -180 0 0 0 0 0 0
inside=0 lambda=0.647 phi=30 theta=0
0 -0 0 -180 0 0 0.0487912 -21.4106 0.0672145 50.3187 0 0 0 -0 0 -180 0 0
0 0 0 -180 0 -0 0 0 1.06547 24.1981 0 -0 0 0 0 -180 0 -0
0 -0 0 -180 0 -180 1.41558e-14 169.348 5.27936e-14 109.427 0 -180 0 180 0 0 0 0
0 0 0 180 0 180 0 -0 1.83091e-13 89.3513 0 0 0 -180 0 -0 0 -0
0 -0 0 -180 0 -180 7.92102e-12 111.902 4.32662e-13 -87.347 0 180 0 180 0 0 0 0
0 0 0 -180 0 -180 0 -0 7.9732e-13 -3.95157 0 -0 0 -180 0 0 0 0
0 -0 0 0 0 0 0.350189 -67.8084 0.277212 42.7823 0 -180 0 -0 0 0 0 0
0 0 0 0 0 0 0 180 1.28387 25.7334 0 -180 0 0 0 0 0 0
inside=0 lambda=0.647 phi=30 theta=15
0 -180 0 -180 0 0 0 -0 0.0856282 46.2718 0 0 0 -180 0 -180 0 0
0 0 0 -180 0 -0 0 0 1.0859 24.1744 0 -0 0 0 0 -180 0 -0
0 -0 0 -180 0 -180 0 -180 0.0570408 -139.617 0 0 0 180 0 0 0 0
0 0 0 180 0 180 0 180 0.0664888 175.071 0 -0 0 -180 0 -0 0 -0
0 0 0 -180 0 -180 0 -180 0.0558113 -138.663 0 180 0 -180 0 0 0 0
0 0 0 -180 0 -180 0 180 0.0597258 -173.645 0 -0 0 -180 0 0 0 0
0 -0 0 0 0 -0 0 -180 0.264345 45.4624 0 -180 0 0 0 0 0 0
0 0 0 0 0 0 0 180 1.28683 25.1472 0 -180 0 0 0 -0 0 -0
inside=0 lambda=0.647 phi=30 theta=30
0 -0 0 -180 0 0 0 -0 0.124787 43.3611 0 0 0 -0 0 -180 0 0
0 0 0 -180 0 -0 0 0 1.12712 23.8276 0 -0 0 0 0 -180 0 -0
0 -0 0 -180 0 -180 0 -180 0.097275 -140.168 0 0 0 180 0 0 0 0
0 0 0 180 0 180 0 180 0.109016 179.006 0 -0 0 -180 0 -0 0 -0
0 0 0 -180 0 180 0 -180 0.0966967 -139.557 0 180 0 -180 0 0 0 0
0 0 0 -180 0 -180 0 180 0.104025 -175.35 0 -0 0 180 0 -0 0 -0
0 -0 0 0 0 -0 0 -180 0.232413 43.9322 0 -180 0 0 0 0 0 0
0 0 0 0 0 0 0 180 1.24133 24.1393 0 -180 0 -0 0 -0 0 -0
inside=0 lambda=0.647 phi=30 theta=45
0 -0 0 -180 0 0 0 0 0.179321 42.9701 0 0 0 -0 0 -180 0 0
0 0 0 180 0 -0 0 0 1.18372 23.7647 0 -0 0 0 0 -180 0 -0
0 0 0 -180 0 -180 0 -180 0.111776 -140.113 0 0 0 180 0 180 0 0
0 0 0 180 0 180 0 180 0.122172 -177.857 0 -0 0 -180 0 -0 0 -0
0 0 0 -180 0 180 0 -180 0.111776 -140.113 0 180 0 -180 0 0 0 0
0 0 0 180 0 -180 0 180 0.122172 -177.857 0 -0 0 180 0 -0 0 -0
0 -0 0 0 0 -0 0 -180 0.179321 42.9701 0 -180 0 0 0 0 0 0
0 0 0 0 0 0 0 180 1.18372 23.7647 0 -180 0 -0 0 -0 0 -0
inside=0 lambda=0.647 phi=35 theta=0
0 -0 0 180 0 0 0.030007 73.9318 0.0196081 106.582 0 0 0 -0 0 180 0 0
0 0 0 -180 0 -0 0 0 0.987456 -18.4683 0 -0 0 0 0 -180 0 -0
0 -0 0 -0 0 -180 1.15854e-13 176.115 4.91317e-14 4.24436 0 180 0 180 0 180 0 0
0 0 0 0 0 180 0 -180 2.09222e-13 50.417 0 -180 0 -180 0 -180 0 -0
0 0 0 -180 0 -180 2.39732e-12 100.177 1.67553e-13 -152.623 0 -180 0 -180 0 0 0 0
0 -0 0 180 0 180 0 0 1.16616e-13 64.7337 0 0 0 180 0 -0 0 -0
0 0 0 0 0 -0 0.257604 32.3675 0.385476 -28.5097 0 -180 0 0 0 0 0 -0
0 -0 0 -0 0 -0 0 180 1.33215 -16.7375 0 180 0 -0 0 -0 0 -0
inside=0 lambda=0.647 phi=35 theta=15
0 -0 0 180 0 0 0.0741579 -9.52371 0.00843783 2.96631 0 0 0 -0 0 180 0 0
0 0 0 -180 0 -0 0 0 1.00885 -18.5877 0 -0 0 0 0 -180 0 -0
0 -0 0 -180 0 -180 0.0925375 -74.3534 0.0913618 146.059 0 0 0 180 0 0 0 0
0 0 0 0 0 180 0 180 0.120447 137.101 0 -0 0 -180 0 -180 0 -0
0 -0 0 180 0 180 0.0700864 -72.184 0.0935185 143.391 0 0 0 180 0 0 0 0
0 0 0 180 0 180 0 0 0.0983951 151.376 0 -180 0 -180 0 -0 0 -0
0 -0 0 -0 0 -0 0.331537 -100.281 0.350794 -41.5909 0 180 0 0 0 0 0 0
0 0 0 -0 0 -0 0 180 1.30183 -15.5804 0 180 0 -0 0 -0 0 -0
inside=0 lambda=0.647 phi=35 theta=30
0 -180 0 -180 0 0 0 -0 0.0769307 -36.5012 0 0 0 -0 0 180 0 0
0 0 0 180 0 -0 0 -0 1.08375 -18.7911 0 -0 0 0 0 -180 0 -0
0 -0 0 -180 0 -180 0 -180 0.163464 139.51 0 0 0 180 0 0 0 0
0 0 0 0 0 180 0 180 0.181497 138.831 0 -0 0 -180 0 -180 0 -0
0 -0 0 -180 0 180 0 -180 0.164172 140.146 0 0 0 -180 0 0 0 0
0 -0 0 180 0 -180 0 0 0.171323 148.338 0 -180 0 180 0 -0 0 -0
0 -0 0 -0 0 -0 0 -180 0.270532 -36.8695 0 180 0 0 0 0 0 0
0 0 0 -0 0 0 0 180 1.27458 -17.4064 0 180 0 -0 0 -0 0 -0
inside=0 lambda=0.647 phi=35 theta=45
0 -0 0 -180 0 0 0 -0 0.173209 -38.637 0 0 0 -0 0 180 0 0
0 0 0 180 0 -0 0 -0 1.1795 -18.6464 0 -0 0 0 0 180 0 -0
0 -0 0 -180 0 -180 0 -180 0.188826 139.19 0 0 0 180 0 0 0 0
0 -0 0 0 0 180 0 180 0.201571 144.459 0 -0 0 -180 0 -180 0 -0
0 -0 0 -180 0 180 0 -180 0.188826 139.19 0 0 0 -180 0 0 0 0
0 -0 0 180 0 -180 0 0 0.201571 144.459 0 -180 0 180 0 -0 0 -0
0 -0 0 -0 0 -0 0 -180 0.173209 -38.637 0 180 0 0 0 0 0 0
0 0 0 -0 0 0 0 180 1.1795 -18.6464 0 180 0 -0 0 -0 0 -0
inside=0 lambda=0.647 phi=40 theta=0
0 -0 0 180 0 0 0.0107356 -13.7641 0.21539 44.5651 0 0 0 -0 0 180 0 0
0 0 0 180 0 -180 0 -0 0.797958 -66.6211 0 -180 0 0 0 180 0 -180
0 -0 0 -180 0 -180 1.32766e-12 -130.718 1.0224e-12 -173.185 0 -0 0 180 0 0 0 0
0 -0 0 0 0 0 0 180 7.90794e-13 -116.671 0 -180 0 180 0 -180 0 -180
0 0 0 -180 0 -180 2.38062e-12 -153.686 1.124e-12 -17.5769 0 -180 0 -180 0 0 0 0
0 -0 0 180 0 180 0 180 2.95134e-13 -115.95 0 -180 0 180 0 -0 0 -0
0 0 0 0 0 -0 0.666455 36.0862 0.260485 -115.843 0 -180 0 0 0 0 0 -0
0 -0 0 -0 0 -0 0 0 1.39849 -54.8082 0 180 0 -0 0 -0 0 -0
inside=0 lambda=0.647 phi=40 theta=15
0 -0 0 -180 0 0 0.029261 10.5755 0.166346 48.6428 0 0 0 -180 0 180 0 0
0 0 0 180 0 -180 0 -0 0.848991 -67.5809 0 -180 0 0 0 180 0 -180
0 -0 0 -180 0 -180 0.0257834 139.974 0.179436 49.5899 0 0 0 180 0 0 0 0
0 -0 0 0 0 0 0 0 0.218492 88.4841 0 -180 0 180 0 -180 0 -180
0 -0 0 -180 0 180 0.0929757 -37.4151 0.172768 53.3441 0 0 0 -180 0 0 0 0
0 -0 0 180 0 180 0 -0 0.183656 115.146 0 -180 0 180 0 -0 0 -0
0 -0 0 -0 0 -0 0.303406 -31.1381 0.404053 -114.725 0 180 0 0 0 0 0 0
0 -0 0 -0 0 -0 0 0 1.46985 -58.2569 0 180 0 -0 0 -0 0 -180
inside=0 lambda=0.647 phi=40 theta=30
0 -0 0 -180 0 0 0.0676388 -36.9291 0.0501162 94.2989 0 0 0 -180 0 180 0 0
0 0 0 180 0 -180 0 -0 0.981276 -68.5862 0 -180 0 -0 0 180 0 -180
0 -0 0 -180 0 -180 0.140625 -114.878 0.289181 44.7609 0 0 0 180 0 0 0 0
0 -0 0 0 0 0 0 0 0.356981 93.6809 0 -180 0 180 0 -180 0 -180
0 -0 0 180 0 180 0.190006 -25.2588 0.290282 47.7025 0 0 0 -180 0 0 0 0
0 -0 0 180 0 180 0 -0 0.326634 108.106 0 -180 0 0 0 -180 0 -180
0 -0 0 -0 0 -180 0.433335 -35.7655 0.307173 -128.409 0 180 0 0 0 0 0 0
0 0 0 -0 0 -0 0 0 1.32523 -64.2189 0 180 0 -180 0 -180 0 -180
inside=0 lambda=0.647 phi=40 theta=45
0 -0 0 -180 0 0 0 -0 0.141873 -149.212 0 0 0 -180 0 180 0 0
0 0 0 0 0 -180 0 -0 1.17499 -67.603 0 -180 0 -0 0 180 0 -180
0 0 0 -0 0 -180 0 -180 0.347852 44.5427 0 0 0 180 0 0 0 0
0 -0 0 0 0 0 0 0 0.38762 101.099 0 -180 0 180 0 -180 0 -180
0 0 0 -180 0 180 0 -0 0.347852 44.5427 0 0 0 -180 0 0 0 0
0 -0 0 0 0 180 0 0 0.38762 101.099 0 -180 0 0 0 -180 0 -180
0 -0 0 -0 0 -180 0 -180 0.141873 -149.212 0 180 0 0 0 0 0 0
0 0 0 -0 0 -0 0 0 1.17499 -67.603 0 180 0 -180 0 -180 0 -180
inside=0 lambda=0.647 phi=45 theta=0
0 -0 0 180 0 180 0.099878 -114.193 0.99442 -113.737 0 180 0 -0 0 180 0 180
0 -0 0 180 0 180 0 -0 0 -0 0 180 0 -0 0 180 0 180
0 -0 0 -0 0 -0 4.37886e-12 -26.3908 2.46738e-12 126.994 0 -180 0 180 0 180 0 180
0 -0 0 -0 0 -0 0 180 0 -180 0 -180 0 180 0 180 0 180
0 0 0 -180 0 -180 2.87047e-12 -5.52672 3.65716e-12 116.107 0 0 0 -180 0 0 0 0
0 0 0 -0 0 0 0 180 0 -180 0 180 0 -180 0 180 0 -180
0 0 0 0 0 0 0.210709 -114.426 0.9799 130.891 0 -180 0 0 0 0 0 0
0 0 0 180 0 -180 0 0 0 -180 0 0 0 0 0 180 0 -180
inside=0 lambda=0.647 phi=45 theta=15
0 -0 0 180 0 180 0.0865243 75.8975 0.823446 -112.644 0 180 0 -0 0 180 0 180
0 -0 0 180 0 180 0 -0 0 -0 0 180 0 -0 0 180 0 180
0 -0 0 -0 0 -0 0.6752 80.8458 0.351223 -70.1042 0 180 0 180 0 180 0 180
0 -0 0 -0 0 -0 0 0 0 0 0 180 0 180 0 180 0 180
0 0 0 -180 0 -180 0.243402 80.5228 0.376676 -85.4294 0 180 0 -180 0 0 0 0
0 0 0 180 0 0 0 -0 0 0 0 180 0 180 0 -180 0 -180
0 -0 0 0 0 0 0.52168 9.39327 0.734751 93.0424 0 -180 0 0 0 0 0 180
0 0 0 -0 0 -180 0 0 0 -180 0 0 0 -0 0 -180 0 -180
inside=0 lambda=0.647 phi=45 theta=30
0 -180 0 180 0 180 0.0715548 -42.9266 0.47275 -107.938 0 180 0 -0 0 180 0 180
0 -0 0 180 0 180 0 -0 0 -180 0 180 0 -0 0 180 0 180
0 -0 0 -0 0 -0 0.213801 120.585 0.854126 -100.157 0 0 0 180 0 180 0 180
0 -0 0 -0 0 -0 0 -180 0 0 0 180 0 180 0 180 0 180
0 -0 0 180 0 -180 0.161558 -76.338 0.844726 -100.078 0 180 0 -180 0 0 0 180
0 -180 0 0 0 0 0 0 0 0 0 180 0 -0 0 -180 0 180
0 -180 0 -0 0 -0 0.186414 -99.8133 0.484766 87.9919 0 -180 0 0 0 0 0 180
0 -0 0 -180 0 -180 0 0 0 -180 0 0 0 180 0 180 0 180
inside=0 lambda=0.647 phi=45 theta=45
0 -180 0 -180 0 0 0 -0 0.0221369 -12.3115 0 180 0 -0 0 -180 0 180
0 -0 0 180 0 180 0 -0 0 -180 0 180 0 -0 0 0 0 180
0 -0 0 -0 0 -180 0 0 0.999755 -102.312 0 0 0 180 0 180 0 180
0 -0 0 -0 0 -0 0 180 0 0 0 180 0 180 0 180 0 180
0 -0 0 0 0 180 0 -0 0.999755 -102.312 0 180 0 -180 0 0 0 180
0 -0 0 180 0 180 0 -0 0 0 0 180 0 -0 0 180 0 180
0 -180 0 -0 0 -0 0 -180 0.0221369 -12.3115 0 -180 0 0 0 180 0 180
0 -0 0 -0 0 -0 0 180 0 -180 0 0 0 180 0 180 0 180
inside=1 lambda=0.647 phi=0 theta=0
0 0 0 -180 0 0 0 0 0.175201 175.441 0 0 0 0 0 -180 0 0
0 180 0 -0 0 180 0 180 0.815751 145.134 0 180 0 180 0 -0 0 180
0 0 0 -0 0 -180 0 180 1.30684e-13 -163.575 0 -0 0 -180 0 180 0 0
0 180 0 -0 0 -0 0 0 1.95035e-12 50.0654 0 -180 0 -0 0 -0 0 180
0 0 0 0 0 -180 0 -180 1.40668e-13 -136.157 0 180 0 -180 0 0 0 0
0 180 0 -180 0 -0 0 0 1.87135e-12 55.1132 0 -0 0 -0 0 -180 0 180
0 0 0 0 0 0 0 -180 0.175201 175.441 0 -180 0 0 0 0 0 0
0 180 0 180 0 180 0 -0 0.815751 145.134 0 -0 0 180 0 180 0 180
inside=1 lambda=0.647 phi=0 theta=15
0 0 0 -180 0 0 0 0 0.175201 175.441 0 0 0 0 0 -180 0 0
0 180 0 -0 0 180 0 180 0.815751 145.134 0 180 0 180 0 -0 0 180
0 0 0 -0 0 -180 0 180 1.30684e-13 -163.575 0 -0 0 -180 0 180 0 0
0 180 0 -0 0 -0 0 0 1.95035e-12 50.0654 0 -180 0 -0 0 -0 0 180
0 0 0 0 0 -180 0 -180 1.40668e-13 -136.157 0 180 0 -180 0 0 0 0
0 180 0 -180 0 -0 0 0 1.87135e-12 55.1132 0 -0 0 -0 0 -180 0 180
0 0 0 0 0 0 0 -180 0.175201 175.441 0 -180 0 0 0 0 0 0
0 180 0 180 0 180 0 -0 0.815751 145.134 0 -0 0 180 0 180 0 180
inside=1 lambda=0.647 phi=0 theta=30
0 0 0 -180 0 0 0 0 0.175201 175.441 0 0 0 0 0 -180 0 0
0 180 0 -0 0 180 0 180 0.815751 145.134 0 180 0 180 0 -0 0 180
0 0 0 -0 0 -180 0 180 1.30684e-13 -163.575 0 -0 0 -180 0 180 0 0
0 180 0 -0 0 -0 0 0 1.95035e-12 50.0654 0 -180 0 -0 0 -0 0 180
0 0 0 0 0 -180 0 -180 1.40668e-13 -136.157 0 180 0 -180 0 0 0 0
0 180 0 -180 0 -0 0 0 1.87135e-12 55.1132 0 -0 0 -0 0 -180 0 180
0 0 0 0 0 0 0 -180 0.175201 175.441 0 -180 0 0 0 0 0 0
0 180 0 180 0 180 0 -0 0.815751 145.134 0 -0 0 180 0 180 0 180
inside=1 lambda=0.647 phi=0 theta=45
0 0 0 -180 0 0 0 0 0.175201 175.441 0 0 0 0 0 -180 0 0
0 180 0 -0 0 180 0 180 0.815751 145.134 0 180 0 180 0 -0 0 180
0 0 0 -0 0 -180 0 180 1.30684e-13 -163.575 0 -0 0 -180 0 180 0 0
0 180 0 -0 0 -0 0 0 1.95035e-12 50.0654 0 -180 0 -0 0 -0 0 180
0 0 0 0 0 -180 0 -180 1.40668e-13 -136.157 0 180 0 -180 0 0 0 0
0 180 0 -180 0 -0 0 0 1.87135e-12 55.1132 0 -0 0 -0 0 -180 0 180
0 0 0 0 0 0 0 -180 0.175201 175.441 0 -180 0 0 0 0 0 0
0 180 0 180 0 180 0 -0 0.815751 145.134 0 -0 0 180 0 180 0 180
inside=1 lambda=0.647 phi=5 theta=0
0 0 0 -180 0 0 0 0 0.173506 175.334 0 0 0 0 0 -180 0 0
0 180 0 -0 0 180 0 180 0.816824 143.522 0 180 0 180 0 -0 0 180
0 0 0 -0 0 -180 0 -180 1.1271e-13 -178.013 0 180 0 -180 0 180 0 0
0 180 0 -180 0 -0 0 -0 8.235e-13 53.3599 0 -0 0 -0 0 0 0 180
0 0 0 -180 0 -180 0 180 5.2222e-14 41.0076 0 180 0 -180 0 0 0 0
0 180 0 -0 0 -0 0 -0 4.83311e-13 51.3365 0 -180 0 -0 0 180 0 180
0 0 0 0 0 0 0 -180 0.175448 175.395 0 -180 0 0 0 0 0 0
0 180 0 180 0 180 0 -0 0.814891 143.519 0 -0 0 180 0 180 0 180
inside=1 lambda=0.647 phi=5 theta=15
0 0 0 -180 0 0 0 0 0.173636 175.338 0 0 0 0 0 -180 0 0
0 180 0 -0 0 180 0 180 0.816694 143.522 0 180 0 180 0 -0 0 180
0 0 0 -0 0 -180 0 -180 0.000465554 -2.60753 0 0 0 -180 0 180 0 0
0 180 0 -180 0 -0 0 -0 0.000505611 161.774 0 180 0 -0 0 0 0 180
0 0 0 -180 0 -180 0 -0 0.000465694 -2.58388 0 0 0 -180 0 0 0 0
0 180 0 -0 0 -0 0 -180 0.00050541 161.698 0 0 0 -0 0 180 0 180
0 0 0 0 0 0 0 -180 0.175318 175.391 0 -180 0 0 0 0 0 0
0 180 0 180 0 180 0 -0 0.815021 143.519 0 -0 0 180 0 180 0 180
inside=1 lambda=0.647 phi=5 theta=30
0 0 0 -180 0 0 0 0 0.173992 175.35 0 0 0 0 0 -180 0 0
0 180 0 -0 0 180 0 180 0.816341 143.521 0 180 0 180 0 -0 0 180
0 0 0 -0 0 -180 0 -180 0.000806414 -2.6025 0 0 0 -180 0 0 0 0
0 180 0 -180 0 -0 0 -0 0.00087567 161.758 0 180 0 -0 0 0 0 180
0 0 0 -180 0 -180 0 -0 0.000806554 -2.58884 0 0 0 -180 0 0 0 0
0 180 0 -0 0 -0 0 -180 0.000875468 161.714 0 0 0 -0 0 180 0 180
0 0 0 0 0 0 0 -180 0.174963 175.38 0 -180 0 0 0 0 0 0
0 180 0 180 0 180 0 -0 0.815374 143.519 0 -0 0 180 0 180 0 180
inside=1 lambda=0.647 phi=5 theta=45
0 0 0 -180 0 0 0 0 0.174477 175.365 0 0 0 0 0 -180 0 0
0 180 0 -0 0 180 0 180 0.815858 143.52 0 180 0 180 0 -0 0 180
0 0 0 -0 0 -180 0 -180 0.000931248 -2.59565 0 0 0 -180 0 0 0 0
0 180 0 -180 0 -0 0 -0 0.00101102 161.736 0 180 0 -0 0 0 0 180
0 0 0 -180 0 -180 0 -0 0.000931248 -2.59565 0 0 0 -180 0 0 0 0
0 180 0 -0 0 -0 0 -180 0.00101102 161.736 0 0 0 -0 0 180 0 180
0 0 0 0 0 0 0 -180 0.174477 175.365 0 -180 0 0 0 0 0 0
0 180 0 180 0 180 0 -0 0.815858 143.52 0 -0 0 180 0 180 0 180
inside=1 lambda=0.647 phi=10 theta=0
0 0 0 -180 0 0 0 0 0.168352 175.095 0 0 0 0 0 -180 0 0
0 180 0 -0 0 180 0 180 0.820076 138.717 0 180 0 180 0 -0 0 180
0 0 0 -0 0 -180 0 180 5.89604e-14 63.1636 0 -180 0 -180 0 180 0 0
0 180 0 -180 0 -0 0 0 8.38381e-14 -130.536 0 180 0 -0 0 0 0 180
0 0 0 -180 0 -180 0 180 1.45928e-13 -8.42989 0 -0 0 -180 0 0 0 0
0 180 0 -0 0 -0 0 -0 2.17615e-13 -175.871 0 180 0 -0 0 180 0 180
0 0 0 0 0 0 0 -180 0.176165 175.335 0 -180 0 0 0 0 0 0
0 180 0 180 0 180 0 -0 0.812291 138.704 0 -0 0 180 0 180 0 180
inside=1 lambda=0.647 phi=10 theta=15
0 0 0 -180 0 0 0 0 0.168874 175.111 0 0 0 0 0 -180 0 0
0 180 0 -0 0 180 0 180 0.819555 138.716 0 180 0 180 0 -0 0 180
0 0 0 -0 0 -180 0 -180 0.00186562 -2.5942 0 0 0 -180 0 0 0 0
0 180 0 -180 0 -0 0 -0 0.00203642 157.007 0 180 0 -0 0 0 0 180
0 0 0 -180 0 -180 0 -0 0.00186806 -2.50933 0 0 0 -180 0 0 0 0
0 180 0 -0 0 -0 0 -180 0.00203316 156.695 0 0 0 -0 0 180 0 180
0 0 0 0 0 0 0 -180 0.175641 175.319 0 -180 0 0 0 0 0 0
0 180 0 180 0 180 0 -0 0.812812 138.705 0 -0 0 180 0 180 0 180
inside=1 lambda=0.647 phi=10 theta=30
0 0 0 -180 0 0 0 0 0.170302 175.156 0 0 0 0 0 -180 0 0
0 180 0 -0 0 180 0 180 0.81813 138.714 0 180 0 180 0 -0 0 180
0 0 0 -0 0 -180 0 -180 0.00323225 -2.57573 0 0 0 -180 0 0 0 0
0 180 0 -180 0 -0 0 -0 0.00352595 156.939 0 180 0 -0 0 0 0 180
0 0 0 -180 0 -180 0 -0 0.00323469 -2.52675 0 0 0 -180 0 0 0 0
0 180 0 -0 0 -0 0 -180 0.00352269 156.759 0 0 0 -0 0 180 0 180
0 0 0 0 0 0 0 -180 0.174209 175.276 0 -180 0 0 0 0 0 0
0 180 0 180 0 180 0 -0 0.814237 138.707 0 -0 0 180 0 180 0 180
inside=1 lambda=0.647 phi=10 theta=45
0 0 0 -180 0 0 0 0 0.172255 175.216 0 0 0 0 0 -180 0 0
0 180 0 -0 0 180 0 180 0.816183 138.71 0 180 0 180 0 -0 0 180
0 0 0 -0 0 -180 0 -180 0.00373369 -2.55098 0 0 0 -180 0 0 0 0
0 180 0 -180 0 -0 0 -0 0.00406951 156.848 0 180 0 -0 0 0 0 180
0 0 0 -180 0 -180 0 -0 0.00373369 -2.55098 0 0 0 -180 0 0 0 0
0 180 0 -0 0 -0 0 -180 0.00406951 156.848 0 0 0 -0 0 180 0 180
0 0 0 0 0 0 0 -180 0.172255 175.216 0 -180 0 0 0 0 0 0
0 180 0 180 0 180 0 -0 0.816183 138.71 0 -0 0 180 0 180 0 180
inside=1 lambda=0.647 phi=15 theta=0
0 -0 0 -180 0 0 0 0 0.159674 174.98 0 0 0 -0 0 -180 0 0
0 180 0 -180 0 0 0 180 0.82559 130.805 0 0 0 180 0 -180 0 0
0 0 0 -0 0 -180 0 180 2.99583e-14 -112.437 0 180 0 -180 0 180 0 0
0 180 0 -180 0 -0 0 0 3.14263e-13 42.0271 0 -180 0 -0 0 0 0 180
0 0 0 -180 0 -180 0 180 1.18268e-13 -58.4596 0 -0 0 -180 0 0 0 0
0 180 0 -180 0 -0 0 180 3.10235e-13 49.335 0 0 0 -0 0 0 0 180
0 0 0 0 0 0 0 -180 0.177403 175.486 0 -180 0 0 0 0 0 0
0 180 0 0 0 180 0 -180 0.807865 130.782 0 -0 0 180 0 0 0 180
inside=1 lambda=0.647 phi=15 theta=15
0 -0 0 -180 0 0 0 0 0.160857 175.016 0 0 0 -0 0 -180 0 0
0 180 0 -180 0 0 0 180 0.824402 130.803 0 0 0 180 0 -0 0 0
0 0 0 -0 0 -180 0 -180 0.00421331 -2.40512 0 0 0 -180 0 0 0 0
0 180 0 -180 0 -0 0 -180 0.00463754 149.225 0 0 0 -0 0 0 0 180
0 0 0 -180 0 -180 0 -0 0.00422676 -2.25549 0 0 0 -180 0 0 0 0
0 180 0 -0 0 -0 0 -180 0.00462056 148.501 0 0 0 -0 0 0 0 180
0 0 0 0 0 0 0 -180 0.176211 175.454 0 -180 0 0 0 0 0 0
0 180 0 180 0 180 0 -180 0.809052 130.783 0 -0 0 180 0 0 0 180
inside=1 lambda=0.647 phi=15 theta=30
0 -0 0 -180 0 0 0 0 0.164092 175.112 0 0 0 -0 0 -180 0 0
0 180 0 -180 0 0 0 180 0.821159 130.797 0 0 0 180 0 -0 0 0
0 0 0 -0 0 -180 0 -180 0.00730273 -2.37129 0 0 0 -180 0 0 0 0
0 180 0 -180 0 -0 0 -180 0.00802571 149.062 0 0 0 -0 0 0 0 180
0 0 0 -180 0 -180 0 -0 0.00731616 -2.28506 0 0 0 -180 0 0 0 0
0 180 0 -0 0 -0 0 -180 0.00800876 148.644 0 0 0 -0 0 0 0 180
0 0 0 0 0 0 0 -180 0.172956 175.365 0 -180 0 0 0 0 0 0
0 180 0 180 0 180 0 -180 0.812296 130.786 0 -0 0 180 0 0 0 180
inside=1 lambda=0.647 phi=15 theta=45
0 0 0 -180 0 0 0 0 0.168519 175.24 0 0 0 -0 0 -180 0 0
0 180 0 -180 0 180 0 180 0.816727 130.791 0 0 0 180 0 -0 0 180
0 0 0 -0 0 -180 0 -180 0.0084403 -2.32712 0 0 0 -180 0 0 0 0
0 180 0 -180 0 -0 0 -0 0.0092572 148.848 0 0 0 -0 0 0 0 180
0 0 0 -180 0 -180 0 -0 0.0084403 -2.32712 0 0 0 -180 0 0 0 0
0 180 0 -0 0 -0 0 -180 0.0092572 148.848 0 0 0 -0 0 0 0 180
0 0 0 0 0 -0 0 -180 0.168519 175.24 0 -180 0 0 0 0 0 0
0 180 0 180 0 180 0 -180 0.816727 130.791 0 -0 0 180 0 0 0 180
inside=1 lambda=0.647 phi=20 theta=0
0 -0 0 -180 0 0 0 0 0.147838 175.451 0 0 0 -0 0 -180 0 0
0 180 0 -180 0 0 0 0 0.833448 119.934 0 0 0 180 0 -180 0 0
0 0 0 -0 0 -180 0 -0 1.68947e-14 162.719 0 180 0 -180 0 180 0 0
0 180 0 -180 0 -180 0 -180 9.49287e-14 -158.769 0 -0 0 -0 0 0 0 0
0 0 0 -180 0 -180 0 -0 6.04649e-14 44.5254 0 180 0 -180 0 0 0 0
0 180 0 -180 0 -0 0 -180 2.96538e-13 -148.824 0 -180 0 -0 0 0 0 180
0 0 0 0 0 0 0 -180 0.179667 176.19 0 -180 0 0 0 0 0 0
0 180 0 0 0 180 0 -180 0.801406 119.91 0 -180 0 180 0 0 0 180
inside=1 lambda=0.647 phi=20 theta=15
0 -0 0 -180 0 0 0 0 0.149956 175.507 0 0 0 -0 0 -180 0 0
0 180 0 -180 0 0 0 0 0.831301 119.93 0 0 0 180 0 -180 0 0
0 0 0 -0 0 -180 0 -180 0.00755335 -1.82761 0 0 0 -180 0 0 0 0
0 180 0 -180 0 -180 0 -180 0.0083991 138.656 0 0 0 -0 0 0 0 0
0 0 0 -180 0 -180 0 -0 0.00759606 -1.67268 0 0 0 -180 0 0 0 0
0 180 0 -180 0 -0 0 -180 0.00834151 137.316 0 0 0 -0 0 0 0 180
0 0 0 0 0 0 0 -180 0.177518 176.146 0 -180 0 0 0 0 0 0
0 180 0 0 0 180 0 -180 0.803553 119.909 0 -180 0 180 0 0 0 180
inside=1 lambda=0.647 phi=20 theta=30
0 -0 0 -180 0 0 0 0 0.155751 175.656 0 0 0 -0 0 -180 0 0
0 180 0 -180 0 0 0 0 0.825437 119.922 0 0 0 180 0 -180 0 0
0 0 0 -0 0 -180 0 -180 0.0130993 -1.79033 0 0 0 -180 0 0 0 0
0 180 0 -180 0 -180 0 -180 0.0145234 138.339 0 0 0 -0 0 0 0 0
0 0 0 -180 0 -180 0 -0 0.0131418 -1.70127 0 0 0 -180 0 0 0 0
0 180 0 -180 0 -0 0 -180 0.0144661 137.568 0 0 0 -180 0 0 0 0
0 0 0 0 0 -0 0 -180 0.171662 176.023 0 -180 0 0 0 0 0 0
0 180 0 0 0 180 0 -180 0.809417 119.909 0 -180 0 0 0 0 0 0
inside=1 lambda=0.647 phi=20 theta=45
0 -0 0 -180 0 0 0 0 0.163691 175.846 0 0 0 -0 0 -180 0 0
0 180 0 -180 0 0 0 0 0.817427 119.913 0 0 0 180 0 -180 0 0
0 0 0 -0 0 -180 0 -180 0.0151507 -1.74364 0 0 0 -180 0 0 0 0
0 180 0 -180 0 -180 0 -180 0.0167353 137.937 0 0 0 -0 0 0 0 0
0 0 0 -180 0 -180 0 -0 0.0151507 -1.74364 0 0 0 -180 0 0 0 0
0 180 0 -180 0 -0 0 -180 0.0167353 137.937 0 0 0 -180 0 0 0 0
0 -0 0 0 0 -0 0 -180 0.163691 175.846 0 -180 0 0 0 0 0 0
0 180 0 0 0 180 0 -180 0.817427 119.913 0 -180 0 0 0 0 0 0
inside=1 lambda=0.647 phi=25 theta=0
0 -0 0 -180 0 0 0 0 0.134144 177.079 0 0 0 -0 0 -180 0 0
0 180 0 -180 0 0 0 0 0.843721 106.324 0 0 0 180 0 -180 0 0
0 -0 0 -0 0 -180 0 180 1.31069e-14 -87.5942 0 180 0 180 0 180 0 0
0 180 0 -180 0 -180 0 -180 1.89909e-13 28.0056 0 180 0 -0 0 0 0 0
0 0 0 -180 0 -180 0 -0 4.04546e-15 -114.402 0 -0 0 -180 0 0 0 0
0 0 0 -180 0 -180 0 180 1.03181e-13 20.3937 0 180 0 -180 0 0 0 0
0 0 0 0 0 0 0 -180 0.184417 177.74 0 -180 0 0 0 0 0 0
0 0 0 0 0 0 0 -180 0.7925 106.313 0 -180 0 0 0 0 0 0
inside=1 lambda=0.647 phi=25 theta=15
0 -0 0 -180 0 0 0 0 0.137487 177.138 0 0 0 -0 0 -180 0 0
0 180 0 -180 0 0 0 0 0.840287 106.318 0 0 0 180 0 -180 0 0
0 -0 0 -0 0 -180 0 -180 0.0120343 -0.719637 0 0 0 180 0 0 0 0
0 180 0 -180 0 -180 0 -180 0.0134893 125.563 0 0 0 -0 0 0 0 0
0 0 0 -180 0 -180 0 -0 0.0121189 -0.682108 0 0 0 -180 0 0 0 0
0 0 0 -180 0 -0 0 -180 0.0133297 123.376 0 0 0 -180 0 0 0 0
0 0 0 0 0 0 0 -180 0.181019 177.709 0 -180 0 0 0 0 0 0
0 180 0 0 0 180 0 -180 0.795929 106.306 0 -180 0 0 0 0 0 0
inside=1 lambda=0.647 phi=25 theta=30
0 -0 0 -180 0 0 0 0 0.146635 177.287 0 0 0 -0 0 -180 0 0
0 180 0 -180 0 0 0 0 0.830906 106.304 0 0 0 180 0 -180 0 0
0 0 0 -0 0 -180 0 -180 0.0208773 -0.708437 0 0 0 180 0 0 0 0
0 180 0 -180 0 -180 0 -180 0.0232922 125.015 0 0 0 -0 0 0 0 0
0 0 0 -180 0 -180 0 -0 0.0209612 -0.685742 0 0 0 -180 0 0 0 0
0 180 0 -180 0 -0 0 -180 0.0231347 123.762 0 0 0 -180 0 0 0 0
0 -0 0 0 0 -0 0 -180 0.171762 177.615 0 -180 0 0 0 0 0 0
0 180 0 0 0 180 0 -180 0.805299 106.295 0 -180 0 0 0 0 0 0
inside=1 lambda=0.647 phi=25 theta=45
0 -0 0 -180 0 0 0 0 0.159172 177.464 0 0 0 -0 0 -180 0 0
0 180 0 -180 0 0 0 0 0.8181 106.294 0 0 0 180 0 -180 0 0
0 0 0 -0 0 -180 0 -180 0.0241566 -0.695128 0 0 0 180 0 0 0 0
0 180 0 -180 0 -180 0 -180 0.0267975 124.348 0 0 0 -0 0 0 0 0
0 0 0 -180 0 180 0 -0 0.0241566 -0.695128 0 0 0 -180 0 0 0 0
0 180 0 -180 0 -0 0 -180 0.0267975 124.348 0 0 0 -180 0 0 0 0
0 -0 0 0 0 -0 0 -180 0.159172 177.464 0 -180 0 0 0 0 0 0
0 180 0 0 0 180 0 -180 0.8181 106.294 0 -180 0 0 0 0 0 0
inside=1 lambda=0.647 phi=30 theta=0
0 -0 0 -180 0 0 0 0 0.120763 -179.917 0 0 0 -0 0 -180 0 0
0 180 0 -180 0 0 0 0 0.856565 90.2768 0 0 0 180 0 -180 0 0
0 -0 0 -0 0 -180 0 180 5.33688e-15 39.6623 0 -0 0 180 0 180 0 0
0 180 0 -180 0 -180 0 -0 1.2844e-13 179.619 0 0 0 -0 0 0 0 0
0 0 0 -180 0 -180 0 180 1.12518e-14 40.905 0 -0 0 -180 0 0 0 0
0 0 0 -180 0 -180 0 -0 7.01437e-15 131.496 0 0 0 -180 0 0 0 0
0 0 0 0 0 0 0 -180 0.194177 -179.96 0 -180 0 0 0 0 0 0
0 0 0 0 0 0 0 -180 0.780474 90.3008 0 -180 0 0 0 0 0 0
inside=1 lambda=0.647 phi=30 theta=15
0 -0 0 -180 0 0 0 0 0.125673 -179.911 0 0 0 -0 0 -180 0 0
0 180 0 -180 0 0 0 0 0.851447 90.2661 0 0 0 180 0 -180 0 0
0 -0 0 -0 0 -180 0 -180 0.0180336 0.732455 0 0 0 180 0 0 0 0
0 180 0 -180 0 -180 0 -180 0.0202024 110.183 0 0 0 -0 0 0 0 0
0 0 0 -180 0 -180 0 -0 0.0181044 0.569988 0 0 0 -180 0 0 0 0
0 0 0 -180 0 -180 0 -180 0.0198092 106.924 0 0 0 -180 0 0 0 0
0 0 0 0 0 -0 0 -180 0.189261 -179.939 0 -180 0 0 0 0 0 0
0 180 0 0 0 180 0 -180 0.785553 90.2796 0 -180 0 0 0 0 0 0
inside=1 lambda=0.647 phi=30 theta=30
0 -0 0 -180 0 0 0 0 0.139097 -179.896 0 0 0 -0 0 -180 0 0
0 180 0 -180 0 0 0 0 0.837482 90.243 0 0 0 180 0 -180 0 0
0 -0 0 -0 0 -180 0 -180 0.0312591 0.689791 0 0 0 180 0 0 0 0
0 0 0 -180 0 -180 0 -180 0.0348017 109.302 0 0 0 -0 0 0 0 0
0 0 0 -180 0 180 0 -0 0.0313314 0.605323 0 0 0 -180 0 0 0 0
0 0 0 -180 0 -180 0 -180 0.0344196 107.452 0 0 0 -180 0 0 0 0
0 -0 0 0 0 -0 0 -180 0.17582 -179.904 0 -180 0 0 0 0 0 0
0 180 0 0 0 180 0 -180 0.79944 90.2429 0 -180 0 0 0 0 0 0
inside=1 lambda=0.647 phi=30 theta=45
0 -0 0 -180 0 0 0 0 0.157453 -179.889 0 0 0 -0 0 -180 0 0
0 180 0 -180 0 0 0 0 0.818443 90.2288 0 0 0 180 0 -180 0 0
0 0 0 -0 0 -180 0 -180 0.0361361 0.646537 0 0 0 180 0 0 0 0
0 0 0 -180 0 -180 0 -180 0.0399426 108.292 0 0 0 -0 0 0 0 0
0 0 0 -180 0 180 0 -0 0.0361361 0.646537 0 0 0 -180 0 0 0 0
0 0 0 -180 0 -0 0 -180 0.0399426 108.292 0 0 0 -180 0 0 0 0
0 -0 0 0 0 -0 0 -180 0.157453 -179.889 0 -180 0 0 0 0 0 0
0 180 0 0 0 180 0 -180 0.818443 90.2288 0 -180 0 0 0 0 0 0
inside=1 lambda=0.647 phi=35 theta=0
0 -0 0 -180 0 0 0 0 0.109107 -176.48 0 0 0 -0 0 -180 0 0
0 180 0 -180 0 0 0 0 0.872472 72.1771 0 0 0 180 0 -180 0 0
0 -0 0 -0 0 -180 0 180 1.21664e-14 -12.8389 0 -0 0 180 0 180 0 0
0 0 0 180 0 -180 0 -0 1.53997e-14 -34.1162 0 180 0 -180 0 -0 0 0
0 0 0 -180 0 -180 0 -0 3.38029e-14 127.905 0 -0 0 -180 0 0 0 0
0 0 0 -180 0 -180 0 180 9.04024e-14 -6.82849 0 180 0 -180 0 0 0 0
0 0 0 0 0 0 0 -180 0.211382 -177.635 0 -180 0 0 0 0 0 0
0 0 0 0 0 0 0 -180 0.764499 72.2904 0 -180 0 0 0 0 0 0
inside=1 lambda=0.647 phi=35 theta=15
0 -0 0 -180 0 0 0 0 0.11605 -176.61 0 0 0 -0 0 -180 0 0
0 180 0 -180 0 0 0 0 0.865164 72.1594 0 0 0 180 0 -180 0 0
0 -0 0 -0 0 -180 0 -180 0.0262141 1.85361 0 0 0 180 0 0 0 0
0 0 0 180 0 -180 0 -180 0.0289816 92.7176 0 0 0 -180 0 -0 0 0
0 0 0 -180 0 -180 0 -0 0.0260422 1.67167 0 0 0 -180 0 0 0 0
0 0 0 -180 0 -180 0 180 0.0281045 88.1985 0 -0 0 -180 0 0 0 0
0 -0 0 0 0 -0 0 -180 0.204781 -177.551 0 -180 0 0 0 0 0 0
0 0 0 0 0 0 0 -180 0.771639 72.2347 0 -180 0 0 0 0 0 0
inside=1 lambda=0.647 phi=35 theta=30
0 -0 0 -180 0 0 0 0 0.135006 -176.882 0 0 0 -0 0 -180 0 0
0 180 0 -180 0 0 0 0 0.845258 72.1227 0 0 0 180 0 -180 0 0
0 -0 0 -0 0 -180 0 -180 0.0452922 1.78922 0 0 0 180 0 0 0 0
0 0 0 180 0 -180 0 -180 0.0497387 91.3733 0 0 0 -180 0 -0 0 0
0 0 0 -180 0 180 0 -0 0.0451528 1.71048 0 0 0 -180 0 0 0 0
0 0 0 -180 0 -180 0 180 0.0489129 88.8463 0 -0 0 -180 0 0 0 0
0 -0 0 0 0 -0 0 -180 0.18639 -177.371 0 -180 0 0 0 0 0 0
0 180 0 0 0 180 0 -180 0.791245 72.1432 0 -180 0 0 0 0 0 0
inside=1 lambda=0.647 phi=35 theta=45
0 -0 0 -180 0 0 0 0 0.160815 -177.15 0 0 0 -0 0 -180 0 0
0 180 0 -180 0 0 0 0 0.818184 72.1045 0 0 0 180 0 -180 0 0
0 -0 0 -0 0 -180 0 -180 0.0522024 1.74712 0 0 0 180 0 0 0 0
0 0 0 180 0 -180 0 -180 0.0568974 89.9486 0 0 0 -180 0 -0 0 0
0 -0 0 -180 0 180 0 -0 0.0522024 1.74712 0 0 0 -180 0 0 0 0
0 0 0 -180 0 -180 0 180 0.0568974 89.9486 0 -0 0 -180 0 0 0 0
0 -0 0 0 0 -0 0 -180 0.160815 -177.15 0 -180 0 0 0 0 0 0
0 180 0 0 0 180 0 -180 0.818184 72.1045 0 -180 0 0 0 0 0 0
inside=1 lambda=0.647 phi=40 theta=0
0 -0 0 -180 0 0 0 0 0.0972398 -174.779 0 0 0 -0 0 -180 0 0
0 180 0 -180 0 -0 0 0 0.892528 52.4863 0 -0 0 180 0 -180 0 -0
0 -0 0 -0 0 -180 0 0 6.21098e-14 -45.8064 0 180 0 180 0 180 0 0
0 0 0 180 0 -180 0 -180 1.544e-13 140.732 0 180 0 -180 0 -0 0 0
0 0 0 -180 0 -180 0 180 8.12439e-14 100.084 0 180 0 -180 0 0 0 0
0 0 0 -180 0 -180 0 180 2.90858e-13 152.093 0 180 0 -180 0 0 0 0
0 0 0 0 0 0 0 -180 0.235948 -176.163 0 -180 0 0 0 0 0 0
0 0 0 0 0 0 0 180 0.743929 52.8452 0 -180 0 0 0 0 0 0
inside=1 lambda=0.647 phi=40 theta=15
0 -0 0 -180 0 0 0 0 0.106814 -175.057 0 0 0 -0 0 -180 0 0
0 180 0 -180 0 -0 0 0 0.882378 52.4577 0 -0 0 180 0 -180 0 -0
0 -0 0 -0 0 -180 0 -180 0.0373169 1.81134 0 0 0 180 0 0 0 0
0 0 0 180 0 -180 0 -180 0.0403627 73.4662 0 -0 0 -180 0 -0 0 0
0 0 0 -180 0 -180 0 -0 0.0364509 2.21884 0 0 0 -180 0 0 0 0
0 0 0 -180 0 -180 0 180 0.0386012 67.5307 0 -0 0 -180 0 0 0 0
0 -0 0 0 0 -0 0 -180 0.227914 -176.108 0 -180 0 0 0 0 0 0
0 0 0 0 0 0 0 180 0.753537 52.6976 0 -180 0 0 0 0 0 0
inside=1 lambda=0.647 phi=40 theta=30
0 -0 0 -180 0 0 0 0 0.133095 -175.533 0 0 0 -0 0 -180 0 0
0 180 0 -180 0 -0 0 0 0.854795 52.4091 0 -0 0 180 0 -180 0 -0
0 -0 0 -0 0 -180 0 -180 0.0640552 1.89021 0 0 0 180 0 0 0 0
0 0 0 180 0 -180 0 -180 0.0688831 71.4558 0 -0 0 -180 0 -0 0 0
0 0 0 -180 0 180 0 -0 0.0633941 2.14252 0 0 0 -180 0 0 0 0
0 0 0 -180 0 -180 0 180 0.0673202 68.2145 0 -0 0 -180 0 0 0 0
0 -0 0 0 0 -0 0 -180 0.203743 -176.033 0 -180 0 0 0 0 0 0
0 0 0 0 0 180 0 180 0.780299 52.4881 0 -180 0 0 0 0 0 0
inside=1 lambda=0.647 phi=40 theta=45
0 -0 0 -180 0 0 0 0 0.168802 -175.871 0 0 0 -0 0 -180 0 0
0 180 0 -180 0 -0 0 0 0.817382 52.3977 0 0 0 180 0 -180 0 -0
0 -0 0 -0 0 -180 0 -180 0.0735154 2.02674 0 0 0 180 0 0 0 0
0 0 0 180 0 -180 0 -180 0.0785003 69.5517 0 0 0 -180 0 -0 0 0
0 -0 0 -180 0 180 0 -0 0.0735154 2.02674 0 0 0 -180 0 0 0 0
0 0 0 -180 0 -180 0 180 0.0785003 69.5517 0 -0 0 -180 0 0 0 0
0 -0 0 0 0 -0 0 -180 0.168802 -175.871 0 -180 0 0 0 0 0 0
0 180 0 0 0 180 0 -180 0.817382 52.3977 0 -180 0 -0 0 0 0 -0
inside=1 lambda=0.647 phi=45 theta=0
0 -0 0 180 0 0 0 -0 0.0824748 -175.985 0 0 0 -0 0 180 0 0
0 180 0 -180 0 -0 0.0216892 -28.2344 0.915893 31.8206 0 -0 0 180 0 -180 0 -0
0 -0 0 -0 0 -180 0 -0 3.00468e-14 -59.8902 0 180 0 180 0 180 0 0
0 0 0 180 0 180 1.43411e-13 -24.2733 5.04634e-14 106.645 0 180 0 -180 0 -0 0 -0
0 0 0 -180 0 -180 0 180 2.83428e-13 117.72 0 180 0 -180 0 0 0 0
0 0 0 -180 0 -180 9.93684e-13 -103.881 2.70789e-13 75.2613 0 0 0 -180 0 0 0 0
0 0 0 0 0 0 0 -180 0.258594 -176.821 0 -180 0 0 0 0 0 0
0 0 0 0 0 0 0.274963 158.948 0.713881 33.1723 0 -180 0 0 0 0 0 0
inside=1 lambda=0.647 phi=45 theta=15
0 -0 0 -180 0 0 0 -0 0.0926792 -177.262 0 0 0 -0 0 180 0 0
0 180 0 -180 0 -0 0 0 0.904575 31.6867 0 -0 0 180 0 -180 0 -0
0 -0 0 -0 0 -180 0 -180 0.0518553 0.191421 0 0 0 180 0 0 0 0
0 0 0 180 0 180 0 180 0.0549375 53.1902 0 -0 0 -180 0 -0 0 -0
0 0 0 -180 0 180 0 -0 0.0496417 2.2664 0 0 0 -180 0 0 0 0
0 0 0 -180 0 -180 0 180 0.0516764 45.5547 0 -0 0 -180 0 -0 0 -0
0 -0 0 0 0 -0 0 -180 0.255488 -175.765 0 -180 0 0 0 0 0 0
0 0 0 0 0 0 0 180 0.731101 32.3565 0 -180 0 0 0 -0 0 -0
inside=1 lambda=0.647 phi=45 theta=30
0 -0 0 -180 0 0 0 0 0.128382 -177.137 0 0 0 -0 0 180 0 0
0 180 0 180 0 -0 0 0 0.867251 31.6238 0 -0 0 180 0 -180 0 -0
0 -0 0 -0 0 -180 0 -180 0.0879769 0.816479 0 0 0 180 0 0 0 0
0 0 0 180 0 180 0 180 0.0928849 50.0198 0 -0 0 -180 0 -0 0 -0
0 -0 0 -180 0 180 0 -0 0.0867072 1.8117 0 0 0 -180 0 0 0 0
0 0 0 -180 0 -180 0 180 0.0903394 46.012 0 -0 0 180 0 -0 0 -0
0 -0 0 0 0 -0 0 -180 0.224956 -176.465 0 -180 0 0 0 0 0 0
0 0 0 0 0 180 0 180 0.766641 31.8552 0 -180 0 -0 0 -0 0 -0
inside=1 lambda=0.647 phi=45 theta=45
0 -0 0 -180 0 0 0 0 0.17735 -176.904 0 0 0 -0 0 -180 0 0
0 0 0 180 0 -0 0 0 0.81667 31.6536 0 -0 0 180 0 -180 0 -0
0 -0 0 -0 0 -180 0 -180 0.100684 1.37166 0 0 0 180 0 0 0 0
0 0 0 180 0 180 0 180 0.105501 47.5431 0 -0 0 -180 0 -0 0 -0
0 -0 0 -180 0 180 0 -0 0.100684 1.37166 0 0 0 -180 0 0 0 0
0 0 0 180 0 -180 0 180 0.105501 47.5431 0 -0 0 180 0 -0 0 -0
0 -0 0 0 0 -0 0 -180 0.17735 -176.904 0 -180 0 0 0 0 0 0
0 0 0 0 0 180 0 180 0.81667 31.6536 0 -180 0 -0 0 -0 0 -0
