RSoft_BSDF_File_Version 2
1 0 5 2 1 0.64
0.3 0.3
-1 1
-1 1
1 0.647 0.647
10 0 45 0.5
4 0 45
Begin_Dispersion_Data
0.647 1.45662 0 1 0 0
End_Dispersion_Data
inside=0 lambda=0.647 phi=0 theta=0
0 -180 0 -180 0 -180 0 0 0.185855 0.0250984 0 0 0 -180 0 -180 0 -180
0 180 0 180 0 180 0 -0 1.18588 -2.3147 0 -0 0 180 0 180 0 180
0 -180 0 -0 0 0 0 -0 8.01465e-15 -150.647 0 180 0 0 0 180 0 -180
0 180 0 0 0 -0 0 0 4.24108e-13 -93.2044 0 -180 0 -0 0 180 0 180
0 -180 0 180 0 0 0 -0 4.6539e-15 -77.5493 0 180 0 0 0 -0 0 -180
0 180 0 -180 0 -0 0 -180 4.31407e-13 -91.9956 0 -180 0 -0 0 0 0 180
0 -180 0 0 0 -180 0 -180 0.185855 0.0250984 0 -180 0 -180 0 0 0 -180
0 180 0 -0 0 180 0 180 1.18588 -2.3147 0 180 0 180 0 -0 0 180
inside=0 lambda=0.647 phi=0 theta=15
0 -180 0 -180 0 -180 0 0 0.185855 0.0250984 0 0 0 -180 0 -180 0 -180
0 180 0 180 0 180 0 -0 1.18588 -2.3147 0 -0 0 180 0 180 0 180
0 -180 0 -0 0 0 0 -0 8.01465e-15 -150.647 0 180 0 0 0 180 0 -180
0 180 0 0 0 -0 0 0 4.24108e-13 -93.2044 0 -180 0 -0 0 180 0 180
0 -180 0 180 0 0 0 -0 4.6539e-15 -77.5493 0 180 0 0 0 -0 0 -180
0 180 0 -180 0 -0 0 -180 4.31407e-13 -91.9956 0 -180 0 -0 0 0 0 180
0 -180 0 0 0 -180 0 -180 0.185855 0.0250984 0 -180 0 -180 0 0 0 -180
0 180 0 -0 0 180 0 180 1.18588 -2.3147 0 180 0 180 0 -0 0 180
inside=0 lambda=0.647 phi=0 theta=30
0 -180 0 -180 0 -180 0 0 0.185855 0.0250984 0 0 0 -180 0 -180 0 -180
0 180 0 180 0 180 0 -0 1.18588 -2.3147 0 -0 0 180 0 180 0 180
0 -180 0 -0 0 0 0 -0 8.01465e-15 -150.647 0 180 0 0 0 180 0 -180
0 180 0 0 0 -0 0 0 4.24108e-13 -93.2044 0 -180 0 -0 0 180 0 180
0 -180 0 180 0 0 0 -0 4.6539e-15 -77.5493 0 180 0 0 0 -0 0 -180
0 180 0 -180 0 -0 0 -180 4.31407e-13 -91.9956 0 -180 0 -0 0 0 0 180
0 -180 0 0 0 -180 0 -180 0.185855 0.0250984 0 -180 0 -180 0 0 0 -180
0 180 0 -0 0 180 0 180 1.18588 -2.3147 0 180 0 180 0 -0 0 180
inside=0 lambda=0.647 phi=0 theta=45
0 -180 0 -180 0 -180 0 0 0.185855 0.0250984 0 0 0 -180 0 -180 0 -180
0 180 0 180 0 180 0 -0 1.18588 -2.3147 0 -0 0 180 0 180 0 180
0 -180 0 -0 0 0 0 -0 8.01465e-15 -150.647 0 180 0 0 0 180 0 -180
0 180 0 0 0 -0 0 0 4.24108e-13 -93.2044 0 -180 0 -0 0 180 0 180
0 -180 0 180 0 0 0 -0 4.6539e-15 -77.5493 0 180 0 0 0 -0 0 -180
0 180 0 -180 0 -0 0 -180 4.31407e-13 -91.9956 0 -180 0 -0 0 0 0 180
0 -180 0 0 0 -180 0 -180 0.185855 0.0250984 0 -180 0 -180 0 0 0 -180
0 180 0 -0 0 180 0 180 1.18588 -2.3147 0 180 0 180 0 -0 0 180
inside=0 lambda=0.647 phi=5 theta=0
0 180 0 -180 0 -180 0 0 0.183759 -0.034128 0 0 0 180 0 -180 0 -180
0 180 0 180 0 180 0 -0 1.1838 -5.16865 0 -0 0 180 0 180 0 180
0 -180 0 -0 0 0 0 180 1.05428e-14 112.399 0 180 0 0 0 180 0 -180
0 180 0 0 0 -0 0 -180 5.14635e-13 85.5707 0 -180 0 -0 0 -180 0 180
0 -180 0 -180 0 0 0 -0 8.86695e-15 93.4748 0 180 0 0 0 0 0 -180
0 180 0 180 0 -0 0 0 6.02166e-13 84.3965 0 -180 0 -0 0 -0 0 180
0 -180 0 0 0 -180 0 -180 0.187918 -0.0408093 0 -180 0 -180 0 0 0 -180
0 180 0 -0 0 180 0 180 1.18796 -5.1809 0 180 0 180 0 -0 0 180
inside=0 lambda=0.647 phi=5 theta=15
0 -180 0 -180 0 -180 0 0 0.184037 -0.0345848 0 0 0 -180 0 -180 0 -180
0 180 0 180 0 180 0 -0 1.18408 -5.16948 0 -0 0 180 0 180 0 180
0 -180 0 -0 0 0 0 -180 0.0010397 179.676 0 0 0 0 0 180 0 -180
0 180 0 0 0 -0 0 180 0.00104292 171.272 0 -0 0 -0 0 -180 0 180
0 -180 0 -180 0 0 0 -0 0.0010397 179.676 0 180 0 0 0 0 0 -180
0 180 0 180 0 -0 0 0 0.00104292 171.273 0 -180 0 -0 0 -0 0 180
0 -180 0 0 0 -180 0 -180 0.187639 -0.0403708 0 -180 0 -180 0 0 0 -180
0 180 0 -0 0 180 0 180 1.18768 -5.18008 0 180 0 180 0 -0 0 180
inside=0 lambda=0.647 phi=5 theta=30
0 -180 0 -180 0 -180 0 0 0.184798 -0.035826 0 0 0 -180 0 -180 0 -180
0 180 0 180 0 180 0 -0 1.18484 -5.17172 0 -0 0 180 0 180 0 180
0 -180 0 -0 0 0 0 -180 0.00180082 179.676 0 0 0 0 0 180 0 -180
0 180 0 0 0 -0 0 180 0.00180639 171.272 0 -0 0 -0 0 -180 0 180
0 -180 0 -180 0 0 0 -0 0.00180082 179.676 0 180 0 0 0 0 0 -180
0 180 0 180 0 -0 0 0 0.00180639 171.273 0 -180 0 -0 0 -0 0 180
0 -180 0 0 0 -180 0 -180 0.186878 -0.0391663 0 -180 0 -180 0 0 0 -180
0 180 0 -0 0 180 0 180 1.18692 -5.17785 0 180 0 180 0 -0 0 180
inside=0 lambda=0.647 phi=5 theta=45
0 -180 0 -180 0 -180 0 0 0.185838 -0.0375053 0 0 0 -180 0 -180 0 -180
0 180 0 180 0 180 0 -0 1.18588 -5.17479 0 -0 0 180 0 180 0 180
0 -180 0 -0 0 0 0 -180 0.0020794 179.676 0 0 0 0 0 180 0 -180
0 180 0 0 0 -0 0 180 0.00208584 171.273 0 -0 0 -0 0 -180 0 180
0 -180 0 -180 0 0 0 -0 0.0020794 179.676 0 180 0 0 0 0 0 -180
0 180 0 180 0 -0 0 0 0.00208584 171.273 0 -180 0 -0 0 -0 0 180
0 -180 0 0 0 -180 0 -180 0.185838 -0.0375053 0 -180 0 -180 0 0 0 -180
0 180 0 -0 0 180 0 180 1.18588 -5.17479 0 180 0 180 0 -0 0 180
inside=0 lambda=0.647 phi=10 theta=0
0 180 0 -180 0 -180 0 0 0.177121 -0.193957 0 0 0 180 0 -180 0 -180
0 180 0 180 0 180 0 -0 1.17733 -13.7835 0 -0 0 180 0 180 0 180
0 180 0 -0 0 0 0 -0 4.19286e-14 76.532 0 -0 0 -0 0 180 0 -180
0 180 0 0 0 -0 0 0 9.96206e-13 76.6525 0 180 0 -0 0 -180 0 180
0 -180 0 -180 0 0 0 -0 4.16474e-14 65.4873 0 -0 0 0 0 0 0 -180
0 180 0 180 0 -0 0 180 1.07797e-12 77.0041 0 0 0 -0 0 -0 0 180
0 -180 0 0 0 -180 0 -180 0.1942 -0.235421 0 -180 0 -180 0 0 0 -180
0 180 0 -0 0 180 0 180 1.19448 -13.8319 0 180 0 180 0 -0 0 180
inside=0 lambda=0.647 phi=10 theta=15
0 180 0 -180 0 -180 0 0 0.178265 -0.19698 0 0 0 180 0 -180 0 -180
0 180 0 180 0 180 0 -0 1.17848 -13.7868 0 -0 0 180 0 180 0 180
0 180 0 -0 0 0 0 -180 0.00427002 179.348 0 0 0 -0 0 180 0 -180
0 180 0 0 0 -0 0 180 0.00429603 162.783 0 -0 0 -0 0 -180 0 180
0 -180 0 -180 0 0 0 -0 0.00427002 179.347 0 180 0 0 0 0 0 -180
0 180 0 180 0 -0 0 0 0.00429597 162.787 0 -180 0 -0 0 -0 0 180
0 -180 0 0 0 -180 0 -180 0.193056 -0.23287 0 -180 0 -180 0 0 0 -180
0 180 0 -0 0 180 0 180 1.19333 -13.8287 0 180 0 180 0 -0 0 180
inside=0 lambda=0.647 phi=10 theta=30
0 180 0 -180 0 -180 0 0 0.181391 -0.205047 0 0 0 180 0 -180 0 -180
0 180 0 180 0 180 0 -0 1.18161 -13.7958 0 -0 0 180 0 180 0 180
0 180 0 -0 0 0 0 -180 0.00739589 179.348 0 0 0 -0 0 180 0 -180
0 180 0 0 0 -0 0 180 0.00744091 162.784 0 -0 0 -0 0 -180 0 180
0 -180 0 -180 0 0 0 -0 0.00739589 179.347 0 180 0 0 0 0 0 -180
0 180 0 180 0 -0 0 0 0.00744086 162.786 0 -180 0 -0 0 -0 0 180
0 -180 0 0 0 180 0 -180 0.189931 -0.225745 0 -180 0 -180 0 0 0 -180
0 180 0 -0 0 180 0 180 1.19019 -13.8199 0 180 0 180 0 -0 0 180
inside=0 lambda=0.647 phi=10 theta=45
0 180 0 -180 0 -180 0 0 0.185661 -0.215631 0 0 0 180 0 -180 0 -180
0 180 0 180 0 180 0 -0 1.1859 -13.8079 0 -0 0 180 0 180 0 180
0 -180 0 -0 0 0 0 -180 0.00854004 179.348 0 0 0 -0 0 180 0 -180
0 180 0 0 0 -0 0 180 0.008592 162.785 0 -0 0 -0 0 -180 0 180
0 -180 0 -180 0 -0 0 -0 0.00854004 179.348 0 180 0 0 0 0 0 -180
0 180 0 180 0 -0 0 0 0.008592 162.785 0 -180 0 -0 0 -0 0 180
0 180 0 0 0 180 0 -180 0.185661 -0.215631 0 -180 0 -180 0 0 0 -180
0 180 0 -0 0 180 0 180 1.1859 -13.8079 0 180 0 180 0 -0 0 180
inside=0 lambda=0.647 phi=15 theta=0
0 180 0 -180 0 -180 0 -0 0.164945 -0.364824 0 0 0 180 0 -180 0 -180
0 180 0 180 0 180 0 -0 1.16565 -28.3354 0 -0 0 180 0 180 0 180
0 180 0 -0 0 0 0 -0 2.12769e-14 50.3563 0 -0 0 -0 0 180 0 -180
0 180 0 0 0 -0 0 0 3.92745e-13 61.0395 0 0 0 -0 0 -180 0 180
0 -180 0 -180 0 0 0 180 1.92745e-14 23.2793 0 -0 0 0 0 0 0 -180
0 180 0 180 0 -0 0 -180 4.17918e-13 59.9813 0 0 0 -0 0 -0 0 180
0 -180 0 0 0 -180 0 -180 0.205028 -0.510756 0 -180 0 -180 0 0 0 -180
0 180 0 -0 0 180 0 180 1.20632 -28.4428 0 180 0 180 0 -0 0 180
inside=0 lambda=0.647 phi=15 theta=15
0 180 0 -180 0 -180 0 -0 0.16763 -0.376771 0 0 0 180 0 -180 0 -180
0 180 0 180 0 180 0 -0 1.16837 -28.3428 0 -0 0 180 0 180 0 180
0 180 0 -0 0 0 0 -180 0.0100224 178.903 0 0 0 -0 0 180 0 -180
0 180 0 0 0 -0 0 180 0.0101851 148.404 0 -0 0 -0 0 -180 0 180
0 -180 0 -180 0 0 0 -180 0.0100224 178.902 0 180 0 0 0 0 0 -180
0 180 0 180 0 -0 0 0 0.0101849 148.412 0 -180 0 -0 0 -0 0 180
0 -180 0 0 0 180 0 -180 0.202343 -0.50277 0 -180 0 -180 0 0 0 -180
0 180 0 -0 0 180 0 180 1.2036 -28.4359 0 180 0 180 0 -0 0 180
inside=0 lambda=0.647 phi=15 theta=30
0 180 0 -180 0 -180 0 0 0.174966 -0.407542 0 0 0 180 0 -180 0 -180
0 180 0 180 0 180 0 -0 1.17581 -28.363 0 -0 0 180 0 180 0 180
0 180 0 -0 0 0 0 -180 0.0173594 178.903 0 0 0 -0 0 180 0 -180
0 180 0 0 0 -0 0 180 0.017641 148.406 0 -0 0 -0 0 -180 0 180
0 -180 0 -180 0 -0 0 -0 0.0173593 178.902 0 180 0 0 0 0 0 -180
0 180 0 180 0 -0 0 0 0.0176408 148.411 0 -180 0 -0 0 -0 0 180
0 180 0 0 0 180 0 -180 0.195007 -0.479849 0 -180 0 -180 0 0 0 -180
0 180 0 -0 0 180 0 180 1.19615 -28.4167 0 180 0 180 0 -0 0 180
inside=0 lambda=0.647 phi=15 theta=45
0 180 0 -180 0 -180 0 0 0.184987 -0.44564 0 0 0 180 0 -180 0 -180
0 180 0 180 0 180 0 -0 1.18598 -28.3901 0 -0 0 180 0 180 0 180
0 180 0 -0 0 0 0 -180 0.0200448 178.902 0 0 0 -0 0 180 0 -180
0 180 0 0 0 -0 0 180 0.0203699 148.409 0 -0 0 -0 0 -180 0 180
0 180 0 -180 0 -0 0 -0 0.0200448 178.902 0 180 0 0 0 0 0 -180
0 180 0 180 0 -0 0 0 0.0203699 148.409 0 -180 0 -0 0 -0 0 180
0 180 0 0 0 180 0 -180 0.184987 -0.44564 0 -180 0 -180 0 0 0 -180
0 180 0 -0 0 180 0 180 1.18598 -28.3901 0 180 0 180 0 -0 0 180
inside=0 lambda=0.647 phi=20 theta=0
0 180 0 180 0 -180 0 -0 0.145778 -0.334388 0 0 0 180 0 180 0 -180
0 180 0 180 0 0 0 -0 1.14694 -49.18 0 -180 0 180 0 180 0 0
0 180 0 -0 0 0 0 -0 3.16263e-14 -140.315 0 180 0 -0 0 180 0 -180
0 180 0 0 0 -180 0 -0 2.82661e-13 -138.133 0 180 0 -0 0 -180 0 0
0 -180 0 -180 0 0 0 180 5.50377e-14 -129.726 0 -0 0 0 0 0 0 -180
0 180 0 180 0 -0 0 -180 3.92231e-13 -135.309 0 0 0 -0 0 -0 0 180
0 -180 0 0 0 -180 0 -180 0.221315 -0.668162 0 -180 0 -180 0 0 0 -180
0 180 0 -0 0 180 0 180 1.22528 -49.3778 0 180 0 180 0 -0 0 180
inside=0 lambda=0.647 phi=20 theta=15
0 180 0 -180 0 -180 0 -0 0.150838 -0.367216 0 0 0 180 0 180 0 -180
0 180 0 180 0 0 0 -0 1.15219 -49.1942 0 -180 0 180 0 180 0 0
0 180 0 -0 0 0 0 -180 0.0188896 178.7 0 0 0 -0 0 180 0 -180
0 180 0 0 0 -180 0 180 0.0196112 127.648 0 -180 0 -0 0 -180 0 0
0 -180 0 -180 0 -0 0 -180 0.0188892 178.699 0 180 0 0 0 0 0 -180
0 180 0 180 0 -0 0 0 0.0196104 127.663 0 -180 0 -0 0 -0 0 180
0 -180 0 0 0 180 0 -180 0.216255 -0.653061 0 -180 0 -180 0 0 0 -180
0 180 0 -0 0 180 0 180 1.22003 -49.3654 0 180 0 180 0 -0 0 180
inside=0 lambda=0.647 phi=20 theta=30
0 180 0 -180 0 -180 0 -0 0.164662 -0.446558 0 0 0 180 0 180 0 -180
0 180 0 180 0 0 0 -0 1.16652 -49.2322 0 -180 0 180 0 180 0 0
0 180 0 -0 0 0 0 -180 0.0327177 178.7 0 0 0 -0 0 180 0 -180
0 180 0 0 0 -180 0 180 0.0339671 127.652 0 -180 0 -0 0 -180 0 0
0 180 0 -180 0 -0 0 -180 0.0327174 178.699 0 180 0 0 0 0 0 -180
0 180 0 180 0 -0 0 0 0.0339663 127.661 0 -180 0 -0 0 -0 0 0
0 180 0 0 0 180 0 -180 0.202432 -0.608004 0 -180 0 -180 0 0 0 -180
0 180 0 -0 0 180 0 180 1.20569 -49.331 0 180 0 0 0 -180 0 0
inside=0 lambda=0.647 phi=20 theta=45
0 180 0 -180 0 -180 0 -0 0.183547 -0.535573 0 0 0 180 0 -180 0 -180
0 180 0 180 0 0 0 -0 1.18611 -49.2825 0 -180 0 180 0 180 0 0
0 180 0 -180 0 0 0 -180 0.0377791 178.7 0 0 0 -0 0 180 0 -180
0 180 0 0 0 -180 0 180 0.0392213 127.657 0 -180 0 -0 0 -180 0 0
0 180 0 -180 0 -0 0 -180 0.0377791 178.7 0 180 0 0 0 0 0 -180
0 180 0 180 0 -0 0 0 0.0392213 127.657 0 -180 0 -180 0 -180 0 0
0 180 0 -0 0 180 0 -180 0.183547 -0.535573 0 -180 0 -180 0 0 0 -180
0 180 0 -0 0 180 0 180 1.18611 -49.2825 0 180 0 0 0 -180 0 0
inside=0 lambda=0.647 phi=25 theta=0
0 180 0 180 0 -180 0 -0 0.117506 -0.0182352 0 0 0 180 0 180 0 -180
0 180 0 180 0 0 0 -0 1.11763 -76.982 0 -180 0 180 0 180 0 0
0 180 0 -0 0 0 0 -0 2.02574e-13 -167.9 0 0 0 -0 0 180 0 -180
0 180 0 0 0 -180 0 -0 1.34422e-12 -164.332 0 0 0 -0 0 -180 0 0
0 -180 0 -180 0 0 0 180 2.66299e-13 -168.101 0 -0 0 0 0 0 0 -180
0 0 0 0 0 -0 0 180 1.50156e-12 -165.944 0 -0 0 -180 0 -180 0 180
0 -180 0 0 0 -180 0 -180 0.246139 -0.311301 0 -180 0 -180 0 0 0 -180
0 0 0 -180 0 180 0 0 1.25446 -77.3439 0 0 0 0 0 -180 0 180
inside=0 lambda=0.647 phi=25 theta=15
0 180 0 180 0 -180 0 -0 0.126123 -0.056959 0 0 0 180 0 180 0 -180
0 180 0 180 0 0 0 -0 1.12679 -77.0093 0 -180 0 180 0 180 0 0
0 180 0 -0 0 0 0 -180 0.0321667 179.428 0 0 0 -0 0 180 0 -180
0 180 0 0 0 -180 0 180 0.0342631 99.6136 0 -180 0 -0 0 -180 0 0
0 -180 0 -180 0 -0 0 -180 0.0321656 179.427 0 180 0 0 0 0 0 -180
0 180 0 180 0 -0 0 0 0.0342605 99.6381 0 -180 0 -180 0 -180 0 0
0 180 0 0 0 180 0 -180 0.237524 -0.301732 0 -180 0 -180 0 0 0 -180
0 180 0 -0 0 180 0 0 1.2453 -77.3224 0 180 0 0 0 -180 0 0
inside=0 lambda=0.647 phi=25 theta=30
0 180 0 180 0 -180 0 -0 0.149665 -0.139551 0 0 0 180 0 180 0 -180
0 180 0 180 0 0 0 -0 1.15183 -77.0814 0 -180 0 180 0 180 0 0
0 180 0 -0 0 0 0 -180 0.055715 179.427 0 0 0 -0 0 180 0 -180
0 180 0 0 0 -180 0 180 0.0593435 99.6227 0 -180 0 -0 0 -180 0 0
0 180 0 -180 0 -0 0 -180 0.0557139 179.427 0 180 0 0 0 0 0 -180
0 180 0 180 0 -0 0 0 0.0593411 99.6363 0 -180 0 -180 0 -180 0 0
0 180 0 -0 0 180 0 -180 0.213985 -0.271511 0 -180 0 -180 0 0 0 -180
0 180 0 -0 0 180 0 0 1.22025 -77.2618 0 180 0 0 0 -180 0 0
inside=0 lambda=0.647 phi=25 theta=45
0 180 0 -180 0 -180 0 -0 0.181826 -0.217343 0 0 0 180 0 180 0 -180
0 180 0 180 0 0 0 -0 1.18604 -77.1744 0 -180 0 180 0 180 0 0
0 180 0 -180 0 0 0 -180 0.0643341 179.427 0 0 0 -0 0 180 0 -180
0 180 0 0 0 -180 0 180 0.0685221 99.6312 0 -180 0 -0 0 -180 0 0
0 180 0 -180 0 -0 0 -180 0.0643341 179.427 0 180 0 0 0 0 0 -180
0 180 0 180 0 -0 0 0 0.0685221 99.6312 0 -180 0 -180 0 -180 0 0
0 180 0 -0 0 180 0 -180 0.181826 -0.217343 0 180 0 -180 0 0 0 -180
0 180 0 -0 0 180 0 180 1.18604 -77.1744 0 180 0 0 0 -180 0 0
inside=0 lambda=0.647 phi=30 theta=0
0 180 0 180 0 -180 0.00254061 -111.606 0.0733487 -0.819484 0 0 0 180 0 180 0 -180
0 180 0 180 0 -0 0 -0 1.07067 -113.051 0 180 0 180 0 180 0 -0
0 180 0 -0 0 0 7.15085e-15 -11.2392 1.52131e-14 -65.6107 0 -0 0 -0 0 180 0 -180
0 180 0 -0 0 180 0 180 7.48831e-14 -10.7397 0 180 0 -0 0 180 0 -0
0 -180 0 -180 0 0 4.85139e-14 42.3165 5.61917e-14 -33.041 0 -0 0 0 0 0 0 -180
0 0 0 0 0 -180 0 180 2.18831e-13 -30.4346 0 -0 0 -180 0 -180 0 0
0 -180 0 0 0 -180 0.00885604 -131.109 0.288762 0.642529 0 -180 0 -180 0 0 0 -180
0 0 0 -180 0 0 0 0 1.29898 -113.738 0 0 0 0 0 -180 0 0
inside=0 lambda=0.647 phi=30 theta=15
0 180 0 180 0 -180 0 -0 0.087778 -0.507359 0 0 0 180 0 180 0 -180
0 180 0 180 0 -0 0 -0 1.08597 -113.107 0 180 0 180 0 180 0 -0
0 180 0 -0 0 0 0 -180 0.0538705 -178.851 0 0 0 -0 0 180 0 -180
0 180 0 -0 0 180 0 0 0.0571985 62.9419 0 -180 0 -0 0 180 0 -0
0 180 0 -180 0 -0 0 -180 0.0538687 -178.851 0 180 0 0 0 0 0 -180
0 0 0 0 0 -180 0 -0 0.057185 62.9816 0 180 0 -180 0 -180 0 0
0 180 0 -0 0 180 0 -180 0.274338 0.616802 0 -180 0 -180 0 0 0 -180
0 0 0 -180 0 0 0 0 1.28369 -113.7 0 0 0 0 0 -180 0 0
inside=0 lambda=0.647 phi=30 theta=30
0 180 0 180 0 -180 0 -0 0.127193 0.00119187 0 0 0 180 0 180 0 -180
0 180 0 180 0 -0 0 -0 1.12774 -113.252 0 180 0 180 0 180 0 -0
0 180 0 -0 0 0 0 180 0.093311 -178.852 0 0 0 -0 0 180 0 -180
0 180 0 -0 0 -180 0 0 0.099059 62.9612 0 -180 0 -0 0 180 0 -0
0 180 0 180 0 -0 0 -180 0.0933096 -178.852 0 180 0 0 0 0 0 -180
0 0 0 0 0 -0 0 -0 0.0990498 62.9821 0 180 0 -180 0 -180 0 0
0 180 0 -0 0 180 0 -180 0.234915 0.526217 0 180 0 -180 0 0 0 -180
0 180 0 -180 0 180 0 0 1.24189 -113.592 0 0 0 0 0 -180 0 0
inside=0 lambda=0.647 phi=30 theta=45
0 180 0 -180 0 -180 0 -0 0.181053 0.341043 0 0 0 180 0 180 0 -180
0 180 0 0 0 0 0 -0 1.18481 -113.431 0 -180 0 180 0 180 0 -0
0 180 0 -180 0 0 0 180 0.107747 -178.852 0 0 0 -0 0 180 0 -180
0 180 0 -0 0 -180 0 0 0.114376 62.9756 0 -180 0 -0 0 180 0 0
0 180 0 180 0 -0 0 -180 0.107747 -178.852 0 180 0 0 0 0 0 -180
0 180 0 0 0 -0 0 -0 0.114376 62.9756 0 180 0 -180 0 -180 0 0
0 180 0 -0 0 180 0 -180 0.181053 0.341043 0 180 0 -180 0 0 0 -180
0 180 0 -0 0 180 0 0 1.18481 -113.431 0 180 0 0 0 -180 0 -0
inside=0 lambda=0.647 phi=35 theta=0
0 180 0 180 0 -180 0.00854702 -110.359 0.0108747 -167.56 0 0 0 180 0 180 0 -180
0 0 0 0 0 -0 0 -180 0.988383 -160.411 0 180 0 0 0 0 0 -0
0 180 0 -0 0 0 3.71693e-14 -25.9806 4.11977e-14 -68.3925 0 -0 0 -0 0 180 0 -180
0 0 0 -0 0 180 0 -180 6.82224e-13 -70.4724 0 -180 0 -180 0 180 0 -0
0 -180 0 -180 0 0 2.06356e-14 -113.771 3.5201e-13 -75.3561 0 180 0 0 0 0 0 -180
0 0 0 0 0 -180 0 -0 3.77613e-12 -71.1723 0 180 0 -180 0 -180 0 0
0 -180 0 0 0 -180 0.0112167 -112.734 0.367992 0.633246 0 -180 0 -180 0 0 0 -180
0 0 0 -180 0 0 0 -0 1.37009 -161.547 0 0 0 0 0 -180 0 0
inside=0 lambda=0.647 phi=35 theta=15
0 180 0 180 0 -180 0.00632917 -115.005 0.0148781 -7.50741 0 0 0 180 0 180 0 -180
0 0 0 0 0 -0 0 -180 1.01396 -160.518 0 180 0 0 0 0 0 -0
0 180 0 -0 0 0 0.00048869 69.2139 0.0946502 -179.002 0 0 0 -0 0 180 0 -180
0 0 0 -0 0 180 0 0 0.0956432 15.3938 0 180 0 -180 0 180 0 -0
0 180 0 180 0 -0 0.00313014 -137.557 0.0946526 -179.008 0 180 0 0 0 0 0 -180
0 0 0 0 0 -180 0 -0 0.0955983 15.452 0 180 0 180 0 180 0 -0
0 180 0 -0 0 180 0.00981967 -120.932 0.342629 0.609602 0 -180 0 -180 0 0 0 -180
0 0 0 -180 0 0 0 -0 1.34452 -161.494 0 0 0 -0 0 180 0 -0
inside=0 lambda=0.647 phi=35 theta=30
0 180 0 180 0 -180 0 -0 0.0840371 -0.556549 0 0 0 180 0 180 0 -180
0 0 0 0 0 -0 0 -180 1.08383 -160.781 0 180 0 0 0 0 0 -0
0 180 0 -180 0 0 0 180 0.163962 -178.996 0 0 0 -0 0 180 0 -180
0 0 0 -0 0 180 0 0 0.165609 15.4195 0 180 0 -180 0 180 0 -0
0 180 0 180 0 -0 0 -180 0.163961 -178.998 0 180 0 0 0 0 0 -180
0 0 0 0 0 -180 0 -0 0.165575 15.4547 0 180 0 180 0 180 0 -0
0 180 0 -0 0 180 0 -180 0.273336 0.515812 0 180 0 -180 0 0 0 -180
0 0 0 -180 0 0 0 0 1.27467 -161.336 0 0 0 -0 0 180 0 -0
inside=0 lambda=0.647 phi=35 theta=45
0 180 0 180 0 -180 0 -0 0.178676 0.261776 0 0 0 180 0 180 0 -180
0 0 0 0 0 -0 0 -180 1.17924 -161.083 0 180 0 0 0 0 0 -0
0 180 0 -180 0 0 0 180 0.189332 -178.997 0 0 0 -0 0 180 0 -180
0 0 0 -0 0 180 0 0 0.191203 15.4452 0 180 0 -180 0 180 0 -0
0 180 0 180 0 -0 0 -180 0.189332 -178.997 0 180 0 0 0 0 0 -180
0 0 0 0 0 -180 0 -0 0.191203 15.4452 0 180 0 180 0 180 0 -0
0 180 0 -0 0 180 0 180 0.178676 0.261776 0 180 0 -180 0 0 0 -180
0 0 0 -180 0 0 0 0 1.17924 -161.083 0 0 0 -0 0 180 0 -0
inside=0 lambda=0.647 phi=40 theta=0
0 180 0 180 0 -180 0.0205295 -114.11 0.17575 172.884 0 0 0 180 0 180 0 -180
0 0 0 0 0 -180 0 -180 0.804242 131.803 0 0 0 0 0 0 0 -180
0 180 0 -0 0 0 4.97471e-14 169.682 7.00796e-14 43.8414 0 180 0 -0 0 180 0 -180
0 0 0 -180 0 0 0 0 4.27118e-13 -132.456 0 0 0 -180 0 0 0 -180
0 -180 0 -180 0 0 8.13205e-13 56.8116 1.10022e-12 41.0997 0 -0 0 0 0 0 0 -180
0 -0 0 -0 0 180 0 0 2.98903e-12 -141.441 0 180 0 180 0 180 0 -0
0 -180 0 0 0 -180 0.0158989 -104.649 0.506358 -1.41416 0 -180 0 -180 0 0 0 -180
0 -0 0 180 0 -0 0 -0 1.53685 130.005 0 -0 0 -0 0 180 0 -0
inside=0 lambda=0.647 phi=40 theta=15
0 180 0 180 0 -180 0.015045 -120.602 0.130368 171.495 0 0 0 180 0 180 0 -180
0 0 0 0 0 -180 0 -180 0.853331 131.562 0 0 0 0 0 0 0 -180
0 180 0 -180 0 0 0.00284909 57.765 0.170457 177.185 0 0 0 -0 0 180 0 -180
0 0 0 -180 0 0 0 0 0.183386 -52.1264 0 0 0 -180 0 0 0 -180
0 180 0 180 0 -0 0.00635851 -136.598 0.170443 177.17 0 180 0 0 0 0 0 -180
0 -0 0 -0 0 180 0 -180 0.18333 -52.0219 0 0 0 180 0 180 0 -180
0 180 0 -0 0 180 0.0125063 -112.228 0.460795 -1.25945 0 180 0 -180 0 0 0 -180
0 -0 0 180 0 -0 0 -0 1.48771 130.054 0 -0 0 -0 0 0 0 -180
inside=0 lambda=0.647 phi=40 theta=30
0 180 0 180 0 -180 0.00442609 -135.475 0.0136337 109.13 0 0 0 180 0 180 0 -180
0 0 0 0 0 -180 0 -180 0.987374 131.052 0 0 0 0 0 0 0 -180
0 180 0 -180 0 0 0.00102458 42.6977 0.29539 177.208 0 0 0 -0 0 180 0 -180
0 0 0 -180 0 0 0 0 0.317533 -52.0854 0 0 0 -180 0 0 0 -180
0 180 0 180 0 -0 0.00529321 -155.693 0.295367 177.201 0 180 0 0 0 0 0 -180
0 -0 0 -0 0 180 0 -180 0.317463 -52.0327 0 0 0 0 0 0 0 -180
0 180 0 -0 0 180 0.0077819 -141.445 0.336115 -0.665721 0 180 0 -180 0 0 0 -180
0 0 0 180 0 0 0 -0 1.35357 130.232 0 -0 0 -180 0 0 0 -180
inside=0 lambda=0.647 phi=40 theta=45
0 180 0 180 0 -180 0 -0 0.165824 1.54495 0 0 0 180 0 180 0 -180
0 0 0 0 0 -180 0 -180 1.17043 130.568 0 0 0 0 0 0 0 -180
0 180 0 -180 0 0 0 180 0.341153 177.207 0 0 0 -0 0 180 0 -180
0 0 0 -180 0 0 0 -0 0.366577 -52.0484 0 0 0 -180 0 0 0 -180
0 180 0 180 0 -0 0 -180 0.341153 177.207 0 180 0 0 0 0 0 -180
0 0 0 -0 0 -180 0 -180 0.366577 -52.0484 0 0 0 0 0 0 0 -180
0 180 0 -0 0 180 0 180 0.165824 1.54495 0 180 0 -180 0 0 0 -180
0 0 0 -180 0 0 0 0 1.17043 130.568 0 0 0 -180 0 0 0 -180
inside=0 lambda=0.647 phi=45 theta=0
0 0 0 0 0 -180 0.0473302 -162.948 0.99875 132.021 0 0 0 0 0 0 0 -180
0 -180 0 -180 0 0 0 0 0 0 0 -180 0 -180 0 -180 0 0
0 0 0 -180 0 0 9.19491e-14 123.897 6.15827e-14 -33.1841 0 -180 0 -180 0 0 0 -180
0 -180 0 0 0 -180 0 -180 0 0 0 -180 0 0 0 -180 0 0
0 180 0 180 0 -0 3.03377e-12 -63.4295 1.0499e-11 141.406 0 0 0 -0 0 -0 0 180
0 180 0 180 0 -0 0 180 0 0 0 180 0 -0 0 -0 0 180
0 180 0 -0 0 180 0.02169 -131.446 0.999789 -25.0437 0 180 0 180 0 -0 0 180
0 180 0 -0 0 180 0 180 0 -0 0 180 0 180 0 -0 0 180
inside=0 lambda=0.647 phi=45 theta=15
0 0 0 0 0 -180 0.0309387 -170.111 0.871033 130.254 0 0 0 0 0 0 0 -180
0 -180 0 -180 0 0 0 0 0 0 0 -180 0 -180 0 -180 0 0
0 0 0 -180 0 0 0.0121159 3.76578 0.48989 143.48 0 0 0 -180 0 0 0 -180
0 -180 0 0 0 -180 0 -180 0 180 0 -180 0 0 0 -180 0 0
0 180 0 180 0 -0 0.0121602 -175.667 0.489832 143.471 0 0 0 0 0 0 0 -180
0 -180 0 -180 0 0 0 180 0 180 0 -180 0 -0 0 -0 0 180
0 180 0 -0 0 180 0.0144432 -129.652 0.871602 -23.3422 0 180 0 -180 0 0 0 -180
0 -180 0 0 0 -180 0 -180 0 -0 0 -180 0 180 0 -0 0 180
inside=0 lambda=0.647 phi=45 theta=30
0 0 0 0 0 -180 0.00943686 -176.812 0.528762 121.276 0 0 0 0 0 0 0 -180
0 -180 0 -180 0 0 0 0 0 0 0 -180 0 -180 0 -180 0 0
0 0 0 -180 0 0 0.00918109 -18.4493 0.848628 143.435 0 0 0 -180 0 0 0 -180
0 -180 0 0 0 -180 0 -180 0 180 0 -180 0 0 0 -180 0 0
0 180 0 180 0 -0 0.00932331 170.195 0.848556 143.432 0 0 0 0 0 0 0 -180
0 -180 0 -180 0 0 0 0 0 180 0 -180 0 -0 0 -0 0 0
0 0 0 -0 0 0 0.00669458 -125.176 0.528881 -14.4321 0 180 0 -180 0 0 0 -180
0 -180 0 0 0 -180 0 -180 0 -0 0 -180 0 180 0 -180 0 0
inside=0 lambda=0.647 phi=45 theta=45
0 0 0 0 0 -180 0 -180 0.199514 53.4175 0 0 0 0 0 180 0 -180
0 -180 0 -180 0 0 0 0 0 0 0 -180 0 -180 0 -180 0 0
0 0 0 -180 0 0 0 0 0.979895 143.417 0 0 0 -180 0 0 0 -180
0 -180 0 0 0 -180 0 -180 0 180 0 -180 0 0 0 -180 0 0
0 0 0 0 0 -180 0 -180 0.979895 143.417 0 0 0 0 0 0 0 -180
0 -180 0 -180 0 0 0 0 0 180 0 -180 0 -180 0 -180 0 0
0 0 0 -180 0 0 0 0 0.199514 53.4175 0 180 0 -180 0 0 0 -180
0 -180 0 0 0 -180 0 -180 0 0 0 -180 0 0 0 -180 0 0
inside=1 lambda=0.647 phi=0 theta=0
0 -180 0 -180 0 -180 0 0 0.185855 175.346 0 0 0 -180 0 -180 0 -180
0 180 0 180 0 180 0 -0 0.814131 -2.3147 0 -0 0 180 0 180 0 180
0 -180 0 180 0 0 0 -0 1.10379e-13 -84.9813 0 180 0 0 0 -0 0 -180
0 180 0 -0 0 -0 0 180 3.05916e-13 83.5673 0 180 0 -0 0 -0 0 180
0 -180 0 -0 0 0 0 -0 1.31995e-13 -123.823 0 180 0 0 0 180 0 -180
0 180 0 -180 0 -0 0 0 3.30157e-13 98.1343 0 0 0 -0 0 -180 0 180
0 -180 0 0 0 -180 0 -180 0.185855 175.346 0 -180 0 -180 0 0 0 -180
0 180 0 -0 0 180 0 180 0.814131 -2.3147 0 180 0 180 0 -0 0 180
inside=1 lambda=0.647 phi=0 theta=15
0 -180 0 -180 0 -180 0 0 0.185855 175.346 0 0 0 -180 0 -180 0 -180
0 180 0 180 0 180 0 -0 0.814131 -2.3147 0 -0 0 180 0 180 0 180
0 -180 0 180 0 0 0 -0 1.10379e-13 -84.9813 0 180 0 0 0 -0 0 -180
0 180 0 -0 0 -0 0 180 3.05916e-13 83.5673 0 180 0 -0 0 -0 0 180
0 -180 0 -0 0 0 0 -0 1.31995e-13 -123.823 0 180 0 0 0 180 0 -180
0 180 0 -180 0 -0 0 0 3.30157e-13 98.1343 0 0 0 -0 0 -180 0 180
0 -180 0 0 0 -180 0 -180 0.185855 175.346 0 -180 0 -180 0 0 0 -180
0 180 0 -0 0 180 0 180 0.814131 -2.3147 0 180 0 180 0 -0 0 180
inside=1 lambda=0.647 phi=0 theta=30
0 -180 0 -180 0 -180 0 0 0.185855 175.346 0 0 0 -180 0 -180 0 -180
0 180 0 180 0 180 0 -0 0.814131 -2.3147 0 -0 0 180 0 180 0 180
0 -180 0 180 0 0 0 -0 1.10379e-13 -84.9813 0 180 0 0 0 -0 0 -180
0 180 0 -0 0 -0 0 180 3.05916e-13 83.5673 0 180 0 -0 0 -0 0 180
0 -180 0 -0 0 0 0 -0 1.31995e-13 -123.823 0 180 0 0 0 180 0 -180
0 180 0 -180 0 -0 0 0 3.30157e-13 98.1343 0 0 0 -0 0 -180 0 180
0 -180 0 0 0 -180 0 -180 0.185855 175.346 0 -180 0 -180 0 0 0 -180
0 180 0 -0 0 180 0 180 0.814131 -2.3147 0 180 0 180 0 -0 0 180
inside=1 lambda=0.647 phi=0 theta=45
0 -180 0 -180 0 -180 0 0 0.185855 175.346 0 0 0 -180 0 -180 0 -180
0 180 0 180 0 180 0 -0 0.814131 -2.3147 0 -0 0 180 0 180 0 180
0 -180 0 180 0 0 0 -0 1.10379e-13 -84.9813 0 180 0 0 0 -0 0 -180
0 180 0 -0 0 -0 0 180 3.05916e-13 83.5673 0 180 0 -0 0 -0 0 180
0 -180 0 -0 0 0 0 -0 1.31995e-13 -123.823 0 180 0 0 0 180 0 -180
0 180 0 -180 0 -0 0 0 3.30157e-13 98.1343 0 0 0 -0 0 -180 0 180
0 -180 0 0 0 -180 0 -180 0.185855 175.346 0 -180 0 -180 0 0 0 -180
0 180 0 -0 0 180 0 180 0.814131 -2.3147 0 180 0 180 0 -0 0 180
inside=1 lambda=0.647 phi=5 theta=0
0 -180 0 -180 0 -180 0 0 0.184876 172.689 0 0 0 -180 0 -180 0 -180
0 180 0 180 0 180 0 -0 0.815106 -3.65694 0 -0 0 180 0 180 0 180
0 -180 0 -0 0 0 0 -0 8.20391e-14 -97.1338 0 -0 0 0 0 180 0 -180
0 180 0 0 0 -0 0 0 1.96899e-13 86.5949 0 0 0 -0 0 -180 0 180
0 -180 0 -180 0 0 0 180 8.90749e-14 -98.8301 0 -0 0 0 0 0 0 -180
0 180 0 180 0 -0 0 -180 1.84084e-13 85.8872 0 0 0 -0 0 -0 0 180
0 -180 0 0 0 -180 0 -180 0.186824 172.68 0 -180 0 -180 0 0 0 -180
0 180 0 -0 0 180 0 180 0.813157 -3.66272 0 180 0 180 0 -0 0 180
inside=1 lambda=0.647 phi=5 theta=15
0 -180 0 -180 0 -180 0 0 0.185006 172.689 0 0 0 -180 0 -180 0 -180
0 180 0 180 0 180 0 -0 0.814976 -3.65732 0 -0 0 180 0 180 0 180
0 -180 0 -0 0 0 0 -180 0.000487097 -8.17978 0 0 0 0 0 180 0 -180
0 180 0 0 0 -0 0 180 0.000487766 -1.2002 0 -0 0 -0 0 -180 0 180
0 -180 0 -180 0 0 0 -0 0.000487097 -8.17956 0 180 0 0 0 0 0 -180
0 180 0 180 0 -0 0 0 0.000487766 -1.2004 0 -180 0 -0 0 -0 0 180
0 -180 0 0 0 -180 0 -180 0.186693 172.681 0 -180 0 -180 0 0 0 -180
0 180 0 -0 0 180 0 180 0.813288 -3.66233 0 180 0 180 0 -0 0 180
inside=1 lambda=0.647 phi=5 theta=30
0 -180 0 -180 0 -180 0 0 0.185363 172.687 0 0 0 -180 0 -180 0 -180
0 180 0 180 0 180 0 -0 0.814619 -3.65838 0 -0 0 180 0 180 0 180
0 -180 0 -0 0 0 0 -180 0.000843677 -8.17974 0 0 0 0 0 180 0 -180
0 180 0 0 0 -0 0 180 0.000844836 -1.20025 0 -0 0 -0 0 -180 0 180
0 -180 0 -180 0 0 0 -0 0.000843677 -8.17961 0 180 0 0 0 0 0 -180
0 180 0 180 0 -0 0 0 0.000844836 -1.20036 0 -180 0 -0 0 -0 0 180
0 -180 0 0 0 -180 0 -180 0.186337 172.683 0 -180 0 -180 0 0 0 -180
0 180 0 -0 0 180 0 180 0.813644 -3.66127 0 180 0 180 0 -0 0 180
inside=1 lambda=0.647 phi=5 theta=45
0 -180 0 -180 0 -180 0 0 0.18585 172.685 0 0 0 -180 0 -180 0 -180
0 180 0 180 0 180 0 -0 0.814132 -3.65982 0 -0 0 180 0 180 0 180
0 -180 0 -0 0 0 0 -180 0.000974195 -8.17967 0 0 0 0 0 180 0 -180
0 180 0 0 0 -0 0 180 0.000975532 -1.2003 0 -0 0 -0 0 -180 0 180
0 -180 0 -180 0 0 0 -0 0.000974195 -8.17967 0 180 0 0 0 0 0 -180
0 180 0 180 0 -0 0 0 0.000975532 -1.2003 0 -180 0 -0 0 -0 0 180
0 -180 0 0 0 -180 0 -180 0.18585 172.685 0 -180 0 -180 0 0 0 -180
0 180 0 -0 0 180 0 180 0.814132 -3.65982 0 180 0 180 0 -0 0 180
inside=1 lambda=0.647 phi=10 theta=0
0 180 0 -180 0 -180 0 0 0.181876 164.737 0 0 0 180 0 -180 0 -180
0 -180 0 180 0 180 0 -0 0.818075 -7.67323 0 -0 0 -180 0 180 0 180
0 -180 0 -0 0 0 0 -0 8.58832e-14 -102.761 0 180 0 0 0 180 0 -180
0 180 0 0 0 -0 0 0 2.04514e-13 84.7854 0 -180 0 -0 0 -180 0 180
0 -180 0 -180 0 0 0 -0 2.43658e-14 -93.8267 0 -0 0 0 0 0 0 -180
0 180 0 180 0 -0 0 0 6.297e-14 90.1442 0 0 0 -0 0 -0 0 180
0 -180 0 0 0 -180 0 -180 0.189735 164.706 0 -180 0 -180 0 0 0 -180
0 180 0 -0 0 180 0 180 0.810207 -7.6961 0 180 0 180 0 -0 0 180
inside=1 lambda=0.647 phi=10 theta=15
0 180 0 -180 0 -180 0 0 0.182403 164.735 0 0 0 180 0 -180 0 -180
0 -180 0 180 0 180 0 -0 0.817548 -7.67475 0 -0 0 -180 0 180 0 180
0 -180 0 -0 0 0 0 -180 0.00196494 -16.0506 0 0 0 0 0 180 0 -180
0 180 0 0 0 -0 0 180 0.00196879 -5.2717 0 -0 0 -0 0 -180 0 180
0 -180 0 -180 0 0 0 -0 0.00196494 -16.0497 0 180 0 0 0 0 0 -180
0 180 0 180 0 -0 0 0 0.00196878 -5.27249 0 -180 0 -0 0 -0 0 180
0 -180 0 0 0 -180 0 -180 0.189209 164.708 0 -180 0 -180 0 0 0 -180
0 180 0 -0 0 180 0 180 0.810734 -7.69455 0 180 0 180 0 -0 0 180
inside=1 lambda=0.647 phi=10 theta=30
0 -180 0 -180 0 -180 0 0 0.183841 164.729 0 0 0 -180 0 -180 0 -180
0 180 0 180 0 180 0 -0 0.816108 -7.67891 0 -0 0 180 0 180 0 180
0 -180 0 -0 0 0 0 -180 0.00340337 -16.0505 0 0 0 0 0 180 0 -180
0 180 0 0 0 -0 0 180 0.00341003 -5.27188 0 -0 0 -0 0 -180 0 180
0 -180 0 -180 0 0 0 -0 0.00340337 -16.0499 0 180 0 0 0 0 0 -180
0 180 0 180 0 -0 0 0 0.00341003 -5.27233 0 -180 0 -0 0 -0 0 180
0 -180 0 0 0 -180 0 -180 0.187771 164.714 0 -180 0 -180 0 0 0 -180
0 180 0 -0 0 180 0 180 0.812174 -7.69034 0 180 0 180 0 -0 0 180
inside=1 lambda=0.647 phi=10 theta=45
0 -180 0 -180 0 -180 0 0 0.185806 164.721 0 0 0 -180 0 -180 0 -180
0 180 0 180 0 180 0 -0 0.814141 -7.68461 0 -0 0 180 0 180 0 180
0 -180 0 -0 0 0 0 -180 0.00392987 -16.0502 0 0 0 0 0 180 0 -180
0 180 0 0 0 -0 0 180 0.00393756 -5.27211 0 -0 0 -0 0 -180 0 180
0 -180 0 -180 0 0 0 -0 0.00392987 -16.0502 0 180 0 0 0 0 0 -180
0 180 0 180 0 -0 0 0 0.00393756 -5.27211 0 -180 0 -0 0 -0 0 180
0 -180 0 0 0 -180 0 -180 0.185806 164.721 0 -180 0 -180 0 0 0 -180
0 180 0 -0 0 180 0 180 0.814141 -7.68461 0 180 0 180 0 -0 0 180
inside=1 lambda=0.647 phi=15 theta=0
0 180 0 -180 0 -180 0 0 0.176683 151.538 0 0 0 180 0 -180 0 -180
0 -180 0 180 0 180 0 -0 0.823163 -14.3324 0 -0 0 -180 0 180 0 180
0 180 0 -0 0 0 0 -0 2.794e-13 -120.248 0 180 0 -0 0 180 0 -180
0 180 0 0 0 -0 0 0 6.85023e-13 76.1676 0 -180 0 -0 0 -180 0 180
0 -180 0 -180 0 0 0 -0 2.48445e-13 -119.995 0 180 0 0 0 0 0 -180
0 180 0 180 0 -0 0 0 6.1481e-13 76.0381 0 -180 0 -0 0 -0 0 180
0 -180 0 0 0 -180 0 -180 0.194604 151.481 0 -180 0 -180 0 0 0 -180
0 180 0 -0 0 180 0 180 0.805192 -14.383 0 180 0 180 0 -0 0 180
inside=1 lambda=0.647 phi=15 theta=15
0 180 0 -180 0 -180 0 0 0.177883 151.534 0 0 0 180 0 -180 0 -180
0 -180 0 180 0 180 0 -0 0.821959 -14.3358 0 -0 0 -180 0 180 0 180
0 180 0 -0 0 0 0 -180 0.00448052 -29.1144 0 0 0 -0 0 180 0 -180
0 180 0 0 0 -0 0 180 0.00449654 -12.0179 0 -0 0 -0 0 -180 0 180
0 -180 0 -180 0 0 0 -0 0.00448051 -29.1123 0 180 0 0 0 0 0 -180
0 180 0 180 0 -0 0 0 0.0044965 -12.0197 0 -180 0 -0 0 -0 0 180
0 -180 0 0 0 -180 0 -180 0.193403 151.485 0 -180 0 -180 0 0 0 -180
0 180 0 -0 0 180 0 180 0.806395 -14.3796 0 180 0 180 0 -0 0 180
inside=1 lambda=0.647 phi=15 theta=30
0 180 0 -180 0 -180 0 0 0.181163 151.523 0 0 0 180 0 -180 0 -180
0 -180 0 180 0 180 0 -0 0.81867 -14.3449 0 -0 0 -180 0 180 0 180
0 -180 0 -0 0 0 0 -180 0.00776048 -29.114 0 0 0 -0 0 180 0 -180
0 180 0 0 0 -0 0 180 0.00778822 -12.0184 0 -0 0 -0 0 -180 0 180
0 -180 0 -180 0 0 0 -0 0.00776047 -29.1128 0 180 0 0 0 0 0 -180
0 180 0 180 0 -0 0 0 0.00778819 -12.0194 0 -180 0 -0 0 -0 0 180
0 -180 0 0 0 -180 0 -180 0.190123 151.494 0 -180 0 -180 0 0 0 -180
0 180 0 -0 0 180 0 180 0.809684 -14.3702 0 180 0 180 0 -0 0 180
inside=1 lambda=0.647 phi=15 theta=45
0 -180 0 -180 0 -180 0 0 0.185643 151.508 0 0 0 180 0 -180 0 -180
0 180 0 180 0 180 0 -0 0.814177 -14.3574 0 -0 0 -180 0 180 0 180
0 -180 0 -0 0 0 0 -180 0.00896102 -29.1134 0 0 0 0 0 180 0 -180
0 180 0 0 0 -0 0 180 0.00899304 -12.0189 0 -0 0 -0 0 -180 0 180
0 -180 0 -180 0 0 0 -0 0.00896102 -29.1134 0 180 0 0 0 0 0 -180
0 180 0 180 0 -0 0 0 0.00899304 -12.0189 0 -180 0 -0 0 -0 0 180
0 -180 0 0 0 180 0 -180 0.185643 151.508 0 -180 0 -180 0 0 0 -180
0 180 0 -0 0 -180 0 180 0.814177 -14.3574 0 180 0 180 0 -0 0 180
inside=1 lambda=0.647 phi=20 theta=0
0 180 0 -180 0 -180 0 0 0.169044 133.16 0 0 0 180 0 -180 0 -180
0 -180 0 180 0 180 0 -0 0.83058 -23.5829 0 -0 0 -180 0 180 0 180
0 180 0 -0 0 0 0 180 2.11239e-13 -142.432 0 -0 0 -0 0 180 0 -180
0 180 0 0 0 -0 0 -180 5.49829e-13 66.9936 0 0 0 -0 0 -180 0 180
0 -180 0 -180 0 0 0 -0 2.14862e-13 -141.918 0 180 0 0 0 0 0 -180
0 180 0 180 0 -0 0 0 5.79767e-13 66.7689 0 -180 0 -0 0 -0 0 180
0 -180 0 0 0 -180 0 -180 0.201457 133.09 0 -180 0 -180 0 0 0 -180
0 180 0 -0 0 180 0 180 0.79796 -23.6711 0 180 0 180 0 -0 0 180
inside=1 lambda=0.647 phi=20 theta=15
0 180 0 -180 0 -180 0 0 0.171216 133.154 0 0 0 180 0 -180 0 -180
0 -180 0 180 0 180 0 -0 0.828395 -23.5886 0 -0 0 -180 0 180 0 180
0 180 0 -0 0 0 0 -180 0.00810409 -47.3137 0 0 0 -0 0 180 0 -180
0 180 0 0 0 -0 0 180 0.00816159 -21.3749 0 -0 0 -0 0 -180 0 180
0 -180 0 -180 0 0 0 -0 0.00810402 -47.3098 0 0 0 0 0 0 0 -180
0 180 0 180 0 -0 0 0 0.00816147 -21.3782 0 -180 0 -0 0 -0 0 180
0 -180 0 0 0 -180 0 -180 0.199286 133.093 0 -180 0 -180 0 0 0 -180
0 180 0 -0 0 180 0 180 0.800145 -23.665 0 180 0 180 0 -0 0 180
inside=1 lambda=0.647 phi=20 theta=30
0 180 0 -180 0 -180 0 0 0.177148 133.139 0 0 0 180 0 -180 0 -180
0 -180 0 180 0 180 0 -0 0.822425 -23.6043 0 -0 0 -180 0 180 0 180
0 180 0 -0 0 0 0 -180 0.0140367 -47.3128 0 0 0 -0 0 180 0 -180
0 180 0 0 0 -0 0 180 0.0141362 -21.3758 0 -0 0 -0 0 -180 0 180
0 -180 0 -180 0 0 0 -0 0.0140366 -47.3106 0 0 0 0 0 0 0 -180
0 180 0 180 0 -0 0 0 0.0141361 -21.3777 0 -180 0 -0 0 -0 0 180
0 -180 0 0 0 -180 0 -180 0.193354 133.105 0 -180 0 -180 0 0 0 -180
0 180 0 -0 0 180 0 180 0.806115 -23.6484 0 180 0 180 0 -0 0 180
inside=1 lambda=0.647 phi=20 theta=45
0 180 0 -180 0 -180 0 0 0.185251 133.121 0 0 0 180 0 -180 0 -180
0 180 0 180 0 180 0 -0 0.81427 -23.6261 0 -0 0 -180 0 180 0 180
0 -180 0 -0 0 0 0 -180 0.0162081 -47.3117 0 0 0 -0 0 0 0 -180
0 180 0 0 0 -0 0 180 0.0163231 -21.3768 0 -0 0 -0 0 -180 0 180
0 -180 0 -180 0 -0 0 -0 0.0162081 -47.3117 0 0 0 0 0 0 0 -180
0 180 0 180 0 -0 0 0 0.0163231 -21.3768 0 -180 0 -0 0 -0 0 180
0 180 0 0 0 180 0 -180 0.185251 133.121 0 -180 0 -180 0 0 0 -180
0 180 0 -0 0 -180 0 180 0.81427 -23.6261 0 180 0 180 0 -0 0 180
inside=1 lambda=0.647 phi=25 theta=0
0 180 0 -180 0 -180 0 0 0.158696 109.686 0 0 0 180 0 -180 0 -180
0 -180 0 180 0 0 0 -0 0.840627 -35.3523 0 -180 0 -180 0 180 0 0
0 180 0 -0 0 0 0 180 8.59647e-14 8.94802 0 180 0 -0 0 180 0 -180
0 180 0 0 0 -180 0 -180 2.28151e-13 -125.446 0 -180 0 -0 0 -180 0 0
0 -180 0 -180 0 0 0 -0 8.37756e-14 6.75905 0 -0 0 0 0 0 0 -180
0 180 0 180 0 -0 0 0 2.45822e-13 -124.908 0 0 0 -0 0 -0 0 180
0 -180 0 0 0 -180 0 -180 0.210379 109.624 0 -180 0 -180 0 0 0 -180
0 180 0 -0 0 180 0 180 0.788284 -35.4887 0 180 0 180 0 -0 0 180
inside=1 lambda=0.647 phi=25 theta=15
0 180 0 -180 0 -180 0 0 0.162158 109.681 0 0 0 180 0 -180 0 -180
0 -180 0 180 0 0 0 -0 0.837121 -35.361 0 -180 0 -180 0 180 0 0
0 180 0 -0 0 0 0 -180 0.0129226 -70.6076 0 0 0 -0 0 0 0 -180
0 180 0 0 0 -180 0 180 0.0130956 -33.2466 0 -180 0 -0 0 -180 0 0
0 -180 0 -180 0 0 0 -0 0.0129224 -70.6014 0 0 0 0 0 0 0 -180
0 180 0 180 0 -0 0 0 0.0130953 -33.2519 0 -180 0 -0 0 -0 0 180
0 -180 0 0 0 -180 0 -180 0.206917 109.627 0 -180 0 -180 0 0 0 -180
0 180 0 -0 0 180 0 180 0.79179 -35.479 0 180 0 180 0 -0 0 180
inside=1 lambda=0.647 phi=25 theta=30
0 180 0 -180 0 -180 0 0 0.171617 109.667 0 0 0 180 0 -180 0 -180
0 -180 0 180 0 0 0 -0 0.827541 -35.3848 0 -180 0 -180 0 180 0 0
0 180 0 -0 0 0 0 -180 0.0223826 -70.6062 0 0 0 -0 0 0 0 -180
0 180 0 0 0 -180 0 180 0.0226821 -33.2481 0 -180 0 -0 0 -180 0 0
0 -180 0 -180 0 0 0 -0 0.0223824 -70.6026 0 0 0 0 0 0 0 -180
0 180 0 180 0 -0 0 0 0.0226818 -33.2512 0 -180 0 -0 0 -0 0 180
0 -180 0 0 0 180 0 -180 0.197459 109.636 0 -180 0 -180 0 0 0 -180
0 180 0 -0 0 180 0 180 0.801369 -35.453 0 180 0 0 0 -0 0 180
inside=1 lambda=0.647 phi=25 theta=45
0 180 0 -180 0 -180 0 0 0.184538 109.65 0 0 0 180 0 -180 0 -180
0 180 0 180 0 0 0 -0 0.814455 -35.4184 0 -180 0 -180 0 180 0 0
0 180 0 -0 0 0 0 -180 0.0258451 -70.6043 0 0 0 -0 0 0 0 -180
0 180 0 0 0 -0 0 180 0.0261909 -33.2499 0 -0 0 -0 0 -180 0 180
0 180 0 -180 0 -0 0 -0 0.0258451 -70.6043 0 0 0 0 0 0 0 -180
0 180 0 180 0 -0 0 0 0.0261909 -33.2499 0 -180 0 -0 0 -0 0 180
0 180 0 0 0 180 0 -180 0.184538 109.65 0 -180 0 -180 0 0 0 -180
0 180 0 -0 0 -180 0 180 0.814455 -35.4184 0 180 0 0 0 -180 0 0
inside=1 lambda=0.647 phi=30 theta=0
0 180 0 180 0 -180 0 -0 0.145425 81.2375 0 0 0 180 0 180 0 -180
0 -180 0 180 0 0 0 -0 0.853707 -49.5468 0 -180 0 -180 0 180 0 0
0 180 0 -0 0 0 0 -0 8.90531e-14 -31.7858 0 -0 0 -0 0 180 0 -180
0 180 0 0 0 -180 0 0 2.25884e-13 -138.275 0 0 0 -0 0 -180 0 0
0 -180 0 -180 0 0 0 180 8.03931e-14 -30.275 0 180 0 0 0 0 0 -180
0 180 0 180 0 -0 0 -180 2.16881e-13 -136.994 0 -180 0 -0 0 -0 0 180
0 -180 0 0 0 -180 0 -180 0.221614 81.1751 0 -180 0 -180 0 0 0 -180
0 180 0 -0 0 180 0 0 0.775834 -49.7463 0 180 0 180 0 -0 0 180
inside=1 lambda=0.647 phi=30 theta=15
0 180 0 180 0 -180 0 -0 0.150529 81.2309 0 0 0 180 0 180 0 -180
0 -180 0 180 0 0 0 -0 0.84849 -49.5591 0 -180 0 -180 0 180 0 0
0 180 0 -0 0 0 0 -180 0.0190512 -98.9841 0 0 0 -0 0 180 0 -180
0 180 0 0 0 -180 0 180 0.0194826 -47.5045 0 -180 0 -0 0 -180 0 0
0 -180 0 -180 0 0 0 -180 0.0190504 -98.9754 0 180 0 0 0 0 0 -180
0 180 0 180 0 -0 0 0 0.0194819 -47.5125 0 -180 0 -180 0 -180 0 180
0 -180 0 0 0 -180 0 -180 0.216511 81.1775 0 -180 0 -180 0 0 0 -180
0 180 0 -0 0 180 0 0 0.78105 -49.7317 0 180 0 0 0 -180 0 0
inside=1 lambda=0.647 phi=30 theta=30
0 180 0 -180 0 -180 0 0 0.164473 81.2153 0 0 0 180 0 180 0 -180
0 180 0 180 0 0 0 -0 0.834238 -49.5933 0 -180 0 -180 0 180 0 0
0 180 0 -0 0 0 0 -180 0.0329975 -98.982 0 0 0 -0 0 180 0 -180
0 180 0 0 0 -180 0 180 0.0337446 -47.5073 0 -180 0 -0 0 -180 0 0
0 -180 0 -180 0 -0 0 -180 0.0329967 -98.977 0 180 0 0 0 0 0 -180
0 180 0 180 0 -0 0 0 0.0337439 -47.5118 0 -180 0 -180 0 -180 0 0
0 180 0 0 0 180 0 -180 0.202568 81.1852 0 -180 0 -180 0 0 0 -180
0 180 0 -0 0 180 0 180 0.795301 -49.6929 0 180 0 0 0 -180 0 0
inside=1 lambda=0.647 phi=30 theta=45
0 180 0 -180 0 -180 0 0 0.183521 81.1983 0 0 0 180 0 -180 0 -180
0 180 0 180 0 0 0 -0 0.814769 -49.6419 0 -180 0 -180 0 180 0 0
0 180 0 -180 0 0 0 -180 0.0381019 -98.9794 0 0 0 -0 0 180 0 -180
0 180 0 0 0 -180 0 180 0.0389645 -47.51 0 -180 0 -0 0 -180 0 0
0 180 0 -180 0 -0 0 -180 0.0381019 -98.9794 0 180 0 0 0 0 0 -180
0 180 0 180 0 -0 0 0 0.0389645 -47.51 0 -180 0 -180 0 -180 0 0
0 180 0 0 0 180 0 -180 0.183521 81.1983 0 -180 0 -180 0 0 0 -180
0 180 0 -0 0 -180 0 180 0.814769 -49.6419 0 180 0 0 0 -180 0 0
inside=1 lambda=0.647 phi=35 theta=0
0 180 0 180 0 -180 0 -0 0.129021 48.0385 0 0 0 180 0 180 0 -180
0 180 0 180 0 0 0 -0 0.870376 -66.0492 0 -180 0 180 0 180 0 0
0 180 0 -0 0 0 0 -0 2.53232e-13 -71.0266 0 -0 0 -0 0 180 0 -180
0 180 0 0 0 -180 0 0 5.51195e-13 -154.752 0 0 0 -0 0 -180 0 0
0 -180 0 -180 0 0 0 180 2.5561e-13 -70.2685 0 -180 0 0 0 0 0 -180
0 0 0 0 0 -0 0 -180 6.59422e-13 -153.476 0 180 0 -180 0 -180 0 180
0 -180 0 0 0 -180 0 -180 0.235776 47.8491 0 -180 0 -180 0 0 0 -180
0 0 0 -180 0 180 0 0 0.760122 -66.3381 0 0 0 0 0 -180 0 180
inside=1 lambda=0.647 phi=35 theta=15
0 180 0 180 0 -180 0 -0 0.136172 48.0156 0 0 0 180 0 180 0 -180
0 180 0 180 0 0 0 -0 0.862989 -66.0664 0 -180 0 180 0 180 0 0
0 180 0 -0 0 0 0 -180 0.0266959 -132.419 0 0 0 -0 0 180 0 -180
0 180 0 0 0 -180 0 180 0.0275852 -64.0003 0 -180 0 -0 0 -180 0 0
0 -180 0 -180 0 0 0 -0 0.026694 -132.407 0 180 0 0 0 0 0 -180
0 180 0 180 0 -0 0 0 0.0275838 -64.0117 0 -180 0 -180 0 -180 0 0
0 -180 0 0 0 180 0 -180 0.228626 47.8557 0 -180 0 -180 0 0 0 -180
0 180 0 -0 0 180 0 0 0.767506 -66.3162 0 180 0 0 0 -180 0 0
inside=1 lambda=0.647 phi=35 theta=30
0 180 0 180 0 -180 0 -0 0.155711 47.9645 0 0 0 180 0 180 0 -180
0 180 0 180 0 0 0 -0 0.84281 -66.1146 0 -180 0 180 0 180 0 0
0 180 0 -0 0 0 0 -180 0.0462385 -132.416 0 0 0 -0 0 180 0 -180
0 180 0 0 0 -180 0 180 0.0477784 -64.0049 0 -180 0 -0 0 -180 0 0
0 180 0 -180 0 -0 0 -0 0.0462367 -132.409 0 180 0 0 0 0 0 -180
0 180 0 180 0 -0 0 0 0.0477771 -64.0113 0 -180 0 -180 0 -180 0 0
0 180 0 0 0 180 0 -180 0.20909 47.8765 0 -180 0 -180 0 0 0 -180
0 180 0 -0 0 180 0 0 0.787682 -66.2584 0 180 0 0 0 -180 0 0
inside=1 lambda=0.647 phi=35 theta=45
0 180 0 -180 0 -180 0 -0 0.182401 47.9134 0 0 0 180 0 180 0 -180
0 180 0 180 0 0 0 -0 0.815245 -66.1841 0 -180 0 180 0 180 0 0
0 180 0 -0 0 0 0 -180 0.0533909 -132.412 0 0 0 -0 0 180 0 -180
0 180 0 0 0 -180 0 180 0.055169 -64.009 0 -180 0 -0 0 -180 0 0
0 180 0 -180 0 -0 0 -0 0.0533909 -132.412 0 180 0 0 0 0 0 -180
0 180 0 180 0 -0 0 0 0.055169 -64.009 0 -180 0 -180 0 -180 0 0
0 180 0 -0 0 180 0 -180 0.182401 47.9134 0 180 0 -180 0 0 0 -180
0 180 0 -0 0 180 0 180 0.815245 -66.1841 0 180 0 0 0 -180 0 0
inside=1 lambda=0.647 phi=40 theta=0
0 180 0 180 0 -180 0 -0 0.108956 10.5495 0 0 0 180 0 180 0 -180
0 180 0 180 0 0 0 -0 0.891439 -84.7189 0 -180 0 180 0 180 0 0
0 180 0 -0 0 0 0 -0 1.26893e-13 69.7326 0 -0 0 -0 0 180 0 -180
0 180 0 0 0 -180 0 -0 2.3239e-13 6.24003 0 -0 0 -0 0 -180 0 0
0 -180 0 -180 0 0 0 -0 1.13942e-13 71.5655 0 180 0 0 0 0 0 -180
0 0 0 0 0 -180 0 -0 2.52552e-13 9.7059 0 180 0 -180 0 -180 0 0
0 -180 0 0 0 -180 0 -180 0.254091 9.8369 0 -180 0 -180 0 0 0 -180
0 0 0 -180 0 0 0 0 0.740418 -85.1403 0 0 0 0 0 -180 0 0
inside=1 lambda=0.647 phi=40 theta=15
0 180 0 180 0 -180 0 -0 0.118677 10.4457 0 0 0 180 0 180 0 -180
0 180 0 180 0 0 0 -0 0.881321 -84.7429 0 -180 0 180 0 180 0 0
0 180 0 -0 0 0 0 180 0.0362975 -170.736 0 0 0 -0 0 180 0 -180
0 180 0 -0 0 -180 0 180 0.0377891 -82.5922 0 -180 0 -0 0 -180 0 0
0 180 0 -180 0 -0 0 -0 0.0362941 -170.722 0 180 0 0 0 0 0 -180
0 180 0 0 0 -0 0 0 0.0377862 -82.608 0 -180 0 -180 0 -180 0 0
0 180 0 0 0 180 0 -180 0.244371 9.85723 0 -180 0 -180 0 0 0 -180
0 180 0 -180 0 180 0 0 0.750533 -85.1069 0 0 0 0 0 -180 0 0
inside=1 lambda=0.647 phi=40 theta=30
0 180 0 180 0 -180 0 -0 0.145238 10.2337 0 0 0 180 0 180 0 -180
0 180 0 180 0 0 0 -0 0.853679 -84.8109 0 -180 0 180 0 180 0 0
0 180 0 -0 0 0 0 180 0.0628692 -170.732 0 0 0 -0 0 180 0 -180
0 180 0 -0 0 -180 0 180 0.0654513 -82.5997 0 -180 0 -0 0 -180 0 0
0 180 0 180 0 -0 0 -0 0.062866 -170.724 0 180 0 0 0 0 0 -180
0 180 0 180 0 -0 0 0 0.0654488 -82.6084 0 -180 0 -180 0 -180 0 0
0 180 0 -0 0 180 0 -180 0.217811 9.92301 0 180 0 -180 0 0 0 -180
0 180 0 -0 0 180 0 0 0.778168 -85.0201 0 180 0 0 0 -180 0 0
inside=1 lambda=0.647 phi=40 theta=45
0 180 0 180 0 -180 0 -0 0.181525 10.0462 0 0 0 180 0 180 0 -180
0 180 0 0 0 0 0 -0 0.815922 -84.9108 0 -180 0 180 0 180 0 0
0 180 0 -0 0 0 0 180 0.0725939 -170.727 0 0 0 -0 0 180 0 -180
0 180 0 -0 0 -180 0 180 0.0755752 -82.6058 0 -180 0 -0 0 -180 0 0
0 180 0 180 0 -0 0 -0 0.0725939 -170.727 0 180 0 0 0 0 0 -180
0 180 0 180 0 -0 0 -0 0.0755752 -82.6058 0 -180 0 -180 0 -180 0 0
0 180 0 -0 0 180 0 180 0.181525 10.0462 0 180 0 -180 0 0 0 -180
0 180 0 -0 0 180 0 0 0.815922 -84.9108 0 180 0 0 0 -180 0 0
inside=1 lambda=0.647 phi=45 theta=0
0 180 0 180 0 -180 0 -0 0.0838045 -30.3972 0 0 0 180 0 180 0 -180
0 180 0 180 0 -0 0.00104465 -160.016 0.918066 -105.395 0 -180 0 180 0 180 0 -0
0 180 0 -0 0 0 0 -0 1.7548e-13 -146.492 0 180 0 -0 0 180 0 -180
0 180 0 -0 0 -180 3.47864e-15 13.5381 2.59711e-13 165.521 0 180 0 -0 0 180 0 0
0 -180 0 -180 0 -0 0 -0 4.47833e-13 -151.501 0 -0 0 0 0 0 0 180
0 0 0 0 0 -180 2.06373e-15 -115.797 8.88337e-13 163.276 0 -0 0 -180 0 -180 0 0
0 -180 0 0 0 180 0 -180 0.278448 -32.4667 0 -180 0 -180 0 0 0 180
0 0 0 -180 0 0 0.0061048 32.5799 0.715684 -106.005 0 0 0 0 0 -180 0 0
inside=1 lambda=0.647 phi=45 theta=15
0 180 0 180 0 -180 0 -0 0.096824 -30.8003 0 0 0 180 0 180 0 -180
0 180 0 180 0 -0 0 -0 0.904512 -105.428 0 -180 0 180 0 180 0 -0
0 180 0 -0 0 0 0 180 0.0486949 146.605 0 0 0 -0 0 180 0 -180
0 180 0 -0 0 -180 0 0 0.0506498 -103.176 0 -180 0 -0 0 180 0 0
0 180 0 180 0 -0 0 -0 0.0486905 146.623 0 180 0 0 0 0 0 -180
0 0 0 0 0 -0 0 -0 0.0506432 -103.197 0 180 0 -180 0 -180 0 0
0 180 0 -0 0 180 0 -180 0.265413 -32.4239 0 180 0 -180 0 0 0 -180
0 0 0 -180 0 180 0 0 0.729239 -105.954 0 0 0 0 0 -180 0 0
inside=1 lambda=0.647 phi=45 theta=30
0 180 0 180 0 -180 0 -0 0.132436 -31.4926 0 0 0 180 0 180 0 -180
0 180 0 0 0 -0 0 -0 0.867466 -105.523 0 -180 0 180 0 180 0 0
0 180 0 -0 0 0 0 180 0.0843441 146.611 0 0 0 -0 0 180 0 -180
0 180 0 -0 0 -180 0 0 0.0877243 -103.188 0 -180 0 -0 0 180 0 0
0 180 0 180 0 -0 0 -0 0.0843401 146.62 0 180 0 0 0 0 0 -180
0 180 0 0 0 -0 0 -0 0.0877192 -103.199 0 180 0 -180 0 -180 0 0
0 180 0 -0 0 180 0 -180 0.229783 -32.2825 0 180 0 -180 0 0 0 -180
0 180 0 -0 0 180 0 0 0.766271 -105.823 0 0 0 0 0 -180 0 0
inside=1 lambda=0.647 phi=45 theta=45
0 180 0 180 0 -180 0 -0 0.181106 -31.9955 0 0 0 180 0 180 0 -180
0 180 0 0 0 -0 0 -0 0.816865 -105.664 0 -180 0 180 0 180 0 0
0 180 0 -0 0 0 0 180 0.0973913 146.617 0 0 0 -0 0 180 0 -180
0 180 0 -0 0 -180 0 0 0.101292 -103.196 0 -180 0 -0 0 180 0 0
0 180 0 180 0 -0 0 -0 0.0973913 146.617 0 180 0 0 0 0 0 -180
0 180 0 0 0 -0 0 -0 0.101292 -103.196 0 180 0 -180 0 -180 0 0
0 180 0 -0 0 180 0 180 0.181106 -31.9955 0 180 0 -180 0 0 0 -180
0 180 0 -0 0 180 0 0 0.816865 -105.664 0 180 0 -0 0 -180 0 0
