RSoft_BSDF_File_Version 2
1 0 5 2 1 0.365714
0.3 0.3
-1 1
-1 1
1 0.647 0.647
10 0 45 0.5
4 0 45
Begin_Dispersion_Data
0.647 1.45662 0 1 0 0
End_Dispersion_Data
inside=0 lambda=0.647 phi=0 theta=0
0 -180 0 -180 0 -180 0 0 0.183018 1.86598 0 0 0 -180 0 -180 0 -180
0 0 0 0 0 0 0 180 1.18652 -153.826 0 180 0 0 0 0 0 0
0 -180 0 180 0 0 0 180 4.5909e-14 -95.0806 0 -0 0 0 0 180 0 -180
0 0 0 -180 0 -180 0 0 7.42479e-13 -64.7266 0 0 0 -180 0 180 0 0
0 -180 0 180 0 0 0 0 1.3789e-13 -44.8059 0 180 0 0 0 -0 0 -180
0 0 0 180 0 -180 0 0 6.76133e-13 -63.0155 0 180 0 -180 0 -180 0 0
0 -180 0 0 0 -180 0 -180 0.183018 1.86598 0 -180 0 -180 0 0 0 -180
0 0 0 180 0 0 0 0 1.18652 -153.826 0 0 0 0 0 180 0 0
inside=0 lambda=0.647 phi=0 theta=15
0 -180 0 -180 0 -180 0 0 0.183018 1.86598 0 0 0 -180 0 -180 0 -180
0 0 0 0 0 0 0 180 1.18652 -153.826 0 180 0 0 0 0 0 0
0 -180 0 180 0 0 0 180 4.5909e-14 -95.0806 0 -0 0 0 0 180 0 -180
0 0 0 -180 0 -180 0 0 7.42479e-13 -64.7266 0 0 0 -180 0 180 0 0
0 -180 0 180 0 0 0 0 1.3789e-13 -44.8059 0 180 0 0 0 -0 0 -180
0 0 0 180 0 -180 0 0 6.76133e-13 -63.0155 0 180 0 -180 0 -180 0 0
0 -180 0 0 0 -180 0 -180 0.183018 1.86598 0 -180 0 -180 0 0 0 -180
0 0 0 180 0 0 0 0 1.18652 -153.826 0 0 0 0 0 180 0 0
inside=0 lambda=0.647 phi=0 theta=30
0 -180 0 -180 0 -180 0 0 0.183018 1.86598 0 0 0 -180 0 -180 0 -180
0 0 0 0 0 0 0 180 1.18652 -153.826 0 180 0 0 0 0 0 0
0 -180 0 180 0 0 0 180 4.5909e-14 -95.0806 0 -0 0 0 0 180 0 -180
0 0 0 -180 0 -180 0 0 7.42479e-13 -64.7266 0 0 0 -180 0 180 0 0
0 -180 0 180 0 0 0 0 1.3789e-13 -44.8059 0 180 0 0 0 -0 0 -180
0 0 0 180 0 -180 0 0 6.76133e-13 -63.0155 0 180 0 -180 0 -180 0 0
0 -180 0 0 0 -180 0 -180 0.183018 1.86598 0 -180 0 -180 0 0 0 -180
0 0 0 180 0 0 0 0 1.18652 -153.826 0 0 0 0 0 180 0 0
inside=0 lambda=0.647 phi=0 theta=45
0 -180 0 -180 0 -180 0 0 0.183018 1.86598 0 0 0 -180 0 -180 0 -180
0 0 0 0 0 0 0 180 1.18652 -153.826 0 180 0 0 0 0 0 0
0 -180 0 180 0 0 0 180 4.5909e-14 -95.0806 0 -0 0 0 0 180 0 -180
0 0 0 -180 0 -180 0 0 7.42479e-13 -64.7266 0 0 0 -180 0 180 0 0
0 -180 0 180 0 0 0 0 1.3789e-13 -44.8059 0 180 0 0 0 -0 0 -180
0 0 0 180 0 -180 0 0 6.76133e-13 -63.0155 0 180 0 -180 0 -180 0 0
0 -180 0 0 0 -180 0 -180 0.183018 1.86598 0 -180 0 -180 0 0 0 -180
0 0 0 180 0 0 0 0 1.18652 -153.826 0 0 0 0 0 180 0 0
inside=0 lambda=0.647 phi=5 theta=0
0 -180 0 -180 0 -180 0 0 0.181255 1.79728 0 0 0 -180 0 -180 0 -180
0 0 0 0 0 -0 0 -180 1.18436 -155.429 0 180 0 0 0 0 0 -0
0 -180 0 -0 0 0 0 180 3.69093e-14 -4.25513 0 180 0 0 0 180 0 -180
0 0 0 -0 0 180 0 0 7.75197e-13 -67.5787 0 0 0 -180 0 180 0 -0
0 -180 0 -180 0 0 0 0 1.14942e-13 -109.028 0 180 0 0 0 0 0 -180
0 0 0 -0 0 -180 0 -180 8.36375e-13 -61.096 0 -0 0 -180 0 180 0 0
0 -180 0 0 0 -180 0 -180 0.185351 1.80366 0 -180 0 -180 0 0 0 -180
0 0 0 180 0 0 0 -0 1.18855 -155.45 0 0 0 0 0 180 0 0
inside=0 lambda=0.647 phi=5 theta=15
0 -180 0 -180 0 -180 0 0 0.18153 1.79771 0 0 0 -180 0 -180 0 -180
0 0 0 0 0 -0 0 -180 1.18464 -155.431 0 180 0 0 0 0 0 -0
0 -180 0 -0 0 0 0 -180 0.00102321 -177.866 0 0 0 0 0 180 0 -180
0 0 0 -0 0 180 0 0 0.00105473 18.3872 0 180 0 -180 0 180 0 -0
0 -180 0 -180 0 0 0 -0 0.00102322 -177.866 0 180 0 0 0 0 0 -180
0 0 0 0 0 -180 0 -0 0.00105469 18.3908 0 180 0 -180 0 180 0 0
0 -180 0 0 0 -180 0 -180 0.185076 1.80324 0 -180 0 -180 0 0 0 -180
0 0 0 -180 0 0 0 -0 1.18827 -155.449 0 0 0 0 0 180 0 0
inside=0 lambda=0.647 phi=5 theta=30
0 -180 0 -180 0 -180 0 0 0.182279 1.7989 0 0 0 -180 0 -180 0 -180
0 0 0 0 0 -0 0 -180 1.18541 -155.435 0 180 0 0 0 0 0 -0
0 -180 0 -0 0 0 0 -180 0.00177226 -177.866 0 0 0 0 0 180 0 -180
0 0 0 -0 0 180 0 0 0.00182683 18.388 0 180 0 -180 0 180 0 -0
0 -180 0 -180 0 0 0 -0 0.00177227 -177.866 0 180 0 0 0 0 0 -180
0 0 0 0 0 -180 0 -0 0.0018268 18.3901 0 180 0 -180 0 180 0 0
0 -180 0 0 0 -180 0 -180 0.184327 1.80209 0 -180 0 -180 0 0 0 -180
0 0 0 -180 0 0 0 -0 1.1875 -155.445 0 0 0 -0 0 180 0 0
inside=0 lambda=0.647 phi=5 theta=45
0 -180 0 -180 0 -180 0 0 0.183303 1.8005 0 0 0 -180 0 -180 0 -180
0 0 0 -0 0 -0 0 -180 1.18645 -155.44 0 180 0 0 0 0 0 -0
0 -180 0 -0 0 0 0 -180 0.00204643 -177.866 0 0 0 0 0 180 0 -180
0 0 0 -0 0 180 0 0 0.00210942 18.3891 0 180 0 -180 0 180 0 -0
0 -180 0 -180 0 0 0 -0 0.00204643 -177.866 0 180 0 0 0 0 0 -180
0 0 0 0 0 -180 0 -0 0.00210942 18.3891 0 180 0 180 0 180 0 -0
0 -180 0 0 0 -180 0 -180 0.183303 1.8005 0 -180 0 -180 0 0 0 -180
0 0 0 -180 0 0 0 -0 1.18645 -155.44 0 0 0 -0 0 180 0 -0
inside=0 lambda=0.647 phi=10 theta=0
0 180 0 -180 0 -180 0 0 0.175594 1.5781 0 0 0 180 0 -180 0 -180
0 0 0 0 0 -0 0 -180 1.17765 -160.265 0 180 0 0 0 0 0 -0
0 180 0 -0 0 0 0 180 2.17969e-14 -39.2635 0 180 0 -0 0 180 0 -180
0 0 0 -0 0 180 0 0 2.61127e-13 -72.6888 0 0 0 -180 0 180 0 -0
0 -180 0 -180 0 0 0 180 4.15181e-14 -53.0779 0 -0 0 0 0 0 0 -180
0 0 0 -0 0 -180 0 180 3.7849e-13 -74.4341 0 0 0 -180 0 180 0 0
0 -180 0 0 0 -180 0 -180 0.19255 1.58383 0 -180 0 -180 0 0 0 -180
0 0 0 180 0 0 0 -0 1.19488 -160.348 0 -0 0 0 0 180 0 0
inside=0 lambda=0.647 phi=10 theta=15
0 180 0 -180 0 -180 0 0 0.17673 1.57851 0 0 0 180 0 -180 0 -180
0 0 0 0 0 -0 0 -180 1.17881 -160.271 0 180 0 0 0 0 0 -0
0 180 0 -0 0 0 0 -180 0.00423642 -178.298 0 0 0 -0 0 180 0 -180
0 0 0 -0 0 180 0 0 0.0043304 13.6602 0 180 0 -180 0 180 0 -0
0 -180 0 -180 0 0 0 -0 0.00423649 -178.299 0 180 0 0 0 0 0 -180
0 0 0 -0 0 -180 0 -0 0.00432984 13.6753 0 180 0 180 0 180 0 -0
0 -180 0 0 0 -180 0 -180 0.191414 1.58348 0 -180 0 -180 0 0 0 -180
0 0 0 180 0 0 0 -0 1.19372 -160.343 0 -0 0 -0 0 180 0 -0
inside=0 lambda=0.647 phi=10 theta=30
0 180 0 -180 0 -180 0 0 0.179833 1.57962 0 0 0 180 0 -180 0 -180
0 0 0 -0 0 -0 0 -180 1.18196 -160.286 0 180 0 0 0 0 0 -0
0 -180 0 -0 0 0 0 -180 0.00733773 -178.298 0 0 0 -0 0 180 0 -180
0 0 0 -0 0 180 0 0 0.00750026 13.6638 0 180 0 -180 0 180 0 -0
0 -180 0 -180 0 0 0 -0 0.00733779 -178.299 0 180 0 0 0 0 0 -180
0 0 0 0 0 -180 0 -0 0.0074997 13.6725 0 180 0 180 0 180 0 -0
0 -180 0 0 0 -180 0 -180 0.188311 1.5825 0 -180 0 -180 0 0 0 -180
0 0 0 -180 0 0 0 -0 1.19057 -160.328 0 0 0 -0 0 180 0 -0
inside=0 lambda=0.647 phi=10 theta=45
0 180 0 -180 0 -180 0 0 0.184072 1.58109 0 0 0 180 0 -180 0 -180
0 0 0 -0 0 -0 0 -180 1.18626 -160.307 0 180 0 0 0 0 0 -0
0 -180 0 -0 0 0 0 -180 0.00847292 -178.298 0 0 0 0 0 180 0 -180
0 0 0 -0 0 180 0 0 0.00866022 13.6683 0 180 0 -180 0 180 0 -0
0 -180 0 -180 0 0 0 -0 0.00847292 -178.298 0 180 0 0 0 0 0 -180
0 0 0 0 0 -180 0 -0 0.00866022 13.6683 0 180 0 180 0 180 0 -0
0 180 0 0 0 180 0 -180 0.184072 1.58109 0 -180 0 -180 0 0 0 -180
0 0 0 -180 0 0 0 -0 1.18626 -160.307 0 0 0 -0 0 180 0 -0
inside=0 lambda=0.647 phi=15 theta=0
0 180 0 -180 0 -180 0 -0 0.164838 1.20307 0 0 0 180 0 -180 0 -180
0 0 0 0 0 -0 0 -180 1.16567 -168.424 0 180 0 0 0 0 0 -0
0 180 0 -0 0 0 0 180 7.45867e-14 101.036 0 180 0 -0 0 180 0 -180
0 0 0 -0 0 180 0 180 1.84674e-12 100.801 0 180 0 -180 0 180 0 -0
0 -180 0 -180 0 0 0 180 1.09759e-13 110.366 0 180 0 0 0 0 0 -180
0 -0 0 -0 0 180 0 180 1.9544e-12 101.096 0 -180 0 180 0 180 0 -0
0 -180 0 0 0 -180 0 -180 0.205205 1.11707 0 -180 0 -180 0 0 0 -180
0 -0 0 180 0 -0 0 -0 1.20628 -168.61 0 -0 0 -0 0 180 0 -0
inside=0 lambda=0.647 phi=15 theta=15
0 180 0 -180 0 -180 0 0 0.167542 1.19596 0 0 0 180 0 -180 0 -180
0 0 0 0 0 -0 0 -180 1.16839 -168.437 0 180 0 0 0 0 0 -0
0 180 0 -0 0 0 0 -180 0.0100874 -179.156 0 0 0 -0 0 180 0 -180
0 0 0 -0 0 180 0 0 0.0102061 5.73695 0 180 0 -180 0 180 0 -0
0 -180 0 -180 0 0 0 -180 0.0100877 -179.16 0 180 0 0 0 0 0 -180
0 0 0 -0 0 -180 0 -0 0.010203 5.77356 0 180 0 180 0 180 0 -0
0 -180 0 0 0 -180 0 -180 0.202501 1.12181 0 -180 0 -180 0 0 0 -180
0 0 0 180 0 0 0 -0 1.20356 -168.598 0 -0 0 -0 0 180 0 -0
inside=0 lambda=0.647 phi=15 theta=30
0 180 0 -180 0 -180 0 0 0.174929 1.17776 0 0 0 180 0 -180 0 -180
0 0 0 0 0 -0 0 -180 1.17582 -168.472 0 180 0 0 0 0 0 -0
0 180 0 -0 0 0 0 -180 0.0174721 -179.156 0 0 0 -0 0 180 0 -180
0 0 0 -0 0 180 0 0 0.0176762 5.74662 0 180 0 -180 0 180 0 -0
0 -180 0 -180 0 -0 0 -180 0.0174724 -179.159 0 180 0 0 0 0 0 -180
0 0 0 -0 0 -180 0 -0 0.0176731 5.76765 0 180 0 180 0 180 0 -0
0 180 0 0 0 180 0 -180 0.195113 1.13532 0 -180 0 -180 0 0 0 -180
0 0 0 -180 0 0 0 -0 1.19612 -168.565 0 -0 0 -0 0 180 0 -0
inside=0 lambda=0.647 phi=15 theta=45
0 180 0 -180 0 -180 0 0 0.185021 1.15539 0 0 0 180 0 -180 0 -180
0 0 0 -0 0 -0 0 -180 1.18597 -168.519 0 180 0 0 0 0 0 -0
0 180 0 -0 0 0 0 -180 0.0201753 -179.157 0 0 0 -0 0 180 0 -180
0 0 0 -0 0 180 0 0 0.0204089 5.75807 0 180 0 -180 0 180 0 -0
0 180 0 -180 0 -0 0 -0 0.0201753 -179.157 0 180 0 0 0 0 0 -180
0 0 0 0 0 -180 0 -0 0.0204089 5.75807 0 180 0 180 0 180 0 -0
0 180 0 0 0 180 0 -180 0.185021 1.15539 0 -180 0 -180 0 0 0 -180
0 0 0 -180 0 0 0 -0 1.18597 -168.519 0 0 0 -0 0 180 0 -0
inside=0 lambda=0.647 phi=20 theta=0
0 180 0 180 0 -180 0 -0 0.14681 0.813454 0 0 0 180 0 180 0 -180
0 0 0 0 0 -0 0 -180 1.14677 179.907 0 180 0 0 0 0 0 -0
0 180 0 -0 0 0 0 180 1.66392e-13 -82.2115 0 180 0 -0 0 180 0 -180
0 0 0 -180 0 180 0 180 6.67352e-13 101.667 0 -180 0 -180 0 0 0 -0
0 -180 0 -180 0 0 0 180 2.29932e-13 53.3857 0 -180 0 0 0 0 0 -180
0 -0 0 -0 0 180 0 180 8.11219e-13 131.17 0 0 0 180 0 180 0 -0
0 -180 0 0 0 -180 0 -180 0.224262 0.296326 0 -180 0 -180 0 0 0 -180
0 -0 0 180 0 -0 0 -0 1.22443 179.587 0 -0 0 -0 0 180 0 -0
inside=0 lambda=0.647 phi=20 theta=15
0 180 0 -180 0 -180 0 -0 0.151998 0.761851 0 0 0 180 0 180 0 -180
0 0 0 0 0 -0 0 -180 1.15197 179.884 0 180 0 0 0 0 0 -0
0 180 0 -0 0 0 0 -180 0.0193633 179.423 0 0 0 -0 0 180 0 -180
0 0 0 -180 0 180 0 -0 0.0195038 -5.51749 0 180 0 -180 0 0 0 -0
0 -180 0 -180 0 0 0 -180 0.0193638 179.413 0 180 0 0 0 0 0 -180
0 -0 0 -0 0 180 0 -180 0.0194928 -5.44562 0 0 0 180 0 180 0 -0
0 -180 0 0 0 180 0 -180 0.219075 0.31984 0 -180 0 -180 0 0 0 -180
0 -0 0 180 0 0 0 -0 1.21923 179.606 0 -0 0 -0 0 180 0 -0
inside=0 lambda=0.647 phi=20 theta=30
0 180 0 -180 0 -180 0 -0 0.166172 0.638225 0 0 0 180 0 -180 0 -180
0 0 0 0 0 -0 0 -180 1.16618 179.822 0 180 0 0 0 0 0 -0
0 180 0 -0 0 0 0 -180 0.0335395 179.423 0 0 0 -0 0 180 0 -180
0 0 0 -180 0 180 0 -0 0.0337763 -5.49563 0 180 0 -180 0 0 0 -0
0 180 0 -180 0 -0 0 -180 0.03354 179.417 0 180 0 0 0 0 0 -180
0 0 0 -0 0 -180 0 -180 0.0337656 -5.45484 0 0 0 180 0 180 0 -0
0 180 0 0 0 180 0 -180 0.2049 0.389509 0 -180 0 -180 0 0 0 -180
0 0 0 180 0 0 0 -0 1.20501 179.661 0 -0 0 -0 0 180 0 -0
inside=0 lambda=0.647 phi=20 theta=45
0 180 0 -180 0 -180 0 -0 0.185536 0.500903 0 0 0 180 0 -180 0 -180
0 0 0 -0 0 -0 0 -180 1.18559 179.74 0 180 0 0 0 0 0 -0
0 180 0 -180 0 0 0 -180 0.038729 179.421 0 0 0 -0 0 180 0 -180
0 0 0 -180 0 180 0 -0 0.0389946 -5.47216 0 180 0 -180 0 0 0 -0
0 180 0 -180 0 -0 0 -180 0.038729 179.421 0 180 0 0 0 0 0 -180
0 0 0 -0 0 -180 0 -180 0.0389946 -5.47216 0 0 0 180 0 180 0 -0
0 180 0 -0 0 180 0 -180 0.185536 0.500903 0 -180 0 -180 0 0 0 -180
0 0 0 -180 0 0 0 -0 1.18559 179.74 0 0 0 -0 0 180 0 -0
inside=0 lambda=0.647 phi=25 theta=0
0 180 0 180 0 -180 0 -0 0.118427 1.12867 0 0 0 180 0 180 0 -180
0 0 0 0 0 -0 0 -180 1.1175 164.377 0 180 0 0 0 0 0 -0
0 180 0 -0 0 0 0 180 7.60206e-14 -134.58 0 180 0 -0 0 180 0 -180
0 0 0 -180 0 180 0 0 4.06058e-13 73.7536 0 180 0 -180 0 0 0 -0
0 -180 0 -180 0 0 0 180 5.95495e-14 -171.984 0 180 0 0 0 0 0 -180
0 -0 0 -0 0 180 0 0 4.86804e-13 82.0675 0 0 0 180 0 180 0 -0
0 -180 0 0 0 -180 0 -180 0.25103 -0.901571 0 -180 0 -180 0 0 0 -180
0 -0 0 180 0 -0 0 -0 1.25284 163.898 0 -0 0 -0 0 180 0 -0
inside=0 lambda=0.647 phi=25 theta=15
0 180 0 180 0 -180 0 -0 0.127295 0.856508 0 0 0 180 0 180 0 -180
0 0 0 0 0 -0 0 -180 1.12657 164.339 0 180 0 0 0 0 0 -0
0 180 0 -0 0 0 0 -180 0.0331997 177.433 0 0 0 -0 0 180 0 -180
0 0 0 -180 0 180 0 -0 0.033955 -20.4794 0 180 0 -180 0 0 0 -0
0 -180 0 -180 0 -0 0 -180 0.0331981 177.412 0 180 0 0 0 0 0 -180
0 -0 0 -0 0 180 0 -180 0.0339236 -20.3531 0 0 0 180 0 180 0 -0
0 180 0 0 0 180 0 -180 0.24215 -0.834103 0 -180 0 -180 0 0 0 -180
0 -0 0 180 0 -0 0 -0 1.24377 163.925 0 -0 0 -0 0 180 0 -0
inside=0 lambda=0.647 phi=25 theta=30
0 180 0 -180 0 -180 0 -0 0.151548 0.282161 0 0 0 180 0 180 0 -180
0 0 0 0 0 -0 0 180 1.15133 164.241 0 180 0 0 0 0 0 -0
0 180 0 -0 0 0 0 -180 0.0575108 177.433 0 0 0 -0 0 180 0 -180
0 0 0 -180 0 180 0 -0 0.0587924 -20.434 0 180 0 -180 0 0 0 -0
0 180 0 -180 0 -0 0 -180 0.0575094 177.422 0 180 0 0 0 0 0 -180
0 -0 0 -0 0 -180 0 -180 0.0587641 -20.3642 0 0 0 180 0 180 0 -0
0 180 0 -0 0 180 0 -180 0.217876 -0.624223 0 -180 0 -180 0 0 0 -180
0 0 0 180 0 0 0 -0 1.21899 164.002 0 -0 0 -0 0 180 0 -0
inside=0 lambda=0.647 phi=25 theta=45
0 180 0 -180 0 -180 0 -0 0.184707 -0.252552 0 0 0 180 0 180 0 -180
0 0 0 -0 0 -0 0 180 1.18515 164.117 0 180 0 0 0 0 0 -0
0 180 0 -180 0 0 0 -180 0.0664108 177.43 0 0 0 -0 0 180 0 -180
0 0 0 -180 0 180 0 -0 0.0678682 -20.3912 0 180 0 -180 0 0 0 -0
0 180 0 -180 0 -0 0 -180 0.0664108 177.43 0 180 0 0 0 0 0 -180
0 0 0 -0 0 -180 0 -180 0.0678682 -20.3912 0 0 0 180 0 180 0 -0
0 180 0 -0 0 180 0 -180 0.184707 -0.252552 0 180 0 -180 0 0 0 -180
0 0 0 180 0 0 0 -0 1.18515 164.117 0 0 0 -0 0 180 0 -0
inside=0 lambda=0.647 phi=30 theta=0
0 180 0 180 0 -180 0.00744789 -109.568 0.0766305 5.28024 0 0 0 180 0 180 0 -180
0 0 0 0 0 -180 0 180 1.07028 144.323 0 0 0 0 0 0 0 -180
0 180 0 -0 0 0 1.91388e-13 139.534 3.45778e-13 -135.325 0 -0 0 -0 0 180 0 -180
0 0 0 -180 0 0 0 180 1.63034e-12 58.9624 0 180 0 -180 0 0 0 -180
0 -180 0 -180 0 0 4.40615e-14 47.6219 5.30753e-13 -135.526 0 180 0 0 0 0 0 -180
0 -0 0 -0 0 180 0 -0 1.95605e-12 52.3787 0 -0 0 180 0 180 0 -0
0 -180 0 0 0 -180 0.026049 -132.425 0.287578 -2.19756 0 -180 0 -180 0 0 0 -180
0 -0 0 180 0 -0 0 -0 1.29937 143.631 0 -0 0 -0 0 180 0 -0
inside=0 lambda=0.647 phi=30 theta=15
0 180 0 180 0 -180 0 -0 0.0906426 3.61163 0 0 0 180 0 180 0 -180
0 0 0 0 0 -180 0 180 1.08575 144.259 0 0 0 0 0 0 0 -180
0 180 0 -0 0 0 0 -180 0.0530495 175.354 0 0 0 -0 0 180 0 -180
0 0 0 -180 0 0 0 -0 0.0574341 -40.0868 0 0 0 -180 0 0 0 -180
0 -180 0 -180 0 -0 0 -180 0.0530321 175.312 0 180 0 0 0 0 0 -180
0 -0 0 -0 0 180 0 -180 0.0573355 -39.8792 0 0 0 180 0 180 0 -0
0 180 0 -0 0 180 0 -180 0.273479 -2.04422 0 -180 0 -180 0 0 0 -180
0 -0 0 180 0 -0 0 -0 1.28408 143.662 0 -0 0 -0 0 180 0 -0
inside=0 lambda=0.647 phi=30 theta=30
0 180 0 180 0 -180 0 -0 0.12906 1.05665 0 0 0 180 0 180 0 -180
0 0 0 0 0 -180 0 180 1.12765 144.101 0 0 0 0 0 0 0 -180
0 180 0 -0 0 0 0 -180 0.091937 175.351 0 0 0 -0 0 180 0 -180
0 0 0 -180 0 0 0 -0 0.0993878 -39.9891 0 0 0 -180 0 0 0 -180
0 180 0 180 0 -0 0 -180 0.0919234 175.331 0 180 0 0 0 0 0 -180
0 -0 0 -0 0 180 0 -180 0.0993245 -39.8817 0 0 0 180 0 180 0 -0
0 180 0 -0 0 180 0 -180 0.234798 -1.5846 0 180 0 -180 0 0 0 -180
0 -0 0 180 0 -0 0 -0 1.24212 143.76 0 -0 0 -0 0 180 0 -180
inside=0 lambda=0.647 phi=30 theta=45
0 180 0 -180 0 -180 0 -0 0.181882 -0.64925 0 0 0 180 0 180 0 -180
0 0 0 -0 0 -180 0 180 1.18487 143.917 0 0 0 0 0 -0 0 -180
0 180 0 -180 0 0 0 180 0.106173 175.345 0 0 0 -0 0 180 0 -180
0 -0 0 -180 0 0 0 -0 0.114714 -39.9183 0 180 0 -180 0 0 0 -180
0 180 0 180 0 -0 0 -180 0.106173 175.345 0 180 0 0 0 0 0 -180
0 -0 0 -0 0 -180 0 -180 0.114714 -39.9183 0 0 0 0 0 180 0 -180
0 180 0 -0 0 180 0 -180 0.181882 -0.64925 0 180 0 -180 0 0 0 -180
0 0 0 180 0 0 0 -0 1.18487 143.917 0 -0 0 -180 0 0 0 -180
inside=0 lambda=0.647 phi=35 theta=0
0 180 0 180 0 -180 0.0244646 -108.407 0.0225536 41.6714 0 0 0 180 0 180 0 -180
0 0 0 0 0 -180 0 180 0.987685 118.321 0 0 0 0 0 0 0 -180
0 180 0 -0 0 0 1.11608e-13 -17.826 2.0533e-13 172.316 0 0 0 -0 0 180 0 -180
0 -0 0 -180 0 0 0 180 7.3027e-13 34.9702 0 180 0 180 0 0 0 -180
0 -180 0 -180 0 0 3.15472e-14 -152.448 1.90561e-13 -153.131 0 -0 0 0 0 0 0 -180
0 -0 0 -0 0 180 0 -0 8.1743e-13 26.7742 0 -180 0 180 0 180 0 -0
0 -180 0 0 0 -180 0.0324623 -113.553 0.34039 -2.4585 0 -180 0 -180 0 0 0 -180
0 -0 0 180 0 -0 0 -180 1.38513 117.109 0 -0 0 -0 0 180 0 -0
inside=0 lambda=0.647 phi=35 theta=15
0 180 0 180 0 -180 0.018158 -112.826 0.0405465 18.4612 0 0 0 180 0 180 0 -180
0 0 0 0 0 -180 0 180 1.01446 118.193 0 0 0 0 0 0 0 -180
0 180 0 -0 0 0 0.00089018 92.9631 0.0813646 175.067 0 0 0 -0 0 180 0 -180
0 -0 0 -180 0 0 0 -0 0.0996711 -66.3631 0 0 0 180 0 0 0 -180
0 180 0 -180 0 -0 0.00894204 -136.952 0.0813146 174.997 0 180 0 0 0 0 0 -180
0 -0 0 -0 0 180 0 -180 0.0994779 -66.1671 0 0 0 0 0 0 0 -180
0 180 0 -0 0 180 0.0284943 -121.619 0.318823 -2.25157 0 -180 0 -180 0 0 0 -180
0 -0 0 180 0 -0 0 -0 1.35849 117.153 0 -0 0 -180 0 0 0 -180
inside=0 lambda=0.647 phi=35 theta=30
0 180 0 180 0 -180 0 -0 0.0978234 4.18922 0 0 0 180 0 180 0 -180
0 0 0 -0 0 -180 0 180 1.08743 117.881 0 0 0 -0 0 -0 0 -180
0 180 0 -180 0 0 0 180 0.141183 175.121 0 0 0 -0 0 180 0 -180
0 -0 0 -180 0 0 0 -0 0.172304 -66.2995 0 0 0 180 0 0 0 -180
0 180 0 180 0 -0 0 -180 0.141118 175.093 0 180 0 0 0 0 0 -180
0 -0 0 -0 0 180 0 -180 0.17216 -66.1516 0 0 0 0 0 0 0 -180
0 180 0 -0 0 180 0 -180 0.259639 -1.57218 0 180 0 -180 0 0 0 -180
0 -0 0 180 0 -0 0 -0 1.2859 117.296 0 -0 0 -180 0 0 0 -180
inside=0 lambda=0.647 phi=35 theta=45
0 180 0 180 0 -180 0 -0 0.178515 -0.00164598 0 0 0 180 0 180 0 -180
0 -0 0 -0 0 -180 0 180 1.1866 117.55 0 0 0 -0 0 -0 0 -180
0 180 0 -180 0 0 0 180 0.163092 175.108 0 0 0 -0 0 180 0 -180
0 -0 0 -180 0 0 0 -0 0.198824 -66.1927 0 0 0 180 0 0 0 -180
0 180 0 180 0 -0 0 -180 0.163092 175.108 0 180 0 0 0 0 0 -180
0 -0 0 -0 0 180 0 -180 0.198824 -66.1927 0 0 0 0 0 0 0 -180
0 180 0 -0 0 180 0 180 0.178515 -0.00164598 0 180 0 -180 0 0 0 -180
0 -0 0 180 0 -0 0 -0 1.1866 117.55 0 -0 0 -180 0 0 0 -180
inside=0 lambda=0.647 phi=40 theta=0
0 180 0 180 0 -180 0.0573972 -110.644 0.0868407 -169.862 0 0 0 180 0 180 0 -180
0 -0 0 -0 0 180 0 180 0.812222 81.9289 0 -0 0 -0 0 -0 0 180
0 180 0 -0 0 0 2.06545e-14 -65.5115 2.82975e-13 44.7116 0 -180 0 -0 0 180 0 -180
0 -0 0 180 0 -0 0 0 8.15967e-13 -40.6919 0 0 0 180 0 -0 0 180
0 -180 0 -180 0 0 4.28714e-12 52.4405 1.02298e-12 165.628 0 0 0 0 0 0 0 -180
0 -180 0 -180 0 0 0 -0 8.31147e-13 -19.5529 0 -0 0 0 0 0 0 -180
0 -180 0 0 0 -180 0.04563 -104.682 0.448 1.88618 0 -180 0 -180 0 0 0 -180
0 -180 0 0 0 -180 0 -180 1.59207 78.5037 0 -180 0 -180 0 0 0 -180
inside=0 lambda=0.647 phi=40 theta=15
0 180 0 180 0 -180 0.0424634 -116.448 0.0523657 -164.651 0 0 0 180 0 180 0 -180
0 -0 0 -0 0 -180 0 180 0.864786 81.4373 0 -0 0 -0 0 -0 0 180
0 180 0 -0 0 0 0.0073795 69.5745 0.13431 -176.538 0 0 0 -0 0 180 0 -180
0 -0 0 180 0 0 0 -0 0.195765 -105.437 0 0 0 180 0 -0 0 180
0 180 0 180 0 -0 0.0179646 -134.053 0.134171 -176.601 0 180 0 0 0 0 0 -180
0 -0 0 -0 0 180 0 -180 0.195489 -105.264 0 -0 0 0 0 0 0 -180
0 180 0 -0 0 180 0.0362068 -112.103 0.412893 1.76996 0 180 0 -180 0 0 0 -180
0 -0 0 180 0 -0 0 -180 1.53945 78.575 0 -180 0 -180 0 0 0 -180
inside=0 lambda=0.647 phi=40 theta=30
0 180 0 180 0 -180 0.0127991 -132.156 0.047568 -10.8108 0 0 0 180 0 180 0 -180
0 -0 0 -0 0 -180 0 180 1.00764 80.4188 0 0 0 -0 0 -0 0 180
0 180 0 -180 0 0 0.00260441 82.2469 0.233718 -176.488 0 0 0 -0 0 180 0 -180
0 -0 0 180 0 0 0 -0 0.338413 -105.402 0 0 0 180 0 -0 0 180
0 180 0 180 0 -0 0.0152346 -153.418 0.233519 -176.52 0 180 0 0 0 0 0 -180
0 -0 0 -0 0 180 0 180 0.337926 -105.279 0 -0 0 0 0 0 0 -180
0 180 0 -0 0 180 0.0230309 -141.883 0.315212 1.25164 0 180 0 -180 0 0 0 -180
0 -0 0 180 0 -0 0 -0 1.3965 78.8804 0 -0 0 -180 0 0 0 -180
inside=0 lambda=0.647 phi=40 theta=45
0 180 0 180 0 -180 0 -0 0.180655 -0.354483 0 0 0 180 0 180 0 -180
0 -0 0 -0 0 -180 0 180 1.20195 79.4833 0 0 0 -0 0 -0 0 180
0 180 0 -180 0 0 0 180 0.270364 -176.536 0 0 0 -0 0 180 0 -180
0 -0 0 180 0 0 0 -0 0.390141 -105.305 0 0 0 180 0 -0 0 -180
0 180 0 180 0 -0 0 -180 0.270364 -176.536 0 180 0 0 0 0 0 -180
0 -0 0 -0 0 180 0 180 0.390141 -105.305 0 -0 0 0 0 0 0 -180
0 180 0 -0 0 180 0 180 0.180655 -0.354483 0 180 0 -180 0 0 0 -180
0 -0 0 180 0 -0 0 -0 1.20195 79.4833 0 -0 0 -180 0 0 0 180
inside=0 lambda=0.647 phi=45 theta=0
0 0 0 0 0 -180 0.139938 -155.466 0.989016 142.467 0 0 0 0 0 0 0 -180
0 -180 0 -180 0 0 0 0 0 0 0 -180 0 -180 0 -180 0 0
0 0 0 -180 0 0 2.72694e-13 112.574 2.66624e-13 -77.1099 0 -0 0 -180 0 0 0 -180
0 -180 0 0 0 -180 0 0 0 -180 0 0 0 0 0 -180 0 0
0 180 0 180 0 -0 4.66363e-12 -61.104 2.89186e-12 143.495 0 180 0 -0 0 -0 0 180
0 180 0 180 0 -0 0 180 0 0 0 0 0 -0 0 -0 0 180
0 180 0 -0 0 180 0.0625315 -128.896 0.998246 -21.7113 0 180 0 180 0 -0 0 180
0 180 0 -0 0 180 0 -180 0 -0 0 180 0 180 0 -0 0 180
inside=0 lambda=0.647 phi=45 theta=15
0 0 0 0 0 -180 0.0933027 -163.566 0.862584 141.001 0 0 0 0 0 0 0 -180
0 -180 0 -180 0 0 0 0 0 0 0 -180 0 -180 0 -180 0 0
0 0 0 -180 0 0 0.0359213 11.1818 0.493943 150.401 0 0 0 -180 0 0 0 -180
0 -180 0 0 0 -180 0 -0 0 180 0 -180 0 0 0 -180 0 0
0 180 0 180 0 -0 0.0362786 -170.215 0.493575 150.324 0 0 0 0 0 0 0 -180
0 -180 0 -180 0 0 0 180 0 180 0 -180 0 -0 0 -0 0 180
0 180 0 -0 0 180 0.041627 -128.101 0.867897 -20.6007 0 180 0 -180 0 0 0 -180
0 -180 0 0 0 -180 0 -180 0 -0 0 -180 0 180 0 -0 0 180
inside=0 lambda=0.647 phi=45 theta=30
0 0 0 0 0 -180 0.0290729 -172.186 0.512667 134.134 0 0 0 0 0 0 0 -180
0 -180 0 -180 0 0 0 0 0 0 0 -180 0 -180 0 -180 0 0
0 0 0 -180 0 0 0.0274856 -10.9917 0.857212 150.109 0 0 0 -180 0 0 0 -180
0 -180 0 0 0 -180 0 -180 0 180 0 -180 0 0 0 -180 0 0
0 180 0 180 0 -0 0.0281819 173.767 0.85664 150.083 0 0 0 0 0 0 0 -180
0 -180 0 -180 0 0 0 180 0 180 0 -180 0 -0 0 -0 0 0
0 0 0 -0 0 180 0.0184535 -124.475 0.513931 -14.1433 0 180 0 -180 0 0 0 -180
0 -180 0 0 0 -180 0 -180 0 -0 0 -180 0 180 0 -0 0 0
inside=0 lambda=0.647 phi=45 theta=45
0 0 0 0 0 -180 0 -180 0.141482 59.9758 0 0 0 0 0 180 0 -180
0 -180 0 -180 0 180 0 0 0 0 0 -180 0 -180 0 -180 0 0
0 0 0 -180 0 0 0 0 0.989941 149.976 0 0 0 -0 0 0 0 -180
0 -180 0 0 0 -0 0 -180 0 180 0 -0 0 0 0 -180 0 0
0 0 0 0 0 -0 0 -180 0.989941 149.976 0 0 0 0 0 0 0 -180
0 -180 0 -180 0 0 0 0 0 180 0 -180 0 -0 0 -0 0 0
0 0 0 -180 0 0 0 0 0.141482 59.9758 0 180 0 -180 0 0 0 -180
0 -180 0 0 0 -180 0 -180 0 0 0 -180 0 180 0 -180 0 0
inside=1 lambda=0.647 phi=0 theta=0
0 -180 0 -180 0 -180 0 0 0.183018 -129.519 0 0 0 -180 0 -180 0 -180
0 0 0 -0 0 0 0 180 0.814572 -153.826 0 180 0 0 0 -0 0 0
0 -180 0 -0 0 0 0 180 2.27104e-13 141.266 0 -0 0 0 0 -0 0 -180
0 0 0 -0 0 -180 0 180 4.87324e-13 114.804 0 -180 0 -180 0 -0 0 0
0 -180 0 -0 0 0 0 -0 2.97119e-13 134.127 0 -0 0 0 0 180 0 -180
0 0 0 -0 0 -180 0 180 4.69916e-13 116.367 0 -180 0 -180 0 180 0 0
0 -180 0 0 0 -180 0 -180 0.183018 -129.519 0 -180 0 -180 0 0 0 -180
0 0 0 180 0 0 0 -0 0.814572 -153.826 0 -0 0 0 0 180 0 0
inside=1 lambda=0.647 phi=0 theta=15
0 -180 0 -180 0 -180 0 0 0.183018 -129.519 0 0 0 -180 0 -180 0 -180
0 0 0 -0 0 0 0 180 0.814572 -153.826 0 180 0 0 0 -0 0 0
0 -180 0 -0 0 0 0 180 2.27104e-13 141.266 0 -0 0 0 0 -0 0 -180
0 0 0 -0 0 -180 0 180 4.87324e-13 114.804 0 -180 0 -180 0 -0 0 0
0 -180 0 -0 0 0 0 -0 2.97119e-13 134.127 0 -0 0 0 0 180 0 -180
0 0 0 -0 0 -180 0 180 4.69916e-13 116.367 0 -180 0 -180 0 180 0 0
0 -180 0 0 0 -180 0 -180 0.183018 -129.519 0 -180 0 -180 0 0 0 -180
0 0 0 180 0 0 0 -0 0.814572 -153.826 0 -0 0 0 0 180 0 0
inside=1 lambda=0.647 phi=0 theta=30
0 -180 0 -180 0 -180 0 0 0.183018 -129.519 0 0 0 -180 0 -180 0 -180
0 0 0 -0 0 0 0 180 0.814572 -153.826 0 180 0 0 0 -0 0 0
0 -180 0 -0 0 0 0 180 2.27104e-13 141.266 0 -0 0 0 0 -0 0 -180
0 0 0 -0 0 -180 0 180 4.87324e-13 114.804 0 -180 0 -180 0 -0 0 0
0 -180 0 -0 0 0 0 -0 2.97119e-13 134.127 0 -0 0 0 0 180 0 -180
0 0 0 -0 0 -180 0 180 4.69916e-13 116.367 0 -180 0 -180 0 180 0 0
0 -180 0 0 0 -180 0 -180 0.183018 -129.519 0 -180 0 -180 0 0 0 -180
0 0 0 180 0 0 0 -0 0.814572 -153.826 0 -0 0 0 0 180 0 0
inside=1 lambda=0.647 phi=0 theta=45
0 -180 0 -180 0 -180 0 0 0.183018 -129.519 0 0 0 -180 0 -180 0 -180
0 0 0 -0 0 0 0 180 0.814572 -153.826 0 180 0 0 0 -0 0 0
0 -180 0 -0 0 0 0 180 2.27104e-13 141.266 0 -0 0 0 0 -0 0 -180
0 0 0 -0 0 -180 0 180 4.87324e-13 114.804 0 -180 0 -180 0 -0 0 0
0 -180 0 -0 0 0 0 -0 2.97119e-13 134.127 0 -0 0 0 0 180 0 -180
0 0 0 -0 0 -180 0 180 4.69916e-13 116.367 0 -180 0 -180 0 180 0 0
0 -180 0 0 0 -180 0 -180 0.183018 -129.519 0 -180 0 -180 0 0 0 -180
0 0 0 180 0 0 0 -0 0.814572 -153.826 0 -0 0 0 0 180 0 0
inside=1 lambda=0.647 phi=5 theta=0
0 -180 0 -180 0 -180 0 0 0.182196 -130.995 0 0 0 -180 0 -180 0 -180
0 0 0 -0 0 -0 0 180 0.815521 -154.58 0 180 0 0 0 -0 0 -0
0 -180 0 -0 0 0 0 180 4.13258e-13 133.464 0 -0 0 0 0 180 0 -180
0 0 0 -0 0 180 0 180 8.26149e-13 117.052 0 -180 0 -180 0 180 0 -0
0 -180 0 -180 0 0 0 180 4.92175e-13 139.937 0 -0 0 0 0 0 0 -180
0 0 0 -0 0 -180 0 180 8.53906e-13 113.416 0 -0 0 -180 0 180 0 0
0 -180 0 0 0 -180 0 -180 0.184112 -131.017 0 -180 0 -180 0 0 0 -180
0 -0 0 180 0 0 0 -0 0.813581 -154.59 0 -0 0 -0 0 180 0 0
inside=1 lambda=0.647 phi=5 theta=15
0 -180 0 -180 0 -180 0 0 0.182324 -130.996 0 0 0 -180 0 -180 0 -180
0 0 0 -0 0 -0 0 180 0.815391 -154.581 0 180 0 0 0 -0 0 -0
0 -180 0 -0 0 0 0 -180 0.000479062 46.6572 0 0 0 0 0 180 0 -180
0 0 0 -0 0 180 0 -0 0.000486471 -150.269 0 180 0 -180 0 180 0 -0
0 -180 0 -180 0 0 0 -0 0.000479064 46.6582 0 180 0 0 0 0 0 -180
0 0 0 -0 0 -180 0 -0 0.000486467 -150.27 0 180 0 180 0 180 0 -0
0 -180 0 0 0 -180 0 -180 0.183983 -131.016 0 -180 0 -180 0 0 0 -180
0 0 0 180 0 0 0 -0 0.813711 -154.589 0 -0 0 -0 0 180 0 -0
inside=1 lambda=0.647 phi=5 theta=30
0 -180 0 -180 0 -180 0 0 0.182675 -131 0 0 0 -180 0 -180 0 -180
0 0 0 -0 0 -0 0 180 0.815036 -154.583 0 180 0 0 0 -0 0 -0
0 -180 0 -0 0 0 0 -180 0.00082976 46.6574 0 0 0 0 0 180 0 -180
0 0 0 -0 0 180 0 -0 0.000842591 -150.269 0 180 0 -180 0 180 0 -0
0 -180 0 -180 0 0 0 -0 0.000829762 46.6579 0 180 0 0 0 0 0 -180
0 0 0 -0 0 -180 0 -0 0.000842587 -150.27 0 180 0 180 0 180 0 -0
0 -180 0 0 0 -180 0 -180 0.183633 -131.012 0 -180 0 -180 0 0 0 -180
0 0 0 180 0 0 0 -0 0.814066 -154.588 0 -0 0 -0 0 180 0 -0
inside=1 lambda=0.647 phi=5 theta=45
0 -180 0 -180 0 -180 0 0 0.183154 -131.006 0 0 0 -180 0 -180 0 -180
0 0 0 -0 0 -0 0 180 0.814551 -154.585 0 180 0 0 0 -0 0 -0
0 -180 0 -0 0 0 0 -180 0.000958126 46.6577 0 0 0 0 0 180 0 -180
0 0 0 -0 0 180 0 -0 0.000972938 -150.269 0 180 0 -180 0 180 0 -0
0 -180 0 -180 0 0 0 -0 0.000958126 46.6577 0 180 0 0 0 0 0 -180
0 0 0 -0 0 -180 0 -0 0.000972938 -150.269 0 180 0 180 0 180 0 -0
0 -180 0 0 0 -180 0 -180 0.183154 -131.006 0 -180 0 -180 0 0 0 -180
0 0 0 180 0 0 0 -0 0.814551 -154.585 0 -0 0 -0 0 180 0 -0
inside=1 lambda=0.647 phi=10 theta=0
0 180 0 -180 0 -180 0 0 0.179663 -135.407 0 0 0 180 0 -180 0 -180
0 0 0 -0 0 -0 0 -180 0.818413 -156.836 0 180 0 0 0 -0 0 -0
0 180 0 -0 0 0 0 180 1.68724e-14 120.839 0 180 0 -0 0 180 0 -180
0 0 0 -0 0 180 0 180 6.00493e-14 80.8914 0 180 0 -180 0 180 0 -0
0 -180 0 -180 0 0 0 -0 6.73503e-14 77.7998 0 -0 0 0 0 0 0 -180
0 -0 0 -0 0 180 0 180 3.35475e-14 -154.482 0 -180 0 180 0 180 0 -0
0 -180 0 0 0 -180 0 -180 0.187419 -135.494 0 -180 0 -180 0 0 0 -180
0 -0 0 180 0 -0 0 -0 0.810574 -156.875 0 -0 0 -0 0 180 0 -0
inside=1 lambda=0.647 phi=10 theta=15
0 180 0 -180 0 -180 0 0 0.180182 -135.413 0 0 0 180 0 -180 0 -180
0 0 0 -0 0 -0 0 -180 0.817888 -156.838 0 180 0 0 0 -0 0 -0
0 180 0 -0 0 0 0 -180 0.0019395 42.3273 0 0 0 -0 0 180 0 -180
0 0 0 -0 0 180 0 -0 0.00196521 -152.59 0 180 0 -180 0 180 0 -0
0 -180 0 -180 0 0 0 -0 0.00193952 42.3314 0 180 0 0 0 0 0 -180
0 0 0 -0 0 -180 0 -0 0.00196515 -152.593 0 180 0 180 0 180 0 -0
0 -180 0 0 0 -180 0 -180 0.1869 -135.488 0 -180 0 -180 0 0 0 -180
0 0 0 180 0 0 0 -0 0.811099 -156.872 0 -0 0 -0 0 180 0 -0
inside=1 lambda=0.647 phi=10 theta=30
0 180 0 -180 0 -180 0 0 0.181602 -135.429 0 0 0 180 0 -180 0 -180
0 0 0 -0 0 -0 0 -180 0.816453 -156.845 0 180 0 0 0 -0 0 -0
0 180 0 -0 0 0 0 -180 0.00335932 42.3281 0 0 0 -0 0 180 0 -180
0 0 0 -0 0 180 0 -0 0.00340383 -152.59 0 180 0 -180 0 180 0 -0
0 -180 0 -180 0 0 0 -0 0.00335935 42.3305 0 180 0 0 0 0 0 -180
0 0 0 -0 0 -180 0 -0 0.00340376 -152.593 0 180 0 180 0 180 0 -0
0 -180 0 0 0 -180 0 -180 0.18548 -135.473 0 -180 0 -180 0 0 0 -180
0 0 0 180 0 0 0 -0 0.812534 -156.865 0 -0 0 -0 0 180 0 -0
inside=1 lambda=0.647 phi=10 theta=45
0 180 0 -180 0 -180 0 0 0.183541 -135.451 0 0 0 180 0 -180 0 -180
0 0 0 -0 0 -0 0 180 0.814494 -156.855 0 180 0 0 0 -0 0 -0
0 -180 0 -0 0 0 0 -180 0.00387903 42.3293 0 0 0 -0 0 180 0 -180
0 0 0 -0 0 180 0 -0 0.00393036 -152.591 0 180 0 -180 0 180 0 -0
0 -180 0 -180 0 -0 0 -0 0.00387903 42.3293 0 180 0 0 0 0 0 -180
0 0 0 -0 0 -180 0 -0 0.00393036 -152.591 0 180 0 180 0 180 0 -0
0 180 0 0 0 180 0 -180 0.183541 -135.451 0 -180 0 -180 0 0 0 -180
0 0 0 180 0 0 0 -0 0.814494 -156.855 0 -0 0 -0 0 180 0 -0
inside=1 lambda=0.647 phi=15 theta=0
0 180 0 -180 0 -180 0 0 0.175216 -142.71 0 0 0 180 0 -180 0 -180
0 0 0 -0 0 -0 0 -180 0.823382 -160.573 0 180 0 0 0 -0 0 -0
0 180 0 -0 0 0 0 180 1.7114e-13 124.843 0 -0 0 -0 0 180 0 -180
0 0 0 -0 0 180 0 0 2.87902e-13 109.011 0 -0 0 -180 0 180 0 -0
0 -180 0 -180 0 0 0 -0 1.16645e-13 118.839 0 180 0 0 0 0 0 -180
0 -0 0 -0 0 180 0 -0 2.48749e-13 109.41 0 180 0 180 0 180 0 -0
0 -180 0 0 0 -180 0 -180 0.193016 -142.889 0 -180 0 -180 0 0 0 -180
0 -0 0 180 0 -0 0 -0 0.805449 -160.66 0 -0 0 -0 0 180 0 -0
inside=1 lambda=0.647 phi=15 theta=15
0 180 0 -180 0 -180 0 0 0.176408 -142.724 0 0 0 180 0 -180 0 -180
0 0 0 -0 0 -0 0 -180 0.822181 -160.579 0 180 0 0 0 -0 0 -0
0 180 0 -0 0 0 0 -180 0.00445019 35.1864 0 0 0 -0 0 180 0 -180
0 0 0 -0 0 180 0 -0 0.00449491 -156.442 0 180 0 -180 0 180 0 -0
0 -180 0 -180 0 0 0 -0 0.00445031 35.1963 0 180 0 0 0 0 0 -180
0 0 0 -0 0 -180 0 -0 0.00449456 -156.45 0 180 0 180 0 180 0 -0
0 -180 0 0 0 -180 0 -180 0.191824 -142.878 0 -180 0 -180 0 0 0 -180
0 0 0 180 0 0 0 -0 0.80665 -160.654 0 -0 0 -0 0 180 0 -0
inside=1 lambda=0.647 phi=15 theta=30
0 180 0 -180 0 -180 0 0 0.179666 -142.759 0 0 0 180 0 -180 0 -180
0 0 0 -0 0 -0 0 -180 0.818899 -160.595 0 180 0 0 0 -0 0 -0
0 180 0 -0 0 0 0 -180 0.00770801 35.1885 0 0 0 -0 0 180 0 -180
0 0 0 -0 0 180 0 -0 0.00778529 -156.444 0 180 0 -180 0 180 0 -0
0 -180 0 -180 0 -0 0 -0 0.00770813 35.1942 0 180 0 0 0 0 0 -180
0 0 0 -0 0 -180 0 -0 0.00778494 -156.449 0 180 0 180 0 180 0 -0
0 180 0 0 0 180 0 -180 0.188566 -142.848 0 -180 0 -180 0 0 0 -180
0 0 0 180 0 0 0 -0 0.809932 -160.638 0 -0 0 -0 0 180 0 -0
inside=1 lambda=0.647 phi=15 theta=45
0 180 0 -180 0 -180 0 0 0.184116 -142.804 0 0 0 180 0 -180 0 -180
0 0 0 -0 0 -0 0 -180 0.814415 -160.616 0 180 0 0 0 -0 0 -0
0 180 0 -0 0 0 0 -180 0.00890053 35.1914 0 0 0 -0 0 180 0 -180
0 0 0 -0 0 180 0 -0 0.00898947 -156.447 0 180 0 -180 0 180 0 -0
0 180 0 -180 0 -0 0 -0 0.00890053 35.1914 0 180 0 0 0 0 0 -180
0 0 0 -0 0 -180 0 -0 0.00898947 -156.447 0 180 0 180 0 180 0 -0
0 180 0 0 0 180 0 -180 0.184116 -142.804 0 -180 0 -180 0 0 0 -180
0 0 0 -180 0 0 0 -0 0.814415 -160.616 0 -0 0 -0 0 180 0 -0
inside=1 lambda=0.647 phi=20 theta=0
0 180 0 -180 0 -180 0 -0 0.168517 -152.844 0 0 0 180 0 -180 0 -180
0 0 0 -0 0 -0 0 -180 0.830656 -165.761 0 180 0 0 0 -0 0 -0
0 180 0 -0 0 0 0 -0 4.56387e-13 -63.7278 0 180 0 -0 0 180 0 -180
0 0 0 -0 0 180 0 -180 8.41179e-13 -76.1233 0 180 0 -180 0 180 0 -0
0 -180 0 -180 0 0 0 180 4.47378e-13 -66.3401 0 -0 0 0 0 0 0 -180
0 -0 0 -0 0 180 0 0 8.60655e-13 -74.2074 0 -180 0 180 0 180 0 -0
0 -180 0 0 0 -180 0 -180 0.201008 -153.108 0 -180 0 -180 0 0 0 -180
0 -0 0 180 0 -0 0 -0 0.798035 -165.913 0 -0 0 -0 0 180 0 -0
inside=1 lambda=0.647 phi=20 theta=15
0 180 0 -180 0 -180 0 -0 0.170694 -152.866 0 0 0 180 0 -180 0 -180
0 0 0 -0 0 -0 0 -180 0.828471 -165.771 0 180 0 0 0 -0 0 -0
0 180 0 -0 0 0 0 -180 0.00812185 25.3382 0 0 0 -0 0 180 0 -180
0 0 0 -0 0 180 0 -0 0.00817552 -161.8 0 180 0 -180 0 180 0 -0
0 -180 0 -180 0 0 0 -0 0.0081222 25.3573 0 180 0 0 0 0 0 -180
0 -0 0 -0 0 -180 0 -0 0.00817437 -161.815 0 180 0 180 0 180 0 -0
0 -180 0 0 0 -180 0 -180 0.198831 -153.093 0 -180 0 -180 0 0 0 -180
0 0 0 180 0 0 0 -0 0.80022 -165.903 0 -0 0 -0 0 180 0 -0
inside=1 lambda=0.647 phi=20 theta=30
0 180 0 -180 0 -180 0 0 0.17664 -152.92 0 0 0 180 0 -180 0 -180
0 0 0 -0 0 -0 0 -180 0.8225 -165.798 0 180 0 0 0 -0 0 -0
0 180 0 -0 0 0 0 -180 0.0140677 25.3422 0 0 0 -0 0 180 0 -180
0 0 0 -0 0 180 0 -0 0.01416 -161.804 0 180 0 -180 0 180 0 -0
0 -180 0 -180 0 -0 0 -0 0.014068 25.3532 0 180 0 0 0 0 0 -180
0 0 0 -0 0 -180 0 -0 0.0141588 -161.813 0 180 0 180 0 180 0 -0
0 180 0 0 0 180 0 -180 0.192885 -153.051 0 -180 0 -180 0 0 0 -180
0 0 0 180 0 0 0 -0 0.80619 -165.874 0 -0 0 -0 0 180 0 -0
inside=1 lambda=0.647 phi=20 theta=45
0 180 0 -180 0 -180 0 0 0.184762 -152.989 0 0 0 180 0 -180 0 -180
0 0 0 -0 0 -0 0 -180 0.814345 -165.836 0 180 0 0 0 -0 0 -0
0 180 0 -0 0 0 0 -180 0.0162442 25.3477 0 0 0 -0 0 180 0 -180
0 0 0 -0 0 180 0 -0 0.0163498 -161.809 0 180 0 -180 0 180 0 -0
0 180 0 -180 0 -0 0 -0 0.0162442 25.3477 0 180 0 0 0 0 0 -180
0 0 0 -0 0 -180 0 -0 0.0163498 -161.809 0 180 0 180 0 180 0 -0
0 180 0 0 0 180 0 -180 0.184762 -152.989 0 -180 0 -180 0 0 0 -180
0 0 0 -180 0 0 0 -0 0.814345 -165.836 0 -0 0 -0 0 180 0 -0
inside=1 lambda=0.647 phi=25 theta=0
0 180 0 180 0 -180 0 -0 0.159109 -165.751 0 0 0 180 0 180 0 -180
0 0 0 -0 0 -0 0 -180 0.840571 -172.355 0 180 0 0 0 -0 0 -0
0 180 0 -0 0 0 0 180 2.32669e-13 -75.1274 0 -0 0 -0 0 180 0 -180
0 0 0 -0 0 180 0 -0 4.29762e-13 -83.0797 0 -180 0 -180 0 180 0 -0
0 -180 0 -180 0 0 0 180 2.14325e-13 -88.2728 0 -180 0 0 0 0 0 -180
0 -0 0 -0 0 180 0 0 3.40305e-13 -79.4627 0 0 0 180 0 180 0 -0
0 -180 0 0 0 -180 0 -180 0.211508 -166.031 0 -180 0 -180 0 0 0 -180
0 -0 0 180 0 -0 0 -0 0.788088 -172.587 0 -0 0 -0 0 180 0 -0
inside=1 lambda=0.647 phi=25 theta=15
0 180 0 180 0 -180 0 -0 0.162619 -165.776 0 0 0 180 0 180 0 -180
0 0 0 -0 0 -0 0 -180 0.837054 -172.37 0 180 0 0 0 -0 0 -0
0 180 0 -0 0 0 0 -180 0.0130973 12.9071 0 0 0 -0 0 180 0 -180
0 0 0 -0 0 180 0 -0 0.013151 -168.624 0 180 0 -180 0 180 0 -0
0 -180 0 -180 0 0 0 -0 0.013098 12.9399 0 180 0 0 0 0 0 -180
0 -0 0 -0 0 -180 0 -0 0.013148 -168.647 0 180 0 180 0 180 0 -0
0 -180 0 0 0 180 0 -180 0.207998 -166.017 0 -180 0 -180 0 0 0 -180
0 -0 0 180 0 0 0 -0 0.791603 -172.571 0 -0 0 -0 0 180 0 -0
inside=1 lambda=0.647 phi=25 theta=30
0 180 0 -180 0 -180 0 -0 0.172208 -165.839 0 0 0 180 0 180 0 -180
0 0 0 -0 0 -0 0 -180 0.827448 -172.41 0 180 0 0 0 -0 0 -0
0 180 0 -0 0 0 0 -180 0.0226858 12.914 0 0 0 -0 0 180 0 -180
0 0 0 -0 0 180 0 -0 0.022777 -168.631 0 180 0 -180 0 180 0 -0
0 180 0 -180 0 -0 0 -0 0.0226865 12.9328 0 180 0 0 0 0 0 -180
0 0 0 -0 0 -180 0 -0 0.022774 -168.644 0 180 0 180 0 180 0 -0
0 180 0 0 0 180 0 -180 0.198408 -165.977 0 -180 0 -180 0 0 0 -180
0 0 0 180 0 0 0 -0 0.801207 -172.526 0 -0 0 -0 0 180 0 -0
inside=1 lambda=0.647 phi=25 theta=45
0 180 0 -180 0 -180 0 0 0.185308 -165.914 0 0 0 180 0 -180 0 -180
0 0 0 -0 0 -0 0 -180 0.814327 -172.468 0 180 0 0 0 -0 0 -0
0 180 0 -0 0 0 0 -180 0.026196 12.9233 0 0 0 -0 0 180 0 -180
0 0 0 -0 0 180 0 -0 0.0262988 -168.639 0 180 0 -180 0 180 0 -0
0 180 0 -180 0 -0 0 -0 0.026196 12.9233 0 180 0 0 0 0 0 -180
0 0 0 -0 0 -180 0 -0 0.0262988 -168.639 0 180 0 180 0 180 0 -0
0 180 0 0 0 180 0 -180 0.185308 -165.914 0 -180 0 -180 0 0 0 -180
0 0 0 -180 0 0 0 -0 0.814327 -172.468 0 -0 0 -0 0 180 0 -0
inside=1 lambda=0.647 phi=30 theta=0
0 180 0 180 0 -180 0 -0 0.146467 178.594 0 0 0 180 0 180 0 -180
0 0 0 0 0 -0 0 -180 0.853574 179.702 0 180 0 0 0 0 0 -0
0 180 0 -0 0 0 0 180 9.55828e-15 -83.3475 0 -0 0 -0 0 180 0 -180
0 0 0 -180 0 180 0 0 1.5018e-14 110.295 0 -180 0 -180 0 0 0 -0
0 -180 0 -180 0 0 0 -0 5.06048e-14 156.178 0 -0 0 0 0 0 0 -180
0 -0 0 -0 0 180 0 -180 2.98415e-14 -36.3977 0 -0 0 180 0 180 0 -0
0 -180 0 0 0 -180 0 -180 0.224606 178.478 0 -180 0 -180 0 0 0 -180
0 -0 0 180 0 -0 0 -0 0.775289 179.379 0 -0 0 -0 0 180 0 -0
inside=1 lambda=0.647 phi=30 theta=15
0 180 0 180 0 -180 0 -0 0.1517 178.581 0 0 0 180 0 180 0 -180
0 0 0 -0 0 -0 0 -180 0.848329 179.682 0 180 0 0 0 0 0 -0
0 180 0 -0 0 0 0 -180 0.019532 -1.98113 0 0 0 -0 0 180 0 -180
0 0 0 -180 0 180 0 -0 0.0196128 -176.85 0 180 0 -180 0 0 0 -0
0 -180 0 -180 0 0 0 -0 0.0195328 -1.92866 0 180 0 0 0 0 0 -180
0 -0 0 -0 0 180 0 -180 0.0196062 -176.883 0 0 0 180 0 180 0 -0
0 -180 0 0 0 180 0 -180 0.219373 178.481 0 -180 0 -180 0 0 0 -180
0 -0 0 180 0 0 0 -0 0.780533 179.403 0 -0 0 -0 0 180 0 -0
inside=1 lambda=0.647 phi=30 theta=30
0 180 0 180 0 -180 0 -0 0.166001 178.549 0 0 0 180 0 180 0 -180
0 0 0 -0 0 -0 0 -180 0.834 179.626 0 180 0 0 0 -0 0 -0
0 180 0 -0 0 0 0 -180 0.0338322 -1.97022 0 0 0 -0 0 180 0 -180
0 0 0 -180 0 180 0 -0 0.0339676 -176.863 0 180 0 -180 0 0 0 -0
0 180 0 -180 0 -0 0 -0 0.033833 -1.94054 0 180 0 0 0 0 0 -180
0 0 0 -0 0 -180 0 -180 0.0339612 -176.881 0 0 0 180 0 180 0 -0
0 180 0 0 0 180 0 -180 0.205073 178.492 0 -180 0 -180 0 0 0 -180
0 0 0 180 0 0 0 -0 0.794858 179.465 0 -0 0 -0 0 180 0 -0
inside=1 lambda=0.647 phi=30 theta=45
0 180 0 -180 0 -180 0 -0 0.185537 178.516 0 0 0 180 0 180 0 -180
0 0 0 -0 0 -0 0 -180 0.814428 179.547 0 180 0 0 0 -0 0 -0
0 180 0 -0 0 0 0 -180 0.0390673 -1.95561 0 0 0 -0 0 180 0 -180
0 0 0 -180 0 180 0 -0 0.0392185 -176.875 0 180 0 -180 0 0 0 -0
0 180 0 -180 0 -0 0 -0 0.0390673 -1.95561 0 180 0 0 0 0 0 -180
0 0 0 -0 0 -180 0 -180 0.0392185 -176.875 0 0 0 180 0 180 0 -0
0 180 0 -0 0 180 0 -180 0.185537 178.516 0 180 0 -180 0 0 0 -180
0 0 0 -180 0 0 0 -0 0.814428 179.547 0 -0 0 -0 0 180 0 -0
inside=1 lambda=0.647 phi=35 theta=0
0 180 0 180 0 -180 0 -0 0.130115 160.125 0 0 0 180 0 180 0 -180
0 0 0 0 0 -0 0 -180 0.87025 170.479 0 180 0 0 0 0 0 -0
0 180 0 -0 0 0 0 -0 3.72239e-14 -132.606 0 180 0 -0 0 180 0 -180
0 0 0 -180 0 180 0 180 9.08923e-14 -94.9698 0 -180 0 -180 0 0 0 -0
0 -180 0 -180 0 0 0 -0 2.4564e-14 -64.985 0 -180 0 0 0 0 0 -180
0 -0 0 -0 0 180 0 -180 1.29597e-13 -112.664 0 180 0 180 0 180 0 -0
0 -180 0 0 0 -180 0 -180 0.240344 160.552 0 -180 0 -180 0 0 0 -180
0 -0 0 180 0 -0 0 -0 0.759246 170.06 0 -0 0 -0 0 180 0 -0
inside=1 lambda=0.647 phi=35 theta=15
0 180 0 180 0 -180 0 -0 0.137496 160.171 0 0 0 180 0 180 0 -180
0 0 0 -0 0 -0 0 -180 0.862813 170.454 0 180 0 0 0 0 0 -0
0 180 0 -0 0 0 0 180 0.0275631 -19.2235 0 0 0 -0 0 180 0 -180
0 0 0 -180 0 180 0 -0 0.0278058 173.609 0 180 0 -180 0 0 0 -0
0 -180 0 -180 0 0 0 -0 0.0275625 -19.1438 0 180 0 0 0 0 0 -180
0 -0 0 -0 0 180 0 -180 0.0277923 173.564 0 0 0 180 0 180 0 -0
0 -180 0 0 0 180 0 -180 0.232964 160.531 0 -180 0 -180 0 0 0 -180
0 -0 0 180 0 0 0 -0 0.76668 170.091 0 -0 0 -0 0 180 0 -0
inside=1 lambda=0.647 phi=35 theta=30
0 180 0 180 0 -180 0 -0 0.157668 160.276 0 0 0 180 0 180 0 -180
0 0 0 -0 0 -0 0 -180 0.842494 170.383 0 180 0 0 0 0 0 -0
0 180 0 -0 0 0 0 180 0.0477453 -19.2071 0 0 0 -0 0 180 0 -180
0 0 0 -180 0 180 0 -0 0.048155 173.589 0 180 0 -180 0 0 0 -0
0 180 0 -180 0 -0 0 -0 0.0477448 -19.1628 0 180 0 0 0 0 0 -180
0 -0 0 -0 0 -180 0 -180 0.0481425 173.564 0 0 0 180 0 180 0 -0
0 180 0 0 0 180 0 -180 0.212793 160.474 0 -180 0 -180 0 0 0 -180
0 0 0 180 0 0 0 -0 0.786991 170.174 0 -0 0 -0 0 180 0 -0
inside=1 lambda=0.647 phi=35 theta=45
0 180 0 -180 0 -180 0 -0 0.18523 160.386 0 0 0 180 0 180 0 -180
0 0 0 -0 0 -0 0 -180 0.814741 170.281 0 180 0 0 0 -0 0 -0
0 180 0 -0 0 0 0 -180 0.0551337 -19.1856 0 0 0 -0 0 180 0 -180
0 0 0 -180 0 180 0 -0 0.0555971 173.571 0 180 0 -180 0 0 0 -0
0 180 0 -180 0 -0 0 -0 0.0551337 -19.1856 0 180 0 0 0 0 0 -180
0 0 0 -0 0 -180 0 -180 0.0555971 173.571 0 0 0 180 0 180 0 -0
0 180 0 -0 0 180 0 -180 0.18523 160.386 0 180 0 -180 0 0 0 -180
0 0 0 -180 0 0 0 -0 0.814741 170.281 0 -0 0 -0 0 180 0 -0
inside=1 lambda=0.647 phi=40 theta=0
0 180 0 180 0 -180 0 -0 0.109812 138.598 0 0 0 180 0 180 0 -180
0 0 0 0 0 -180 0 -180 0.891355 160.064 0 0 0 0 0 0 0 -180
0 180 0 -0 0 0 0 180 4.84167e-14 -122.15 0 -0 0 -0 0 180 0 -180
0 0 0 -180 0 180 0 0 1.02133e-13 -117.916 0 -180 0 -180 0 0 0 -0
0 -180 0 -180 0 0 0 180 3.14367e-14 -92.6969 0 0 0 0 0 0 0 -180
0 -0 0 -0 0 180 0 0 1.16423e-13 -115.615 0 180 0 180 0 180 0 -0
0 -180 0 0 0 -180 0 -180 0.258707 140.305 0 -180 0 -180 0 0 0 -180
0 -0 0 180 0 -0 0 -0 0.739481 159.542 0 -0 0 -0 0 180 0 -0
inside=1 lambda=0.647 phi=40 theta=15
0 180 0 180 0 -180 0 -0 0.119769 138.838 0 0 0 180 0 180 0 -180
0 0 0 -0 0 -180 0 -180 0.881178 160.033 0 0 0 0 0 0 0 -180
0 180 0 -0 0 0 0 180 0.0372701 -38.7642 0 0 0 -0 0 180 0 -180
0 0 0 -180 0 180 0 -0 0.0380411 162.877 0 180 0 -180 0 0 0 -0
0 -180 0 -180 0 0 0 -0 0.0372631 -38.6477 0 0 0 0 0 0 0 -180
0 -0 0 -0 0 180 0 -180 0.0380147 162.819 0 0 0 180 0 180 0 -0
0 -180 0 0 0 180 0 -180 0.248743 140.246 0 -180 0 -180 0 0 0 -180
0 -0 0 180 0 0 0 -0 0.74965 159.582 0 -0 0 -0 0 180 0 -0
inside=1 lambda=0.647 phi=40 theta=30
0 180 0 180 0 -180 0 -0 0.147005 139.327 0 0 0 180 0 180 0 -180
0 0 0 -0 0 -180 0 -180 0.853377 159.946 0 180 0 0 0 0 0 -180
0 180 0 -0 0 0 0 180 0.0645652 -38.7403 0 0 0 -0 0 180 0 -180
0 0 0 -180 0 180 0 -0 0.0658764 162.844 0 180 0 -180 0 0 0 -0
0 180 0 -180 0 -0 0 -0 0.0645592 -38.6772 0 0 0 0 0 0 0 -180
0 -0 0 -0 0 -180 0 -180 0.0658537 162.812 0 0 0 180 0 180 0 -0
0 180 0 0 0 180 0 -180 0.221492 140.069 0 -180 0 -180 0 0 0 -180
0 0 0 180 0 0 0 -0 0.777438 159.687 0 -0 0 -0 0 180 0 -0
inside=1 lambda=0.647 phi=40 theta=45
0 180 0 180 0 -180 0 -0 0.184246 139.766 0 0 0 180 0 180 0 -180
0 0 0 -0 0 -180 0 -180 0.815404 159.821 0 180 0 0 0 -0 0 -0
0 180 0 -0 0 0 0 180 0.0745569 -38.7101 0 0 0 -0 0 180 0 -180
0 0 0 -180 0 180 0 -0 0.0760538 162.82 0 180 0 -180 0 0 0 -0
0 180 0 180 0 -0 0 -0 0.0745569 -38.7101 0 180 0 0 0 0 0 -180
0 0 0 -0 0 -180 0 -180 0.0760538 162.82 0 0 0 180 0 180 0 -0
0 180 0 -0 0 180 0 180 0.184246 139.766 0 180 0 -180 0 0 0 -180
0 0 0 -180 0 0 0 -0 0.815404 159.821 0 -0 0 -180 0 180 0 -0
inside=1 lambda=0.647 phi=45 theta=0
0 180 0 180 0 -180 0 -0 0.0858564 113.388 0 0 0 180 0 180 0 -180
0 0 0 0 0 -180 0.00307009 92.245 0.917865 148.568 0 0 0 0 0 0 0 -180
0 180 0 -0 0 0 0 180 1.28172e-13 90.0582 0 180 0 -0 0 180 0 -180
0 0 0 -180 0 0 1.73343e-13 19.1287 2.0359e-13 19.176 0 0 0 -180 0 0 0 -180
0 -180 0 -180 0 0 0 -0 5.20575e-14 -15.9262 0 180 0 0 0 0 0 -180
0 -0 0 -0 0 180 1.95428e-14 147.848 1.22415e-13 52.9564 0 -180 0 180 0 180 0 -0
0 -180 0 0 0 -180 0 -180 0.279638 117.807 0 -180 0 -180 0 0 0 -180
0 -0 0 180 0 -0 0.0179692 -72.0495 0.715404 147.926 0 -0 0 -0 0 180 0 -0
inside=1 lambda=0.647 phi=45 theta=15
0 180 0 180 0 -180 0 -0 0.0986976 114.203 0 0 0 180 0 180 0 -180
0 0 0 -0 0 -180 0 -180 0.904346 148.527 0 0 0 0 0 0 0 -180
0 180 0 -0 0 0 0 180 0.0486404 -60.6195 0 0 0 -0 0 180 0 -180
0 0 0 -180 0 0 0 -0 0.0507278 151.114 0 0 0 -180 0 0 0 -180
0 -180 0 -180 0 0 0 -0 0.0486145 -60.4524 0 180 0 0 0 0 0 -180
0 -0 0 -0 0 180 0 -180 0.0506748 151.041 0 0 0 180 0 180 0 -0
0 -180 0 0 0 180 0 -180 0.266702 117.702 0 -180 0 -180 0 0 0 -180
0 -0 0 180 0 0 0 -0 0.728976 147.974 0 -0 0 -0 0 180 0 -0
inside=1 lambda=0.647 phi=45 theta=30
0 180 0 180 0 -180 0 -0 0.134104 115.649 0 0 0 180 0 180 0 -180
0 0 0 -0 0 -180 0 -180 0.867276 148.421 0 0 0 0 0 0 0 -180
0 180 0 -0 0 0 0 180 0.0842798 -60.5833 0 0 0 -0 0 180 0 -180
0 0 0 -180 0 0 0 -0 0.087834 151.06 0 0 0 -180 0 0 0 -180
0 180 0 -180 0 -0 0 -0 0.0842582 -60.4972 0 180 0 0 0 0 0 -180
0 -0 0 -0 0 -180 0 -180 0.0877949 151.02 0 0 0 0 0 0 0 -180
0 180 0 -0 0 180 0 -180 0.231194 117.359 0 180 0 -180 0 0 0 -180
0 0 0 180 0 0 0 -0 0.766019 148.105 0 -0 0 -180 0 0 0 -180
inside=1 lambda=0.647 phi=45 theta=45
0 180 0 180 0 -180 0 -0 0.182629 116.719 0 0 0 180 0 180 0 -180
0 0 0 -0 0 -180 0 180 0.816641 148.27 0 0 0 0 0 -0 0 -180
0 180 0 -0 0 0 0 180 0.0973226 -60.5426 0 0 0 -0 0 180 0 -180
0 -0 0 -180 0 0 0 -0 0.101398 151.026 0 0 0 -180 0 0 0 -180
0 180 0 180 0 -0 0 -0 0.0973226 -60.5426 0 180 0 0 0 0 0 -180
0 -0 0 -0 0 -180 0 -180 0.101398 151.026 0 0 0 0 0 0 0 -180
0 180 0 -0 0 180 0 180 0.182629 116.719 0 180 0 -180 0 0 0 -180
0 0 0 180 0 0 0 -0 0.816641 148.27 0 -0 0 -180 0 0 0 -180
