RSoft_BSDF_File_Version 2
1 0 5 2 1 0.457143
0.3 0.3
-1 1
-1 1
1 0.647 0.647
10 0 45 0.5
4 0 45
Begin_Dispersion_Data
0.647 1.45662 0 1 0 0
End_Dispersion_Data
inside=0 lambda=0.647 phi=0 theta=0
0 -180 0 -180 0 -180 0 0 0.159921 1.57353 0 0 0 -180 0 -180 0 -180
0 0 0 0 0 0 0 -180 1.19137 -98.6008 0 -180 0 0 0 0 0 0
0 -180 0 0 0 0 0 -180 1.07719e-12 89.5404 0 -180 0 0 0 0 0 -180
0 0 0 0 0 -180 0 0 2.41526e-12 130.717 0 180 0 -180 0 -0 0 0
0 -180 0 -180 0 0 0 0 7.5306e-13 155.319 0 0 0 0 0 -180 0 -180
0 0 0 -180 0 -180 0 0 3.34762e-13 95.1641 0 0 0 -180 0 -180 0 0
0 -180 0 0 0 -180 0 -180 0.159921 1.57353 0 -180 0 -180 0 0 0 -180
0 0 0 -180 0 0 0 0 1.19137 -98.6008 0 0 0 0 0 -180 0 0
inside=0 lambda=0.647 phi=0 theta=15
0 -180 0 -180 0 -180 0 0 0.159921 1.57353 0 0 0 -180 0 -180 0 -180
0 0 0 0 0 0 0 -180 1.19137 -98.6008 0 -180 0 0 0 0 0 0
0 -180 0 0 0 0 0 -180 1.07719e-12 89.5404 0 -180 0 0 0 0 0 -180
0 0 0 0 0 -180 0 0 2.41526e-12 130.717 0 180 0 -180 0 -0 0 0
0 -180 0 -180 0 0 0 0 7.5306e-13 155.319 0 0 0 0 0 -180 0 -180
0 0 0 -180 0 -180 0 0 3.34762e-13 95.1641 0 0 0 -180 0 -180 0 0
0 -180 0 0 0 -180 0 -180 0.159921 1.57353 0 -180 0 -180 0 0 0 -180
0 0 0 -180 0 0 0 0 1.19137 -98.6008 0 0 0 0 0 -180 0 0
inside=0 lambda=0.647 phi=0 theta=30
0 -180 0 -180 0 -180 0 0 0.159921 1.57353 0 0 0 -180 0 -180 0 -180
0 0 0 0 0 0 0 -180 1.19137 -98.6008 0 -180 0 0 0 0 0 0
0 -180 0 0 0 0 0 -180 1.07719e-12 89.5404 0 -180 0 0 0 0 0 -180
0 0 0 0 0 -180 0 0 2.41526e-12 130.717 0 180 0 -180 0 -0 0 0
0 -180 0 -180 0 0 0 0 7.5306e-13 155.319 0 0 0 0 0 -180 0 -180
0 0 0 -180 0 -180 0 0 3.34762e-13 95.1641 0 0 0 -180 0 -180 0 0
0 -180 0 0 0 -180 0 -180 0.159921 1.57353 0 -180 0 -180 0 0 0 -180
0 0 0 -180 0 0 0 0 1.19137 -98.6008 0 0 0 0 0 -180 0 0
inside=0 lambda=0.647 phi=0 theta=45
0 -180 0 -180 0 -180 0 0 0.159921 1.57353 0 0 0 -180 0 -180 0 -180
0 0 0 0 0 0 0 -180 1.19137 -98.6008 0 -180 0 0 0 0 0 0
0 -180 0 0 0 0 0 -180 1.07719e-12 89.5404 0 -180 0 0 0 0 0 -180
0 0 0 0 0 -180 0 0 2.41526e-12 130.717 0 180 0 -180 0 -0 0 0
0 -180 0 -180 0 0 0 0 7.5306e-13 155.319 0 0 0 0 0 -180 0 -180
0 0 0 -180 0 -180 0 0 3.34762e-13 95.1641 0 0 0 -180 0 -180 0 0
0 -180 0 0 0 -180 0 -180 0.159921 1.57353 0 -180 0 -180 0 0 0 -180
0 0 0 -180 0 0 0 0 1.19137 -98.6008 0 0 0 0 0 -180 0 0
inside=0 lambda=0.647 phi=5 theta=0
0 -180 0 -180 0 -180 0 0 0.158624 1.86074 0 0 0 -180 0 -180 0 -180
0 0 0 0 0 0 0 -180 1.18906 -100.572 0 -180 0 0 0 0 0 0
0 -180 0 -0 0 0 0 180 2.5321e-13 9.3462 0 180 0 0 0 180 0 -180
0 0 0 -0 0 -180 0 -180 6.82875e-13 -4.95096 0 180 0 -180 0 180 0 0
0 -180 0 -180 0 0 0 180 1.7696e-13 -137.836 0 0 0 0 0 0 0 -180
0 0 0 0 0 -180 0 0 9.29139e-13 -14.3849 0 -0 0 -180 0 -180 0 0
0 -180 0 0 0 -180 0 -180 0.161862 1.89557 0 -180 0 -180 0 0 0 -180
0 0 0 -180 0 0 0 0 1.19356 -100.613 0 0 0 0 0 -180 0 0
inside=0 lambda=0.647 phi=5 theta=15
0 -180 0 -180 0 -180 0 0 0.158841 1.86311 0 0 0 -180 0 -180 0 -180
0 0 0 0 0 0 0 -180 1.18936 -100.574 0 -180 0 0 0 0 0 0
0 -180 0 -0 0 0 0 -180 0.000813608 -176.449 0 0 0 0 0 180 0 -180
0 0 0 -0 0 -180 0 0 0.00115082 67.1972 0 -180 0 -180 0 180 0 0
0 -180 0 -180 0 0 0 -0 0.000813585 -176.448 0 180 0 0 0 0 0 -180
0 0 0 0 0 -180 0 -0 0.0011507 67.2114 0 180 0 -180 0 -180 0 0
0 -180 0 0 0 -180 0 -180 0.161646 1.89328 0 -180 0 -180 0 0 0 -180
0 0 0 -180 0 0 0 0 1.19326 -100.61 0 0 0 0 0 -180 0 0
inside=0 lambda=0.647 phi=5 theta=30
0 -180 0 -180 0 -180 0 0 0.159434 1.86956 0 0 0 -180 0 -180 0 -180
0 0 0 0 0 0 0 -180 1.19018 -100.582 0 -180 0 0 0 0 0 0
0 -180 0 -0 0 0 0 -180 0.0014092 -176.449 0 0 0 0 0 180 0 -180
0 0 0 -0 0 -180 0 0 0.00199323 67.2003 0 -180 0 -180 0 180 0 0
0 -180 0 -180 0 0 0 -0 0.00140918 -176.448 0 180 0 0 0 0 0 -180
0 0 0 0 0 -180 0 -0 0.00199311 67.2085 0 180 0 -180 0 -180 0 0
0 -180 0 0 0 -180 0 -180 0.161053 1.88698 0 -180 0 -180 0 0 0 -180
0 0 0 -180 0 0 0 0 1.19243 -100.603 0 0 0 0 0 -180 0 0
inside=0 lambda=0.647 phi=5 theta=45
0 -180 0 -180 0 -180 0 0 0.160243 1.8783 0 0 0 -180 0 -180 0 -180
0 0 0 0 0 0 0 -180 1.19131 -100.592 0 -180 0 0 0 0 0 0
0 -180 0 -0 0 0 0 -180 0.00162719 -176.449 0 0 0 0 0 180 0 -180
0 0 0 -0 0 -180 0 0 0.00230151 67.2044 0 -180 0 -180 0 180 0 0
0 -180 0 -180 0 0 0 -0 0.00162719 -176.449 0 180 0 0 0 0 0 -180
0 0 0 0 0 -180 0 -0 0.00230151 67.2044 0 180 0 -180 0 -180 0 0
0 -180 0 0 0 -180 0 -180 0.160243 1.8783 0 -180 0 -180 0 0 0 -180
0 0 0 -180 0 0 0 0 1.19131 -100.592 0 0 0 0 0 -180 0 0
inside=0 lambda=0.647 phi=10 theta=0
0 180 0 -180 0 -180 0 0 0.154785 2.63168 0 0 0 180 0 -180 0 -180
0 0 0 0 0 0 0 -180 1.18182 -106.508 0 -180 0 0 0 0 0 0
0 -180 0 -0 0 0 0 -0 1.0919e-13 -47.3236 0 180 0 0 0 180 0 -180
0 0 0 -0 0 -180 0 -0 1.81871e-13 27.6321 0 180 0 -180 0 180 0 0
0 -180 0 -180 0 0 0 -0 1.97135e-13 -37.233 0 -0 0 0 0 0 0 -180
0 0 0 0 0 -180 0 -180 1.91976e-13 146.983 0 -0 0 -180 0 -180 0 0
0 -180 0 0 0 -180 0 -180 0.168335 2.82701 0 -180 0 -180 0 0 0 -180
0 0 0 -180 0 0 0 0 1.20029 -106.684 0 0 0 0 0 -180 0 0
inside=0 lambda=0.647 phi=10 theta=15
0 180 0 -180 0 -180 0 0 0.155693 2.64569 0 0 0 180 0 -180 0 -180
0 0 0 0 0 0 0 -180 1.18306 -106.52 0 -180 0 0 0 0 0 0
0 -180 0 -0 0 0 0 -180 0.00340226 -175.005 0 0 0 0 0 180 0 -180
0 0 0 -0 0 -180 0 0 0.00472824 60.7738 0 -180 0 -180 0 180 0 0
0 -180 0 -180 0 0 0 -0 0.00340196 -175.003 0 180 0 0 0 0 0 -180
0 0 0 0 0 -180 0 -0 0.00472613 60.8313 0 180 0 -180 0 -180 0 0
0 -180 0 0 0 -180 0 -180 0.167428 2.81479 0 -180 0 -180 0 0 0 -180
0 0 0 -180 0 0 0 0 1.19905 -106.672 0 0 0 0 0 -180 0 0
inside=0 lambda=0.647 phi=10 theta=30
0 180 0 -180 0 -180 0 0 0.158174 2.68325 0 0 0 180 0 -180 0 -180
0 0 0 0 0 0 0 -180 1.18644 -106.552 0 -180 0 0 0 0 0 0
0 -180 0 -0 0 0 0 -180 0.0058928 -175.004 0 0 0 0 0 180 0 -180
0 0 0 -0 0 -180 0 0 0.0081887 60.7874 0 -180 0 -180 0 180 0 0
0 -180 0 -180 0 0 0 -0 0.00589249 -175.003 0 180 0 0 0 0 0 -180
0 0 0 0 0 -180 0 -0 0.00818659 60.8205 0 180 0 -180 0 -180 0 0
0 -180 0 0 0 -180 0 -180 0.164949 2.7808 0 -180 0 -180 0 0 0 -180
0 0 0 -180 0 0 0 0 1.19567 -106.64 0 0 0 0 0 -180 0 0
inside=0 lambda=0.647 phi=10 theta=45
0 -180 0 -180 0 -180 0 0 0.161562 2.73292 0 0 0 180 0 -180 0 -180
0 0 0 0 0 0 0 -180 1.19105 -106.597 0 -180 0 0 0 0 0 0
0 -180 0 -0 0 0 0 -180 0.00680425 -175.004 0 0 0 0 0 180 0 -180
0 0 0 -0 0 -180 0 0 0.00945423 60.8046 0 -180 0 -180 0 180 0 0
0 -180 0 -180 0 0 0 -0 0.00680425 -175.004 0 180 0 0 0 0 0 -180
0 0 0 0 0 -180 0 -0 0.00945423 60.8046 0 180 0 -180 0 -180 0 0
0 -180 0 0 0 180 0 -180 0.161562 2.73292 0 -180 0 -180 0 0 0 -180
0 0 0 -180 0 0 0 0 1.19105 -106.597 0 0 0 0 0 -180 0 0
inside=0 lambda=0.647 phi=15 theta=0
0 180 0 -180 0 -180 0 0 0.148118 3.54422 0 0 0 180 0 -180 0 -180
0 0 0 0 0 0 0 -180 1.1688 -116.488 0 -180 0 0 0 0 0 0
0 180 0 -0 0 0 0 180 1.32642e-13 101.995 0 -0 0 -0 0 180 0 -180
0 0 0 -0 0 -180 0 180 6.94633e-13 161.409 0 -180 0 -180 0 180 0 0
0 -180 0 -180 0 0 0 -180 1.12531e-13 95.4381 0 180 0 0 0 0 0 -180
0 0 0 0 0 -180 0 180 6.38597e-13 161.962 0 -0 0 -180 0 -180 0 0
0 -180 0 0 0 -180 0 -180 0.181411 4.14805 0 -180 0 -180 0 0 0 -180
0 0 0 -180 0 0 0 0 1.21206 -116.922 0 0 0 0 0 -180 0 0
inside=0 lambda=0.647 phi=15 theta=15
0 180 0 -180 0 -180 0 0 0.150349 3.5921 0 0 0 180 0 -180 0 -180
0 0 0 0 0 0 0 -180 1.17169 -116.519 0 -180 0 0 0 0 0 0
0 180 0 -0 0 0 0 -180 0.00835059 -173.216 0 0 0 -0 0 180 0 -180
0 0 0 -0 0 -180 0 0 0.0111115 50.0232 0 -180 0 -180 0 180 0 0
0 -180 0 -180 0 0 0 -180 0.00834966 -173.213 0 180 0 0 0 0 0 -180
0 0 0 0 0 -180 0 -0 0.0110984 50.1574 0 180 0 -180 0 -180 0 0
0 -180 0 0 0 -180 0 -180 0.179183 4.1139 0 -180 0 -180 0 0 0 -180
0 0 0 -180 0 0 0 0 1.20915 -116.895 0 0 0 0 0 -180 0 0
inside=0 lambda=0.647 phi=15 theta=30
0 180 0 -180 0 -180 0 0 0.156445 3.71667 0 0 0 180 0 -180 0 -180
0 0 0 0 0 0 0 -180 1.1796 -116.601 0 -180 0 0 0 0 0 0
0 180 0 -0 0 0 0 -180 0.0144636 -173.215 0 0 0 -0 0 180 0 -180
0 0 0 -0 0 -180 0 0 0.0192398 50.059 0 -180 0 -180 0 180 0 0
0 -180 0 -180 0 0 0 -180 0.0144626 -173.213 0 180 0 0 0 0 0 -180
0 0 0 0 0 -180 0 -0 0.0192269 50.1361 0 180 0 -180 0 -180 0 0
0 180 0 0 0 180 0 -180 0.173093 4.01663 0 -180 0 -180 0 0 0 -180
0 0 0 -180 0 0 0 0 1.20123 -116.818 0 0 0 0 0 -180 0 0
inside=0 lambda=0.647 phi=15 theta=45
0 180 0 -180 0 -180 0 0 0.16477 3.87344 0 0 0 180 0 -180 0 -180
0 0 0 0 0 0 0 -180 1.19041 -116.711 0 -180 0 0 0 0 0 0
0 -180 0 -0 0 0 0 -180 0.0167007 -173.213 0 0 0 -0 0 180 0 -180
0 0 0 -0 0 -180 0 0 0.0222082 50.1011 0 -180 0 -180 0 180 0 0
0 -180 0 -180 0 -0 0 -0 0.0167007 -173.213 0 180 0 0 0 0 0 -180
0 0 0 0 0 -180 0 -0 0.0222082 50.1011 0 180 0 -180 0 -180 0 0
0 180 0 0 0 180 0 -180 0.16477 3.87344 0 -180 0 -180 0 0 0 -180
0 0 0 -180 0 0 0 0 1.19041 -116.711 0 0 0 0 0 -180 0 0
inside=0 lambda=0.647 phi=20 theta=0
0 180 0 -180 0 -180 0 -0 0.136555 3.96454 0 0 0 180 0 -180 0 -180
0 0 0 0 0 -0 0 -180 1.14847 -130.682 0 180 0 0 0 0 0 -0
0 180 0 -0 0 0 0 180 1.20415e-13 -148.478 0 -0 0 -0 0 180 0 -180
0 0 0 -0 0 180 0 0 7.25423e-13 -33.7345 0 180 0 -180 0 180 0 -0
0 -180 0 -180 0 0 0 -0 3.72477e-13 147.416 0 -0 0 0 0 0 0 -180
0 0 0 0 0 -180 0 180 6.72187e-13 -79.0132 0 180 0 -180 0 -180 0 0
0 -180 0 0 0 -180 0 -180 0.204644 5.17892 0 -180 0 -180 0 0 0 -180
0 0 0 -180 0 0 0 0 1.22984 -131.537 0 0 0 0 0 -180 0 0
inside=0 lambda=0.647 phi=20 theta=15
0 180 0 -180 0 -180 0 -0 0.141117 4.07806 0 0 0 180 0 180 0 -180
0 0 0 0 0 -0 0 -180 1.15391 -130.745 0 180 0 0 0 0 0 -0
0 180 0 -0 0 0 0 -180 0.0170487 -172.357 0 0 0 -0 0 180 0 -180
0 0 0 -0 0 180 0 0 0.0209757 34.9633 0 -180 0 -180 0 180 0 -0
0 -180 0 -180 0 0 0 -180 0.0170484 -172.36 0 180 0 0 0 0 0 -180
0 0 0 0 0 -180 0 -0 0.0209211 35.2217 0 180 0 -180 0 -180 0 0
0 -180 0 0 0 180 0 -180 0.200086 5.12115 0 -180 0 -180 0 0 0 -180
0 0 0 -180 0 0 0 0 1.22438 -131.485 0 0 0 0 0 -180 0 0
inside=0 lambda=0.647 phi=20 theta=30
0 180 0 -180 0 -180 0 -0 0.153582 4.35794 0 0 0 180 0 -180 0 -180
0 0 0 0 0 -0 0 -180 1.16878 -130.912 0 180 0 0 0 0 0 -0
0 180 0 -0 0 0 0 -180 0.0295312 -172.354 0 0 0 -0 0 180 0 -180
0 0 0 -0 0 -180 0 0 0.0363032 35.0437 0 -180 0 -180 0 180 0 0
0 -180 0 -180 0 -0 0 -180 0.0295309 -172.356 0 180 0 0 0 0 0 -180
0 0 0 0 0 -180 0 -0 0.0362502 35.1908 0 180 0 -180 0 -180 0 0
0 180 0 0 0 180 0 -180 0.18763 4.95043 0 -180 0 -180 0 0 0 -180
0 0 0 -180 0 0 0 0 1.20946 -131.339 0 0 0 0 0 -180 0 0
inside=0 lambda=0.647 phi=20 theta=45
0 180 0 -180 0 -180 0 0 0.170608 4.68088 0 0 0 180 0 -180 0 -180
0 0 0 0 0 0 0 -180 1.18911 -131.131 0 -180 0 0 0 0 0 -0
0 180 0 -180 0 0 0 -180 0.0341006 -172.354 0 0 0 -0 0 180 0 -180
0 0 0 -0 0 -180 0 0 0.0418849 35.1294 0 -180 0 -180 0 180 0 0
0 180 0 -180 0 -0 0 -180 0.0341006 -172.354 0 180 0 0 0 0 0 -180
0 0 0 0 0 -180 0 -0 0.0418849 35.1294 0 180 0 -180 0 -180 0 0
0 180 0 0 0 180 0 -180 0.170608 4.68088 0 -180 0 -180 0 0 0 -180
0 0 0 -180 0 0 0 0 1.18911 -131.131 0 0 0 0 0 -180 0 -0
inside=0 lambda=0.647 phi=25 theta=0
0 180 0 180 0 -180 0 -0 0.114163 3.61171 0 0 0 180 0 180 0 -180
0 0 0 0 0 -0 0 -180 1.11806 -149.431 0 180 0 0 0 0 0 -0
0 180 0 -0 0 0 0 180 6.68138e-14 -46.4582 0 -0 0 -0 0 180 0 -180
0 0 0 -0 0 180 0 0 3.55018e-13 -63.5686 0 -180 0 -180 0 180 0 -0
0 -180 0 -180 0 0 0 180 2.25302e-13 46.5275 0 -0 0 0 0 0 0 -180
0 0 0 0 0 -180 0 180 3.81567e-13 -130.845 0 0 0 -180 0 -180 0 0
0 -180 0 0 0 -180 0 -180 0.242054 4.68639 0 -180 0 -180 0 0 0 -180
0 0 0 -180 0 0 0 -0 1.2558 -150.88 0 0 0 0 0 -180 0 0
inside=0 lambda=0.647 phi=25 theta=15
0 180 0 180 0 -180 0 -0 0.122722 3.73058 0 0 0 180 0 180 0 -180
0 0 0 0 0 -0 0 -180 1.12727 -149.547 0 180 0 0 0 0 0 -0
0 180 0 -0 0 0 0 -180 0.0319612 -174.149 0 0 0 -0 0 180 0 -180
0 0 0 -0 0 180 0 0 0.0355715 15.7253 0 180 0 -180 0 180 0 -0
0 -180 0 -180 0 -0 0 -180 0.0319655 -174.179 0 180 0 0 0 0 0 -180
0 0 0 0 0 -180 0 -0 0.0353859 16.1948 0 180 0 -180 0 180 0 0
0 -180 0 0 0 180 0 -180 0.233502 4.64636 0 -180 0 -180 0 0 0 -180
0 0 0 -180 0 0 0 0 1.24653 -150.799 0 0 0 -0 0 180 0 -0
inside=0 lambda=0.647 phi=25 theta=30
0 180 0 -180 0 -180 0 -0 0.146128 4.01132 0 0 0 180 0 180 0 -180
0 0 0 0 0 -0 0 -180 1.15241 -149.847 0 180 0 0 0 0 0 -0
0 180 0 -0 0 0 0 -180 0.0553756 -174.144 0 0 0 -0 0 180 0 -180
0 0 0 -0 0 180 0 0 0.0615002 15.8978 0 180 0 -180 0 180 0 -0
0 180 0 -180 0 -0 0 -180 0.0553799 -174.16 0 180 0 0 0 0 0 -180
0 0 0 0 0 -180 0 -0 0.0613291 16.1596 0 180 0 180 0 180 0 -0
0 180 0 -0 0 180 0 -180 0.210105 4.52193 0 -180 0 -180 0 0 0 -180
0 0 0 -180 0 0 0 0 1.22126 -150.567 0 0 0 -0 0 180 0 -0
inside=0 lambda=0.647 phi=25 theta=45
0 180 0 -180 0 -180 0 -0 0.178118 4.30461 0 0 0 180 0 180 0 -180
0 0 0 0 0 -0 0 -180 1.18681 -150.224 0 180 0 0 0 0 0 -0
0 180 0 -180 0 0 0 -180 0.0639518 -174.146 0 0 0 -0 0 180 0 -180
0 0 0 -0 0 180 0 0 0.0708969 16.0607 0 180 0 -180 0 180 0 -0
0 180 0 -180 0 -0 0 -180 0.0639518 -174.146 0 180 0 0 0 0 0 -180
0 0 0 0 0 -180 0 -0 0.0708969 16.0607 0 180 0 180 0 180 0 -0
0 180 0 -0 0 180 0 -180 0.178118 4.30461 0 180 0 -180 0 0 0 -180
0 0 0 -180 0 0 0 0 1.18681 -150.224 0 0 0 -0 0 180 0 -0
inside=0 lambda=0.647 phi=30 theta=0
0 180 0 180 0 -180 0.0141366 -104.633 0.0716115 7.58484 0 0 0 180 0 180 0 -180
0 0 0 0 0 -0 0 -180 1.07034 -173.426 0 180 0 0 0 0 0 -0
0 180 0 -0 0 0 7.40093e-14 -43.5276 1.38542e-13 30.921 0 180 0 -0 0 180 0 -180
0 0 0 -180 0 180 0 -180 1.6585e-13 -154.938 0 -0 0 -180 0 0 0 -0
0 -180 0 -180 0 0 1.22534e-13 -133.474 5.58378e-13 156.061 0 180 0 0 0 0 0 -180
0 -0 0 -0 0 180 0 -180 4.75492e-13 -166.247 0 -0 0 180 0 180 0 -0
0 -180 0 0 0 -180 0.0517258 -131.815 0.294569 1.41639 0 -180 0 -180 0 0 0 -180
0 -0 0 180 0 -0 0 -0 1.29616 -175.549 0 -0 0 -0 0 180 0 -0
inside=0 lambda=0.647 phi=30 theta=15
0 180 0 180 0 -180 0 -0 0.0865926 5.83725 0 0 0 180 0 180 0 -180
0 0 0 0 0 -0 0 -180 1.08588 -173.628 0 180 0 0 0 0 0 -0
0 180 0 -0 0 0 0 -180 0.0558957 -179.87 0 0 0 -0 0 180 0 -180
0 0 0 -180 0 180 0 0 0.0581905 -7.71157 0 180 0 -180 0 0 0 -0
0 -180 0 -180 0 -0 0 -180 0.0558924 -179.975 0 180 0 0 0 0 0 -180
0 0 0 -0 0 -180 0 -0 0.0575819 -6.8563 0 0 0 180 0 180 0 -0
0 180 0 0 0 180 0 -180 0.279826 1.56087 0 -180 0 -180 0 0 0 -180
0 0 0 -180 0 0 0 -0 1.28129 -175.459 0 -0 0 -0 0 180 0 -0
inside=0 lambda=0.647 phi=30 theta=30
0 180 0 180 0 -180 0 -0 0.12715 3.70159 0 0 0 180 0 180 0 -180
0 0 0 0 0 -0 0 -180 1.12706 -174.124 0 180 0 0 0 0 0 -0
0 180 0 -180 0 0 0 -180 0.0969589 -179.869 0 0 0 -0 0 180 0 -180
0 0 0 -0 0 180 0 0 0.100296 -7.32418 0 180 0 -180 0 0 0 -0
0 180 0 -180 0 -0 0 -180 0.0969634 -179.918 0 180 0 0 0 0 0 -180
0 0 0 0 0 -180 0 -0 0.0998414 -6.86792 0 0 0 180 0 180 0 -0
0 180 0 -0 0 180 0 -180 0.239009 1.85721 0 180 0 -180 0 0 0 -180
0 0 0 -180 0 0 0 -0 1.23981 -175.168 0 0 0 -0 0 180 0 -0
inside=0 lambda=0.647 phi=30 theta=45
0 180 0 -180 0 -180 0 -0 0.183036 2.47804 0 0 0 180 0 180 0 -180
0 0 0 0 0 -0 0 -180 1.18337 -174.689 0 180 0 0 0 0 0 -0
0 180 0 -180 0 0 0 -180 0.112004 -179.877 0 0 0 -0 0 180 0 -180
0 0 0 -0 0 180 0 0 0.115478 -7.02292 0 180 0 -180 0 0 0 -0
0 180 0 -180 0 -0 0 -180 0.112004 -179.877 0 180 0 0 0 0 0 -180
0 0 0 0 0 -180 0 -0 0.115478 -7.02292 0 0 0 180 0 180 0 -0
0 180 0 -0 0 180 0 -180 0.183036 2.47804 0 180 0 -180 0 0 0 -180
0 0 0 -180 0 0 0 0 1.18337 -174.689 0 0 0 -0 0 180 0 -0
inside=0 lambda=0.647 phi=35 theta=0
0 180 0 180 0 -180 0.0453006 -101.967 0.0387075 79.7875 0 0 0 180 0 180 0 -180
0 0 0 0 0 -180 0 -180 0.985795 155.917 0 0 0 0 0 0 0 -180
0 180 0 -0 0 0 1.5868e-13 -20.1011 2.46113e-13 -6.85471 0 0 0 -0 0 180 0 -180
0 0 0 -180 0 0 0 -0 4.89548e-13 -123.474 0 -0 0 -180 0 0 0 -180
0 -180 0 -180 0 0 4.46205e-13 58.192 1.20904e-13 21.7177 0 0 0 0 0 0 0 -180
0 -0 0 -0 0 180 0 0 1.27568e-13 161.614 0 -0 0 180 0 180 0 -0
0 -180 0 0 0 -180 0.0624716 -112.17 0.354707 -4.58701 0 -180 0 -180 0 0 0 -180
0 -0 0 180 0 -0 0 -0 1.37615 153.076 0 -0 0 -0 0 180 0 -0
inside=0 lambda=0.647 phi=35 theta=15
0 180 0 180 0 -180 0.0339061 -106.98 0.044605 47.4136 0 0 0 180 0 180 0 -180
0 0 0 0 0 -180 0 -180 1.01251 155.579 0 0 0 0 0 0 0 -180
0 180 0 -0 0 0 0.000405684 81.4479 0.0881313 170.328 0 0 0 -0 0 180 0 -180
0 0 0 -180 0 0 0 -0 0.0999099 -36.4804 0 0 0 -180 0 0 0 -180
0 180 0 -180 0 -0 0.0167208 -134.158 0.0881561 170.055 0 180 0 0 0 0 0 -180
0 -0 0 -0 0 180 0 -180 0.0987046 -35.3762 0 0 0 180 0 180 0 -0
0 180 0 -0 0 180 0.0552783 -120.603 0.331409 -4.0534 0 -180 0 -180 0 0 0 -180
0 -0 0 180 0 -0 0 -0 1.35018 153.147 0 -0 0 -0 0 180 0 -0
inside=0 lambda=0.647 phi=35 theta=30
0 180 0 180 0 -180 0 -0 0.0956105 11.7723 0 0 0 180 0 180 0 -180
0 0 0 0 0 -180 0 -180 1.08489 154.782 0 0 0 0 0 0 0 -180
0 180 0 -180 0 0 0 -180 0.153256 170.587 0 0 0 -0 0 180 0 -180
0 0 0 -180 0 0 0 -0 0.171632 -36.1247 0 180 0 -180 0 0 0 -180
0 180 0 180 0 -0 0 -180 0.153183 170.472 0 180 0 0 0 0 0 -180
0 -0 0 -0 0 -180 0 -180 0.170635 -35.3825 0 0 0 180 0 180 0 -0
0 180 0 -0 0 180 0 -180 0.267634 -2.42173 0 180 0 -180 0 0 0 -180
0 0 0 180 0 0 0 -0 1.27945 153.424 0 -0 0 -0 0 180 0 -0
inside=0 lambda=0.647 phi=35 theta=45
0 180 0 180 0 -180 0 -0 0.180369 1.25754 0 0 0 180 0 180 0 -180
0 0 0 0 0 -0 0 -180 1.18202 153.988 0 180 0 0 0 0 0 -180
0 180 0 -180 0 0 0 180 0.177169 170.569 0 0 0 -0 0 180 0 -180
0 0 0 -180 0 180 0 -0 0.197369 -35.6112 0 180 0 -180 0 0 0 -180
0 180 0 180 0 -0 0 -180 0.177169 170.569 0 180 0 0 0 0 0 -180
0 0 0 -0 0 -180 0 -180 0.197369 -35.6112 0 0 0 180 0 180 0 -180
0 180 0 -0 0 180 0 180 0.180369 1.25754 0 180 0 -180 0 0 0 -180
0 0 0 -180 0 0 0 0 1.18202 153.988 0 0 0 -0 0 180 0 -180
inside=0 lambda=0.647 phi=40 theta=0
0 180 0 180 0 -180 0.100251 -98.392 0.0926801 97.2982 0 0 0 180 0 180 0 -180
0 0 0 0 0 -180 0 180 0.807882 115.61 0 0 0 0 0 0 0 -180
0 180 0 -0 0 0 1.17274e-13 175.984 5.16692e-13 26.6875 0 -180 0 -0 0 180 0 -180
0 0 0 -180 0 0 0 0 1.0882e-12 -87.4121 0 -180 0 -180 0 0 0 -180
0 -180 0 -180 0 0 1.59738e-12 -118.04 1.40113e-13 35.3232 0 180 0 0 0 0 0 -180
0 -0 0 -0 0 180 0 180 6.0568e-13 -158.088 0 0 0 180 0 180 0 -0
0 -180 0 0 0 -180 0.0844184 -97.6655 0.388794 -7.30263 0 -180 0 -180 0 0 0 -180
0 -0 0 180 0 -0 0 -180 1.63728 109.838 0 -0 0 -0 0 180 0 -0
inside=0 lambda=0.647 phi=40 theta=15
0 180 0 180 0 -180 0.0744272 -105.761 0.0800235 80.3766 0 0 0 180 0 180 0 -180
0 0 0 0 0 -180 0 180 0.864955 114.53 0 0 0 0 0 0 0 -180
0 180 0 -0 0 0 0.00835247 81.3504 0.106357 162.881 0 0 0 -0 0 180 0 -180
0 0 0 -180 0 0 0 -0 0.210435 -78.2786 0 0 0 180 0 0 0 -180
0 180 0 180 0 -0 0.0317659 -125.958 0.106177 162.342 0 180 0 0 0 0 0 -180
0 -0 0 -0 0 180 0 -180 0.20913 -76.8541 0 0 0 0 0 0 0 -180
0 180 0 -0 0 180 0.0680333 -106.795 0.363052 -6.01214 0 180 0 -180 0 0 0 -180
0 -0 0 180 0 -0 0 -0 1.58134 109.753 0 -0 0 -180 0 0 0 -180
inside=0 lambda=0.647 phi=40 theta=30
0 180 0 180 0 -180 0.0239958 -124.944 0.0994623 30.6591 0 0 0 180 0 180 0 -180
0 0 0 0 0 -180 0 180 1.01793 112.498 0 0 0 -0 0 -0 0 -180
0 180 0 -180 0 0 0.00345738 178.38 0.186147 163.902 0 0 0 -0 0 180 0 -180
0 -0 0 -180 0 0 0 -0 0.362162 -77.9415 0 0 0 180 0 0 0 -180
0 180 0 180 0 -0 0.027859 -148.617 0.185738 163.617 0 180 0 0 0 0 0 -180
0 -0 0 -0 0 180 0 -180 0.360161 -77.1589 0 0 0 0 0 0 0 -180
0 180 0 -0 0 180 0.0455442 -138.448 0.289087 -2.53048 0 180 0 -180 0 0 0 -180
0 -0 0 180 0 -0 0 -0 1.42973 109.987 0 -0 0 -180 0 0 0 -180
inside=0 lambda=0.647 phi=40 theta=45
0 180 0 180 0 -180 0 -0 0.187392 5.64918 0 0 0 180 0 180 0 -180
0 0 0 -0 0 -180 0 180 1.22377 110.843 0 0 0 -0 0 -0 0 -180
0 180 0 -180 0 0 0 180 0.216259 164.024 0 0 0 -0 0 180 0 -180
0 -0 0 -180 0 0 0 -0 0.415788 -77.4422 0 0 0 180 0 0 0 -180
0 180 0 180 0 -0 0 -180 0.216259 164.024 0 180 0 0 0 0 0 -180
0 -0 0 -0 0 180 0 -180 0.415788 -77.4422 0 0 0 0 0 0 0 -180
0 180 0 -0 0 180 0 180 0.187392 5.64918 0 180 0 -180 0 0 0 -180
0 0 0 180 0 -0 0 -0 1.22377 110.843 0 -0 0 -180 0 0 0 -180
inside=0 lambda=0.647 phi=45 theta=0
0 180 0 180 0 -0 0.37103 -134.589 0.920008 174.794 0 180 0 180 0 180 0 -0
0 -0 0 -0 0 180 0 180 0 0 0 -0 0 -0 0 -0 0 180
0 180 0 -0 0 180 4.37963e-13 105.875 8.49039e-13 -68.1522 0 0 0 -0 0 180 0 -0
0 -0 0 180 0 -0 0 0 0 -180 0 -0 0 180 0 -0 0 180
0 180 0 180 0 -0 4.6526e-11 172.314 1.40058e-10 177.912 0 180 0 -0 0 -0 0 180
0 180 0 180 0 -0 0 0 0 0 0 -180 0 -0 0 -0 0 180
0 180 0 -0 0 180 0.144718 -123.028 0.990569 -13.3949 0 180 0 180 0 -0 0 180
0 180 0 -0 0 180 0 -180 0 -0 0 180 0 180 0 -0 0 180
inside=0 lambda=0.647 phi=45 theta=15
0 0 0 0 0 -180 0.240572 -145.943 0.825262 173.145 0 0 0 180 0 180 0 -0
0 -0 0 -0 0 180 0 180 0 0 0 -180 0 -180 0 -180 0 0
0 180 0 -180 0 0 0.0853693 32.5767 0.489677 170.108 0 0 0 -0 0 180 0 -180
0 -0 0 180 0 -0 0 -0 0 180 0 -0 0 0 0 -180 0 0
0 180 0 180 0 -0 0.0883786 -154.968 0.488213 169.707 0 180 0 0 0 0 0 -180
0 -180 0 -180 0 0 0 180 0 180 0 -180 0 -0 0 -0 0 180
0 180 0 -0 0 180 0.0885237 -126.016 0.863626 -14.5477 0 180 0 -180 0 0 0 -180
0 -180 0 0 0 -180 0 -180 0 -0 0 -180 0 180 0 -0 0 180
inside=0 lambda=0.647 phi=45 theta=30
0 0 0 0 0 -180 0.0726054 -160.76 0.489974 172.632 0 0 0 180 0 180 0 -0
0 -0 0 -0 0 180 0 0 0 0 0 -180 0 -180 0 -180 0 0
0 0 0 -180 0 0 0.0609625 10.8827 0.863169 168.182 0 0 0 -0 0 180 0 -180
0 -180 0 180 0 -0 0 -0 0 180 0 -0 0 0 0 -180 0 0
0 180 0 180 0 -0 0.0650943 -176.41 0.860581 168.052 0 180 0 0 0 0 0 -180
0 -180 0 -180 0 0 0 180 0 180 0 -180 0 -0 0 -0 0 180
0 0 0 -0 0 180 0.0300936 -128.853 0.499849 -17.0877 0 180 0 -180 0 0 0 -180
0 -180 0 0 0 -180 0 -180 0 0 0 -180 0 180 0 -0 0 180
inside=0 lambda=0.647 phi=45 theta=45
0 0 0 0 0 -180 0 -0 0.0343897 -102.605 0 0 0 180 0 180 0 -180
0 -180 0 -0 0 180 0 0 0 0 0 -0 0 -180 0 -180 0 0
0 180 0 -180 0 0 0 0 0.999409 167.395 0 0 0 -0 0 180 0 -180
0 -180 0 180 0 -0 0 -180 0 180 0 -0 0 0 0 -180 0 0
0 180 0 0 0 -0 0 -180 0.999409 167.395 0 180 0 0 0 0 0 -180
0 -180 0 -180 0 0 0 180 0 180 0 -180 0 -0 0 -0 0 0
0 0 0 -0 0 180 0 0 0.0343897 -102.605 0 180 0 -180 0 0 0 -180
0 -180 0 0 0 -180 0 -0 0 0 0 -180 0 180 0 -0 0 0
inside=1 lambda=0.647 phi=0 theta=0
0 -180 0 -180 0 -180 0 0 0.159921 -18.7752 0 0 0 -180 0 -180 0 -180
0 0 0 0 0 0 0 -180 0.817903 -98.6008 0 -180 0 0 0 0 0 0
0 -180 0 0 0 0 0 -180 1.38151e-12 38.0407 0 -180 0 0 0 0 0 -180
0 0 0 -0 0 -180 0 -0 1.49678e-12 23.8223 0 -0 0 -180 0 0 0 0
0 -180 0 -180 0 0 0 0 5.04441e-13 81.0592 0 0 0 0 0 -180 0 -180
0 0 0 0 0 -180 0 180 3.28332e-13 38.2573 0 180 0 -180 0 180 0 0
0 -180 0 0 0 -180 0 -180 0.159921 -18.7752 0 -180 0 -180 0 0 0 -180
0 0 0 -180 0 0 0 0 0.817903 -98.6008 0 0 0 0 0 -180 0 0
inside=1 lambda=0.647 phi=0 theta=15
0 -180 0 -180 0 -180 0 0 0.159921 -18.7752 0 0 0 -180 0 -180 0 -180
0 0 0 0 0 0 0 -180 0.817903 -98.6008 0 -180 0 0 0 0 0 0
0 -180 0 0 0 0 0 -180 1.38151e-12 38.0407 0 -180 0 0 0 0 0 -180
0 0 0 -0 0 -180 0 -0 1.49678e-12 23.8223 0 -0 0 -180 0 0 0 0
0 -180 0 -180 0 0 0 0 5.04441e-13 81.0592 0 0 0 0 0 -180 0 -180
0 0 0 0 0 -180 0 180 3.28332e-13 38.2573 0 180 0 -180 0 180 0 0
0 -180 0 0 0 -180 0 -180 0.159921 -18.7752 0 -180 0 -180 0 0 0 -180
0 0 0 -180 0 0 0 0 0.817903 -98.6008 0 0 0 0 0 -180 0 0
inside=1 lambda=0.647 phi=0 theta=30
0 -180 0 -180 0 -180 0 0 0.159921 -18.7752 0 0 0 -180 0 -180 0 -180
0 0 0 0 0 0 0 -180 0.817903 -98.6008 0 -180 0 0 0 0 0 0
0 -180 0 0 0 0 0 -180 1.38151e-12 38.0407 0 -180 0 0 0 0 0 -180
0 0 0 -0 0 -180 0 -0 1.49678e-12 23.8223 0 -0 0 -180 0 0 0 0
0 -180 0 -180 0 0 0 0 5.04441e-13 81.0592 0 0 0 0 0 -180 0 -180
0 0 0 0 0 -180 0 180 3.28332e-13 38.2573 0 180 0 -180 0 180 0 0
0 -180 0 0 0 -180 0 -180 0.159921 -18.7752 0 -180 0 -180 0 0 0 -180
0 0 0 -180 0 0 0 0 0.817903 -98.6008 0 0 0 0 0 -180 0 0
inside=1 lambda=0.647 phi=0 theta=45
0 -180 0 -180 0 -180 0 0 0.159921 -18.7752 0 0 0 -180 0 -180 0 -180
0 0 0 0 0 0 0 -180 0.817903 -98.6008 0 -180 0 0 0 0 0 0
0 -180 0 0 0 0 0 -180 1.38151e-12 38.0407 0 -180 0 0 0 0 0 -180
0 0 0 -0 0 -180 0 -0 1.49678e-12 23.8223 0 -0 0 -180 0 0 0 0
0 -180 0 -180 0 0 0 0 5.04441e-13 81.0592 0 0 0 0 0 -180 0 -180
0 0 0 0 0 -180 0 180 3.28332e-13 38.2573 0 180 0 -180 0 180 0 0
0 -180 0 0 0 -180 0 -180 0.159921 -18.7752 0 -180 0 -180 0 0 0 -180
0 0 0 -180 0 0 0 0 0.817903 -98.6008 0 0 0 0 0 -180 0 0
inside=1 lambda=0.647 phi=5 theta=0
0 -180 0 -180 0 -180 0 0 0.159308 -20.7663 0 0 0 -180 0 -180 0 -180
0 0 0 0 0 0 0 -180 0.818811 -99.528 0 -180 0 0 0 0 0 0
0 -180 0 -0 0 0 0 180 5.65327e-13 -130.336 0 -0 0 0 0 180 0 -180
0 0 0 -0 0 -180 0 -0 1.13002e-12 167.767 0 0 0 -180 0 180 0 0
0 -180 0 -180 0 0 0 -0 6.40964e-13 -136.483 0 -0 0 0 0 0 0 -180
0 0 0 0 0 -180 0 180 1.0029e-12 172.031 0 180 0 -180 0 -180 0 0
0 -180 0 0 0 -180 0 -180 0.160822 -20.82 0 -180 0 -180 0 0 0 -180
0 0 0 -180 0 0 0 0 0.816956 -99.5472 0 0 0 0 0 -180 0 0
inside=1 lambda=0.647 phi=5 theta=15
0 -180 0 -180 0 -180 0 0 0.15941 -20.7699 0 0 0 -180 0 -180 0 -180
0 0 0 0 0 0 0 -180 0.818687 -99.5293 0 -180 0 0 0 0 0 0
0 -180 0 -0 0 0 0 -180 0.000382275 153.082 0 0 0 0 0 180 0 -180
0 0 0 -0 0 -180 0 0 0.000470432 -90.0185 0 -180 0 -180 0 180 0 0
0 -180 0 -180 0 0 0 -0 0.000382261 153.085 0 180 0 0 0 0 0 -180
0 0 0 0 0 -180 0 -0 0.000470415 -90.0235 0 180 0 -180 0 -180 0 0
0 -180 0 0 0 -180 0 -180 0.16072 -20.8164 0 -180 0 -180 0 0 0 -180
0 0 0 -180 0 0 0 0 0.817081 -99.5459 0 0 0 0 0 -180 0 0
inside=1 lambda=0.647 phi=5 theta=30
0 -180 0 -180 0 -180 0 0 0.159687 -20.7798 0 0 0 -180 0 -180 0 -180
0 0 0 0 0 0 0 -180 0.818347 -99.5328 0 -180 0 0 0 0 0 0
0 -180 0 -0 0 0 0 -180 0.000662115 153.083 0 0 0 0 0 180 0 -180
0 0 0 -0 0 -180 0 0 0.000814806 -90.0196 0 -180 0 -180 0 180 0 0
0 -180 0 -180 0 0 0 -0 0.000662101 153.085 0 180 0 0 0 0 0 -180
0 0 0 0 0 -180 0 -0 0.000814789 -90.0224 0 180 0 -180 0 -180 0 0
0 -180 0 0 0 -180 0 -180 0.160443 -20.8067 0 -180 0 -180 0 0 0 -180
0 0 0 -180 0 0 0 0 0.81742 -99.5424 0 0 0 0 0 -180 0 0
inside=1 lambda=0.647 phi=5 theta=45
0 -180 0 -180 0 -180 0 0 0.160065 -20.7933 0 0 0 -180 0 -180 0 -180
0 0 0 0 0 0 0 -180 0.817884 -99.5376 0 -180 0 0 0 0 0 0
0 -180 0 -0 0 0 0 -180 0.000764536 153.084 0 0 0 0 0 180 0 -180
0 0 0 -0 0 -180 0 0 0.000940847 -90.021 0 -180 0 -180 0 180 0 0
0 -180 0 -180 0 0 0 -0 0.000764536 153.084 0 180 0 0 0 0 0 -180
0 0 0 0 0 -180 0 -0 0.000940847 -90.021 0 180 0 -180 0 -180 0 0
0 -180 0 0 0 -180 0 -180 0.160065 -20.7933 0 -180 0 -180 0 0 0 -180
0 0 0 -180 0 0 0 0 0.817884 -99.5376 0 0 0 0 0 -180 0 0
inside=1 lambda=0.647 phi=10 theta=0
0 180 0 -180 0 -180 0 0 0.1575 -26.6994 0 0 0 180 0 -180 0 -180
0 0 0 0 0 0 0 -180 0.821567 -102.299 0 -180 0 0 0 0 0 0
0 -180 0 -0 0 0 0 180 2.70274e-14 47.1394 0 180 0 0 0 180 0 -180
0 0 0 -0 0 -180 0 180 4.78236e-14 -18.0108 0 180 0 -180 0 180 0 0
0 -180 0 -180 0 0 0 -0 6.28856e-14 115.842 0 -0 0 0 0 0 0 -180
0 0 0 0 0 -180 0 -180 8.56881e-14 -85.7159 0 0 0 -180 0 -180 0 0
0 -180 0 0 0 -180 0 -180 0.163649 -26.9306 0 -180 0 -180 0 0 0 -180
0 0 0 -180 0 0 0 0 0.814072 -102.378 0 0 0 0 0 -180 0 0
inside=1 lambda=0.647 phi=10 theta=15
0 180 0 -180 0 -180 0 0 0.157912 -26.7155 0 0 0 180 0 -180 0 -180
0 0 0 0 0 0 0 -180 0.821065 -102.305 0 -180 0 0 0 0 0 0
0 -180 0 -0 0 0 0 -180 0.00155358 146.704 0 0 0 0 0 180 0 -180
0 0 0 -0 0 -180 0 0 0.00190178 -92.6844 0 -180 0 -180 0 180 0 0
0 -180 0 -180 0 0 0 -0 0.00155337 146.716 0 180 0 0 0 0 0 -180
0 0 0 0 0 -180 0 -0 0.0019015 -92.7041 0 180 0 -180 0 -180 0 0
0 -180 0 0 0 -180 0 -180 0.163237 -26.9157 0 -180 0 -180 0 0 0 -180
0 0 0 -180 0 0 0 0 0.814574 -102.373 0 0 0 0 0 -180 0 0
inside=1 lambda=0.647 phi=10 theta=30
0 -180 0 -180 0 -180 0 0 0.159037 -26.759 0 0 0 180 0 -180 0 -180
0 0 0 0 0 0 0 -180 0.819693 -102.319 0 -180 0 0 0 0 0 0
0 -180 0 -0 0 0 0 -180 0.0026908 146.706 0 0 0 0 0 180 0 -180
0 0 0 -0 0 -180 0 0 0.00329387 -92.6888 0 -180 0 -180 0 180 0 0
0 -180 0 -180 0 0 0 -0 0.00269059 146.713 0 180 0 0 0 0 0 -180
0 0 0 0 0 -180 0 -0 0.00329359 -92.7002 0 180 0 -180 0 -180 0 0
0 -180 0 0 0 -180 0 -180 0.162111 -26.8746 0 -180 0 -180 0 0 0 -180
0 0 0 -180 0 0 0 0 0.815945 -102.359 0 0 0 0 0 -180 0 0
inside=1 lambda=0.647 phi=10 theta=45
0 -180 0 -180 0 -180 0 0 0.160574 -26.8174 0 0 0 -180 0 -180 0 -180
0 0 0 0 0 0 0 -180 0.817819 -102.339 0 -180 0 0 0 0 0 0
0 -180 0 -0 0 0 0 -180 0.00310695 146.71 0 0 0 0 0 180 0 -180
0 0 0 -0 0 -180 0 0 0.00380327 -92.6946 0 -180 0 -180 0 180 0 0
0 -180 0 -180 0 0 0 -0 0.00310695 146.71 0 180 0 0 0 0 0 -180
0 0 0 0 0 -180 0 -0 0.00380327 -92.6946 0 180 0 -180 0 -180 0 0
0 -180 0 0 0 -180 0 -180 0.160574 -26.8174 0 -180 0 -180 0 0 0 -180
0 0 0 -180 0 0 0 0 0.817819 -102.339 0 0 0 0 0 -180 0 0
inside=1 lambda=0.647 phi=15 theta=0
0 180 0 -180 0 -180 0 0 0.154541 -36.4459 0 0 0 180 0 -180 0 -180
0 0 0 0 0 0 0 -180 0.826273 -106.885 0 -180 0 0 0 0 0 0
0 180 0 -0 0 0 0 -0 1.92278e-13 -149.475 0 -0 0 -0 0 180 0 -180
0 0 0 -0 0 -180 0 0 2.76146e-13 163.377 0 0 0 -180 0 180 0 0
0 -180 0 -180 0 0 0 -0 2.47902e-13 -146.713 0 180 0 0 0 0 0 -180
0 0 0 0 0 -180 0 -0 2.33365e-13 159.848 0 -180 0 -180 0 -180 0 0
0 -180 0 0 0 -180 0 -180 0.16878 -37.0238 0 -180 0 -180 0 0 0 -180
0 0 0 -180 0 0 0 0 0.809109 -107.07 0 0 0 0 0 -180 0 0
inside=1 lambda=0.647 phi=15 theta=15
0 180 0 -180 0 -180 0 0 0.155495 -36.4881 0 0 0 180 0 -180 0 -180
0 0 0 0 0 0 0 -180 0.825122 -106.897 0 -180 0 0 0 0 0 0
0 180 0 -0 0 0 0 -180 0.00359896 136.263 0 0 0 -0 0 180 0 -180
0 0 0 -0 0 -180 0 0 0.00435743 -97.1177 0 -180 0 -180 0 180 0 0
0 -180 0 -180 0 0 0 -0 0.00359801 136.291 0 180 0 0 0 0 0 -180
0 0 0 0 0 -180 0 -0 0.00435591 -97.1622 0 180 0 -180 0 -180 0 0
0 -180 0 0 0 -180 0 -180 0.167826 -36.9883 0 -180 0 -180 0 0 0 -180
0 0 0 -180 0 0 0 0 0.810258 -107.058 0 0 0 0 0 -180 0 0
inside=1 lambda=0.647 phi=15 theta=30
0 180 0 -180 0 -180 0 0 0.1581 -36.6008 0 0 0 180 0 -180 0 -180
0 0 0 0 0 0 0 -180 0.82198 -106.931 0 -180 0 0 0 0 0 0
0 180 0 -0 0 0 0 -180 0.00623325 136.27 0 0 0 -0 0 180 0 -180
0 0 0 -0 0 -180 0 0 0.0075467 -97.1285 0 -180 0 -180 0 180 0 0
0 -180 0 -180 0 -0 0 -0 0.0062323 136.285 0 180 0 0 0 0 0 -180
0 0 0 0 0 -180 0 -0 0.00754518 -97.1541 0 180 0 -180 0 -180 0 0
0 -180 0 0 0 180 0 -180 0.16522 -36.8893 0 -180 0 -180 0 0 0 -180
0 0 0 -180 0 0 0 0 0.813398 -107.023 0 0 0 0 0 -180 0 0
inside=1 lambda=0.647 phi=15 theta=45
0 180 0 -180 0 -180 0 0 0.16166 -36.7484 0 0 0 180 0 -180 0 -180
0 0 0 0 0 0 0 -180 0.817689 -106.977 0 -180 0 0 0 0 0 0
0 180 0 -0 0 0 0 -180 0.007197 136.278 0 0 0 -0 0 180 0 -180
0 0 0 -0 0 -180 0 0 0.00871329 -97.142 0 -180 0 -180 0 180 0 0
0 180 0 -180 0 -0 0 -0 0.007197 136.278 0 180 0 0 0 0 0 -180
0 0 0 0 0 -180 0 -0 0.00871329 -97.142 0 180 0 -180 0 -180 0 0
0 180 0 0 0 180 0 -180 0.16166 -36.7484 0 -180 0 -180 0 0 0 -180
0 0 0 -180 0 0 0 0 0.817689 -106.977 0 0 0 0 0 -180 0 0
inside=1 lambda=0.647 phi=20 theta=0
0 180 0 180 0 -180 0 -0 0.150364 -49.7744 0 0 0 180 0 180 0 -180
0 180 0 0 0 0 0 -180 0.833127 -113.235 0 -180 0 180 0 0 0 0
0 180 0 -0 0 0 0 0 1.04414e-13 -128.621 0 0 0 -0 0 180 0 -180
0 0 0 -0 0 -180 0 -0 2.85885e-13 154.925 0 -0 0 -180 0 180 0 0
0 -180 0 -180 0 0 0 -180 1.00546e-13 -147.019 0 180 0 0 0 0 0 -180
0 0 0 0 0 -180 0 -180 2.72361e-14 -169.329 0 -180 0 -180 0 -180 0 0
0 -180 0 0 0 -180 0 -180 0.176844 -50.9235 0 -180 0 -180 0 0 0 -180
0 0 0 -180 0 0 0 0 0.801822 -113.581 0 0 0 0 0 -180 0 0
inside=1 lambda=0.647 phi=20 theta=15
0 180 0 -180 0 -180 0 -0 0.152137 -49.8646 0 0 0 180 0 180 0 -180
0 180 0 0 0 0 0 -180 0.831029 -113.258 0 -180 0 180 0 0 0 0
0 180 0 -0 0 0 0 -180 0.00669445 122.098 0 0 0 -0 0 180 0 -180
0 0 0 -0 0 -180 0 0 0.00795317 -103.311 0 -180 0 -180 0 180 0 0
0 -180 0 -180 0 -0 0 -0 0.00669198 122.148 0 180 0 0 0 0 0 -180
0 0 0 0 0 -180 0 -0 0.00794796 -103.39 0 180 0 -180 0 -180 0 0
0 -180 0 0 0 180 0 -180 0.17507 -50.8581 0 -180 0 -180 0 0 0 -180
0 0 0 -180 0 0 0 0 0.803918 -113.557 0 0 0 0 0 -180 0 0
inside=1 lambda=0.647 phi=20 theta=30
0 180 0 -180 0 -180 0 0 0.156981 -50.1002 0 0 0 180 0 180 0 -180
0 0 0 0 0 0 0 -180 0.825297 -113.319 0 -180 0 180 0 0 0 0
0 180 0 -0 0 0 0 -180 0.0115943 122.109 0 0 0 -0 0 180 0 -180
0 0 0 -0 0 -180 0 0 0.0137732 -103.332 0 -180 0 -180 0 180 0 0
0 180 0 -180 0 -0 0 -0 0.0115919 122.138 0 180 0 0 0 0 0 -180
0 0 0 0 0 -180 0 -0 0.013768 -103.377 0 180 0 -180 0 -180 0 0
0 180 0 0 0 180 0 -180 0.170222 -50.6719 0 -180 0 -180 0 0 0 -180
0 0 0 -180 0 0 0 0 0.809644 -113.492 0 0 0 0 0 -180 0 0
inside=1 lambda=0.647 phi=20 theta=45
0 180 0 -180 0 -180 0 0 0.163601 -50.3983 0 0 0 180 0 -180 0 -180
0 0 0 0 0 0 0 -180 0.817469 -113.405 0 -180 0 0 0 0 0 0
0 180 0 -0 0 0 0 -180 0.0133866 122.124 0 0 0 -0 0 180 0 -180
0 0 0 -0 0 -180 0 0 0.0159008 -103.357 0 -180 0 -180 0 180 0 0
0 180 0 -180 0 -0 0 -0 0.0133866 122.124 0 180 0 0 0 0 0 -180
0 0 0 0 0 -180 0 -0 0.0159008 -103.357 0 180 0 -180 0 -180 0 0
0 180 0 0 0 180 0 -180 0.163601 -50.3983 0 -180 0 -180 0 0 0 -180
0 0 0 -180 0 0 0 0 0.817469 -113.405 0 0 0 0 0 -180 0 0
inside=1 lambda=0.647 phi=25 theta=0
0 180 0 180 0 -180 0 -0 0.144589 -66.3557 0 0 0 180 0 180 0 -180
0 180 0 0 0 -0 0 -180 0.84247 -121.28 0 180 0 180 0 0 0 -0
0 180 0 -0 0 0 0 180 2.04394e-13 14.2784 0 180 0 -0 0 180 0 -180
0 0 0 -0 0 -180 0 -180 1.62815e-13 -40.4319 0 180 0 -180 0 180 0 0
0 -180 0 -180 0 0 0 180 2.0558e-13 -24.8215 0 180 0 0 0 0 0 -180
0 0 0 0 0 -180 0 -180 2.88776e-13 -16.3106 0 0 0 -180 0 -180 0 0
0 -180 0 0 0 -180 0 -180 0.188668 -68.3233 0 -180 0 -180 0 0 0 -180
0 0 0 -180 0 0 0 0 0.791849 -121.85 0 0 0 0 0 -180 0 0
inside=1 lambda=0.647 phi=25 theta=15
0 180 0 180 0 -180 0 -0 0.147536 -66.5264 0 0 0 180 0 180 0 -180
0 180 0 0 0 -0 0 -180 0.839075 -121.316 0 180 0 180 0 0 0 -0
0 180 0 -0 0 0 0 -180 0.0111392 104.724 0 0 0 -0 0 180 0 -180
0 0 0 -0 0 -180 0 0 0.0128693 -111.261 0 -180 0 -180 0 180 0 0
0 -180 0 -180 0 -0 0 -0 0.0111347 104.808 0 180 0 0 0 0 0 -180
0 0 0 0 0 -180 0 -0 0.0128553 -111.384 0 180 0 -180 0 -180 0 0
0 180 0 0 0 180 0 -180 0.185712 -68.2226 0 -180 0 -180 0 0 0 -180
0 0 0 -180 0 0 0 0 0.795236 -121.81 0 0 0 0 0 -180 0 0
inside=1 lambda=0.647 phi=25 theta=30
0 180 0 -180 0 -180 0 -0 0.155594 -66.9582 0 0 0 180 0 180 0 -180
0 0 0 0 0 -0 0 -180 0.829803 -121.417 0 -180 0 180 0 0 0 -0
0 180 0 -0 0 0 0 -180 0.0192925 104.744 0 0 0 -0 0 180 0 -180
0 0 0 -0 0 -180 0 0 0.0222841 -111.298 0 -180 0 -180 0 180 0 0
0 180 0 -180 0 -0 0 -0 0.0192881 104.792 0 180 0 0 0 0 0 -180
0 0 0 0 0 -180 0 -0 0.0222703 -111.368 0 180 0 -180 0 -180 0 0
0 180 0 0 0 180 0 -180 0.177638 -67.9288 0 -180 0 -180 0 0 0 -180
0 0 0 -180 0 0 0 0 0.804493 -121.701 0 0 0 0 0 -180 0 0
inside=1 lambda=0.647 phi=25 theta=45
0 180 0 -180 0 -180 0 -0 0.166612 -67.4776 0 0 0 180 0 180 0 -180
0 0 0 0 0 0 0 -180 0.817145 -121.557 0 -180 0 0 0 0 0 0
0 180 0 -0 0 0 0 -180 0.0222748 104.769 0 0 0 -0 0 180 0 -180
0 0 0 -0 0 -180 0 0 0.025723 -111.338 0 -180 0 -180 0 180 0 0
0 180 0 -180 0 -0 0 -0 0.0222748 104.769 0 180 0 0 0 0 0 -180
0 0 0 0 0 -180 0 -0 0.025723 -111.338 0 180 0 -180 0 -180 0 0
0 180 0 -0 0 180 0 -180 0.166612 -67.4776 0 180 0 -180 0 0 0 -180
0 0 0 -180 0 0 0 0 0.817145 -121.557 0 0 0 0 0 -180 0 0
inside=1 lambda=0.647 phi=30 theta=0
0 180 0 180 0 -180 0 -0 0.136318 -85.8244 0 0 0 180 0 180 0 -180
0 180 0 0 0 -0 0 -180 0.854825 -130.93 0 180 0 180 0 0 0 -0
0 180 0 -0 0 0 0 -0 7.22617e-13 171.234 0 180 0 -0 0 180 0 -180
0 0 0 -0 0 180 0 -180 1.258e-12 140.561 0 -180 0 -180 0 180 0 -0
0 -180 0 -180 0 0 0 180 7.80299e-13 169.259 0 -0 0 0 0 0 0 -180
0 0 0 0 0 -180 0 0 1.48318e-12 138.948 0 -0 0 -180 0 -180 0 0
0 -180 0 0 0 -180 0 -180 0.205095 -88.7738 0 -180 0 -180 0 0 0 -180
0 0 0 -180 0 0 0 0 0.778704 -131.794 0 0 0 0 0 -180 0 0
inside=1 lambda=0.647 phi=30 theta=15
0 180 0 180 0 -180 0 -0 0.140909 -86.1169 0 0 0 180 0 180 0 -180
0 180 0 0 0 -0 0 -180 0.849718 -130.984 0 180 0 180 0 0 0 -0
0 180 0 -0 0 0 0 -180 0.0173551 84.7859 0 0 0 -0 0 180 0 -180
0 0 0 -0 0 180 0 0 0.0193595 -120.965 0 180 0 -180 0 180 0 -0
0 180 0 -180 0 -0 0 -0 0.0173493 84.9241 0 180 0 0 0 0 0 -180
0 0 0 0 0 -180 0 -0 0.019327 -121.141 0 180 0 -180 0 -180 0 0
0 180 0 0 0 180 0 -180 0.200481 -88.6444 0 -180 0 -180 0 0 0 -180
0 0 0 -180 0 0 0 0 0.783796 -131.731 0 0 0 0 0 -180 0 0
inside=1 lambda=0.647 phi=30 theta=30
0 180 0 180 0 -180 0 -0 0.153471 -86.8243 0 0 0 180 0 180 0 -180
0 0 0 0 0 -0 0 -180 0.835771 -131.134 0 180 0 180 0 0 0 -0
0 180 0 -0 0 0 0 -180 0.0300602 84.819 0 0 0 -0 0 180 0 -180
0 0 0 -0 0 180 0 0 0.0335163 -121.026 0 180 0 -180 0 180 0 -0
0 180 0 -180 0 -0 0 -0 0.0300544 84.8973 0 180 0 0 0 0 0 -180
0 0 0 0 0 -180 0 -0 0.0334848 -121.126 0 180 0 -180 0 180 0 0
0 180 0 -0 0 180 0 -180 0.187874 -88.2534 0 180 0 -180 0 0 0 -180
0 0 0 -180 0 0 0 0 0.797711 -131.564 0 0 0 -0 0 180 0 -0
inside=1 lambda=0.647 phi=30 theta=45
0 180 0 -180 0 -180 0 -0 0.170662 -87.6157 0 0 0 180 0 180 0 -180
0 0 0 0 0 -0 0 -180 0.816733 -131.345 0 180 0 0 0 0 0 -0
0 180 0 -0 0 0 0 -180 0.0347085 84.8597 0 0 0 -0 0 180 0 -180
0 0 0 -0 0 180 0 0 0.0386815 -121.087 0 180 0 -180 0 180 0 -0
0 180 0 -180 0 -0 0 -0 0.0347085 84.8597 0 180 0 0 0 0 0 -180
0 0 0 0 0 -180 0 -0 0.0386815 -121.087 0 180 0 180 0 180 0 -0
0 180 0 -0 0 180 0 -180 0.170662 -87.6157 0 180 0 -180 0 0 0 -180
0 0 0 -180 0 0 0 0 0.816733 -131.345 0 0 0 -0 0 180 0 -0
inside=1 lambda=0.647 phi=35 theta=0
0 180 0 180 0 -180 0 -0 0.124094 -107.93 0 0 0 180 0 180 0 -180
0 180 0 0 0 -0 0 -180 0.870928 -142.082 0 180 0 180 0 0 0 -0
0 180 0 -0 0 0 0 180 1.72223e-13 -36.9003 0 -0 0 -0 0 180 0 -180
0 0 0 -0 0 180 0 180 2.08171e-13 -45.8813 0 -0 0 -180 0 180 0 -0
0 -180 0 -180 0 0 0 180 8.1146e-14 -42.3329 0 -0 0 0 0 0 0 -180
0 0 0 0 0 -180 0 -180 2.88155e-13 -61.2295 0 180 0 -180 0 -180 0 0
0 -180 0 0 0 -180 0 -180 0.226678 -111.728 0 -180 0 -180 0 0 0 -180
0 0 0 -180 0 0 0 -0 0.761813 -143.299 0 0 0 0 0 -180 0 0
inside=1 lambda=0.647 phi=35 theta=15
0 180 0 180 0 -180 0 -0 0.130931 -108.381 0 0 0 180 0 180 0 -180
0 0 0 0 0 -0 0 -180 0.863603 -142.157 0 180 0 180 0 0 0 -0
0 180 0 -0 0 0 0 180 0.0258147 62.9246 0 0 0 -0 0 180 0 -180
0 0 0 -0 0 180 0 0 0.0277476 -132.403 0 180 0 -180 0 180 0 -0
0 180 0 -180 0 -0 0 -0 0.0258099 63.1481 0 180 0 0 0 0 0 -180
0 0 0 0 0 -180 0 -0 0.0276794 -132.639 0 180 0 180 0 180 0 -0
0 180 0 -0 0 180 0 -180 0.219797 -111.596 0 -180 0 -180 0 0 0 -180
0 0 0 -180 0 0 0 -0 0.769107 -143.209 0 0 0 -0 0 180 0 -0
inside=1 lambda=0.647 phi=35 theta=30
0 180 0 180 0 -180 0 -0 0.149655 -109.4 0 0 0 180 0 180 0 -180
0 0 0 0 0 -0 0 -180 0.843603 -142.363 0 180 0 180 0 0 0 -0
0 180 0 -0 0 0 0 180 0.0447198 62.9775 0 0 0 -0 0 180 0 -180
0 0 0 -0 0 180 0 0 0.048025 -132.499 0 180 0 -180 0 180 0 -0
0 180 0 180 0 -0 0 -0 0.0447153 63.1019 0 180 0 0 0 0 0 -180
0 0 0 0 0 -180 0 -0 0.0479608 -132.632 0 180 0 180 0 180 0 -0
0 180 0 -0 0 180 0 -180 0.200987 -111.175 0 180 0 -180 0 0 0 -180
0 0 0 -180 0 0 0 0 0.789046 -142.969 0 0 0 -0 0 180 0 -0
inside=1 lambda=0.647 phi=35 theta=45
0 180 0 180 0 -180 0 -0 0.175301 -110.428 0 0 0 180 0 180 0 -180
0 0 0 0 0 -0 0 -180 0.81631 -142.658 0 180 0 0 0 0 0 -0
0 180 0 -0 0 0 0 180 0.0516399 63.0414 0 0 0 -0 0 180 0 -180
0 0 0 -0 0 180 0 0 0.055413 -132.587 0 180 0 -180 0 180 0 -0
0 180 0 180 0 -0 0 -0 0.0516399 63.0414 0 180 0 0 0 0 0 -180
0 0 0 0 0 -180 0 -0 0.055413 -132.587 0 180 0 180 0 180 0 -0
0 180 0 -0 0 180 0 180 0.175301 -110.428 0 180 0 -180 0 0 0 -180
0 0 0 -180 0 0 0 0 0.81631 -142.658 0 0 0 -0 0 180 0 -0
inside=1 lambda=0.647 phi=40 theta=0
0 180 0 180 0 -180 0 -0 0.106223 -132.856 0 0 0 180 0 180 0 -180
0 0 0 0 0 -0 0 -180 0.891705 -154.613 0 180 0 0 0 0 0 -0
0 180 0 -0 0 0 0 -0 9.94952e-14 42.691 0 -0 0 -0 0 180 0 -180
0 0 0 -0 0 180 0 -0 1.09773e-13 -167.847 0 -0 0 -180 0 180 0 -0
0 -180 0 -180 0 0 0 180 5.71079e-14 -94.8767 0 -0 0 0 0 0 0 -180
0 -0 0 -0 0 -180 0 0 3.95035e-14 60.8953 0 -0 0 180 0 180 0 0
0 -180 0 0 0 -180 0 -180 0.253264 -136.638 0 -180 0 -180 0 0 0 -180
0 -0 0 180 0 0 0 -0 0.740584 -156.22 0 0 0 -0 0 180 0 0
inside=1 lambda=0.647 phi=40 theta=15
0 180 0 180 0 -180 0 -0 0.116009 -133.428 0 0 0 180 0 180 0 -180
0 0 0 0 0 -0 0 -180 0.881555 -154.71 0 180 0 0 0 0 0 -0
0 180 0 -0 0 0 0 180 0.0368747 39.6438 0 0 0 -0 0 180 0 -180
0 0 0 -0 0 180 0 0 0.0384046 -145.497 0 180 0 -180 0 180 0 -0
0 180 0 -180 0 -0 0 -0 0.0368739 39.9991 0 180 0 0 0 0 0 -180
0 0 0 0 0 -180 0 -0 0.0382708 -145.798 0 180 0 180 0 180 0 -0
0 180 0 -0 0 180 0 -180 0.243422 -136.553 0 -180 0 -180 0 0 0 -180
0 0 0 -180 0 0 0 -0 0.75068 -156.097 0 0 0 -0 0 180 0 -0
inside=1 lambda=0.647 phi=40 theta=30
0 180 0 180 0 -180 0 -0 0.142852 -134.596 0 0 0 180 0 180 0 -180
0 0 0 0 0 -0 0 -180 0.853847 -154.978 0 180 0 0 0 0 0 -0
0 180 0 -0 0 0 0 180 0.0639011 39.7264 0 0 0 -0 0 180 0 -180
0 0 0 -0 0 180 0 0 0.0664424 -145.646 0 180 0 -180 0 180 0 -0
0 180 0 180 0 -0 0 -0 0.0639016 39.9186 0 180 0 0 0 0 0 -180
0 0 0 0 0 -180 0 -0 0.0663233 -145.814 0 180 0 180 0 180 0 -0
0 180 0 -0 0 180 0 -180 0.216474 -136.245 0 180 0 -180 0 0 0 -180
0 0 0 -180 0 0 0 -0 0.778286 -155.774 0 0 0 -0 0 180 0 -0
inside=1 lambda=0.647 phi=40 theta=45
0 180 0 180 0 -180 0 -0 0.179639 -135.612 0 0 0 180 0 180 0 -180
0 0 0 0 0 -0 0 -180 0.816042 -155.361 0 180 0 0 0 0 0 -0
0 180 0 -0 0 0 0 180 0.0738014 39.8229 0 0 0 -0 0 180 0 -180
0 0 0 -0 0 180 0 0 0.076642 -145.767 0 180 0 -180 0 180 0 -0
0 180 0 180 0 -0 0 -0 0.0738014 39.8229 0 180 0 0 0 0 0 -180
0 0 0 0 0 -180 0 -0 0.076642 -145.767 0 180 0 180 0 180 0 -0
0 180 0 -0 0 180 0 180 0.179639 -135.612 0 180 0 -180 0 0 0 -180
0 0 0 -180 0 0 0 0 0.816042 -155.361 0 0 0 -0 0 180 0 -0
inside=1 lambda=0.647 phi=45 theta=0
0 180 0 180 0 -180 0 -0 0.0819757 -162.048 0 0 0 180 0 180 0 -180
0 0 0 0 0 -0 0.00580308 130.474 0.918049 -168.362 0 180 0 0 0 0 0 -0
0 180 0 -0 0 0 0 180 6.90655e-14 -10.0416 0 -180 0 -0 0 180 0 -180
0 0 0 -0 0 180 2.33972e-13 -120.692 1.44336e-13 132.514 0 -180 0 -180 0 180 0 -0
0 -180 0 -180 0 0 0 180 2.12559e-13 112.633 0 0 0 0 0 0 0 -180
0 -0 0 -0 0 180 6.11036e-15 1.67653 4.51681e-13 98.0635 0 -0 0 180 0 180 0 -0
0 -180 0 0 0 -180 0 -180 0.283514 -163.082 0 -180 0 -180 0 0 0 -180
0 -0 0 180 0 -0 0.0351641 -30.7266 0.714485 -170.359 0 -0 0 -0 0 180 0 -0
inside=1 lambda=0.647 phi=45 theta=15
0 180 0 180 0 -180 0 -0 0.0951469 -162.309 0 0 0 180 0 180 0 -180
0 0 0 0 0 -0 0 -180 0.904544 -168.494 0 180 0 0 0 0 0 -0
0 180 0 -0 0 0 0 180 0.0505233 15.2354 0 0 0 -0 0 180 0 -180
0 0 0 -0 0 180 0 0 0.0517213 -160.06 0 180 0 -180 0 180 0 -0
0 180 0 -180 0 -0 0 -0 0.0505238 15.7952 0 180 0 0 0 0 0 -180
0 0 0 -0 0 -180 0 -0 0.0514613 -160.43 0 180 0 180 0 180 0 -0
0 180 0 0 0 180 0 -180 0.270178 -163.09 0 -180 0 -180 0 0 0 -180
0 0 0 -180 0 0 0 -0 0.728151 -170.212 0 -0 0 -0 0 180 0 -0
inside=1 lambda=0.647 phi=45 theta=30
0 180 0 180 0 -180 0 -0 0.132002 -162.724 0 0 0 180 0 180 0 -180
0 0 0 0 0 -0 0 -180 0.867192 -168.825 0 180 0 0 0 0 0 -0
0 180 0 -0 0 0 0 180 0.0876225 15.3658 0 0 0 -0 0 180 0 -180
0 0 0 -0 0 180 0 0 0.0894152 -160.295 0 180 0 -180 0 180 0 -0
0 180 0 180 0 -0 0 -0 0.0876307 15.6541 0 180 0 0 0 0 0 -180
0 0 0 0 0 -180 0 -0 0.0892108 -160.498 0 180 0 180 0 180 0 -0
0 180 0 -0 0 180 0 -180 0.233217 -163.115 0 180 0 -180 0 0 0 -180
0 0 0 -180 0 0 0 -0 0.765342 -169.805 0 0 0 -0 0 180 0 -0
inside=1 lambda=0.647 phi=45 theta=45
0 180 0 180 0 -180 0 -0 0.182587 -163.015 0 0 0 180 0 180 0 -180
0 0 0 -0 0 -0 0 -180 0.816231 -169.293 0 180 0 0 0 0 0 -0
0 180 0 -0 0 0 0 180 0.101224 15.5062 0 0 0 -0 0 180 0 -180
0 0 0 -0 0 180 0 0 0.103109 -160.457 0 180 0 -180 0 180 0 -0
0 180 0 180 0 -0 0 -0 0.101224 15.5062 0 180 0 0 0 0 0 -180
0 0 0 0 0 -180 0 -0 0.103109 -160.457 0 180 0 180 0 180 0 -0
0 180 0 -0 0 180 0 180 0.182587 -163.015 0 180 0 -180 0 0 0 -180
0 0 0 -180 0 0 0 -0 0.816231 -169.293 0 0 0 -0 0 180 0 -0
