RSoft_BSDF_File_Version 2
1 0 5 2 1 0.731429
0.3 0.3
-1 1
-1 1
1 0.647 0.647
10 0 45 0.5
4 0 45
Begin_Dispersion_Data
0.647 1.45662 0 1 0 0
End_Dispersion_Data
inside=0 lambda=0.647 phi=0 theta=0
0 -180 0 -180 0 -180 0 0 0.166279 4.40274 0 0 0 -180 0 -180 0 -180
0 -180 0 -180 0 -180 0 0 1.1901 58.0985 0 0 0 -180 0 -180 0 -180
0 -180 0 -180 0 0 0 180 1.16481e-12 7.96159 0 180 0 0 0 -180 0 -180
0 -180 0 180 0 0 0 -180 2.29597e-12 -55.7875 0 -180 0 0 0 0 0 -180
0 -180 0 180 0 0 0 180 2.28071e-13 105.649 0 180 0 0 0 0 0 -180
0 -180 0 0 0 0 0 -180 5.90697e-13 -10.4582 0 -180 0 0 0 0 0 -180
0 -180 0 0 0 -180 0 -180 0.166279 4.40274 0 -180 0 -180 0 0 0 -180
0 -180 0 0 0 -180 0 -180 1.1901 58.0985 0 -180 0 -180 0 0 0 -180
inside=0 lambda=0.647 phi=0 theta=15
0 -180 0 -180 0 -180 0 0 0.166279 4.40274 0 0 0 -180 0 -180 0 -180
0 -180 0 -180 0 -180 0 0 1.1901 58.0985 0 0 0 -180 0 -180 0 -180
0 -180 0 -180 0 0 0 180 1.16481e-12 7.96159 0 180 0 0 0 -180 0 -180
0 -180 0 180 0 0 0 -180 2.29597e-12 -55.7875 0 -180 0 0 0 0 0 -180
0 -180 0 180 0 0 0 180 2.28071e-13 105.649 0 180 0 0 0 0 0 -180
0 -180 0 0 0 0 0 -180 5.90697e-13 -10.4582 0 -180 0 0 0 0 0 -180
0 -180 0 0 0 -180 0 -180 0.166279 4.40274 0 -180 0 -180 0 0 0 -180
0 -180 0 0 0 -180 0 -180 1.1901 58.0985 0 -180 0 -180 0 0 0 -180
inside=0 lambda=0.647 phi=0 theta=30
0 -180 0 -180 0 -180 0 0 0.166279 4.40274 0 0 0 -180 0 -180 0 -180
0 -180 0 -180 0 -180 0 0 1.1901 58.0985 0 0 0 -180 0 -180 0 -180
0 -180 0 -180 0 0 0 180 1.16481e-12 7.96159 0 180 0 0 0 -180 0 -180
0 -180 0 180 0 0 0 -180 2.29597e-12 -55.7875 0 -180 0 0 0 0 0 -180
0 -180 0 180 0 0 0 180 2.28071e-13 105.649 0 180 0 0 0 0 0 -180
0 -180 0 0 0 0 0 -180 5.90697e-13 -10.4582 0 -180 0 0 0 0 0 -180
0 -180 0 0 0 -180 0 -180 0.166279 4.40274 0 -180 0 -180 0 0 0 -180
0 -180 0 0 0 -180 0 -180 1.1901 58.0985 0 -180 0 -180 0 0 0 -180
inside=0 lambda=0.647 phi=0 theta=45
0 -180 0 -180 0 -180 0 0 0.166279 4.40274 0 0 0 -180 0 -180 0 -180
0 -180 0 -180 0 -180 0 0 1.1901 58.0985 0 0 0 -180 0 -180 0 -180
0 -180 0 -180 0 0 0 180 1.16481e-12 7.96159 0 180 0 0 0 -180 0 -180
0 -180 0 180 0 0 0 -180 2.29597e-12 -55.7875 0 -180 0 0 0 0 0 -180
0 -180 0 180 0 0 0 180 2.28071e-13 105.649 0 180 0 0 0 0 0 -180
0 -180 0 0 0 0 0 -180 5.90697e-13 -10.4582 0 -180 0 0 0 0 0 -180
0 -180 0 0 0 -180 0 -180 0.166279 4.40274 0 -180 0 -180 0 0 0 -180
0 -180 0 0 0 -180 0 -180 1.1901 58.0985 0 -180 0 -180 0 0 0 -180
inside=0 lambda=0.647 phi=5 theta=0
0 -180 0 -180 0 -180 0 0 0.165825 4.56754 0 0 0 -180 0 -180 0 -180
0 -180 0 -180 0 -180 0 0 1.18763 54.9557 0 0 0 -180 0 -180 0 -180
0 -180 0 -0 0 0 0 180 2.34592e-13 -27.3462 0 180 0 0 0 180 0 -180
0 -180 0 180 0 0 0 0 1.22992e-12 147.424 0 -0 0 0 0 -0 0 -180
0 -180 0 -180 0 0 0 180 1.72959e-13 156.364 0 0 0 0 0 0 0 -180
0 -180 0 -180 0 0 0 180 1.37957e-12 141.972 0 0 0 0 0 0 0 -180
0 -180 0 0 0 -180 0 -180 0.169429 4.62061 0 -180 0 -180 0 0 0 -180
0 -180 0 0 0 -180 0 -180 1.19202 54.8842 0 -180 0 -180 0 0 0 -180
inside=0 lambda=0.647 phi=5 theta=15
0 -180 0 -180 0 -180 0 0 0.166067 4.57116 0 0 0 -180 0 -180 0 -180
0 -180 0 -180 0 -180 0 0 1.18793 54.9509 0 0 0 -180 0 -180 0 -180
0 -180 0 -0 0 0 0 -180 0.000902409 -172.966 0 0 0 0 0 180 0 -180
0 -180 0 180 0 0 0 -180 0.00117389 -145.862 0 0 0 0 0 -0 0 -180
0 -180 0 -180 0 0 0 -0 0.000902405 -172.965 0 180 0 0 0 0 0 -180
0 -180 0 -180 0 0 0 180 0.00117365 -145.841 0 -0 0 0 0 0 0 -180
0 -180 0 0 0 -180 0 -180 0.169187 4.61712 0 -180 0 -180 0 0 0 -180
0 -180 0 0 0 -180 0 -180 1.19173 54.889 0 -180 0 -180 0 0 0 -180
inside=0 lambda=0.647 phi=5 theta=30
0 -180 0 -180 0 -180 0 0 0.166726 4.581 0 0 0 -180 0 -180 0 -180
0 -180 0 -180 0 -180 0 0 1.18873 54.9378 0 0 0 -180 0 -180 0 -180
0 -180 0 -0 0 0 0 -180 0.00156302 -172.966 0 0 0 0 0 180 0 -180
0 -180 0 180 0 0 0 -180 0.00203315 -145.857 0 0 0 0 0 -0 0 -180
0 -180 0 -180 0 0 0 -0 0.00156301 -172.966 0 180 0 0 0 0 0 -180
0 -180 0 -180 0 0 0 180 0.00203291 -145.845 0 -0 0 0 0 0 0 -180
0 -180 0 0 0 -180 0 -180 0.168528 4.60754 0 -180 0 -180 0 0 0 -180
0 -180 0 0 0 -180 0 -180 1.19092 54.902 0 -180 0 -180 0 0 0 -180
inside=0 lambda=0.647 phi=5 theta=45
0 -180 0 -180 0 -180 0 0 0.167627 4.59433 0 0 0 -180 0 -180 0 -180
0 -180 0 -180 0 -180 0 0 1.18983 54.9199 0 0 0 -180 0 -180 0 -180
0 -180 0 -0 0 0 0 -180 0.00180481 -172.966 0 0 0 0 0 180 0 -180
0 -180 0 180 0 0 0 -180 0.00234754 -145.851 0 0 0 0 0 -0 0 -180
0 -180 0 -180 0 0 0 -0 0.00180481 -172.966 0 180 0 0 0 0 0 -180
0 -180 0 -180 0 0 0 180 0.00234754 -145.851 0 -0 0 0 0 0 0 -180
0 -180 0 0 0 -180 0 -180 0.167627 4.59433 0 -180 0 -180 0 0 0 -180
0 -180 0 0 0 -180 0 -180 1.18983 54.9199 0 -180 0 -180 0 0 0 -180
inside=0 lambda=0.647 phi=10 theta=0
0 180 0 -180 0 -180 0 0 0.164155 4.76272 0 0 0 180 0 -180 0 -180
0 -180 0 -180 0 -180 0 0 1.18001 45.4922 0 0 0 -180 0 -180 0 -180
0 -180 0 -0 0 0 0 -0 9.83337e-14 -103.357 0 0 0 0 0 180 0 -180
0 -180 0 180 0 0 0 180 2.32353e-13 162.193 0 -0 0 0 0 -0 0 -180
0 -180 0 -180 0 0 0 -0 1.88212e-13 -93.5569 0 -0 0 0 0 0 0 -180
0 -180 0 -180 0 0 0 0 1.51325e-13 -52.5031 0 180 0 0 0 0 0 -180
0 -180 0 0 0 -180 0 -180 0.179641 4.94235 0 -180 0 -180 0 0 0 -180
0 -180 0 0 0 -180 0 -180 1.19785 45.1971 0 -180 0 -180 0 0 0 -180
inside=0 lambda=0.647 phi=10 theta=15
0 180 0 -180 0 -180 0 0 0.165193 4.7757 0 0 0 180 0 -180 0 -180
0 -180 0 -180 0 -180 0 0 1.18121 45.472 0 0 0 -180 0 -180 0 -180
0 -180 0 -0 0 0 0 -180 0.0038727 -173.131 0 0 0 0 0 180 0 -180
0 -180 0 180 0 0 0 -180 0.00478266 -155.783 0 0 0 0 0 -0 0 -180
0 -180 0 -180 0 0 0 -180 0.00387273 -173.131 0 180 0 0 0 0 0 -180
0 -180 0 -180 0 0 0 180 0.00477832 -155.695 0 -0 0 0 0 0 0 -180
0 -180 0 0 0 -180 0 -180 0.178604 4.93121 0 -180 0 -180 0 0 0 -180
0 -180 0 0 0 -180 0 -180 1.19666 45.2165 0 -180 0 -180 0 0 0 -180
inside=0 lambda=0.647 phi=10 theta=30
0 180 0 -180 0 -180 0 0 0.168027 4.81042 0 0 0 180 0 -180 0 -180
0 -180 0 -180 0 -180 0 0 1.18447 45.4173 0 0 0 -180 0 -180 0 -180
0 -180 0 -0 0 0 0 -180 0.00670774 -173.131 0 0 0 0 0 180 0 -180
0 -180 0 180 0 0 0 -180 0.00828208 -155.762 0 0 0 0 0 -0 0 -180
0 -180 0 -180 0 0 0 -0 0.00670777 -173.131 0 180 0 0 0 0 0 -180
0 -180 0 -180 0 0 0 180 0.00827774 -155.712 0 -0 0 0 0 0 0 -180
0 -180 0 0 0 -180 0 -180 0.17577 4.90014 0 -180 0 -180 0 0 0 -180
0 -180 0 0 0 -180 0 -180 1.19339 45.2698 0 -180 0 -180 0 0 0 -180
inside=0 lambda=0.647 phi=10 theta=45
0 -180 0 -180 0 -180 0 0 0.171899 4.8562 0 0 0 180 0 -180 0 -180
0 -180 0 -180 0 -180 0 0 1.18893 45.3432 0 0 0 -180 0 -180 0 -180
0 -180 0 -0 0 0 0 -180 0.00774546 -173.131 0 0 0 0 0 180 0 -180
0 -180 0 180 0 0 0 -180 0.00956074 -155.736 0 0 0 0 0 -0 0 -180
0 -180 0 -180 0 0 0 -0 0.00774546 -173.131 0 180 0 0 0 0 0 -180
0 -180 0 -180 0 0 0 180 0.00956074 -155.736 0 -0 0 0 0 0 0 -180
0 -180 0 0 0 180 0 -180 0.171899 4.8562 0 -180 0 -180 0 0 0 -180
0 -180 0 0 0 -180 0 -180 1.18893 45.3432 0 -180 0 -180 0 0 0 -180
inside=0 lambda=0.647 phi=15 theta=0
0 180 0 -180 0 -180 0 0 0.159307 4.24666 0 0 0 180 0 -180 0 -180
0 -180 0 -180 0 180 0 0 1.16674 29.5821 0 -0 0 -180 0 -180 0 180
0 180 0 -0 0 0 0 180 8.35212e-14 14.8975 0 -0 0 -0 0 180 0 -180
0 -180 0 180 0 -0 0 -180 1.01639e-12 -56.8992 0 0 0 0 0 -0 0 180
0 -180 0 -180 0 0 0 -180 7.50842e-14 -0.651084 0 180 0 0 0 0 0 -180
0 -180 0 -180 0 0 0 -0 9.17613e-13 -55.9866 0 0 0 0 0 0 0 -180
0 -180 0 0 0 -180 0 -180 0.198198 4.36137 0 -180 0 -180 0 0 0 -180
0 -180 0 0 0 -180 0 180 1.20806 28.8998 0 -180 0 -180 0 0 0 -180
inside=0 lambda=0.647 phi=15 theta=15
0 180 0 -180 0 -180 0 0 0.161913 4.25547 0 0 0 180 0 -180 0 -180
0 -180 0 -180 0 180 0 0 1.1695 29.5343 0 -0 0 -180 0 -180 0 180
0 180 0 -0 0 0 0 -180 0.00971187 -175.038 0 0 0 -0 0 180 0 -180
0 -180 0 180 0 -0 0 -180 0.01109 -172.015 0 -0 0 0 0 -0 0 180
0 -180 0 -180 0 0 0 -180 0.00971252 -175.045 0 180 0 0 0 0 0 -180
0 -180 0 -180 0 0 0 180 0.0110646 -171.798 0 -0 0 0 0 -0 0 -180
0 -180 0 0 0 -180 0 -180 0.195594 4.35486 0 -180 0 -180 0 0 0 -180
0 -180 0 0 0 -180 0 -180 1.20528 28.9435 0 -180 0 -180 0 -0 0 -180
inside=0 lambda=0.647 phi=15 theta=30
0 180 0 -180 0 -180 0 0 0.169032 4.27877 0 0 0 180 0 -180 0 -180
0 -180 0 -180 0 180 0 0 1.17705 29.4055 0 -0 0 -180 0 -180 0 180
0 180 0 -0 0 0 0 -180 0.016822 -175.038 0 0 0 -0 0 180 0 -180
0 -180 0 180 0 -0 0 -180 0.0191973 -171.959 0 -0 0 0 0 -0 0 180
0 -180 0 -180 0 0 0 -180 0.0168226 -175.042 0 180 0 0 0 0 0 -180
0 -180 0 -180 0 0 0 180 0.019172 -171.835 0 -0 0 -0 0 -0 0 180
0 180 0 0 0 180 0 -180 0.188478 4.3362 0 -180 0 -180 0 0 0 -180
0 -180 0 0 0 -180 0 -180 1.19771 29.0644 0 -180 0 180 0 -0 0 180
inside=0 lambda=0.647 phi=15 theta=45
0 180 0 -180 0 -180 0 0 0.178755 4.30865 0 0 0 180 0 -180 0 -180
0 -180 0 -180 0 180 0 0 1.18737 29.233 0 -0 0 -180 0 -180 0 180
0 -180 0 -180 0 0 0 -180 0.0194248 -175.039 0 0 0 -0 0 180 0 -180
0 -180 0 180 0 -0 0 -180 0.0221515 -171.892 0 -0 0 0 0 -0 0 180
0 -180 0 -180 0 -0 0 -180 0.0194248 -175.039 0 180 0 0 0 0 0 -180
0 -180 0 -180 0 0 0 180 0.0221515 -171.892 0 -0 0 -0 0 -0 0 180
0 180 0 0 0 180 0 -180 0.178755 4.30865 0 -180 0 -180 0 0 0 -180
0 -180 0 0 0 -180 0 -180 1.18737 29.233 0 -180 0 180 0 -0 0 180
inside=0 lambda=0.647 phi=20 theta=0
0 180 0 -180 0 -180 0 -0 0.146126 2.70975 0 0 0 180 0 -180 0 -180
0 -180 0 -180 0 180 0 0 1.14688 6.92998 0 -0 0 -180 0 -180 0 180
0 180 0 -0 0 0 0 180 1.57305e-13 96.8832 0 -0 0 -0 0 180 0 -180
0 -180 0 0 0 -0 0 -180 9.90396e-13 103.734 0 -0 0 0 0 -180 0 180
0 -180 0 -180 0 0 0 -0 4.53962e-13 59.9544 0 -0 0 0 0 0 0 -180
0 180 0 180 0 -0 0 -0 8.63041e-13 72.8324 0 -180 0 -0 0 -0 0 180
0 -180 0 0 0 -180 0 -180 0.223435 1.66174 0 -180 0 -180 0 0 0 -180
0 180 0 -0 0 180 0 180 1.22467 5.7253 0 180 0 180 0 -0 0 180
inside=0 lambda=0.647 phi=20 theta=15
0 180 0 -180 0 -180 0 -0 0.151302 2.60344 0 0 0 180 0 180 0 -180
0 -180 0 -180 0 180 0 0 1.15207 6.84173 0 -0 0 -180 0 -180 0 180
0 180 0 -0 0 0 0 -180 0.0193248 179.984 0 0 0 -0 0 180 0 -180
0 -180 0 0 0 -0 0 -180 0.0207728 165.891 0 -0 0 0 0 -180 0 180
0 -180 0 -180 0 0 0 -180 0.0193269 179.954 0 180 0 0 0 0 0 -180
0 180 0 180 0 0 0 0 0.0206803 166.339 0 -180 0 -0 0 -0 0 180
0 -180 0 0 0 180 0 -180 0.218258 1.70895 0 -180 0 -180 0 0 0 -180
0 180 0 -0 0 -180 0 180 1.21944 5.79895 0 180 0 180 0 -0 0 180
inside=0 lambda=0.647 phi=20 theta=30
0 180 0 -180 0 -180 0 -0 0.165449 2.35063 0 0 0 180 0 -180 0 -180
0 -180 0 -180 0 180 0 0 1.16627 6.60666 0 -0 0 -180 0 -180 0 180
0 180 0 -0 0 0 0 -180 0.0334753 179.984 0 0 0 -0 0 180 0 -180
0 -180 0 0 0 -0 0 -180 0.035933 166.021 0 -0 0 0 0 -180 0 180
0 -180 0 -180 0 -0 0 -180 0.0334774 179.967 0 180 0 0 0 0 0 -180
0 -180 0 180 0 0 0 0 0.0358425 166.276 0 -180 0 -0 0 -0 0 180
0 180 0 0 0 180 0 -180 0.204111 1.84872 0 -180 0 -180 0 0 0 -180
0 -180 0 -0 0 -180 0 180 1.20516 6.00518 0 180 0 180 0 -0 0 180
inside=0 lambda=0.647 phi=20 theta=45
0 180 0 -180 0 -180 0 0 0.18478 2.07264 0 0 0 180 0 -180 0 -180
0 -180 0 180 0 180 0 0 1.18569 6.29879 0 -0 0 -180 0 -180 0 180
0 180 0 -180 0 0 0 -180 0.0386568 179.979 0 0 0 -0 0 180 0 -180
0 -180 0 0 0 -0 0 180 0.041433 166.165 0 -0 0 0 0 -180 0 180
0 180 0 -180 0 -0 0 -180 0.0386568 179.979 0 180 0 0 0 0 0 -180
0 -180 0 180 0 0 0 0 0.041433 166.165 0 -180 0 -0 0 -0 0 180
0 180 0 0 0 180 0 -180 0.18478 2.07264 0 -180 0 -180 0 0 0 -180
0 -180 0 0 0 -180 0 180 1.18569 6.29879 0 -180 0 180 0 -0 0 180
inside=0 lambda=0.647 phi=25 theta=0
0 180 0 180 0 -180 0 -0 0.119972 2.30077 0 0 0 180 0 180 0 -180
0 -180 0 -180 0 180 0 -0 1.11729 -23.0695 0 -0 0 -180 0 -180 0 180
0 180 0 -0 0 0 0 180 1.17551e-14 75.409 0 -0 0 -0 0 180 0 -180
0 -180 0 0 0 -0 0 -180 5.35856e-13 62.1721 0 0 0 0 0 -180 0 180
0 -180 0 -180 0 0 0 180 2.31238e-13 -40.1187 0 -0 0 0 0 0 0 -180
0 180 0 180 0 -0 0 -180 5.41818e-13 24.9004 0 180 0 -0 0 -0 0 180
0 -180 0 0 0 -180 0 -180 0.246021 -2.89885 0 -180 0 -180 0 0 0 -180
0 180 0 -0 0 180 0 180 1.2545 -24.9067 0 180 0 180 0 -0 0 180
inside=0 lambda=0.647 phi=25 theta=15
0 180 0 180 0 -180 0 -0 0.128341 1.6201 0 0 0 180 0 180 0 -180
0 -180 0 -180 0 180 0 -0 1.12643 -23.2168 0 -0 0 -180 0 -180 0 180
0 180 0 -0 0 0 0 -180 0.031799 172.72 0 0 0 -0 0 180 0 -180
0 -180 0 0 0 -0 0 180 0.0362003 137.475 0 -0 0 0 0 -180 0 180
0 -180 0 -180 0 -0 0 -180 0.0317933 172.641 0 180 0 0 0 0 0 -180
0 180 0 180 0 -0 0 0 0.0359529 138.292 0 -180 0 -0 0 -0 0 180
0 -180 0 0 0 180 0 -180 0.237576 -2.72019 0 -180 0 -180 0 0 0 -180
0 180 0 -0 0 180 0 180 1.24525 -24.805 0 180 0 180 0 -0 0 180
inside=0 lambda=0.647 phi=25 theta=30
0 180 0 -180 0 -180 0 -0 0.151319 0.168553 0 0 0 180 0 180 0 -180
0 -180 0 180 0 180 0 -0 1.15143 -23.5979 0 -0 0 -180 0 -180 0 180
0 180 0 -0 0 0 0 -180 0.0551 172.722 0 0 0 -0 0 180 0 -180
0 -180 0 0 0 -0 0 180 0.0625461 137.749 0 -0 0 0 0 -180 0 180
0 180 0 -180 0 -0 0 -180 0.0550951 172.679 0 180 0 0 0 0 0 -180
0 180 0 180 0 -0 0 0 0.0623142 138.207 0 -180 0 -0 0 -0 0 180
0 180 0 -0 0 180 0 -180 0.214458 -2.16842 0 -180 0 -180 0 0 0 -180
0 180 0 -0 0 180 0 180 1.22002 -24.5116 0 180 0 180 0 -0 0 180
inside=0 lambda=0.647 phi=25 theta=45
0 180 0 -180 0 -180 0 -0 0.182856 -1.20247 0 0 0 180 0 180 0 -180
0 -180 0 180 0 180 0 -0 1.18567 -24.0759 0 -0 0 -180 0 180 0 180
0 180 0 -180 0 0 0 -180 0.0636337 172.71 0 0 0 -0 0 180 0 -180
0 180 0 0 0 -0 0 180 0.0720585 138.023 0 -0 0 -0 0 -180 0 180
0 180 0 -180 0 -0 0 -180 0.0636337 172.71 0 180 0 0 0 0 0 -180
0 180 0 180 0 -0 0 0 0.0720585 138.023 0 -180 0 -0 0 -0 0 180
0 180 0 -0 0 180 0 -180 0.182856 -1.20247 0 180 0 -180 0 0 0 -180
0 -180 0 -0 0 -180 0 180 1.18567 -24.0759 0 180 0 180 0 -0 0 180
inside=0 lambda=0.647 phi=30 theta=0
0 180 0 180 0 -180 0.0140823 -103.72 0.0886205 6.21567 0 0 0 180 0 180 0 -180
0 180 0 180 0 0 0 -0 1.06888 -61.4535 0 -180 0 180 0 180 0 0
0 180 0 -0 0 0 7.97471e-14 -32.9121 1.2522e-13 -107.211 0 180 0 -0 0 180 0 -180
0 180 0 0 0 -180 0 -0 2.47028e-13 -34.9324 0 0 0 -0 0 -180 0 0
0 -180 0 -180 0 0 1.25889e-13 -130.184 6.04244e-13 24.0318 0 180 0 0 0 0 0 -180
0 180 0 180 0 -0 0 -0 3.96253e-13 -49.5098 0 180 0 -0 0 -0 0 180
0 -180 0 0 0 -180 0.0495938 -129.762 0.254719 -4.22554 0 -180 0 -180 0 0 0 -180
0 180 0 -0 0 180 0 0 1.31165 -64.5325 0 180 0 180 0 -0 0 180
inside=0 lambda=0.647 phi=30 theta=15
0 180 0 180 0 -180 0 -0 0.0996722 4.20518 0 0 0 180 0 180 0 -180
0 180 0 180 0 0 0 -0 1.08542 -61.744 0 -180 0 180 0 180 0 0
0 180 0 -0 0 0 0 -180 0.0424378 171.218 0 0 0 -0 0 180 0 -180
0 180 0 0 0 -180 0 180 0.0638564 98.8714 0 -180 0 -0 0 -180 0 0
0 -180 0 -180 0 -0 0 -180 0.0423599 171.069 0 180 0 0 0 0 0 -180
0 180 0 180 0 -0 0 0 0.0631718 100.12 0 -180 0 -180 0 -180 0 0
0 180 0 0 0 180 0 -180 0.243781 -3.91785 0 -180 0 -180 0 0 0 -180
0 180 0 -0 0 180 0 0 1.2955 -64.3973 0 180 0 0 0 -180 0 0
inside=0 lambda=0.647 phi=30 theta=30
0 180 0 180 0 -180 0 -0 0.129679 0.907457 0 0 0 180 0 180 0 -180
0 180 0 180 0 0 0 -0 1.12949 -62.4585 0 -180 0 180 0 180 0 0
0 180 0 -0 0 0 0 -180 0.0736692 171.215 0 0 0 -0 0 180 0 -180
0 180 0 0 0 -180 0 180 0.10999 99.3868 0 -180 0 -0 0 -180 0 0
0 180 0 -180 0 -0 0 -180 0.0736033 171.144 0 180 0 0 0 0 0 -180
0 180 0 180 0 -0 0 0 0.109456 100.065 0 -180 0 -180 0 -180 0 0
0 180 0 -0 0 180 0 -180 0.213363 -3.12575 0 180 0 -180 0 0 0 -180
0 180 0 -0 0 180 0 180 1.25069 -63.9715 0 180 0 0 0 -180 0 0
inside=0 lambda=0.647 phi=30 theta=45
0 180 0 -180 0 -180 0 -0 0.171444 -1.60406 0 0 0 180 0 180 0 -180
0 180 0 180 0 0 0 -0 1.18992 -63.279 0 -180 0 180 0 180 0 0
0 180 0 -180 0 0 0 -180 0.0850968 171.194 0 0 0 -0 0 180 0 -180
0 180 0 0 0 -180 0 180 0.126578 99.8219 0 -180 0 -0 0 -180 0 0
0 180 0 -180 0 -0 0 -180 0.0850968 171.194 0 180 0 0 0 0 0 -180
0 180 0 180 0 -0 0 0 0.126578 99.8219 0 -180 0 -180 0 -180 0 0
0 180 0 -0 0 180 0 -180 0.171444 -1.60406 0 180 0 -180 0 0 0 -180
0 180 0 -0 0 180 0 180 1.18992 -63.279 0 180 0 0 0 -180 0 0
inside=0 lambda=0.647 phi=35 theta=0
0 180 0 180 0 -180 0.0470744 -100.563 0.0385379 -22.8848 0 0 0 180 0 180 0 -180
0 180 0 180 0 -0 0 -0 0.985643 -110.342 0 180 0 180 0 180 0 -0
0 180 0 -0 0 0 1.81919e-13 -16.7684 2.14971e-13 -173.604 0 0 0 -0 0 180 0 -180
0 180 0 -0 0 180 0 0 6.62407e-13 -50.6105 0 0 0 -0 0 180 0 -0
0 -180 0 -180 0 0 4.13273e-13 55.0221 1.90957e-13 -119.667 0 0 0 0 0 0 0 -180
0 0 0 0 0 -180 0 180 2.16945e-13 -67.4685 0 0 0 -180 0 -180 0 0
0 -180 0 0 0 -180 0.0649323 -108.548 0.308985 5.76079 0 -180 0 -180 0 0 0 -180
0 0 0 -180 0 0 0 0 1.39976 -116.901 0 0 0 0 0 -180 0 0
inside=0 lambda=0.647 phi=35 theta=15
0 180 0 180 0 -180 0.0350103 -105.874 0.0556393 -12.8491 0 0 0 180 0 180 0 -180
0 180 0 180 0 -0 0 -0 1.01334 -111.064 0 180 0 180 0 180 0 -0
0 180 0 -0 0 0 0.00278335 106.17 0.0692319 -169.829 0 0 0 -0 0 180 0 -180
0 180 0 -0 0 180 0 180 0.111779 44.6852 0 -180 0 -0 0 180 0 -0
0 -180 0 -180 0 -0 0.0174644 -131.883 0.0691467 -169.951 0 180 0 0 0 0 0 -180
0 0 0 0 0 -180 0 -0 0.109764 46.1205 0 180 0 -180 0 -180 0 0
0 180 0 -0 0 180 0.0569555 -117.497 0.290972 5.53515 0 -180 0 -180 0 0 0 -180
0 0 0 -180 0 0 0 0 1.37164 -116.672 0 0 0 0 0 -180 0 0
inside=0 lambda=0.647 phi=35 theta=30
0 180 0 180 0 -180 0 -0 0.104659 -2.75386 0 0 0 180 0 180 0 -180
0 180 0 180 0 0 0 -0 1.08903 -112.764 0 180 0 180 0 180 0 -0
0 180 0 -0 0 0 0 180 0.120632 -169.658 0 0 0 -0 0 180 0 -180
0 180 0 -0 0 -180 0 180 0.191393 45.1992 0 -180 0 -0 0 180 0 -0
0 180 0 180 0 -0 0 -180 0.120466 -169.687 0 180 0 0 0 0 0 -180
0 0 0 0 0 -0 0 -0 0.189572 46.1005 0 180 0 -180 0 -180 0 0
0 180 0 -0 0 180 0 -180 0.241369 4.61073 0 180 0 -180 0 0 0 -180
0 180 0 -180 0 180 0 0 1.29556 -115.91 0 0 0 0 0 -180 0 0
inside=0 lambda=0.647 phi=35 theta=45
0 180 0 180 0 -180 0 -0 0.172732 2.33232 0 0 0 180 0 180 0 -180
0 180 0 180 0 0 0 -0 1.19165 -114.551 0 -180 0 180 0 180 0 -0
0 180 0 -180 0 0 0 180 0.139448 -169.722 0 0 0 -0 0 180 0 -180
0 180 0 -0 0 -180 0 0 0.219404 45.83 0 -180 0 -0 0 180 0 0
0 180 0 180 0 -0 0 -180 0.139448 -169.722 0 180 0 0 0 0 0 -180
0 180 0 0 0 -0 0 -0 0.219404 45.83 0 180 0 -180 0 -180 0 0
0 180 0 -0 0 180 0 180 0.172732 2.33232 0 180 0 -180 0 0 0 -180
0 180 0 -0 0 180 0 180 1.19165 -114.551 0 180 0 0 0 -180 0 -0
inside=0 lambda=0.647 phi=40 theta=0
0 180 0 180 0 -180 0.103972 -106.384 0.196361 172.297 0 0 0 180 0 180 0 -180
0 0 0 0 0 -0 0 -180 0.794951 -175.253 0 180 0 0 0 0 0 -0
0 180 0 -0 0 0 6.00583e-14 -169.956 3.88095e-13 162.469 0 -0 0 -0 0 180 0 -180
0 0 0 -180 0 180 0 0 6.5298e-13 -76.8176 0 -0 0 -180 0 0 0 -0
0 -180 0 -180 0 0 1.33238e-12 -108.12 3.45633e-13 25.0373 0 180 0 0 0 0 0 -180
0 -0 0 -0 0 180 0 -180 7.70277e-13 -95.97 0 0 0 180 0 180 0 -0
0 -180 0 0 0 -180 0.0875305 -103.237 0.517947 -1.90894 0 -180 0 -180 0 0 0 -180
0 -0 0 180 0 -0 0 -0 1.51902 173.771 0 -0 0 -0 0 180 0 -0
inside=0 lambda=0.647 phi=40 theta=15
0 180 0 180 0 -180 0.0777349 -113.577 0.147564 172.633 0 0 0 180 0 180 0 -180
0 0 0 0 0 -0 0 -180 0.84403 -177.215 0 180 0 0 0 0 0 -0
0 180 0 -0 0 0 0.0147125 50.9759 0.177412 177.969 0 0 0 -0 0 180 0 -180
0 0 0 -0 0 180 0 0 0.196186 -22.7567 0 180 0 -180 0 0 0 -0
0 180 0 180 0 -0 0.0334975 -132.675 0.177694 177.607 0 180 0 0 0 0 0 -180
0 0 0 0 0 -180 0 -0 0.18942 -19.6396 0 0 0 180 0 180 0 -0
0 180 0 -0 0 180 0.0700978 -111.183 0.470281 -1.64747 0 180 0 -180 0 0 0 -180
0 0 0 -180 0 0 0 -0 1.47066 173.762 0 0 0 -0 0 180 0 -0
inside=0 lambda=0.647 phi=40 theta=30
0 180 0 180 0 -180 0.0241635 -128.296 0.0176704 155.429 0 0 0 180 0 180 0 -180
0 0 0 0 0 -0 0 -180 0.976809 179.149 0 180 0 0 0 0 0 -0
0 180 0 -180 0 0 0.00524352 13.3443 0.309052 178.323 0 0 0 -0 0 180 0 -180
0 0 0 -0 0 180 0 0 0.332958 -21.5224 0 180 0 -180 0 0 0 -0
0 180 0 180 0 -0 0.0288705 -153.504 0.30884 178.152 0 180 0 0 0 0 0 -180
0 0 0 0 0 -180 0 -0 0.326872 -19.9591 0 0 0 180 0 180 0 -0
0 180 0 -0 0 180 0.0446102 -139.974 0.33952 -1.29804 0 180 0 -180 0 0 0 -180
0 0 0 -180 0 0 0 0 1.338 174.413 0 0 0 -0 0 180 0 -0
inside=0 lambda=0.647 phi=40 theta=45
0 180 0 180 0 -180 0 -0 0.16081 -0.334065 0 0 0 180 0 180 0 -180
0 0 0 0 0 -0 0 -180 1.15692 176.147 0 180 0 0 0 0 0 -0
0 180 0 -180 0 0 0 180 0.357957 178.22 0 0 0 -0 0 180 0 -180
0 0 0 -0 0 180 0 0 0.378882 -20.4462 0 180 0 -180 0 0 0 -0
0 180 0 180 0 -0 0 -180 0.357957 178.22 0 180 0 0 0 0 0 -180
0 0 0 0 0 -180 0 -0 0.378882 -20.4462 0 0 0 180 0 180 0 -0
0 180 0 -0 0 180 0 180 0.16081 -0.334065 0 180 0 -180 0 0 0 -180
0 0 0 -180 0 0 0 0 1.15692 176.147 0 0 0 -0 0 180 0 -0
inside=0 lambda=0.647 phi=45 theta=0
0 180 0 180 0 -0 0.502801 -117.607 0.847321 -152.021 0 180 0 180 0 180 0 -0
0 -0 0 -0 0 180 0 180 0 180 0 -0 0 -0 0 -0 0 180
0 180 0 -0 0 180 3.57634e-13 134.052 7.72635e-13 -56.1269 0 0 0 -0 0 180 0 -0
0 -0 0 180 0 -0 0 0 0 -180 0 0 0 180 0 -0 0 180
0 180 0 180 0 -0 7.0891e-11 -169.606 2.05385e-10 -163.447 0 180 0 -0 0 -0 0 180
0 180 0 180 0 -0 0 0 0 0 0 -180 0 -0 0 -0 0 180
0 180 0 -0 0 180 0.161395 -121.279 0.988257 -10.1547 0 180 0 180 0 -0 0 180
0 180 0 -0 0 180 0 180 0 -0 0 180 0 180 0 -0 0 180
inside=0 lambda=0.647 phi=45 theta=15
0 180 0 180 0 -0 0.306505 -133.36 0.809465 -158.976 0 180 0 180 0 180 0 -0
0 -0 0 -0 0 180 0 180 0 180 0 -0 0 -0 0 -0 0 180
0 180 0 -0 0 180 0.0990446 49.3238 0.466112 -175.721 0 0 0 -0 0 180 0 -0
0 -0 0 180 0 -0 0 -0 0 180 0 -0 0 180 0 -0 0 180
0 180 0 180 0 -0 0.10498 -143.681 0.465294 -176.239 0 180 0 0 0 0 0 -180
0 -180 0 -180 0 0 0 180 0 180 0 -0 0 -0 0 -0 0 180
0 180 0 -0 0 180 0.0915056 -128.571 0.874408 -13.4145 0 180 0 -180 0 0 0 -180
0 -180 0 0 0 -180 0 -180 0 -0 0 -180 0 180 0 -0 0 180
inside=0 lambda=0.647 phi=45 theta=30
0 0 0 0 0 -180 0.0874694 -153.527 0.515114 -157.952 0 180 0 180 0 180 0 -0
0 -0 0 -0 0 180 0 180 0 0 0 -0 0 -180 0 -180 0 180
0 180 0 -180 0 0 0.065876 27.4062 0.844423 179.711 0 0 0 -0 0 180 0 -0
0 -0 0 180 0 -0 0 -0 0 180 0 -0 0 0 0 -0 0 180
0 180 0 180 0 -0 0.0728331 -169.682 0.841948 179.559 0 180 0 0 0 0 0 -180
0 -180 0 -180 0 0 0 180 0 180 0 -180 0 -0 0 -0 0 180
0 180 0 -0 0 180 0.025519 -144.908 0.529762 -23.0302 0 180 0 -180 0 0 0 -0
0 -0 0 0 0 -180 0 -180 0 0 0 -180 0 180 0 -0 0 180
inside=0 lambda=0.647 phi=45 theta=45
0 0 0 180 0 -180 0 -0 0.183537 -91.7408 0 0 0 180 0 180 0 -0
0 -0 0 -0 0 180 0 0 0 0 0 -0 0 -180 0 -180 0 180
0 180 0 -180 0 0 0 180 0.983013 178.259 0 0 0 -0 0 180 0 -0
0 -0 0 180 0 -0 0 -180 0 180 0 -0 0 0 0 -180 0 180
0 180 0 180 0 -0 0 -180 0.983013 178.259 0 180 0 0 0 0 0 -0
0 -0 0 -180 0 0 0 180 0 180 0 -180 0 -0 0 -0 0 180
0 0 0 -0 0 180 0 180 0.183537 -91.7408 0 180 0 -180 0 0 0 -0
0 -0 0 0 0 -180 0 -0 0 0 0 -180 0 180 0 -0 0 180
inside=1 lambda=0.647 phi=0 theta=0
0 -180 0 -180 0 -180 0 0 0.166279 -68.2057 0 0 0 -180 0 -180 0 -180
0 -180 0 -180 0 -180 0 0 0.817032 58.0985 0 0 0 -180 0 -180 0 -180
0 -180 0 0 0 0 0 -180 1.05874e-12 -29.5556 0 -180 0 0 0 0 0 -180
0 -180 0 180 0 0 0 180 1.25323e-12 168.69 0 180 0 0 0 -180 0 -180
0 -180 0 -0 0 0 0 -0 2.34147e-13 12.1238 0 -0 0 0 0 -180 0 -180
0 -180 0 -180 0 0 0 -0 2.49323e-13 148.109 0 -180 0 0 0 -0 0 -180
0 -180 0 0 0 -180 0 -180 0.166279 -68.2057 0 -180 0 -180 0 0 0 -180
0 -180 0 0 0 -180 0 -180 0.817032 58.0985 0 -180 0 -180 0 0 0 -180
inside=1 lambda=0.647 phi=0 theta=15
0 -180 0 -180 0 -180 0 0 0.166279 -68.2057 0 0 0 -180 0 -180 0 -180
0 -180 0 -180 0 -180 0 0 0.817032 58.0985 0 0 0 -180 0 -180 0 -180
0 -180 0 0 0 0 0 -180 1.05874e-12 -29.5556 0 -180 0 0 0 0 0 -180
0 -180 0 180 0 0 0 180 1.25323e-12 168.69 0 180 0 0 0 -180 0 -180
0 -180 0 -0 0 0 0 -0 2.34147e-13 12.1238 0 -0 0 0 0 -180 0 -180
0 -180 0 -180 0 0 0 -0 2.49323e-13 148.109 0 -180 0 0 0 -0 0 -180
0 -180 0 0 0 -180 0 -180 0.166279 -68.2057 0 -180 0 -180 0 0 0 -180
0 -180 0 0 0 -180 0 -180 0.817032 58.0985 0 -180 0 -180 0 0 0 -180
inside=1 lambda=0.647 phi=0 theta=30
0 -180 0 -180 0 -180 0 0 0.166279 -68.2057 0 0 0 -180 0 -180 0 -180
0 -180 0 -180 0 -180 0 0 0.817032 58.0985 0 0 0 -180 0 -180 0 -180
0 -180 0 0 0 0 0 -180 1.05874e-12 -29.5556 0 -180 0 0 0 0 0 -180
0 -180 0 180 0 0 0 180 1.25323e-12 168.69 0 180 0 0 0 -180 0 -180
0 -180 0 -0 0 0 0 -0 2.34147e-13 12.1238 0 -0 0 0 0 -180 0 -180
0 -180 0 -180 0 0 0 -0 2.49323e-13 148.109 0 -180 0 0 0 -0 0 -180
0 -180 0 0 0 -180 0 -180 0.166279 -68.2057 0 -180 0 -180 0 0 0 -180
0 -180 0 0 0 -180 0 -180 0.817032 58.0985 0 -180 0 -180 0 0 0 -180
inside=1 lambda=0.647 phi=0 theta=45
0 -180 0 -180 0 -180 0 0 0.166279 -68.2057 0 0 0 -180 0 -180 0 -180
0 -180 0 -180 0 -180 0 0 0.817032 58.0985 0 0 0 -180 0 -180 0 -180
0 -180 0 0 0 0 0 -180 1.05874e-12 -29.5556 0 -180 0 0 0 0 0 -180
0 -180 0 180 0 0 0 180 1.25323e-12 168.69 0 180 0 0 0 -180 0 -180
0 -180 0 -0 0 0 0 -0 2.34147e-13 12.1238 0 -0 0 0 0 -180 0 -180
0 -180 0 -180 0 0 0 -0 2.49323e-13 148.109 0 -180 0 0 0 -0 0 -180
0 -180 0 0 0 -180 0 -180 0.166279 -68.2057 0 -180 0 -180 0 0 0 -180
0 -180 0 0 0 -180 0 -180 0.817032 58.0985 0 -180 0 -180 0 0 0 -180
inside=1 lambda=0.647 phi=5 theta=0
0 -180 0 -180 0 -180 0 0 0.166069 -71.2468 0 0 0 -180 0 -180 0 -180
0 -180 0 -180 0 -180 0 0 0.817887 56.6199 0 0 0 -180 0 -180 0 -180
0 -180 0 -0 0 0 0 180 8.9644e-13 -165.094 0 -0 0 0 0 180 0 -180
0 -180 0 180 0 0 0 0 1.78694e-12 -35.5331 0 -180 0 0 0 -0 0 -180
0 -180 0 -180 0 0 0 -0 9.48356e-13 -170.05 0 -0 0 0 0 0 0 -180
0 -180 0 -180 0 0 0 -0 1.64929e-12 -33.0109 0 -0 0 0 0 0 0 -180
0 -180 0 0 0 -180 0 -180 0.167744 -71.3389 0 -180 0 -180 0 0 0 -180
0 -180 0 0 0 -180 0 -180 0.816002 56.5865 0 -180 0 -180 0 0 0 -180
inside=1 lambda=0.647 phi=5 theta=15
0 -180 0 -180 0 -180 0 0 0.166181 -71.253 0 0 0 -180 0 -180 0 -180
0 -180 0 -180 0 -180 0 0 0.81776 56.6177 0 0 0 -180 0 -180 0 -180
0 -180 0 -0 0 0 0 -180 0.000425374 98.8597 0 0 0 0 0 180 0 -180
0 -180 0 180 0 0 0 -180 0.000489785 72.4384 0 0 0 0 0 -0 0 -180
0 -180 0 -180 0 0 0 -0 0.000425365 98.8647 0 180 0 0 0 0 0 -180
0 -180 0 -180 0 0 0 180 0.000489755 72.4312 0 -0 0 0 0 0 0 -180
0 -180 0 0 0 -180 0 -180 0.167632 -71.3328 0 -180 0 -180 0 0 0 -180
0 -180 0 0 0 -180 0 -180 0.816128 56.5888 0 -180 0 -180 0 0 0 -180
inside=1 lambda=0.647 phi=5 theta=30
0 -180 0 -180 0 -180 0 0 0.166488 -71.27 0 0 0 -180 0 -180 0 -180
0 -180 0 -180 0 -180 0 0 0.817415 56.6116 0 0 0 -180 0 -180 0 -180
0 -180 0 -0 0 0 0 -180 0.000736767 98.8608 0 0 0 0 0 180 0 -180
0 -180 0 180 0 0 0 -180 0.000848321 72.4368 0 0 0 0 0 -0 0 -180
0 -180 0 -180 0 0 0 -0 0.000736758 98.8636 0 180 0 0 0 0 0 -180
0 -180 0 -180 0 0 0 180 0.000848292 72.4327 0 -0 0 0 0 0 0 -180
0 -180 0 0 0 -180 0 -180 0.167325 -71.316 0 -180 0 -180 0 0 0 -180
0 -180 0 0 0 -180 0 -180 0.816473 56.5949 0 -180 0 -180 0 0 0 -180
inside=1 lambda=0.647 phi=5 theta=45
0 -180 0 -180 0 -180 0 0 0.166906 -71.2931 0 0 0 -180 0 -180 0 -180
0 -180 0 -180 0 -180 0 0 0.816944 56.6033 0 0 0 -180 0 -180 0 -180
0 -180 0 -0 0 0 0 -180 0.00085074 98.8622 0 0 0 0 0 180 0 -180
0 -180 0 180 0 0 0 -180 0.00097954 72.4348 0 0 0 0 0 -0 0 -180
0 -180 0 -180 0 0 0 -0 0.00085074 98.8622 0 180 0 0 0 0 0 -180
0 -180 0 -180 0 0 0 180 0.00097954 72.4348 0 -0 0 0 0 0 0 -180
0 -180 0 0 0 -180 0 -180 0.166906 -71.2931 0 -180 0 -180 0 0 0 -180
0 -180 0 0 0 -180 0 -180 0.816944 56.6033 0 -180 0 -180 0 0 0 -180
inside=1 lambda=0.647 phi=10 theta=0
0 180 0 -180 0 -180 0 0 0.165397 -80.2684 0 0 0 180 0 -180 0 -180
0 -180 0 -180 0 -180 0 0 0.820492 52.2008 0 0 0 -180 0 -180 0 -180
0 180 0 -0 0 0 0 180 3.70936e-14 6.28708 0 180 0 -0 0 180 0 -180
0 -180 0 180 0 0 0 -0 6.86895e-14 137.656 0 -0 0 0 0 -0 0 -180
0 -180 0 -180 0 0 0 -0 7.05116e-14 60.7326 0 -0 0 0 0 0 0 -180
0 -180 0 -180 0 0 0 -0 9.08723e-14 76.4065 0 -180 0 0 0 0 0 -180
0 -180 0 0 0 -180 0 -180 0.172298 -80.6361 0 -180 0 -180 0 0 0 -180
0 -180 0 0 0 -180 0 -180 0.812855 52.0654 0 -180 0 -180 0 0 0 -180
inside=1 lambda=0.647 phi=10 theta=15
0 180 0 -180 0 -180 0 0 0.165859 -80.2941 0 0 0 180 0 -180 0 -180
0 -180 0 -180 0 -180 0 0 0.81998 52.1918 0 0 0 -180 0 -180 0 -180
0 180 0 -0 0 0 0 -180 0.00175094 89.8439 0 0 0 -0 0 180 0 -180
0 -180 0 180 0 0 0 -180 0.00198487 67.9801 0 0 0 0 0 -0 0 -180
0 -180 0 -180 0 0 0 -0 0.00175081 89.8643 0 180 0 0 0 0 0 -180
0 -180 0 -180 0 0 0 180 0.00198438 67.9515 0 -0 0 0 0 0 0 -180
0 -180 0 0 0 -180 0 -180 0.171836 -80.6125 0 -180 0 -180 0 0 0 -180
0 -180 0 0 0 -180 0 -180 0.813367 52.0745 0 -180 0 -180 0 0 0 -180
inside=1 lambda=0.647 phi=10 theta=30
0 180 0 -180 0 -180 0 0 0.167122 -80.3634 0 0 0 180 0 -180 0 -180
0 -180 0 -180 0 -180 0 0 0.818582 52.1672 0 0 0 -180 0 -180 0 -180
0 180 0 -0 0 0 0 -180 0.00303267 89.8483 0 0 0 -0 0 180 0 -180
0 -180 0 180 0 0 0 -180 0.0034377 67.9738 0 0 0 0 0 -0 0 -180
0 -180 0 -180 0 0 0 -0 0.00303254 89.8601 0 180 0 0 0 0 0 -180
0 -180 0 -180 0 0 0 180 0.00343722 67.9573 0 -0 0 0 0 0 0 -180
0 -180 0 0 0 180 0 -180 0.170572 -80.5472 0 -180 0 -180 0 0 0 -180
0 -180 0 0 0 -180 0 -180 0.814764 52.0995 0 -180 0 -180 0 0 0 -180
inside=1 lambda=0.647 phi=10 theta=45
0 180 0 -180 0 -180 0 0 0.168847 -80.4563 0 0 0 180 0 -180 0 -180
0 -180 0 -180 0 -180 0 0 0.816673 52.1334 0 0 0 -180 0 -180 0 -180
0 -180 0 -0 0 0 0 -180 0.00350175 89.8542 0 0 0 -0 0 180 0 -180
0 -180 0 180 0 0 0 -180 0.00396923 67.9654 0 0 0 0 0 -0 0 -180
0 -180 0 -180 0 -0 0 -0 0.00350175 89.8542 0 180 0 0 0 0 0 -180
0 -180 0 -180 0 0 0 180 0.00396923 67.9654 0 -0 0 0 0 0 0 -180
0 180 0 0 0 180 0 -180 0.168847 -80.4563 0 -180 0 -180 0 0 0 -180
0 -180 0 0 0 -180 0 -180 0.816673 52.1334 0 -180 0 -180 0 0 0 -180
inside=1 lambda=0.647 phi=15 theta=0
0 180 0 -180 0 -180 0 0 0.164026 -94.98 0 0 0 180 0 -180 0 -180
0 -180 0 -180 0 180 0 0 0.824993 44.8904 0 -0 0 -180 0 -180 0 180
0 180 0 -0 0 0 0 -0 2.71044e-13 168.7 0 -0 0 -0 0 180 0 -180
0 -180 0 180 0 -0 0 180 4.52202e-13 -45.7669 0 180 0 0 0 -0 0 180
0 -180 0 -180 0 0 0 -0 3.24826e-13 167.556 0 180 0 0 0 0 0 -180
0 -180 0 -180 0 0 0 0 4.03073e-13 -47.9547 0 0 0 0 0 0 0 -180
0 -180 0 0 0 -180 0 -180 0.18032 -95.784 0 -180 0 -180 0 0 0 -180
0 -180 0 0 0 -180 0 -180 0.807429 44.5808 0 -180 0 -180 0 0 0 -180
inside=1 lambda=0.647 phi=15 theta=15
0 180 0 -180 0 -180 0 0 0.165116 -95.0393 0 0 0 180 0 -180 0 -180
0 -180 0 -180 0 180 0 0 0.823815 44.87 0 -0 0 -180 0 -180 0 180
0 180 0 -0 0 0 0 -180 0.00412607 75.3413 0 0 0 -0 0 180 0 -180
0 -180 0 180 0 -0 0 -180 0.00456336 60.5246 0 -0 0 0 0 -0 0 180
0 -180 0 -180 0 0 0 -0 0.00412558 75.3904 0 180 0 0 0 0 0 -180
0 -180 0 -180 0 0 0 180 0.00456081 60.4604 0 -0 0 0 0 0 0 -180
0 -180 0 0 0 180 0 -180 0.179228 -95.7352 0 -180 0 -180 0 0 0 -180
0 -180 0 0 0 -180 0 -180 0.808605 44.6019 0 -180 0 -180 0 0 0 -180
inside=1 lambda=0.647 phi=15 theta=30
0 180 0 -180 0 -180 0 0 0.168096 -95.197 0 0 0 180 0 -180 0 -180
0 -180 0 -180 0 180 0 0 0.820599 44.8142 0 -0 0 -180 0 -180 0 180
0 180 0 -0 0 0 0 -180 0.00714639 75.3522 0 0 0 -0 0 180 0 -180
0 -180 0 180 0 0 0 -180 0.00790296 60.5094 0 -0 0 0 0 -0 0 -180
0 180 0 -180 0 -0 0 -0 0.0071459 75.3804 0 180 0 0 0 0 0 -180
0 -180 0 -180 0 0 0 180 0.00790041 60.4723 0 -0 0 0 0 0 0 -180
0 180 0 0 0 180 0 -180 0.176243 -95.5983 0 -180 0 -180 0 0 0 -180
0 -180 0 0 0 -180 0 -180 0.811817 44.6594 0 -180 0 -180 0 0 0 -180
inside=1 lambda=0.647 phi=15 theta=45
0 180 0 -180 0 -180 0 0 0.172169 -95.4028 0 0 0 180 0 -180 0 -180
0 -180 0 -180 0 180 0 0 0.816207 44.7372 0 -0 0 -180 0 -180 0 180
0 180 0 -0 0 0 0 -180 0.00825166 75.3665 0 0 0 -0 0 180 0 -180
0 -180 0 180 0 0 0 -180 0.00912404 60.49 0 -0 0 0 0 -0 0 -180
0 180 0 -180 0 -0 0 -0 0.00825166 75.3665 0 180 0 0 0 0 0 -180
0 -180 0 -180 0 0 0 180 0.00912404 60.49 0 -0 0 0 0 -0 0 -180
0 180 0 0 0 180 0 -180 0.172169 -95.4028 0 -180 0 -180 0 0 0 -180
0 -180 0 0 0 -180 0 -180 0.816207 44.7372 0 -180 0 180 0 -0 0 180
inside=1 lambda=0.647 phi=20 theta=0
0 180 0 180 0 -180 0 -0 0.161247 -114.971 0 0 0 180 0 180 0 -180
0 -180 0 -180 0 180 0 0 0.83168 34.7684 0 -0 0 -180 0 -180 0 180
0 180 0 -0 0 0 0 0 1.31363e-13 -177.445 0 0 0 -0 0 180 0 -180
0 -180 0 180 0 -0 0 180 4.10373e-13 -58.2005 0 180 0 0 0 -0 0 180
0 -180 0 -180 0 0 0 -180 9.9762e-14 150.245 0 180 0 0 0 0 0 -180
0 -180 0 -180 0 0 0 -0 6.29055e-14 -47.1164 0 0 0 0 0 0 0 -180
0 -180 0 0 0 -180 0 -180 0.19207 -116.272 0 -180 0 -180 0 0 0 -180
0 -180 0 -0 0 -180 0 180 0.799494 34.2122 0 -180 0 -180 0 -0 0 -180
inside=1 lambda=0.647 phi=20 theta=15
0 180 0 -180 0 -180 0 -0 0.163309 -115.076 0 0 0 180 0 180 0 -180
0 -180 0 -180 0 180 0 0 0.829521 34.7324 0 -0 0 -180 0 -180 0 180
0 180 0 -0 0 0 0 -180 0.00777977 56.0187 0 0 0 -0 0 180 0 -180
0 -180 0 180 0 -0 0 -180 0.00835337 50.0514 0 -0 0 0 0 -0 0 180
0 -180 0 -180 0 -0 0 -0 0.00777869 56.1149 0 180 0 0 0 0 0 -180
0 -180 0 -180 0 0 0 180 0.008345 49.9371 0 -0 0 -0 0 -0 0 -180
0 -180 0 0 0 180 0 -180 0.190002 -116.2 0 -180 0 -180 0 0 0 -180
0 -180 0 0 0 -180 0 180 0.801647 34.2508 0 -180 0 180 0 -0 0 180
inside=1 lambda=0.647 phi=20 theta=30
0 180 0 -180 0 -180 0 -0 0.168943 -115.346 0 0 0 180 0 180 0 -180
0 -180 0 -180 0 180 0 0 0.823625 34.6333 0 -0 0 -180 0 -180 0 180
0 180 0 -0 0 0 0 -180 0.0134747 56.0404 0 0 0 -0 0 180 0 -180
0 -180 0 180 0 -0 0 -180 0.014465 50.0219 0 -0 0 0 0 -0 0 180
0 180 0 -180 0 -0 0 -0 0.0134736 56.0958 0 180 0 0 0 0 0 -180
0 -180 0 -180 0 0 0 180 0.0144566 49.956 0 -0 0 -0 0 -0 0 180
0 180 0 0 0 180 0 -180 0.184356 -115.993 0 -180 0 -180 0 0 0 -180
0 -180 0 0 0 -180 0 180 0.807532 34.3553 0 -180 0 180 0 -0 0 180
inside=1 lambda=0.647 phi=20 theta=45
0 180 0 -180 0 -180 0 0 0.176647 -115.685 0 0 0 180 0 -180 0 -180
0 -180 0 -180 0 180 0 0 0.815575 34.4957 0 -0 0 -180 0 -180 0 180
0 180 0 -0 0 0 0 -180 0.0155586 56.0687 0 0 0 -0 0 180 0 -180
0 -180 0 180 0 -0 0 -180 0.0166976 49.9863 0 -0 0 0 0 -0 0 180
0 180 0 -180 0 -0 0 -0 0.0155586 56.0687 0 180 0 0 0 0 0 -180
0 -180 0 -180 0 0 0 180 0.0166976 49.9863 0 -0 0 -0 0 -0 0 180
0 180 0 0 0 180 0 -180 0.176647 -115.685 0 -180 0 -180 0 0 0 -180
0 -180 0 0 0 -180 0 -180 0.815575 34.4957 0 -180 0 180 0 -0 0 180
inside=1 lambda=0.647 phi=25 theta=0
0 180 0 180 0 -180 0 -0 0.155722 -139.877 0 0 0 180 0 180 0 -180
0 -180 0 -180 0 180 0 0 0.84103 21.9403 0 -0 0 -180 0 -180 0 180
0 180 0 -0 0 0 0 180 2.42781e-13 -49.7886 0 180 0 -0 0 180 0 -180
0 -180 0 180 0 -0 0 0 2.83397e-13 105.81 0 -0 0 0 0 -0 0 180
0 -180 0 -180 0 0 0 180 2.22363e-13 -80.1044 0 180 0 0 0 0 0 -180
0 180 0 180 0 -0 0 -0 4.42635e-13 120.496 0 180 0 -0 0 -0 0 180
0 -180 0 0 0 -180 0 -180 0.207131 -141.495 0 -180 0 -180 0 0 0 -180
0 180 0 -0 0 180 0 180 0.788843 21.0753 0 180 0 180 0 -0 0 180
inside=1 lambda=0.647 phi=25 theta=15
0 180 0 180 0 -180 0 -0 0.15916 -140.023 0 0 0 180 0 180 0 -180
0 -180 0 -180 0 180 0 0 0.837527 21.8855 0 -0 0 -180 0 -180 0 180
0 180 0 -0 0 0 0 -180 0.0129238 32.5276 0 0 0 -0 0 180 0 -180
0 -180 0 180 0 -0 0 -180 0.0135143 36.5853 0 -0 0 0 0 -0 0 180
0 -180 0 -180 0 -0 0 -0 0.0129221 32.6984 0 180 0 0 0 0 0 -180
0 -180 0 180 0 0 0 180 0.0134932 36.4058 0 -0 0 -0 0 -0 0 180
0 -180 0 0 0 180 0 -180 0.203683 -141.416 0 -180 0 -180 0 0 0 -180
0 -180 0 -0 0 -180 0 180 0.792331 21.1367 0 180 0 180 0 -0 0 180
inside=1 lambda=0.647 phi=25 theta=30
0 180 0 -180 0 -180 0 -0 0.168557 -140.388 0 0 0 180 0 180 0 -180
0 -180 0 180 0 180 0 0 0.827961 21.7338 0 -0 0 -180 0 -180 0 180
0 180 0 -0 0 0 0 -180 0.0223848 32.5668 0 0 0 -0 0 180 0 -180
0 -180 0 180 0 -0 0 -180 0.0233979 36.5337 0 -0 0 0 0 -0 0 180
0 180 0 -180 0 -0 0 -0 0.0223831 32.6646 0 180 0 0 0 0 0 -180
0 -180 0 -180 0 0 0 180 0.023377 36.4307 0 -0 0 -0 0 -0 0 180
0 180 0 0 0 180 0 -180 0.194265 -141.184 0 -180 0 -180 0 0 0 -180
0 -180 0 0 0 -180 0 180 0.801867 21.3018 0 180 0 180 0 -0 0 180
inside=1 lambda=0.647 phi=25 theta=45
0 180 0 -180 0 -180 0 0 0.181406 -140.819 0 0 0 180 0 180 0 -180
0 -180 0 180 0 180 0 0 0.814907 21.5211 0 -0 0 -180 0 -180 0 180
0 180 0 -0 0 0 0 -180 0.0258471 32.617 0 0 0 -0 0 180 0 -180
0 -180 0 180 0 -0 0 -180 0.0270046 36.4757 0 -0 0 0 0 -0 0 180
0 180 0 -180 0 -0 0 -0 0.0258471 32.617 0 180 0 0 0 0 0 -180
0 -180 0 -180 0 0 0 180 0.0270046 36.4757 0 -0 0 -0 0 -0 0 180
0 180 0 0 0 180 0 -180 0.181406 -140.819 0 180 0 -180 0 0 0 -180
0 -180 0 0 0 -180 0 180 0.814907 21.5211 0 -180 0 180 0 -0 0 180
inside=1 lambda=0.647 phi=30 theta=0
0 180 0 180 0 -180 0 -0 0.145829 -169.619 0 0 0 180 0 180 0 -180
0 -180 0 -180 0 180 0 0 0.853656 6.53262 0 -0 0 -180 0 -180 0 180
0 180 0 -0 0 0 0 -180 8.48368e-13 102.09 0 180 0 -0 0 180 0 -180
0 -180 0 180 0 -0 0 0 1.94533e-12 -83.1074 0 0 0 0 0 -0 0 180
0 -180 0 -180 0 0 0 180 9.15989e-13 100.189 0 -0 0 0 0 0 0 -180
0 180 0 180 0 -0 0 -180 2.28576e-12 -84.7655 0 0 0 -0 0 -0 0 180
0 -180 0 0 0 -180 0 -180 0.223832 -170.963 0 -180 0 -180 0 0 0 -180
0 180 0 -0 0 180 0 180 0.775431 5.31933 0 180 0 180 0 -0 0 180
inside=1 lambda=0.647 phi=30 theta=15
0 180 0 180 0 -180 0 -0 0.151047 -169.766 0 0 0 180 0 180 0 -180
0 -180 0 -180 0 180 0 0 0.848401 6.45769 0 -0 0 -180 0 -180 0 180
0 180 0 -0 0 0 0 -180 0.0195409 5.22882 0 0 0 -0 0 180 0 -180
0 -180 0 180 0 -0 0 180 0.0201938 20.2735 0 -0 0 0 0 -0 0 180
0 -180 0 -180 0 0 0 -0 0.0195378 5.51301 0 180 0 0 0 0 0 -180
0 180 0 180 0 0 0 180 0.0201491 20.0104 0 -0 0 -0 0 -0 0 180
0 -180 0 0 0 180 0 -180 0.218605 -170.914 0 -180 0 -180 0 0 0 -180
0 180 0 -0 0 -180 0 180 0.780656 5.40771 0 180 0 180 0 -0 0 180
inside=1 lambda=0.647 phi=30 theta=30
0 180 0 180 0 -180 0 -0 0.165312 -170.111 0 0 0 180 0 180 0 -180
0 -180 0 180 0 180 0 0 0.834055 6.24888 0 -0 0 -180 0 -180 0 180
0 180 0 -0 0 0 0 -180 0.033848 5.29472 0 0 0 -0 0 180 0 -180
0 -180 0 180 0 -0 0 180 0.034955 20.188 0 -0 0 0 0 -0 0 180
0 180 0 -180 0 -0 0 -0 0.0338451 5.45615 0 180 0 0 0 0 0 -180
0 -180 0 180 0 0 0 180 0.0349113 20.0379 0 -0 0 -0 0 -0 0 180
0 180 0 0 0 180 0 -180 0.204323 -170.757 0 -180 0 -180 0 0 0 -180
0 -180 0 -0 0 -180 0 180 0.794942 5.64354 0 180 0 180 0 -0 0 180
inside=1 lambda=0.647 phi=30 theta=45
0 180 0 -180 0 -180 0 -0 0.184813 -170.48 0 0 0 180 0 180 0 -180
0 -180 0 180 0 180 0 0 0.814483 5.95298 0 -0 0 -180 0 180 0 180
0 180 0 -0 0 0 0 -180 0.0390844 5.37771 0 0 0 -0 0 180 0 -180
0 -180 0 180 0 -0 0 180 0.0403346 20.0988 0 -0 0 0 0 -0 0 180
0 180 0 -180 0 -0 0 -0 0.0390844 5.37771 0 180 0 0 0 0 0 -180
0 -180 0 180 0 0 0 180 0.0403346 20.0988 0 -0 0 -0 0 -0 0 180
0 180 0 -0 0 180 0 -180 0.184813 -170.48 0 180 0 -180 0 0 0 -180
0 -180 0 0 0 -180 0 180 0.814483 5.95298 0 180 0 180 0 -0 0 180
inside=1 lambda=0.647 phi=35 theta=0
0 180 0 180 0 -180 0 -0 0.130823 155.375 0 0 0 180 0 180 0 -180
0 -180 0 -180 0 180 0 0 0.870169 -11.3029 0 -0 0 -180 0 -180 0 180
0 180 0 -0 0 0 0 180 1.71656e-13 -126.227 0 -0 0 -0 0 180 0 -180
0 -180 0 0 0 -0 0 -180 3.36343e-13 82.647 0 180 0 0 0 -180 0 180
0 -180 0 -180 0 0 0 180 7.28091e-14 -129.769 0 -180 0 0 0 0 0 -180
0 180 0 180 0 -0 0 -0 4.01956e-13 71.9301 0 -0 0 -0 0 -0 0 180
0 -180 0 0 0 -180 0 -180 0.239093 155.417 0 -180 0 -180 0 0 0 -180
0 180 0 -0 0 180 0 180 0.759488 -12.8895 0 180 0 180 0 -0 0 180
inside=1 lambda=0.647 phi=35 theta=15
0 180 0 180 0 -180 0 -0 0.138067 155.351 0 0 0 180 0 180 0 -180
0 -180 0 180 0 180 0 0 0.862728 -11.3987 0 -0 0 -180 0 -180 0 180
0 180 0 -0 0 0 0 -180 0.0270999 -26.1003 0 0 0 -0 0 180 0 -180
0 -180 0 0 0 -0 0 180 0.0284882 1.47145 0 -0 0 0 0 -180 0 180
0 -180 0 -180 0 0 0 -0 0.0270901 -25.649 0 0 0 0 0 0 0 -180
0 180 0 180 0 -0 0 0 0.0284034 1.09904 0 -180 0 -0 0 -0 0 180
0 -180 0 0 0 -180 0 -180 0.231851 155.391 0 -180 0 -180 0 0 0 -180
0 180 0 -0 0 180 0 180 0.766873 -12.7705 0 180 0 180 0 -0 0 180
inside=1 lambda=0.647 phi=35 theta=30
0 180 0 180 0 -180 0 -0 0.157875 155.31 0 0 0 180 0 180 0 -180
0 -180 0 180 0 180 0 0 0.842419 -11.6663 0 -0 0 -180 0 180 0 180
0 180 0 -0 0 0 0 -180 0.0469476 -25.9941 0 0 0 -0 0 180 0 -180
0 -180 0 0 0 -0 0 180 0.0492981 1.33228 0 -0 0 0 0 -180 0 180
0 -180 0 -180 0 -0 0 -0 0.0469388 -25.7412 0 180 0 0 0 0 0 -180
0 180 0 180 0 0 0 0 0.0492175 1.12177 0 -180 0 -0 0 -0 0 180
0 180 0 0 0 180 0 -180 0.212042 155.337 0 -180 0 -180 0 0 0 -180
0 -180 0 -0 0 -180 0 180 0.787074 -12.4559 0 180 0 180 0 -0 0 180
inside=1 lambda=0.647 phi=35 theta=45
0 180 0 -180 0 -180 0 -0 0.184958 155.301 0 0 0 180 0 180 0 -180
0 -180 0 180 0 180 0 -0 0.81472 -12.0492 0 -0 0 -180 0 180 0 180
0 180 0 -0 0 0 0 -180 0.0542121 -25.8641 0 0 0 -0 0 180 0 -180
0 -180 0 0 0 -0 0 180 0.0568714 1.19925 0 -0 0 0 0 -180 0 180
0 180 0 -180 0 -0 0 -0 0.0542121 -25.8641 0 180 0 0 0 0 0 -180
0 -180 0 180 0 0 0 0 0.0568714 1.19925 0 -180 0 -0 0 -0 0 180
0 180 0 -0 0 180 0 -180 0.184958 155.301 0 180 0 -180 0 0 0 -180
0 -180 0 -0 0 -180 0 180 0.81472 -12.0492 0 180 0 180 0 -0 0 180
inside=1 lambda=0.647 phi=40 theta=0
0 180 0 180 0 -180 0 -0 0.112427 114.362 0 0 0 180 0 180 0 -180
0 -180 0 180 0 0 0 -0 0.891093 -31.3669 0 -180 0 -180 0 180 0 0
0 180 0 -0 0 0 0 -0 1.13769e-13 -86.265 0 -0 0 -0 0 180 0 -180
0 -180 0 0 0 -180 0 180 1.15384e-13 -48.7098 0 0 0 0 0 -180 0 0
0 -180 0 -180 0 0 0 180 4.94185e-14 159.764 0 -0 0 0 0 0 0 -180
0 180 0 180 0 -0 0 180 5.22286e-14 -151.943 0 0 0 -0 0 -0 0 180
0 -180 0 0 0 -180 0 -180 0.249363 117.063 0 -180 0 -180 0 0 0 -180
0 180 0 -0 0 180 0 180 0.74136 -33.4 0 180 0 180 0 -0 0 180
inside=1 lambda=0.647 phi=40 theta=15
0 180 0 180 0 -180 0 -0 0.121557 114.673 0 0 0 180 0 180 0 -180
0 -180 0 180 0 0 0 -0 0.881018 -31.4883 0 -180 0 -180 0 180 0 0
0 180 0 -0 0 0 0 -180 0.0344094 -62.643 0 0 0 -0 0 180 0 -180
0 -180 0 0 0 -180 0 180 0.0385008 -19.2257 0 -180 0 0 0 -180 0 0
0 -180 0 -180 0 0 0 -0 0.0343697 -61.9515 0 0 0 0 0 0 0 -180
0 180 0 180 0 -0 0 0 0.0383467 -19.7448 0 -180 0 -0 0 -0 0 180
0 -180 0 0 0 -180 0 -180 0.24023 116.931 0 -180 0 -180 0 0 0 -180
0 180 0 -0 0 180 0 180 0.751334 -33.2433 0 180 0 180 0 -0 0 180
inside=1 lambda=0.647 phi=40 theta=30
0 180 0 180 0 -180 0 -0 0.14659 115.347 0 0 0 180 0 180 0 -180
0 -180 0 180 0 0 0 -0 0.853523 -31.8253 0 -180 0 -180 0 180 0 0
0 180 0 -0 0 0 0 -180 0.0596255 -62.4748 0 0 0 -0 0 180 0 -180
0 180 0 0 0 -180 0 180 0.0665944 -19.4524 0 -180 0 0 0 -180 0 0
0 -180 0 -180 0 -0 0 -0 0.0595902 -62.0954 0 180 0 0 0 0 0 -180
0 180 0 180 0 -0 0 0 0.0664549 -19.7419 0 -180 0 -0 0 -0 0 180
0 180 0 0 0 180 0 -180 0.215181 116.568 0 -180 0 -180 0 0 0 -180
0 180 0 -0 0 -180 0 180 0.778638 -32.8324 0 180 0 0 0 -180 0 0
inside=1 lambda=0.647 phi=40 theta=45
0 180 0 -180 0 -180 0 -0 0.18088 116.026 0 0 0 180 0 180 0 -180
0 -180 0 180 0 0 0 -0 0.816035 -32.3098 0 -180 0 -180 0 180 0 0
0 180 0 -0 0 0 0 -180 0.0688496 -62.2788 0 0 0 -0 0 180 0 -180
0 180 0 0 0 -180 0 180 0.0768018 -19.6484 0 -180 0 0 0 -180 0 0
0 180 0 -180 0 -0 0 -0 0.0688496 -62.2788 0 180 0 0 0 0 0 -180
0 180 0 180 0 0 0 0 0.0768018 -19.6484 0 -180 0 -180 0 -180 0 0
0 180 0 -0 0 180 0 -180 0.18088 116.026 0 180 0 -180 0 0 0 -180
0 -180 0 -0 0 -180 0 180 0.816035 -32.3098 0 180 0 0 0 -180 0 0
inside=1 lambda=0.647 phi=45 theta=0
0 180 0 180 0 -180 0 -0 0.0948337 67.8965 0 0 0 180 0 180 0 -180
0 -180 0 180 0 0 0.00572025 -114.659 0.917002 -53.3701 0 -180 0 -180 0 180 0 0
0 180 0 -0 0 0 0 180 8.82252e-14 -139.482 0 -180 0 -0 0 180 0 -180
0 180 0 0 0 -180 2.36336e-13 -5.6316 1.87946e-13 -120.981 0 0 0 -0 0 -180 0 0
0 -180 0 -180 0 0 0 180 2.39928e-13 -41.4159 0 -180 0 0 0 0 0 -180
0 180 0 180 0 -0 7.25579e-15 124.963 7.0604e-13 -144.23 0 0 0 -0 0 -0 0 180
0 -180 0 0 0 -180 0 -180 0.253537 72.4653 0 -180 0 -180 0 0 0 -180
0 180 0 -0 0 180 0.0351189 83.6343 0.720713 -56.1004 0 180 0 180 0 -0 0 180
inside=1 lambda=0.647 phi=45 theta=15
0 180 0 180 0 -180 0 -0 0.105129 68.498 0 0 0 180 0 180 0 -180
0 -180 0 180 0 0 0 -0 0.903941 -53.5434 0 -180 0 -180 0 180 0 0
0 180 0 -0 0 0 0 180 0.0402666 -107.128 0 0 0 -0 0 180 0 -180
0 180 0 0 0 -180 0 180 0.0506541 -41.1181 0 -180 0 -0 0 -180 0 0
0 -180 0 -180 0 0 0 -0 0.0401193 -106.107 0 180 0 0 0 0 0 -180
0 180 0 180 0 -0 0 0 0.0503544 -41.8285 0 -180 0 -180 0 -180 0 0
0 -180 0 0 0 180 0 -180 0.243135 72.2843 0 -180 0 -180 0 0 0 -180
0 180 0 -0 0 180 0 0 0.733825 -55.8923 0 180 0 0 0 -180 0 0
inside=1 lambda=0.647 phi=45 theta=30
0 180 0 180 0 -180 0 -0 0.134158 69.7553 0 0 0 180 0 180 0 -180
0 180 0 180 0 0 0 -0 0.867828 -53.9914 0 -180 0 -180 0 180 0 0
0 180 0 -0 0 0 0 180 0.06981 -106.854 0 0 0 -0 0 180 0 -180
0 180 0 0 0 -180 0 180 0.0875319 -41.4914 0 -180 0 -0 0 -180 0 0
0 180 0 -180 0 -0 0 -0 0.0696821 -106.315 0 180 0 0 0 0 0 -180
0 180 0 180 0 -0 0 0 0.087287 -41.8817 0 -180 0 -180 0 -180 0 0
0 180 0 -0 0 180 0 -180 0.214068 71.7312 0 180 0 -180 0 0 0 -180
0 180 0 -0 0 180 0 180 0.769574 -55.3316 0 180 0 0 0 -180 0 0
inside=1 lambda=0.647 phi=45 theta=45
0 180 0 180 0 -180 0 -0 0.174104 70.8888 0 0 0 180 0 180 0 -180
0 180 0 180 0 0 0 -0 0.818616 -54.6308 0 -180 0 -180 0 180 0 0
0 180 0 -0 0 0 0 180 0.0805852 -106.57 0 0 0 -0 0 180 0 -180
0 180 0 0 0 -180 0 180 0.1009 -41.7763 0 -180 0 -0 0 -180 0 0
0 180 0 180 0 -0 0 -0 0.0805852 -106.57 0 180 0 0 0 0 0 -180
0 180 0 180 0 -0 0 0 0.1009 -41.7763 0 -180 0 -180 0 -180 0 0
0 180 0 -0 0 180 0 180 0.174104 70.8888 0 180 0 -180 0 0 0 -180
0 180 0 -0 0 -180 0 180 0.818616 -54.6308 0 180 0 0 0 -180 0 0
