RSoft_BSDF_File_Version 2
1 0 5 2 1 0.0914286
0.3 0.3
-1 1
-1 1
1 0.647 0.647
10 0 45 0.5
4 0 45
Begin_Dispersion_Data
0.647 1.45662 0 1 0 0
End_Dispersion_Data
inside=0 lambda=0.647 phi=0 theta=0
0 -180 0 -180 0 -180 0 0 0.124813 22.7534 0 0 0 -180 0 -180 0 -180
0 -180 0 -180 0 -180 0 0 1.19747 56.2246 0 0 0 -180 0 -180 0 -180
0 -180 0 -0 0 0 0 -180 1.51671e-12 51.5143 0 -180 0 0 0 0 0 -180
0 -180 0 -0 0 0 0 -180 1.67369e-12 -36.0841 0 -180 0 0 0 0 0 -180
0 -180 0 -0 0 0 0 -0 1.64849e-12 117.993 0 -0 0 0 0 -180 0 -180
0 -180 0 -0 0 0 0 -180 1.81503e-12 28.2407 0 -180 0 0 0 -180 0 -180
0 -180 0 0 0 -180 0 -180 0.124813 22.7534 0 -180 0 -180 0 0 0 -180
0 -180 0 0 0 -180 0 -180 1.19747 56.2246 0 -180 0 -180 0 0 0 -180
inside=0 lambda=0.647 phi=0 theta=15
0 -180 0 -180 0 -180 0 0 0.124813 22.7534 0 0 0 -180 0 -180 0 -180
0 -180 0 -180 0 -180 0 0 1.19747 56.2246 0 0 0 -180 0 -180 0 -180
0 -180 0 -0 0 0 0 -180 1.51671e-12 51.5143 0 -180 0 0 0 0 0 -180
0 -180 0 -0 0 0 0 -180 1.67369e-12 -36.0841 0 -180 0 0 0 0 0 -180
0 -180 0 -0 0 0 0 -0 1.64849e-12 117.993 0 -0 0 0 0 -180 0 -180
0 -180 0 -0 0 0 0 -180 1.81503e-12 28.2407 0 -180 0 0 0 -180 0 -180
0 -180 0 0 0 -180 0 -180 0.124813 22.7534 0 -180 0 -180 0 0 0 -180
0 -180 0 0 0 -180 0 -180 1.19747 56.2246 0 -180 0 -180 0 0 0 -180
inside=0 lambda=0.647 phi=0 theta=30
0 -180 0 -180 0 -180 0 0 0.124813 22.7534 0 0 0 -180 0 -180 0 -180
0 -180 0 -180 0 -180 0 0 1.19747 56.2246 0 0 0 -180 0 -180 0 -180
0 -180 0 -0 0 0 0 -180 1.51671e-12 51.5143 0 -180 0 0 0 0 0 -180
0 -180 0 -0 0 0 0 -180 1.67369e-12 -36.0841 0 -180 0 0 0 0 0 -180
0 -180 0 -0 0 0 0 -0 1.64849e-12 117.993 0 -0 0 0 0 -180 0 -180
0 -180 0 -0 0 0 0 -180 1.81503e-12 28.2407 0 -180 0 0 0 -180 0 -180
0 -180 0 0 0 -180 0 -180 0.124813 22.7534 0 -180 0 -180 0 0 0 -180
0 -180 0 0 0 -180 0 -180 1.19747 56.2246 0 -180 0 -180 0 0 0 -180
inside=0 lambda=0.647 phi=0 theta=45
0 -180 0 -180 0 -180 0 0 0.124813 22.7534 0 0 0 -180 0 -180 0 -180
0 -180 0 -180 0 -180 0 0 1.19747 56.2246 0 0 0 -180 0 -180 0 -180
0 -180 0 -0 0 0 0 -180 1.51671e-12 51.5143 0 -180 0 0 0 0 0 -180
0 -180 0 -0 0 0 0 -180 1.67369e-12 -36.0841 0 -180 0 0 0 0 0 -180
0 -180 0 -0 0 0 0 -0 1.64849e-12 117.993 0 -0 0 0 0 -180 0 -180
0 -180 0 -0 0 0 0 -180 1.81503e-12 28.2407 0 -180 0 0 0 -180 0 -180
0 -180 0 0 0 -180 0 -180 0.124813 22.7534 0 -180 0 -180 0 0 0 -180
0 -180 0 0 0 -180 0 -180 1.19747 56.2246 0 -180 0 -180 0 0 0 -180
inside=0 lambda=0.647 phi=5 theta=0
0 -180 0 -180 0 -180 0 0 0.124232 22.6202 0 0 0 -180 0 -180 0 -180
0 -180 0 -180 0 -180 0 0 1.19498 55.8644 0 0 0 -180 0 -180 0 -180
0 -180 0 -180 0 0 0 -180 1.80678e-13 43.0506 0 -0 0 0 0 0 0 -180
0 -180 0 180 0 0 0 -180 4.62459e-13 -39.5352 0 -0 0 0 0 -0 0 -180
0 -180 0 -180 0 0 0 -180 1.72327e-13 -19.1848 0 -0 0 0 0 0 0 -180
0 -180 0 -180 0 0 0 180 2.94508e-13 -76.6834 0 0 0 0 0 0 0 -180
0 -180 0 0 0 -180 0 -180 0.126708 22.8754 0 -180 0 -180 0 0 0 -180
0 -180 0 0 0 -180 0 -180 1.19976 55.8464 0 -180 0 -180 0 0 0 -180
inside=0 lambda=0.647 phi=5 theta=15
0 -180 0 -180 0 -180 0 0 0.124398 22.6375 0 0 0 -180 0 -180 0 -180
0 -180 0 -180 0 -180 0 0 1.1953 55.8631 0 0 0 -180 0 -180 0 -180
0 -180 0 -180 0 0 0 -180 0.000647459 -146.962 0 0 0 0 0 0 0 -180
0 -180 0 180 0 0 0 -180 0.00120028 -130.241 0 0 0 0 0 -0 0 -180
0 -180 0 -180 0 0 0 -180 0.00064737 -146.946 0 0 0 0 0 0 0 -180
0 -180 0 -180 0 0 0 180 0.00120007 -130.229 0 -0 0 0 0 0 0 -180
0 -180 0 0 0 -180 0 -180 0.126542 22.8585 0 -180 0 -180 0 0 0 -180
0 -180 0 0 0 -180 0 -180 1.19944 55.8475 0 -180 0 -180 0 0 0 -180
inside=0 lambda=0.647 phi=5 theta=30
0 -180 0 -180 0 -180 0 0 0.124851 22.6847 0 0 0 -180 0 -180 0 -180
0 -180 0 -180 0 -180 0 0 1.19617 55.8598 0 0 0 -180 0 -180 0 -180
0 -180 0 -180 0 0 0 -180 0.0011214 -146.959 0 0 0 0 0 0 0 -180
0 -180 0 180 0 0 0 -180 0.00207886 -130.238 0 0 0 0 0 -0 0 -180
0 -180 0 -180 0 0 0 -180 0.00112131 -146.95 0 0 0 0 0 0 0 -180
0 -180 0 -180 0 0 0 180 0.00207865 -130.231 0 -0 0 0 0 0 0 -180
0 -180 0 0 0 -180 0 -180 0.126089 22.8122 0 -180 0 -180 0 0 0 -180
0 -180 0 0 0 -180 0 -180 1.19856 55.8508 0 -180 0 -180 0 0 0 -180
inside=0 lambda=0.647 phi=5 theta=45
0 -180 0 -180 0 -180 0 0 0.12547 22.7487 0 0 0 -180 0 -180 0 -180
0 -180 0 -180 0 -180 0 0 1.19737 55.8553 0 0 0 -180 0 -180 0 -180
0 -180 0 -180 0 0 0 -180 0.00129483 -146.954 0 0 0 0 0 0 0 -180
0 -180 0 180 0 0 0 -180 0.00240034 -130.235 0 0 0 0 0 -0 0 -180
0 -180 0 -180 0 0 0 -180 0.00129483 -146.954 0 0 0 0 0 0 0 -180
0 -180 0 -180 0 0 0 180 0.00240034 -130.235 0 -0 0 0 0 0 0 -180
0 -180 0 0 0 -180 0 -180 0.12547 22.7487 0 -180 0 -180 0 0 0 -180
0 -180 0 0 0 -180 0 -180 1.19737 55.8553 0 -180 0 -180 0 0 0 -180
inside=0 lambda=0.647 phi=10 theta=0
0 -180 0 -180 0 -180 0 0 0.122256 22.1599 0 0 0 -180 0 -180 0 -180
0 -180 0 -180 0 -180 0 0 1.18727 54.7822 0 0 0 -180 0 -180 0 -180
0 -180 0 -180 0 0 0 180 5.0074e-13 -139.874 0 -0 0 0 0 0 0 -180
0 -180 0 180 0 0 0 180 4.25557e-13 -134.877 0 -0 0 0 0 -0 0 -180
0 -180 0 -180 0 0 0 -180 2.31016e-13 68.1881 0 -180 0 0 0 0 0 -180
0 -180 0 -180 0 0 0 -180 3.15213e-13 -29.9474 0 180 0 0 0 0 0 -180
0 -180 0 0 0 -180 0 -180 0.132642 23.225 0 -180 0 -180 0 0 0 -180
0 -180 0 0 0 -180 0 -180 1.2069 54.7066 0 -180 0 -180 0 0 0 -180
inside=0 lambda=0.647 phi=10 theta=15
0 -180 0 -180 0 -180 0 0 0.122952 22.2355 0 0 0 -180 0 -180 0 -180
0 -180 0 -180 0 -180 0 0 1.18858 54.7769 0 0 0 -180 0 -180 0 -180
0 -180 0 -180 0 0 0 -180 0.00271449 -146.807 0 0 0 0 0 0 0 -180
0 -180 0 180 0 0 0 -180 0.0049281 -131.431 0 0 0 0 0 -0 0 -180
0 -180 0 -180 0 0 0 -180 0.00271309 -146.747 0 0 0 0 0 0 0 -180
0 -180 0 -180 0 0 0 180 0.00492459 -131.384 0 -0 0 0 0 0 0 -180
0 -180 0 0 0 -180 0 -180 0.131946 23.1574 0 -180 0 -180 0 0 0 -180
0 -180 0 0 0 -180 0 -180 1.20559 54.7114 0 -180 0 -180 0 0 0 -180
inside=0 lambda=0.647 phi=10 theta=30
0 -180 0 -180 0 -180 0 0 0.124851 22.4385 0 0 0 -180 0 -180 0 -180
0 -180 0 -180 0 -180 0 0 1.19217 54.7626 0 0 0 -180 0 -180 0 -180
0 -180 0 -180 0 0 0 -180 0.00470115 -146.795 0 0 0 0 0 0 0 -180
0 -180 0 180 0 0 0 -180 0.00853435 -131.42 0 0 0 0 0 -0 0 -180
0 -180 0 -180 0 0 0 -180 0.00469975 -146.76 0 0 0 0 0 0 0 -180
0 -180 0 -180 0 0 0 180 0.00853084 -131.393 0 -0 0 0 0 0 0 -180
0 -180 0 0 0 -180 0 -180 0.130045 22.9703 0 -180 0 -180 0 0 0 -180
0 -180 0 0 0 -180 0 -180 1.20199 54.7248 0 -180 0 -180 0 0 0 -180
inside=0 lambda=0.647 phi=10 theta=45
0 -180 0 -180 0 -180 0 0 0.127448 22.7083 0 0 0 -180 0 -180 0 -180
0 -180 0 -180 0 -180 0 0 1.19708 54.7434 0 0 0 -180 0 -180 0 -180
0 -180 0 -180 0 0 0 -180 0.00542763 -146.778 0 0 0 0 0 0 0 -180
0 -180 0 180 0 0 0 -180 0.00985255 -131.406 0 0 0 0 0 -0 0 -180
0 -180 0 -180 0 0 0 -180 0.00542763 -146.778 0 0 0 0 0 0 0 -180
0 -180 0 -180 0 0 0 180 0.00985255 -131.406 0 -0 0 0 0 0 0 -180
0 -180 0 0 0 -180 0 -180 0.127448 22.7083 0 -180 0 -180 0 0 0 -180
0 -180 0 0 0 -180 0 -180 1.19708 54.7434 0 -180 0 -180 0 0 0 -180
inside=0 lambda=0.647 phi=15 theta=0
0 180 0 -180 0 -180 0 0 0.118113 21.1633 0 0 0 180 0 -180 0 -180
0 -180 0 -180 0 -180 0 0 1.17356 52.9727 0 0 0 -180 0 -180 0 -180
0 180 0 -180 0 0 0 -180 4.46042e-13 -52.8316 0 0 0 -0 0 0 0 -180
0 -180 0 180 0 0 0 -180 2.9954e-13 -45.0036 0 0 0 0 0 -0 0 -180
0 -180 0 -180 0 0 0 -0 3.8804e-13 85.1517 0 0 0 0 0 0 0 -180
0 -180 0 -180 0 0 0 -0 6.42091e-13 39.4564 0 -0 0 0 0 0 0 -180
0 -180 0 0 0 -180 0 -180 0.143433 23.7559 0 -180 0 -180 0 0 0 -180
0 -180 0 0 0 -180 0 -180 1.21976 52.7885 0 -180 0 -180 0 0 0 -180
inside=0 lambda=0.647 phi=15 theta=15
0 180 0 -180 0 -180 0 0 0.119804 21.3638 0 0 0 180 0 -180 0 -180
0 -180 0 -180 0 -180 0 0 1.17665 52.9589 0 0 0 -180 0 -180 0 -180
0 -180 0 -180 0 0 0 -180 0.00661497 -146.613 0 0 0 -0 0 0 0 -180
0 -180 0 180 0 0 0 -180 0.0116038 -133.421 0 0 0 0 0 -0 0 -180
0 -180 0 -180 0 0 0 -180 0.00660797 -146.486 0 0 0 0 0 0 0 -180
0 -180 0 -180 0 0 0 180 0.0115841 -133.318 0 -0 0 0 0 0 0 -180
0 -180 0 0 0 -180 0 -180 0.141735 23.6034 0 -180 0 -180 0 0 0 -180
0 -180 0 0 0 -180 0 -180 1.21666 52.7994 0 -180 0 -180 0 0 0 -180
inside=0 lambda=0.647 phi=15 theta=30
0 180 0 -180 0 -180 0 0 0.124429 21.8879 0 0 0 180 0 -180 0 -180
0 -180 0 -180 0 -180 0 0 1.1851 52.9224 0 0 0 -180 0 -180 0 -180
0 -180 0 -180 0 0 0 -180 0.0114552 -146.592 0 0 0 0 0 0 0 -180
0 -180 0 180 0 0 0 -180 0.0200899 -133.394 0 0 0 0 0 -0 0 -180
0 -180 0 -180 0 0 0 -180 0.0114483 -146.519 0 0 0 0 0 0 0 -180
0 -180 0 -180 0 0 0 180 0.0200706 -133.335 0 -0 0 0 0 0 0 -180
0 -180 0 0 0 -180 0 -180 0.137094 23.1745 0 -180 0 -180 0 0 0 -180
0 -180 0 0 0 -180 0 -180 1.2082 52.8303 0 -180 0 -180 0 0 0 -180
inside=0 lambda=0.647 phi=15 theta=45
0 -180 0 -180 0 -180 0 0 0.130758 22.5549 0 0 0 180 0 -180 0 -180
0 -180 0 -180 0 -180 0 0 1.19665 52.8749 0 0 0 -180 0 -180 0 -180
0 -180 0 -180 0 0 0 -180 0.0132235 -146.559 0 0 0 0 0 0 0 -180
0 -180 0 180 0 0 0 -180 0.0231861 -133.362 0 0 0 0 0 -0 0 -180
0 -180 0 -180 0 0 0 -180 0.0132235 -146.559 0 0 0 0 0 0 0 -180
0 -180 0 -180 0 0 0 180 0.0231861 -133.362 0 -0 0 0 0 0 0 -180
0 -180 0 0 0 180 0 -180 0.130758 22.5549 0 -180 0 -180 0 0 0 -180
0 -180 0 0 0 -180 0 -180 1.19665 52.8749 0 -180 0 -180 0 0 0 -180
inside=0 lambda=0.647 phi=20 theta=0
0 180 0 -180 0 -180 0 -0 0.110256 19.1373 0 0 0 180 0 -180 0 -180
0 -180 0 -180 0 -180 0 0 1.15226 50.4228 0 0 0 -180 0 -180 0 -180
0 180 0 -180 0 0 0 -0 6.1175e-13 -118.446 0 -180 0 -0 0 0 0 -180
0 -180 0 180 0 0 0 -0 8.08793e-13 -153.38 0 -180 0 0 0 -0 0 -180
0 -180 0 -180 0 0 0 -0 2.58031e-13 118.213 0 0 0 0 0 0 0 -180
0 -180 0 -180 0 0 0 -0 5.20164e-13 57.0028 0 180 0 0 0 0 0 -180
0 -180 0 0 0 -180 0 -180 0.160724 24.4012 0 -180 0 -180 0 0 0 -180
0 -180 0 0 0 -180 0 -180 1.2401 50.0576 0 -180 0 -180 0 0 0 -180
inside=0 lambda=0.647 phi=20 theta=15
0 180 0 -180 0 -180 0 -0 0.113601 19.6105 0 0 0 180 0 -180 0 -180
0 -180 0 -180 0 -180 0 0 1.15814 50.393 0 0 0 -180 0 -180 0 -180
0 180 0 -180 0 0 0 -180 0.0131972 -146.46 0 0 0 -0 0 0 0 -180
0 -180 0 180 0 0 0 -180 0.0220868 -136.225 0 0 0 0 0 -0 0 -180
0 -180 0 -180 0 0 0 -180 0.0131748 -146.253 0 0 0 0 0 0 0 -180
0 -180 0 -180 0 0 0 180 0.022014 -136.052 0 -0 0 0 0 0 0 -180
0 -180 0 0 0 -180 0 -180 0.157331 24.1269 0 -180 0 -180 0 0 0 -180
0 -180 0 0 0 -180 0 -180 1.2342 50.0767 0 -180 0 -180 0 0 0 -180
inside=0 lambda=0.647 phi=20 theta=30
0 180 0 -180 0 -180 0 -0 0.122782 20.7838 0 0 0 180 0 -180 0 -180
0 -180 0 -180 0 -180 0 0 1.1742 50.3158 0 0 0 -180 0 -180 0 -180
0 180 0 -180 0 0 0 -180 0.0228519 -146.438 0 0 0 -0 0 0 0 -180
0 -180 0 180 0 0 0 -180 0.0382203 -136.171 0 0 0 0 0 -0 0 -180
0 -180 0 -180 0 0 0 -180 0.02283 -146.321 0 0 0 0 0 0 0 -180
0 -180 0 -180 0 0 0 180 0.038151 -136.073 0 -0 0 0 0 0 0 -180
0 -180 0 0 0 180 0 -180 0.148055 23.3437 0 -180 0 -180 0 0 0 -180
0 -180 0 0 0 -180 0 -180 1.21811 50.1331 0 -180 0 -180 0 0 0 -180
inside=0 lambda=0.647 phi=20 theta=45
0 180 0 -180 0 -180 0 0 0.135397 22.1593 0 0 0 180 0 -180 0 -180
0 -180 0 -180 0 -180 0 0 1.19614 50.2194 0 0 0 -180 0 -180 0 -180
0 -180 0 -180 0 0 0 -180 0.0263756 -146.391 0 0 0 -0 0 0 0 -180
0 -180 0 180 0 0 0 -180 0.0440894 -136.114 0 0 0 0 0 -0 0 -180
0 -180 0 -180 0 -0 0 -180 0.0263756 -146.391 0 0 0 0 0 0 0 -180
0 -180 0 -180 0 0 0 180 0.0440894 -136.114 0 -0 0 0 0 0 0 -180
0 180 0 0 0 180 0 -180 0.135397 22.1593 0 -180 0 -180 0 0 0 -180
0 -180 0 0 0 -180 0 -180 1.19614 50.2194 0 -180 0 -180 0 0 0 -180
inside=0 lambda=0.647 phi=25 theta=0
0 180 0 180 0 -180 0 -0 0.0959119 14.7453 0 0 0 180 0 180 0 -180
0 -180 0 -180 0 180 0 0 1.12023 47.1072 0 -0 0 -180 0 -180 0 180
0 180 0 -180 0 0 0 -0 8.4013e-13 -179.645 0 -180 0 -0 0 0 0 -180
0 -180 0 180 0 -0 0 -180 4.06142e-13 146.959 0 -180 0 0 0 -0 0 180
0 -180 0 -180 0 0 0 0 5.91515e-13 103.504 0 180 0 0 0 0 0 -180
0 -180 0 -180 0 0 0 -180 3.73967e-13 -102.392 0 180 0 0 0 0 0 -180
0 -180 0 0 0 -180 0 -180 0.187614 25.1051 0 -180 0 -180 0 0 0 -180
0 -180 0 0 0 -180 0 -180 1.2713 46.4518 0 -180 0 -180 0 0 0 -180
inside=0 lambda=0.647 phi=25 theta=15
0 180 0 180 0 -180 0 -0 0.101846 15.9423 0 0 0 180 0 180 0 -180
0 -180 0 -180 0 180 0 0 1.13035 47.0452 0 -0 0 -180 0 -180 0 180
0 180 0 -180 0 0 0 -180 0.0241065 -146.415 0 0 0 -0 0 0 0 -180
0 -180 0 180 0 0 0 -180 0.0380544 -139.88 0 0 0 0 0 -0 0 180
0 -180 0 -180 0 0 0 -180 0.024046 -146.123 0 0 0 0 0 0 0 -180
0 -180 0 -180 0 0 0 180 0.0378218 -139.627 0 -0 0 0 0 0 0 -180
0 -180 0 0 0 -180 0 -180 0.181416 24.6543 0 -180 0 -180 0 0 0 -180
0 -180 0 0 0 -180 0 -180 1.26114 46.4774 0 -180 0 -180 0 0 0 -180
inside=0 lambda=0.647 phi=25 theta=30
0 180 0 -180 0 -180 0 -0 0.118355 18.6241 0 0 0 180 0 180 0 -180
0 -180 0 -180 0 -180 0 0 1.15795 46.8928 0 0 0 -180 0 -180 0 180
0 180 0 -180 0 0 0 -180 0.0417383 -146.427 0 0 0 -0 0 0 0 -180
0 -180 0 180 0 0 0 -180 0.0657781 -139.78 0 0 0 0 0 -0 0 -180
0 -180 0 -180 0 -0 0 -180 0.0416822 -146.269 0 0 0 0 0 0 0 -180
0 -180 0 -180 0 0 0 180 0.0655762 -139.641 0 -0 0 0 0 0 0 -180
0 180 0 0 0 180 0 -180 0.164447 23.3764 0 -180 0 -180 0 0 0 -180
0 -180 0 0 0 -180 0 -180 1.23343 46.5648 0 -180 0 -180 0 0 0 -180
inside=0 lambda=0.647 phi=25 theta=45
0 180 0 -180 0 -180 0 -0 0.141299 21.3284 0 0 0 180 0 -180 0 -180
0 -180 0 -180 0 -180 0 0 1.19567 46.714 0 0 0 -180 0 -180 0 -180
0 180 0 -180 0 0 0 -180 0.048167 -146.382 0 0 0 -0 0 0 0 -180
0 -180 0 180 0 0 0 -180 0.0758211 -139.692 0 0 0 0 0 -0 0 -180
0 180 0 -180 0 -0 0 -180 0.048167 -146.382 0 0 0 0 0 0 0 -180
0 -180 0 -180 0 0 0 180 0.0758211 -139.692 0 -0 0 0 0 0 0 -180
0 180 0 -0 0 180 0 -180 0.141299 21.3284 0 -180 0 -180 0 0 0 -180
0 -180 0 0 0 -180 0 -180 1.19567 46.714 0 -180 0 -180 0 0 0 -180
inside=0 lambda=0.647 phi=30 theta=0
0 180 0 180 0 -180 0.023939 -108.996 0.0705017 3.42484 0 0 0 180 0 180 0 -180
0 -0 0 -0 0 180 0 180 1.06954 42.9938 0 -0 0 -0 0 -0 0 180
0 180 0 -180 0 0 5.10239e-13 -140.505 5.12788e-13 -142.368 0 -0 0 -0 0 0 0 -180
0 -180 0 180 0 -0 0 -180 7.66831e-13 167.879 0 -0 0 0 0 -0 0 180
0 -180 0 -180 0 0 6.50914e-14 136.225 5.24125e-13 -16.1611 0 0 0 0 0 0 0 -180
0 -180 0 -180 0 0 0 -0 8.14058e-13 72.7941 0 -0 0 0 0 0 0 -180
0 -180 0 0 0 -180 0.122474 -141.724 0.228585 25.8589 0 -180 0 -180 0 0 0 -180
0 -180 0 0 0 -180 0 -180 1.3185 41.8814 0 -180 0 -180 0 0 0 -180
inside=0 lambda=0.647 phi=30 theta=15
0 180 0 180 0 -180 0 -0 0.080547 6.7097 0 0 0 180 0 180 0 -180
0 -0 0 -0 0 180 0 180 1.08757 42.8642 0 -0 0 -0 0 -0 0 180
0 180 0 -180 0 0 0 -180 0.0427573 -146.399 0 0 0 -0 0 0 0 -180
0 -180 0 180 0 -0 0 -180 0.0631716 -144.507 0 -0 0 0 0 -0 0 180
0 -180 0 -180 0 0 0 -180 0.0425637 -146.006 0 180 0 0 0 0 0 -180
0 -180 0 -180 0 0 0 180 0.0622499 -144.163 0 -0 0 0 0 0 0 -180
0 -180 0 0 0 180 0 -180 0.219217 25.2491 0 -180 0 -180 0 0 0 -180
0 -180 0 0 0 -180 0 -180 1.30348 41.8945 0 -180 0 -180 0 0 0 -180
inside=0 lambda=0.647 phi=30 theta=30
0 180 0 180 0 -180 0 -0 0.108034 14.1067 0 0 0 180 0 180 0 -180
0 -180 0 -180 0 180 0 0 1.13314 42.5427 0 -0 0 -180 0 -180 0 180
0 180 0 -180 0 0 0 180 0.074006 -146.633 0 0 0 -0 0 0 0 -180
0 -180 0 180 0 -0 0 -180 0.108688 -144.296 0 -0 0 0 0 -0 0 180
0 180 0 -180 0 -0 0 -180 0.0738697 -146.446 0 180 0 0 0 0 0 -180
0 -180 0 -180 0 0 0 180 0.108147 -144.122 0 -0 0 0 0 0 0 -180
0 180 0 -0 0 180 0 -180 0.189255 23.1569 0 -180 0 -180 0 0 0 -180
0 -180 0 0 0 -180 0 -180 1.25763 41.9826 0 -180 0 -180 0 0 0 180
inside=0 lambda=0.647 phi=30 theta=45
0 180 0 -180 0 -180 0 -0 0.148217 19.7454 0 0 0 180 0 180 0 -180
0 -180 0 -180 0 180 0 0 1.19533 42.2229 0 -0 0 -180 0 -180 0 180
0 180 0 -180 0 0 0 180 0.0853854 -146.626 0 0 0 -0 0 0 0 -180
0 -180 0 180 0 0 0 -180 0.125129 -144.175 0 0 0 0 0 -0 0 180
0 180 0 180 0 -0 0 -180 0.0853854 -146.626 0 0 0 0 0 0 0 -180
0 -180 0 -180 0 0 0 180 0.125129 -144.175 0 -0 0 0 0 0 0 180
0 180 0 -0 0 180 0 -180 0.148217 19.7454 0 180 0 -180 0 0 0 -180
0 -180 0 0 0 -180 0 -180 1.19533 42.2229 0 -180 0 180 0 -0 0 180
inside=0 lambda=0.647 phi=35 theta=0
0 180 0 180 0 -180 0.0651151 -107.637 0.0421101 -59.9833 0 0 0 180 0 180 0 -180
0 -0 0 -0 0 180 0 180 0.983546 37.7194 0 -0 0 -0 0 -0 0 180
0 180 0 -180 0 0 6.38278e-13 -25.6038 1.11851e-12 -83.8454 0 0 0 -0 0 0 0 -180
0 -180 0 180 0 -0 0 -0 7.08292e-13 -138.687 0 0 0 0 0 -0 0 180
0 -180 0 -180 0 0 9.82471e-14 68.6778 1.05186e-12 -90.4405 0 0 0 0 0 0 0 -180
0 -180 0 -180 0 0 0 -180 8.83742e-13 98.6944 0 -0 0 0 0 0 0 -180
0 -180 0 0 0 -180 0.13777 -121.374 0.300234 25.6629 0 -180 0 -180 0 0 0 -180
0 -180 0 0 0 -180 0 -180 1.39801 35.7964 0 -180 0 -180 0 0 0 -180
inside=0 lambda=0.647 phi=35 theta=15
0 180 0 180 0 -180 0.0515359 -111.698 0.0463087 -33.7685 0 0 0 180 0 180 0 -180
0 -0 0 -0 0 180 0 180 1.01235 37.5374 0 -0 0 -0 0 -0 0 180
0 180 0 -180 0 0 0.00655727 159.549 0.076801 -146.774 0 0 0 -0 0 180 0 -180
0 -180 0 180 0 -0 0 -180 0.105625 -149.464 0 -0 0 0 0 -0 0 180
0 -180 0 -180 0 0 0.031741 -147.484 0.0763167 -146.624 0 180 0 0 0 0 0 -180
0 -180 0 -180 0 0 0 180 0.104222 -150.014 0 -0 0 0 0 0 0 -180
0 -180 0 0 0 180 0.125923 -129.122 0.281277 24.9985 0 -180 0 -180 0 0 0 -180
0 -180 0 0 0 -180 0 -180 1.3712 35.8735 0 -180 0 -180 0 0 0 -180
inside=0 lambda=0.647 phi=35 theta=30
0 180 0 180 0 -180 0 -0 0.0854667 1.69917 0 0 0 180 0 180 0 -180
0 -0 0 -0 0 180 0 180 1.09122 36.9888 0 -0 0 -0 0 -0 0 180
0 180 0 -180 0 0 0 180 0.134174 -147.053 0 0 0 -0 0 180 0 -180
0 -180 0 180 0 -0 0 -180 0.181699 -149.926 0 -0 0 0 0 -0 0 180
0 180 0 180 0 -0 0 -180 0.133792 -146.858 0 180 0 0 0 0 0 -180
0 -180 0 -180 0 0 0 180 0.180166 -149.728 0 -0 0 0 0 0 0 180
0 180 0 -0 0 180 0 -180 0.229301 22.5459 0 180 0 -180 0 0 0 -180
0 -180 0 0 0 -180 0 -180 1.29868 36.0478 0 -180 0 -180 0 -0 0 180
inside=0 lambda=0.647 phi=35 theta=45
0 180 0 180 0 -180 0 -0 0.155209 16.6861 0 0 0 180 0 180 0 -180
0 -180 0 -180 0 180 0 0 1.1948 36.4098 0 -0 0 -180 0 -180 0 180
0 180 0 -180 0 0 0 180 0.154707 -147.178 0 0 0 -0 0 180 0 -180
0 -180 0 180 0 -0 0 -180 0.208693 -149.773 0 -0 0 0 0 -0 0 180
0 180 0 180 0 -0 0 -180 0.154707 -147.178 0 180 0 0 0 0 0 -180
0 -180 0 -180 0 0 0 180 0.208693 -149.773 0 -0 0 -0 0 -0 0 180
0 180 0 -0 0 180 0 180 0.155209 16.6861 0 180 0 -180 0 0 0 -180
0 -180 0 0 0 -180 0 -180 1.1948 36.4098 0 -180 0 180 0 -0 0 180
inside=0 lambda=0.647 phi=40 theta=0
0 180 0 180 0 -180 0.12229 -109.279 0.174915 -128.448 0 0 0 180 0 180 0 -180
0 -0 0 -0 0 180 0 180 0.795853 30.676 0 -0 0 -0 0 -0 0 180
0 180 0 -0 0 0 1.59049e-12 39.3646 5.80797e-13 -110.292 0 -180 0 -0 0 180 0 -180
0 -0 0 180 0 -0 0 0 3.69381e-13 -92.2862 0 -180 0 180 0 -0 0 180
0 -180 0 -180 0 0 3.3462e-13 -40.472 1.01037e-12 174.098 0 -0 0 0 0 0 0 -180
0 -180 0 -180 0 0 0 0 3.72363e-13 -51.0481 0 180 0 0 0 0 0 -180
0 -180 0 0 0 -180 0.164455 -108.963 0.455168 25.2091 0 -180 0 -180 0 0 0 -180
0 -180 0 0 0 -180 0 -180 1.56768 27.1348 0 -180 0 -180 0 0 0 -180
inside=0 lambda=0.647 phi=40 theta=15
0 180 0 180 0 -180 0.0989614 -113.997 0.13721 -122.383 0 0 0 180 0 180 0 -180
0 -0 0 -0 0 180 0 180 0.849359 30.2489 0 -0 0 -0 0 -0 0 180
0 180 0 -180 0 0 0.0186052 89.0364 0.15661 -147.316 0 0 0 -0 0 180 0 -180
0 -0 0 180 0 -0 0 -0 0.195721 -156.555 0 -0 0 180 0 -0 0 180
0 -180 0 -180 0 -0 0.0523202 -140.992 0.155941 -147.43 0 180 0 0 0 0 0 -180
0 -180 0 -180 0 0 0 180 0.194448 -157.369 0 -0 0 0 0 0 0 180
0 180 0 -0 0 180 0.141522 -116.226 0.416252 24.2906 0 -180 0 -180 0 0 0 -180
0 -180 0 0 0 -180 0 -180 1.51767 27.2091 0 -180 0 -180 0 0 0 180
inside=0 lambda=0.647 phi=40 theta=30
0 180 0 180 0 -180 0.0361325 -131.003 0.0626002 -66.9145 0 0 0 180 0 180 0 -180
0 -0 0 -0 0 180 0 180 0.995221 29.2282 0 -0 0 -0 0 -0 0 180
0 180 0 -180 0 0 0.0144779 116.665 0.274538 -147.459 0 0 0 -0 0 180 0 -180
0 -0 0 180 0 -0 0 -0 0.339624 -157.061 0 -0 0 0 0 -0 0 180
0 180 0 180 0 -0 0.0549779 -160.111 0.27315 -147.463 0 180 0 0 0 0 0 -180
0 -180 0 -180 0 0 0 180 0.335181 -157.346 0 -0 0 -0 0 -0 0 180
0 180 0 -0 0 180 0.101521 -146.378 0.306079 20.8861 0 180 0 -180 0 0 0 -180
0 -180 0 0 0 -180 0 -180 1.38 27.5556 0 -180 0 180 0 -0 0 180
inside=0 lambda=0.647 phi=40 theta=45
0 180 0 180 0 -180 0 -0 0.157135 8.86666 0 0 0 180 0 180 0 -180
0 -0 0 -180 0 180 0 0 1.18937 28.0804 0 -0 0 -180 0 -180 0 180
0 180 0 -180 0 0 0 180 0.317799 -147.957 0 0 0 -0 0 180 0 -180
0 -180 0 180 0 -0 0 -180 0.38862 -157.256 0 -0 0 0 0 -0 0 180
0 180 0 180 0 -0 0 -180 0.317799 -147.957 0 180 0 0 0 0 0 -180
0 -180 0 -180 0 0 0 180 0.38862 -157.256 0 -0 0 -0 0 -0 0 180
0 180 0 -0 0 180 0 180 0.157135 8.86666 0 180 0 -180 0 0 0 -180
0 -0 0 0 0 -180 0 -180 1.18937 28.0804 0 -180 0 180 0 -0 0 180
inside=0 lambda=0.647 phi=45 theta=0
0 0 0 0 0 -180 0.249419 -137.725 0.964674 160.754 0 0 0 0 0 0 0 -180
0 -180 0 -180 0 0 0 180 0 0 0 -180 0 -180 0 -180 0 0
0 180 0 -180 0 0 1.37748e-12 -20.9894 7.36726e-13 -4.81627 0 -180 0 -0 0 0 0 -180
0 -180 0 0 0 -180 0 -0 0 -180 0 -180 0 0 0 -180 0 0
0 -180 0 180 0 -0 3.98741e-13 -79.5076 1.44362e-12 -39.316 0 180 0 0 0 -0 0 180
0 -180 0 180 0 -0 0 -180 0 -180 0 0 0 0 0 -0 0 180
0 -180 0 0 0 180 0.219034 -115.35 0.978262 -6.75069 0 180 0 -180 0 0 0 180
0 -180 0 0 0 180 0 -180 0 -0 0 180 0 -180 0 0 0 180
inside=0 lambda=0.647 phi=45 theta=15
0 0 0 0 0 -180 0.182863 -145.321 0.843218 159.679 0 0 0 180 0 180 0 -180
0 -0 0 -0 0 180 0 180 0 0 0 -180 0 -180 0 -180 0 0
0 0 0 -180 0 0 0.0954026 27.5591 0.488657 168.242 0 0 0 -0 0 0 0 -180
0 -180 0 180 0 -180 0 -0 0 180 0 -0 0 0 0 -180 0 0
0 180 0 180 0 -0 0.0928245 -157.687 0.487502 167.586 0 180 0 0 0 0 0 -180
0 -180 0 -180 0 0 0 180 0 180 0 -180 0 -0 0 -0 0 180
0 180 0 -0 0 180 0.166775 -118.488 0.853744 -6.22141 0 180 0 -180 0 0 0 -180
0 -180 0 0 0 -180 0 -180 0 -0 0 -180 0 180 0 -0 0 180
inside=0 lambda=0.647 phi=45 theta=30
0 0 0 0 0 -180 0.0660154 -147.686 0.495597 154.459 0 0 0 180 0 180 0 -180
0 -0 0 -0 0 180 0 0 0 0 0 -180 0 -180 0 -180 0 0
0 0 0 -180 0 0 0.0926253 2.46194 0.859501 167.459 0 0 0 -0 0 180 0 -180
0 -180 0 180 0 -0 0 -0 0 180 0 -0 0 0 0 -180 0 0
0 180 0 180 0 -0 0.0868648 -177.48 0.854737 167.134 0 180 0 0 0 0 0 -180
0 -180 0 -180 0 0 0 180 0 180 0 -180 0 -0 0 -0 0 180
0 0 0 -0 0 180 0.0857855 -124.436 0.498795 -1.9274 0 180 0 -180 0 0 0 -180
0 -180 0 0 0 -180 0 -180 0 0 0 -180 0 180 0 -0 0 180
inside=0 lambda=0.647 phi=45 theta=45
0 0 0 0 0 -180 0 -0 0.103343 76.6931 0 0 0 180 0 180 0 -180
0 -180 0 -180 0 180 0 0 0 0 0 -0 0 -180 0 -180 0 0
0 180 0 -180 0 0 0 0 0.994646 166.693 0 0 0 -0 0 180 0 -180
0 -180 0 180 0 -0 0 -180 0 180 0 -0 0 0 0 -180 0 0
0 180 0 0 0 -0 0 -180 0.994646 166.693 0 180 0 0 0 0 0 -180
0 -180 0 -180 0 0 0 180 0 180 0 -180 0 -0 0 -0 0 0
0 0 0 -0 0 180 0 0 0.103343 76.6931 0 180 0 -180 0 0 0 -180
0 -180 0 0 0 -180 0 -180 0 0 0 -180 0 180 0 -0 0 0
inside=1 lambda=0.647 phi=0 theta=0
0 -180 0 -180 0 -180 0 0 0.124813 -90.3043 0 0 0 -180 0 -180 0 -180
0 -180 0 -180 0 -180 0 0 0.822087 56.2246 0 0 0 -180 0 -180 0 -180
0 -180 0 -0 0 0 0 -180 9.37595e-13 145.975 0 -180 0 0 0 -0 0 -180
0 -180 0 0 0 0 0 -180 7.59758e-13 124.246 0 -180 0 0 0 -0 0 -180
0 -180 0 -0 0 0 0 180 6.55946e-13 136.203 0 0 0 0 0 -0 0 -180
0 -180 0 -0 0 0 0 -180 9.77511e-14 -173.153 0 -0 0 0 0 -0 0 -180
0 -180 0 0 0 -180 0 -180 0.124813 -90.3043 0 -180 0 -180 0 0 0 -180
0 -180 0 0 0 -180 0 -180 0.822087 56.2246 0 -180 0 -180 0 0 0 -180
inside=1 lambda=0.647 phi=0 theta=15
0 -180 0 -180 0 -180 0 0 0.124813 -90.3043 0 0 0 -180 0 -180 0 -180
0 -180 0 -180 0 -180 0 0 0.822087 56.2246 0 0 0 -180 0 -180 0 -180
0 -180 0 -0 0 0 0 -180 9.37595e-13 145.975 0 -180 0 0 0 -0 0 -180
0 -180 0 0 0 0 0 -180 7.59758e-13 124.246 0 -180 0 0 0 -0 0 -180
0 -180 0 -0 0 0 0 180 6.55946e-13 136.203 0 0 0 0 0 -0 0 -180
0 -180 0 -0 0 0 0 -180 9.77511e-14 -173.153 0 -0 0 0 0 -0 0 -180
0 -180 0 0 0 -180 0 -180 0.124813 -90.3043 0 -180 0 -180 0 0 0 -180
0 -180 0 0 0 -180 0 -180 0.822087 56.2246 0 -180 0 -180 0 0 0 -180
inside=1 lambda=0.647 phi=0 theta=30
0 -180 0 -180 0 -180 0 0 0.124813 -90.3043 0 0 0 -180 0 -180 0 -180
0 -180 0 -180 0 -180 0 0 0.822087 56.2246 0 0 0 -180 0 -180 0 -180
0 -180 0 -0 0 0 0 -180 9.37595e-13 145.975 0 -180 0 0 0 -0 0 -180
0 -180 0 0 0 0 0 -180 7.59758e-13 124.246 0 -180 0 0 0 -0 0 -180
0 -180 0 -0 0 0 0 180 6.55946e-13 136.203 0 0 0 0 0 -0 0 -180
0 -180 0 -0 0 0 0 -180 9.77511e-14 -173.153 0 -0 0 0 0 -0 0 -180
0 -180 0 0 0 -180 0 -180 0.124813 -90.3043 0 -180 0 -180 0 0 0 -180
0 -180 0 0 0 -180 0 -180 0.822087 56.2246 0 -180 0 -180 0 0 0 -180
inside=1 lambda=0.647 phi=0 theta=45
0 -180 0 -180 0 -180 0 0 0.124813 -90.3043 0 0 0 -180 0 -180 0 -180
0 -180 0 -180 0 -180 0 0 0.822087 56.2246 0 0 0 -180 0 -180 0 -180
0 -180 0 -0 0 0 0 -180 9.37595e-13 145.975 0 -180 0 0 0 -0 0 -180
0 -180 0 0 0 0 0 -180 7.59758e-13 124.246 0 -180 0 0 0 -0 0 -180
0 -180 0 -0 0 0 0 180 6.55946e-13 136.203 0 0 0 0 0 -0 0 -180
0 -180 0 -0 0 0 0 -180 9.77511e-14 -173.153 0 -0 0 0 0 -0 0 -180
0 -180 0 0 0 -180 0 -180 0.124813 -90.3043 0 -180 0 -180 0 0 0 -180
0 -180 0 0 0 -180 0 -180 0.822087 56.2246 0 -180 0 -180 0 0 0 -180
inside=1 lambda=0.647 phi=5 theta=0
0 -180 0 -180 0 -180 0 0 0.124544 -90.5818 0 0 0 -180 0 -180 0 -180
0 -180 0 -180 0 -180 0 0 0.822946 56.0551 0 0 0 -180 0 -180 0 -180
0 -180 0 -0 0 0 0 -0 6.98432e-13 -155.16 0 -0 0 0 0 180 0 -180
0 -180 0 180 0 0 0 -0 5.2518e-13 157.291 0 -0 0 0 0 -0 0 -180
0 -180 0 -180 0 0 0 0 2.54884e-13 83.0236 0 180 0 0 0 0 0 -180
0 -180 0 -180 0 0 0 -0 3.77748e-13 -25.3693 0 180 0 0 0 0 0 -180
0 -180 0 0 0 -180 0 -180 0.1257 -90.7179 0 -180 0 -180 0 0 0 -180
0 -180 0 0 0 -180 0 -180 0.821165 56.0467 0 -180 0 -180 0 0 0 -180
inside=1 lambda=0.647 phi=5 theta=15
0 -180 0 -180 0 -180 0 0 0.124621 -90.591 0 0 0 -180 0 -180 0 -180
0 -180 0 -180 0 -180 0 0 0.822827 56.0545 0 0 0 -180 0 -180 0 -180
0 -180 0 -0 0 0 0 -180 0.000304722 76.7929 0 0 0 0 0 180 0 -180
0 -180 0 180 0 0 0 -180 0.000447956 61.2918 0 0 0 0 0 -0 0 -180
0 -180 0 -180 0 0 0 -0 0.000304679 76.7809 0 180 0 0 0 0 0 -180
0 -180 0 -180 0 0 0 180 0.000447914 61.2844 0 -0 0 0 0 0 0 -180
0 -180 0 0 0 -180 0 -180 0.125622 -90.7088 0 -180 0 -180 0 0 0 -180
0 -180 0 0 0 -180 0 -180 0.821284 56.0472 0 -180 0 -180 0 0 0 -180
inside=1 lambda=0.647 phi=5 theta=30
0 -180 0 -180 0 -180 0 0 0.124833 -90.616 0 0 0 -180 0 -180 0 -180
0 -180 0 -180 0 -180 0 0 0.822501 56.053 0 0 0 -180 0 -180 0 -180
0 -180 0 -0 0 0 0 -180 0.000527779 76.7904 0 0 0 0 0 180 0 -180
0 -180 0 180 0 0 0 -180 0.000775867 61.2902 0 0 0 0 0 -0 0 -180
0 -180 0 -180 0 0 0 -0 0.000527736 76.7835 0 180 0 0 0 0 0 -180
0 -180 0 -180 0 0 0 180 0.000775825 61.2859 0 -0 0 0 0 0 0 -180
0 -180 0 0 0 -180 0 -180 0.125411 -90.6841 0 -180 0 -180 0 0 0 -180
0 -180 0 0 0 -180 0 -180 0.82161 56.0488 0 -180 0 -180 0 0 0 -180
inside=1 lambda=0.647 phi=5 theta=45
0 -180 0 -180 0 -180 0 0 0.125122 -90.6501 0 0 0 -180 0 -180 0 -180
0 -180 0 -180 0 -180 0 0 0.822056 56.0509 0 0 0 -180 0 -180 0 -180
0 -180 0 -0 0 0 0 -180 0.000609401 76.7869 0 0 0 0 0 180 0 -180
0 -180 0 180 0 0 0 -180 0.00089587 61.2881 0 0 0 0 0 -0 0 -180
0 -180 0 -180 0 0 0 -0 0.000609401 76.7869 0 180 0 0 0 0 0 -180
0 -180 0 -180 0 0 0 180 0.00089587 61.2881 0 -0 0 0 0 0 0 -180
0 -180 0 0 0 -180 0 -180 0.125122 -90.6501 0 -180 0 -180 0 0 0 -180
0 -180 0 0 0 -180 0 -180 0.822056 56.0509 0 -180 0 -180 0 0 0 -180
inside=1 lambda=0.647 phi=10 theta=0
0 180 0 -180 0 -180 0 0 0.123693 -91.3976 0 0 0 180 0 -180 0 -180
0 -180 0 -180 0 -180 0 0 0.825562 55.5489 0 0 0 -180 0 -180 0 -180
0 180 0 -0 0 0 0 -0 4.0317e-14 167.921 0 -180 0 -0 0 180 0 -180
0 -180 0 180 0 0 0 -0 1.43544e-13 -62.5731 0 -180 0 0 0 -0 0 -180
0 -180 0 -180 0 0 0 0 4.33148e-13 170.74 0 -0 0 0 0 0 0 -180
0 -180 0 -180 0 0 0 0 3.07196e-13 82.4068 0 180 0 0 0 0 0 -180
0 -180 0 0 0 -180 0 -180 0.1284 -91.9504 0 -180 0 -180 0 0 0 -180
0 -180 0 0 0 -180 0 -180 0.818366 55.5147 0 -180 0 -180 0 0 0 -180
inside=1 lambda=0.647 phi=10 theta=15
0 180 0 -180 0 -180 0 0 0.124008 -91.4358 0 0 0 180 0 -180 0 -180
0 -180 0 -180 0 -180 0 0 0.82508 55.5466 0 0 0 -180 0 -180 0 -180
0 -180 0 -0 0 0 0 -180 0.00124106 75.6781 0 0 0 -0 0 180 0 -180
0 -180 0 180 0 0 0 -180 0.00181051 60.7966 0 0 0 0 0 -0 0 -180
0 -180 0 -180 0 0 0 -0 0.00124038 75.6309 0 180 0 0 0 0 0 -180
0 -180 0 -180 0 0 0 180 0.00180984 60.767 0 -0 0 0 0 0 0 -180
0 -180 0 0 0 -180 0 -180 0.128084 -91.9145 0 -180 0 -180 0 0 0 -180
0 -180 0 0 0 -180 0 -180 0.818848 55.517 0 -180 0 -180 0 0 0 -180
inside=1 lambda=0.647 phi=10 theta=30
0 180 0 -180 0 -180 0 0 0.124869 -91.5392 0 0 0 180 0 -180 0 -180
0 -180 0 -180 0 -180 0 0 0.823763 55.5404 0 0 0 -180 0 -180 0 -180
0 -180 0 -0 0 0 0 -180 0.00214933 75.6682 0 0 0 0 0 180 0 -180
0 -180 0 180 0 0 0 -180 0.00313564 60.79 0 0 0 0 0 -0 0 -180
0 -180 0 -180 0 0 0 -0 0.00214865 75.641 0 180 0 0 0 0 0 -180
0 -180 0 -180 0 0 0 180 0.00313498 60.7729 0 -0 0 0 0 0 0 -180
0 -180 0 0 0 -180 0 -180 0.127223 -91.8155 0 -180 0 -180 0 0 0 -180
0 -180 0 0 0 -180 0 -180 0.820165 55.5232 0 -180 0 -180 0 0 0 -180
inside=1 lambda=0.647 phi=10 theta=45
0 -180 0 -180 0 -180 0 0 0.126046 -91.6784 0 0 0 180 0 -180 0 -180
0 -180 0 -180 0 -180 0 0 0.821964 55.5318 0 0 0 -180 0 -180 0 -180
0 -180 0 -0 0 0 0 -180 0.00248144 75.6547 0 0 0 0 0 180 0 -180
0 -180 0 180 0 0 0 -180 0.00362034 60.7813 0 0 0 0 0 -0 0 -180
0 -180 0 -180 0 0 0 -0 0.00248144 75.6547 0 180 0 0 0 0 0 -180
0 -180 0 -180 0 0 0 180 0.00362034 60.7813 0 -0 0 0 0 0 0 -180
0 -180 0 0 0 180 0 -180 0.126046 -91.6784 0 -180 0 -180 0 0 0 -180
0 -180 0 0 0 -180 0 -180 0.821964 55.5318 0 -180 0 -180 0 0 0 -180
inside=1 lambda=0.647 phi=15 theta=0
0 180 0 -180 0 -180 0 -0 0.122119 -92.7004 0 0 0 180 0 -180 0 -180
0 -180 0 -180 0 -180 0 0 0.83006 54.7136 0 0 0 -180 0 -180 0 -180
0 180 0 -0 0 0 0 0 5.85858e-14 -138.646 0 0 0 -0 0 180 0 -180
0 -180 0 180 0 0 0 0 8.16079e-14 -86.4249 0 0 0 0 0 -0 0 -180
0 -180 0 -180 0 0 0 0 2.76098e-13 -27.6821 0 -180 0 0 0 0 0 -180
0 -180 0 -180 0 0 0 0 2.17728e-13 -44.4474 0 -180 0 0 0 0 0 -180
0 -180 0 0 0 -180 0 -180 0.133032 -93.9781 0 -180 0 -180 0 0 0 -180
0 -180 0 0 0 -180 0 -180 0.813589 54.6341 0 -180 0 -180 0 0 0 -180
inside=1 lambda=0.647 phi=15 theta=15
0 180 0 -180 0 -180 0 -0 0.122849 -92.7922 0 0 0 180 0 -180 0 -180
0 -180 0 -180 0 -180 0 0 0.828957 54.7082 0 0 0 -180 0 -180 0 -180
0 180 0 -0 0 0 0 -180 0.00287697 73.8508 0 0 0 -0 0 180 0 -180
0 -180 0 180 0 0 0 -180 0.00414508 59.9761 0 0 0 0 0 -0 0 -180
0 -180 0 -180 0 0 0 -0 0.00287353 73.7479 0 180 0 0 0 0 0 -180
0 -180 0 -180 0 0 0 180 0.00414162 59.9108 0 -0 0 0 0 0 0 -180
0 -180 0 0 0 -180 0 -180 0.1323 -93.8981 0 -180 0 -180 0 0 0 -180
0 -180 0 0 0 -180 0 -180 0.814692 54.6394 0 -180 0 -180 0 0 0 -180
inside=1 lambda=0.647 phi=15 theta=30
0 180 0 -180 0 -180 0 -0 0.124844 -93.038 0 0 0 180 0 -180 0 -180
0 -180 0 -180 0 -180 0 0 0.825942 54.6936 0 0 0 -180 0 -180 0 -180
0 180 0 -0 0 0 0 -180 0.00498182 73.8297 0 0 0 -0 0 180 0 -180
0 -180 0 180 0 0 0 -180 0.00717817 59.9605 0 0 0 0 0 -0 0 -180
0 -180 0 -180 0 0 0 -0 0.00497839 73.7703 0 180 0 0 0 0 0 -180
0 -180 0 -180 0 0 0 180 0.00717472 59.9229 0 -0 0 0 0 0 0 -180
0 -180 0 0 0 180 0 -180 0.130301 -93.6759 0 -180 0 -180 0 0 0 -180
0 -180 0 0 0 -180 0 -180 0.817706 54.6539 0 -180 0 -180 0 0 0 -180
inside=1 lambda=0.647 phi=15 theta=45
0 180 0 -180 0 -180 0 -0 0.127571 -93.3628 0 0 0 180 0 -180 0 -180
0 -180 0 -180 0 -180 0 0 0.821824 54.6737 0 0 0 -180 0 -180 0 -180
0 180 0 -0 0 0 0 -180 0.00575054 73.8003 0 0 0 -0 0 180 0 -180
0 -180 0 180 0 0 0 -180 0.00828661 59.9408 0 0 0 0 0 -0 0 -180
0 180 0 -180 0 -0 0 -0 0.00575054 73.8003 0 180 0 0 0 0 0 -180
0 -180 0 -180 0 0 0 180 0.00828661 59.9408 0 -0 0 0 0 0 0 -180
0 180 0 -0 0 180 0 -180 0.127571 -93.3628 0 -180 0 -180 0 0 0 -180
0 -180 0 0 0 -180 0 -180 0.821824 54.6737 0 -180 0 -180 0 0 0 -180
inside=1 lambda=0.647 phi=20 theta=0
0 180 0 180 0 -180 0 -0 0.119582 -94.3994 0 0 0 180 0 180 0 -180
0 -180 0 -180 0 -180 0 0 0.836661 53.5611 0 0 0 -180 0 -180 0 -180
0 180 0 -0 0 0 0 -0 2.97701e-13 -143.092 0 -0 0 -0 0 180 0 -180
0 -180 0 180 0 0 0 -180 2.05703e-13 163.839 0 -0 0 0 0 -0 0 -180
0 -180 0 -180 0 0 0 180 2.83723e-13 -49.1499 0 -0 0 0 0 0 0 -180
0 -180 0 -180 0 0 0 180 9.38816e-14 -116.192 0 -0 0 0 0 0 0 -180
0 -180 0 0 0 -180 0 -180 0.139799 -96.7626 0 -180 0 -180 0 0 0 -180
0 -180 0 0 0 -180 0 -180 0.806662 53.4139 0 -180 0 -180 0 0 0 -180
inside=1 lambda=0.647 phi=20 theta=15
0 180 0 -180 0 -180 0 -0 0.120931 -94.5795 0 0 0 180 0 180 0 -180
0 -180 0 -180 0 -180 0 0 0.834651 53.5511 0 0 0 -180 0 -180 0 -180
0 180 0 -0 0 0 0 180 0.00533052 71.3546 0 0 0 -0 0 180 0 -180
0 -180 0 180 0 0 0 -180 0.00755202 58.8383 0 0 0 0 0 -0 0 -180
0 -180 0 -180 0 0 0 -0 0.00531977 71.1788 0 180 0 0 0 0 0 -180
0 -180 0 -180 0 0 0 180 0.0075407 58.7249 0 -0 0 0 0 0 0 -180
0 -180 0 0 0 180 0 -180 0.138442 -96.6228 0 -180 0 -180 0 0 0 -180
0 -180 0 0 0 -180 0 -180 0.808671 53.4237 0 -180 0 -180 0 0 0 -180
inside=1 lambda=0.647 phi=20 theta=30
0 180 0 -180 0 -180 0 -0 0.124623 -95.0534 0 0 0 180 0 180 0 -180
0 -180 0 -180 0 -180 0 0 0.829159 53.524 0 0 0 -180 0 -180 0 -180
0 180 0 -0 0 0 0 -180 0.0092289 71.3194 0 0 0 -0 0 180 0 -180
0 -180 0 180 0 0 0 -180 0.013076 58.8086 0 0 0 0 0 -0 0 -180
0 180 0 -180 0 -0 0 -0 0.0092182 71.2184 0 180 0 0 0 0 0 -180
0 -180 0 -180 0 0 0 180 0.0130648 58.7435 0 -0 0 0 0 0 0 -180
0 180 0 -0 0 180 0 -180 0.134735 -96.2293 0 -180 0 -180 0 0 0 -180
0 -180 0 0 0 -180 0 -180 0.814159 53.4504 0 -180 0 -180 0 0 0 -180
inside=1 lambda=0.647 phi=20 theta=45
0 180 0 -180 0 -180 0 -0 0.129675 -95.6614 0 0 0 180 0 -180 0 -180
0 -180 0 -180 0 -180 0 0 0.821658 53.4871 0 0 0 -180 0 -180 0 -180
0 180 0 -0 0 0 0 -180 0.0106505 71.27 0 0 0 -0 0 180 0 -180
0 -180 0 180 0 0 0 -180 0.0150922 58.7733 0 0 0 0 0 -0 0 -180
0 180 0 -180 0 -0 0 -0 0.0106505 71.27 0 180 0 0 0 0 0 -180
0 -180 0 -180 0 0 0 180 0.0150922 58.7733 0 -0 0 0 0 0 0 -180
0 180 0 -0 0 180 0 -180 0.129675 -95.6614 0 -180 0 -180 0 0 0 -180
0 -180 0 0 0 -180 0 -180 0.821658 53.4871 0 -180 0 -180 0 0 0 -180
inside=1 lambda=0.647 phi=25 theta=0
0 180 0 180 0 -180 0 -0 0.115731 -96.3525 0 0 0 180 0 180 0 -180
0 -180 0 -180 0 -180 0 0 0.845696 52.1086 0 0 0 -180 0 -180 0 -180
0 180 0 -0 0 0 0 180 6.53516e-14 -76.069 0 180 0 -0 0 180 0 -180
0 -180 0 180 0 0 0 180 5.20061e-14 -164.054 0 180 0 0 0 -0 0 -180
0 -180 0 -180 0 0 0 0 5.30229e-14 94.9406 0 180 0 0 0 0 0 -180
0 -180 0 -180 0 0 0 180 1.35157e-13 94.2286 0 180 0 0 0 0 0 -180
0 -180 0 0 0 -180 0 -180 0.149002 -100.253 0 -180 0 -180 0 0 0 -180
0 -180 0 0 0 -180 0 -180 0.797329 51.8669 0 -180 0 -180 0 0 0 -180
inside=1 lambda=0.647 phi=25 theta=15
0 180 0 180 0 -180 0 -0 0.117943 -96.6758 0 0 0 180 0 180 0 -180
0 -180 0 -180 0 -180 0 0 0.842453 52.0921 0 0 0 -180 0 -180 0 -180
0 180 0 -0 0 0 0 180 0.0087774 68.2443 0 0 0 -0 0 180 0 -180
0 -180 0 180 0 0 0 -180 0.0121821 57.3944 0 0 0 0 0 -0 0 -180
0 -180 0 -180 0 -0 0 -0 0.00875127 67.9829 0 180 0 0 0 0 0 -180
0 -180 0 -180 0 0 0 180 0.0121531 57.2222 0 -0 0 0 0 0 0 -180
0 -180 0 0 0 180 0 -180 0.146764 -100.04 0 -180 0 -180 0 0 0 -180
0 -180 0 0 0 -180 0 -180 0.800566 51.8828 0 -180 0 -180 0 0 0 -180
inside=1 lambda=0.647 phi=25 theta=30
0 180 0 180 0 -180 0 -0 0.124003 -97.5034 0 0 0 180 0 180 0 -180
0 -180 0 -180 0 -180 0 0 0.833597 52.0474 0 0 0 -180 0 -180 0 -180
0 180 0 -0 0 0 0 180 0.0151937 68.1943 0 0 0 -0 0 180 0 -180
0 -180 0 180 0 0 0 -180 0.021088 57.3439 0 0 0 0 0 -0 0 -180
0 180 0 -180 0 -0 0 -0 0.0151679 68.0451 0 180 0 0 0 0 0 -180
0 -180 0 -180 0 0 0 180 0.0210595 57.2455 0 -0 0 0 0 0 0 -180
0 180 0 -0 0 180 0 -180 0.140652 -99.4297 0 -180 0 -180 0 0 0 -180
0 -180 0 0 0 -180 0 -180 0.809414 51.9266 0 -180 0 -180 0 0 0 -180
inside=1 lambda=0.647 phi=25 theta=45
0 180 0 -180 0 -180 0 -0 0.132315 -98.5204 0 0 0 180 0 180 0 -180
0 -180 0 -180 0 -180 0 0 0.821503 51.9868 0 0 0 -180 0 -180 0 -180
0 180 0 -0 0 0 0 180 0.0175296 68.1226 0 0 0 -0 0 180 0 -180
0 -180 0 180 0 0 0 -180 0.0243333 57.288 0 0 0 0 0 -0 0 -180
0 180 0 180 0 -0 0 -0 0.0175296 68.1226 0 180 0 0 0 0 0 -180
0 -180 0 -180 0 0 0 180 0.0243333 57.288 0 -0 0 0 0 0 0 -180
0 180 0 -0 0 180 0 -180 0.132315 -98.5204 0 180 0 -180 0 0 0 -180
0 -180 0 0 0 -180 0 -180 0.821503 51.9868 0 -180 0 -180 0 0 0 -180
inside=1 lambda=0.647 phi=30 theta=0
0 180 0 180 0 -180 0 -0 0.110096 -98.3371 0 0 0 180 0 180 0 -180
0 -180 0 -180 0 180 0 0 0.857634 50.3784 0 0 0 -180 0 -180 0 180
0 180 0 -0 0 0 0 -180 2.77651e-13 -48.5533 0 -0 0 -0 0 180 0 -180
0 -180 0 180 0 0 0 -180 1.10224e-13 -130.27 0 -0 0 0 0 -0 0 -180
0 -180 0 -180 0 0 0 -180 1.43895e-13 102.91 0 -0 0 0 0 0 0 -180
0 -180 0 -180 0 0 0 180 1.69315e-13 -143.052 0 -0 0 0 0 0 0 -180
0 -180 0 0 0 -180 0 -180 0.161049 -104.392 0 -180 0 -180 0 0 0 -180
0 -180 0 0 0 -180 0 -180 0.785232 50.0098 0 -180 0 -180 0 0 0 -180
inside=1 lambda=0.647 phi=30 theta=15
0 180 0 180 0 -180 0 -0 0.113458 -98.8986 0 0 0 180 0 180 0 -180
0 -180 0 -180 0 180 0 0 0.852779 50.353 0 0 0 -180 0 -180 0 180
0 180 0 -0 0 0 0 180 0.0134621 64.5823 0 0 0 -0 0 180 0 -180
0 -180 0 180 0 0 0 -180 0.0182483 55.6599 0 0 0 0 0 -0 0 -180
0 -180 0 -180 0 -0 0 -0 0.0134073 64.2264 0 180 0 0 0 0 0 -180
0 -180 0 -180 0 0 0 180 0.0181836 55.4196 0 -0 0 0 0 0 0 -180
0 180 0 -0 0 180 0 -180 0.157613 -104.093 0 -180 0 -180 0 0 0 -180
0 -180 0 0 0 -180 0 -180 0.790078 50.0338 0 -180 0 -180 0 0 0 -180
inside=1 lambda=0.647 phi=30 theta=30
0 180 0 180 0 -180 0 -0 0.122702 -100.281 0 0 0 180 0 180 0 -180
0 -180 0 -180 0 180 0 0 0.839519 50.2845 0 0 0 -180 0 -180 0 180
0 180 0 -0 0 0 0 180 0.023298 64.5193 0 0 0 -0 0 180 0 -180
0 -180 0 180 0 0 0 -180 0.0315782 55.5791 0 0 0 0 0 -0 0 -180
0 180 0 180 0 -0 0 -0 0.0232445 64.3186 0 180 0 0 0 0 0 -180
0 -180 0 -180 0 0 0 180 0.0315163 55.4432 0 -0 0 0 0 0 0 -180
0 180 0 -0 0 180 0 -180 0.148225 -103.224 0 180 0 -180 0 0 0 -180
0 -180 0 0 0 -180 0 -180 0.803319 50.1003 0 -180 0 -180 0 0 0 -180
inside=1 lambda=0.647 phi=30 theta=45
0 180 0 -180 0 -180 0 -0 0.135429 -101.878 0 0 0 180 0 180 0 -180
0 -180 0 -180 0 -180 0 0 0.821415 50.192 0 0 0 -180 0 -180 0 -180
0 180 0 -0 0 0 0 180 0.0268722 64.4257 0 0 0 -0 0 180 0 -180
0 -180 0 180 0 0 0 -180 0.0364256 55.4975 0 0 0 0 0 -0 0 -180
0 180 0 180 0 -0 0 -0 0.0268722 64.4257 0 180 0 0 0 0 0 -180
0 -180 0 -180 0 0 0 180 0.0364256 55.4975 0 -0 0 0 0 0 0 -180
0 180 0 -0 0 180 0 -180 0.135429 -101.878 0 180 0 -180 0 0 0 -180
0 -180 0 0 0 -180 0 -180 0.821415 50.192 0 -180 0 -180 0 0 0 -180
inside=1 lambda=0.647 phi=35 theta=0
0 180 0 180 0 -180 0 -0 0.102097 -99.9796 0 0 0 180 0 180 0 -180
0 -0 0 -180 0 180 0 0 0.873125 48.3983 0 -0 0 -0 0 -180 0 180
0 180 0 -0 0 0 0 -180 1.48732e-13 142.245 0 -0 0 -0 0 180 0 -180
0 -180 0 180 0 -0 0 -180 1.25598e-13 -72.6447 0 -0 0 0 0 -0 0 180
0 -180 0 -180 0 0 0 -180 5.49566e-14 -151.173 0 0 0 0 0 0 0 -180
0 -180 0 -180 0 0 0 180 7.38682e-14 -71.6719 0 -0 0 0 0 0 0 -180
0 -180 0 0 0 -180 0 -180 0.176477 -109.115 0 -180 0 -180 0 0 0 -180
0 -180 0 0 0 -180 0 -180 0.769897 47.864 0 -180 0 -180 0 0 0 -180
inside=1 lambda=0.647 phi=35 theta=15
0 180 0 180 0 -180 0 -0 0.106935 -100.961 0 0 0 180 0 180 0 -180
0 -180 0 -180 0 180 0 0 0.8662 48.3606 0 -0 0 -0 0 -180 0 180
0 180 0 -0 0 0 0 180 0.0197137 60.4333 0 0 0 -0 0 180 0 -180
0 -180 0 180 0 -0 0 -180 0.0260429 53.656 0 -0 0 0 0 -0 0 180
0 180 0 -180 0 -0 0 -0 0.0196085 59.9767 0 0 0 0 0 0 0 -180
0 -180 0 -180 0 0 0 180 0.0259105 53.3388 0 -0 0 0 0 0 0 -180
0 180 0 -0 0 180 0 -180 0.171441 -108.721 0 -180 0 -180 0 0 0 -180
0 -180 0 0 0 -180 0 -180 0.776804 47.898 0 -180 0 -180 0 0 0 -180
inside=1 lambda=0.647 phi=35 theta=30
0 180 0 180 0 -180 0 -0 0.120337 -103.246 0 0 0 180 0 180 0 -180
0 -180 0 -180 0 180 0 0 0.84729 48.2603 0 -0 0 -0 0 -180 0 180
0 180 0 -0 0 0 0 180 0.0341087 60.3627 0 0 0 -0 0 180 0 -180
0 -180 0 180 0 -0 0 -180 0.0450429 53.5306 0 -0 0 0 0 -0 0 180
0 180 0 180 0 -0 0 -0 0.0340084 60.1105 0 0 0 0 0 0 0 -180
0 -180 0 -180 0 0 0 180 0.0449213 53.3545 0 -0 0 0 0 0 0 -180
0 180 0 -0 0 180 0 -180 0.157674 -107.558 0 180 0 -180 0 0 0 -180
0 -180 0 0 0 -180 0 -180 0.795679 47.9936 0 -180 0 -180 0 0 0 -180
inside=1 lambda=0.647 phi=35 theta=45
0 180 0 180 0 -180 0 -0 0.138922 -105.669 0 0 0 180 0 180 0 -180
0 -180 0 -180 0 180 0 0 0.821476 48.1263 0 0 0 -180 0 -180 0 180
0 180 0 -0 0 0 0 180 0.0393295 60.2501 0 0 0 -0 0 0 0 -180
0 -180 0 180 0 0 0 -180 0.0519354 53.4177 0 0 0 0 0 -0 0 -180
0 180 0 180 0 -0 0 -0 0.0393295 60.2501 0 0 0 0 0 0 0 -180
0 -180 0 -180 0 0 0 180 0.0519354 53.4177 0 -0 0 0 0 0 0 -180
0 180 0 -0 0 180 0 180 0.138922 -105.669 0 180 0 -180 0 0 0 -180
0 -180 0 0 0 -180 0 -180 0.821476 48.1263 0 -180 0 180 0 0 0 180
inside=1 lambda=0.647 phi=40 theta=0
0 180 0 180 0 -180 0 -0 0.0911205 -100.572 0 0 0 180 0 180 0 -180
0 -0 0 -180 0 180 0 0 0.893048 46.205 0 -0 0 -0 0 -180 0 180
0 180 0 -0 0 0 0 -180 2.75273e-13 157.617 0 0 0 -0 0 180 0 -180
0 -180 0 180 0 -0 0 -180 2.28607e-13 80.9775 0 0 0 0 0 -0 0 180
0 -180 0 -180 0 0 0 -0 1.51695e-14 -13.6685 0 -0 0 0 0 0 0 -180
0 -180 0 -180 0 0 0 -180 3.91286e-14 -58.7788 0 -0 0 0 0 0 0 -180
0 -180 0 0 0 -180 0 -180 0.195965 -114.37 0 -180 0 -180 0 0 0 -180
0 -180 0 0 0 -180 0 -180 0.7507 45.4585 0 -180 0 -180 0 0 0 -180
inside=1 lambda=0.647 phi=40 theta=15
0 180 0 180 0 -180 0 -0 0.097739 -102.362 0 0 0 180 0 180 0 -180
0 -0 0 -180 0 180 0 0 0.883494 46.1481 0 -0 0 -0 0 -180 0 180
0 180 0 -0 0 0 0 180 0.0279689 55.8587 0 0 0 -0 0 180 0 -180
0 -180 0 180 0 -0 0 -180 0.035966 51.4134 0 -0 0 0 0 -0 0 180
0 180 0 180 0 -0 0 -0 0.0277737 55.2945 0 0 0 0 0 0 0 -180
0 -180 0 -180 0 0 0 180 0.0357035 51.0092 0 -0 0 0 0 0 0 -180
0 180 0 -0 0 180 0 -180 0.188829 -113.864 0 180 0 -180 0 0 0 -180
0 -180 0 0 0 -180 0 -180 0.760222 45.5025 0 -180 0 -180 0 0 0 -180
inside=1 lambda=0.647 phi=40 theta=30
0 180 0 180 0 -180 0 -0 0.116413 -106.207 0 0 0 180 0 180 0 -180
0 -180 0 -180 0 180 0 0 0.857411 46.005 0 -0 0 -0 0 -180 0 180
0 180 0 -0 0 0 0 180 0.0483743 55.7925 0 0 0 -0 0 0 0 -180
0 -180 0 180 0 -0 0 -180 0.0621489 51.2189 0 -0 0 0 0 -0 0 180
0 180 0 180 0 -0 0 -0 0.0481973 55.4915 0 0 0 0 0 0 0 -180
0 -180 0 -180 0 0 0 180 0.0619263 51.0013 0 -0 0 0 0 0 0 -180
0 180 0 -0 0 180 0 -180 0.169278 -112.377 0 180 0 -180 0 0 0 -180
0 -180 0 0 0 -180 0 -180 0.786244 45.6333 0 -180 0 180 0 0 0 180
inside=1 lambda=0.647 phi=40 theta=45
0 180 0 180 0 -180 0 -0 0.142657 -109.829 0 0 0 180 0 180 0 -180
0 -180 0 -180 0 180 0 0 0.821813 45.8181 0 -0 0 -0 0 -180 0 180
0 180 0 -0 0 0 0 180 0.0557599 55.6666 0 0 0 -0 0 0 0 -180
0 -180 0 180 0 -0 0 -180 0.0716214 51.0683 0 -0 0 0 0 -0 0 180
0 180 0 180 0 -0 0 -0 0.0557599 55.6666 0 0 0 0 0 0 0 -180
0 -180 0 -180 0 0 0 180 0.0716214 51.0683 0 -0 0 -0 0 -0 0 180
0 180 0 -0 0 180 0 180 0.142657 -109.829 0 180 0 -180 0 0 0 -180
0 -180 0 0 0 -0 0 -180 0.821813 45.8181 0 -180 0 180 0 -0 0 180
inside=1 lambda=0.647 phi=45 theta=0
0 180 0 180 0 -180 0 -0 0.077487 -98.2777 0 0 0 180 0 180 0 -180
0 -0 0 -180 0 180 0.0103067 -10.9419 0.918028 43.8747 0 -0 0 -0 0 -180 0 180
0 180 0 -0 0 0 0 0 2.10832e-13 -96.3311 0 -180 0 -0 0 180 0 -180
0 -180 0 180 0 -0 3.56151e-13 -42.2038 6.12244e-14 -160.659 0 180 0 0 0 -0 0 180
0 -180 0 -180 0 0 0 -0 1.2802e-14 -41.5748 0 180 0 0 0 0 0 -180
0 -180 0 -180 0 0 2.10588e-15 -83.7419 1.61113e-14 56.5955 0 0 0 0 0 0 0 -180
0 -180 0 0 0 -180 0 -180 0.220636 -120.286 0 -180 0 -180 0 0 0 -180
0 -180 0 0 0 -180 0.0726654 -154.383 0.726385 42.8706 0 -180 0 -180 0 0 0 -180
inside=1 lambda=0.647 phi=45 theta=15
0 180 0 180 0 -180 0 -0 0.085319 -102.087 0 0 0 180 0 180 0 -180
0 -0 0 -180 0 180 0 0 0.905706 43.7608 0 -0 0 -0 0 -180 0 180
0 180 0 -0 0 0 0 180 0.0388089 50.9012 0 0 0 -0 0 0 0 -180
0 -180 0 180 0 -0 0 -180 0.0485852 48.9912 0 -0 0 0 0 -0 0 180
0 180 0 180 0 -0 0 -0 0.0384329 50.2101 0 0 0 0 0 0 0 -180
0 -180 0 -180 0 0 0 180 0.048039 48.4817 0 -0 0 0 0 0 0 -180
0 180 0 -0 0 180 0 -180 0.210479 -119.481 0 180 0 -180 0 0 0 -180
0 -180 0 0 0 -180 0 -180 0.739668 42.886 0 -180 0 -180 0 0 0 -180
inside=1 lambda=0.647 phi=45 theta=30
0 180 0 180 0 -180 0 -0 0.110294 -108.875 0 0 0 180 0 180 0 -180
0 -180 0 -180 0 180 0 0 0.870568 43.5536 0 -0 0 -0 0 -180 0 180
0 180 0 -0 0 0 0 180 0.0670758 50.874 0 0 0 -0 0 0 0 -180
0 -180 0 180 0 -0 0 -180 0.0837865 48.6695 0 -0 0 0 0 -0 0 180
0 180 0 180 0 -0 0 -0 0.0667737 50.5286 0 0 0 0 0 0 0 -180
0 -180 0 -180 0 0 0 180 0.0833978 48.4102 0 -0 0 -0 0 -0 0 180
0 180 0 -0 0 180 0 180 0.183382 -117.629 0 180 0 -180 0 0 0 -180
0 -180 0 0 0 -180 0 -180 0.774703 43.0515 0 -180 0 180 0 -0 0 180
inside=1 lambda=0.647 phi=45 theta=45
0 180 0 180 0 -180 0 -0 0.146435 -114.297 0 0 0 180 0 180 0 -180
0 -180 0 -180 0 180 0 0 0.822611 43.3009 0 -0 0 -0 0 -180 0 180
0 180 0 -0 0 0 0 180 0.0772848 50.7424 0 0 0 -0 0 0 0 -180
0 -180 0 180 0 -0 0 -180 0.0964933 48.4735 0 -0 0 0 0 -0 0 180
0 180 0 180 0 -0 0 -0 0.0772848 50.7424 0 0 0 0 0 0 0 -180
0 -180 0 -180 0 0 0 180 0.0964933 48.4735 0 -0 0 -0 0 -0 0 180
0 180 0 -0 0 180 0 180 0.146435 -114.297 0 180 0 -180 0 0 0 -180
0 -180 0 0 0 -0 0 -180 0.822611 43.3009 0 -180 0 180 0 -0 0 180
