RSoft_BSDF_File_Version 2
1 0 5 2 1 0.274286
0.3 0.3
-1 1
-1 1
1 0.647 0.647
10 0 45 0.5
4 0 45
Begin_Dispersion_Data
0.647 1.45662 0 1 0 0
End_Dispersion_Data
inside=0 lambda=0.647 phi=0 theta=0
0 -180 0 -180 0 -180 0 0 0.185089 -0.4603 0 0 0 -180 0 -180 0 -180
0 -0 0 -0 0 -0 0 180 1.18605 153.318 0 180 0 -0 0 -0 0 -0
0 -180 0 -0 0 0 0 -0 2.41194e-14 -132.394 0 180 0 0 0 180 0 -180
0 -0 0 -180 0 180 0 -180 1.79758e-13 62.1663 0 0 0 180 0 -0 0 -0
0 -180 0 180 0 0 0 -0 2.71788e-14 -115.113 0 180 0 0 0 -0 0 -180
0 -0 0 0 0 180 0 0 1.80246e-13 64.9404 0 0 0 180 0 -180 0 -0
0 -180 0 0 0 -180 0 -180 0.185089 -0.4603 0 -180 0 -180 0 0 0 -180
0 -0 0 180 0 -0 0 -0 1.18605 153.318 0 -0 0 -0 0 180 0 -0
inside=0 lambda=0.647 phi=0 theta=15
0 -180 0 -180 0 -180 0 0 0.185089 -0.4603 0 0 0 -180 0 -180 0 -180
0 -0 0 -0 0 -0 0 180 1.18605 153.318 0 180 0 -0 0 -0 0 -0
0 -180 0 -0 0 0 0 -0 2.41194e-14 -132.394 0 180 0 0 0 180 0 -180
0 -0 0 -180 0 180 0 -180 1.79758e-13 62.1663 0 0 0 180 0 -0 0 -0
0 -180 0 180 0 0 0 -0 2.71788e-14 -115.113 0 180 0 0 0 -0 0 -180
0 -0 0 0 0 180 0 0 1.80246e-13 64.9404 0 0 0 180 0 -180 0 -0
0 -180 0 0 0 -180 0 -180 0.185089 -0.4603 0 -180 0 -180 0 0 0 -180
0 -0 0 180 0 -0 0 -0 1.18605 153.318 0 -0 0 -0 0 180 0 -0
inside=0 lambda=0.647 phi=0 theta=30
0 -180 0 -180 0 -180 0 0 0.185089 -0.4603 0 0 0 -180 0 -180 0 -180
0 -0 0 -0 0 -0 0 180 1.18605 153.318 0 180 0 -0 0 -0 0 -0
0 -180 0 -0 0 0 0 -0 2.41194e-14 -132.394 0 180 0 0 0 180 0 -180
0 -0 0 -180 0 180 0 -180 1.79758e-13 62.1663 0 0 0 180 0 -0 0 -0
0 -180 0 180 0 0 0 -0 2.71788e-14 -115.113 0 180 0 0 0 -0 0 -180
0 -0 0 0 0 180 0 0 1.80246e-13 64.9404 0 0 0 180 0 -180 0 -0
0 -180 0 0 0 -180 0 -180 0.185089 -0.4603 0 -180 0 -180 0 0 0 -180
0 -0 0 180 0 -0 0 -0 1.18605 153.318 0 -0 0 -0 0 180 0 -0
inside=0 lambda=0.647 phi=0 theta=45
0 -180 0 -180 0 -180 0 0 0.185089 -0.4603 0 0 0 -180 0 -180 0 -180
0 -0 0 -0 0 -0 0 180 1.18605 153.318 0 180 0 -0 0 -0 0 -0
0 -180 0 -0 0 0 0 -0 2.41194e-14 -132.394 0 180 0 0 0 180 0 -180
0 -0 0 -180 0 180 0 -180 1.79758e-13 62.1663 0 0 0 180 0 -0 0 -0
0 -180 0 180 0 0 0 -0 2.71788e-14 -115.113 0 180 0 0 0 -0 0 -180
0 -0 0 0 0 180 0 0 1.80246e-13 64.9404 0 0 0 180 0 -180 0 -0
0 -180 0 0 0 -180 0 -180 0.185089 -0.4603 0 -180 0 -180 0 0 0 -180
0 -0 0 180 0 -0 0 -0 1.18605 153.318 0 -0 0 -0 0 180 0 -0
inside=0 lambda=0.647 phi=5 theta=0
0 180 0 -180 0 -180 0 0 0.182965 -0.467512 0 0 0 180 0 -180 0 -180
0 -0 0 -0 0 -0 0 180 1.18398 152.094 0 180 0 -0 0 -0 0 -0
0 -180 0 -0 0 0 0 180 3.58714e-14 68.0854 0 180 0 0 0 180 0 -180
0 -0 0 -180 0 180 0 0 2.13735e-13 -115.19 0 0 0 180 0 0 0 -0
0 -180 0 -180 0 0 0 -0 3.83076e-14 63.3213 0 180 0 0 0 0 0 -180
0 -0 0 -0 0 180 0 -180 2.48956e-13 -116.875 0 0 0 180 0 180 0 -0
0 -180 0 0 0 -180 0 -180 0.187085 -0.480432 0 -180 0 -180 0 0 0 -180
0 -0 0 180 0 -0 0 -0 1.18815 152.09 0 -0 0 -0 0 180 0 -0
inside=0 lambda=0.647 phi=5 theta=15
0 -180 0 -180 0 -180 0 0 0.183241 -0.468396 0 0 0 -180 0 -180 0 -180
0 -0 0 -0 0 -0 0 180 1.18426 152.094 0 180 0 -0 0 -0 0 -0
0 -180 0 -0 0 0 0 -180 0.00103021 178.959 0 0 0 0 0 180 0 -180
0 -0 0 -180 0 180 0 -0 0.00104455 -29.0057 0 180 0 180 0 0 0 -0
0 -180 0 -180 0 0 0 -0 0.00103021 178.959 0 180 0 0 0 0 0 -180
0 -0 0 -0 0 180 0 -180 0.00104455 -29.0053 0 0 0 180 0 180 0 -0
0 -180 0 0 0 -180 0 -180 0.186809 -0.479584 0 -180 0 -180 0 0 0 -180
0 -0 0 180 0 -0 0 -0 1.18787 152.09 0 -0 0 -0 0 180 0 -0
inside=0 lambda=0.647 phi=5 theta=30
0 -180 0 -180 0 -180 0 0 0.183995 -0.470796 0 0 0 -180 0 -180 0 -180
0 -0 0 -0 0 -0 0 180 1.18502 152.093 0 180 0 -0 0 -0 0 -0
0 -180 0 -0 0 0 0 -180 0.00178438 178.959 0 0 0 0 0 180 0 -180
0 -0 0 -180 0 180 0 -0 0.00180921 -29.0056 0 180 0 180 0 0 0 -0
0 -180 0 -180 0 0 0 -0 0.00178438 178.959 0 180 0 0 0 0 0 -180
0 -0 0 -0 0 180 0 -180 0.00180921 -29.0054 0 0 0 180 0 180 0 -0
0 -180 0 0 0 -180 0 -180 0.186055 -0.477255 0 -180 0 -180 0 0 0 -180
0 -0 0 180 0 -0 0 -0 1.18711 152.091 0 -0 0 -0 0 180 0 -0
inside=0 lambda=0.647 phi=5 theta=45
0 -180 0 -180 0 -180 0 0 0.185025 -0.474043 0 0 0 -180 0 -180 0 -180
0 -0 0 -0 0 -0 0 180 1.18606 152.092 0 180 0 -0 0 -0 0 -0
0 -180 0 -0 0 0 0 -180 0.00206042 178.959 0 0 0 0 0 180 0 -180
0 -0 0 -180 0 180 0 -0 0.0020891 -29.0055 0 180 0 180 0 0 0 -0
0 -180 0 -180 0 0 0 -0 0.00206042 178.959 0 180 0 0 0 0 0 -180
0 -0 0 -0 0 180 0 -180 0.0020891 -29.0055 0 0 0 180 0 180 0 -0
0 -180 0 0 0 -180 0 -180 0.185025 -0.474043 0 -180 0 -180 0 0 0 -180
0 -0 0 180 0 -0 0 -0 1.18606 152.092 0 -0 0 -0 0 180 0 -0
inside=0 lambda=0.647 phi=10 theta=0
0 180 0 -180 0 -180 0 0 0.176353 -0.478377 0 0 0 180 0 -180 0 -180
0 -0 0 -0 0 -0 0 180 1.17749 148.398 0 180 0 -0 0 -0 0 -0
0 180 0 -0 0 0 0 -0 7.79268e-14 57.0431 0 -0 0 -0 0 180 0 -180
0 -0 0 -180 0 180 0 -180 4.20066e-13 -119.55 0 -0 0 180 0 0 0 -0
0 -180 0 -180 0 0 0 -0 7.90637e-14 52.65 0 -0 0 0 0 0 0 -180
0 -0 0 -0 0 180 0 -0 4.55746e-13 -118.957 0 -180 0 180 0 180 0 -0
0 -180 0 0 0 -180 0 -180 0.193272 -0.536368 0 -180 0 -180 0 0 0 -180
0 -0 0 180 0 -0 0 -0 1.1947 148.383 0 -0 0 -0 0 180 0 -0
inside=0 lambda=0.647 phi=10 theta=15
0 180 0 -180 0 -180 0 0 0.177486 -0.482605 0 0 0 180 0 -180 0 -180
0 -0 0 -0 0 -0 0 180 1.17864 148.397 0 180 0 -0 0 -0 0 -0
0 180 0 -0 0 0 0 -180 0.00423046 178.873 0 0 0 -0 0 180 0 -180
0 -0 0 -180 0 180 0 -0 0.00430363 -32.6686 0 180 0 180 0 0 0 -0
0 -180 0 -180 0 0 0 -0 0.00423045 178.873 0 180 0 0 0 0 0 -180
0 -0 0 -0 0 180 0 -180 0.0043036 -32.667 0 0 0 180 0 180 0 -0
0 -180 0 0 0 -180 0 -180 0.192139 -0.532799 0 -180 0 -180 0 0 0 -180
0 -0 0 180 0 -0 0 -0 1.19355 148.384 0 -0 0 -0 0 180 0 -0
inside=0 lambda=0.647 phi=10 theta=30
0 180 0 -180 0 -180 0 0 0.180583 -0.493886 0 0 0 180 0 -180 0 -180
0 -0 0 -0 0 -0 0 180 1.18179 148.394 0 180 0 -0 0 -0 0 -0
0 180 0 -0 0 0 0 -180 0.00732737 178.873 0 0 0 -0 0 180 0 -180
0 -0 0 -180 0 180 0 -0 0.0074541 -32.6682 0 180 0 180 0 0 0 -0
0 -180 0 -180 0 0 0 -0 0.00732736 178.873 0 180 0 0 0 0 0 -180
0 -0 0 -0 0 180 0 -180 0.00745406 -32.6673 0 0 0 180 0 180 0 -0
0 -180 0 0 0 180 0 -180 0.189042 -0.522834 0 -180 0 -180 0 0 0 -180
0 -0 0 180 0 -0 0 -0 1.1904 148.387 0 -0 0 -0 0 180 0 -0
inside=0 lambda=0.647 phi=10 theta=45
0 180 0 -180 0 -180 0 0 0.184813 -0.508689 0 0 0 180 0 -180 0 -180
0 -0 0 -0 0 -0 0 180 1.1861 148.39 0 180 0 -0 0 -0 0 -0
0 -180 0 -0 0 0 0 -180 0.00846091 178.873 0 0 0 -0 0 180 0 -180
0 -0 0 -180 0 180 0 -0 0.00860723 -32.6678 0 180 0 180 0 0 0 -0
0 -180 0 -180 0 -0 0 -0 0.00846091 178.873 0 180 0 0 0 0 0 -180
0 -0 0 -0 0 180 0 -180 0.00860723 -32.6678 0 0 0 180 0 180 0 -0
0 180 0 0 0 180 0 -180 0.184813 -0.508689 0 -180 0 -180 0 0 0 -180
0 -0 0 180 0 -0 0 -0 1.1861 148.39 0 -0 0 -0 0 180 0 -0
inside=0 lambda=0.647 phi=15 theta=0
0 180 0 -180 0 -180 0 -0 0.164487 -0.45668 0 0 0 180 0 -180 0 -180
0 -0 0 -0 0 -180 0 180 1.16574 142.155 0 0 0 -0 0 -0 0 -180
0 180 0 -0 0 0 0 -0 2.72836e-14 46.2163 0 -0 0 -0 0 180 0 -180
0 -0 0 -180 0 180 0 -180 1.6307e-13 -128.867 0 -180 0 180 0 0 0 -0
0 -180 0 -180 0 0 0 180 2.30347e-14 29.3609 0 -0 0 0 0 0 0 -180
0 -0 0 -0 0 180 0 0 1.71065e-13 -131.812 0 -180 0 180 0 180 0 -0
0 -180 0 0 0 -180 0 -180 0.204312 -0.612032 0 -180 0 -180 0 0 0 -180
0 -0 0 180 0 -0 0 -0 1.20651 142.122 0 -0 0 -0 0 180 0 -0
inside=0 lambda=0.647 phi=15 theta=15
0 180 0 -180 0 -180 0 -0 0.167155 -0.469395 0 0 0 180 0 -180 0 -180
0 -0 0 -0 0 -180 0 180 1.16847 142.153 0 180 0 -0 0 -0 0 -180
0 180 0 -0 0 0 0 -180 0.00995828 178.76 0 0 0 -0 0 180 0 -180
0 -0 0 -180 0 180 0 -0 0.0101942 -38.8689 0 180 0 180 0 0 0 -0
0 -180 0 -180 0 0 0 -180 0.0099582 178.759 0 180 0 0 0 0 0 -180
0 -0 0 -0 0 180 0 -180 0.010194 -38.8653 0 0 0 180 0 180 0 -0
0 -180 0 0 0 180 0 -180 0.201644 -0.603529 0 -180 0 -180 0 0 0 -180
0 -0 0 180 0 -0 0 -0 1.20378 142.124 0 -0 0 -0 0 180 0 -0
inside=0 lambda=0.647 phi=15 theta=30
0 180 0 -180 0 -180 0 -0 0.174444 -0.502145 0 0 0 180 0 -180 0 -180
0 -0 0 -0 0 -0 0 180 1.17593 142.147 0 180 0 -0 0 -0 0 -0
0 180 0 -0 0 0 0 -180 0.0172482 178.76 0 0 0 -0 0 180 0 -180
0 -0 0 -180 0 180 0 -0 0.0176568 -38.868 0 180 0 180 0 0 0 -0
0 -180 0 -180 0 -0 0 -180 0.0172482 178.76 0 180 0 0 0 0 0 -180
0 -0 0 -0 0 180 0 -180 0.0176566 -38.8659 0 0 0 180 0 180 0 -0
0 180 0 0 0 180 0 -180 0.194356 -0.579124 0 -180 0 -180 0 0 0 -180
0 -0 0 180 0 -0 0 -0 1.19631 142.13 0 -0 0 -0 0 180 0 -0
inside=0 lambda=0.647 phi=15 theta=45
0 180 0 -180 0 -180 0 0 0.1844 -0.542703 0 0 0 180 0 -180 0 -180
0 -0 0 -0 0 -0 0 180 1.18612 142.138 0 180 0 -0 0 -0 0 -0
0 180 0 -0 0 0 0 -180 0.0199165 178.76 0 0 0 -0 0 180 0 -180
0 -0 0 -180 0 180 0 -0 0.0203882 -38.8669 0 180 0 180 0 0 0 -0
0 180 0 -180 0 -0 0 -0 0.0199165 178.76 0 180 0 0 0 0 0 -180
0 -0 0 -0 0 180 0 -180 0.0203882 -38.8669 0 0 0 180 0 180 0 -0
0 180 0 0 0 180 0 -180 0.1844 -0.542703 0 -180 0 -180 0 0 0 -180
0 -0 0 180 0 -0 0 -0 1.18612 142.138 0 -0 0 -0 0 180 0 -0
inside=0 lambda=0.647 phi=20 theta=0
0 180 0 180 0 -180 0 -0 0.14587 -0.330367 0 0 0 180 0 180 0 -180
0 -0 0 -0 0 -180 0 180 1.14693 133.215 0 0 0 -0 0 -0 0 -180
0 180 0 -0 0 0 0 -0 3.00918e-14 -137.268 0 180 0 -0 0 180 0 -180
0 -0 0 -180 0 0 0 180 1.17267e-13 45.7618 0 -0 0 180 0 0 0 -180
0 -180 0 -180 0 0 0 180 5.24554e-14 -126.019 0 -0 0 0 0 0 0 -180
0 -0 0 -0 0 180 0 0 1.68131e-13 52.0467 0 -180 0 180 0 180 0 -0
0 -180 0 0 0 -180 0 -180 0.221559 -0.671646 0 -180 0 -180 0 0 0 -180
0 -0 0 180 0 -0 0 -0 1.22521 133.153 0 -0 0 -0 0 180 0 -0
inside=0 lambda=0.647 phi=20 theta=15
0 180 0 -180 0 -180 0 -0 0.15094 -0.363953 0 0 0 180 0 180 0 -180
0 -0 0 -0 0 -180 0 180 1.15217 133.21 0 0 0 -0 0 -0 0 -180
0 180 0 -0 0 0 0 -180 0.0189278 178.684 0 0 0 -0 0 180 0 -180
0 -0 0 -180 0 0 0 -0 0.0195724 -47.7831 0 0 0 180 0 0 0 -180
0 -180 0 -180 0 -0 0 -180 0.0189275 178.683 0 180 0 0 0 0 0 -180
0 -0 0 -0 0 180 0 -180 0.0195717 -47.7766 0 0 0 180 0 180 0 -0
0 -180 0 0 0 180 0 -180 0.216489 -0.65621 0 -180 0 -180 0 0 0 -180
0 -0 0 180 0 -0 0 -0 1.21996 133.157 0 -0 0 -0 0 180 0 -0
inside=0 lambda=0.647 phi=20 theta=30
0 180 0 -180 0 -180 0 -0 0.164792 -0.445106 0 0 0 180 0 180 0 -180
0 -0 0 -0 0 -180 0 180 1.1665 133.199 0 0 0 -0 0 -0 0 -180
0 180 0 -0 0 0 0 -180 0.032784 178.684 0 0 0 -0 0 180 0 -180
0 -0 0 -180 0 0 0 -0 0.0338999 -47.7811 0 0 0 180 0 0 0 -180
0 180 0 -180 0 -0 0 -180 0.0327837 178.683 0 180 0 0 0 0 0 -180
0 -0 0 -0 0 180 0 -180 0.0338993 -47.7774 0 0 0 180 0 180 0 -0
0 180 0 0 0 180 0 -180 0.202637 -0.610156 0 -180 0 -180 0 0 0 -180
0 -0 0 180 0 -0 0 -0 1.20564 133.168 0 -0 0 -0 0 0 0 -180
inside=0 lambda=0.647 phi=20 theta=45
0 180 0 -180 0 -180 0 -0 0.183715 -0.536119 0 0 0 180 0 -180 0 -180
0 -0 0 -0 0 -180 0 180 1.18607 133.183 0 0 0 -0 0 -0 0 -180
0 180 0 -180 0 0 0 -180 0.0378557 178.684 0 0 0 -0 0 180 0 -180
0 -0 0 -180 0 0 0 -0 0.0391438 -47.7789 0 0 0 180 0 0 0 -180
0 180 0 -180 0 -0 0 -180 0.0378557 178.684 0 180 0 0 0 0 0 -180
0 -0 0 -0 0 180 0 -180 0.0391438 -47.7789 0 0 0 0 0 0 0 -180
0 180 0 -0 0 180 0 -180 0.183715 -0.536119 0 -180 0 -180 0 0 0 -180
0 -0 0 180 0 -0 0 -0 1.18607 133.183 0 -0 0 -180 0 0 0 -180
inside=0 lambda=0.647 phi=25 theta=0
0 180 0 180 0 -180 0 -0 0.117706 0.0160467 0 0 0 180 0 180 0 -180
0 -0 0 -0 0 -180 0 180 1.1176 121.291 0 0 0 -0 0 -0 0 -180
0 180 0 -0 0 0 0 -0 1.77227e-13 -148.815 0 0 0 -0 0 180 0 -180
0 -0 0 -180 0 0 0 -180 5.52483e-13 36.5351 0 -180 0 180 0 0 0 -180
0 -180 0 -180 0 0 0 180 2.33572e-13 -149.024 0 -0 0 0 0 0 0 -180
0 -0 0 -0 0 180 0 -0 6.30167e-13 33.4393 0 -180 0 180 0 180 0 -0
0 -180 0 0 0 -180 0 -180 0.247658 -0.646581 0 -180 0 -180 0 0 0 -180
0 -0 0 180 0 -0 0 -180 1.25396 121.183 0 -0 0 -0 0 180 0 -0
inside=0 lambda=0.647 phi=25 theta=15
0 180 0 180 0 -180 0 -0 0.12641 -0.0712563 0 0 0 180 0 180 0 -180
0 -0 0 -0 0 -180 0 180 1.12673 121.283 0 0 0 -0 0 -0 0 -180
0 180 0 -0 0 0 0 -180 0.0325005 178.766 0 0 0 -0 0 180 0 -180
0 -0 0 -180 0 0 0 -0 0.0340953 -59.7411 0 0 0 180 0 0 0 -180
0 -180 0 -180 0 -0 0 -180 0.0324992 178.764 0 180 0 0 0 0 0 -180
0 -0 0 -0 0 180 0 -180 0.0340933 -59.7306 0 0 0 180 0 0 0 -180
0 180 0 0 0 180 0 -180 0.238955 -0.624734 0 -180 0 -180 0 0 0 -180
0 -0 0 180 0 -0 0 -0 1.24483 121.189 0 -0 0 -180 0 0 0 -180
inside=0 lambda=0.647 phi=25 theta=30
0 180 0 180 0 -180 0 -0 0.150192 -0.257681 0 0 0 180 0 180 0 -180
0 -0 0 -0 0 -180 0 180 1.15169 121.261 0 0 0 -0 0 -0 0 -180
0 180 0 -0 0 0 0 -180 0.0562933 178.766 0 0 0 -0 0 180 0 -180
0 -0 0 -180 0 0 0 -0 0.0590532 -59.737 0 0 0 180 0 0 0 -180
0 180 0 -180 0 -0 0 -180 0.0562921 178.765 0 180 0 0 0 0 0 -180
0 -0 0 -0 0 180 0 -180 0.0590515 -59.7313 0 0 0 0 0 0 0 -180
0 180 0 -0 0 180 0 -180 0.215173 -0.556058 0 -180 0 -180 0 0 0 -180
0 -0 0 180 0 -0 0 -0 1.21987 121.207 0 -0 0 -180 0 0 0 -180
inside=0 lambda=0.647 phi=25 theta=45
0 180 0 -180 0 -180 0 -0 0.182682 -0.43345 0 0 0 180 0 180 0 -180
0 -0 0 -0 0 -180 0 180 1.18578 121.233 0 0 0 -0 0 -0 0 -180
0 180 0 -180 0 0 0 -180 0.0650019 178.765 0 0 0 -0 0 180 0 -180
0 -0 0 -180 0 0 0 -0 0.0681874 -59.7334 0 0 0 180 0 0 0 -180
0 180 0 -180 0 -0 0 -180 0.0650019 178.765 0 180 0 0 0 0 0 -180
0 -0 0 -0 0 180 0 -180 0.0681874 -59.7334 0 0 0 0 0 0 0 -180
0 180 0 -0 0 180 0 -180 0.182682 -0.43345 0 180 0 -180 0 0 0 -180
0 -0 0 180 0 -0 0 -0 1.18578 121.233 0 -0 0 -180 0 0 0 -180
inside=0 lambda=0.647 phi=30 theta=0
0 180 0 180 0 -180 0.00256608 -115.607 0.074162 0.679817 0 0 0 180 0 180 0 -180
0 -0 0 -0 0 -180 0 180 1.0706 105.822 0 0 0 -0 0 -0 0 -180
0 180 0 -0 0 0 8.72416e-15 -19.0369 1.89866e-14 -3.88042 0 -0 0 -0 0 180 0 -180
0 -0 0 -180 0 0 0 -0 4.10949e-14 -134.832 0 -0 0 180 0 0 0 -180
0 -180 0 -180 0 0 4.93803e-14 39.0782 5.55186e-14 15.7483 0 -0 0 0 0 0 0 -180
0 -0 0 -180 0 180 0 -0 8.97509e-14 -174.438 0 -180 0 180 0 0 0 -0
0 -180 0 0 0 -180 0.00898323 -134.569 0.288156 -0.420629 0 -180 0 -180 0 0 0 -180
0 -0 0 0 0 -0 0 -180 1.29923 105.618 0 -0 0 -0 0 0 0 -0
inside=0 lambda=0.647 phi=30 theta=15
0 180 0 180 0 -180 0 -0 0.0884936 0.430374 0 0 0 180 0 180 0 -180
0 -0 0 -0 0 -180 0 180 1.08593 105.805 0 0 0 -0 0 -0 0 -180
0 180 0 -0 0 0 0 -180 0.0535246 179.216 0 0 0 -0 0 180 0 -180
0 -0 0 -180 0 0 0 -0 0.0571669 -75.377 0 0 0 180 0 0 0 -180
0 180 0 -180 0 -0 0 -180 0.0535205 179.213 0 180 0 0 0 0 0 -180
0 -0 0 -0 0 180 0 -180 0.0571584 -75.361 0 0 0 0 0 0 0 -180
0 180 0 -0 0 180 0 -180 0.273831 -0.399856 0 -180 0 -180 0 0 0 -180
0 -0 0 180 0 -0 0 -180 1.28392 105.628 0 -0 0 -180 0 0 0 -180
inside=0 lambda=0.647 phi=30 theta=30
0 180 0 180 0 -180 0 -0 0.127649 0.05176 0 0 0 180 0 180 0 -180
0 -0 0 -0 0 -180 0 180 1.12777 105.761 0 0 0 -0 0 -0 0 -180
0 180 0 -180 0 0 0 180 0.0927133 179.214 0 0 0 -0 0 180 0 -180
0 -0 0 -180 0 0 0 -0 0.0990069 -75.3681 0 0 0 180 0 0 0 -180
0 180 0 180 0 -0 0 -180 0.09271 179.212 0 180 0 0 0 0 0 -180
0 -0 0 -0 0 180 0 -180 0.0990023 -75.36 0 0 0 0 0 0 0 -180
0 180 0 -0 0 180 0 -180 0.23467 -0.334651 0 180 0 -180 0 0 0 -180
0 -0 0 180 0 -0 0 -0 1.24207 105.66 0 -0 0 -180 0 0 0 -180
inside=0 lambda=0.647 phi=30 theta=45
0 180 0 -180 0 -180 0 -0 0.181159 -0.198808 0 0 0 180 0 180 0 -180
0 -0 0 -0 0 -180 0 180 1.18492 105.707 0 0 0 -0 0 -0 0 -180
0 180 0 -180 0 0 0 180 0.107057 179.213 0 0 0 -0 0 180 0 -180
0 -0 0 -180 0 0 0 -0 0.114319 -75.3624 0 0 0 180 0 0 0 -180
0 180 0 180 0 -0 0 -180 0.107057 179.213 0 180 0 0 0 0 0 -180
0 -0 0 -0 0 180 0 -180 0.114319 -75.3624 0 0 0 0 0 0 0 -180
0 180 0 -0 0 180 0 -180 0.181159 -0.198808 0 180 0 -180 0 0 0 -180
0 -0 0 180 0 -0 0 -0 1.18492 105.707 0 -0 0 -180 0 0 0 -180
inside=0 lambda=0.647 phi=35 theta=0
0 180 0 180 0 -180 0.00838175 -116.116 0.00100663 -111.02 0 0 0 180 0 180 0 -180
0 -0 0 -0 0 -180 0 180 0.988444 85.5172 0 0 0 -0 0 -0 0 -180
0 180 0 -0 0 0 3.50965e-14 -31.6302 1.19544e-13 -3.75189 0 -0 0 -0 0 180 0 -180
0 -0 0 180 0 0 0 180 2.93457e-13 -171.676 0 180 0 180 0 -0 0 -180
0 -180 0 -180 0 0 2.28136e-14 -101.842 1.12083e-12 -5.49586 0 180 0 0 0 0 0 -180
0 -180 0 -180 0 0 0 180 1.62911e-12 174.412 0 -0 0 0 0 0 0 -180
0 -180 0 0 0 -180 0.0111028 -117.723 0.356883 0.181835 0 -180 0 -180 0 0 0 -180
0 -180 0 0 0 -180 0 -180 1.37646 85.0809 0 -180 0 -180 0 0 0 -180
inside=0 lambda=0.647 phi=35 theta=15
0 180 0 180 0 -180 0.00622482 -119.792 0.0235773 -1.98042 0 0 0 180 0 180 0 -180
0 -0 0 -0 0 -180 0 180 1.01445 85.4762 0 0 0 -0 0 -0 0 -180
0 180 0 -0 0 0 0.000445228 71.6937 0.0893454 -179.651 0 0 0 -0 0 180 0 -180
0 -0 0 180 0 0 0 -0 0.0970377 -96.061 0 0 0 180 0 -0 0 -180
0 180 0 180 0 -0 0.00309756 -142.071 0.0893377 -179.655 0 180 0 0 0 0 0 -180
0 -0 0 -0 0 180 0 180 0.097018 -96.0517 0 -0 0 0 0 0 0 -180
0 180 0 -0 0 180 0.00973867 -125.044 0.332969 0.170939 0 -180 0 -180 0 0 0 -180
0 -0 0 180 0 -0 0 -180 1.35047 85.1012 0 -180 0 -180 0 0 0 -180
inside=0 lambda=0.647 phi=35 theta=30
0 180 0 180 0 -180 0 -0 0.0889337 -0.299659 0 0 0 180 0 180 0 -180
0 -0 0 -0 0 -180 0 180 1.08549 85.3743 0 0 0 -0 0 -0 0 -180
0 180 0 -180 0 0 0 180 0.154783 -179.65 0 0 0 -0 0 180 0 -180
0 -0 0 180 0 0 0 -0 0.168037 -96.0576 0 0 0 180 0 -0 0 -180
0 180 0 180 0 -0 0 -180 0.154774 -179.652 0 180 0 0 0 0 0 -180
0 -0 0 -0 0 180 0 180 0.168023 -96.0471 0 -0 0 0 0 0 0 -180
0 180 0 -0 0 180 0 -180 0.267601 0.129652 0 180 0 -180 0 0 0 -180
0 -0 0 180 0 -0 0 -180 1.27947 85.1615 0 -0 0 -180 0 0 0 -180
inside=0 lambda=0.647 phi=35 theta=45
0 180 0 180 0 -180 0 -0 0.178263 0.0220056 0 0 0 180 0 180 0 -180
0 -0 0 -0 0 -180 0 180 1.18247 85.2579 0 0 0 -0 0 -0 0 -180
0 180 0 -180 0 0 0 180 0.178733 -179.653 0 0 0 -0 0 180 0 -180
0 -0 0 180 0 0 0 -0 0.19402 -96.049 0 0 0 180 0 -0 0 -180
0 180 0 180 0 -0 0 -180 0.178733 -179.653 0 180 0 0 0 0 0 -180
0 -0 0 -0 0 180 0 180 0.19402 -96.049 0 -0 0 0 0 0 0 -180
0 180 0 -0 0 180 0 180 0.178263 0.0220056 0 180 0 -180 0 0 0 -180
0 -0 0 180 0 -0 0 -0 1.18247 85.2579 0 -0 0 -180 0 0 0 -180
inside=0 lambda=0.647 phi=40 theta=0
0 180 0 180 0 -180 0.0191003 -121.499 0.17248 -173.831 0 0 0 180 0 180 0 -180
0 -0 0 -0 0 180 0 180 0.804747 56.1324 0 -0 0 -0 0 -0 0 180
0 180 0 -0 0 0 4.75294e-14 160.773 8.4732e-14 -30.515 0 180 0 -0 0 180 0 -180
0 -0 0 180 0 -0 0 -0 2.55891e-13 162.311 0 -0 0 180 0 -0 0 180
0 -180 0 -180 0 0 7.00054e-13 45.7889 1.2523e-12 -34.7228 0 -0 0 0 0 0 0 -180
0 -180 0 -180 0 0 0 -0 1.13458e-12 137.282 0 0 0 0 0 0 0 -180
0 -180 0 0 0 -180 0.0149201 -111.496 0.503857 1.3904 0 -180 0 -180 0 0 0 -180
0 -180 0 0 0 -180 0 -180 1.53948 55.0473 0 -180 0 -180 0 0 0 -180
inside=0 lambda=0.647 phi=40 theta=15
0 180 0 180 0 -180 0.0142883 -126.275 0.127397 -172.559 0 0 0 180 0 180 0 -180
0 -0 0 -0 0 180 0 180 0.854 55.9966 0 -0 0 -0 0 -0 0 180
0 180 0 -0 0 0 0.00282159 55.7567 0.169039 -177.38 0 0 0 -0 0 180 0 -180
0 -0 0 180 0 -0 0 -0 0.183775 -126.16 0 -0 0 180 0 -0 0 180
0 180 0 180 0 -0 0.0060628 -142.144 0.169027 -177.384 0 180 0 0 0 0 0 -180
0 -180 0 -180 0 0 0 180 0.183735 -126.156 0 -0 0 0 0 0 0 -180
0 180 0 -0 0 180 0.0119241 -117.535 0.458639 1.26716 0 180 0 -180 0 0 0 -180
0 -180 0 0 0 -0 0 -180 1.49023 55.0835 0 -180 0 -180 0 0 0 -180
inside=0 lambda=0.647 phi=40 theta=30
0 180 0 180 0 -180 0.0042934 -138.857 0.0112672 -104.394 0 0 0 180 0 180 0 -180
0 -0 0 -0 0 180 0 180 0.98849 55.6988 0 -0 0 -0 0 -0 0 180
0 180 0 -180 0 0 0.00118739 49.7478 0.292885 -177.382 0 0 0 -0 0 180 0 -180
0 -0 0 180 0 -0 0 -0 0.318241 -126.16 0 -0 0 180 0 -0 0 180
0 180 0 180 0 -0 0.00518598 -158.655 0.292865 -177.384 0 180 0 0 0 0 0 -180
0 -0 0 -0 0 180 0 180 0.318181 -126.153 0 -0 0 0 0 0 0 180
0 180 0 -0 0 180 0.00756198 -144.726 0.334972 0.765035 0 180 0 -180 0 0 0 -180
0 -0 0 180 0 -0 0 -180 1.35576 55.2006 0 -0 0 180 0 -0 0 180
inside=0 lambda=0.647 phi=40 theta=45
0 180 0 180 0 -180 0 -0 0.166068 -1.1114 0 0 0 180 0 180 0 -180
0 -0 0 -0 0 180 0 180 1.17211 55.4071 0 -0 0 -0 0 -0 0 180
0 180 0 -180 0 0 0 180 0.338239 -177.39 0 0 0 -0 0 180 0 -180
0 -0 0 180 0 -0 0 -0 0.367407 -126.153 0 -0 0 180 0 -0 0 180
0 180 0 180 0 -0 0 -180 0.338239 -177.39 0 180 0 0 0 0 0 -180
0 -0 0 -0 0 180 0 180 0.367407 -126.153 0 -0 0 -0 0 -0 0 180
0 180 0 -0 0 180 0 180 0.166068 -1.1114 0 180 0 -180 0 0 0 -180
0 -0 0 180 0 -0 0 -0 1.17211 55.4071 0 -0 0 180 0 -0 0 180
inside=0 lambda=0.647 phi=45 theta=0
0 0 0 0 0 -180 0.0392813 -163.87 0.999139 130.363 0 0 0 0 0 0 0 -180
0 -180 0 -180 0 0 0 0 0 0 0 -180 0 -180 0 -180 0 0
0 0 0 -180 0 0 6.91906e-14 119.532 2.8e-14 -38.4459 0 -180 0 -180 0 0 0 -180
0 -180 0 0 0 -180 0 -180 0 0 0 -180 0 0 0 -180 0 0
0 180 0 180 0 -0 2.81777e-12 -62.4994 7.88453e-12 140.4 0 0 0 -0 0 -0 0 180
0 180 0 180 0 -0 0 -180 0 0 0 180 0 -0 0 -0 0 180
0 180 0 -0 0 180 0.0188567 -131.704 0.999841 -25.5053 0 180 0 180 0 -0 0 180
0 180 0 -0 0 180 0 -180 0 -0 0 180 0 180 0 -0 0 180
inside=0 lambda=0.647 phi=45 theta=15
0 0 0 0 0 -180 0.0268858 -170.84 0.871796 128.548 0 0 0 0 0 0 0 -180
0 -180 0 -180 0 0 0 0 0 0 0 -180 0 -180 0 -180 0 0
0 0 0 -180 0 0 0.0107428 2.39225 0.48885 142.437 0 0 0 -180 0 0 0 -180
0 -180 0 0 0 -180 0 -0 0 180 0 -180 0 0 0 -180 0 0
0 180 0 180 0 -0 0.0107155 -176.409 0.488817 142.43 0 0 0 0 0 0 0 -180
0 -180 0 -180 0 0 0 180 0 180 0 -180 0 -0 0 -0 0 180
0 180 0 -0 0 180 0.013163 -129.911 0.872217 -23.7136 0 180 0 -180 0 0 0 -180
0 -180 0 0 0 -180 0 -180 0 -0 0 -180 0 180 0 -0 0 180
inside=0 lambda=0.647 phi=45 theta=30
0 0 0 0 0 -180 0.0086973 -176.905 0.531635 119.238 0 0 0 0 0 0 0 -180
0 -180 0 -180 0 0 0 0 0 0 0 -180 0 -180 0 -180 0 0
0 0 0 -180 0 0 0.00866304 -20.0422 0.846849 142.415 0 0 0 -180 0 0 0 -180
0 -180 0 0 0 -180 0 -180 0 180 0 -180 0 0 0 -180 0 0
0 180 0 180 0 -0 0.00871703 169.786 0.846793 142.412 0 0 0 0 0 0 0 -180
0 -180 0 -180 0 0 0 0 0 180 0 -180 0 -0 0 -0 0 0
0 0 0 -0 0 0 0.0065117 -125.542 0.531731 -14.4319 0 180 0 -180 0 0 0 -180
0 -180 0 0 0 -180 0 -180 0 -0 0 -180 0 180 0 -180 0 0
inside=0 lambda=0.647 phi=45 theta=45
0 0 0 0 0 -180 0 -180 0.209251 52.4033 0 0 0 0 0 0 0 -180
0 -180 0 -180 0 0 0 0 0 0 0 -180 0 -180 0 -180 0 0
0 0 0 -180 0 0 0 0 0.977862 142.403 0 0 0 -180 0 0 0 -180
0 -180 0 0 0 -180 0 -180 0 180 0 -180 0 0 0 -180 0 0
0 0 0 0 0 -180 0 -180 0.977862 142.403 0 0 0 0 0 0 0 -180
0 -180 0 -180 0 0 0 0 0 180 0 -180 0 -180 0 -180 0 0
0 0 0 -180 0 0 0 0 0.209251 52.4033 0 0 0 -180 0 0 0 -180
0 -180 0 0 0 -180 0 -180 0 0 0 -180 0 0 0 -180 0 0
inside=1 lambda=0.647 phi=0 theta=0
0 -180 0 -180 0 -180 0 0 0.185089 127.097 0 0 0 -180 0 -180 0 -180
0 -0 0 -0 0 -0 0 180 0.81425 153.318 0 180 0 -0 0 -0 0 -0
0 -180 0 180 0 0 0 -0 1.43931e-14 -112.895 0 180 0 0 0 -0 0 -180
0 -0 0 0 0 180 0 -180 1.37992e-13 -125.092 0 -0 0 180 0 180 0 -0
0 -180 0 -0 0 0 0 -0 7.77448e-14 139.257 0 180 0 0 0 180 0 -180
0 -0 0 0 0 180 0 -180 1.6414e-13 -94.8374 0 -180 0 180 0 0 0 -0
0 -180 0 0 0 -180 0 -180 0.185089 127.097 0 -180 0 -180 0 0 0 -180
0 -0 0 180 0 -0 0 -0 0.81425 153.318 0 -0 0 -0 0 180 0 -0
inside=1 lambda=0.647 phi=0 theta=15
0 -180 0 -180 0 -180 0 0 0.185089 127.097 0 0 0 -180 0 -180 0 -180
0 -0 0 -0 0 -0 0 180 0.81425 153.318 0 180 0 -0 0 -0 0 -0
0 -180 0 180 0 0 0 -0 1.43931e-14 -112.895 0 180 0 0 0 -0 0 -180
0 -0 0 0 0 180 0 -180 1.37992e-13 -125.092 0 -0 0 180 0 180 0 -0
0 -180 0 -0 0 0 0 -0 7.77448e-14 139.257 0 180 0 0 0 180 0 -180
0 -0 0 0 0 180 0 -180 1.6414e-13 -94.8374 0 -180 0 180 0 0 0 -0
0 -180 0 0 0 -180 0 -180 0.185089 127.097 0 -180 0 -180 0 0 0 -180
0 -0 0 180 0 -0 0 -0 0.81425 153.318 0 -0 0 -0 0 180 0 -0
inside=1 lambda=0.647 phi=0 theta=30
0 -180 0 -180 0 -180 0 0 0.185089 127.097 0 0 0 -180 0 -180 0 -180
0 -0 0 -0 0 -0 0 180 0.81425 153.318 0 180 0 -0 0 -0 0 -0
0 -180 0 180 0 0 0 -0 1.43931e-14 -112.895 0 180 0 0 0 -0 0 -180
0 -0 0 0 0 180 0 -180 1.37992e-13 -125.092 0 -0 0 180 0 180 0 -0
0 -180 0 -0 0 0 0 -0 7.77448e-14 139.257 0 180 0 0 0 180 0 -180
0 -0 0 0 0 180 0 -180 1.6414e-13 -94.8374 0 -180 0 180 0 0 0 -0
0 -180 0 0 0 -180 0 -180 0.185089 127.097 0 -180 0 -180 0 0 0 -180
0 -0 0 180 0 -0 0 -0 0.81425 153.318 0 -0 0 -0 0 180 0 -0
inside=1 lambda=0.647 phi=0 theta=45
0 -180 0 -180 0 -180 0 0 0.185089 127.097 0 0 0 -180 0 -180 0 -180
0 -0 0 -0 0 -0 0 180 0.81425 153.318 0 180 0 -0 0 -0 0 -0
0 -180 0 180 0 0 0 -0 1.43931e-14 -112.895 0 180 0 0 0 -0 0 -180
0 -0 0 0 0 180 0 -180 1.37992e-13 -125.092 0 -0 0 180 0 180 0 -0
0 -180 0 -0 0 0 0 -0 7.77448e-14 139.257 0 180 0 0 0 180 0 -180
0 -0 0 0 0 180 0 -180 1.6414e-13 -94.8374 0 -180 0 180 0 0 0 -0
0 -180 0 0 0 -180 0 -180 0.185089 127.097 0 -180 0 -180 0 0 0 -180
0 -0 0 180 0 -0 0 -0 0.81425 153.318 0 -0 0 -0 0 180 0 -0
inside=1 lambda=0.647 phi=5 theta=0
0 -180 0 -180 0 -180 0 0 0.184094 125.949 0 0 0 -180 0 -180 0 -180
0 -0 0 -0 0 -0 0 180 0.815228 152.742 0 180 0 -0 0 -0 0 -0
0 -180 0 -0 0 0 0 -0 1.95708e-14 -166.816 0 -0 0 0 0 180 0 -180
0 -0 0 -180 0 180 0 -180 8.42151e-14 -115.837 0 -180 0 180 0 0 0 -0
0 -180 0 -180 0 0 0 180 2.88152e-14 -164.072 0 -0 0 0 0 0 0 -180
0 -0 0 -0 0 180 0 0 7.42735e-14 -117.474 0 -180 0 180 0 180 0 -0
0 -180 0 0 0 -180 0 -180 0.186024 125.951 0 -180 0 -180 0 0 0 -180
0 -0 0 180 0 -0 0 -0 0.813283 152.741 0 -0 0 -0 0 180 0 -0
inside=1 lambda=0.647 phi=5 theta=15
0 -180 0 -180 0 -180 0 0 0.184223 125.949 0 0 0 -180 0 -180 0 -180
0 -0 0 -0 0 -0 0 180 0.815098 152.742 0 180 0 -0 0 -0 0 -0
0 -180 0 -0 0 0 0 -180 0.000482668 -53.8424 0 0 0 0 0 180 0 -180
0 -0 0 -180 0 180 0 -0 0.000486403 153.504 0 180 0 180 0 0 0 -0
0 -180 0 -180 0 0 0 -0 0.000482668 -53.8422 0 0 0 0 0 0 0 -180
0 -0 0 -0 0 180 0 -180 0.000486403 153.504 0 0 0 180 0 180 0 -0
0 -180 0 0 0 -180 0 -180 0.185895 125.951 0 -180 0 -180 0 0 0 -180
0 -0 0 180 0 -0 0 -0 0.813413 152.741 0 -0 0 -0 0 180 0 -0
inside=1 lambda=0.647 phi=5 theta=30
0 -180 0 -180 0 -180 0 0 0.184577 125.949 0 0 0 -180 0 -180 0 -180
0 -0 0 -0 0 -0 0 180 0.814742 152.742 0 180 0 -0 0 -0 0 -0
0 -180 0 -0 0 0 0 -180 0.000836006 -53.8423 0 0 0 0 0 0 0 -180
0 -0 0 -180 0 180 0 -0 0.000842475 153.504 0 180 0 180 0 0 0 -0
0 -180 0 -180 0 0 0 -0 0.000836006 -53.8423 0 0 0 0 0 0 0 -180
0 -0 0 -0 0 180 0 -180 0.000842475 153.504 0 0 0 180 0 180 0 -0
0 -180 0 0 0 -180 0 -180 0.185542 125.951 0 -180 0 -180 0 0 0 -180
0 -0 0 180 0 -0 0 -0 0.813769 152.741 0 -0 0 -0 0 180 0 -0
inside=1 lambda=0.647 phi=5 theta=45
0 -180 0 -180 0 -180 0 0 0.185059 125.95 0 0 0 -180 0 -180 0 -180
0 -0 0 -0 0 -0 0 180 0.814255 152.742 0 180 0 -0 0 -0 0 -0
0 -180 0 -0 0 0 0 -180 0.000965337 -53.8423 0 0 0 0 0 0 0 -180
0 -0 0 -180 0 180 0 -0 0.000972807 153.504 0 180 0 180 0 0 0 -0
0 -180 0 -180 0 0 0 -0 0.000965337 -53.8423 0 0 0 0 0 0 0 -180
0 -0 0 -0 0 180 0 -180 0.000972807 153.504 0 0 0 180 0 180 0 -0
0 -180 0 0 0 -180 0 -180 0.185059 125.95 0 -180 0 -180 0 0 0 -180
0 -0 0 180 0 -0 0 -0 0.814255 152.742 0 -0 0 -0 0 180 0 -0
inside=1 lambda=0.647 phi=10 theta=0
0 -180 0 -180 0 -180 0 0 0.181073 122.511 0 0 0 -180 0 -180 0 -180
0 -0 0 -0 0 -0 0 180 0.818198 151.019 0 180 0 -0 0 -0 0 -0
0 -180 0 -180 0 0 0 -0 2.23277e-14 -167.647 0 180 0 0 0 0 0 -180
0 -0 0 -180 0 180 0 -180 8.61627e-14 -115.761 0 0 0 180 0 0 0 -0
0 -180 0 -180 0 0 0 -0 5.11499e-15 -154.746 0 -0 0 0 0 0 0 -180
0 -0 0 -0 0 180 0 -180 2.73933e-14 -111.09 0 -180 0 180 0 180 0 -0
0 -180 0 0 0 -180 0 -180 0.188858 122.522 0 -180 0 -180 0 0 0 -180
0 -0 0 180 0 -0 0 -0 0.810346 151.012 0 -0 0 -0 0 180 0 -0
inside=1 lambda=0.647 phi=10 theta=15
0 -180 0 -180 0 -180 0 0 0.181595 122.512 0 0 0 -180 0 -180 0 -180
0 -0 0 -0 0 -0 0 180 0.817672 151.019 0 180 0 -0 0 -0 0 -0
0 -180 0 -0 0 0 0 -180 0.0019464 -57.2451 0 0 0 0 0 0 0 -180
0 -0 0 -180 0 180 0 -0 0.00196317 151.766 0 180 0 180 0 0 0 -0
0 -180 0 -180 0 0 0 -0 0.00194639 -57.2445 0 0 0 0 0 0 0 -180
0 -0 0 -0 0 180 0 -180 0.00196316 151.765 0 0 0 180 0 180 0 -0
0 -180 0 0 0 -180 0 -180 0.188337 122.521 0 -180 0 -180 0 0 0 -180
0 -0 0 180 0 -0 0 -0 0.810872 151.013 0 -0 0 -0 0 180 0 -0
inside=1 lambda=0.647 phi=10 theta=30
0 -180 0 -180 0 -180 0 0 0.18302 122.514 0 0 0 -180 0 -180 0 -180
0 -0 0 -0 0 -0 0 180 0.816235 151.018 0 180 0 -0 0 -0 0 -0
0 -180 0 -0 0 0 0 -180 0.00337126 -57.245 0 0 0 0 0 0 0 -180
0 -0 0 -180 0 180 0 -0 0.00340031 151.766 0 180 0 180 0 0 0 -0
0 -180 0 -180 0 0 0 -0 0.00337125 -57.2447 0 0 0 0 0 0 0 -180
0 -0 0 -0 0 180 0 -180 0.0034003 151.765 0 0 0 180 0 180 0 -0
0 -180 0 0 0 -180 0 -180 0.186912 122.519 0 -180 0 -180 0 0 0 -180
0 -0 0 180 0 -0 0 -0 0.812309 151.014 0 -0 0 -0 0 180 0 -0
inside=1 lambda=0.647 phi=10 theta=45
0 -180 0 -180 0 -180 0 0 0.184966 122.517 0 0 0 -180 0 -180 0 -180
0 -0 0 -0 0 -0 0 180 0.814272 151.016 0 180 0 -0 0 -0 0 -0
0 -180 0 -0 0 0 0 -180 0.00389279 -57.2448 0 0 0 0 0 0 0 -180
0 -0 0 -180 0 180 0 -0 0.00392633 151.766 0 180 0 180 0 0 0 -0
0 -180 0 -180 0 0 0 -0 0.00389279 -57.2448 0 0 0 0 0 0 0 -180
0 -0 0 -0 0 180 0 -180 0.00392633 151.766 0 0 0 180 0 180 0 -0
0 -180 0 0 0 -180 0 -180 0.184966 122.517 0 -180 0 -180 0 0 0 -180
0 -0 0 180 0 -0 0 -0 0.814272 151.016 0 -0 0 -0 0 180 0 -0
inside=1 lambda=0.647 phi=15 theta=0
0 180 0 -180 0 -180 0 0 0.175922 116.803 0 0 0 180 0 -180 0 -180
0 -0 0 -0 0 -0 0 180 0.823277 148.162 0 180 0 -0 0 -0 0 -0
0 -180 0 -180 0 0 0 -0 7.9079e-14 177.307 0 180 0 0 0 0 0 -180
0 -0 0 -180 0 180 0 -180 2.86862e-13 -120.249 0 0 0 180 0 0 0 -0
0 -180 0 -180 0 0 0 -0 7.14088e-14 178.677 0 180 0 0 0 0 0 -180
0 -0 0 -0 0 180 0 -180 2.56043e-13 -120.534 0 0 0 180 0 180 0 -0
0 -180 0 0 0 -180 0 -180 0.193675 116.833 0 -180 0 -180 0 0 0 -180
0 -0 0 180 0 -0 0 -0 0.805342 148.147 0 -0 0 -0 0 180 0 -0
inside=1 lambda=0.647 phi=15 theta=15
0 180 0 -180 0 -180 0 0 0.177111 116.805 0 0 0 180 0 -180 0 -180
0 -0 0 -0 0 -0 0 180 0.822075 148.161 0 180 0 -0 0 -0 0 -0
0 -180 0 -0 0 0 0 -180 0.00443886 -62.8941 0 0 0 0 0 0 0 -180
0 -0 0 -180 0 180 0 -0 0.00448401 148.885 0 180 0 180 0 0 0 -0
0 -180 0 -180 0 0 0 -0 0.00443883 -62.8927 0 0 0 0 0 0 0 -180
0 -0 0 -0 0 180 0 -180 0.00448398 148.884 0 0 0 180 0 180 0 -0
0 -180 0 0 0 -180 0 -180 0.192486 116.831 0 -180 0 -180 0 0 0 -180
0 -0 0 180 0 -0 0 -0 0.806544 148.148 0 -0 0 -0 0 180 0 -0
inside=1 lambda=0.647 phi=15 theta=30
0 180 0 -180 0 -180 0 0 0.18036 116.811 0 0 0 180 0 -180 0 -180
0 -0 0 -0 0 -0 0 180 0.818793 148.158 0 180 0 -0 0 -0 0 -0
0 -180 0 -0 0 0 0 -180 0.00768832 -62.8938 0 0 0 0 0 0 0 -180
0 -0 0 -180 0 180 0 -0 0.00776652 148.885 0 180 0 180 0 0 0 -0
0 -180 0 -180 0 0 0 -0 0.00768829 -62.893 0 0 0 0 0 0 0 -180
0 -0 0 -0 0 180 0 -180 0.00776649 148.884 0 0 0 180 0 180 0 -0
0 -180 0 0 0 -180 0 -180 0.189237 116.826 0 -180 0 -180 0 0 0 -180
0 -0 0 180 0 -0 0 -0 0.809826 148.151 0 -0 0 -0 0 180 0 -0
inside=1 lambda=0.647 phi=15 theta=45
0 -180 0 -180 0 -180 0 0 0.184798 116.819 0 0 0 -180 0 -180 0 -180
0 -0 0 -0 0 -0 0 180 0.81431 148.155 0 180 0 -0 0 -0 0 -0
0 -180 0 -0 0 0 0 -180 0.00887769 -62.8934 0 0 0 0 0 0 0 -180
0 -0 0 -180 0 180 0 -0 0.00896798 148.885 0 180 0 180 0 0 0 -0
0 -180 0 -180 0 0 0 -0 0.00887769 -62.8934 0 0 0 0 0 0 0 -180
0 -0 0 -0 0 180 0 -180 0.00896798 148.885 0 0 0 180 0 180 0 -0
0 -180 0 0 0 -180 0 -180 0.184798 116.819 0 -180 0 -180 0 0 0 -180
0 -0 0 180 0 -0 0 -0 0.81431 148.155 0 -0 0 -0 0 180 0 -0
inside=1 lambda=0.647 phi=20 theta=0
0 180 0 -180 0 -180 0 0 0.168461 108.857 0 0 0 180 0 -180 0 -180
0 0 0 -0 0 -180 0 180 0.830664 144.194 0 0 0 0 0 -0 0 -180
0 180 0 -180 0 0 0 180 6.51822e-14 160.111 0 -0 0 -0 0 0 0 -180
0 -0 0 -180 0 0 0 0 2.30972e-13 -123.957 0 -180 0 180 0 0 0 -180
0 -180 0 -180 0 0 0 -0 6.52883e-14 161.688 0 180 0 0 0 0 0 -180
0 -0 0 -0 0 180 0 -180 2.42305e-13 -124.321 0 0 0 180 0 180 0 -0
0 -180 0 0 0 -180 0 -180 0.200622 108.923 0 -180 0 -180 0 0 0 -180
0 -0 0 180 0 -0 0 -0 0.798099 144.166 0 -0 0 -0 0 180 0 -0
inside=1 lambda=0.647 phi=20 theta=15
0 180 0 -180 0 -180 0 0 0.170616 108.862 0 0 0 180 0 -180 0 -180
0 0 0 -0 0 -180 0 180 0.828483 144.192 0 0 0 0 0 -0 0 -180
0 180 0 -180 0 0 0 -180 0.00804134 -70.757 0 0 0 -0 0 0 0 -180
0 -0 0 -180 0 0 0 -0 0.00814209 144.888 0 0 0 180 0 0 0 -180
0 -180 0 -180 0 0 0 -0 0.00804123 -70.7545 0 0 0 0 0 0 0 -180
0 -0 0 -0 0 180 0 -180 0.00814197 144.887 0 0 0 180 0 180 0 -0
0 -180 0 0 0 -180 0 -180 0.198467 108.919 0 -180 0 -180 0 0 0 -180
0 -0 0 180 0 -0 0 -0 0.800281 144.168 0 -0 0 -0 0 180 0 -0
inside=1 lambda=0.647 phi=20 theta=30
0 180 0 -180 0 -180 0 0 0.176501 108.876 0 0 0 180 0 -180 0 -180
0 -0 0 -0 0 -180 0 180 0.822523 144.187 0 0 0 0 0 -0 0 -180
0 180 0 -0 0 0 0 -180 0.013928 -70.7565 0 0 0 -0 0 0 0 -180
0 -0 0 -180 0 180 0 -0 0.0141025 144.887 0 180 0 180 0 0 0 -0
0 -180 0 -180 0 0 0 -0 0.0139279 -70.7551 0 0 0 0 0 0 0 -180
0 -0 0 -0 0 180 0 -180 0.0141024 144.887 0 0 0 180 0 180 0 -0
0 -180 0 0 0 -180 0 -180 0.192582 108.909 0 -180 0 -180 0 0 0 -180
0 -0 0 180 0 -0 0 -0 0.806241 144.174 0 -0 0 -0 0 180 0 -0
inside=1 lambda=0.647 phi=20 theta=45
0 180 0 -180 0 -180 0 0 0.184542 108.893 0 0 0 180 0 -180 0 -180
0 -0 0 -0 0 -180 0 180 0.814382 144.18 0 180 0 -0 0 -0 0 -180
0 -180 0 -0 0 0 0 -180 0.0160826 -70.7558 0 0 0 0 0 0 0 -180
0 -0 0 -180 0 180 0 -0 0.0162841 144.887 0 180 0 180 0 0 0 -0
0 -180 0 -180 0 0 0 -0 0.0160826 -70.7558 0 0 0 0 0 0 0 -180
0 -0 0 -0 0 180 0 -180 0.0162841 144.887 0 0 0 180 0 180 0 -0
0 180 0 0 0 180 0 -180 0.184542 108.893 0 -180 0 -180 0 0 0 -180
0 -0 0 180 0 -0 0 -0 0.814382 144.18 0 -0 0 -180 0 180 0 -180
inside=1 lambda=0.647 phi=25 theta=0
0 180 0 -180 0 -180 0 0 0.15844 98.7179 0 0 0 180 0 -180 0 -180
0 0 0 -0 0 -180 0 180 0.840662 139.145 0 0 0 0 0 -0 0 -180
0 180 0 -180 0 0 0 180 2.92184e-14 -34.1855 0 180 0 -0 0 0 0 -180
0 -0 0 -180 0 0 0 0 9.54063e-14 49.4676 0 0 0 180 0 0 0 -180
0 -180 0 -180 0 0 0 -0 2.90251e-14 -42.4415 0 -0 0 0 0 0 0 -180
0 -0 0 -0 0 180 0 -180 1.03423e-13 50.8568 0 -180 0 180 0 180 0 -0
0 -180 0 0 0 -180 0 -180 0.209919 98.8445 0 -180 0 -180 0 0 0 -180
0 -0 0 180 0 -0 0 -0 0.788364 139.103 0 -0 0 -0 0 180 0 -0
inside=1 lambda=0.647 phi=25 theta=15
0 180 0 -180 0 -180 0 0 0.161889 98.7288 0 0 0 180 0 -180 0 -180
0 0 0 -0 0 -180 0 180 0.837159 139.143 0 0 0 0 0 -0 0 -180
0 180 0 -180 0 0 0 -180 0.0128722 -80.7906 0 0 0 -0 0 0 0 -180
0 -0 0 -180 0 0 0 -0 0.013076 139.81 0 0 0 180 0 0 0 -180
0 -180 0 -180 0 0 0 -180 0.0128719 -80.7868 0 0 0 0 0 0 0 -180
0 -0 0 -0 0 180 0 -180 0.0130757 139.808 0 0 0 180 0 180 0 -0
0 -180 0 0 0 -180 0 -180 0.206471 98.8379 0 -180 0 -180 0 0 0 -180
0 -0 0 180 0 -0 0 -0 0.791867 139.106 0 -0 0 -0 0 180 0 -0
inside=1 lambda=0.647 phi=25 theta=30
0 180 0 -180 0 -180 0 0 0.17131 98.7564 0 0 0 180 0 -180 0 -180
0 -0 0 -0 0 -180 0 180 0.827587 139.135 0 0 0 0 0 -0 0 -180
0 180 0 -180 0 0 0 -180 0.0222953 -80.7898 0 0 0 -0 0 0 0 -180
0 -0 0 -180 0 0 0 -0 0.0226482 139.81 0 0 0 180 0 0 0 -180
0 -180 0 -180 0 0 0 -180 0.0222949 -80.7876 0 0 0 0 0 0 0 -180
0 -0 0 -0 0 180 0 -180 0.0226479 139.809 0 0 0 180 0 180 0 -0
0 -180 0 0 0 180 0 -180 0.19705 98.8188 0 -180 0 -180 0 0 0 -180
0 -0 0 180 0 -0 0 -0 0.801438 139.114 0 -0 0 -180 0 0 0 -180
inside=1 lambda=0.647 phi=25 theta=45
0 180 0 -180 0 -180 0 0 0.18418 98.7897 0 0 0 180 0 -180 0 -180
0 -0 0 -0 0 -180 0 180 0.814513 139.125 0 0 0 -0 0 -0 0 -180
0 180 0 -180 0 0 0 -180 0.0257442 -80.7887 0 0 0 -0 0 0 0 -180
0 -0 0 -180 0 0 0 -0 0.0261517 139.809 0 0 0 180 0 0 0 -180
0 180 0 -180 0 -0 0 -180 0.0257442 -80.7887 0 0 0 0 0 0 0 -180
0 -0 0 -0 0 180 0 -180 0.0261517 139.809 0 0 0 0 0 0 0 -180
0 180 0 0 0 180 0 -180 0.18418 98.7897 0 -180 0 -180 0 0 0 -180
0 -0 0 180 0 -0 0 -0 0.814513 139.125 0 -0 0 -180 0 0 0 -180
inside=1 lambda=0.647 phi=30 theta=0
0 180 0 180 0 -180 0 -0 0.145524 86.4422 0 0 0 180 0 180 0 -180
0 0 0 -0 0 -180 0 180 0.853694 133.058 0 0 0 0 0 -0 0 -180
0 180 0 -0 0 0 0 -0 3.70194e-14 -62.2479 0 -0 0 -0 0 180 0 -180
0 -0 0 -180 0 0 0 -180 9.38979e-14 46.1059 0 -180 0 180 0 0 0 -180
0 -180 0 -180 0 0 0 180 3.31111e-14 -57.2083 0 180 0 0 0 0 0 -180
0 -0 0 -0 0 180 0 0 8.93125e-14 49.1006 0 0 0 180 0 180 0 -0
0 -180 0 0 0 -180 0 -180 0.221879 86.6629 0 -180 0 -180 0 0 0 -180
0 -0 0 180 0 -0 0 -180 0.775786 132.995 0 -0 0 -0 0 180 0 -0
inside=1 lambda=0.647 phi=30 theta=15
0 180 0 180 0 -180 0 -0 0.150639 86.4638 0 0 0 180 0 180 0 -180
0 0 0 -0 0 -180 0 180 0.848475 133.054 0 0 0 0 0 -0 0 -180
0 180 0 -0 0 0 0 -180 0.0190934 -92.9419 0 0 0 -0 0 180 0 -180
0 -0 0 -180 0 0 0 -0 0.0194792 133.699 0 0 0 180 0 0 0 -180
0 -180 0 -180 0 0 0 -180 0.0190926 -92.9364 0 180 0 0 0 0 0 -180
0 -0 0 -0 0 180 0 -180 0.0194786 133.696 0 0 0 180 0 0 0 -0
0 -180 0 0 0 -180 0 -180 0.216765 86.6527 0 -180 0 -180 0 0 0 -180
0 -0 0 180 0 -0 0 -0 0.781005 133 0 -0 0 -180 0 0 0 -180
inside=1 lambda=0.647 phi=30 theta=30
0 180 0 -180 0 -180 0 -0 0.164613 86.516 0 0 0 180 0 180 0 -180
0 -0 0 -0 0 -180 0 180 0.834217 133.043 0 0 0 0 0 -0 0 -180
0 180 0 -0 0 0 0 -180 0.0330707 -92.9407 0 0 0 -0 0 180 0 -180
0 -0 0 -180 0 0 0 -0 0.0337388 133.698 0 0 0 180 0 0 0 -180
0 -180 0 -180 0 -0 0 -180 0.0330699 -92.9376 0 180 0 0 0 0 0 -180
0 -0 0 -0 0 180 0 -180 0.0337382 133.696 0 0 0 0 0 0 0 -180
0 180 0 0 0 180 0 -180 0.202791 86.6227 0 -180 0 -180 0 0 0 -180
0 -0 0 180 0 -0 0 -0 0.795263 133.012 0 -0 0 -180 0 0 0 -180
inside=1 lambda=0.647 phi=30 theta=45
0 180 0 -180 0 -180 0 0 0.183702 86.5747 0 0 0 180 0 -180 0 -180
0 -0 0 -0 0 -180 0 180 0.81474 133.028 0 0 0 0 0 -0 0 -180
0 180 0 -180 0 0 0 -180 0.0381864 -92.9391 0 0 0 -0 0 180 0 -180
0 -0 0 -180 0 0 0 -0 0.0389579 133.697 0 0 0 180 0 0 0 -180
0 180 0 -180 0 -0 0 -180 0.0381864 -92.9391 0 180 0 0 0 0 0 -180
0 -0 0 -0 0 180 0 -180 0.0389579 133.697 0 0 0 0 0 0 0 -180
0 180 0 0 0 180 0 -180 0.183702 86.5747 0 -180 0 -180 0 0 0 -180
0 -0 0 180 0 0 0 -0 0.81474 133.028 0 -0 0 -180 0 0 0 -180
inside=1 lambda=0.647 phi=35 theta=0
0 180 0 180 0 -180 0 -0 0.129273 72.1037 0 0 0 180 0 180 0 -180
0 0 0 -0 0 -180 0 180 0.870347 125.98 0 0 0 0 0 -0 0 -180
0 180 0 -0 0 0 0 -0 1.08548e-13 -79.8876 0 -0 0 -0 0 180 0 -180
0 -0 0 -180 0 0 0 -180 2.28303e-13 38.7984 0 -180 0 180 0 0 0 -180
0 -180 0 -180 0 0 0 180 1.04799e-13 -80.2482 0 -180 0 0 0 0 0 -180
0 -0 0 -0 0 180 0 0 2.75242e-13 41.3018 0 -0 0 180 0 180 0 -0
0 -180 0 0 0 -180 0 -180 0.236929 72.4556 0 -180 0 -180 0 0 0 -180
0 -0 0 180 0 -0 0 -180 0.759902 125.892 0 -0 0 -0 0 180 0 -0
inside=1 lambda=0.647 phi=35 theta=15
0 180 0 180 0 -180 0 -0 0.136484 72.1443 0 0 0 180 0 180 0 -180
0 0 0 -0 0 -180 0 180 0.862948 125.975 0 0 0 0 0 -0 0 -180
0 180 0 -0 0 0 0 180 0.0269223 -107.148 0 0 0 -0 0 180 0 -180
0 -0 0 -180 0 0 0 -0 0.0276148 126.609 0 0 0 180 0 0 0 -180
0 -180 0 -180 0 0 0 -180 0.0269204 -107.14 0 180 0 0 0 0 0 -180
0 -0 0 -0 0 180 0 -180 0.0276134 126.605 0 0 0 0 0 0 0 -180
0 -180 0 0 0 -180 0 -180 0.229719 72.4419 0 -180 0 -180 0 0 0 -180
0 -0 0 180 0 -0 0 -180 0.7673 125.899 0 -0 0 -180 0 0 0 -180
inside=1 lambda=0.647 phi=35 theta=30
0 180 0 180 0 -180 0 -0 0.156187 72.2361 0 0 0 180 0 180 0 -180
0 -0 0 -0 0 -180 0 180 0.842735 125.96 0 0 0 0 0 -0 0 -180
0 180 0 -0 0 0 0 -180 0.0466307 -107.146 0 0 0 -0 0 180 0 -180
0 -0 0 -180 0 0 0 -0 0.0478297 126.607 0 0 0 180 0 0 0 -180
0 180 0 -180 0 -0 0 -180 0.0466289 -107.142 0 180 0 0 0 0 0 -180
0 -0 0 -0 0 180 0 -180 0.0478285 126.605 0 0 0 0 0 0 0 -180
0 180 0 0 0 180 0 -180 0.210017 72.4003 0 -180 0 -180 0 0 0 -180
0 -0 0 180 0 -0 0 -0 0.787512 125.916 0 -0 0 -180 0 0 0 -180
inside=1 lambda=0.647 phi=35 theta=45
0 180 0 -180 0 -180 0 -0 0.183103 72.3299 0 0 0 180 0 180 0 -180
0 -0 0 -0 0 -180 0 180 0.815124 125.939 0 0 0 0 0 -0 0 -180
0 180 0 -180 0 0 0 -180 0.0538439 -107.144 0 0 0 -0 0 180 0 -180
0 -0 0 -180 0 0 0 -0 0.0552283 126.606 0 0 0 180 0 0 0 -180
0 180 0 -180 0 -0 0 -180 0.0538439 -107.144 0 180 0 0 0 0 0 -180
0 -0 0 -0 0 180 0 -180 0.0552283 126.606 0 0 0 0 0 0 0 -180
0 180 0 -0 0 180 0 -180 0.183103 72.3299 0 180 0 -180 0 0 0 -180
0 -0 0 180 0 0 0 -0 0.815124 125.939 0 -0 0 -180 0 0 0 -180
inside=1 lambda=0.647 phi=40 theta=0
0 180 0 180 0 -180 0 -0 0.109099 55.8009 0 0 0 180 0 180 0 -180
0 0 0 -0 0 -180 0 180 0.891425 117.973 0 0 0 0 0 -0 0 -180
0 180 0 -0 0 0 0 -0 5.47313e-14 79.0871 0 -0 0 -0 0 180 0 -180
0 -0 0 -180 0 0 0 -180 9.76273e-14 -149.729 0 -180 0 180 0 0 0 -180
0 -180 0 -180 0 0 0 -0 4.91239e-14 80.9778 0 180 0 0 0 0 0 -180
0 -0 0 -180 0 180 0 -180 1.03998e-13 -144.921 0 0 0 180 0 0 0 -0
0 -180 0 0 0 -180 0 -180 0.255653 56.3123 0 -180 0 -180 0 0 0 -180
0 -0 0 0 0 -0 0 -180 0.740103 117.848 0 -0 0 -0 0 0 0 -0
inside=1 lambda=0.647 phi=40 theta=15
0 180 0 180 0 -180 0 -0 0.118915 55.8739 0 0 0 180 0 180 0 -180
0 -0 0 -0 0 -180 0 180 0.881288 117.966 0 0 0 0 0 -0 0 -180
0 180 0 -0 0 0 0 180 0.0366521 -123.333 0 0 0 -0 0 180 0 -180
0 -0 0 -180 0 0 0 -0 0.0378363 118.606 0 0 0 180 0 0 0 -180
0 -180 0 -180 0 0 0 -180 0.0366481 -123.324 0 180 0 0 0 0 0 -180
0 -0 0 -0 0 180 0 -180 0.0378336 118.601 0 0 0 0 0 0 0 -180
0 -180 0 0 0 180 0 -180 0.245838 56.2965 0 -180 0 -180 0 0 0 -180
0 -0 0 180 0 -0 0 -180 0.750239 117.858 0 -0 0 -180 0 0 0 -180
inside=1 lambda=0.647 phi=40 theta=30
0 180 0 180 0 -180 0 -0 0.145736 56.0233 0 0 0 180 0 180 0 -180
0 -0 0 -0 0 -180 0 180 0.853593 117.945 0 0 0 0 0 -0 0 -180
0 180 0 -0 0 0 0 180 0.0634836 -123.331 0 0 0 -0 0 180 0 -180
0 -0 0 -180 0 0 0 -0 0.0655333 118.603 0 0 0 180 0 0 0 -180
0 180 0 -180 0 -0 0 -180 0.0634799 -123.326 0 180 0 0 0 0 0 -180
0 -0 0 -0 0 180 0 -180 0.0655311 118.6 0 0 0 0 0 0 0 -180
0 180 0 -0 0 180 0 -180 0.219019 56.2469 0 -180 0 -180 0 0 0 -180
0 -0 0 180 0 -0 0 -180 0.777932 117.883 0 -0 0 -180 0 0 0 -180
inside=1 lambda=0.647 phi=40 theta=45
0 180 0 180 0 -180 0 -0 0.182378 56.157 0 0 0 180 0 180 0 -180
0 -0 0 -0 0 -180 0 180 0.815762 117.915 0 0 0 0 0 -0 0 -180
0 180 0 -0 0 0 0 180 0.0733034 -123.328 0 0 0 -0 0 180 0 -180
0 -0 0 -180 0 0 0 -0 0.0756701 118.601 0 0 0 180 0 0 0 -180
0 180 0 180 0 -0 0 -0 0.0733034 -123.328 0 180 0 0 0 0 0 -180
0 -0 0 -0 0 180 0 -180 0.0756701 118.601 0 0 0 0 0 0 0 -180
0 180 0 -0 0 180 0 180 0.182378 56.157 0 180 0 -180 0 0 0 -180
0 -0 0 180 0 0 0 -0 0.815762 117.915 0 -0 0 -180 0 0 0 -180
inside=1 lambda=0.647 phi=45 theta=0
0 180 0 180 0 -180 0 -0 0.0841903 37.6835 0 0 0 180 0 180 0 -180
0 -0 0 -0 0 -180 0.00107002 58.4971 0.918036 109.105 0 0 0 -0 0 -0 0 -180
0 180 0 -0 0 0 0 -0 8.03311e-14 -116.441 0 180 0 -0 0 180 0 -180
0 -0 0 -180 0 0 3.47583e-15 -109.917 1.07767e-13 21.3826 0 -0 0 180 0 0 0 -180
0 -180 0 -180 0 0 0 -0 2.06787e-13 -123.495 0 -0 0 0 0 0 0 -180
0 -180 0 -180 0 0 2.56545e-15 108.418 3.57724e-13 22.6793 0 -180 0 0 0 0 0 -180
0 -180 0 0 0 -180 0 -180 0.278832 38.3357 0 -180 0 -180 0 0 0 -180
0 -180 0 0 0 -180 0.00603571 -109.033 0.715601 108.926 0 -180 0 -180 0 0 0 -180
inside=1 lambda=0.647 phi=45 theta=15
0 180 0 180 0 -180 0 -0 0.0972169 37.8055 0 0 0 180 0 180 0 -180
0 -0 0 -0 0 -180 0 180 0.904481 109.095 0 0 0 -0 0 -0 0 -180
0 180 0 -0 0 0 0 180 0.0486858 -141.407 0 0 0 -0 0 180 0 -180
0 -0 0 -180 0 0 0 -0 0.0506198 109.761 0 0 0 180 0 0 0 -180
0 -180 0 -180 0 -0 0 -180 0.0486778 -141.396 0 180 0 0 0 0 0 -180
0 -0 0 -0 0 180 0 -180 0.0506142 109.755 0 0 0 0 0 0 0 -180
0 180 0 0 0 180 0 -180 0.265802 38.3216 0 -180 0 -180 0 0 0 -180
0 -0 0 180 0 -0 0 -180 0.729162 108.94 0 -0 0 -180 0 0 0 -180
inside=1 lambda=0.647 phi=45 theta=30
0 180 0 180 0 -180 0 -0 0.132838 38.0218 0 0 0 180 0 180 0 -180
0 -0 0 -0 0 -180 0 180 0.86743 109.066 0 0 0 -0 0 -0 0 -180
0 180 0 -0 0 0 0 180 0.0843282 -141.404 0 0 0 -0 0 180 0 -180
0 -0 0 -180 0 0 0 -0 0.0876733 109.756 0 0 0 180 0 0 0 -180
0 180 0 180 0 -0 0 -180 0.0843212 -141.398 0 180 0 0 0 0 0 -180
0 -0 0 -0 0 180 0 -180 0.0876692 109.752 0 0 0 0 0 0 0 -180
0 180 0 -0 0 180 0 -180 0.230181 38.2738 0 180 0 -180 0 0 0 -180
0 -0 0 180 0 -0 0 -180 0.766209 108.978 0 -0 0 -180 0 0 0 -180
inside=1 lambda=0.647 phi=45 theta=45
0 180 0 180 0 -180 0 -0 0.18151 38.1807 0 0 0 180 0 180 0 -180
0 -0 0 -0 0 -180 0 180 0.816819 109.025 0 0 0 -0 0 -0 0 -180
0 180 0 -0 0 0 0 180 0.0973719 -141.4 0 0 0 -0 0 180 0 -180
0 -0 0 -180 0 0 0 -0 0.101234 109.753 0 0 0 180 0 0 0 -180
0 180 0 180 0 -0 0 -0 0.0973719 -141.4 0 180 0 0 0 0 0 -180
0 -0 0 -0 0 180 0 -180 0.101234 109.753 0 0 0 0 0 0 0 -180
0 180 0 -0 0 180 0 180 0.18151 38.1807 0 180 0 -180 0 0 0 -180
0 -0 0 180 0 -0 0 -0 0.816819 109.025 0 -0 0 -180 0 0 0 -180
