[[0.45483, 0.45480, 0.45475, 0.45468, 0.45458, 0.45447, 0.45433, 0.45418,
  0.45400, 0.45381, 0.45359, 0.45335, 0.45309, 0.45281, 0.45251, 0.45219,
  0.45185, 0.45148, 0.45110, 0.45070, 0.45027, 0.44983, 0.44936, 0.44887,
  0.44837, 0.44784, 0.44729, 0.44672, 0.44613, 0.44552, 0.44488, 0.44423,
  0.44356, 0.44286, 0.44215, 0.44141, 0.44066, 0.43988, 0.43908, 0.43826,
  0.43743, 0.43657, 0.43569, 0.43479, 0.43386, 0.43292, 0.43196, 0.43097,
  0.42997, 0.42895, 0.42790, 0.42683, 0.42575, 0.42464, 0.42351, 0.42236,
  0.42119, 0.42000, 0.41879, 0.41756, 0.41631, 0.41504, 0.41374, 0.41243,
  0.41110, 0.40974, 0.40837, 0.40697, 0.40555, 0.40412, 0.40266, 0.40118,
  0.39968, 0.39816, 0.39662, 0.39506, 0.39348, 0.39188, 0.39026, 0.38861,
  0.38695, 0.38527, 0.38356, 0.38184, 0.38009, 0.37833, 0.37654, 0.37473,
  0.37291, 0.37106, 0.36919, 0.36730, 0.36539, 0.36346, 0.36151, 0.35954,
  0.35755, 0.35554, 0.35351, 0.35146, 0.34938, 0.34729, 0.34518, 0.34304,
  0.34089, 0.33872, 0.33652, 0.33431, 0.33207, 0.32981, 0.32754, 0.32524,
  0.32292, 0.32059, 0.31823, 0.31585, 0.31345, 0.31103, 0.30860, 0.30614,
  0.30366, 0.30116, 0.29864, 0.29610, 0.29354, 0.29096, 0.28836, 0.28573,
  0.28309, 0.28043, 0.27775, 0.27505, 0.27233, 0.26958, 0.26682, 0.26404,
  0.26124, 0.25841, 0.25557, 0.25271, 0.24982, 0.24692, 0.24400, 0.24105,
  0.23809, 0.23511, 0.23210, 0.22908, 0.22604, 0.22297, 0.21989, 0.21679,
  0.21366, 0.21052, 0.20735, 0.20417, 0.20097, 0.19774, 0.19450, 0.19124,
  0.18795, 0.18465, 0.18133, 0.17798, 0.17462, 0.17124, 0.16783, 0.16441,
  0.16097, 0.15751, 0.15402, 0.15052, 0.14700, 0.14346, 0.13990, 0.13632,
  0.13271, 0.12909, 0.12545, 0.12179, 0.11811, 0.11441, 0.11070, 0.10696,
  0.10320, 0.09942, 0.09562, 0.09180, 0.08797, 0.08411, 0.08023, 0.07634,
  0.07242, 0.06849, 0.06453, 0.06056, 0.05656, 0.05255, 0.04852, 0.04446,
  0.04039, 0.03630, 0.03219, 0.02806, 0.02391, 0.01974, 0.01555, 0.01134,
  0.00712, 0.00287, 1.28259, 1.27830, 1.27400, 1.26967, 1.26533, 1.26097,
  1.25658, 1.25218, 1.24776, 1.24332, 1.23886, 1.23438, 1.22989, 1.22537,
  1.22083, 1.21628, 1.21170, 1.20711, 1.20250, 1.19786, 1.19321, 1.18854,
  1.18385, 1.17914, 1.17442, 1.16967, 1.16490, 1.16012, 1.15532, 1.15049,
  1.14565, 1.14079, 1.13591, 1.13101, 1.12609, 1.12116, 1.11620, 1.11123,
  1.10624, 1.10122, 1.09619, 1.09114, 1.08607, 1.08099, 1.07588, 1.07076,
  1.06561, 1.06045, 1.05527, 1.05007, 1.04485, 1.03961, 1.03436, 1.02908,
  1.02379, 1.01848, 1.01315, 1.00780, 1.00243, 0.99704, 0.99164, 0.98621,
  0.98077, 0.97531, 0.96983, 0.96433, 0.95882, 0.95328, 0.94773, 0.94216,
  0.93657, 0.93096, 0.92533, 0.91969, 0.91403, 0.90834, 0.90264, 0.89693,
  0.89119, 0.88543, 0.87966, 0.87387, 0.86806, 0.86223, 0.85639, 0.85052,
  0.84464, 0.83874, 0.83282, 0.82688, 0.82093, 0.81495, 0.80896, 0.80295,
  0.79692, 0.79088, 0.78482, 0.77873, 0.77263, 0.76652, 0.76038, 0.75423,
  0.74806, 0.74187, 0.73566, 0.72944, 0.72319, 0.71693, 0.71065, 0.70436,
  0.69804, 0.69171, 0.68536, 0.67899, 0.67261, 0.66621, 0.65979, 0.65335,
  0.64689, 0.64042, 0.63393, 0.62742, 0.62089, 0.61435, 0.60778, 0.60121,
  0.59461, 0.58799, 0.58136, 0.57471, 0.56805, 0.56136, 0.55466, 0.54794,
  0.54121, 0.53445, 0.52768, 0.52089, 0.51409, 0.50726, 0.50042, 0.49356,
  0.48669, 0.47980, 0.47289, 0.46596, 0.45902, 0.45205, 0.44508, 0.43808,
  0.43107, 0.42404, 0.41699, 0.40993, 0.40285, 0.39575, 0.38863, 0.38150,
  0.37435, 0.36719, 0.36000, 0.35280, 0.34559, 0.33835, 0.33110, 0.32383,
  0.31655, 0.30925, 0.30193, 0.29459, 0.28724, 0.27987, 0.27249, 0.26509,
  0.25767, 0.25023, 0.24278, 0.23531, 0.22783, 0.22032, 0.21280, 0.20527,
  0.19772, 0.19015, 0.18256, 0.17496, 0.16734, 0.15971, 0.15206, 0.14439,
  0.13671, 0.12901, 0.12129, 0.11356, 0.10581, 0.09804, 0.09026, 0.08246,
  0.07465, 0.06681, 0.05897, 0.05110, 0.04322, 0.03533, 0.02741, 0.01949,
  0.01154, 0.00358, 1.27959, 1.27160, 1.26359, 1.25556, 1.24752, 1.23946,
  1.23139, 1.22330, 1.21520, 1.20707, 1.19894, 1.19078, 1.18262, 1.17443,
  1.16623, 1.15801, 1.14978, 1.14153, 1.13327, 1.12499, 1.11669, 1.10838,
  1.10006, 1.09171, 1.08335, 1.07498, 1.06659, 1.05818, 1.04976, 1.04133,
  1.03288, 1.02441, 1.01592, 1.00743, 0.99891, 0.99038, 0.98184, 0.97328,
  0.96470, 0.95611, 0.94750, 0.93888, 0.93024, 0.92159, 0.91292, 0.90423,
  0.89554, 0.88682, 0.87809, 0.86935, 0.86059, 0.85181, 0.84302, 0.83422,
  0.82540, 0.81656, 0.80771, 0.79884, 0.78996, 0.78107, 0.77215, 0.76323,
  0.75429, 0.74533, 0.73636, 0.72737, 0.71837, 0.70936, 0.70033, 0.69128,
  0.68222, 0.67314, 0.66405, 0.65495, 0.64583, 0.63669, 0.62754, 0.61838,
  0.60920, 0.60001, 0.59080, 0.58158, 0.57234, 0.56309, 0.55382, 0.54454,
  0.53524, 0.52593, 0.51661, 0.50727, 0.49792, 0.48855, 0.47916, 0.46977,
  0.46036, 0.45093, 0.44149, 0.43203, 0.42256, 0.41308, 0.40358, 0.39407,
  0.38454, 0.37500, 0.36545, 0.35588, 0.34630, 0.33670, 0.32709, 0.31746,
  0.30782, 0.29817, 0.28850, 0.27882, 0.26912, 0.25941, 0.24969, 0.23995,
  0.23020, 0.22043, 0.21065, 0.20086, 0.19105, 0.18123, 0.17139, 0.16154,
  0.15168, 0.14180, 0.13191, 0.12200, 0.11208, 0.10215, 0.09221, 0.08225,
  0.07227, 0.06229, 0.05228, 0.04227, 0.03224, 0.02220, 0.01214, 0.00208,
  1.27598, 1.26588, 1.25577, 1.24565, 1.23551, 1.22536, 1.21520, 1.20502,
  1.19483, 1.18463, 1.17441, 1.16418, 1.15394, 1.14368, 1.13341, 1.12313,
  1.11283, 1.10252, 1.09220, 1.08186, 1.07151, 1.06115, 1.05077, 1.04038,
  1.02998, 1.01956, 1.00913, 0.99869, 0.98824, 0.97777, 0.96729, 0.95680,
  0.94629, 0.93577, 0.92524, 0.91469, 0.90413, 0.89356, 0.88298, 0.87238,
  0.86177, 0.85115, 0.84051, 0.82986, 0.81920, 0.80853, 0.79784, 0.78714,
  0.77643, 0.76570, 0.75497, 0.74422, 0.73345, 0.72268, 0.71189, 0.70109,
  0.69028, 0.67945, 0.66861, 0.65776, 0.64690, 0.63602, 0.62513, 0.61423,
  0.60332, 0.59240, 0.58146, 0.57051, 0.55954, 0.54857, 0.53758, 0.52658,
  0.51557, 0.50455, 0.49351, 0.48246, 0.47140, 0.46033, 0.44924, 0.43815,
  0.42704, 0.41592, 0.40478, 0.39364, 0.38248, 0.37131, 0.36013, 0.34893,
  0.33773, 0.32651, 0.31528, 0.30404, 0.29278, 0.28152, 0.27024, 0.25895,
  0.24765, 0.23633, 0.22501, 0.21367, 0.20232, 0.19096, 0.17959, 0.16820,
  0.15681, 0.14540, 0.13398, 0.12255, 0.11111, 0.09965, 0.08819, 0.07671,
  0.06522, 0.05372, 0.04221, 0.03068, 0.01915, 0.00760, 1.28003, 1.26846,
  1.25687, 1.24528, 1.23368, 1.22206, 1.21043, 1.19879, 1.18714, 1.17548,
  1.16381, 1.15213, 1.14043, 1.12872, 1.11700, 1.10528, 1.09353, 1.08178,
  1.07002, 1.05825, 1.04646, 1.03466, 1.02286, 1.01104, 0.99921, 0.98737,
  0.97551, 0.96365, 0.95178, 0.93989, 0.92799, 0.91609, 0.90417, 0.89224,
  0.88030, 0.86835, 0.85639, 0.84441, 0.83243, 0.82043, 0.80843, 0.79641,
  0.78438, 0.77235, 0.76030, 0.74824, 0.73617, 0.72408, 0.71199, 0.69989,
  0.68778, 0.67565, 0.66352, 0.65137, 0.63921, 0.62705, 0.61487, 0.60268,
  0.59048, 0.57827, 0.56606, 0.55383, 0.54158, 0.52933, 0.51707, 0.50480,
  0.49252, 0.48022, 0.46792, 0.45561, 0.44328, 0.43095, 0.41860, 0.40625,
  0.39388, 0.38150, 0.36912, 0.35672, 0.34431, 0.33190, 0.31947, 0.30703,
  0.29458, 0.28213, 0.26966, 0.25718, 0.24469, 0.23219, 0.21968, 0.20716,
  0.19464, 0.18210, 0.16955, 0.15699, 0.14442, 0.13184, 0.11925, 0.10665,
  0.09404, 0.08142, 0.06879, 0.05615, 0.04351, 0.03085, 0.01818, 0.00550,
  1.27680, 1.26410, 1.25139, 1.23867, 1.22594, 1.21321, 1.20046, 1.18770,
  1.17494, 1.16216, 1.14937, 1.13658, 1.12377, 1.11096, 1.09813, 1.08530,
  1.07245, 1.05960, 1.04674, 1.03386, 1.02098, 1.00809, 0.99519, 0.98228,
  0.96936, 0.95643, 0.94349, 0.93054, 0.91758, 0.90461, 0.89163, 0.87865,
  0.86565, 0.85265, 0.83963, 0.82661, 0.81357, 0.80053, 0.78748, 0.77442,
  0.76135, 0.74827, 0.73518, 0.72208, 0.70897, 0.69585, 0.68273, 0.66959,
  0.65645, 0.64330, 0.63013, 0.61696, 0.60378, 0.59059, 0.57739, 0.56418,
  0.55097, 0.53774, 0.52450, 0.51126, 0.49801, 0.48474, 0.47147, 0.45819,
  0.44490, 0.43161, 0.41830, 0.40498, 0.39166, 0.37833, 0.36498, 0.35163,
  0.33827, 0.32490, 0.31152, 0.29814, 0.28474, 0.27134, 0.25793, 0.24450,
  0.23107, 0.21763, 0.20419, 0.19073, 0.17726, 0.16379, 0.15031, 0.13682,
  0.12332, 0.10981, 0.09629, 0.08277, 0.06923, 0.05569, 0.04214, 0.02858,
  0.01501, 0.00143, 1.27183, 1.25824, 1.24464, 1.23103, 1.21741, 1.20378,
  1.19014, 1.17650, 1.16285, 1.14918, 1.13551, 1.12184, 1.10815, 1.09446,
  1.08075, 1.06704, 1.05332, 1.03959, 1.02586, 1.01211, 0.99836, 0.98460,
  0.97083, 0.95706, 0.94327, 0.92948, 0.91567, 0.90186, 0.88805, 0.87422,
  0.86039, 0.84654, 0.83269, 0.81884, 0.80497, 0.79109, 0.77721, 0.76332,
  0.74942, 0.73552, 0.72160, 0.70768, 0.69375, 0.67981, 0.66586, 0.65191,
  0.63795, 0.62397, 0.61000, 0.59601, 0.58202, 0.56801, 0.55401, 0.53999,
  0.52596, 0.51193, 0.49789, 0.48384, 0.46978, 0.45572, 0.44165, 0.42757,
  0.41348, 0.39938, 0.38528, 0.37117, 0.35705, 0.34293, 0.32879, 0.31465,
  0.30050, 0.28635, 0.27218, 0.25801, 0.24383, 0.22965, 0.21545, 0.20125,
  0.18704, 0.17282, 0.15860, 0.14437, 0.13013, 0.11588, 0.10163, 0.08736,
  0.07309, 0.05882, 0.04453, 0.03024, 0.01594, 0.00164, 1.27131, 1.25699,
  1.24266, 1.22832, 1.21398, 1.19963, 1.18527, 1.17090, 1.15653, 1.14215,
  1.12777, 1.11337, 1.09897, 1.08456, 1.07015, 1.05572, 1.04129, 1.02685,
  1.01241, 0.99796, 0.98350, 0.96903, 0.95456, 0.94008, 0.92559, 0.91110,
  0.89659, 0.88209, 0.86757, 0.85305, 0.83852, 0.82398, 0.80944, 0.79488,
  0.78033, 0.76576, 0.75119, 0.73661, 0.72202, 0.70743, 0.69283, 0.67822,
  0.66361, 0.64899, 0.63436, 0.61973, 0.60509, 0.59044, 0.57578, 0.56112,
  0.54645, 0.53178, 0.51710, 0.50241, 0.48771, 0.47301, 0.45830, 0.44358,
  0.42886, 0.41413, 0.39939, 0.38465, 0.36990, 0.35514, 0.34038, 0.32561,
  0.31083, 0.29605, 0.28126, 0.26646, 0.25166, 0.23685, 0.22203, 0.20721,
  0.19238, 0.17754, 0.16270, 0.14785, 0.13300, 0.11813, 0.10327, 0.08839,
  0.07351, 0.05862, 0.04372, 0.02882, 0.01392, 1.28299, 1.26806, 1.25314,
  1.23820, 1.22326, 1.20832, 1.19336, 1.17840, 1.16344, 1.14847, 1.13349,
  1.11850, 1.10351, 1.08852, 1.07351, 1.05850, 1.04349, 1.02846, 1.01343,
  0.99840, 0.98336, 0.96831, 0.95326, 0.93819, 0.92313, 0.90806, 0.89298,
  0.87789, 0.86280, 0.84770, 0.83260, 0.81749, 0.80237, 0.78725, 0.77212,
  0.75699, 0.74185, 0.72670, 0.71155, 0.69639, 0.68123, 0.66605, 0.65088,
  0.63569, 0.62051, 0.60531, 0.59011, 0.57490, 0.55969, 0.54447, 0.52925,
  0.51401, 0.49878, 0.48353, 0.46829, 0.45303, 0.43777, 0.42250, 0.40723,
  0.39195, 0.37667, 0.36138, 0.34608, 0.33078, 0.31547, 0.30016, 0.28484,
  0.26951, 0.25418, 0.23884, 0.22350, 0.20815, 0.19280, 0.17744, 0.16207,
  0.14670, 0.13132, 0.11594, 0.10055, 0.08516, 0.06976, 0.05435, 0.03894,
  0.02352, 0.00810, 1.27665, 1.26122, 1.24578, 1.23033, 1.21488, 1.19942,
  1.18396, 1.16849, 1.15302, 1.13754, 1.12205, 1.10656, 1.09107, 1.07556,
  1.06006, 1.04454, 1.02903, 1.01350, 0.99797, 0.98244, 0.96690, 0.95135,
  0.93580, 0.92024, 0.90468, 0.88911, 0.87354, 0.85796, 0.84237, 0.82678,
  0.81119, 0.79559, 0.77998, 0.76437, 0.74875, 0.73313, 0.71750, 0.70187,
  0.68623, 0.67059, 0.65494, 0.63929, 0.62363, 0.60796, 0.59229, 0.57662,
  0.56093, 0.54525, 0.52956, 0.51386, 0.49816, 0.48245, 0.46674, 0.45102,
  0.43530, 0.41957, 0.40384, 0.38810, 0.37235, 0.35660, 0.34085, 0.32509,
  0.30933, 0.29356, 0.27778, 0.26200, 0.24622, 0.23043, 0.21463, 0.19883,
  0.18302, 0.16721, 0.15140, 0.13558, 0.11975, 0.10392, 0.08808, 0.07224,
  0.05640, 0.04055, 0.02469, 0.00883, 1.27695, 1.26108, 1.24520, 1.22932,
  1.21343, 1.19754, 1.18164, 1.16574, 1.14984, 1.13393, 1.11801, 1.10209,
  1.08616, 1.07023, 1.05430, 1.03836, 1.02241, 1.00646, 0.99050, 0.97454,
  0.95858, 0.94261, 0.92663, 0.91065, 0.89467, 0.87868, 0.86269, 0.84669,
  0.83068, 0.81468, 0.79866, 0.78264, 0.76662, 0.75059, 0.73456, 0.71852,
  0.70248, 0.68643, 0.67038, 0.65433, 0.63827, 0.62220, 0.60613, 0.59006,
  0.57398, 0.55789, 0.54180, 0.52571, 0.50961, 0.49351, 0.47740, 0.46129,
  0.44517, 0.42905, 0.41292, 0.39679, 0.38065, 0.36451, 0.34837, 0.33222,
  0.31607, 0.29991, 0.28374, 0.26758, 0.25140, 0.23523, 0.21905, 0.20286,
  0.18667, 0.17047, 0.15427, 0.13807, 0.12186, 0.10565, 0.08943, 0.07321,
  0.05698, 0.04075, 0.02452, 0.00828, 1.27602, 1.25977, 1.24351, 1.22726,
  1.21100, 1.19473, 1.17846, 1.16218, 1.14590, 1.12962, 1.11333, 1.09704,
  1.08074, 1.06444, 1.04813, 1.03182, 1.01551, 0.99919, 0.98286, 0.96654,
  0.95020, 0.93387, 0.91753, 0.90118, 0.88483, 0.86848, 0.85212, 0.83576,
  0.81939, 0.80302, 0.78665, 0.77027, 0.75388, 0.73750, 0.72110, 0.70471,
  0.68831, 0.67190, 0.65549, 0.63908, 0.62266, 0.60624, 0.58982, 0.57339,
  0.55695, 0.54051, 0.52407, 0.50762, 0.49117, 0.47472, 0.45826, 0.44180,
  0.42533, 0.40886, 0.39238, 0.37590, 0.35942, 0.34293, 0.32644, 0.30994,
  0.29344, 0.27694, 0.26043, 0.24392, 0.22740, 0.21088, 0.19436, 0.17783,
  0.16130, 0.14476, 0.12822, 0.11167, 0.09513, 0.07857, 0.06202, 0.04546,
  0.02889, 0.01232, 1.27974, 1.26316, 1.24658, 1.22999, 1.21341, 1.19681,
  1.18022, 1.16362, 1.14701, 1.13040, 1.11379, 1.09718, 1.08056, 1.06393,
  1.04731, 1.03067, 1.01404, 0.99740, 0.98076, 0.96411, 0.94746, 0.93080,
  0.91414, 0.89748, 0.88082, 0.86415, 0.84747, 0.83079, 0.81411, 0.79743,
  0.78074, 0.76405, 0.74735, 0.73065, 0.71394, 0.69724, 0.68052, 0.66381,
  0.64709, 0.63036, 0.61364, 0.59691, 0.58017, 0.56343, 0.54669, 0.52995,
  0.51320, 0.49644, 0.47969, 0.46293, 0.44616, 0.42939, 0.41262, 0.39585,
  0.37907, 0.36229, 0.34550, 0.32871, 0.31192, 0.29512, 0.27832, 0.26151,
  0.24470, 0.22789, 0.21108, 0.19426, 0.17744, 0.16061, 0.14378, 0.12695,
  0.11011, 0.09327, 0.07642, 0.05958, 0.04272, 0.02587, 0.00901, 1.27613,
  1.25927, 1.24240, 1.22553, 1.20865, 1.19177, 1.17489, 1.15800, 1.14111,
  1.12421, 1.10732, 1.09042, 1.07351, 1.05660, 1.03969, 1.02278, 1.00586,
  0.98894, 0.97201, 0.95508, 0.93815, 0.92121, 0.90427, 0.88733, 0.87038,
  0.85344, 0.83648, 0.81953, 0.80257, 0.78560, 0.76864, 0.75167, 0.73469,
  0.71772, 0.70073, 0.68375, 0.66676, 0.64977, 0.63278, 0.61578, 0.59878,
  0.58178, 0.56477, 0.54776, 0.53075, 0.51373, 0.49671, 0.47968, 0.46266,
  0.44563, 0.42859, 0.41155, 0.39451, 0.37747, 0.36042, 0.34337, 0.32632,
  0.30926, 0.29220, 0.27514, 0.25807, 0.24100, 0.22393, 0.20685, 0.18977,
  0.17269, 0.15560, 0.13851, 0.12142, 0.10432, 0.08722, 0.07012, 0.05301,
  0.03590, 0.01879, 0.00168, 1.26854, 1.25142, 1.23429, 1.21717, 1.20004,
  1.18290, 1.16576, 1.14862, 1.13148, 1.11433, 1.09718, 1.08003, 1.06287,
  1.04571, 1.02855, 1.01138, 0.99421, 0.97704, 0.95986, 0.94268, 0.92550,
  0.90832, 0.89113, 0.87394, 0.85674, 0.83955, 0.82235, 0.80514, 0.78794,
  0.77073, 0.75351, 0.73630, 0.71908, 0.70186, 0.68463, 0.66740, 0.65017,
  0.63294, 0.61570, 0.59846, 0.58122, 0.56397, 0.54672, 0.52947, 0.51222,
  0.49496, 0.47770, 0.46043, 0.44316, 0.42589, 0.40862, 0.39134, 0.37407,
  0.35678, 0.33950, 0.32221, 0.30492, 0.28762, 0.27033, 0.25303, 0.23572,
  0.21842, 0.20111, 0.18380, 0.16648, 0.14917, 0.13185, 0.11452, 0.09720,
  0.07987, 0.06253, 0.04520, 0.02786, 0.01052, 1.27716, 1.25981, 1.24246,
  1.22511, 1.20776, 1.19040, 1.17304, 1.15567, 1.13831, 1.12094, 1.10357,
  1.08619, 1.06881, 1.05143, 1.03405, 1.01666, 0.99927, 0.98188, 0.96448,
  0.94709, 0.92968, 0.91228, 0.89487, 0.87747, 0.86005, 0.84264, 0.82522,
  0.80780, 0.79038, 0.77295, 0.75552, 0.73809, 0.72066, 0.70322, 0.68578,
  0.66834, 0.65089, 0.63344, 0.61599, 0.59854, 0.58108, 0.56362, 0.54616,
  0.52870, 0.51123, 0.49376, 0.47629, 0.45881, 0.44133, 0.42385, 0.40637,
  0.38888, 0.37140, 0.35390, 0.33641, 0.31891, 0.30141, 0.28391, 0.26641,
  0.24890, 0.23139, 0.21387, 0.19636, 0.17884, 0.16132, 0.14380, 0.12627,
  0.10874, 0.09121, 0.07368, 0.05614, 0.03860, 0.02106, 0.00351, 1.26995,
  1.25240, 1.23485, 1.21729, 1.19973, 1.18217, 1.16461, 1.14705, 1.12948,
  1.11191, 1.09433, 1.07676, 1.05918, 1.04160, 1.02402, 1.00643, 0.98884,
  0.97125, 0.95366, 0.93606, 0.91846, 0.90086, 0.88325, 0.86565, 0.84804,
  0.83043, 0.81281, 0.79520, 0.77758, 0.75996, 0.74233, 0.72470, 0.70708,
  0.68944, 0.67181, 0.65417, 0.63653, 0.61889, 0.60125, 0.58360, 0.56595,
  0.54830, 0.53065, 0.51299, 0.49533, 0.47767, 0.46000, 0.44234, 0.42467,
  0.40700, 0.38932, 0.37165, 0.35397, 0.33629, 0.31860, 0.30092, 0.28323,
  0.26554, 0.24784, 0.23015, 0.21245, 0.19475, 0.17705, 0.15934, 0.14163,
  0.12392, 0.10621, 0.08850, 0.07078, 0.05306, 0.03534, 0.01761, 1.28387,
  1.26614, 1.24841, 1.23067, 1.21294, 1.19520, 1.17746, 1.15971, 1.14197,
  1.12422, 1.10647, 1.08872, 1.07096, 1.05320, 1.03544, 1.01768, 0.99992,
  0.98215, 0.96438, 0.94661, 0.92884, 0.91106, 0.89328, 0.87550, 0.85772,
  0.83993, 0.82214, 0.80435, 0.78656, 0.76877, 0.75097, 0.73317, 0.71537,
  0.69756, 0.67976, 0.66195, 0.64414, 0.62633, 0.60851, 0.59069, 0.57287,
  0.55505, 0.53723, 0.51940, 0.50157, 0.48374, 0.46591, 0.44807, 0.43023,
  0.41239, 0.39455, 0.37671, 0.35886, 0.34101, 0.32316, 0.30531, 0.28745,
  0.26960, 0.25174, 0.23387, 0.21601, 0.19814, 0.18027, 0.16240, 0.14453,
  0.12665, 0.10878, 0.09090, 0.07302, 0.05513, 0.03724, 0.01936, 0.00147,
  1.26756, 1.24966, 1.23177, 1.21387, 1.19597, 1.17806, 1.16016, 1.14225,
  1.12434, 1.10643, 1.08851, 1.07060, 1.05268, 1.03476, 1.01683, 0.99891,
  0.98098, 0.96305, 0.94512, 0.92719, 0.90925, 0.89131, 0.87338, 0.85543,
  0.83749, 0.81954, 0.80160, 0.78365, 0.76569, 0.74774, 0.72978, 0.71182,
  0.69386, 0.67590, 0.65794, 0.63997, 0.62200, 0.60403, 0.58606, 0.56808,
  0.55010, 0.53212, 0.51414, 0.49616, 0.47817, 0.46019, 0.44220, 0.42421,
  0.40621, 0.38822, 0.37022, 0.35222, 0.33422, 0.31621, 0.29821, 0.28020,
  0.26219, 0.24418, 0.22616, 0.20815, 0.19013, 0.17211, 0.15409, 0.13606,
  0.11804, 0.10001, 0.08198, 0.06395, 0.04592, 0.02788, 0.00984, 1.27579,
  1.25774, 1.23970, 1.22166, 1.20361, 1.18556, 1.16751, 1.14945, 1.13140,
  1.11334, 1.09528, 1.07722, 1.05916, 1.04109, 1.02302, 1.00495, 0.98688,
  0.96881, 0.95073, 0.93266, 0.91458, 0.89650, 0.87841, 0.86033, 0.84224,
  0.82415, 0.80606, 0.78797, 0.76988, 0.75178, 0.73368, 0.71558, 0.69748,
  0.67938, 0.66127, 0.64316, 0.62505, 0.60694, 0.58883, 0.57071, 0.55260,
  0.53448, 0.51636, 0.49823, 0.48011, 0.46198, 0.44386, 0.42572, 0.40759,
  0.38946, 0.37132, 0.35319, 0.33505, 0.31690, 0.29876, 0.28062, 0.26247,
  0.24432, 0.22617, 0.20802, 0.18986, 0.17171, 0.15355, 0.13539, 0.11723,
  0.09906, 0.08090, 0.06273, 0.04456, 0.02639, 0.00822, 1.27403, 1.25585,
  1.23767, 1.21949, 1.20131, 1.18313, 1.16494, 1.14676, 1.12857, 1.11038,
  1.09219, 1.07399, 1.05580, 1.03760, 1.01940, 1.00120, 0.98299, 0.96479,
  0.94658, 0.92837, 0.91016, 0.89195, 0.87374, 0.85552, 0.83730, 0.81908,
  0.80086, 0.78264, 0.76442, 0.74619, 0.72796, 0.70973, 0.69150, 0.67327,
  0.65503, 0.63680, 0.61856, 0.60032, 0.58208, 0.56383, 0.54559, 0.52734,
  0.50909, 0.49084, 0.47259, 0.45434, 0.43608, 0.41782, 0.39956, 0.38130,
  0.36304, 0.34478, 0.32651, 0.30824, 0.28997, 0.27170, 0.25343, 0.23516,
  0.21688, 0.19860, 0.18032, 0.16204, 0.14376, 0.12547, 0.10719, 0.08890,
  0.07061, 0.05232, 0.03403, 0.01573, 1.28142, 1.26312, 1.24482, 1.22652,
  1.20822, 1.18991, 1.17161, 1.15330, 1.13499, 1.11668, 1.09837, 1.08005,
  1.06174, 1.04342, 1.02510, 1.00678, 0.98846, 0.97013, 0.95181, 0.93348,
  0.91515, 0.89682, 0.87849, 0.86015, 0.84182, 0.82348, 0.80514, 0.78680,
  0.76846, 0.75011, 0.73177, 0.71342, 0.69507, 0.67672, 0.65837, 0.64002,
  0.62166, 0.60331, 0.58495, 0.56659, 0.54823, 0.52986, 0.51150, 0.49313,
  0.47477, 0.45640, 0.43803, 0.41965, 0.40128, 0.38290, 0.36453, 0.34615,
  0.32777, 0.30939, 0.29100, 0.27262, 0.25423, 0.23584, 0.21745, 0.19906,
  0.18067, 0.16227, 0.14388, 0.12548, 0.10708, 0.08868, 0.07028, 0.05188,
  0.03347, 0.01506, 1.28064, 1.26223, 1.24382, 1.22541, 1.20699, 1.18858,
  1.17016, 1.15174, 1.13332, 1.11490, 1.09647, 1.07805, 1.05962, 1.04119,
  1.02277, 1.00433, 0.98590, 0.96747, 0.94903, 0.93059, 0.91216, 0.89372,
  0.87527, 0.85683, 0.83839, 0.81994, 0.80149, 0.78304, 0.76459, 0.74614,
  0.72769, 0.70923, 0.69078, 0.67232, 0.65386, 0.63540, 0.61694, 0.59847,
  0.58001, 0.56154, 0.54307, 0.52460, 0.50613, 0.48766, 0.46918, 0.45071,
  0.43223, 0.41375, 0.39527, 0.37679, 0.35831, 0.33983, 0.32134, 0.30285,
  0.28436, 0.26587, 0.24738, 0.22889, 0.21040, 0.19190, 0.17340, 0.15490,
  0.13640, 0.11790, 0.09940, 0.08090, 0.06239, 0.04388, 0.02537, 0.00686,
  1.27234, 1.25382, 1.23531, 1.21679, 1.19828, 1.17976, 1.16124, 1.14272,
  1.12419, 1.10567, 1.08714, 1.06862, 1.05009, 1.03156, 1.01303, 0.99450,
  0.97596, 0.95743, 0.93889, 0.92035, 0.90181, 0.88327, 0.86473, 0.84619,
  0.82764, 0.80910, 0.79055, 0.77200, 0.75345, 0.73490, 0.71634, 0.69779,
  0.67923, 0.66068, 0.64212, 0.62356, 0.60500, 0.58643, 0.56787, 0.54930,
  0.53074, 0.51217, 0.49360, 0.47503, 0.45646, 0.43788, 0.41931, 0.40073,
  0.38215, 0.36357, 0.34499, 0.32641, 0.30783, 0.28925, 0.27066, 0.25207,
  0.23348, 0.21489, 0.19630, 0.17771, 0.15912, 0.14052, 0.12193, 0.10333,
  0.08473, 0.06613, 0.04753, 0.02893, 0.01032, 1.27570, 1.25709, 1.23849,
  1.21988, 1.20127, 1.18265, 1.16404, 1.14543, 1.12681, 1.10819, 1.08958,
  1.07096, 1.05234, 1.03371, 1.01509, 0.99646, 0.97784, 0.95921, 0.94058,
  0.92195, 0.90332, 0.88469, 0.86605, 0.84742, 0.82878, 0.81014, 0.79151,
  0.77287, 0.75422, 0.73558, 0.71694, 0.69829, 0.67965, 0.66100, 0.64235,
  0.62370, 0.60505, 0.58639, 0.56774, 0.54908, 0.53043, 0.51177, 0.49311,
  0.47445, 0.45579, 0.43713, 0.41846, 0.39980, 0.38113, 0.36246, 0.34379,
  0.32512, 0.30645, 0.28778, 0.26910, 0.25043, 0.23175, 0.21307, 0.19440,
  0.17572, 0.15703, 0.13835, 0.11967, 0.10098, 0.08230, 0.06361, 0.04492,
  0.02623, 0.00754, 1.27283, 1.25414, 1.23544, 1.21675, 1.19805, 1.17935,
  1.16065, 1.14195, 1.12325, 1.10455, 1.08584, 1.06714, 1.04843, 1.02972,
  1.01101, 0.99230, 0.97359, 0.95488, 0.93616, 0.91745, 0.89873, 0.88001,
  0.86129, 0.84257, 0.82385, 0.80513, 0.78641, 0.76768, 0.74896, 0.73023,
  0.71150, 0.69277, 0.67404, 0.65531, 0.63658, 0.61784, 0.59911, 0.58037,
  0.56163, 0.54290, 0.52416, 0.50541, 0.48667, 0.46793, 0.44918, 0.43044,
  0.41169, 0.39294, 0.37420, 0.35545, 0.33669, 0.31794, 0.29919, 0.28043,
  0.26168, 0.24292, 0.22416, 0.20540, 0.18664, 0.16788, 0.14912, 0.13035,
  0.11159, 0.09282, 0.07405, 0.05529, 0.03652, 0.01775, 1.28296, 1.26419,
  1.24541, 1.22664, 1.20786, 1.18908, 1.17030, 1.15152, 1.13274, 1.11396,
  1.09518, 1.07639, 1.05761, 1.03882, 1.02003, 1.00125, 0.98246, 0.96366,
  0.94487, 0.92608, 0.90729, 0.88849, 0.86969, 0.85090, 0.83210, 0.81330,
  0.79450, 0.77570, 0.75689, 0.73809, 0.71928, 0.70048, 0.68167, 0.66286,
  0.64405, 0.62524, 0.60643, 0.58762, 0.56880, 0.54999, 0.53117, 0.51236,
  0.49354, 0.47472, 0.45590, 0.43708, 0.41825, 0.39943, 0.38061, 0.36178,
  0.34295, 0.32413, 0.30530, 0.28647, 0.26764, 0.24880, 0.22997, 0.21114,
  0.19230, 0.17346, 0.15463, 0.13579, 0.11695, 0.09811, 0.07927, 0.06042,
  0.04158, 0.02274, 0.00389, 1.26903, 1.25018, 1.23133, 1.21248, 1.19363,
  1.17478, 1.15593, 1.13707, 1.11822, 1.09936, 1.08050, 1.06164, 1.04279,
  1.02392, 1.00506, 0.98620, 0.96734, 0.94847, 0.92961, 0.91074, 0.89187,
  0.87300, 0.85414, 0.83526, 0.81639, 0.79752, 0.77865, 0.75977, 0.74090,
  0.72202, 0.70314, 0.68426, 0.66538, 0.64650, 0.62762, 0.60874, 0.58985,
  0.57097, 0.55208, 0.53320, 0.51431, 0.49542, 0.47653, 0.45764, 0.43875,
  0.41985, 0.40096, 0.38207, 0.36317, 0.34427, 0.32538, 0.30648, 0.28758,
  0.26868, 0.24977, 0.23087, 0.21197, 0.19306, 0.17416, 0.15525, 0.13634,
  0.11743, 0.09852, 0.07961, 0.06070, 0.04179, 0.02288, 0.00396, 1.26903,
  1.25011, 1.23120, 1.21228, 1.19336, 1.17444, 1.15552, 1.13659, 1.11767,
  1.09875, 1.07982, 1.06090, 1.04197, 1.02304, 1.00411, 0.98518, 0.96625,
  0.94732, 0.92838, 0.90945, 0.89052, 0.87158, 0.85264, 0.83371, 0.81477,
  0.79583, 0.77689, 0.75795, 0.73900, 0.72006, 0.70111, 0.68217, 0.66322,
  0.64428, 0.62533, 0.60638, 0.58743, 0.56848, 0.54953, 0.53057, 0.51162,
  0.49266, 0.47371, 0.45475, 0.43580, 0.41684, 0.39788, 0.37892, 0.35996,
  0.34099, 0.32203, 0.30307, 0.28410, 0.26514, 0.24617, 0.22720, 0.20823,
  0.18926, 0.17029, 0.15132, 0.13235, 0.11338, 0.09440, 0.07543, 0.05645,
  0.03747, 0.01850, 1.28350, 1.26452, 1.24554, 1.22656, 1.20758, 1.18859,
  1.16961, 1.15063, 1.13164, 1.11265, 1.09367, 1.07468, 1.05569, 1.03670,
  1.01770, 0.99871, 0.97972, 0.96073, 0.94173, 0.92273, 0.90374, 0.88474,
  0.86574, 0.84674, 0.82774, 0.80874, 0.78974, 0.77074, 0.75173, 0.73273,
  0.71372, 0.69472, 0.67571, 0.65670, 0.63769, 0.61868, 0.59967, 0.58066,
  0.56165, 0.54263, 0.52362, 0.50460, 0.48559, 0.46657, 0.44755, 0.42853,
  0.40951, 0.39049, 0.37147, 0.35245, 0.33343, 0.31440, 0.29538, 0.27635,
  0.25732, 0.23830, 0.21927, 0.20024, 0.18121, 0.16218, 0.14315, 0.12411,
  0.10508, 0.08605, 0.06701, 0.04798, 0.02894, 0.00990, 1.27485, 1.25581,
  1.23677, 1.21773, 1.19868, 1.17964, 1.16060, 1.14155, 1.12251, 1.10346,
  1.08441, 1.06537, 1.04632, 1.02727, 1.00822, 0.98917, 0.97011, 0.95106,
  0.93201, 0.91295, 0.89390, 0.87484, 0.85578, 0.83673, 0.81767, 0.79861,
  0.77955, 0.76049, 0.74142, 0.72236, 0.70330, 0.68423, 0.66517, 0.64610,
  0.62704, 0.60797, 0.58890, 0.56983, 0.55076, 0.53169, 0.51262, 0.49354,
  0.47447, 0.45540, 0.43632, 0.41724, 0.39817, 0.37909, 0.36001, 0.34093,
  0.32185, 0.30277, 0.28369, 0.26461, 0.24552, 0.22644, 0.20735, 0.18827,
  0.16918, 0.15009, 0.13101, 0.11192, 0.09283, 0.07374, 0.05465, 0.03555,
  0.01646, 1.28135, 1.26226, 1.24316, 1.22407, 1.20497, 1.18587, 1.16677,
  1.14767, 1.12857, 1.10947, 1.09037, 1.07127, 1.05217, 1.03306, 1.01396,
  0.99485, 0.97575, 0.95664, 0.93753, 0.91842, 0.89931, 0.88020, 0.86109,
  0.84198, 0.82287, 0.80375, 0.78464, 0.76552, 0.74641, 0.72729, 0.70817,
  0.68906, 0.66994, 0.65082, 0.63170, 0.61258, 0.59345, 0.57433, 0.55521,
  0.53608, 0.51696, 0.49783, 0.47871, 0.45958, 0.44045, 0.42132, 0.40219,
  0.38306, 0.36393, 0.34480, 0.32567, 0.30653, 0.28740, 0.26827, 0.24913,
  0.22999, 0.21086, 0.19172, 0.17258, 0.15344, 0.13430, 0.11516, 0.09602,
  0.07687, 0.05773, 0.03859, 0.01944, 0.00030, 1.26514, 1.24599, 1.22684,
  1.20769, 1.18854, 1.16939, 1.15024, 1.13109, 1.11194, 1.09279, 1.07363,
  1.05448, 1.03533, 1.01617, 0.99701, 0.97786, 0.95870, 0.93954, 0.92038,
  0.90122, 0.88206, 0.86290, 0.84373, 0.82457, 0.80541, 0.78624, 0.76708,
  0.74791, 0.72874, 0.70958, 0.69041, 0.67124, 0.65207, 0.63290, 0.61373,
  0.59456, 0.57538, 0.55621, 0.53704, 0.51786, 0.49869, 0.47951, 0.46033,
  0.44116, 0.42198, 0.40280, 0.38362, 0.36444, 0.34526, 0.32608, 0.30689,
  0.28771, 0.26853, 0.24934, 0.23016, 0.21097, 0.19178, 0.17260, 0.15341,
  0.13422, 0.11503, 0.09584, 0.07665, 0.05746, 0.03826, 0.01907, 1.28386,
  1.26467, 1.24547, 1.22628, 1.20708, 1.18788, 1.16868, 1.14949, 1.13029,
  1.11109, 1.09188, 1.07268, 1.05348, 1.03428, 1.01507, 0.99587, 0.97667,
  0.95746, 0.93825, 0.91905, 0.89984, 0.88063, 0.86142, 0.84221, 0.82300,
  0.80379, 0.78458, 0.76537, 0.74615, 0.72694, 0.70772, 0.68851, 0.66929,
  0.65008, 0.63086, 0.61164, 0.59242, 0.57320, 0.55398, 0.53476, 0.51554,
  0.49632, 0.47710, 0.45787, 0.43865, 0.41942, 0.40020, 0.38097, 0.36174,
  0.34252, 0.32329, 0.30406, 0.28483, 0.26560, 0.24637, 0.22714, 0.20791,
  0.18867, 0.16944, 0.15021, 0.13097, 0.11174, 0.09250, 0.07326, 0.05403,
  0.03479, 0.01555, 1.28030, 1.26106, 1.24181, 1.22257, 1.20333, 1.18409,
  1.16485, 1.14560, 1.12636, 1.10711, 1.08787, 1.06862, 1.04937, 1.03012,
  1.01088, 0.99163, 0.97238, 0.95313, 0.93387, 0.91462, 0.89537, 0.87612,
  0.85686, 0.83761, 0.81835, 0.79910, 0.77984, 0.76059, 0.74133, 0.72207,
  0.70281, 0.68355, 0.66429, 0.64503, 0.62577, 0.60651, 0.58724, 0.56798,
  0.54872, 0.52945, 0.51019, 0.49092, 0.47165, 0.45239, 0.43312, 0.41385,
  0.39458, 0.37531, 0.35604, 0.33677, 0.31750, 0.29823, 0.27896, 0.25968,
  0.24041, 0.22113, 0.20186, 0.18258, 0.16331, 0.14403, 0.12475, 0.10547,
  0.08619, 0.06691, 0.04763, 0.02835, 0.00907, 1.27377, 1.25449, 1.23521,
  1.21592, 1.19664, 1.17735, 1.15807, 1.13878, 1.11949, 1.10021, 1.08092,
  1.06163, 1.04234, 1.02305, 1.00376, 0.98447, 0.96517, 0.94588, 0.92659,
  0.90730, 0.88800, 0.86871, 0.84941, 0.83011, 0.81082, 0.79152, 0.77222,
  0.75292, 0.73362, 0.71432, 0.69502, 0.67572, 0.65642, 0.63712, 0.61782,
  0.59851, 0.57921, 0.55990, 0.54060, 0.52129, 0.50199, 0.48268, 0.46337,
  0.44406, 0.42475, 0.40544, 0.38613, 0.36682, 0.34751, 0.32820, 0.30889,
  0.28957, 0.27026, 0.25095, 0.23163, 0.21232, 0.19300, 0.17368, 0.15437,
  0.13505, 0.11573, 0.09641, 0.07709, 0.05777, 0.03845, 0.01913, 1.28379,
  1.26447, 1.24515, 1.22582, 1.20650, 1.18718, 1.16785, 1.14852, 1.12920,
  1.10987, 1.09054, 1.07121, 1.05189, 1.03256, 1.01323, 0.99390, 0.97456,
  0.95523, 0.93590, 0.91657, 0.89723, 0.87790, 0.85857, 0.83923, 0.81990,
  0.80056, 0.78122, 0.76188, 0.74255, 0.72321, 0.70387, 0.68453, 0.66519,
  0.64585, 0.62651, 0.60716, 0.58782, 0.56848, 0.54914, 0.52979, 0.51045,
  0.49110, 0.47176, 0.45241, 0.43306, 0.41371, 0.39437, 0.37502, 0.35567,
  0.33632, 0.31697, 0.29762, 0.27827, 0.25891, 0.23956, 0.22021, 0.20085,
  0.18150, 0.16214, 0.14279, 0.12343, 0.10408, 0.08472, 0.06536, 0.04600,
  0.02665, 0.00729, 1.27191, 1.25255, 1.23319, 1.21383, 1.19447, 1.17510,
  1.15574, 1.13638, 1.11701, 1.09765, 1.07828, 1.05892, 1.03955, 1.02018,
  1.00082, 0.98145, 0.96208, 0.94271, 0.92334, 0.90397, 0.88460, 0.86523,
  0.84586, 0.82648, 0.80711, 0.78774, 0.76836, 0.74899, 0.72961, 0.71024,
  0.69086, 0.67149, 0.65211, 0.63273, 0.61335, 0.59397, 0.57459, 0.55521,
  0.53583, 0.51645, 0.49707, 0.47769, 0.45831, 0.43892, 0.41954, 0.40016,
  0.38077, 0.36139, 0.34200, 0.32262, 0.30323, 0.28384, 0.26445, 0.24507,
  0.22568, 0.20629, 0.18690, 0.16751, 0.14812, 0.12872, 0.10933, 0.08994,
  0.07055, 0.05115, 0.03176, 0.01236, 1.27695, 1.25756, 1.23816, 1.21877,
  1.19937, 1.17997, 1.16057, 1.14117, 1.12177, 1.10237, 1.08297, 1.06357,
  1.04417, 1.02477, 1.00537, 0.98597, 0.96656, 0.94716, 0.92775, 0.90835,
  0.88894, 0.86954, 0.85013, 0.83072, 0.81132, 0.79191, 0.77250, 0.75309,
  0.73368, 0.71427, 0.69486, 0.67545, 0.65604, 0.63663, 0.61721, 0.59780,
  0.57839, 0.55897, 0.53956, 0.52014, 0.50073, 0.48131, 0.46190, 0.44248,
  0.42306, 0.40364, 0.38422, 0.36480, 0.34539, 0.32597, 0.30654, 0.28712,
  0.26770, 0.24828, 0.22886, 0.20943, 0.19001, 0.17059, 0.15116, 0.13174,
  0.11231, 0.09289, 0.07346, 0.05403, 0.03460, 0.01518, 1.27973, 1.26030,
  1.24087, 1.22144, 1.20201, 1.18258, 1.16315, 1.14372, 1.12429, 1.10485,
  1.08542, 1.06599, 1.04655, 1.02712, 1.00768, 0.98825, 0.96881, 0.94937,
  0.92994, 0.91050, 0.89106, 0.87162, 0.85218, 0.83274, 0.81330, 0.79386,
  0.77442, 0.75498, 0.73554, 0.71610, 0.69665, 0.67721, 0.65776, 0.63832,
  0.61888, 0.59943, 0.57998, 0.56054, 0.54109, 0.52164, 0.50220, 0.48275,
  0.46330, 0.44385, 0.42440, 0.40495, 0.38550, 0.36605, 0.34660, 0.32714,
  0.30769, 0.28824, 0.26879, 0.24933, 0.22988, 0.21042, 0.19097, 0.17151,
  0.15205, 0.13260, 0.11314, 0.09368, 0.07422, 0.05477, 0.03531, 0.01585,
  1.28037, 1.26091, 1.24145, 1.22199, 1.20253, 1.18306, 1.16360, 1.14414,
  1.12468, 1.10521, 1.08575, 1.06628, 1.04682, 1.02735, 1.00788, 0.98842,
  0.96895, 0.94948, 0.93001, 0.91054, 0.89107, 0.87160, 0.85213, 0.83266,
  0.81319, 0.79372, 0.77425, 0.75478, 0.73530, 0.71583, 0.69636, 0.67688,
  0.65741, 0.63793, 0.61846, 0.59898, 0.57950, 0.56003, 0.54055, 0.52107,
  0.50159, 0.48212, 0.46264, 0.44316, 0.42368, 0.40420, 0.38471, 0.36523,
  0.34575, 0.32627, 0.30679, 0.28730, 0.26782, 0.24833, 0.22885, 0.20937,
  0.18988, 0.17039, 0.15091, 0.13142, 0.11193, 0.09245, 0.07296, 0.05347,
  0.03398, 0.01449, 1.27899, 1.25950, 1.24000, 1.22051, 1.20102, 1.18153,
  1.16204, 1.14254, 1.12305, 1.10356, 1.08406, 1.06457, 1.04507, 1.02558,
  1.00608, 0.98658, 0.96709, 0.94759, 0.92809, 0.90859, 0.88910, 0.86960,
  0.85010, 0.83060, 0.81110, 0.79160, 0.77209, 0.75259, 0.73309, 0.71359,
  0.69409, 0.67458, 0.65508, 0.63557, 0.61607, 0.59656, 0.57706, 0.55755,
  0.53805, 0.51854, 0.49903, 0.47952, 0.46002, 0.44051, 0.42100, 0.40149,
  0.38198, 0.36247, 0.34296, 0.32345, 0.30394, 0.28442, 0.26491, 0.24540,
  0.22589, 0.20637, 0.18686, 0.16734, 0.14783, 0.12831, 0.10880, 0.08928,
  0.06977, 0.05025, 0.03073, 0.01121, 1.27568, 1.25616, 1.23664, 1.21712,
  1.19760, 1.17808, 1.15856, 1.13904, 1.11952, 1.10000, 1.08048, 1.06095,
  1.04143, 1.02191, 1.00238, 0.98286, 0.96333, 0.94381, 0.92428, 0.90476,
  0.88523, 0.86570, 0.84618, 0.82665, 0.80712, 0.78759, 0.76806, 0.74853,
  0.72900, 0.70947, 0.68994, 0.67041, 0.65088, 0.63135, 0.61182, 0.59228,
  0.57275, 0.55322, 0.53368, 0.51415, 0.49461, 0.47508, 0.45554, 0.43601,
  0.41647, 0.39694, 0.37740, 0.35786, 0.33832, 0.31878, 0.29925, 0.27971,
  0.26017, 0.24063, 0.22109, 0.20155, 0.18201, 0.16246, 0.14292, 0.12338,
  0.10384, 0.08429, 0.06475, 0.04521, 0.02566, 0.00612, 1.27056, 1.25101,
  1.23147, 1.21192, 1.19237, 1.17283, 1.15328, 1.13373, 1.11418, 1.09463,
  1.07509, 1.05554, 1.03599, 1.01644, 0.99689, 0.97733, 0.95778, 0.93823,
  0.91868, 0.89913, 0.87957, 0.86002, 0.84047, 0.82091, 0.80136, 0.78180,
  0.76225, 0.74269, 0.72314, 0.70358, 0.68402, 0.66447, 0.64491, 0.62535,
  0.60579, 0.58623, 0.56668, 0.54712, 0.52756, 0.50800, 0.48843, 0.46887,
  0.44931, 0.42975, 0.41019, 0.39063, 0.37106, 0.35150, 0.33194, 0.31237,
  0.29281, 0.27324, 0.25368, 0.23411, 0.21455, 0.19498, 0.17541, 0.15585,
  0.13628, 0.11671, 0.09714, 0.07757, 0.05800, 0.03843, 0.01887, 1.28328,
  1.26371, 1.24414, 1.22457, 1.20500, 1.18542, 1.16585, 1.14628, 1.12671,
  1.10713, 1.08756, 1.06798, 1.04841, 1.02883, 1.00926, 0.98968, 0.97011,
  0.95053, 0.93095, 0.91138, 0.89180, 0.87222, 0.85264, 0.83306, 0.81348,
  0.79390, 0.77432, 0.75474, 0.73516, 0.71558, 0.69600, 0.67642, 0.65684,
  0.63726, 0.61767, 0.59809, 0.57851, 0.55892, 0.53934, 0.51975, 0.50017,
  0.48058, 0.46100, 0.44141, 0.42183, 0.40224, 0.38265, 0.36306, 0.34348,
  0.32389, 0.30430, 0.28471, 0.26512, 0.24553, 0.22594, 0.20635, 0.18676,
  0.16717, 0.14758, 0.12799, 0.10839, 0.08880, 0.06921, 0.04961, 0.03002,
  0.01043, 1.27482, 1.25522, 1.23563, 1.21603, 1.19644, 1.17684, 1.15724,
  1.13765, 1.11805, 1.09845, 1.07885, 1.05926, 1.03966, 1.02006, 1.00046,
  0.98086, 0.96126, 0.94166, 0.92206, 0.90246, 0.88286, 0.86325, 0.84365,
  0.82405, 0.80445, 0.78484, 0.76524, 0.74563, 0.72603, 0.70643, 0.68682,
  0.66722, 0.64761, 0.62800, 0.60840, 0.58879, 0.56918, 0.54958, 0.52997,
  0.51036, 0.49075, 0.47114, 0.45153, 0.43192, 0.41231, 0.39270, 0.37309,
  0.35348, 0.33387, 0.31426, 0.29465, 0.27504, 0.25542, 0.23581, 0.21620,
  0.19658, 0.17697, 0.15736, 0.13774, 0.11813, 0.09851, 0.07889, 0.05928,
  0.03966, 0.02005, 0.00043, 1.26480, 1.24518, 1.22556, 1.20594, 1.18632,
  1.16670, 1.14708, 1.12746, 1.10784, 1.08822, 1.06860, 1.04898, 1.02936,
  1.00974, 0.99012, 0.97049, 0.95087, 0.93125, 0.91163, 0.89200, 0.87238,
  0.85275, 0.83313, 0.81350, 0.79388, 0.77425, 0.75463, 0.73500, 0.71537,
  0.69574, 0.67612, 0.65649, 0.63686, 0.61723, 0.59760, 0.57797, 0.55835,
  0.53872, 0.51909, 0.49946, 0.47982, 0.46019, 0.44056, 0.42093, 0.40130,
  0.38167, 0.36203, 0.34240, 0.32277, 0.30313, 0.28350, 0.26386, 0.24423,
  0.22459, 0.20496, 0.18532, 0.16569, 0.14605, 0.12641, 0.10678, 0.08714,
  0.06750, 0.04786, 0.02823, 0.00859, 1.27293, 1.25329, 1.23365, 1.21401,
  1.19437, 1.17473, 1.15509, 1.13545, 1.11581, 1.09617, 1.07652, 1.05688,
  1.03724, 1.01760, 0.99795, 0.97831, 0.95866, 0.93902, 0.91938, 0.89973,
  0.88009, 0.86044, 0.84079, 0.82115, 0.80150, 0.78185, 0.76221, 0.74256,
  0.72291, 0.70326, 0.68361, 0.66396, 0.64432, 0.62467, 0.60502, 0.58537,
  0.56572, 0.54606, 0.52641, 0.50676, 0.48711, 0.46746, 0.44781, 0.42815,
  0.40850, 0.38885, 0.36919, 0.34954, 0.32988, 0.31023, 0.29058, 0.27092,
  0.25126, 0.23161, 0.21195, 0.19230, 0.17264, 0.15298, 0.13333, 0.11367,
  0.09401, 0.07435, 0.05469, 0.03503, 0.01537, 1.27970, 1.26004, 1.24038,
  1.22072, 1.20106, 1.18140, 1.16174, 1.14207, 1.12241, 1.10275, 1.08309,
  1.06342, 1.04376, 1.02410, 1.00443, 0.98477, 0.96510, 0.94544, 0.92578,
  0.90611, 0.88644, 0.86678, 0.84711, 0.82745, 0.80778, 0.78811, 0.76844,
  0.74878, 0.72911, 0.70944, 0.68977, 0.67010, 0.65043, 0.63076, 0.61109,
  0.59142, 0.57175, 0.55208, 0.53241, 0.51274, 0.49307, 0.47339, 0.45372,
  0.43405, 0.41438, 0.39470, 0.37503, 0.35536, 0.33568, 0.31601, 0.29633,
  0.27666, 0.25698, 0.23731, 0.21763, 0.19795, 0.17828, 0.15860, 0.13892,
  0.11925, 0.09957, 0.07989, 0.06021, 0.04053, 0.02086, 0.00118, 1.26548,
  1.24580, 1.22612, 1.20644, 1.18676, 1.16708, 1.14740, 1.12772, 1.10804,
  1.08835, 1.06867, 1.04899, 1.02931, 1.00962, 0.98994, 0.97025, 0.95057,
  0.93089, 0.91120, 0.89152, 0.87183, 0.85215, 0.83246, 0.81277, 0.79309,
  0.77340, 0.75371, 0.73403, 0.71434, 0.69465, 0.67496, 0.65527, 0.63558,
  0.61590, 0.59621, 0.57652, 0.55683, 0.53714, 0.51745, 0.49776, 0.47806,
  0.45837, 0.43868, 0.41899, 0.39930, 0.37960, 0.35991, 0.34022, 0.32053,
  0.30083, 0.28114, 0.26144, 0.24175, 0.22205, 0.20236, 0.18266, 0.16297,
  0.14327, 0.12358, 0.10388, 0.08418, 0.06449, 0.04479, 0.02509, 0.00539,
  1.26968, 1.24998, 1.23028, 1.21058, 1.19088, 1.17119, 1.15149, 1.13179,
  1.11208, 1.09238, 1.07268, 1.05298, 1.03328, 1.01358, 0.99388, 0.97417,
  0.95447, 0.93477, 0.91507, 0.89536, 0.87566, 0.85595, 0.83625, 0.81655,
  0.79684, 0.77714, 0.75743, 0.73772, 0.71802, 0.69831, 0.67861, 0.65890,
  0.63919, 0.61948, 0.59978, 0.58007, 0.56036, 0.54065, 0.52094, 0.50123,
  0.48153, 0.46182, 0.44211, 0.42240, 0.40269, 0.38297, 0.36326, 0.34355,
  0.32384, 0.30413, 0.28442, 0.26471, 0.24499, 0.22528, 0.20557, 0.18585,
  0.16614, 0.14643, 0.12671, 0.10700, 0.08728, 0.06757, 0.04785, 0.02814,
  0.00842, 1.27269, 1.25297, 1.23326, 1.21354, 1.19382, 1.17411, 1.15439,
  1.13467, 1.11495, 1.09523, 1.07552, 1.05580, 1.03608, 1.01636, 0.99664,
  0.97692, 0.95720, 0.93748, 0.91776, 0.89804, 0.87831, 0.85859, 0.83887,
  0.81915, 0.79943, 0.77970, 0.75998, 0.74026, 0.72053, 0.70081, 0.68109,
  0.66136, 0.64164, 0.62191, 0.60219, 0.58246, 0.56274, 0.54301, 0.52328,
  0.50356, 0.48383, 0.46410, 0.44438, 0.42465, 0.40492, 0.38519, 0.36547,
  0.34574, 0.32601, 0.30628, 0.28655, 0.26682, 0.24709, 0.22736, 0.20763,
  0.18790, 0.16817, 0.14844, 0.12871, 0.10898, 0.08924, 0.06951, 0.04978,
  0.03005, 0.01031, 1.27457, 1.25483, 1.23510, 1.21537, 1.19563, 1.17590,
  1.15616, 1.13643, 1.11669, 1.09696, 1.07722, 1.05749, 1.03775, 1.01801,
  0.99828, 0.97854, 0.95880, 0.93906, 0.91933, 0.89959, 0.87985, 0.86011,
  0.84037, 0.82063, 0.80090, 0.78116, 0.76142, 0.74168, 0.72194, 0.70220,
  0.68246, 0.66271, 0.64297, 0.62323, 0.60349, 0.58375, 0.56401, 0.54426,
  0.52452, 0.50478, 0.48503, 0.46529, 0.44555, 0.42580, 0.40606, 0.38631,
  0.36657, 0.34682, 0.32708, 0.30733, 0.28759, 0.26784, 0.24810, 0.22835,
  0.20860, 0.18886, 0.16911, 0.14936, 0.12961, 0.10987, 0.09012, 0.07037,
  0.05062, 0.03087, 0.01112, 1.27536, 1.25561, 1.23586, 1.21611, 1.19636,
  1.17661, 1.15686, 1.13711, 1.11735, 1.09760, 1.07785, 1.05810, 1.03835,
  1.01859, 0.99884, 0.97909, 0.95933, 0.93958, 0.91983, 0.90007, 0.88032,
  0.86056, 0.84081, 0.82105, 0.80130, 0.78154, 0.76179, 0.74203, 0.72228,
  0.70252, 0.68276, 0.66301, 0.64325, 0.62349, 0.60373, 0.58398, 0.56422,
  0.54446, 0.52470, 0.50494, 0.48518, 0.46542, 0.44566, 0.42590, 0.40614,
  0.38638, 0.36662, 0.34686, 0.32710, 0.30734, 0.28758, 0.26782, 0.24805,
  0.22829, 0.20853, 0.18877, 0.16900, 0.14924, 0.12948, 0.10971, 0.08995,
  0.07019, 0.05042, 0.03066, 0.01089, 1.27511, 1.25535, 1.23558, 1.21582,
  1.19605, 1.17628, 1.15652, 1.13675, 1.11698, 1.09722, 1.07745, 1.05768,
  1.03791, 1.01815, 0.99838, 0.97861, 0.95884, 0.93907, 0.91930, 0.89953,
  0.87976, 0.85999, 0.84022, 0.82045, 0.80068, 0.78091, 0.76114, 0.74137,
  0.72160, 0.70183, 0.68205, 0.66228, 0.64251, 0.62274, 0.60296, 0.58319,
  0.56342, 0.54364, 0.52387, 0.50410, 0.48432, 0.46455, 0.44477, 0.42500,
  0.40522, 0.38545, 0.36567, 0.34589, 0.32612, 0.30634, 0.28657, 0.26679,
  0.24701, 0.22723, 0.20746, 0.18768, 0.16790, 0.14812, 0.12834, 0.10857,
  0.08879, 0.06901, 0.04923, 0.02945, 0.00967, 1.27387, 1.25409, 1.23431,
  1.21453, 1.19475, 1.17497, 1.15519, 1.13541, 1.11563, 1.09585, 1.07606,
  1.05628, 1.03650, 1.01671, 0.99693, 0.97715, 0.95736, 0.93758, 0.91780,
  0.89801, 0.87823, 0.85844, 0.83866, 0.81887, 0.79909, 0.77930, 0.75952,
  0.73973, 0.71995, 0.70016, 0.68037, 0.66059, 0.64080, 0.62101, 0.60122,
  0.58144, 0.56165, 0.54186, 0.52207, 0.50228, 0.48249, 0.46270, 0.44292,
  0.42313, 0.40334, 0.38355, 0.36376, 0.34397, 0.32417, 0.30438, 0.28459,
  0.26480, 0.24501, 0.22522, 0.20543, 0.18563, 0.16584, 0.14605, 0.12626,
  0.10646, 0.08667, 0.06688, 0.04708, 0.02729, 0.00750, 1.27169, 1.25189,
  1.23210, 1.21230, 1.19251, 1.17271, 1.15292, 1.13312, 1.11332, 1.09353,
  1.07373, 1.05394, 1.03414, 1.01434, 0.99454, 0.97475, 0.95495, 0.93515,
  0.91535, 0.89555, 0.87576, 0.85596, 0.83616, 0.81636, 0.79656, 0.77676,
  0.75696, 0.73716, 0.71736, 0.69756, 0.67776, 0.65796, 0.63816, 0.61836,
  0.59855, 0.57875, 0.55895, 0.53915, 0.51935, 0.49954, 0.47974, 0.45994,
  0.44013, 0.42033, 0.40053, 0.38072, 0.36092, 0.34111, 0.32131, 0.30151,
  0.28170, 0.26190, 0.24209, 0.22228, 0.20248, 0.18267, 0.16287, 0.14306,
  0.12325, 0.10345, 0.08364, 0.06383, 0.04403, 0.02422, 0.00441, 1.26859,
  1.24878, 1.22897, 1.20916, 1.18935, 1.16954, 1.14974, 1.12993, 1.11012,
  1.09031, 1.07050, 1.05069, 1.03088, 1.01106, 0.99125, 0.97144, 0.95163,
  0.93182, 0.91201, 0.89220, 0.87238, 0.85257, 0.83276, 0.81295, 0.79313,
  0.77332, 0.75351, 0.73369, 0.71388, 0.69407, 0.67425, 0.65444, 0.63462,
  0.61481, 0.59499, 0.57518, 0.55536, 0.53555, 0.51573, 0.49592, 0.47610,
  0.45628, 0.43647, 0.41665, 0.39683, 0.37702, 0.35720, 0.33738, 0.31756,
  0.29775, 0.27793, 0.25811, 0.23829, 0.21847, 0.19865, 0.17883, 0.15901,
  0.13919, 0.11937, 0.09955, 0.07973, 0.05991, 0.04009, 0.02027, 0.00045,
  1.26462, 1.24479, 1.22497, 1.20515, 1.18533, 1.16551, 1.14568, 1.12586,
  1.10604, 1.08622, 1.06639, 1.04657, 1.02675, 1.00692, 0.98710, 0.96727,
  0.94745, 0.92763, 0.90780, 0.88798, 0.86815, 0.84833, 0.82850, 0.80867,
  0.78885, 0.76902, 0.74920, 0.72937, 0.70954, 0.68972, 0.66989, 0.65006,
  0.63023, 0.61041, 0.59058, 0.57075, 0.55092, 0.53109, 0.51127, 0.49144,
  0.47161, 0.45178, 0.43195, 0.41212, 0.39229, 0.37246, 0.35263, 0.33280,
  0.31297, 0.29314, 0.27331, 0.25348, 0.23365, 0.21381, 0.19398, 0.17415,
  0.15432, 0.13449, 0.11465, 0.09482, 0.07499, 0.05515, 0.03532, 0.01549,
  1.27964, 1.25981, 1.23997, 1.22014, 1.20030, 1.18047, 1.16063, 1.14080,
  1.12096, 1.10113, 1.08129, 1.06146, 1.04162, 1.02179, 1.00195, 0.98211,
  0.96228, 0.94244, 0.92260, 0.90277, 0.88293, 0.86309, 0.84325, 0.82341,
  0.80358, 0.78374, 0.76390, 0.74406, 0.72422, 0.70438, 0.68454, 0.66470,
  0.64486, 0.62503, 0.60519, 0.58534, 0.56550, 0.54566, 0.52582, 0.50598,
  0.48614, 0.46630, 0.44646, 0.42662, 0.40677, 0.38693, 0.36709, 0.34725,
  0.32741, 0.30756, 0.28772, 0.26788, 0.24803, 0.22819, 0.20835, 0.18850,
  0.16866, 0.14881, 0.12897, 0.10913, 0.08928, 0.06944, 0.04959, 0.02974,
  0.00990, 1.27404, 1.25419, 1.23435, 1.21450, 1.19465, 1.17481, 1.15496,
  1.13511, 1.11527, 1.09542, 1.07557, 1.05572, 1.03588, 1.01603, 0.99618,
  0.97633, 0.95648, 0.93663, 0.91678, 0.89694, 0.87709, 0.85724, 0.83739,
  0.81754, 0.79769, 0.77784, 0.75799, 0.73814, 0.71828, 0.69843, 0.67858,
  0.65873, 0.63888, 0.61903, 0.59918, 0.57932, 0.55947, 0.53962, 0.51977,
  0.49991, 0.48006, 0.46021, 0.44035, 0.42050, 0.40065, 0.38079, 0.36094,
  0.34109, 0.32123, 0.30138, 0.28152, 0.26167, 0.24181, 0.22196, 0.20210,
  0.18225, 0.16239, 0.14253, 0.12268, 0.10282, 0.08296, 0.06311, 0.04325,
  0.02339, 0.00354, 1.26766, 1.24781, 1.22795, 1.20809, 1.18823, 1.16838,
  1.14852, 1.12866, 1.10880, 1.08894, 1.06908, 1.04922, 1.02936, 1.00950,
  0.98964, 0.96978, 0.94992, 0.93006, 0.91020, 0.89034, 0.87048, 0.85062,
  0.83076, 0.81090, 0.79104, 0.77117, 0.75131, 0.73145, 0.71159, 0.69173,
  0.67186, 0.65200, 0.63214, 0.61227, 0.59241, 0.57255, 0.55268, 0.53282,
  0.51296, 0.49309, 0.47323, 0.45336, 0.43350, 0.41363, 0.39377, 0.37390,
  0.35404, 0.33417, 0.31431, 0.29444, 0.27457, 0.25471, 0.23484, 0.21498,
  0.19511, 0.17524, 0.15538, 0.13551, 0.11564, 0.09577, 0.07591, 0.05604,
  0.03617, 0.01630, 1.28042, 1.26055, 1.24068, 1.22081, 1.20094, 1.18107,
  1.16120, 1.14133, 1.12146, 1.10159, 1.08172, 1.06185, 1.04198, 1.02211,
  1.00224, 0.98237, 0.96250, 0.94263, 0.92276, 0.90289, 0.88301, 0.86314,
  0.84327, 0.82340, 0.80353, 0.78365, 0.76378, 0.74391, 0.72403, 0.70416,
  0.68429, 0.66441, 0.64454, 0.62467, 0.60479, 0.58492, 0.56504, 0.54517,
  0.52529, 0.50542, 0.48554, 0.46567, 0.44579, 0.42592, 0.40604, 0.38617,
  0.36629, 0.34641, 0.32654, 0.30666, 0.28679, 0.26691, 0.24703, 0.22715,
  0.20728, 0.18740, 0.16752, 0.14764, 0.12777, 0.10789, 0.08801, 0.06813,
  0.04825, 0.02837, 0.00849, 1.27260, 1.25272, 1.23284, 1.21296, 1.19308,
  1.17320, 1.15332, 1.13344, 1.11356, 1.09368, 1.07380, 1.05392, 1.03404,
  1.01416, 0.99427, 0.97439, 0.95451, 0.93463, 0.91475, 0.89487, 0.87498,
  0.85510, 0.83522, 0.81533, 0.79545, 0.77557, 0.75568, 0.73580, 0.71592,
  0.69603, 0.67615, 0.65627, 0.63638, 0.61650, 0.59661, 0.57673, 0.55684,
  0.53696, 0.51707, 0.49719, 0.47730, 0.45742, 0.43753, 0.41764, 0.39776,
  0.37787, 0.35798, 0.33810, 0.31821, 0.29832, 0.27844, 0.25855, 0.23866,
  0.21877, 0.19889, 0.17900, 0.15911, 0.13922, 0.11933, 0.09945, 0.07956,
  0.05967, 0.03978, 0.01989, 0.00000]]