RSoft_BSDF_File_Version 2
1 0 5 2 1 0.457143
0.3 0.3
-1 1
-1 1
1 0.647 0.647
10 0 45 0.5
4 0 45
Begin_Dispersion_Data
0.647 1.45662 0 1 0 0
End_Dispersion_Data
inside=0 lambda=0.647 phi=0 theta=0
0 0 0 -180 0 0 0 0 0.185472 19.824 0 0 0 0 0 -180 0 0
0 -0 0 180 0 -0 0 -0 1.18596 9.7628 0 -0 0 -0 0 180 0 -0
0 0 0 180 0 -180 0 -0 5.15043e-13 51.6298 0 -0 0 -180 0 180 0 0
0 -0 0 -0 0 180 0 0 3.64974e-13 106.589 0 180 0 180 0 -0 0 -0
0 0 0 -0 0 -180 0 180 6.62973e-13 123.172 0 180 0 -180 0 -0 0 0
0 -0 0 0 0 180 0 180 8.86929e-13 144.07 0 0 0 180 0 0 0 -0
0 0 0 0 0 0 0 -180 0.185472 19.824 0 -180 0 0 0 0 0 0
0 -0 0 -0 0 -0 0 180 1.18596 9.7628 0 180 0 -0 0 -0 0 -0
inside=0 lambda=0.647 phi=0 theta=15
0 0 0 -180 0 0 0 0 0.185472 19.824 0 0 0 0 0 -180 0 0
0 -0 0 180 0 -0 0 -0 1.18596 9.7628 0 -0 0 -0 0 180 0 -0
0 0 0 180 0 -180 0 -0 5.15043e-13 51.6298 0 -0 0 -180 0 180 0 0
0 -0 0 -0 0 180 0 0 3.64974e-13 106.589 0 180 0 180 0 -0 0 -0
0 0 0 -0 0 -180 0 180 6.62973e-13 123.172 0 180 0 -180 0 -0 0 0
0 -0 0 0 0 180 0 180 8.86929e-13 144.07 0 0 0 180 0 0 0 -0
0 0 0 0 0 0 0 -180 0.185472 19.824 0 -180 0 0 0 0 0 0
0 -0 0 -0 0 -0 0 180 1.18596 9.7628 0 180 0 -0 0 -0 0 -0
inside=0 lambda=0.647 phi=0 theta=30
0 0 0 -180 0 0 0 0 0.185472 19.824 0 0 0 0 0 -180 0 0
0 -0 0 180 0 -0 0 -0 1.18596 9.7628 0 -0 0 -0 0 180 0 -0
0 0 0 180 0 -180 0 -0 5.15043e-13 51.6298 0 -0 0 -180 0 180 0 0
0 -0 0 -0 0 180 0 0 3.64974e-13 106.589 0 180 0 180 0 -0 0 -0
0 0 0 -0 0 -180 0 180 6.62973e-13 123.172 0 180 0 -180 0 -0 0 0
0 -0 0 0 0 180 0 180 8.86929e-13 144.07 0 0 0 180 0 0 0 -0
0 0 0 0 0 0 0 -180 0.185472 19.824 0 -180 0 0 0 0 0 0
0 -0 0 -0 0 -0 0 180 1.18596 9.7628 0 180 0 -0 0 -0 0 -0
inside=0 lambda=0.647 phi=0 theta=45
0 0 0 -180 0 0 0 0 0.185472 19.824 0 0 0 0 0 -180 0 0
0 -0 0 180 0 -0 0 -0 1.18596 9.7628 0 -0 0 -0 0 180 0 -0
0 0 0 180 0 -180 0 -0 5.15043e-13 51.6298 0 -0 0 -180 0 180 0 0
0 -0 0 -0 0 180 0 0 3.64974e-13 106.589 0 180 0 180 0 -0 0 -0
0 0 0 -0 0 -180 0 180 6.62973e-13 123.172 0 180 0 -180 0 -0 0 0
0 -0 0 0 0 180 0 180 8.86929e-13 144.07 0 0 0 180 0 0 0 -0
0 0 0 0 0 0 0 -180 0.185472 19.824 0 -180 0 0 0 0 0 0
0 -0 0 -0 0 -0 0 180 1.18596 9.7628 0 180 0 -0 0 -0 0 -0
inside=0 lambda=0.647 phi=5 theta=0
0 0 0 -180 0 0 0 0 0.183383 17.0695 0 0 0 0 0 -180 0 0
0 -0 0 180 0 -0 0 -0 1.18388 8.36407 0 -0 0 -0 0 180 0 -0
0 0 0 -180 0 -180 0 180 3.71535e-13 -26.9508 0 0 0 -180 0 0 0 0
0 -0 0 180 0 180 0 -180 4.23207e-13 -29.2225 0 -0 0 180 0 -0 0 -0
0 0 0 -180 0 -180 0 -0 5.38934e-13 -153.514 0 180 0 -180 0 0 0 0
0 -0 0 180 0 180 0 -0 7.13739e-13 -137.226 0 180 0 180 0 -0 0 -0
0 0 0 0 0 0 0 -180 0.187514 17.0143 0 -180 0 0 0 0 0 0
0 -0 0 -0 0 -0 0 180 1.18805 8.35993 0 180 0 -0 0 -0 0 -0
inside=0 lambda=0.647 phi=5 theta=15
0 0 0 -180 0 0 0 0 0.18366 17.0657 0 0 0 0 0 -180 0 0
0 -0 0 180 0 -0 0 -0 1.18416 8.36377 0 -0 0 -0 0 180 0 -0
0 0 0 -180 0 -180 0 -180 0.00103944 -165.251 0 0 0 -180 0 0 0 0
0 -0 0 180 0 180 0 180 0.00104798 -177.858 0 -0 0 180 0 -0 0 -0
0 0 0 -180 0 -180 0 -180 0.0010394 -165.252 0 0 0 -180 0 0 0 0
0 -0 0 180 0 180 0 180 0.00104781 -177.803 0 -0 0 180 0 -0 0 -0
0 0 0 0 0 0 0 -180 0.187237 17.0179 0 -180 0 0 0 0 0 0
0 -0 0 -0 0 -0 0 180 1.18777 8.36019 0 180 0 -0 0 -0 0 -0
inside=0 lambda=0.647 phi=5 theta=30
0 0 0 -180 0 0 0 0 0.184416 17.0554 0 0 0 0 0 -180 0 0
0 -0 0 180 0 -0 0 -0 1.18492 8.36297 0 -0 0 -0 0 180 0 -0
0 0 0 -180 0 -180 0 -180 0.00180034 -165.252 0 0 0 -180 0 0 0 0
0 -0 0 180 0 180 0 180 0.00181509 -177.846 0 -0 0 180 0 -0 0 -0
0 0 0 -180 0 -180 0 -180 0.0018003 -165.252 0 0 0 -180 0 0 0 0
0 -0 0 180 0 180 0 180 0.00181492 -177.814 0 -0 0 180 0 -0 0 -0
0 0 0 0 0 0 0 -180 0.186481 17.0278 0 -180 0 0 0 0 0 0
0 -0 0 -0 0 -0 0 180 1.18701 8.3609 0 180 0 -0 0 -0 0 -0
inside=0 lambda=0.647 phi=5 theta=45
0 0 0 -180 0 0 0 0 0.185449 17.0415 0 0 0 0 0 -180 0 0
0 -0 0 180 0 -0 0 -0 1.18597 8.36192 0 -0 0 -0 0 180 0 -0
0 0 0 -180 0 -180 0 -180 0.00207883 -165.252 0 0 0 -180 0 0 0 0
0 -0 0 180 0 180 0 180 0.00209579 -177.83 0 -0 0 180 0 -0 0 -0
0 0 0 -180 0 -180 0 -180 0.00207883 -165.252 0 0 0 -180 0 0 0 0
0 -0 0 180 0 180 0 180 0.00209579 -177.83 0 -0 0 180 0 -0 0 -0
0 0 0 0 0 0 0 -180 0.185449 17.0415 0 -180 0 0 0 0 0 0
0 -0 0 -0 0 -0 0 180 1.18597 8.36192 0 180 0 -0 0 -0 0 -0
inside=0 lambda=0.647 phi=10 theta=0
0 -0 0 -180 0 0 0 0 0.176831 8.83664 0 0 0 -0 0 -180 0 0
0 0 0 180 0 -0 0 -0 1.17739 4.17896 0 -0 0 0 0 180 0 -0
0 0 0 -180 0 -180 0 0 3.87093e-13 -98.4279 0 0 0 -180 0 0 0 0
0 -0 0 180 0 180 0 -180 4.93024e-13 -84.8652 0 -180 0 180 0 -0 0 -0
0 0 0 -180 0 -180 0 180 1.42412e-13 -107.475 0 180 0 -180 0 0 0 0
0 -0 0 180 0 180 0 0 4.61311e-13 -96.5447 0 -180 0 180 0 -0 0 -0
0 0 0 0 0 0 0 -180 0.193866 8.60204 0 -180 0 0 0 0 0 0
0 -0 0 -0 0 -0 0 180 1.19456 4.16429 0 180 0 -0 0 -0 0 -0
inside=0 lambda=0.647 phi=10 theta=15
0 -0 0 -180 0 0 0 0 0.177973 8.81916 0 0 0 -0 0 -180 0 0
0 0 0 180 0 -0 0 -0 1.17854 4.17764 0 -0 0 0 0 180 0 -0
0 0 0 -180 0 -180 0 -180 0.00427912 -173.605 0 0 0 -180 0 0 0 0
0 -0 0 180 0 180 0 180 0.00431491 177.975 0 -0 0 180 0 -0 0 -0
0 0 0 -180 0 -180 0 -180 0.00427869 -173.611 0 0 0 -180 0 0 0 0
0 -0 0 180 0 180 0 180 0.00431203 178.202 0 -0 0 180 0 -0 0 -0
0 0 0 0 0 0 0 -180 0.192726 8.61615 0 -180 0 0 0 0 0 0
0 -0 0 -0 0 -0 0 180 1.19341 4.16491 0 180 0 -0 0 -0 0 -0
inside=0 lambda=0.647 phi=10 theta=30
0 0 0 -180 0 0 0 0 0.181092 8.7728 0 0 0 -0 0 -180 0 0
0 0 0 180 0 -0 0 -0 1.18168 4.17426 0 -0 0 0 0 180 0 -0
0 0 0 -180 0 -180 0 -180 0.00741142 -173.608 0 0 0 -180 0 0 0 0
0 -0 0 180 0 180 0 180 0.00747251 178.026 0 -0 0 180 0 -0 0 -0
0 0 0 -180 0 -180 0 -180 0.007411 -173.611 0 0 0 -180 0 0 0 0
0 -0 0 180 0 180 0 180 0.00746962 178.157 0 -0 0 180 0 -0 0 -0
0 0 0 0 0 0 0 -180 0.18961 8.65577 0 -180 0 0 0 0 0 0
0 -0 0 -0 0 -0 0 180 1.19027 4.16689 0 180 0 -0 0 -0 0 -0
inside=0 lambda=0.647 phi=10 theta=45
0 0 0 -180 0 0 0 0 0.185352 8.7126 0 0 0 0 0 -180 0 0
0 -0 0 180 0 -0 0 -0 1.18597 4.17022 0 -0 0 0 0 180 0 -0
0 0 0 -180 0 -180 0 -180 0.00855769 -173.61 0 0 0 -180 0 0 0 0
0 -0 0 180 0 180 0 180 0.00862679 178.093 0 -0 0 180 0 -0 0 -0
0 0 0 -180 0 -180 0 -180 0.00855769 -173.61 0 0 0 -180 0 0 0 0
0 -0 0 180 0 180 0 180 0.00862679 178.093 0 -0 0 180 0 -0 0 -0
0 0 0 0 0 0 0 -180 0.185352 8.7126 0 -180 0 0 0 0 0 0
0 -0 0 -0 0 0 0 180 1.18597 4.17022 0 180 0 -0 0 -0 0 -0
inside=0 lambda=0.647 phi=15 theta=0
0 -0 0 -180 0 0 0 0 0.164872 -4.78188 0 0 0 -0 0 -180 0 0
0 0 0 180 0 -0 0 -0 1.16566 -2.75959 0 -0 0 0 0 180 0 -0
0 0 0 -180 0 -180 0 -0 5.51627e-14 168.439 0 180 0 -180 0 0 0 0
0 -0 0 0 0 180 0 0 7.53064e-14 -147.902 0 180 0 180 0 -180 0 -0
0 0 0 -180 0 -180 0 180 3.72506e-15 -53.2074 0 -0 0 -180 0 0 0 0
0 -0 0 180 0 180 0 -180 2.10287e-14 -46.1518 0 0 0 180 0 -0 0 -0
0 0 0 0 0 0 0 -180 0.205302 -5.35832 0 -180 0 0 0 0 0 0
0 -0 0 -0 0 -0 0 180 1.20625 -2.78375 0 180 0 -0 0 -0 0 -0
inside=0 lambda=0.647 phi=15 theta=15
0 -0 0 -180 0 0 0 0 0.167581 -4.83147 0 0 0 -0 0 -180 0 0
0 0 0 180 0 -0 0 -0 1.16838 -2.76308 0 -0 0 0 0 180 0 -0
0 0 0 -180 0 -180 0 -180 0.0101209 172.548 0 0 0 -180 0 0 0 0
0 -0 0 0 0 180 0 180 0.0102088 171.045 0 -0 0 180 0 -180 0 -0
0 0 0 -180 0 -180 0 -180 0.0101208 172.534 0 0 0 -180 0 0 0 0
0 -0 0 180 0 180 0 0 0.010194 171.585 0 -180 0 180 0 -0 0 -0
0 0 0 0 0 0 0 -180 0.202596 -5.32859 0 -180 0 0 0 0 0 0
0 -0 0 -0 0 -0 0 180 1.20353 -2.78431 0 180 0 -0 0 -0 0 -0
inside=0 lambda=0.647 phi=15 theta=30
0 -0 0 -180 0 0 0 0 0.174984 -4.95735 0 0 0 -0 0 -180 0 0
0 0 0 180 0 -0 0 -0 1.17581 -2.77138 0 -0 0 0 0 180 0 -0
0 0 0 -180 0 -180 0 -180 0.0175292 172.54 0 0 0 -180 0 0 0 0
0 -0 0 0 0 180 0 180 0.0176757 171.179 0 -0 0 180 0 -180 0 -0
0 0 0 -180 0 -180 0 -180 0.0175291 172.532 0 0 0 -180 0 0 0 0
0 -0 0 180 0 180 0 0 0.0176611 171.487 0 -180 0 180 0 -0 0 -0
0 0 0 0 0 -0 0 -180 0.195201 -5.24197 0 -180 0 0 0 0 0 0
0 -0 0 -0 0 -0 0 180 1.1961 -2.784 0 180 0 -0 0 -0 0 -0
inside=0 lambda=0.647 phi=15 theta=45
0 -0 0 -180 0 0 0 0 0.185094 -5.10936 0 0 0 -0 0 -180 0 0
0 -0 0 180 0 -0 0 -0 1.18595 -2.77966 0 -0 0 0 0 180 0 -0
0 0 0 -180 0 -180 0 -180 0.0202405 172.533 0 0 0 -180 0 0 0 0
0 -0 0 0 0 180 0 180 0.0204012 171.342 0 -0 0 180 0 -180 0 -0
0 0 0 -180 0 -180 0 -180 0.0202405 172.533 0 0 0 -180 0 0 0 0
0 -0 0 180 0 180 0 0 0.0204012 171.342 0 -180 0 180 0 -0 0 -0
0 -0 0 0 0 -0 0 -180 0.185094 -5.10936 0 -180 0 0 0 0 0 0
0 -0 0 -0 0 0 0 180 1.18595 -2.77966 0 180 0 -0 0 -0 0 -0
inside=0 lambda=0.647 phi=20 theta=0
0 -0 0 -180 0 0 0 0 0.145602 -23.6268 0 0 0 -0 0 -180 0 0
0 0 0 180 0 -0 0 -0 1.14697 -12.3972 0 -0 0 0 0 180 0 -0
0 -0 0 -180 0 -180 0 -0 1.10287e-13 -124.343 0 180 0 180 0 0 0 0
0 -0 0 0 0 180 0 0 3.07332e-13 99.0957 0 180 0 180 0 -180 0 -0
0 0 0 -180 0 -180 0 -180 2.25624e-13 -59.0552 0 -180 0 -180 0 0 0 0
0 -0 0 180 0 180 0 0 2.29657e-13 -87.563 0 -180 0 180 0 -0 0 -0
0 0 0 0 0 0 0 -180 0.223472 -24.7545 0 -180 0 0 0 0 0 0
0 -0 0 -0 0 -0 0 180 1.22466 -12.4087 0 180 0 -0 0 -0 0 -0
inside=0 lambda=0.647 phi=20 theta=15
0 -0 0 -180 0 0 0 0 0.15081 -23.7507 0 0 0 -0 0 -180 0 0
0 0 0 180 0 -0 0 -0 1.15218 -12.4049 0 -0 0 0 0 180 0 -0
0 0 0 -180 0 -180 0 -180 0.019385 153.325 0 0 0 180 0 0 0 0
0 -0 0 0 0 180 0 180 0.0195645 161.363 0 -0 0 180 0 -180 0 -0
0 0 0 -180 0 -180 0 -180 0.0193955 153.306 0 180 0 -180 0 0 0 0
0 -0 0 180 0 180 0 0 0.0195178 162.407 0 -180 0 180 0 -0 0 -0
0 0 0 0 0 -0 0 -180 0.218247 -24.7126 0 -180 0 0 0 0 0 0
0 -0 0 -0 0 -0 0 180 1.21946 -12.4174 0 180 0 -0 0 -0 0 -0
inside=0 lambda=0.647 phi=20 theta=30
0 -0 0 -180 0 0 0 0 0.165046 -24.0404 0 0 0 -0 0 -180 0 0
0 0 0 180 0 -0 0 -0 1.1664 -12.4218 0 -0 0 0 0 180 0 -0
0 0 0 -180 0 -180 0 -180 0.0335773 153.303 0 0 0 180 0 0 0 0
0 -0 0 0 0 180 0 180 0.0338643 161.657 0 -0 0 180 0 -180 0 -0
0 0 0 -180 0 180 0 -180 0.0335878 153.293 0 180 0 -180 0 0 0 0
0 -0 0 180 0 180 0 0 0.0338188 162.242 0 -180 0 180 0 -0 0 -0
0 -0 0 0 0 -0 0 -180 0.203981 -24.5795 0 -180 0 0 0 0 0 0
0 -0 0 -0 0 -0 0 180 1.20524 -12.4316 0 180 0 -0 0 -0 0 -0
inside=0 lambda=0.647 phi=20 theta=45
0 -0 0 -180 0 0 0 0 0.184506 -24.3474 0 0 0 -0 0 -180 0 0
0 -0 0 180 0 -0 0 -0 1.18583 -12.4341 0 -0 0 0 0 180 0 -0
0 0 0 -180 0 -180 0 -180 0.0387764 153.289 0 0 0 180 0 0 0 0
0 -0 0 0 0 180 0 180 0.0390743 161.98 0 -0 0 180 0 -180 0 -0
0 0 0 -180 0 180 0 -180 0.0387764 153.289 0 0 0 -180 0 0 0 0
0 -0 0 180 0 180 0 0 0.0390743 161.98 0 -180 0 180 0 -0 0 -0
0 -0 0 0 0 -0 0 -180 0.184506 -24.3474 0 -180 0 0 0 0 0 0
0 -0 0 -0 0 0 0 180 1.18583 -12.4341 0 180 0 -0 0 -0 0 -0
inside=0 lambda=0.647 phi=25 theta=0
0 -0 0 -180 0 0 0 0 0.115421 -47.4114 0 0 0 -0 0 -180 0 0
0 0 0 180 0 -0 0 -0 1.1179 -24.6569 0 -0 0 0 0 180 0 -0
0 -0 0 -180 0 -180 0 -0 7.56303e-14 -8.51533 0 180 0 180 0 0 0 0
0 -0 0 0 0 180 0 -0 1.19558e-13 44.1665 0 180 0 180 0 -180 0 -0
0 0 0 -180 0 -180 0 -0 1.60509e-13 -23.2943 0 -0 0 -180 0 0 0 0
0 -0 0 180 0 180 0 -180 5.67141e-13 37.222 0 0 0 180 0 -0 0 -0
0 0 0 0 0 0 0 -180 0.251853 -49.2914 0 -180 0 0 0 0 0 0
0 -0 0 -0 0 -0 0 180 1.25256 -24.5573 0 180 0 -0 0 -0 0 -0
inside=0 lambda=0.647 phi=25 theta=15
0 -0 0 -180 0 0 0 0 0.124487 -47.7417 0 0 0 -0 0 -180 0 0
0 0 0 180 0 -0 0 -0 1.12695 -24.674 0 -0 0 0 0 180 0 -0
0 -0 0 -180 0 -180 0 -180 0.0336528 128.88 0 0 0 180 0 0 0 0
0 -0 0 0 0 180 0 180 0.033989 148.882 0 -0 0 180 0 -180 0 -0
0 0 0 -180 0 180 0 -0 0.0337235 128.908 0 0 0 -180 0 0 0 0
0 -0 0 180 0 180 0 0 0.0338831 150.772 0 -180 0 180 0 -0 0 -0
0 -0 0 0 0 -0 0 -180 0.242533 -49.3003 0 -180 0 0 0 0 0 0
0 -0 0 -0 0 -0 0 180 1.24362 -24.6083 0 180 0 -0 0 -0 0 -0
inside=0 lambda=0.647 phi=25 theta=30
0 -0 0 -180 0 0 0 0 0.149299 -48.3894 0 0 0 -0 0 -180 0 0
0 0 0 180 0 -0 0 -0 1.15166 -24.7064 0 -0 0 0 0 180 0 -0
0 -0 0 -0 0 -180 0 -180 0.0583152 128.841 0 0 0 180 0 0 0 0
0 -0 0 0 0 180 0 180 0.0588206 149.52 0 -0 0 180 0 -180 0 -0
0 0 0 -180 0 180 0 -0 0.0583796 128.854 0 0 0 -180 0 0 0 0
0 -0 0 180 0 180 0 0 0.0587176 150.514 0 -180 0 180 0 -0 0 -0
0 -0 0 0 0 -0 0 -180 0.217381 -49.2164 0 -180 0 0 0 0 0 0
0 -0 0 -0 0 -0 0 180 1.21906 -24.6865 0 180 0 -0 0 -0 0 -0
inside=0 lambda=0.647 phi=25 theta=45
0 -0 0 -180 0 0 0 0 0.183277 -48.9227 0 0 0 -0 0 -180 0 0
0 -0 0 180 0 -0 0 -0 1.18539 -24.7198 0 -0 0 0 0 180 0 -0
0 0 0 -0 0 -180 0 -180 0.0673717 128.825 0 0 0 180 0 180 0 0
0 -0 0 0 0 180 0 180 0.0678553 150.097 0 -0 0 180 0 -180 0 -0
0 0 0 -180 0 180 0 -0 0.0673717 128.825 0 180 0 -180 0 0 0 0
0 -0 0 180 0 180 0 0 0.0678553 150.097 0 -180 0 180 0 -0 0 -0
0 -0 0 0 0 -0 0 -180 0.183277 -48.9227 0 -180 0 0 0 0 0 0
0 -0 0 -0 0 0 0 180 1.18539 -24.7198 0 180 0 -0 0 -0 0 -0
inside=0 lambda=0.647 phi=30 theta=0
0 -0 0 -180 0 0 0.0216796 -27.0154 0.0667452 -75.9307 0 0 0 -0 0 -180 0 0
0 0 0 180 0 -180 0 -0 1.07006 -39.4662 0 -180 0 0 0 180 0 -180
0 -0 0 -180 0 -180 1.28335e-12 145.786 3.55048e-13 112.153 0 -0 0 180 0 0 0 0
0 -0 0 0 0 0 0 0 2.3931e-13 178.503 0 180 0 180 0 -180 0 -180
0 0 0 -180 0 -180 4.8888e-13 178.013 4.67541e-13 -51.6046 0 0 0 -180 0 0 0 0
0 -0 0 180 0 180 0 0 2.87135e-13 -78.2877 0 0 0 180 0 -0 0 -0
0 0 0 0 0 0 0.39493 14.7125 0.280075 -74.7691 0 -180 0 0 0 0 0 0
0 -0 0 -0 0 -0 0 0 1.2773 -39.0765 0 180 0 -0 0 -0 0 -0
inside=0 lambda=0.647 phi=30 theta=15
0 -0 0 -180 0 0 0 -0 0.0819135 -76.2728 0 0 0 -0 0 -180 0 0
0 0 0 180 0 -180 0 -0 1.08628 -39.4567 0 -180 0 0 0 180 0 -180
0 -0 0 -180 0 -180 0 -180 0.0559601 99.3174 0 0 0 180 0 0 0 0
0 -0 0 0 0 0 0 0 0.0565459 132.703 0 -0 0 180 0 -180 0 -180
0 -0 0 -180 0 180 0 -0 0.0564846 99.8515 0 0 0 -180 0 0 0 0
0 -0 0 180 0 180 0 -0 0.0566243 136.905 0 -180 0 180 0 -0 0 -0
0 -0 0 -0 0 -0 0 -0 0.28411 -77.7409 0 -180 0 0 0 0 0 0
0 -0 0 -0 0 -0 0 0 1.27969 -38.839 0 180 0 -0 0 -0 0 -0
inside=0 lambda=0.647 phi=30 theta=30
0 -0 0 -180 0 0 0 -0 0.123734 -78.0333 0 0 0 -0 0 -180 0 0
0 0 0 180 0 -0 0 -0 1.12763 -39.5405 0 -180 0 0 0 180 0 -180
0 -0 0 -0 0 -180 0 -180 0.0974604 99.3756 0 0 0 180 0 0 0 0
0 -0 0 0 0 180 0 0 0.0982689 134.838 0 -0 0 180 0 -180 0 -0
0 0 0 -180 0 180 0 -0 0.0976933 99.4858 0 0 0 -180 0 0 0 0
0 -0 0 180 0 180 0 0 0.0980958 136.446 0 -180 0 180 0 -0 0 -0
0 -0 0 -0 0 -0 0 -180 0.23827 -78.8875 0 -180 0 0 0 0 0 0
0 -0 0 -0 0 -0 0 0 1.24018 -39.4118 0 180 0 -0 0 -0 0 -0
inside=0 lambda=0.647 phi=30 theta=45
0 -0 0 -180 0 0 0 -0 0.180757 -78.803 0 0 0 -0 0 -180 0 0
0 -0 0 180 0 -0 0 -0 1.18404 -39.5472 0 -0 0 -0 0 180 0 -180
0 -0 0 -0 0 -180 0 -180 0.112666 99.3689 0 0 0 180 0 0 0 0
0 -0 0 0 0 180 0 180 0.113381 135.818 0 -0 0 180 0 -180 0 -0
0 -0 0 -180 0 180 0 -0 0.112666 99.3689 0 0 0 -180 0 0 0 0
0 -0 0 180 0 180 0 0 0.113381 135.818 0 -180 0 180 0 -0 0 -0
0 -0 0 -0 0 -0 0 -180 0.180757 -78.803 0 -180 0 0 0 0 0 0
0 -0 0 -0 0 -0 0 180 1.18404 -39.5472 0 180 0 -0 0 -0 0 -180
inside=0 lambda=0.647 phi=35 theta=0
0 -0 0 180 0 0 0.0268921 -46.5704 0.0170462 55.9729 0 0 0 -0 0 180 0 0
0 0 0 180 0 -180 0 -0 0.987673 -56.6624 0 -180 0 0 0 180 0 -180
0 -0 0 -180 0 -180 3.77902e-13 -55.6111 2.45208e-13 133.709 0 -0 0 180 0 0 0 0
0 -0 0 0 0 0 0 -180 3.43785e-13 -141.285 0 180 0 180 0 -180 0 -180
0 0 0 -180 0 -180 2.0584e-13 -21.2423 7.39519e-14 166.304 0 -0 0 -180 0 0 0 0
0 -0 0 180 0 180 0 -0 3.32813e-13 -170.552 0 -0 0 180 0 -0 0 -0
0 0 0 0 0 0 0.258809 162.703 0.373464 -120.821 0 -180 0 0 0 0 0 0
0 -0 0 -0 0 -0 0 0 1.3393 -56.4314 0 180 0 -0 0 -0 0 -0
inside=0 lambda=0.647 phi=35 theta=15
0 -0 0 -180 0 0 0.0080865 -19.7656 0.00917188 -102.29 0 0 0 -0 0 180 0 0
0 0 0 180 0 -180 0 -0 1.01407 -56.753 0 -180 0 0 0 180 0 -180
0 -0 0 -180 0 -180 0.0329853 154.442 0.0977205 68.2345 0 0 0 180 0 0 0 0
0 -0 0 0 0 0 0 0 0.100127 116.822 0 -180 0 180 0 -180 0 -180
0 0 0 -180 0 180 0.0701322 106.663 0.0945428 65.9914 0 0 0 -180 0 0 0 0
0 -0 0 180 0 180 0 0 0.0931965 120.854 0 -180 0 180 0 -0 0 -0
0 0 0 0 0 -0 0.34883 100.306 0.311823 -119.597 0 -180 0 0 0 0 0 0
0 -0 0 -0 0 -0 0 0 1.31888 -56.5549 0 180 0 -0 0 -0 0 -0
inside=0 lambda=0.647 phi=35 theta=30
0 -0 0 -180 0 0 0 -0 0.0783544 -113.92 0 0 0 -180 0 180 0 0
0 0 0 180 0 -180 0 -0 1.08403 -56.8346 0 -180 0 -0 0 180 0 -180
0 -0 0 -0 0 -180 0 -180 0.165075 65.2578 0 0 0 180 0 0 0 0
0 -0 0 0 0 0 0 0 0.166168 117.632 0 -180 0 180 0 -180 0 -180
0 -0 0 -180 0 180 0 -0 0.165687 65.6835 0 0 0 -180 0 0 0 0
0 -0 0 180 0 180 0 -0 0.166008 120.326 0 -180 0 180 0 -0 0 -180
0 -0 0 -0 0 -0 0 -0 0.273019 -112.842 0 180 0 0 0 0 0 0
0 -0 0 -0 0 -0 0 0 1.27461 -56.3081 0 180 0 -0 0 -180 0 -180
inside=0 lambda=0.647 phi=35 theta=45
0 -0 0 -180 0 0 0 -0 0.175101 -114.144 0 0 0 -0 0 180 0 0
0 -0 0 0 0 -180 0 -0 1.17978 -56.8189 0 -180 0 -0 0 180 0 -180
0 0 0 -0 0 -180 0 -180 0.190878 65.2172 0 0 0 180 0 0 0 0
0 -0 0 0 0 0 0 0 0.191914 119.313 0 -180 0 180 0 -180 0 -180
0 0 0 -180 0 180 0 -0 0.190878 65.2172 0 0 0 -180 0 0 0 0
0 -0 0 0 0 180 0 0 0.191914 119.313 0 -180 0 0 0 -180 0 -180
0 -0 0 -0 0 -0 0 -180 0.175101 -114.144 0 180 0 0 0 0 0 0
0 -0 0 -0 0 -0 0 0 1.17978 -56.8189 0 180 0 -180 0 -180 0 -180
inside=0 lambda=0.647 phi=40 theta=0
0 -180 0 180 0 0 0.055444 -28.7368 0.203966 27.1221 0 0 0 -180 0 180 0 0
0 -0 0 180 0 -180 0 0 0.798225 -76.1853 0 -180 0 -0 0 180 0 -180
0 -0 0 -180 0 -180 1.92679e-12 160.026 2.16039e-13 -96.7506 0 -0 0 180 0 0 0 0
0 -0 0 0 0 0 0 -0 7.6839e-13 24.7734 0 -0 0 180 0 -180 0 -180
0 0 0 -180 0 -180 3.0026e-13 173.21 4.68408e-13 177.582 0 180 0 -180 0 0 0 0
0 -180 0 0 0 180 0 -0 3.30406e-13 -98.4714 0 180 0 0 0 -180 0 -0
0 0 0 0 0 0 0.217209 -57.4127 0.551411 -150.097 0 -180 0 0 0 0 0 0
0 -180 0 -180 0 -0 0 180 1.4506 -76.9728 0 0 0 -180 0 -180 0 -0
inside=0 lambda=0.647 phi=40 theta=15
0 -0 0 180 0 0 0.0458658 -78.6879 0.154999 28.2571 0 0 0 -180 0 180 0 0
0 0 0 180 0 -180 0 0 0.84835 -76.3253 0 -180 0 -0 0 180 0 -180
0 -0 0 -180 0 -180 0.127809 -133.055 0.163943 27.9073 0 0 0 180 0 0 0 0
0 -0 0 0 0 0 0 0 0.19025 98.5563 0 -180 0 180 0 -180 0 -180
0 0 0 -180 0 180 0.0850787 -141.075 0.173897 27.1483 0 0 0 -180 0 0 0 0
0 -0 0 0 0 180 0 0 0.17344 101.311 0 180 0 0 0 -180 0 -180
0 0 0 0 0 -180 0.17066 -134.81 0.50698 -154.651 0 -180 0 0 0 0 0 0
0 -0 0 -0 0 -0 0 180 1.41707 -76.4805 0 180 0 -180 0 -180 0 -180
inside=0 lambda=0.647 phi=40 theta=30
0 -0 0 -180 0 0 0.0407065 5.55695 0.0229414 49.5198 0 0 0 -180 0 180 0 0
0 0 0 180 0 -180 0 -0 0.980767 -76.6996 0 -180 0 -0 0 180 0 -180
0 -0 0 -0 0 -180 0.0158462 -167.427 0.312138 27.228 0 0 0 180 0 0 0 0
0 -0 0 0 0 0 0 0 0.322381 98.903 0 -180 0 180 0 -180 0 -180
0 0 0 -180 0 180 0.211553 6.54436 0.303862 27.6152 0 0 0 -180 0 0 0 0
0 -0 0 180 0 180 0 -0 0.307186 102.81 0 -180 0 0 0 -180 0 -180
0 -0 0 -0 0 -180 0.503332 5.04554 0.297688 -152.466 0 -180 0 0 0 0 0 0
0 -0 0 -0 0 -0 0 0 1.30361 -75.4786 0 180 0 -180 0 -180 0 -180
inside=0 lambda=0.647 phi=40 theta=45
0 -0 0 -180 0 0 0 0 0.156895 -156.188 0 0 0 -180 0 -180 0 0
0 -0 0 0 0 -180 0 -0 1.16226 -76.4733 0 -180 0 -0 0 180 0 -180
0 0 0 -0 0 -180 0 -180 0.36106 26.7498 0 0 0 180 0 0 0 0
0 -0 0 0 0 0 0 0 0.362892 100.886 0 -180 0 180 0 -180 0 -180
0 0 0 -180 0 180 0 -0 0.36106 26.7498 0 0 0 -180 0 0 0 0
0 -0 0 0 0 180 0 0 0.362892 100.886 0 -180 0 0 0 -180 0 -180
0 -0 0 0 0 -180 0 -180 0.156895 -156.188 0 -180 0 0 0 0 0 0
0 -0 0 -0 0 -0 0 0 1.16226 -76.4733 0 180 0 -180 0 -180 0 -180
inside=0 lambda=0.647 phi=45 theta=0
0 -0 0 180 0 180 0.10462 -28.9452 0.993876 -68.927 0 180 0 -0 0 180 0 180
0 -0 0 180 0 180 0 0 0 -0 0 180 0 -0 0 180 0 180
0 -0 0 -0 0 -0 1.63998e-12 -98.8239 2.29669e-12 125.724 0 -0 0 180 0 180 0 180
0 -0 0 -0 0 -0 0 0 0 -180 0 -180 0 180 0 180 0 180
0 0 0 -180 0 -180 5.9995e-13 37.7231 5.39985e-13 -123.586 0 180 0 -180 0 0 0 0
0 -180 0 0 0 0 0 -180 0 -180 0 -180 0 0 0 -180 0 -180
0 0 0 0 0 0 0.594543 -1.86888 0.826536 137.98 0 -180 0 0 0 0 0 0
0 -180 0 -180 0 -180 0 180 0 -180 0 0 0 -180 0 -180 0 -180
inside=0 lambda=0.647 phi=45 theta=15
0 -0 0 180 0 180 0.0965723 -73.9043 0.864928 -70.3271 0 180 0 -0 0 180 0 180
0 -0 0 180 0 180 0 0 0 -0 0 180 0 -0 0 180 0 180
0 -0 0 -0 0 -0 0.232886 -170.485 0.4559 -57.9405 0 0 0 180 0 180 0 180
0 -0 0 -0 0 -0 0 180 0 0 0 180 0 180 0 180 0 180
0 0 0 -180 0 -180 0.147253 -78.7997 0.456352 -56.6954 0 -180 0 -180 0 0 0 0
0 -180 0 0 0 0 0 0 0 0 0 180 0 0 0 -180 0 -180
0 -0 0 0 0 0 0.424034 -33.9434 0.782391 141.64 0 -180 0 0 0 0 0 0
0 -180 0 -180 0 -180 0 180 0 -180 0 0 0 -180 0 -180 0 180
inside=0 lambda=0.647 phi=45 theta=30
0 -0 0 180 0 180 0.150848 113.137 0.520417 -79.1594 0 180 0 -0 0 180 0 180
0 0 0 -180 0 180 0 -0 0 -0 0 180 0 -0 0 180 0 180
0 -0 0 -0 0 -0 0.48975 129.386 0.801365 -54.9612 0 180 0 180 0 180 0 180
0 -0 0 -0 0 -0 0 0 0 0 0 -180 0 180 0 180 0 180
0 0 0 -180 0 -180 0.208139 89.717 0.814573 -55.9802 0 180 0 -180 0 0 0 180
0 -0 0 180 0 180 0 -0 0 0 0 180 0 0 0 -180 0 180
0 -0 0 0 0 0 0.341477 81.4693 0.526754 142.125 0 -180 0 180 0 180 0 180
0 0 0 -0 0 -0 0 0 0 -180 0 0 0 -180 0 -180 0 180
inside=0 lambda=0.647 phi=45 theta=45
0 -0 0 -180 0 180 0 0 0.181672 -145.74 0 180 0 0 0 -180 0 -180
0 -0 0 0 0 -180 0 -0 0 -0 0 180 0 -0 0 180 0 180
0 0 0 -0 0 -0 0 180 0.983359 -55.7405 0 180 0 -180 0 -180 0 180
0 -0 0 -0 0 0 0 -0 0 0 0 -180 0 180 0 180 0 180
0 0 0 180 0 -180 0 -0 0.983359 -55.7405 0 -180 0 -0 0 180 0 180
0 -0 0 -0 0 180 0 -0 0 0 0 180 0 0 0 -180 0 180
0 -0 0 0 0 0 0 -180 0.181672 -145.74 0 -180 0 180 0 180 0 -180
0 -0 0 -0 0 -0 0 0 0 -0 0 180 0 -180 0 180 0 180
inside=1 lambda=0.647 phi=0 theta=0
0 0 0 -180 0 0 0 0 0.185472 179.702 0 0 0 0 0 -180 0 0
0 -0 0 180 0 -0 0 -0 0.814191 9.7628 0 -0 0 -0 0 180 0 -0
0 0 0 -180 0 -180 0 0 2.19703e-13 -87.2058 0 0 0 -180 0 -180 0 0
0 -0 0 -180 0 180 0 180 4.28798e-13 -46.029 0 180 0 180 0 -0 0 -0
0 0 0 0 0 -180 0 -0 2.50934e-13 1.01991 0 -0 0 -180 0 0 0 0
0 -0 0 180 0 180 0 -0 2.50008e-13 -176.405 0 -180 0 180 0 180 0 -0
0 0 0 0 0 0 0 -180 0.185472 179.702 0 -180 0 0 0 0 0 0
0 -0 0 -0 0 -0 0 180 0.814191 9.7628 0 180 0 -0 0 -0 0 -0
inside=1 lambda=0.647 phi=0 theta=15
0 0 0 -180 0 0 0 0 0.185472 179.702 0 0 0 0 0 -180 0 0
0 -0 0 180 0 -0 0 -0 0.814191 9.7628 0 -0 0 -0 0 180 0 -0
0 0 0 -180 0 -180 0 0 2.19703e-13 -87.2058 0 0 0 -180 0 -180 0 0
0 -0 0 -180 0 180 0 180 4.28798e-13 -46.029 0 180 0 180 0 -0 0 -0
0 0 0 0 0 -180 0 -0 2.50934e-13 1.01991 0 -0 0 -180 0 0 0 0
0 -0 0 180 0 180 0 -0 2.50008e-13 -176.405 0 -180 0 180 0 180 0 -0
0 0 0 0 0 0 0 -180 0.185472 179.702 0 -180 0 0 0 0 0 0
0 -0 0 -0 0 -0 0 180 0.814191 9.7628 0 180 0 -0 0 -0 0 -0
inside=1 lambda=0.647 phi=0 theta=30
0 0 0 -180 0 0 0 0 0.185472 179.702 0 0 0 0 0 -180 0 0
0 -0 0 180 0 -0 0 -0 0.814191 9.7628 0 -0 0 -0 0 180 0 -0
0 0 0 -180 0 -180 0 0 2.19703e-13 -87.2058 0 0 0 -180 0 -180 0 0
0 -0 0 -180 0 180 0 180 4.28798e-13 -46.029 0 180 0 180 0 -0 0 -0
0 0 0 0 0 -180 0 -0 2.50934e-13 1.01991 0 -0 0 -180 0 0 0 0
0 -0 0 180 0 180 0 -0 2.50008e-13 -176.405 0 -180 0 180 0 180 0 -0
0 0 0 0 0 0 0 -180 0.185472 179.702 0 -180 0 0 0 0 0 0
0 -0 0 -0 0 -0 0 180 0.814191 9.7628 0 180 0 -0 0 -0 0 -0
inside=1 lambda=0.647 phi=0 theta=45
0 0 0 -180 0 0 0 0 0.185472 179.702 0 0 0 0 0 -180 0 0
0 -0 0 180 0 -0 0 -0 0.814191 9.7628 0 -0 0 -0 0 180 0 -0
0 0 0 -180 0 -180 0 0 2.19703e-13 -87.2058 0 0 0 -180 0 -180 0 0
0 -0 0 -180 0 180 0 180 4.28798e-13 -46.029 0 180 0 180 0 -0 0 -0
0 0 0 0 0 -180 0 -0 2.50934e-13 1.01991 0 -0 0 -180 0 0 0 0
0 -0 0 180 0 180 0 -0 2.50008e-13 -176.405 0 -180 0 180 0 180 0 -0
0 0 0 0 0 0 0 -180 0.185472 179.702 0 -180 0 0 0 0 0 0
0 -0 0 -0 0 -0 0 180 0.814191 9.7628 0 180 0 -0 0 -0 0 -0
inside=1 lambda=0.647 phi=5 theta=0
0 0 0 -180 0 0 0 0 0.184495 179.682 0 0 0 0 0 -180 0 0
0 -0 0 180 0 -0 0 -0 0.815166 9.10421 0 -0 0 -0 0 180 0 -0
0 0 0 -0 0 -180 0 0 1.95074e-13 -2.87892 0 0 0 -180 0 180 0 0
0 -0 0 180 0 180 0 180 2.71582e-13 -39.686 0 0 0 180 0 -0 0 -0
0 0 0 -180 0 -180 0 180 1.42114e-13 164.938 0 180 0 -180 0 0 0 0
0 -0 0 180 0 180 0 -180 2.75482e-13 -94.8518 0 180 0 180 0 -0 0 -0
0 0 0 0 0 0 0 -180 0.186429 179.703 0 -180 0 0 0 0 0 0
0 -0 0 -0 0 -0 0 180 0.813219 9.10223 0 180 0 -0 0 -0 0 -0
inside=1 lambda=0.647 phi=5 theta=15
0 0 0 -180 0 0 0 0 0.184624 179.683 0 0 0 0 0 -180 0 0
0 -0 0 180 0 -0 0 -0 0.815035 9.10408 0 -0 0 -0 0 180 0 -0
0 0 0 -0 0 -180 0 -180 0.000486432 0.0191335 0 0 0 -180 0 180 0 0
0 -0 0 180 0 180 0 180 0.00048846 13.3917 0 -0 0 180 0 -0 0 -0
0 0 0 -180 0 -180 0 -0 0.000486413 0.0306228 0 0 0 -180 0 0 0 0
0 -0 0 180 0 180 0 180 0.000488435 13.3765 0 -0 0 180 0 -0 0 -0
0 0 0 0 0 0 0 -180 0.186299 179.702 0 -180 0 0 0 0 0 0
0 -0 0 -0 0 -0 0 180 0.81335 9.10236 0 180 0 -0 0 -0 0 -0
inside=1 lambda=0.647 phi=5 theta=30
0 0 0 -180 0 0 0 0 0.184978 179.687 0 0 0 0 0 -180 0 0
0 -0 0 180 0 -0 0 -0 0.814679 9.10371 0 -0 0 -0 0 180 0 -0
0 0 0 -0 0 -180 0 -180 0.000842519 0.0215803 0 0 0 -180 0 0 0 0
0 -0 0 180 0 180 0 180 0.000846028 13.3885 0 -0 0 180 0 -0 0 -0
0 0 0 -180 0 -180 0 -0 0.0008425 0.0282135 0 0 0 -180 0 0 0 0
0 -0 0 180 0 180 0 180 0.000846003 13.3797 0 -0 0 180 0 -0 0 -0
0 0 0 0 0 0 0 -180 0.185945 179.698 0 -180 0 0 0 0 0 0
0 -0 0 -0 0 -0 0 180 0.813706 9.10272 0 180 0 -0 0 -0 0 -0
inside=1 lambda=0.647 phi=5 theta=45
0 0 0 -180 0 0 0 0 0.185462 179.692 0 0 0 0 0 -180 0 0
0 -0 0 180 0 -0 0 -0 0.814192 9.10321 0 -0 0 -0 0 180 0 -0
0 0 0 -0 0 -180 0 -180 0.000972846 0.0249063 0 0 0 -180 0 0 0 0
0 -0 0 180 0 180 0 180 0.000976894 13.3841 0 -0 0 180 0 -0 0 -0
0 0 0 -180 0 -180 0 -0 0.000972846 0.0249063 0 0 0 -180 0 0 0 0
0 -0 0 180 0 180 0 180 0.000976894 13.3841 0 -0 0 180 0 -0 0 -0
0 0 0 0 0 0 0 -180 0.185462 179.692 0 -180 0 0 0 0 0 0
0 -0 0 -0 0 -0 0 180 0.814192 9.10321 0 180 0 -0 0 -0 0 -0
inside=1 lambda=0.647 phi=10 theta=0
0 0 0 -180 0 0 0 0 0.181517 179.62 0 0 0 0 0 -180 0 0
0 0 0 180 0 -0 0 -0 0.81813 7.14157 0 -0 0 0 0 180 0 -0
0 0 0 -0 0 -180 0 180 7.49081e-14 -129.847 0 0 0 -180 0 180 0 0
0 -0 0 180 0 180 0 0 1.33876e-13 -106.542 0 180 0 180 0 -0 0 -0
0 0 0 -180 0 -180 0 -0 1.13573e-13 -137.394 0 0 0 -180 0 0 0 0
0 -0 0 180 0 180 0 180 2.25925e-13 -119.83 0 180 0 180 0 -0 0 -0
0 0 0 0 0 0 0 -180 0.189331 179.71 0 -180 0 0 0 0 0 0
0 -0 0 -0 0 -0 0 180 0.810271 7.13405 0 180 0 -0 0 -0 0 -0
inside=1 lambda=0.647 phi=10 theta=15
0 0 0 -180 0 0 0 0 0.182041 179.626 0 0 0 0 0 -180 0 0
0 0 0 180 0 -0 0 -0 0.817604 7.14103 0 -0 0 0 0 180 0 -0
0 0 0 -0 0 -180 0 -180 0.00196382 0.006403 0 0 0 -180 0 0 0 0
0 -0 0 180 0 180 0 180 0.00197193 11.4134 0 -0 0 180 0 -0 0 -0
0 0 0 -180 0 -180 0 -0 0.00196356 0.0533423 0 0 0 -180 0 0 0 0
0 -0 0 180 0 180 0 180 0.00197155 11.3523 0 -0 0 180 0 -0 0 -0
0 0 0 0 0 0 0 -180 0.188807 179.704 0 -180 0 0 0 0 0 0
0 -0 0 -0 0 -0 0 180 0.810798 7.13452 0 180 0 -0 0 -0 0 -0
inside=1 lambda=0.647 phi=10 theta=30
0 0 0 -180 0 0 0 0 0.183471 179.643 0 0 0 0 0 -180 0 0
0 -0 0 180 0 -0 0 -0 0.816165 7.13959 0 -0 0 0 0 180 0 -0
0 0 0 -0 0 -180 0 -180 0.00340134 0.0166301 0 0 0 -180 0 0 0 0
0 -0 0 180 0 180 0 180 0.00341534 11.3998 0 -0 0 180 0 -0 0 -0
0 0 0 -180 0 -180 0 -0 0.00340107 0.0437177 0 0 0 -180 0 0 0 0
0 -0 0 180 0 180 0 180 0.00341496 11.3646 0 -0 0 180 0 -0 0 -0
0 0 0 0 0 0 0 -180 0.187378 179.688 0 -180 0 0 0 0 0 0
0 -0 0 -0 0 -0 0 180 0.812236 7.13583 0 180 0 -0 0 -0 0 -0
inside=1 lambda=0.647 phi=10 theta=45
0 0 0 -180 0 0 0 0 0.185425 179.665 0 0 0 0 0 -180 0 0
0 -0 0 180 0 -0 0 -0 0.8142 7.13768 0 -0 0 -0 0 180 0 -0
0 0 0 -0 0 -180 0 -180 0.00392737 0.0303245 0 0 0 -180 0 0 0 0
0 -0 0 180 0 180 0 180 0.00394348 11.3819 0 -0 0 180 0 -0 0 -0
0 0 0 -180 0 -180 0 -0 0.00392737 0.0303245 0 0 0 -180 0 0 0 0
0 -0 0 180 0 180 0 180 0.00394348 11.3819 0 -0 0 180 0 -0 0 -0
0 0 0 0 0 0 0 -180 0.185425 179.665 0 -180 0 0 0 0 0 0
0 -0 0 -0 0 -0 0 180 0.8142 7.13768 0 180 0 -0 0 -0 0 -0
inside=1 lambda=0.647 phi=15 theta=0
0 -0 0 -180 0 0 0 0 0.176401 179.512 0 0 0 -0 0 -180 0 0
0 0 0 180 0 -0 0 -0 0.823205 3.91422 0 -0 0 0 0 180 0 -0
0 0 0 -0 0 -180 0 180 6.37474e-14 -47.2027 0 -0 0 -180 0 180 0 0
0 -0 0 180 0 180 0 180 2.6396e-13 -77.0002 0 -0 0 180 0 -0 0 -0
0 0 0 -180 0 -180 0 -180 3.03256e-14 135.332 0 -0 0 -180 0 0 0 0
0 -0 0 180 0 180 0 180 3.54313e-13 -124.578 0 -180 0 180 0 -0 0 -0
0 0 0 0 0 0 0 -180 0.194281 179.728 0 -180 0 0 0 0 0 0
0 -0 0 -0 0 -0 0 180 0.805244 3.89899 0 180 0 -0 0 -0 0 -0
inside=1 lambda=0.647 phi=15 theta=15
0 0 0 -180 0 0 0 0 0.177599 179.527 0 0 0 -0 0 -180 0 0
0 0 0 180 0 -0 0 -0 0.822002 3.91304 0 -0 0 0 0 180 0 -0
0 0 0 -0 0 -180 0 -180 0.00448754 -0.0165008 0 0 0 -180 0 0 0 0
0 -0 0 180 0 180 0 180 0.00450582 8.16318 0 -0 0 180 0 -0 0 -0
0 0 0 -180 0 -180 0 -0 0.00448659 0.0924334 0 0 0 -180 0 0 0 0
0 -0 0 180 0 180 0 180 0.00450399 8.02439 0 -0 0 180 0 -0 0 -0
0 0 0 0 0 0 0 -180 0.193084 179.714 0 -180 0 0 0 0 0 0
0 -0 0 -0 0 -0 0 180 0.806447 3.89983 0 180 0 -0 0 -0 0 -0
inside=1 lambda=0.647 phi=15 theta=30
0 0 0 -180 0 0 0 0 0.180873 179.567 0 0 0 -0 0 -180 0 0
0 0 0 180 0 -0 0 -0 0.818714 3.90992 0 -0 0 0 0 180 0 -0
0 0 0 -0 0 -180 0 -180 0.00777221 0.00812036 0 0 0 -180 0 0 0 0
0 -0 0 180 0 180 0 180 0.00780358 8.13044 0 -0 0 180 0 -0 0 -0
0 0 0 -180 0 -180 0 -0 0.00777127 0.0708636 0 0 0 -180 0 0 0 0
0 -0 0 180 0 180 0 180 0.00780176 8.05043 0 -0 0 180 0 -0 0 -0
0 0 0 0 0 0 0 -180 0.189814 179.675 0 -180 0 0 0 0 0 0
0 -0 0 -0 0 -0 0 180 0.809733 3.90226 0 180 0 -0 0 -0 0 -0
inside=1 lambda=0.647 phi=15 theta=45
0 0 0 -180 0 0 0 0 0.185344 179.621 0 0 0 0 0 -180 0 0
0 -0 0 180 0 -0 0 -0 0.814223 3.90592 0 -0 0 0 0 180 0 -0
0 0 0 -0 0 -180 0 -180 0.00897399 0.0402531 0 0 0 -180 0 0 0 0
0 -0 0 180 0 180 0 180 0.00900972 8.08876 0 -0 0 180 0 -0 0 -0
0 0 0 -180 0 -180 0 -0 0.00897399 0.0402531 0 0 0 -180 0 0 0 0
0 -0 0 180 0 180 0 180 0.00900972 8.08876 0 -0 0 180 0 -0 0 -0
0 0 0 0 0 0 0 -180 0.185344 179.621 0 -180 0 0 0 0 0 0
0 -0 0 -0 0 0 0 180 0.814223 3.90592 0 180 0 -0 0 -0 0 -0
inside=1 lambda=0.647 phi=20 theta=0
0 -0 0 -180 0 0 0 0 0.168905 179.351 0 0 0 -0 0 -180 0 0
0 0 0 180 0 -0 0 -0 0.8306 -0.512014 0 -0 0 0 0 180 0 -0
0 0 0 -0 0 -180 0 180 3.22496e-14 56.1047 0 -180 0 -180 0 180 0 0
0 -0 0 180 0 180 0 -0 6.01099e-14 -52.0931 0 -180 0 180 0 -0 0 -0
0 0 0 -180 0 -180 0 180 1.32088e-13 -170.114 0 180 0 -180 0 0 0 0
0 -0 0 180 0 180 0 -180 1.47629e-13 -129.9 0 -0 0 180 0 -0 0 -0
0 0 0 0 0 0 0 -180 0.201464 179.766 0 -180 0 0 0 0 0 0
0 -0 0 -0 0 -0 0 180 0.797958 -0.534396 0 180 0 -0 0 -0 0 -0
inside=1 lambda=0.647 phi=20 theta=15
0 -0 0 -180 0 0 0 0 0.171088 179.38 0 0 0 -0 0 -180 0 0
0 0 0 180 0 -0 0 -0 0.828413 -0.514028 0 -0 0 0 0 180 0 -0
0 0 0 -0 0 -180 0 -180 0.00815351 -0.051732 0 0 0 -180 0 0 0 0
0 -0 0 180 0 180 0 180 0.00818622 3.71272 0 -0 0 180 0 -0 0 -0
0 0 0 -180 0 -180 0 -0 0.00815238 0.148799 0 0 0 -180 0 0 0 0
0 -0 0 180 0 180 0 180 0.008181 3.46174 0 -0 0 180 0 -0 0 -0
0 0 0 0 0 0 0 -180 0.199285 179.738 0 -180 0 0 0 0 0 0
0 -0 0 -0 0 -0 0 180 0.800144 -0.53358 0 180 0 -0 0 -0 0 -0
inside=1 lambda=0.647 phi=20 theta=30
0 -0 0 -180 0 0 0 0 0.17705 179.457 0 0 0 -0 0 -180 0 0
0 0 0 180 0 -0 0 -0 0.822438 -0.519247 0 -0 0 0 0 180 0 -0
0 0 0 -0 0 -180 0 -180 0.0141215 -0.00414788 0 0 0 -180 0 0 0 0
0 -0 0 180 0 180 0 180 0.0141767 3.64841 0 -0 0 180 0 -0 0 -0
0 0 0 -180 0 -180 0 -0 0.0141204 0.110764 0 0 0 -180 0 0 0 0
0 -0 0 180 0 180 0 180 0.0141716 3.50424 0 -0 0 180 0 -0 0 -0
0 0 0 0 0 0 0 -180 0.193331 179.663 0 -180 0 0 0 0 0 0
0 -0 0 -0 0 0 0 180 0.806117 -0.530728 0 180 0 -0 0 -0 0 -0
inside=1 lambda=0.647 phi=20 theta=45
0 0 0 -180 0 0 0 0 0.185193 179.561 0 0 0 -0 0 -180 0 0
0 0 0 180 0 -0 0 -0 0.814277 -0.525571 0 -0 0 0 0 180 0 -0
0 0 0 -0 0 -180 0 -180 0.0163052 0.0556781 0 0 0 -180 0 0 0 0
0 -0 0 180 0 180 0 180 0.0163668 3.57092 0 -0 0 180 0 -0 0 -0
0 0 0 -180 0 -180 0 -0 0.0163052 0.0556781 0 0 0 -180 0 0 0 0
0 -0 0 180 0 180 0 180 0.0163668 3.57092 0 -0 0 180 0 -0 0 -0
0 0 0 0 0 -0 0 -180 0.185193 179.561 0 -180 0 0 0 0 0 0
0 0 0 -0 0 0 0 180 0.814277 -0.525571 0 180 0 -0 0 -0 0 -0
inside=1 lambda=0.647 phi=25 theta=0
0 -0 0 -180 0 0 0 0 0.158679 179.126 0 0 0 -0 0 -180 0 0
0 0 0 180 0 -0 0 -0 0.840629 -6.04455 0 -0 0 0 0 180 0 -0
0 0 0 -0 0 -180 0 -180 1.54153e-14 -28.3794 0 -0 0 -180 0 180 0 0
0 -0 0 0 0 180 0 -180 3.21168e-14 74.0851 0 -180 0 180 0 -180 0 -0
0 0 0 -180 0 -180 0 180 2.12047e-14 94.8988 0 180 0 -180 0 0 0 0
0 -0 0 180 0 180 0 180 1.3462e-14 95.5 0 -180 0 180 0 -0 0 -0
0 0 0 0 0 0 0 -180 0.211167 179.834 0 -180 0 0 0 0 0 0
0 -0 0 -0 0 -0 0 180 0.788147 -6.06856 0 180 0 -0 0 -0 0 -0
inside=1 lambda=0.647 phi=25 theta=15
0 -0 0 -180 0 0 0 0 0.162196 179.178 0 0 0 -0 0 -180 0 0
0 0 0 180 0 -0 0 -0 0.837113 -6.04751 0 -0 0 0 0 180 0 -0
0 0 0 -0 0 -180 0 -180 0.0131038 -0.10129 0 0 0 -180 0 0 0 0
0 -0 0 0 0 180 0 180 0.0131559 -1.83476 0 -0 0 180 0 -0 0 -0
0 0 0 -180 0 -180 0 -0 0.0131075 0.221963 0 0 0 -180 0 0 0 0
0 -0 0 180 0 180 0 0 0.0131452 -2.23902 0 -0 0 180 0 -0 0 -0
0 0 0 0 0 0 0 -180 0.207653 179.787 0 -180 0 0 0 0 0 0
0 -0 0 -0 0 -0 0 180 0.791662 -6.06903 0 180 0 -0 0 -0 0 -0
inside=1 lambda=0.647 phi=25 theta=30
0 -0 0 -180 0 0 0 0 0.171804 179.313 0 0 0 -0 0 -180 0 0
0 0 0 180 0 -0 0 -0 0.827507 -6.05496 0 -0 0 0 0 180 0 -0
0 0 0 -0 0 -180 0 -180 0.0226965 -0.020004 0 0 0 -180 0 0 0 0
0 -0 0 0 0 180 0 180 0.0227817 -1.94961 0 -0 0 180 0 -0 0 -0
0 0 0 -180 0 -180 0 -0 0.0227005 0.16328 0 0 0 -180 0 0 0 0
0 -0 0 180 0 180 0 0 0.0227711 -2.17999 0 -0 0 180 0 -0 0 -0
0 0 0 0 0 -0 0 -180 0.198051 179.661 0 -180 0 0 0 0 0 0
0 -0 0 -0 0 0 0 180 0.801266 -6.0682 0 180 0 -0 0 -0 0 -0
inside=1 lambda=0.647 phi=25 theta=45
0 -0 0 -180 0 0 0 0 0.184929 179.489 0 0 0 -0 0 -180 0 0
0 0 0 180 0 -0 0 -0 0.814386 -6.06318 0 -0 0 0 0 180 0 -0
0 0 0 -0 0 -180 0 -180 0.0262094 0.0771973 0 0 0 -180 0 0 0 0
0 -0 0 0 0 180 0 180 0.0262994 -2.07842 0 -0 0 180 0 -0 0 -0
0 0 0 -180 0 -180 0 -0 0.0262094 0.0771973 0 0 0 -180 0 0 0 0
0 -0 0 180 0 180 0 0 0.0262994 -2.07842 0 -0 0 180 0 -0 0 -0
0 -0 0 0 0 -0 0 -180 0.184929 179.489 0 -180 0 0 0 0 0 0
0 0 0 -0 0 0 0 180 0.814386 -6.06318 0 180 0 -0 0 -0 0 -0
inside=1 lambda=0.647 phi=30 theta=0
0 -0 0 -180 0 0 0 0 0.145239 178.824 0 0 0 -0 0 -180 0 0
0 0 0 180 0 -0 0 -0 0.85373 -12.5635 0 -0 0 0 0 180 0 -0
0 -0 0 -0 0 -180 0 180 1.10268e-13 -86.6354 0 180 0 180 0 180 0 0
0 -0 0 0 0 180 0 180 1.39766e-14 -57.8297 0 180 0 180 0 -180 0 -0
0 0 0 -180 0 -180 0 180 4.72329e-14 59.2792 0 -0 0 -180 0 0 0 0
0 -0 0 180 0 180 0 180 8.1903e-14 63.6341 0 0 0 180 0 -0 0 -0
0 0 0 0 0 0 0 -180 0.223813 179.94 0 -180 0 0 0 0 0 0
0 -0 0 -0 0 -0 0 180 0.775435 -12.5744 0 180 0 -0 0 -0 0 -0
inside=1 lambda=0.647 phi=30 theta=15
0 -0 0 -180 0 0 0 0 0.150495 178.912 0 0 0 -0 0 -180 0 0
0 0 0 180 0 -0 0 -0 0.848487 -12.5674 0 -0 0 0 0 180 0 -0
0 0 0 -0 0 -180 0 -180 0.0195343 -0.165273 0 0 0 180 0 0 0 0
0 -0 0 0 0 180 0 180 0.0196136 -8.34039 0 -0 0 180 0 -180 0 -0
0 0 0 -180 0 -180 0 -0 0.0195602 0.308723 0 0 0 -180 0 0 0 0
0 -0 0 180 0 180 0 0 0.0195969 -8.95326 0 -180 0 180 0 -0 0 -0
0 0 0 0 0 0 0 -180 0.218542 179.867 0 -180 0 0 0 0 0 0
0 -0 0 -0 0 -0 0 180 0.780681 -12.5795 0 180 0 -0 0 -0 0 -0
inside=1 lambda=0.647 phi=30 theta=30
0 -0 0 -180 0 0 0 0 0.164862 179.136 0 0 0 -0 0 -180 0 0
0 0 0 180 0 -0 0 -0 0.83416 -12.5769 0 -0 0 0 0 180 0 -0
0 0 0 -0 0 -180 0 -180 0.0338419 -0.038325 0 0 0 180 0 0 0 0
0 -0 0 0 0 180 0 180 0.0339622 -8.53725 0 -0 0 180 0 -180 0 -0
0 0 0 -180 0 -180 0 -0 0.0338682 0.225513 0 0 0 -180 0 0 0 0
0 -0 0 180 0 180 0 0 0.033946 -8.88083 0 -180 0 180 0 -0 0 -0
0 0 0 0 0 -0 0 -180 0.204149 179.674 0 -180 0 0 0 0 0 0
0 -0 0 -0 0 0 0 180 0.795013 -12.5867 0 180 0 -0 0 -0 0 -0
inside=1 lambda=0.647 phi=30 theta=45
0 -0 0 -180 0 0 0 0 0.1845 179.412 0 0 0 -0 0 -180 0 0
0 0 0 180 0 -0 0 -0 0.814588 -12.5856 0 -0 0 0 0 180 0 -0
0 0 0 -0 0 -180 0 -180 0.0390915 0.10422 0 0 0 180 0 0 0 0
0 -0 0 0 0 180 0 180 0.0392051 -8.73847 0 -0 0 180 0 -180 0 -0
0 0 0 -180 0 180 0 -0 0.0390915 0.10422 0 0 0 -180 0 0 0 0
0 -0 0 180 0 180 0 0 0.0392051 -8.73847 0 -180 0 180 0 -0 0 -0
0 -0 0 0 0 -0 0 -180 0.1845 179.412 0 -180 0 0 0 0 0 0
0 0 0 -0 0 0 0 180 0.814588 -12.5856 0 180 0 -0 0 -0 0 -0
inside=1 lambda=0.647 phi=35 theta=0
0 -0 0 -180 0 0 0 0 0.127952 178.418 0 0 0 -0 0 -180 0 0
0 0 0 180 0 -0 0 -0 0.870497 -19.9209 0 -0 0 0 0 180 0 -0
0 -0 0 -180 0 -180 0 0 8.21083e-14 139.677 0 -0 0 180 0 0 0 0
0 -0 0 0 0 180 0 -0 6.48756e-14 176.378 0 0 0 180 0 -180 0 -0
0 0 0 -180 0 -180 0 -0 2.04403e-13 11.2731 0 -180 0 -180 0 0 0 0
0 -0 0 180 0 180 0 180 2.70682e-13 43.3119 0 0 0 180 0 -0 0 -0
0 0 0 0 0 0 0 -180 0.24003 -179.916 0 -180 0 0 0 0 0 0
0 -0 0 -0 0 -0 0 180 0.759307 -19.8846 0 180 0 -0 0 -0 0 -0
inside=1 lambda=0.647 phi=35 theta=15
0 -0 0 -180 0 0 0 0 0.135426 178.57 0 0 0 -0 0 -180 0 0
0 0 0 180 0 -0 0 -0 0.863056 -19.9258 0 -0 0 0 0 180 0 -0
0 -0 0 -0 0 -180 0 -180 0.0277051 -0.23779 0 0 0 180 0 0 0 0
0 -0 0 0 0 180 0 180 0.0278262 -15.6199 0 -0 0 180 0 -180 0 -0
0 0 0 -180 0 -180 0 -0 0.0277983 0.402042 0 0 0 -180 0 0 0 0
0 -0 0 180 0 180 0 0 0.0278101 -16.5278 0 -180 0 180 0 -0 0 -0
0 0 0 0 0 -0 0 -180 0.23246 179.977 0 -180 0 0 0 0 0 0
0 -0 0 -0 0 -0 0 180 0.76677 -19.9037 0 180 0 -0 0 -0 0 -0
inside=1 lambda=0.647 phi=35 theta=30
0 -0 0 -180 0 0 0 0 0.155869 178.929 0 0 0 -0 0 -180 0 0
0 0 0 180 0 -0 0 -0 0.842723 -19.9367 0 -0 0 0 0 180 0 -0
0 0 0 -0 0 -180 0 -180 0.0480223 -0.0561543 0 0 0 180 0 0 0 0
0 -0 0 0 0 180 0 180 0.0481821 -15.9568 0 -0 0 180 0 -180 0 -0
0 0 0 -180 0 180 0 -0 0.0481119 0.290484 0 0 0 -180 0 0 0 0
0 -0 0 180 0 180 0 0 0.0481653 -16.4492 0 -180 0 180 0 -0 0 -0
0 -0 0 0 0 -0 0 -180 0.211869 179.704 0 -180 0 0 0 0 0 0
0 -0 0 -0 0 0 0 180 0.787139 -19.9331 0 180 0 -0 0 -0 0 -0
inside=1 lambda=0.647 phi=35 theta=45
0 -0 0 -180 0 0 0 0 0.183839 179.338 0 0 0 -0 0 -180 0 0
0 0 0 180 0 -0 0 -0 0.814939 -19.9435 0 -0 0 0 0 180 0 -0
0 0 0 -0 0 -180 0 -180 0.055503 0.134189 0 0 0 180 0 0 0 0
0 -0 0 0 0 180 0 180 0.0556218 -16.2604 0 -0 0 180 0 -180 0 -0
0 0 0 -180 0 180 0 -0 0.055503 0.134189 0 0 0 -180 0 0 0 0
0 -0 0 180 0 180 0 0 0.0556218 -16.2604 0 -180 0 180 0 -0 0 -0
0 -0 0 0 0 -0 0 -180 0.183839 179.338 0 -180 0 0 0 0 0 0
0 0 0 -0 0 0 0 180 0.814939 -19.9435 0 180 0 -0 0 -0 0 -0
inside=1 lambda=0.647 phi=40 theta=0
0 -0 0 -180 0 0 0 0 0.105986 177.829 0 0 0 -0 0 -180 0 0
0 0 0 180 0 -0 0 -0 0.891727 -27.9382 0 -0 0 0 0 180 0 -0
0 -0 0 -0 0 -180 0 -0 7.08068e-14 -52.8278 0 180 0 180 0 180 0 0
0 -0 0 0 0 180 0 -0 4.59391e-14 -95.1619 0 -0 0 180 0 -180 0 -0
0 0 0 -180 0 -180 0 0 1.02577e-13 102.964 0 -0 0 -180 0 0 0 0
0 -0 0 180 0 180 0 180 3.29042e-14 47.4659 0 -180 0 180 0 -0 0 -0
0 0 0 0 0 0 0 -180 0.260892 -179.77 0 -180 0 0 0 0 0 0
0 -0 0 -0 0 -0 0 0 0.739031 -27.7657 0 180 0 -0 0 -0 0 -0
inside=1 lambda=0.647 phi=40 theta=15
0 -0 0 -180 0 0 0 0 0.116257 178.114 0 0 0 -0 0 -180 0 0
0 0 0 180 0 -0 0 -0 0.881526 -27.9455 0 -0 0 0 0 180 0 -0
0 -0 0 -0 0 -180 0 -180 0.0379475 -0.293994 0 0 0 180 0 0 0 0
0 -0 0 0 0 180 0 0 0.0381455 -23.4111 0 -0 0 180 0 -180 0 -0
0 0 0 -180 0 -180 0 -0 0.0382146 0.490118 0 0 0 -180 0 0 0 0
0 -0 0 180 0 180 0 0 0.0381569 -24.7789 0 -180 0 180 0 -0 0 -0
0 0 0 0 0 -0 0 -180 0.250152 -179.906 0 -180 0 0 0 0 0 0
0 -0 0 -0 0 -0 0 0 0.749344 -27.8343 0 180 0 -0 0 -0 0 -0
inside=1 lambda=0.647 phi=40 theta=30
0 -0 0 -180 0 0 0 0 0.144361 178.701 0 0 0 -0 0 -180 0 0
0 0 0 180 0 -0 0 -0 0.853641 -27.9579 0 -0 0 0 0 180 0 -0
0 -0 0 -0 0 -180 0 -180 0.0658546 -0.0674461 0 0 0 180 0 0 0 0
0 -0 0 0 0 180 0 180 0.0660579 -24.0169 0 -0 0 180 0 -180 0 -0
0 0 0 -180 0 180 0 -0 0.0660871 0.346705 0 0 0 -180 0 0 0 0
0 -0 0 180 0 180 0 0 0.0660558 -24.7083 0 -180 0 180 0 -0 0 -0
0 -0 0 0 0 -0 0 -180 0.221527 179.749 0 -180 0 0 0 0 0 0
0 -0 0 -0 0 0 0 180 0.777359 -27.9231 0 180 0 -0 0 -0 0 -0
inside=1 lambda=0.647 phi=40 theta=45
0 -0 0 -180 0 0 0 0 0.182857 179.277 0 0 0 -0 0 -180 0 0
0 0 0 180 0 -0 0 -0 0.815524 -27.9589 0 -0 0 0 0 180 0 -0
0 0 0 -0 0 -180 0 -180 0.0761805 0.162296 0 0 0 180 0 0 0 0
0 -0 0 0 0 180 0 180 0.0762654 -24.4671 0 -0 0 180 0 -180 0 -0
0 0 0 -180 0 180 0 -0 0.0761805 0.162296 0 0 0 -180 0 0 0 0
0 -0 0 180 0 180 0 0 0.0762654 -24.4671 0 -180 0 180 0 -0 0 -0
0 -0 0 0 0 -0 0 -180 0.182857 179.277 0 -180 0 0 0 0 0 0
0 0 0 -0 0 0 0 180 0.815524 -27.9589 0 180 0 -0 0 -0 0 -0
inside=1 lambda=0.647 phi=45 theta=0
0 -0 0 -180 0 0 0 -180 0.0788097 175.999 0 0 0 -0 0 -180 0 0
0 0 0 180 0 -180 0.0141533 -70.6722 0.917477 -36.3804 0 -180 0 0 0 180 0 -180
0 -0 0 -0 0 -180 0 -180 3.80854e-14 -137.481 0 0 0 180 0 180 0 0
0 -0 0 0 0 180 9.08378e-13 -103.517 6.66822e-14 -64.6913 0 180 0 180 0 -180 0 -0
0 0 0 -180 0 -180 0 180 1.7093e-12 42.1113 0 180 0 -180 0 0 0 0
0 -0 0 180 0 180 1.09573e-11 -139.278 7.05054e-13 -2.32603 0 -0 0 180 0 -0 0 -0
0 0 0 0 0 0 0 -0 0.291869 -178.47 0 -180 0 0 0 0 0 0
0 -0 0 -0 0 -0 0.28148 84.2268 0.706434 -35.669 0 180 0 -0 0 -0 0 -0
inside=1 lambda=0.647 phi=45 theta=15
0 -0 0 -180 0 0 0 0 0.0919756 177.413 0 0 0 -0 0 180 0 0
0 0 0 180 0 -180 0 -0 0.904851 -36.4156 0 -180 0 0 0 180 0 -180
0 -0 0 -0 0 -180 0 -180 0.0505875 -0.216318 0 0 0 180 0 0 0 0
0 -0 0 0 0 180 0 0 0.0510033 -31.1641 0 -180 0 180 0 -180 0 -0
0 0 0 -180 0 180 0 -0 0.0513768 0.55122 0 0 0 -180 0 0 0 0
0 -0 0 180 0 180 0 0 0.0511767 -33.471 0 -180 0 180 0 -0 0 -0
0 0 0 0 0 -0 0 -180 0.273208 -179.898 0 -180 0 0 0 0 0 0
0 -0 0 -0 0 -0 0 0 0.727502 -36.049 0 180 0 -0 0 -0 0 -0
inside=1 lambda=0.647 phi=45 theta=30
0 -0 0 -180 0 0 0 0 0.129735 178.458 0 0 0 -0 0 180 0 0
0 0 0 180 0 -180 0 -0 0.867515 -36.4351 0 -180 0 0 0 180 0 -180
0 -0 0 -0 0 -180 0 -180 0.088154 -0.0610617 0 0 0 180 0 0 0 0
0 -0 0 0 0 180 0 0 0.0884041 -32.4895 0 -180 0 180 0 -180 0 -0
0 0 0 -180 0 180 0 -0 0.088659 0.379082 0 0 0 -180 0 0 0 0
0 -0 0 180 0 180 0 0 0.0884464 -33.4534 0 -180 0 180 0 -0 0 -0
0 -0 0 0 0 -0 0 -180 0.233514 179.792 0 -180 0 0 0 0 0 0
0 -0 0 -0 0 0 0 0 0.765321 -36.3386 0 180 0 -0 0 -0 0 -0
inside=1 lambda=0.647 phi=45 theta=45
0 -0 0 -180 0 0 0 0 0.181432 179.241 0 0 0 -0 0 -180 0 0
0 -0 0 180 0 -180 0 -0 0.816472 -36.4251 0 -0 0 0 0 180 0 -180
0 0 0 -0 0 -180 0 -180 0.102097 0.182239 0 0 0 180 0 0 0 0
0 -0 0 0 0 180 0 180 0.102082 -33.153 0 -0 0 180 0 -180 0 -0
0 0 0 -180 0 180 0 -0 0.102097 0.182239 0 0 0 -180 0 0 0 0
0 -0 0 180 0 180 0 0 0.102082 -33.153 0 -180 0 180 0 -0 0 -0
0 -0 0 0 0 -0 0 -180 0.181432 179.241 0 -180 0 0 0 0 0 0
0 -0 0 -0 0 0 0 180 0.816472 -36.4251 0 180 0 -180 0 -0 0 -180
