RSoft_BSDF_File_Version 2
1 0 5 2 1 1.00571
0.3 0.3
-1 1
-1 1
1 0.647 0.647
10 0 45 0.5
4 0 45
Begin_Dispersion_Data
0.647 1.45662 0 1 0 0
End_Dispersion_Data
inside=0 lambda=0.647 phi=0 theta=0
0 -180 0 -180 0 -180 0 0 0.185823 0.0417083 0 0 0 -180 0 -180 0 -180
0 0 0 -0 0 0 0 180 1.18588 -160.169 0 180 0 0 0 -0 0 0
0 -180 0 -0 0 0 0 -0 3.83987e-15 109.772 0 -0 0 0 0 180 0 -180
0 0 0 -180 0 -180 0 -180 1.38387e-13 109.932 0 -180 0 -180 0 0 0 0
0 -180 0 -0 0 0 0 -0 3.6826e-15 109.387 0 180 0 0 0 180 0 -180
0 0 0 -180 0 -180 0 -180 1.33203e-13 109.985 0 0 0 -180 0 0 0 0
0 -180 0 0 0 -180 0 -180 0.185823 0.0417083 0 -180 0 -180 0 0 0 -180
0 0 0 180 0 0 0 -0 1.18588 -160.169 0 -0 0 0 0 180 0 0
inside=0 lambda=0.647 phi=0 theta=15
0 -180 0 -180 0 -180 0 0 0.185823 0.0417083 0 0 0 -180 0 -180 0 -180
0 0 0 -0 0 0 0 180 1.18588 -160.169 0 180 0 0 0 -0 0 0
0 -180 0 -0 0 0 0 -0 3.83987e-15 109.772 0 -0 0 0 0 180 0 -180
0 0 0 -180 0 -180 0 -180 1.38387e-13 109.932 0 -180 0 -180 0 0 0 0
0 -180 0 -0 0 0 0 -0 3.6826e-15 109.387 0 180 0 0 0 180 0 -180
0 0 0 -180 0 -180 0 -180 1.33203e-13 109.985 0 0 0 -180 0 0 0 0
0 -180 0 0 0 -180 0 -180 0.185823 0.0417083 0 -180 0 -180 0 0 0 -180
0 0 0 180 0 0 0 -0 1.18588 -160.169 0 -0 0 0 0 180 0 0
inside=0 lambda=0.647 phi=0 theta=30
0 -180 0 -180 0 -180 0 0 0.185823 0.0417083 0 0 0 -180 0 -180 0 -180
0 0 0 -0 0 0 0 180 1.18588 -160.169 0 180 0 0 0 -0 0 0
0 -180 0 -0 0 0 0 -0 3.83987e-15 109.772 0 -0 0 0 0 180 0 -180
0 0 0 -180 0 -180 0 -180 1.38387e-13 109.932 0 -180 0 -180 0 0 0 0
0 -180 0 -0 0 0 0 -0 3.6826e-15 109.387 0 180 0 0 0 180 0 -180
0 0 0 -180 0 -180 0 -180 1.33203e-13 109.985 0 0 0 -180 0 0 0 0
0 -180 0 0 0 -180 0 -180 0.185823 0.0417083 0 -180 0 -180 0 0 0 -180
0 0 0 180 0 0 0 -0 1.18588 -160.169 0 -0 0 0 0 180 0 0
inside=0 lambda=0.647 phi=0 theta=45
0 -180 0 -180 0 -180 0 0 0.185823 0.0417083 0 0 0 -180 0 -180 0 -180
0 0 0 -0 0 0 0 180 1.18588 -160.169 0 180 0 0 0 -0 0 0
0 -180 0 -0 0 0 0 -0 3.83987e-15 109.772 0 -0 0 0 0 180 0 -180
0 0 0 -180 0 -180 0 -180 1.38387e-13 109.932 0 -180 0 -180 0 0 0 0
0 -180 0 -0 0 0 0 -0 3.6826e-15 109.387 0 180 0 0 0 180 0 -180
0 0 0 -180 0 -180 0 -180 1.33203e-13 109.985 0 0 0 -180 0 0 0 0
0 -180 0 0 0 -180 0 -180 0.185823 0.0417083 0 -180 0 -180 0 0 0 -180
0 0 0 180 0 0 0 -0 1.18588 -160.169 0 -0 0 0 0 180 0 0
inside=0 lambda=0.647 phi=5 theta=0
0 180 0 -180 0 -180 0 0 0.183761 0.0332859 0 0 0 180 0 -180 0 -180
0 0 0 -0 0 -0 0 180 1.1838 -164.693 0 180 0 0 0 -0 0 -0
0 -180 0 -0 0 0 0 180 1.4273e-15 -76.2576 0 -0 0 0 0 180 0 -180
0 0 0 -0 0 180 0 0 6.59546e-14 -75.8603 0 -0 0 -180 0 180 0 -0
0 -180 0 -180 0 0 0 180 6.8457e-16 -92.421 0 -0 0 0 0 0 0 -180
0 -0 0 -0 0 180 0 0 3.16187e-14 -93.2275 0 -180 0 180 0 180 0 -0
0 -180 0 0 0 -180 0 -180 0.187922 0.0337097 0 -180 0 -180 0 0 0 -180
0 -0 0 180 0 -0 0 -0 1.18796 -164.695 0 -0 0 -0 0 180 0 -0
inside=0 lambda=0.647 phi=5 theta=15
0 -180 0 -180 0 -180 0 0 0.184039 0.0333149 0 0 0 180 0 -180 0 -180
0 0 0 -0 0 -0 0 180 1.18408 -164.693 0 180 0 0 0 -0 0 -0
0 -180 0 -0 0 0 0 -180 0.00104039 -179.947 0 0 0 0 0 180 0 -180
0 0 0 -0 0 180 0 -0 0.00104079 14.8475 0 180 0 -180 0 180 0 -0
0 -180 0 -180 0 0 0 -0 0.00104039 -179.947 0 180 0 0 0 0 0 -180
0 -0 0 -0 0 -180 0 -0 0.00104079 14.8475 0 180 0 180 0 180 0 -0
0 -180 0 0 0 -180 0 -180 0.187643 0.0336819 0 -180 0 -180 0 0 0 -180
0 0 0 180 0 0 0 -0 1.18768 -164.695 0 -0 0 -0 0 180 0 -0
inside=0 lambda=0.647 phi=5 theta=30
0 -180 0 -180 0 -180 0 0 0.184801 0.0333937 0 0 0 -180 0 -180 0 -180
0 0 0 -0 0 -0 0 180 1.18484 -164.693 0 180 0 0 0 -0 0 -0
0 -180 0 -0 0 0 0 -180 0.001802 -179.947 0 0 0 0 0 180 0 -180
0 0 0 -0 0 180 0 -0 0.00180269 14.8475 0 180 0 -180 0 180 0 -0
0 -180 0 -180 0 0 0 -0 0.001802 -179.947 0 180 0 0 0 0 0 -180
0 0 0 -0 0 -180 0 -0 0.00180269 14.8475 0 180 0 180 0 180 0 -0
0 -180 0 0 0 -180 0 -180 0.186882 0.0336056 0 -180 0 -180 0 0 0 -180
0 0 0 180 0 0 0 -0 1.18692 -164.694 0 -0 0 -0 0 180 0 -0
inside=0 lambda=0.647 phi=5 theta=45
0 -180 0 -180 0 -180 0 0 0.185841 0.0335002 0 0 0 -180 0 -180 0 -180
0 0 0 -0 0 -0 0 180 1.18588 -164.694 0 180 0 0 0 -0 0 -0
0 -180 0 -0 0 0 0 -180 0.00208077 -179.947 0 0 0 0 0 180 0 -180
0 0 0 -0 0 180 0 -0 0.00208157 14.8475 0 180 0 -180 0 180 0 -0
0 -180 0 -180 0 0 0 -0 0.00208077 -179.947 0 180 0 0 0 0 0 -180
0 0 0 -0 0 -180 0 -0 0.00208157 14.8475 0 180 0 180 0 180 0 -0
0 -180 0 0 0 -180 0 -180 0.185841 0.0335002 0 -180 0 -180 0 0 0 -180
0 0 0 180 0 0 0 -0 1.18588 -164.694 0 -0 0 -0 0 180 0 -0
inside=0 lambda=0.647 phi=10 theta=0
0 180 0 -180 0 -180 0 0 0.177289 0.00514718 0 0 0 180 0 -180 0 -180
0 0 0 -0 0 -0 0 180 1.17729 -178.35 0 180 0 0 0 -0 0 -0
0 180 0 -0 0 0 0 -0 1.90866e-16 90.2996 0 180 0 -0 0 180 0 -180
0 0 0 -180 0 180 0 -180 9.33053e-14 91.6497 0 0 0 -180 0 0 0 -0
0 -180 0 -180 0 0 0 180 1.1829e-16 90.7444 0 180 0 0 0 0 0 -180
0 -0 0 -0 0 180 0 0 6.5462e-14 91.707 0 0 0 180 0 180 0 -0
0 -180 0 0 0 -180 0 -180 0.194425 0.00505348 0 -180 0 -180 0 0 0 -180
0 -0 0 180 0 -0 0 -0 1.19443 -178.357 0 -0 0 -0 0 180 0 -0
inside=0 lambda=0.647 phi=10 theta=15
0 180 0 -180 0 -180 0 0 0.178437 0.00514037 0 0 0 180 0 -180 0 -180
0 0 0 -0 0 -0 0 180 1.17844 -178.351 0 180 0 0 0 -0 0 -0
0 180 0 -0 0 0 0 -180 0.0042839 -179.996 0 0 0 -0 0 180 0 -180
0 0 0 -180 0 180 0 -0 0.00428406 1.21059 0 180 0 -180 0 0 0 -0
0 -180 0 -180 0 0 0 -180 0.0042839 -179.996 0 180 0 0 0 0 0 -180
0 -0 0 -0 0 180 0 -180 0.00428406 1.21064 0 0 0 180 0 180 0 -0
0 -180 0 0 0 -180 0 -180 0.193277 0.00505927 0 -180 0 -180 0 0 0 -180
0 -0 0 180 0 -0 0 -0 1.19328 -178.356 0 -0 0 -0 0 180 0 -0
inside=0 lambda=0.647 phi=10 theta=30
0 180 0 -180 0 -180 0 0 0.181573 0.00512217 0 0 0 180 0 -180 0 -180
0 0 0 -0 0 -0 0 180 1.18157 -178.352 0 180 0 0 0 -0 0 -0
0 180 0 -0 0 0 0 -180 0.00741994 -179.996 0 0 0 -0 0 180 0 -180
0 0 0 -180 0 180 0 -0 0.00742021 1.2106 0 180 0 -180 0 0 0 -0
0 -180 0 -180 0 0 0 -0 0.00741994 -179.996 0 180 0 0 0 0 0 -180
0 -0 0 -0 0 180 0 -180 0.00742021 1.21063 0 0 0 180 0 180 0 -0
0 -180 0 0 0 180 0 -180 0.190141 0.0050754 0 -180 0 -180 0 0 0 -180
0 -0 0 180 0 0 0 -0 1.19014 -178.355 0 -0 0 -0 0 180 0 -0
inside=0 lambda=0.647 phi=10 theta=45
0 180 0 -180 0 -180 0 0 0.185857 0.00509827 0 0 0 180 0 -180 0 -180
0 0 0 -0 0 -0 0 180 1.18586 -178.353 0 180 0 0 0 -0 0 -0
0 -180 0 -0 0 0 0 -180 0.00856781 -179.996 0 0 0 -0 0 180 0 -180
0 -0 0 -180 0 180 0 -0 0.00856812 1.21061 0 180 0 -180 0 0 0 -0
0 -180 0 -180 0 -0 0 -0 0.00856781 -179.996 0 180 0 0 0 0 0 -180
0 -0 0 -0 0 -180 0 -180 0.00856812 1.21061 0 0 0 180 0 180 0 -0
0 180 0 0 0 180 0 -180 0.185857 0.00509827 0 -180 0 -180 0 0 0 -180
0 0 0 180 0 0 0 -0 1.18586 -178.353 0 -0 0 -0 0 180 0 -0
inside=0 lambda=0.647 phi=15 theta=0
0 180 0 -180 0 -180 0 -0 0.165489 -0.0355772 0 0 0 180 0 -180 0 -180
0 0 0 -0 0 -0 0 180 1.16554 158.576 0 180 0 0 0 -0 0 -0
0 180 0 -0 0 0 0 -0 6.84032e-16 -111.567 0 180 0 -0 0 180 0 -180
0 -0 0 -180 0 180 0 -180 2.1044e-14 68.7456 0 0 0 180 0 0 0 -0
0 -180 0 -180 0 0 0 -0 5.57519e-16 -110.474 0 -0 0 0 0 0 0 -180
0 -0 0 -0 0 180 0 -180 1.81383e-14 68.937 0 -180 0 180 0 180 0 -0
0 -180 0 0 0 -180 0 -180 0.205994 -0.043802 0 -180 0 -180 0 0 0 -180
0 -0 0 180 0 -0 0 -0 1.20607 158.563 0 -0 0 -0 0 180 0 -0
inside=0 lambda=0.647 phi=15 theta=15
0 180 0 -180 0 -180 0 -0 0.168202 -0.0362518 0 0 0 180 0 -180 0 -180
0 0 0 -0 0 -0 0 180 1.16825 158.575 0 180 0 0 0 -0 0 -0
0 180 0 -0 0 0 0 -180 0.0101263 179.923 0 0 0 -0 0 180 0 -180
0 -0 0 -180 0 180 0 -0 0.010134 -21.8292 0 180 0 180 0 0 0 -0
0 -180 0 -180 0 0 0 -180 0.0101263 179.923 0 180 0 0 0 0 0 -180
0 -0 0 -0 0 180 0 -180 0.010134 -21.8291 0 0 0 180 0 180 0 -0
0 -180 0 0 0 180 0 -180 0.203281 -0.0433533 0 -180 0 -180 0 0 0 -180
0 -0 0 180 0 -0 0 -0 1.20336 158.564 0 -0 0 -0 0 180 0 -0
inside=0 lambda=0.647 phi=15 theta=30
0 180 0 -180 0 -180 0 0 0.175615 -0.0379887 0 0 0 180 0 -180 0 -180
0 0 0 -0 0 -0 0 180 1.17567 158.573 0 180 0 0 0 -0 0 -0
0 180 0 -0 0 0 0 -180 0.0175392 179.923 0 0 0 -0 0 180 0 -180
0 -0 0 -180 0 180 0 -0 0.0175526 -21.8291 0 180 0 180 0 0 0 -0
0 -180 0 -180 0 -0 0 -180 0.0175392 179.923 0 180 0 0 0 0 0 -180
0 -0 0 -0 0 180 0 -180 0.0175526 -21.8291 0 0 0 180 0 180 0 -0
0 180 0 0 0 180 0 -180 0.195868 -0.0420642 0 -180 0 -180 0 0 0 -180
0 -0 0 180 0 -0 0 -0 1.19594 158.566 0 -0 0 -0 0 180 0 -0
inside=0 lambda=0.647 phi=15 theta=45
0 180 0 -180 0 -180 0 0 0.185742 -0.0401374 0 0 0 180 0 -180 0 -180
0 -0 0 -0 0 -0 0 180 1.18581 158.569 0 180 0 -0 0 -0 0 -0
0 180 0 -180 0 0 0 -180 0.0202525 179.923 0 0 0 -0 0 180 0 -180
0 -0 0 -180 0 180 0 -0 0.0202679 -21.8291 0 180 0 180 0 0 0 -0
0 180 0 -180 0 -0 0 -180 0.0202525 179.923 0 180 0 0 0 0 0 -180
0 -0 0 -0 0 180 0 -180 0.0202679 -21.8291 0 0 0 180 0 180 0 -0
0 180 0 0 0 180 0 -180 0.185742 -0.0401374 0 -180 0 -180 0 0 0 -180
0 -0 0 180 0 -0 0 -0 1.18581 158.569 0 -0 0 -0 0 180 0 -0
inside=0 lambda=0.647 phi=20 theta=0
0 180 0 180 0 -180 0 -0 0.146627 -0.0403541 0 0 0 180 0 180 0 -180
0 -0 0 -0 0 -180 0 180 1.1468 125.508 0 0 0 -0 0 -0 0 -180
0 180 0 -0 0 0 0 180 7.73978e-16 35.1213 0 0 0 -0 0 180 0 -180
0 -0 0 -180 0 0 0 0 1.02271e-14 -143.502 0 -180 0 180 0 0 0 -180
0 -180 0 -180 0 0 0 180 7.96072e-16 36.8154 0 180 0 0 0 0 0 -180
0 -0 0 -0 0 180 0 0 9.17372e-15 -144.298 0 0 0 180 0 180 0 -0
0 -180 0 0 0 -180 0 -180 0.224038 -0.0644493 0 -180 0 -180 0 0 0 -180
0 -0 0 180 0 -0 0 -0 1.22449 125.484 0 -0 0 -0 0 180 0 -0
inside=0 lambda=0.647 phi=20 theta=15
0 180 0 -180 0 -180 0 -0 0.151813 -0.0427363 0 0 0 180 0 180 0 -180
0 -0 0 -0 0 -180 0 180 1.152 125.507 0 0 0 -0 0 -0 0 -180
0 180 0 -0 0 0 0 -180 0.0193526 179.89 0 0 0 -0 0 180 0 -180
0 -0 0 -180 0 0 0 -0 0.019425 -54.8809 0 0 0 180 0 0 0 -180
0 -180 0 -180 0 -0 0 -180 0.0193526 179.89 0 180 0 0 0 0 0 -180
0 -0 0 -0 0 180 0 -180 0.0194249 -54.8807 0 0 0 180 0 180 0 -0
0 -180 0 0 0 180 0 -180 0.218852 -0.0633678 0 -180 0 -180 0 0 0 -180
0 -0 0 180 0 -0 0 -0 1.21929 125.485 0 -0 0 -0 0 180 0 -0
inside=0 lambda=0.647 phi=20 theta=30
0 180 0 -180 0 -180 0 -0 0.16598 -0.0484852 0 0 0 180 0 180 0 -180
0 -0 0 -0 0 -180 0 180 1.16622 125.502 0 0 0 -0 0 -0 0 -180
0 180 0 -180 0 0 0 -180 0.0335197 179.89 0 0 0 -0 0 180 0 -180
0 -0 0 -180 0 0 0 -0 0.033645 -54.8808 0 0 0 180 0 0 0 -180
0 180 0 -180 0 -0 0 -180 0.0335197 179.89 0 180 0 0 0 0 0 -180
0 -0 0 -0 0 180 0 -180 0.033645 -54.8807 0 0 0 0 0 0 0 -180
0 180 0 0 0 180 0 -180 0.204685 -0.0601337 0 -180 0 -180 0 0 0 -180
0 -0 0 180 0 -0 0 -0 1.20507 125.49 0 -0 0 -180 0 0 0 -180
inside=0 lambda=0.647 phi=20 theta=45
0 180 0 -180 0 -180 0 -0 0.185332 -0.0549176 0 0 0 180 0 -180 0 -180
0 -0 0 -0 0 -180 0 180 1.18565 125.496 0 0 0 -0 0 -0 0 -180
0 180 0 -180 0 0 0 -180 0.0387052 179.89 0 0 0 -0 0 180 0 -180
0 -0 0 -180 0 0 0 -0 0.0388499 -54.8808 0 0 0 180 0 0 0 -180
0 180 0 -180 0 -0 0 -180 0.0387052 179.89 0 180 0 0 0 0 0 -180
0 -0 0 -0 0 180 0 -180 0.0388499 -54.8808 0 0 0 0 0 0 0 -180
0 180 0 -0 0 180 0 -180 0.185332 -0.0549176 0 -180 0 -180 0 0 0 -180
0 -0 0 180 0 -0 0 -0 1.18565 125.496 0 -0 0 -180 0 0 0 -180
inside=0 lambda=0.647 phi=25 theta=0
0 180 0 180 0 -180 0 -0 0.117551 0.00424161 0 0 0 180 0 180 0 -180
0 -0 0 -0 0 -180 0 180 1.11762 81.3443 0 0 0 -0 0 -0 0 -180
0 180 0 -0 0 0 0 180 9.28081e-16 171.222 0 -0 0 -0 0 180 0 -180
0 -0 0 180 0 0 0 -0 9.7166e-15 -6.84475 0 180 0 180 0 -0 0 -180
0 -180 0 -180 0 0 0 180 8.85355e-16 171.351 0 -0 0 0 0 0 0 -180
0 -180 0 -180 0 0 0 -0 7.57845e-15 -7.36522 0 180 0 0 0 0 0 -180
0 -180 0 0 0 -180 0 -180 0.251756 0.0220807 0 -180 0 -180 0 0 0 -180
0 -180 0 0 0 -180 0 -180 1.2526 81.2972 0 -180 0 -180 0 0 0 -180
inside=0 lambda=0.647 phi=25 theta=15
0 180 0 180 0 -180 0 -0 0.126541 0.00661458 0 0 0 180 0 180 0 -180
0 -0 0 -0 0 -180 0 180 1.12666 81.3408 0 0 0 -0 0 -0 0 -180
0 180 0 -0 0 0 0 -180 0.0335513 -179.962 0 0 0 -0 0 180 0 -180
0 -0 0 180 0 0 0 -0 0.0337449 -99.0942 0 0 0 180 0 -0 0 -180
0 -180 0 -180 0 -0 0 -180 0.0335513 -179.962 0 180 0 0 0 0 0 -180
0 -180 0 -180 0 0 0 180 0.0337449 -99.0939 0 -0 0 0 0 0 0 -180
0 180 0 0 0 180 0 -180 0.242766 0.0214997 0 -180 0 -180 0 0 0 -180
0 -180 0 0 0 -0 0 -180 1.24355 81.3001 0 -180 0 -180 0 0 0 -180
inside=0 lambda=0.647 phi=25 theta=30
0 180 0 -180 0 -180 0 -0 0.151102 0.0116622 0 0 0 180 0 180 0 -180
0 -0 0 -0 0 -180 0 180 1.15136 81.3315 0 0 0 -0 0 -0 0 -180
0 180 0 -180 0 0 0 -180 0.0581125 -179.962 0 0 0 -0 0 180 0 -180
0 -0 0 180 0 0 0 -180 0.0584479 -99.0941 0 0 0 180 0 -0 0 -180
0 180 0 -180 0 -0 0 -180 0.0581125 -179.962 0 180 0 0 0 0 0 -180
0 -0 0 -180 0 180 0 180 0.0584479 -99.0939 0 -0 0 0 0 0 0 -180
0 180 0 -0 0 180 0 -180 0.218205 0.0196711 0 -180 0 -180 0 0 0 -180
0 -0 0 0 0 -0 0 -180 1.21885 81.308 0 -180 0 -180 0 0 0 -180
inside=0 lambda=0.647 phi=25 theta=45
0 180 0 -180 0 -180 0 -0 0.184654 0.0163921 0 0 0 180 0 180 0 -180
0 -0 0 -180 0 -180 0 180 1.18511 81.3194 0 0 0 -0 0 -0 0 -180
0 180 0 -180 0 0 0 -180 0.0671025 -179.962 0 0 0 -0 0 180 0 -180
0 -0 0 180 0 0 0 -180 0.0674898 -99.094 0 0 0 180 0 -0 0 -180
0 180 0 -180 0 -0 0 -180 0.0671025 -179.962 0 180 0 0 0 0 0 -180
0 -0 0 -180 0 180 0 180 0.0674898 -99.094 0 -0 0 0 0 0 0 -180
0 180 0 -0 0 180 0 -180 0.184654 0.0163921 0 180 0 -180 0 0 0 -180
0 -0 0 180 0 -0 0 -180 1.18511 81.3194 0 -0 0 -180 0 0 0 -180
inside=0 lambda=0.647 phi=30 theta=0
0 180 0 180 0 -180 0.000228946 -112.43 0.0709092 -0.0647908 0 0 0 180 0 180 0 -180
0 -180 0 -180 0 180 0 0 1.07087 23.8836 0 -0 0 -180 0 -180 0 180
0 180 0 -0 0 0 2.21193e-16 140.263 6.77317e-17 -114.8 0 -0 0 -0 0 180 0 -180
0 -180 0 180 0 -0 0 -0 2.00276e-16 128.283 0 0 0 0 0 -0 0 180
0 -180 0 -180 0 0 1.08891e-15 -119.215 5.45777e-16 104.177 0 -0 0 0 0 0 0 -180
0 -180 0 -180 0 0 0 180 1.07217e-14 -75.6276 0 180 0 0 0 0 0 -180
0 -180 0 0 0 -180 0.000851182 -130.678 0.295857 0.060163 0 -180 0 -180 0 0 0 -180
0 -180 0 0 0 -180 0 180 1.29605 23.8038 0 -180 0 -180 0 0 0 -180
inside=0 lambda=0.647 phi=30 theta=15
0 180 0 180 0 -180 0 -0 0.0859779 -0.0360753 0 0 0 180 0 180 0 -180
0 -180 0 -180 0 180 0 0 1.08596 23.8772 0 -0 0 -180 0 -180 0 180
0 180 0 -0 0 0 0 -180 0.0562371 -179.9 0 0 0 -0 0 180 0 -180
0 -180 0 180 0 -0 0 -180 0.0562968 -156.577 0 -0 0 0 0 -0 0 180
0 180 0 -180 0 -0 0 -180 0.0562371 -179.9 0 180 0 0 0 0 0 -180
0 -180 0 -180 0 0 0 180 0.0562967 -156.577 0 -0 0 -0 0 -0 0 180
0 180 0 -0 0 180 0 -180 0.280789 0.0580595 0 -180 0 -180 0 0 0 -180
0 -180 0 0 0 -180 0 180 1.28097 23.8083 0 -180 0 180 0 -0 0 180
inside=0 lambda=0.647 phi=30 theta=30
0 180 0 180 0 -180 0 -0 0.127146 0.00782515 0 0 0 180 0 180 0 -180
0 -180 0 -180 0 180 0 0 1.12717 23.8607 0 -0 0 -180 0 -180 0 180
0 180 0 -180 0 0 0 180 0.0974056 -179.9 0 0 0 -0 0 180 0 -180
0 -180 0 180 0 -0 0 -180 0.0975088 -156.577 0 -0 0 0 0 -0 0 180
0 180 0 180 0 -0 0 -180 0.0974056 -179.9 0 180 0 0 0 0 0 -180
0 -180 0 -180 0 0 0 180 0.0975087 -156.577 0 -0 0 -0 0 -0 0 180
0 180 0 -0 0 180 0 -180 0.23962 0.0509143 0 180 0 -180 0 0 0 -180
0 -180 0 0 0 -180 0 -180 1.23976 23.821 0 -180 0 180 0 -0 0 180
inside=0 lambda=0.647 phi=30 theta=45
0 180 0 -180 0 -180 0 -0 0.183383 0.0359723 0 0 0 180 0 180 0 -180
0 -180 0 -180 0 180 0 0 1.18346 23.8399 0 -0 0 -180 0 -180 0 180
0 180 0 -180 0 0 0 180 0.112474 -179.9 0 0 0 -0 0 180 0 -180
0 -180 0 180 0 -0 0 -180 0.112593 -156.577 0 -0 0 0 0 -0 0 180
0 180 0 180 0 -0 0 -180 0.112474 -179.9 0 180 0 0 0 0 0 -180
0 -180 0 -180 0 0 0 180 0.112593 -156.577 0 -0 0 -0 0 -0 0 180
0 180 0 -0 0 180 0 -180 0.183383 0.0359723 0 180 0 -180 0 0 0 -180
0 -180 0 0 0 -180 0 -180 1.18346 23.8399 0 -180 0 180 0 -0 0 180
inside=0 lambda=0.647 phi=35 theta=0
0 180 0 180 0 -180 0.00076652 -111.443 0.0109592 177.54 0 0 0 180 0 180 0 -180
0 -180 0 -180 0 0 0 -0 0.988452 -51.9366 0 -180 0 -180 0 -180 0 0
0 180 0 -0 0 0 6.80311e-16 -21.3531 1.72564e-16 39.1518 0 180 0 -0 0 180 0 -180
0 -180 0 0 0 -180 0 0 1.83542e-15 40.3419 0 -180 0 0 0 -180 0 0
0 -180 0 -180 0 0 1.03187e-14 -128.42 1.71112e-15 36.8385 0 180 0 0 0 0 0 -180
0 180 0 180 0 -0 0 0 1.15212e-14 37.4652 0 -180 0 -0 0 -0 0 180
0 -180 0 0 0 -180 0.00107742 -112.25 0.368596 -0.0912702 0 -180 0 -180 0 0 0 -180
0 180 0 -0 0 180 0 180 1.36979 -52.0439 0 180 0 180 0 -0 0 180
inside=0 lambda=0.647 phi=35 theta=15
0 180 0 180 0 -180 0.000569583 -115.935 0.0144811 1.58062 0 0 0 180 0 180 0 -180
0 -180 0 -180 0 0 0 -0 1.014 -51.9464 0 -180 0 -180 0 -180 0 0
0 180 0 -180 0 0 4.10811e-05 70.5529 0.0948869 179.841 0 0 0 -0 0 180 0 -180
0 -180 0 0 0 -180 0 180 0.0953364 127.676 0 -180 0 0 0 -180 0 0
0 180 0 180 0 -0 0.000292297 -138.43 0.0948868 179.841 0 180 0 0 0 0 0 -180
0 180 0 180 0 -0 0 0 0.0953362 127.677 0 -180 0 -0 0 -0 0 0
0 180 0 -0 0 180 0.000944931 -120.379 0.343172 -0.0861809 0 -180 0 -180 0 0 0 -180
0 180 0 -0 0 180 0 180 1.34425 -52.0386 0 180 0 0 0 -180 0 0
inside=0 lambda=0.647 phi=35 theta=30
0 180 0 180 0 -180 0 -0 0.0839373 0.140349 0 0 0 180 0 180 0 -180
0 -180 0 -180 0 0 0 -0 1.08379 -51.9707 0 -180 0 -180 0 -180 0 0
0 180 0 -180 0 0 0 180 0.164349 179.841 0 0 0 -0 0 180 0 -180
0 -180 0 0 0 -180 0 180 0.165127 127.677 0 -180 0 0 0 -180 0 0
0 180 0 180 0 -0 0 -180 0.164349 179.841 0 180 0 0 0 0 0 -180
0 180 0 180 0 -0 0 0 0.165127 127.677 0 -180 0 -180 0 -180 0 0
0 180 0 -0 0 180 0 -180 0.27371 -0.0675276 0 180 0 -180 0 0 0 -180
0 180 0 -0 0 180 0 180 1.27446 -52.0232 0 180 0 0 0 -180 0 0
inside=0 lambda=0.647 phi=35 theta=45
0 180 0 180 0 -180 0 -0 0.178823 -0.0187426 0 0 0 180 0 180 0 -180
0 -180 0 180 0 0 0 -0 1.17912 -51.9991 0 -180 0 -180 0 -180 0 0
0 180 0 -180 0 0 0 180 0.189774 179.841 0 0 0 -0 0 180 0 -180
0 180 0 0 0 -180 0 180 0.190672 127.677 0 -180 0 -0 0 -180 0 0
0 180 0 180 0 -0 0 -180 0.189774 179.841 0 180 0 0 0 0 0 -180
0 180 0 180 0 -0 0 0 0.190672 127.677 0 -180 0 -180 0 -180 0 0
0 180 0 -0 0 180 0 180 0.178823 -0.0187426 0 180 0 -180 0 0 0 -180
0 -180 0 -0 0 -180 0 180 1.17912 -51.9991 0 -180 0 0 0 -180 0 0
inside=0 lambda=0.647 phi=40 theta=0
0 180 0 180 0 -180 0.00189454 -116.044 0.198848 -179.708 0 0 0 180 0 180 0 -180
0 180 0 180 0 -0 0 -180 0.800886 -162.557 0 180 0 180 0 180 0 -0
0 180 0 -0 0 0 1.20859e-13 -14.5663 1.04485e-14 106.855 0 -0 0 -0 0 180 0 -180
0 0 0 -0 0 180 0 -180 2.64235e-13 108.068 0 -0 0 -180 0 180 0 -0
0 -180 0 -180 0 0 3.27844e-13 -124.916 5.13562e-15 103.215 0 -0 0 0 0 0 0 -180
0 0 0 0 0 -180 0 -180 4.06297e-14 107.986 0 -0 0 -180 0 -180 0 0
0 -180 0 0 0 -180 0.001567 -104.719 0.520974 0.0787607 0 -180 0 -180 0 0 0 -180
0 0 0 -180 0 0 0 -0 1.52143 -162.813 0 0 0 0 0 -180 0 0
inside=0 lambda=0.647 phi=40 theta=15
0 180 0 180 0 -180 0.0013913 -122.432 0.150629 -179.658 0 0 0 180 0 180 0 -180
0 180 0 180 0 -0 0 -180 0.849153 -162.588 0 180 0 180 0 180 0 -0
0 180 0 -180 0 0 0.000283883 57.8888 0.179955 -179.862 0 0 0 -0 0 180 0 -180
0 0 0 -0 0 180 0 0 0.180142 16.8996 0 180 0 -180 0 180 0 -0
0 180 0 180 0 -0 0.000605181 -138.329 0.179955 -179.862 0 180 0 0 0 0 0 -180
0 0 0 0 0 -180 0 -0 0.180141 16.9013 0 180 0 180 0 180 0 -0
0 180 0 -0 0 180 0.00123233 -112.32 0.472755 0.0728025 0 180 0 -180 0 0 0 -180
0 0 0 -180 0 0 0 -0 1.47317 -162.804 0 0 0 -0 0 180 0 -0
inside=0 lambda=0.647 phi=40 theta=30
0 180 0 180 0 -180 0.000404711 -136.846 0.0188998 -178.233 0 0 0 180 0 180 0 -180
0 180 0 180 0 -0 0 -180 0.981022 -162.657 0 180 0 0 0 0 0 -0
0 180 0 -180 0 0 0.000118998 44.4233 0.311692 -179.862 0 0 0 -0 0 180 0 -180
0 0 0 -0 0 180 0 0 0.312015 16.9003 0 180 0 -180 0 180 0 -0
0 180 0 180 0 -0 0.000505764 -156.812 0.311692 -179.862 0 180 0 0 0 0 0 -180
0 0 0 0 0 -180 0 -0 0.312014 16.9011 0 180 0 180 0 180 0 -0
0 180 0 -0 0 180 0.00075507 -141.539 0.341018 0.0476809 0 180 0 -180 0 0 0 -180
0 0 0 -180 0 0 0 0 1.3413 -162.775 0 0 0 -0 0 180 0 -0
inside=0 lambda=0.647 phi=40 theta=45
0 180 0 180 0 -180 0 -0 0.161064 -0.0532194 0 0 0 180 0 180 0 -180
0 180 0 0 0 -0 0 -180 1.16116 -162.725 0 180 0 0 0 0 0 -0
0 180 0 -180 0 0 0 180 0.359911 -179.862 0 0 0 -0 0 180 0 -180
0 0 0 -0 0 180 0 0 0.360283 16.9009 0 180 0 -180 0 180 0 -0
0 180 0 180 0 -0 0 -180 0.359911 -179.862 0 180 0 0 0 0 0 -180
0 0 0 0 0 -180 0 -0 0.360283 16.9009 0 180 0 180 0 180 0 -0
0 180 0 -0 0 180 0 180 0.161064 -0.0532194 0 180 0 -180 0 0 0 -180
0 180 0 -180 0 0 0 0 1.16116 -162.725 0 0 0 -0 0 180 0 -0
inside=0 lambda=0.647 phi=45 theta=0
0 0 0 0 0 -180 0.0039413 -166.625 0.999991 126.621 0 0 0 0 0 0 0 -180
0 -180 0 -180 0 0 0 0 0 0 0 -180 0 -180 0 -180 0 0
0 0 0 -180 0 0 2.39992e-15 132.166 2.31854e-15 140.357 0 -0 0 -180 0 0 0 -180
0 -180 0 0 0 -180 0 -180 0 -180 0 0 0 0 0 -180 0 0
0 180 0 180 0 -0 4.15682e-13 172.07 3.31285e-12 138.156 0 180 0 -0 0 -0 0 180
0 180 0 180 0 -0 0 0 0 -0 0 -0 0 -0 0 -0 0 180
0 180 0 -0 0 180 0.00205284 -132.686 0.999998 -26.7587 0 180 0 180 0 -0 0 180
0 180 0 -0 0 180 0 180 0 -0 0 180 0 180 0 -0 0 180
inside=0 lambda=0.647 phi=45 theta=15
0 0 0 0 0 -180 0.0025823 -173.135 0.873637 124.651 0 0 0 0 0 0 0 -180
0 -180 0 -180 0 0 0 0 0 0 0 -180 0 -180 0 -180 0 0
0 0 0 -180 0 0 0.00107171 -0.547416 0.486568 139.931 0 0 0 -180 0 0 0 -180
0 -180 0 0 0 -180 0 -180 0 180 0 -180 0 0 0 -180 0 0
0 180 0 180 0 -0 0.00105853 -178.563 0.486567 139.931 0 0 0 0 0 0 0 -180
0 -180 0 -180 0 0 0 180 0 180 0 -180 0 -0 0 -0 0 180
0 180 0 -0 0 180 0.00139035 -130.934 0.873641 -24.7899 0 180 0 -180 0 0 0 -180
0 -180 0 0 0 -180 0 180 0 -0 0 -180 0 180 0 -0 0 180
inside=0 lambda=0.647 phi=45 theta=30
0 0 0 0 0 -180 0.000790687 -177.617 0.538286 114.608 0 0 0 0 0 0 0 -180
0 -180 0 -180 0 0 0 0 0 0 0 -180 0 -180 0 -180 0 0
0 0 0 -180 0 0 0.000831243 -23.1047 0.842761 139.931 0 0 0 -180 0 0 0 -180
0 -180 0 0 0 -180 0 -180 0 180 0 -180 0 0 0 -180 0 0
0 180 0 180 0 -0 0.000822605 168.501 0.84276 139.931 0 0 0 0 0 0 0 -180
0 -180 0 -180 0 0 0 0 0 180 0 -180 0 -0 0 -0 0 0
0 0 0 -0 0 0 0.000667466 -127.184 0.538287 -14.7475 0 180 0 -180 0 0 0 -180
0 -180 0 0 0 -180 0 -180 0 -0 0 -180 0 180 0 -180 0 0
inside=0 lambda=0.647 phi=45 theta=45
0 0 0 0 0 -180 0 -180 0.230229 49.9304 0 0 0 0 0 0 0 -180
0 -180 0 -180 0 0 0 0 0 0 0 -180 0 -180 0 -180 0 0
0 0 0 -180 0 0 0 0 0.973136 139.93 0 0 0 -180 0 0 0 -180
0 -180 0 0 0 -180 0 -180 0 180 0 -180 0 0 0 -180 0 0
0 0 0 0 0 -180 0 -180 0.973136 139.93 0 0 0 0 0 0 0 -180
0 -180 0 -180 0 0 0 0 0 180 0 -180 0 -180 0 -180 0 0
0 0 0 -180 0 0 0 0 0.230229 49.9304 0 0 0 -180 0 0 0 -180
0 -180 0 0 0 -180 0 -180 0 0 0 -180 0 0 0 -180 0 0
inside=1 lambda=0.647 phi=0 theta=0
0 -180 0 -180 0 -180 0 0 0.185823 -140.38 0 0 0 -180 0 -180 0 -180
0 -0 0 -0 0 -0 0 180 0.814136 -160.169 0 180 0 -0 0 -0 0 -0
0 -180 0 180 0 0 0 180 4.70215e-14 -51.9287 0 180 0 0 0 -0 0 -180
0 -0 0 0 0 180 0 0 9.50112e-14 -70.0636 0 0 0 180 0 -180 0 -0
0 -180 0 180 0 0 0 -0 4.52331e-14 -51.9584 0 180 0 0 0 -0 0 -180
0 -0 0 180 0 180 0 -180 9.14418e-14 -70.0688 0 0 0 180 0 -0 0 -0
0 -180 0 0 0 -180 0 -180 0.185823 -140.38 0 -180 0 -180 0 0 0 -180
0 -0 0 180 0 -0 0 -0 0.814136 -160.169 0 -0 0 -0 0 180 0 -0
inside=1 lambda=0.647 phi=0 theta=15
0 -180 0 -180 0 -180 0 0 0.185823 -140.38 0 0 0 -180 0 -180 0 -180
0 -0 0 -0 0 -0 0 180 0.814136 -160.169 0 180 0 -0 0 -0 0 -0
0 -180 0 180 0 0 0 180 4.70215e-14 -51.9287 0 180 0 0 0 -0 0 -180
0 -0 0 0 0 180 0 0 9.50112e-14 -70.0636 0 0 0 180 0 -180 0 -0
0 -180 0 180 0 0 0 -0 4.52331e-14 -51.9584 0 180 0 0 0 -0 0 -180
0 -0 0 180 0 180 0 -180 9.14418e-14 -70.0688 0 0 0 180 0 -0 0 -0
0 -180 0 0 0 -180 0 -180 0.185823 -140.38 0 -180 0 -180 0 0 0 -180
0 -0 0 180 0 -0 0 -0 0.814136 -160.169 0 -0 0 -0 0 180 0 -0
inside=1 lambda=0.647 phi=0 theta=30
0 -180 0 -180 0 -180 0 0 0.185823 -140.38 0 0 0 -180 0 -180 0 -180
0 -0 0 -0 0 -0 0 180 0.814136 -160.169 0 180 0 -0 0 -0 0 -0
0 -180 0 180 0 0 0 180 4.70215e-14 -51.9287 0 180 0 0 0 -0 0 -180
0 -0 0 0 0 180 0 0 9.50112e-14 -70.0636 0 0 0 180 0 -180 0 -0
0 -180 0 180 0 0 0 -0 4.52331e-14 -51.9584 0 180 0 0 0 -0 0 -180
0 -0 0 180 0 180 0 -180 9.14418e-14 -70.0688 0 0 0 180 0 -0 0 -0
0 -180 0 0 0 -180 0 -180 0.185823 -140.38 0 -180 0 -180 0 0 0 -180
0 -0 0 180 0 -0 0 -0 0.814136 -160.169 0 -0 0 -0 0 180 0 -0
inside=1 lambda=0.647 phi=0 theta=45
0 -180 0 -180 0 -180 0 0 0.185823 -140.38 0 0 0 -180 0 -180 0 -180
0 -0 0 -0 0 -0 0 180 0.814136 -160.169 0 180 0 -0 0 -0 0 -0
0 -180 0 180 0 0 0 180 4.70215e-14 -51.9287 0 180 0 0 0 -0 0 -180
0 -0 0 0 0 180 0 0 9.50112e-14 -70.0636 0 0 0 180 0 -180 0 -0
0 -180 0 180 0 0 0 -0 4.52331e-14 -51.9584 0 180 0 0 0 -0 0 -180
0 -0 0 180 0 180 0 -180 9.14418e-14 -70.0688 0 0 0 180 0 -0 0 -0
0 -180 0 0 0 -180 0 -180 0.185823 -140.38 0 -180 0 -180 0 0 0 -180
0 -0 0 180 0 -0 0 -0 0.814136 -160.169 0 -0 0 -0 0 180 0 -0
inside=1 lambda=0.647 phi=5 theta=0
0 -180 0 -180 0 -180 0 0 0.184858 -144.631 0 0 0 -180 0 -180 0 -180
0 0 0 -0 0 -0 0 180 0.815109 -162.297 0 180 0 0 0 -0 0 -0
0 -180 0 -0 0 0 0 180 5.9585e-15 -56.2473 0 -0 0 0 0 180 0 -180
0 0 0 -0 0 180 0 0 1.21132e-14 -72.5615 0 -180 0 -180 0 180 0 -0
0 -180 0 -180 0 0 0 -0 9.35877e-14 -55.9261 0 180 0 0 0 0 0 -180
0 -0 0 -0 0 180 0 -180 1.90733e-13 -72.2396 0 0 0 180 0 180 0 -0
0 -180 0 0 0 -180 0 -180 0.186807 -144.633 0 -180 0 -180 0 0 0 -180
0 -0 0 180 0 -0 0 -0 0.81316 -162.297 0 -0 0 -0 0 180 0 -0
inside=1 lambda=0.647 phi=5 theta=15
0 -180 0 -180 0 -180 0 0 0.184989 -144.631 0 0 0 -180 0 -180 0 -180
0 0 0 -0 0 -0 0 180 0.814978 -162.297 0 180 0 0 0 -0 0 -0
0 -180 0 -0 0 0 0 -180 0.000487217 35.2009 0 0 0 0 0 180 0 -180
0 0 0 -0 0 180 0 -0 0.000487346 -161.98 0 180 0 -180 0 180 0 -0
0 -180 0 -180 0 0 0 -0 0.000487217 35.2009 0 180 0 0 0 0 0 -180
0 -0 0 -0 0 180 0 -0 0.000487346 -161.98 0 180 0 180 0 180 0 -0
0 -180 0 0 0 -180 0 -180 0.186676 -144.633 0 -180 0 -180 0 0 0 -180
0 -0 0 180 0 -0 0 -0 0.81329 -162.297 0 -0 0 -0 0 180 0 -0
inside=1 lambda=0.647 phi=5 theta=30
0 -180 0 -180 0 -180 0 0 0.185345 -144.632 0 0 0 -180 0 -180 0 -180
0 0 0 -0 0 -0 0 180 0.814622 -162.297 0 180 0 0 0 -0 0 -0
0 -180 0 -0 0 0 0 -180 0.000843884 35.2009 0 0 0 0 0 180 0 -180
0 0 0 -0 0 180 0 -0 0.000844107 -161.98 0 180 0 -180 0 180 0 -0
0 -180 0 -180 0 0 0 -0 0.000843885 35.2009 0 180 0 0 0 0 0 -180
0 -0 0 -0 0 180 0 -0 0.000844107 -161.98 0 180 0 180 0 180 0 -0
0 -180 0 0 0 -180 0 -180 0.18632 -144.633 0 -180 0 -180 0 0 0 -180
0 -0 0 180 0 0 0 -0 0.813647 -162.297 0 -0 0 -0 0 180 0 -0
inside=1 lambda=0.647 phi=5 theta=45
0 -180 0 -180 0 -180 0 0 0.185833 -144.632 0 0 0 -180 0 -180 0 -180
0 0 0 -0 0 -0 0 180 0.814134 -162.297 0 180 0 0 0 -0 0 -0
0 -180 0 -0 0 0 0 -180 0.000974434 35.2009 0 0 0 0 0 180 0 -180
0 -0 0 -0 0 180 0 -0 0.000974691 -161.98 0 180 0 180 0 180 0 -0
0 -180 0 -180 0 0 0 -0 0.000974434 35.2009 0 180 0 0 0 0 0 -180
0 -0 0 -0 0 180 0 -0 0.000974691 -161.98 0 180 0 180 0 180 0 -0
0 -180 0 0 0 -180 0 -180 0.185833 -144.632 0 -180 0 -180 0 0 0 -180
0 0 0 180 0 0 0 -0 0.814134 -162.297 0 -0 0 -0 0 180 0 -0
inside=1 lambda=0.647 phi=10 theta=0
0 180 0 -180 0 -180 0 0 0.181918 -157.352 0 0 0 180 0 -180 0 -180
0 0 0 -0 0 -0 0 180 0.818069 -168.663 0 180 0 0 0 -0 0 -0
0 180 0 -0 0 0 0 180 1.19698e-15 112.461 0 180 0 -0 0 180 0 -180
0 0 0 -0 0 180 0 0 2.47962e-15 101.842 0 0 0 -180 0 180 0 -0
0 -180 0 -180 0 0 0 180 8.24478e-16 -69.6308 0 -0 0 0 0 0 0 -180
0 -0 0 -0 0 180 0 0 1.70985e-15 -81.2794 0 -180 0 180 0 180 0 -0
0 -180 0 0 0 -180 0 -180 0.189787 -157.359 0 -180 0 -180 0 0 0 -180
0 -0 0 180 0 -0 0 -0 0.810199 -168.666 0 -0 0 -0 0 180 0 -0
inside=1 lambda=0.647 phi=10 theta=15
0 180 0 -180 0 -180 0 0 0.182445 -157.353 0 0 0 180 0 -180 0 -180
0 0 0 -0 0 -0 0 180 0.817541 -168.664 0 180 0 0 0 -0 0 -0
0 180 0 -0 0 0 0 -180 0.0019673 22.489 0 0 0 -0 0 180 0 -180
0 0 0 -0 0 180 0 -0 0.00196753 -168.354 0 180 0 -180 0 180 0 -0
0 -180 0 -180 0 0 0 -0 0.0019673 22.489 0 180 0 0 0 0 0 -180
0 -0 0 -0 0 180 0 -0 0.00196753 -168.354 0 180 0 180 0 180 0 -0
0 -180 0 0 0 -180 0 -180 0.18926 -157.358 0 -180 0 -180 0 0 0 -180
0 -0 0 180 0 -0 0 -0 0.810726 -168.666 0 -0 0 -0 0 180 0 -0
inside=1 lambda=0.647 phi=10 theta=30
0 180 0 -180 0 -180 0 0 0.183885 -157.354 0 0 0 180 0 -180 0 -180
0 0 0 -0 0 -0 0 180 0.816101 -168.664 0 180 0 0 0 -0 0 -0
0 -180 0 -0 0 0 0 -180 0.00340746 22.489 0 0 0 -0 0 180 0 -180
0 0 0 -0 0 180 0 -0 0.00340786 -168.354 0 180 0 -180 0 180 0 -0
0 -180 0 -180 0 0 0 -0 0.00340746 22.489 0 180 0 0 0 0 0 -180
0 -0 0 -0 0 180 0 -0 0.00340786 -168.354 0 180 0 180 0 180 0 -0
0 -180 0 0 0 -180 0 -180 0.18782 -157.357 0 -180 0 -180 0 0 0 -180
0 0 0 180 0 0 0 -0 0.812166 -168.666 0 -0 0 -0 0 180 0 -0
inside=1 lambda=0.647 phi=10 theta=45
0 -180 0 -180 0 -180 0 0 0.185852 -157.356 0 0 0 180 0 -180 0 -180
0 0 0 -0 0 -0 0 180 0.814134 -168.665 0 180 0 0 0 -0 0 -0
0 -180 0 -0 0 0 0 -180 0.0039346 22.489 0 0 0 0 0 180 0 -180
0 -0 0 -0 0 180 0 -0 0.00393506 -168.354 0 180 0 -180 0 180 0 -0
0 -180 0 -180 0 0 0 -0 0.0039346 22.489 0 180 0 0 0 0 0 -180
0 -0 0 -0 0 -180 0 -0 0.00393506 -168.354 0 180 0 180 0 180 0 -0
0 -180 0 0 0 180 0 -180 0.185852 -157.356 0 -180 0 -180 0 0 0 -180
0 0 0 180 0 0 0 -0 0.814134 -168.665 0 -0 0 -0 0 180 0 -0
inside=1 lambda=0.647 phi=15 theta=0
0 180 0 -180 0 -180 0 0 0.176864 -178.444 0 0 0 180 0 -180 0 -180
0 0 0 -0 0 -0 0 180 0.823135 -179.22 0 180 0 0 0 -0 0 -0
0 180 0 -0 0 0 0 -0 4.68209e-15 91.5182 0 -0 0 -0 0 180 0 -180
0 0 0 -180 0 180 0 -180 1.0119e-14 90.7827 0 -180 0 -180 0 0 0 -0
0 -180 0 -180 0 0 0 180 4.3408e-15 91.5684 0 -0 0 0 0 0 0 -180
0 -0 0 -0 0 180 0 0 9.61934e-15 91.0165 0 -180 0 180 0 180 0 -0
0 -180 0 0 0 -180 0 -180 0.194848 -178.457 0 -180 0 -180 0 0 0 -180
0 -0 0 180 0 -0 0 -0 0.805152 -179.227 0 -0 0 -0 0 180 0 -0
inside=1 lambda=0.647 phi=15 theta=15
0 180 0 -180 0 -180 0 0 0.178069 -178.445 0 0 0 180 0 -180 0 -180
0 0 0 -0 0 -0 0 180 0.821931 -179.221 0 180 0 0 0 -0 0 -0
0 180 0 -0 0 0 0 -180 0.0044959 1.4154 0 0 0 -0 0 180 0 -180
0 0 0 -180 0 180 0 -0 0.00449597 -178.925 0 180 0 -180 0 0 0 -0
0 -180 0 -180 0 0 0 -0 0.0044959 1.41543 0 180 0 0 0 0 0 -180
0 -0 0 -0 0 180 0 -180 0.00449597 -178.925 0 0 0 180 0 180 0 -0
0 -180 0 0 0 -180 0 -180 0.193643 -178.456 0 -180 0 -180 0 0 0 -180
0 -0 0 180 0 -0 0 -0 0.806356 -179.227 0 -0 0 -0 0 180 0 -0
inside=1 lambda=0.647 phi=15 theta=30
0 180 0 -180 0 -180 0 0 0.18136 -178.448 0 0 0 180 0 -180 0 -180
0 0 0 -0 0 -0 0 180 0.818639 -179.222 0 180 0 0 0 -0 0 -0
0 180 0 -0 0 0 0 -180 0.00778713 1.41541 0 0 0 -0 0 180 0 -180
0 0 0 -180 0 180 0 -0 0.00778724 -178.925 0 180 0 -180 0 0 0 -0
0 -180 0 -180 0 0 0 -0 0.00778713 1.41542 0 180 0 0 0 0 0 -180
0 -0 0 -0 0 180 0 -180 0.00778724 -178.925 0 0 0 180 0 180 0 -0
0 -180 0 0 0 180 0 -180 0.190352 -178.454 0 -180 0 -180 0 0 0 -180
0 -0 0 180 0 0 0 -0 0.809648 -179.225 0 -0 0 -0 0 180 0 -0
inside=1 lambda=0.647 phi=15 theta=45
0 180 0 -180 0 -180 0 0 0.185856 -178.451 0 0 0 180 0 -180 0 -180
0 0 0 -0 0 -0 0 180 0.814144 -179.224 0 180 0 0 0 -0 0 -0
0 -180 0 -0 0 0 0 -180 0.00899181 1.41542 0 0 0 -0 0 180 0 -180
0 -0 0 -180 0 180 0 -0 0.00899193 -178.925 0 180 0 -180 0 0 0 -0
0 -180 0 -180 0 -0 0 -0 0.00899181 1.41542 0 180 0 0 0 0 0 -180
0 -0 0 -0 0 -180 0 -180 0.00899193 -178.925 0 0 0 180 0 180 0 -0
0 180 0 0 0 180 0 -180 0.185856 -178.451 0 -180 0 -180 0 0 0 -180
0 0 0 180 0 0 0 -0 0.814144 -179.224 0 -0 0 -0 0 180 0 -0
inside=1 lambda=0.647 phi=20 theta=0
0 180 0 -180 0 -180 0 0 0.169465 152.25 0 0 0 180 0 -180 0 -180
0 0 0 -0 0 -0 0 180 0.830519 166.113 0 180 0 0 0 -0 0 -0
0 180 0 -0 0 0 0 180 2.38876e-15 60.6948 0 -0 0 -0 0 180 0 -180
0 0 0 -180 0 180 0 180 5.53645e-15 75.5789 0 -180 0 -180 0 0 0 -0
0 -180 0 -180 0 0 0 180 2.1544e-15 59.0171 0 180 0 0 0 0 0 -180
0 -0 0 -0 0 180 0 0 5.31617e-15 74.9618 0 0 0 180 0 180 0 -0
0 -180 0 0 0 -180 0 -180 0.202132 152.232 0 -180 0 -180 0 0 0 -180
0 -0 0 180 0 -0 0 -0 0.797846 166.101 0 -0 0 -0 0 180 0 -0
inside=1 lambda=0.647 phi=20 theta=15
0 180 0 -180 0 -180 0 0 0.171653 152.248 0 0 0 180 0 -180 0 -180
0 0 0 -0 0 -0 0 180 0.828331 166.112 0 180 0 0 0 -0 0 -0
0 180 0 -0 0 0 0 -180 0.00816674 -27.8614 0 0 0 -0 0 180 0 -180
0 0 0 -180 0 180 0 -0 0.00816833 166.388 0 180 0 -180 0 0 0 -0
0 -180 0 -180 0 0 0 -0 0.00816674 -27.8614 0 0 0 0 0 0 0 -180
0 -0 0 -0 0 180 0 -180 0.00816833 166.388 0 0 0 180 0 180 0 -0
0 -180 0 0 0 -180 0 -180 0.199944 152.233 0 -180 0 -180 0 0 0 -180
0 -0 0 180 0 -0 0 -0 0.800035 166.102 0 -0 0 -0 0 180 0 -0
inside=1 lambda=0.647 phi=20 theta=30
0 180 0 -180 0 -180 0 0 0.177632 152.245 0 0 0 180 0 -180 0 -180
0 0 0 -0 0 -0 0 180 0.822351 166.11 0 180 0 0 0 -0 0 -0
0 180 0 -0 0 0 0 -180 0.0141452 -27.8614 0 0 0 -0 0 180 0 -180
0 -0 0 -180 0 180 0 -0 0.014148 166.388 0 180 0 -180 0 0 0 -0
0 -180 0 -180 0 0 0 -0 0.0141452 -27.8614 0 0 0 0 0 0 0 -180
0 -0 0 -0 0 180 0 -180 0.014148 166.388 0 0 0 180 0 180 0 -0
0 -180 0 0 0 180 0 -180 0.193965 152.236 0 -180 0 -180 0 0 0 -180
0 -0 0 180 0 0 0 -0 0.806015 166.104 0 -0 0 -0 0 180 0 -0
inside=1 lambda=0.647 phi=20 theta=45
0 180 0 -180 0 -180 0 0 0.185799 152.24 0 0 0 180 0 -180 0 -180
0 0 0 -0 0 -0 0 180 0.814183 166.107 0 180 0 0 0 -0 0 -0
0 180 0 -0 0 0 0 -180 0.0163335 -27.8614 0 0 0 -0 0 0 0 -180
0 -0 0 -180 0 180 0 -0 0.0163367 166.388 0 180 0 180 0 0 0 -0
0 180 0 -180 0 -0 0 -0 0.0163335 -27.8614 0 0 0 0 0 0 0 -180
0 -0 0 -0 0 180 0 -180 0.0163367 166.388 0 0 0 180 0 180 0 -0
0 180 0 0 0 180 0 -180 0.185799 152.24 0 -180 0 -180 0 0 0 -180
0 0 0 180 0 0 0 -0 0.814183 166.107 0 -0 0 -0 0 180 0 -0
inside=1 lambda=0.647 phi=25 theta=0
0 180 0 180 0 -180 0 0 0.1594 114.94 0 0 0 180 0 180 0 -180
0 0 0 -0 0 -180 0 180 0.840531 147.447 0 0 0 0 0 -0 0 -180
0 180 0 -180 0 0 0 -0 2.79283e-15 19.379 0 -0 0 -0 0 0 0 -180
0 -0 0 -180 0 0 0 -180 6.81221e-15 57.9051 0 -180 0 180 0 0 0 -180
0 -180 0 -180 0 0 0 -0 3.5251e-15 -160.942 0 -0 0 0 0 0 0 -180
0 -0 0 -0 0 180 0 -180 9.207e-15 -122.323 0 -180 0 180 0 180 0 -0
0 -180 0 0 0 -180 0 -180 0.211856 114.92 0 -180 0 -180 0 0 0 -180
0 -0 0 180 0 -0 0 -0 0.788027 147.43 0 -0 0 -0 0 180 0 -0
inside=1 lambda=0.647 phi=25 theta=15
0 180 0 -180 0 -180 0 0 0.162914 114.938 0 0 0 180 0 -180 0 -180
0 0 0 -0 0 -180 0 180 0.837013 147.446 0 0 0 0 0 -0 0 -180
0 180 0 -180 0 0 0 -180 0.0131141 -65.1399 0 0 0 -0 0 0 0 -180
0 -0 0 -180 0 0 0 -0 0.0131261 147.704 0 0 0 180 0 0 0 -180
0 -180 0 -180 0 0 0 -180 0.0131141 -65.1399 0 0 0 0 0 0 0 -180
0 -0 0 -0 0 180 0 -180 0.0131261 147.704 0 0 0 180 0 180 0 -0
0 -180 0 0 0 -180 0 -180 0.208342 114.921 0 -180 0 -180 0 0 0 -180
0 -0 0 180 0 -0 0 -0 0.791544 147.431 0 -0 0 -0 0 180 0 -0
inside=1 lambda=0.647 phi=25 theta=30
0 180 0 -180 0 -180 0 0 0.172514 114.934 0 0 0 180 0 -180 0 -180
0 0 0 -0 0 -180 0 180 0.827405 147.443 0 0 0 0 0 -0 0 -180
0 180 0 -180 0 0 0 -180 0.0227143 -65.1399 0 0 0 -0 0 0 0 -180
0 -0 0 -180 0 0 0 -0 0.0227351 147.704 0 0 0 180 0 0 0 -180
0 -180 0 -180 0 0 0 -180 0.0227143 -65.1399 0 0 0 0 0 0 0 -180
0 -0 0 -0 0 180 0 -180 0.0227351 147.704 0 0 0 180 0 180 0 -0
0 -180 0 0 0 180 0 -180 0.198742 114.924 0 -180 0 -180 0 0 0 -180
0 -0 0 180 0 -0 0 -0 0.801153 147.435 0 -0 0 -0 0 180 0 -0
inside=1 lambda=0.647 phi=25 theta=45
0 180 0 -180 0 -180 0 0 0.185628 114.929 0 0 0 180 0 -180 0 -180
0 -0 0 -0 0 -180 0 180 0.814279 147.439 0 0 0 0 0 -0 0 -180
0 180 0 -180 0 0 0 -180 0.0262282 -65.1399 0 0 0 -0 0 0 0 -180
0 -0 0 -180 0 180 0 -0 0.0262522 147.704 0 180 0 180 0 0 0 -0
0 180 0 -180 0 -0 0 -180 0.0262282 -65.1399 0 0 0 0 0 0 0 -180
0 -0 0 -0 0 180 0 -180 0.0262522 147.704 0 0 0 180 0 180 0 -0
0 180 0 0 0 180 0 -180 0.185628 114.929 0 -180 0 -180 0 0 0 -180
0 -0 0 180 0 0 0 -0 0.814279 147.439 0 -0 0 -180 0 0 0 -180
inside=1 lambda=0.647 phi=30 theta=0
0 180 0 180 0 -180 0 -0 0.146274 69.8921 0 0 0 180 0 180 0 -180
0 0 0 -0 0 -180 0 180 0.853599 124.926 0 0 0 0 0 -0 0 -180
0 180 0 -180 0 0 0 180 8.64642e-15 146.19 0 0 0 -0 0 0 0 -180
0 -0 0 -180 0 0 0 0 2.06032e-14 -144.389 0 0 0 180 0 0 0 -180
0 -180 0 -180 0 0 0 -0 4.32192e-14 -33.8936 0 180 0 0 0 0 0 -180
0 -0 0 -0 0 180 0 -180 1.12879e-13 36.0449 0 0 0 180 0 180 0 -0
0 -180 0 0 0 -180 0 -180 0.224373 69.8666 0 -180 0 -180 0 0 0 -180
0 -0 0 180 0 -0 0 -180 0.775332 124.901 0 -0 0 -0 0 180 0 -0
inside=1 lambda=0.647 phi=30 theta=15
0 180 0 180 0 -180 0 -0 0.151506 69.8896 0 0 0 180 0 180 0 -180
0 -0 0 -0 0 -180 0 180 0.848356 124.925 0 0 0 0 0 -0 0 -180
0 180 0 -180 0 0 0 -180 0.0195248 -110.182 0 0 0 -0 0 0 0 -180
0 -0 0 -180 0 0 0 -0 0.0195669 125.173 0 0 0 180 0 0 0 -180
0 -180 0 -180 0 0 0 -180 0.0195248 -110.181 0 180 0 0 0 0 0 -180
0 -0 0 -0 0 180 0 -180 0.0195669 125.173 0 0 0 0 0 0 0 -180
0 -180 0 0 0 -180 0 -180 0.219142 69.8678 0 -180 0 -180 0 0 0 -180
0 -0 0 180 0 -0 0 -180 0.780575 124.903 0 -0 0 -180 0 0 0 -180
inside=1 lambda=0.647 phi=30 theta=30
0 180 0 -180 0 -180 0 -0 0.165799 69.8835 0 0 0 180 0 180 0 -180
0 -0 0 -0 0 -180 0 180 0.834032 124.92 0 0 0 0 0 -0 0 -180
0 180 0 -180 0 0 0 -180 0.033818 -110.182 0 0 0 -0 0 0 0 -180
0 -0 0 -180 0 0 0 -0 0.0338909 125.173 0 0 0 180 0 0 0 -180
0 -180 0 -180 0 -0 0 -180 0.033818 -110.182 0 180 0 0 0 0 0 -180
0 -0 0 -0 0 180 0 -180 0.0338909 125.173 0 0 0 0 0 0 0 -180
0 180 0 0 0 180 0 -180 0.204849 69.8712 0 -180 0 -180 0 0 0 -180
0 -0 0 180 0 -0 0 -180 0.794899 124.908 0 -0 0 -180 0 0 0 -180
inside=1 lambda=0.647 phi=30 theta=45
0 180 0 -180 0 -180 0 0 0.185324 69.8767 0 0 0 180 0 -180 0 -180
0 -0 0 -0 0 -180 0 180 0.814465 124.914 0 0 0 -0 0 -0 0 -180
0 180 0 -180 0 0 0 -180 0.0390497 -110.182 0 0 0 -0 0 180 0 -180
0 -0 0 -180 0 0 0 -0 0.0391338 125.173 0 0 0 180 0 0 0 -180
0 180 0 -180 0 -0 0 -180 0.0390497 -110.182 0 180 0 0 0 0 0 -180
0 -0 0 -0 0 180 0 -180 0.0391338 125.173 0 0 0 0 0 0 0 -180
0 180 0 0 0 180 0 -180 0.185324 69.8767 0 -180 0 -180 0 0 0 -180
0 -0 0 180 0 -0 0 -0 0.814465 124.914 0 -0 0 -180 0 0 0 -180
inside=1 lambda=0.647 phi=35 theta=0
0 180 0 180 0 -180 0 -0 0.129576 17.4525 0 0 0 180 0 180 0 -180
0 -0 0 -0 0 -180 0 180 0.870312 98.7219 0 0 0 -0 0 -0 0 -180
0 180 0 -0 0 0 0 180 5.68659e-14 88.7883 0 -0 0 -0 0 180 0 -180
0 -0 0 -180 0 0 0 -0 1.16332e-13 -170.395 0 -180 0 180 0 0 0 -180
0 -180 0 -180 0 0 0 -0 7.30564e-14 88.7529 0 -0 0 0 0 0 0 -180
0 -180 0 -180 0 0 0 180 1.7102e-13 -169.628 0 180 0 0 0 0 0 -180
0 -180 0 0 0 -180 0 -180 0.240269 17.3909 0 -180 0 -180 0 0 0 -180
0 -180 0 0 0 -180 0 -180 0.75926 98.6849 0 -180 0 -180 0 0 0 -180
inside=1 lambda=0.647 phi=35 theta=15
0 180 0 180 0 -180 0 -0 0.136991 17.4453 0 0 0 180 0 180 0 -180
0 -0 0 -0 0 -180 0 180 0.862873 98.7197 0 0 0 -0 0 -0 0 -180
0 180 0 -0 0 0 0 -180 0.0276734 -162.682 0 0 0 -0 0 180 0 -180
0 -0 0 -180 0 0 0 -0 0.0277633 98.9756 0 0 0 180 0 0 0 -180
0 -180 0 -180 0 -0 0 -0 0.0276734 -162.682 0 180 0 0 0 0 0 -180
0 -0 0 -180 0 180 0 -180 0.0277633 98.9754 0 0 0 0 0 0 0 -180
0 -180 0 0 0 180 0 -180 0.232854 17.3931 0 -180 0 -180 0 0 0 -180
0 -0 0 0 0 -0 0 -180 0.766699 98.6877 0 -180 0 -180 0 0 0 -180
inside=1 lambda=0.647 phi=35 theta=30
0 180 0 180 0 -180 0 -0 0.157249 17.4289 0 0 0 180 0 180 0 -180
0 -0 0 -0 0 -180 0 180 0.842549 98.7136 0 0 0 -0 0 -0 0 -180
0 180 0 -0 0 0 0 -180 0.0479317 -162.682 0 0 0 -0 0 180 0 -180
0 -0 0 -180 0 0 0 -0 0.0480875 98.9755 0 0 0 180 0 0 0 -180
0 180 0 -180 0 -0 0 -0 0.0479317 -162.682 0 180 0 0 0 0 0 -180
0 -0 0 -180 0 180 0 -180 0.0480875 98.9754 0 0 0 0 0 0 0 -180
0 180 0 -0 0 180 0 -180 0.212596 17.4002 0 -180 0 -180 0 0 0 -180
0 -0 0 180 0 -0 0 -180 0.787023 98.6951 0 -180 0 -180 0 0 0 -180
inside=1 lambda=0.647 phi=35 theta=45
0 180 0 -180 0 -180 0 -0 0.184922 17.4124 0 0 0 180 0 180 0 -180
0 -0 0 -180 0 -180 0 180 0.814786 98.7047 0 0 0 -0 0 -0 0 -180
0 180 0 -0 0 0 0 -180 0.0553468 -162.682 0 0 0 -0 0 180 0 -180
0 -0 0 -180 0 0 0 -0 0.0555266 98.9755 0 0 0 180 0 0 0 -180
0 180 0 -180 0 -0 0 -0 0.0553468 -162.682 0 180 0 0 0 0 0 -180
0 -0 0 -0 0 180 0 -180 0.0555266 98.9755 0 0 0 0 0 0 0 -180
0 180 0 -0 0 180 0 -180 0.184922 17.4124 0 180 0 -180 0 0 0 -180
0 -0 0 180 0 -0 0 -180 0.814786 98.7047 0 -0 0 -180 0 0 0 -180
inside=1 lambda=0.647 phi=40 theta=0
0 180 0 180 0 -180 0 -0 0.108509 -41.9286 0 0 0 180 0 180 0 -180
0 -0 0 -0 0 180 0 180 0.891483 69.0364 0 -0 0 -0 0 -0 0 180
0 180 0 -0 0 0 0 180 2.61218e-14 -147.25 0 -0 0 -0 0 180 0 -180
0 -0 0 180 0 -0 0 -0 4.50892e-14 -20.2537 0 180 0 180 0 -0 0 180
0 -180 0 -180 0 0 0 180 2.38421e-14 -147.171 0 -0 0 0 0 0 0 -180
0 -180 0 -180 0 0 0 -0 5.00043e-14 -19.1632 0 180 0 0 0 0 0 -180
0 -180 0 0 0 -180 0 -180 0.260398 -42.0872 0 -180 0 -180 0 0 0 -180
0 -180 0 0 0 -180 0 -180 0.739133 68.9815 0 -180 0 -180 0 0 0 -180
inside=1 lambda=0.647 phi=40 theta=15
0 180 0 180 0 -180 0 -0 0.118684 -41.952 0 0 0 180 0 180 0 -180
0 -0 0 -0 0 180 0 180 0.881278 69.0333 0 -0 0 -0 0 -0 0 180
0 180 0 -0 0 0 0 180 0.0379724 137.799 0 0 0 -0 0 180 0 -180
0 -0 0 180 0 -0 0 -180 0.0380881 69.3036 0 -0 0 180 0 -0 0 180
0 180 0 180 0 -0 0 -0 0.0379724 137.799 0 180 0 0 0 0 0 -180
0 -180 0 -180 0 0 0 180 0.038088 69.3034 0 -0 0 0 0 0 0 -180
0 180 0 -0 0 180 0 -180 0.250224 -42.0827 0 180 0 -180 0 0 0 -180
0 -180 0 0 0 -0 0 -180 0.749339 68.9858 0 -180 0 -180 0 0 0 -180
inside=1 lambda=0.647 phi=40 theta=30
0 180 0 180 0 -180 0 -0 0.146482 -41.9992 0 0 0 180 0 180 0 -180
0 -0 0 -180 0 180 0 180 0.853396 69.0245 0 -0 0 -0 0 -0 0 180
0 180 0 -0 0 0 0 180 0.0657702 137.799 0 0 0 -0 0 180 0 -180
0 -0 0 180 0 0 0 -180 0.0659705 69.3035 0 0 0 180 0 -0 0 -180
0 180 0 180 0 -0 0 -0 0.0657702 137.799 0 180 0 0 0 0 0 -180
0 -180 0 -180 0 180 0 180 0.0659704 69.3034 0 -0 0 0 0 0 0 -180
0 180 0 -0 0 180 0 -180 0.222426 -42.0679 0 180 0 -180 0 0 0 -180
0 -0 0 0 0 -0 0 -180 0.77722 68.9972 0 -180 0 -180 0 0 0 -180
inside=1 lambda=0.647 phi=40 theta=45
0 180 0 180 0 -180 0 -0 0.184454 -42.0407 0 0 0 180 0 180 0 -180
0 -0 0 -180 0 180 0 180 0.815308 69.0115 0 0 0 -0 0 -180 0 180
0 180 0 -0 0 0 0 180 0.0759448 137.799 0 0 0 -0 0 180 0 -180
0 -0 0 180 0 0 0 -180 0.0761761 69.3034 0 0 0 180 0 -0 0 -180
0 180 0 180 0 -0 0 -0 0.0759448 137.799 0 180 0 0 0 0 0 -180
0 -0 0 -180 0 180 0 180 0.0761761 69.3034 0 -0 0 0 0 0 0 -180
0 180 0 -0 0 180 0 180 0.184454 -42.0407 0 180 0 -180 0 0 0 -180
0 -0 0 180 0 -0 0 -180 0.815308 69.0115 0 -180 0 180 0 0 0 180
inside=1 lambda=0.647 phi=45 theta=0
0 180 0 180 0 -180 0 -0 0.0818258 -107.754 0 0 0 180 0 180 0 -180
0 -0 0 -180 0 180 9.45154e-05 -17.9771 0.918223 36.0975 0 -0 0 -0 0 -180 0 180
0 180 0 -0 0 0 0 -0 7.01196e-15 -24.1843 0 180 0 -0 0 180 0 -180
0 -180 0 180 0 -0 1.5511e-17 95.2022 1.14336e-14 126.069 0 -0 0 0 0 -0 0 180
0 -180 0 -180 0 -0 0 -0 2.43259e-14 -25.1727 0 -0 0 0 0 0 0 180
0 -180 0 -180 0 0 4.91513e-15 43.8399 5.16687e-14 125.921 0 180 0 0 0 0 0 -180
0 -180 0 0 0 180 0 -180 0.285687 -108.029 0 -180 0 -180 0 0 0 180
0 -180 0 0 0 -180 0.000592327 173.539 0.714101 36.0232 0 -180 0 -180 0 0 0 -180
inside=1 lambda=0.647 phi=45 theta=15
0 180 0 180 0 -180 0 -0 0.0954817 -107.809 0 0 0 180 0 180 0 -180
0 -0 0 -180 0 180 0 0 0.90455 36.0936 0 -0 0 -0 0 -180 0 180
0 180 0 -0 0 0 0 180 0.0509655 71.8599 0 0 0 -0 0 180 0 -180
0 -180 0 180 0 -0 0 -180 0.0510312 36.3586 0 -0 0 180 0 -0 0 180
0 180 0 180 0 -0 0 -0 0.0509655 71.8601 0 180 0 0 0 0 0 -180
0 -180 0 -180 0 0 0 180 0.0510312 36.3583 0 -0 0 -0 0 -0 0 180
0 180 0 -0 0 180 0 -180 0.27203 -108.024 0 180 0 -180 0 0 0 -180
0 -180 0 0 0 -180 0 180 0.727775 36.0295 0 -180 0 180 0 -0 0 180
inside=1 lambda=0.647 phi=45 theta=30
0 180 0 180 0 -180 0 -0 0.132791 -107.902 0 0 0 180 0 180 0 -180
0 -0 0 -180 0 180 0 0 0.867193 36.0822 0 -0 0 -0 0 -180 0 180
0 180 0 -0 0 0 0 180 0.0882749 71.8599 0 0 0 -0 0 180 0 -180
0 -180 0 180 0 -0 0 -180 0.0883886 36.3584 0 -0 0 180 0 -0 0 180
0 180 0 180 0 -0 0 -0 0.0882749 71.8601 0 180 0 0 0 0 0 -180
0 -180 0 -180 0 0 0 180 0.0883886 36.3583 0 -0 0 -0 0 -0 0 180
0 180 0 -0 0 180 0 -180 0.234721 -108.005 0 180 0 -180 0 0 0 -180
0 -180 0 0 0 -0 0 -180 0.765132 36.0455 0 -180 0 180 0 -0 0 180
inside=1 lambda=0.647 phi=45 theta=45
0 180 0 180 0 -180 0 -0 0.183756 -107.968 0 0 0 180 0 180 0 -180
0 -180 0 -180 0 180 0 0 0.816162 36.065 0 -0 0 -0 0 -180 0 180
0 180 0 -0 0 0 0 180 0.101931 71.86 0 0 0 -0 0 180 0 -180
0 -180 0 180 0 -0 0 -180 0.102062 36.3583 0 -0 0 0 0 -0 0 180
0 180 0 180 0 -0 0 -0 0.101931 71.86 0 180 0 0 0 0 0 -180
0 -180 0 -180 0 0 0 180 0.102062 36.3583 0 -0 0 -0 0 -0 0 180
0 180 0 -0 0 180 0 180 0.183756 -107.968 0 180 0 -180 0 0 0 -180
0 -180 0 0 0 -0 0 -180 0.816162 36.065 0 -180 0 180 0 -0 0 180
