RSoft_BSDF_File_Version 2
1 0 5 2 1 1.28
0.3 0.3
-1 1
-1 1
1 0.647 0.647
10 0 45 0.5
4 0 45
Begin_Dispersion_Data
0.647 1.45662 0 1 0 0
End_Dispersion_Data
inside=0 lambda=0.647 phi=0 theta=0
0 -180 0 -180 0 -180 0 0 0.153487 14.5028 0 0 0 -180 0 -180 0 -180
0 -180 0 -180 0 -180 0 0 1.1926 43.8 0 0 0 -180 0 -180 0 -180
0 -180 0 -180 0 0 0 -180 1.59461e-13 13.756 0 -0 0 0 0 -180 0 -180
0 -180 0 0 0 0 0 -0 2.98432e-12 123.013 0 -0 0 0 0 180 0 -180
0 -180 0 180 0 0 0 180 5.92792e-13 -169.154 0 180 0 0 0 -0 0 -180
0 -180 0 -0 0 0 0 180 3.97192e-12 128.016 0 180 0 0 0 -0 0 -180
0 -180 0 0 0 -180 0 -180 0.153487 14.5028 0 -180 0 -180 0 0 0 -180
0 -180 0 0 0 -180 0 -180 1.1926 43.8 0 -180 0 -180 0 0 0 -180
inside=0 lambda=0.647 phi=0 theta=15
0 -180 0 -180 0 -180 0 0 0.153487 14.5028 0 0 0 -180 0 -180 0 -180
0 -180 0 -180 0 -180 0 0 1.1926 43.8 0 0 0 -180 0 -180 0 -180
0 -180 0 -180 0 0 0 -180 1.59461e-13 13.756 0 -0 0 0 0 -180 0 -180
0 -180 0 0 0 0 0 -0 2.98432e-12 123.013 0 -0 0 0 0 180 0 -180
0 -180 0 180 0 0 0 180 5.92792e-13 -169.154 0 180 0 0 0 -0 0 -180
0 -180 0 -0 0 0 0 180 3.97192e-12 128.016 0 180 0 0 0 -0 0 -180
0 -180 0 0 0 -180 0 -180 0.153487 14.5028 0 -180 0 -180 0 0 0 -180
0 -180 0 0 0 -180 0 -180 1.1926 43.8 0 -180 0 -180 0 0 0 -180
inside=0 lambda=0.647 phi=0 theta=30
0 -180 0 -180 0 -180 0 0 0.153487 14.5028 0 0 0 -180 0 -180 0 -180
0 -180 0 -180 0 -180 0 0 1.1926 43.8 0 0 0 -180 0 -180 0 -180
0 -180 0 -180 0 0 0 -180 1.59461e-13 13.756 0 -0 0 0 0 -180 0 -180
0 -180 0 0 0 0 0 -0 2.98432e-12 123.013 0 -0 0 0 0 180 0 -180
0 -180 0 180 0 0 0 180 5.92792e-13 -169.154 0 180 0 0 0 -0 0 -180
0 -180 0 -0 0 0 0 180 3.97192e-12 128.016 0 180 0 0 0 -0 0 -180
0 -180 0 0 0 -180 0 -180 0.153487 14.5028 0 -180 0 -180 0 0 0 -180
0 -180 0 0 0 -180 0 -180 1.1926 43.8 0 -180 0 -180 0 0 0 -180
inside=0 lambda=0.647 phi=0 theta=45
0 -180 0 -180 0 -180 0 0 0.153487 14.5028 0 0 0 -180 0 -180 0 -180
0 -180 0 -180 0 -180 0 0 1.1926 43.8 0 0 0 -180 0 -180 0 -180
0 -180 0 -180 0 0 0 -180 1.59461e-13 13.756 0 -0 0 0 0 -180 0 -180
0 -180 0 0 0 0 0 -0 2.98432e-12 123.013 0 -0 0 0 0 180 0 -180
0 -180 0 180 0 0 0 180 5.92792e-13 -169.154 0 180 0 0 0 -0 0 -180
0 -180 0 -0 0 0 0 180 3.97192e-12 128.016 0 180 0 0 0 -0 0 -180
0 -180 0 0 0 -180 0 -180 0.153487 14.5028 0 -180 0 -180 0 0 0 -180
0 -180 0 0 0 -180 0 -180 1.1926 43.8 0 -180 0 -180 0 0 0 -180
inside=0 lambda=0.647 phi=5 theta=0
0 -180 0 -180 0 -180 0 0 0.157579 13.8952 0 0 0 -180 0 -180 0 -180
0 -180 0 -180 0 -180 0 0 1.18926 38.622 0 0 0 -180 0 -180 0 -180
0 -180 0 -0 0 0 0 180 5.75984e-13 18.6386 0 -0 0 0 0 180 0 -180
0 -180 0 180 0 0 0 180 3.17191e-12 -41.4892 0 0 0 0 0 -0 0 -180
0 -180 0 -180 0 0 0 180 7.27864e-13 145.345 0 180 0 0 0 0 0 -180
0 -180 0 -180 0 0 0 -0 2.08208e-12 -42.7963 0 180 0 0 0 0 0 -180
0 -180 0 0 0 -180 0 -180 0.161281 13.9093 0 -180 0 -180 0 0 0 -180
0 -180 0 0 0 -180 0 -180 1.19367 38.433 0 -180 0 -180 0 0 0 -180
inside=0 lambda=0.647 phi=5 theta=15
0 -180 0 -180 0 -180 0 0 0.157827 13.8962 0 0 0 -180 0 -180 0 -180
0 -180 0 -180 0 -180 0 0 1.18955 38.6092 0 0 0 -180 0 -180 0 -180
0 -180 0 -0 0 0 0 -180 0.000938547 -165.544 0 0 0 0 0 180 0 -180
0 -180 0 180 0 0 0 -180 0.00177145 166.977 0 0 0 0 0 -0 0 -180
0 -180 0 -180 0 0 0 -180 0.000938462 -165.544 0 180 0 0 0 0 0 -180
0 -180 0 -180 0 0 0 180 0.00176779 167.056 0 -0 0 0 0 0 0 -180
0 -180 0 0 0 -180 0 -180 0.161033 13.9084 0 -180 0 -180 0 0 0 -180
0 -180 0 0 0 -180 0 -180 1.19338 38.4456 0 -180 0 -180 0 0 0 -180
inside=0 lambda=0.647 phi=5 theta=30
0 -180 0 -180 0 -180 0 0 0.158505 13.8987 0 0 0 -180 0 -180 0 -180
0 -180 0 -180 0 -180 0 0 1.19036 38.5745 0 0 0 -180 0 -180 0 -180
0 -180 0 -180 0 0 0 -180 0.00162558 -165.544 0 0 0 0 0 180 0 -180
0 -180 0 180 0 0 0 -180 0.00306687 166.994 0 0 0 0 0 -0 0 -180
0 -180 0 -180 0 0 0 -180 0.00162549 -165.544 0 180 0 0 0 0 0 -180
0 -180 0 -180 0 0 0 180 0.00306322 167.039 0 -0 0 0 0 0 0 -180
0 -180 0 0 0 -180 0 -180 0.160356 13.9057 0 -180 0 -180 0 0 0 -180
0 -180 0 0 0 -180 0 -180 1.19257 38.48 0 -180 0 -180 0 0 0 -180
inside=0 lambda=0.647 phi=5 theta=45
0 -180 0 -180 0 -180 0 0 0.159431 13.9022 0 0 0 -180 0 -180 0 -180
0 -180 0 -180 0 -180 0 0 1.19146 38.5272 0 0 0 -180 0 -180 0 -180
0 -180 0 -180 0 0 0 -180 0.00187701 -165.544 0 0 0 0 0 180 0 -180
0 -180 0 180 0 0 0 -180 0.0035392 167.017 0 0 0 0 0 -0 0 -180
0 -180 0 -180 0 0 0 -180 0.00187701 -165.544 0 180 0 0 0 0 0 -180
0 -180 0 -180 0 0 0 180 0.0035392 167.017 0 -0 0 0 0 0 0 -180
0 -180 0 0 0 -180 0 -180 0.159431 13.9022 0 -180 0 -180 0 0 0 -180
0 -180 0 0 0 -180 0 -180 1.19146 38.5272 0 -180 0 -180 0 0 0 -180
inside=0 lambda=0.647 phi=10 theta=0
0 -180 0 -180 0 -180 0 0 0.166116 10.641 0 0 0 -180 0 -180 0 -180
0 -180 0 -180 0 180 0 0 1.17962 23.091 0 -0 0 -180 0 -180 0 180
0 -180 0 -0 0 0 0 180 2.74436e-13 85.5489 0 -0 0 0 0 180 0 -180
0 -180 0 180 0 -0 0 180 4.39546e-13 80.977 0 0 0 0 0 -0 0 180
0 -180 0 -180 0 0 0 -0 8.15073e-13 155.569 0 180 0 0 0 0 0 -180
0 -180 0 180 0 0 0 -0 1.13217e-12 104.054 0 -0 0 0 0 -0 0 -180
0 -180 0 0 0 -180 0 -180 0.182805 10.2452 0 -180 0 -180 0 0 0 -180
0 -180 0 -0 0 -180 0 180 1.19714 22.3366 0 -180 0 -180 0 -0 0 -180
inside=0 lambda=0.647 phi=10 theta=15
0 -180 0 -180 0 -180 0 0 0.167235 10.6111 0 0 0 -180 0 -180 0 -180
0 -180 0 -180 0 180 0 0 1.18078 23.0391 0 -0 0 -180 0 -180 0 180
0 -180 0 -0 0 0 0 -180 0.00420885 -173.538 0 0 0 0 0 180 0 -180
0 -180 0 180 0 -0 0 -180 0.00712908 150.606 0 -0 0 0 0 -0 0 180
0 -180 0 -180 0 0 0 -180 0.00420818 -173.542 0 180 0 0 0 0 0 -180
0 -180 0 180 0 0 0 180 0.00706625 150.936 0 -0 0 -0 0 -0 0 180
0 -180 0 0 0 -180 0 -180 0.181689 10.2687 0 -180 0 -180 0 0 0 -180
0 -180 0 -0 0 -180 0 180 1.19596 22.3858 0 -180 0 180 0 -0 0 180
inside=0 lambda=0.647 phi=10 theta=30
0 -180 0 -180 0 -180 0 0 0.170292 10.5321 0 0 0 -180 0 -180 0 -180
0 -180 0 -180 0 180 0 0 1.18396 22.8985 0 -0 0 -180 0 -180 0 180
0 -180 0 -180 0 0 0 -180 0.00728971 -173.537 0 0 0 0 0 180 0 -180
0 -180 0 180 0 -0 0 -180 0.0123231 150.68 0 -0 0 0 0 -0 0 180
0 -180 0 -180 0 0 0 -180 0.00728904 -173.539 0 180 0 0 0 0 0 -180
0 -180 0 -180 0 0 0 180 0.0122604 150.87 0 -0 0 -0 0 -0 0 180
0 -180 0 0 0 -180 0 -180 0.178637 10.3349 0 -180 0 -180 0 0 0 -180
0 -180 0 0 0 -180 0 180 1.19272 22.5213 0 -180 0 180 0 -0 0 180
inside=0 lambda=0.647 phi=10 theta=45
0 -180 0 -180 0 -180 0 0 0.174466 10.4303 0 0 0 -180 0 -180 0 -180
0 -180 0 180 0 180 0 0 1.18833 22.7086 0 -0 0 -180 0 -180 0 180
0 -180 0 -180 0 0 0 -180 0.00841705 -173.537 0 0 0 0 0 180 0 -180
0 -180 0 180 0 -0 0 -180 0.0141923 150.777 0 -0 0 0 0 -0 0 180
0 -180 0 -180 0 0 0 -180 0.00841705 -173.537 0 180 0 0 0 0 0 -180
0 -180 0 -180 0 0 0 180 0.0141923 150.777 0 -0 0 -0 0 -0 0 180
0 -180 0 0 0 -180 0 -180 0.174466 10.4303 0 -180 0 -180 0 0 0 -180
0 -180 0 0 0 -180 0 180 1.18833 22.7086 0 -180 0 180 0 -0 0 180
inside=0 lambda=0.647 phi=15 theta=0
0 180 0 -180 0 -180 0 0 0.164901 3.15677 0 0 0 180 0 -180 0 -180
0 -180 0 180 0 180 0 -0 1.16565 -2.88001 0 -0 0 -180 0 180 0 180
0 180 0 -0 0 0 0 180 1.54597e-13 -100.042 0 -0 0 -0 0 180 0 -180
0 -180 0 0 0 -0 0 180 8.29714e-13 70.96 0 180 0 0 0 -180 0 180
0 -180 0 -180 0 0 0 -0 3.92783e-13 123.767 0 -180 0 0 0 0 0 -180
0 180 0 180 0 -0 0 -0 1.15186e-12 98.6083 0 0 0 -0 0 -0 0 180
0 -180 0 0 0 -180 0 -180 0.204297 0.738112 0 -180 0 -180 0 0 0 -180
0 180 0 -0 0 180 0 180 1.20651 -4.51931 0 180 0 180 0 -0 0 180
inside=0 lambda=0.647 phi=15 theta=15
0 180 0 -180 0 -180 0 0 0.167528 2.95486 0 0 0 180 0 -180 0 -180
0 -180 0 180 0 180 0 -0 1.16833 -2.99714 0 -0 0 -180 0 180 0 180
0 -180 0 -0 0 0 0 -180 0.00999905 171.416 0 0 0 -0 0 180 0 -180
0 180 0 0 0 -0 0 180 0.0163574 125.021 0 -0 0 0 0 -180 0 180
0 -180 0 -180 0 0 0 -180 0.0100013 171.378 0 180 0 0 0 0 0 -180
0 180 0 180 0 -0 0 0 0.0160102 125.883 0 -180 0 -0 0 -0 0 180
0 -180 0 0 0 -180 0 -180 0.201651 0.868392 0 -180 0 -180 0 0 0 -180
0 180 0 -0 0 180 0 180 1.20371 -4.41664 0 180 0 180 0 -0 0 180
inside=0 lambda=0.647 phi=15 theta=30
0 180 0 -180 0 -180 0 0 0.174716 2.43845 0 0 0 180 0 -180 0 -180
0 -180 0 180 0 180 0 -0 1.17567 -3.31161 0 -0 0 -180 0 180 0 180
0 -180 0 -0 0 0 0 -180 0.0173205 171.419 0 0 0 -0 0 180 0 -180
0 180 0 0 0 -0 0 180 0.028182 125.226 0 -0 0 -0 0 -180 0 180
0 -180 0 -180 0 0 0 -180 0.0173228 171.397 0 180 0 0 0 0 0 -180
0 180 0 180 0 -0 0 0 0.0278362 125.723 0 -180 0 -0 0 -0 0 180
0 -180 0 0 0 -180 0 -180 0.194423 1.24314 0 -180 0 -180 0 0 0 -180
0 180 0 -0 0 180 0 180 1.1961 -4.13096 0 180 0 180 0 -0 0 180
inside=0 lambda=0.647 phi=15 theta=45
0 -180 0 -180 0 -180 0 0 0.18456 1.80577 0 0 0 180 0 -180 0 -180
0 180 0 180 0 180 0 -0 1.18582 -3.72845 0 -0 0 180 0 180 0 180
0 -180 0 -180 0 0 0 -180 0.0200018 171.414 0 0 0 0 0 180 0 -180
0 180 0 0 0 -0 0 180 0.0323294 125.486 0 -0 0 -0 0 -180 0 180
0 -180 0 -180 0 0 0 -180 0.0200018 171.414 0 180 0 0 0 0 0 -180
0 180 0 180 0 -0 0 0 0.0323294 125.486 0 -180 0 -0 0 -0 0 180
0 -180 0 0 0 180 0 -180 0.18456 1.80577 0 -180 0 -180 0 0 0 -180
0 180 0 -0 0 180 0 180 1.18582 -3.72845 0 180 0 180 0 -0 0 180
inside=0 lambda=0.647 phi=20 theta=0
0 180 0 -180 0 -180 0 0 0.13652 -4.34063 0 0 0 180 0 -180 0 -180
0 180 0 180 0 0 0 -0 1.14847 -39.7303 0 -180 0 180 0 180 0 0
0 180 0 -0 0 0 0 -0 6.15924e-14 -129.669 0 180 0 -0 0 180 0 -180
0 180 0 0 0 -0 0 0 4.06569e-13 -111.268 0 0 0 -0 0 -180 0 180
0 -180 0 -180 0 0 0 -0 4.45809e-14 -66.9859 0 180 0 0 0 0 0 -180
0 180 0 180 0 -0 0 0 2.17571e-13 -114.001 0 -180 0 -0 0 -0 0 180
0 -180 0 0 0 -180 0 -180 0.189856 -11.4158 0 -180 0 -180 0 0 0 -180
0 180 0 -0 0 180 0 180 1.23358 -42.6366 0 180 0 180 0 -0 0 180
inside=0 lambda=0.647 phi=20 theta=15
0 180 0 -180 0 -180 0 0 0.139972 -4.98142 0 0 0 180 0 -180 0 -180
0 180 0 180 0 0 0 -0 1.15395 -39.9559 0 -180 0 180 0 180 0 0
0 180 0 -0 0 0 0 -180 0.0140158 153.538 0 0 0 -0 0 180 0 -180
0 180 0 0 0 -0 0 180 0.0321287 90.3628 0 -0 0 -0 0 -180 0 180
0 -180 0 -180 0 0 0 -180 0.0140372 153.322 0 180 0 0 0 0 0 -180
0 180 0 180 0 -0 0 0 0.0309457 92.1514 0 -180 0 -0 0 -0 0 180
0 -180 0 0 0 -180 0 -180 0.186211 -11.0589 0 -180 0 -180 0 0 0 -180
0 180 0 -0 0 180 0 180 1.22766 -42.4713 0 180 0 180 0 -0 0 180
inside=0 lambda=0.647 phi=20 theta=30
0 180 0 -180 0 -180 0 0 0.149525 -6.57117 0 0 0 180 0 -180 0 -180
0 180 0 180 0 180 0 -0 1.1691 -40.5476 0 -0 0 180 0 180 0 180
0 180 0 -0 0 0 0 -180 0.0242967 153.546 0 0 0 -0 0 180 0 -180
0 180 0 0 0 -0 0 180 0.0550688 90.8222 0 -0 0 -0 0 -180 0 180
0 -180 0 -180 0 -0 0 -180 0.0243181 153.424 0 180 0 0 0 0 0 -180
0 180 0 180 0 -0 0 0 0.0539026 91.8501 0 -180 0 -0 0 -0 0 180
0 -180 0 0 0 180 0 -180 0.176275 -10.024 0 -180 0 -180 0 0 0 -180
0 180 0 -0 0 180 0 180 1.21165 -41.9982 0 180 0 180 0 -0 0 180
inside=0 lambda=0.647 phi=20 theta=45
0 180 0 -180 0 -180 0 0 0.162805 -8.43312 0 0 0 180 0 -180 0 -180
0 180 0 180 0 180 0 -0 1.19016 -41.3022 0 -0 0 180 0 180 0 180
0 -180 0 -180 0 0 0 -180 0.0280749 153.511 0 0 0 -0 0 180 0 -180
0 180 0 0 0 -0 0 180 0.0628365 91.3754 0 -0 0 -0 0 -180 0 180
0 -180 0 -180 0 -0 0 -180 0.0280749 153.511 0 180 0 0 0 0 0 -180
0 180 0 180 0 -0 0 0 0.0628365 91.3754 0 -180 0 -0 0 -0 0 180
0 180 0 0 0 180 0 -180 0.162805 -8.43312 0 -180 0 -180 0 0 0 -180
0 180 0 -0 0 180 0 180 1.19016 -41.3022 0 180 0 180 0 -0 0 180
inside=0 lambda=0.647 phi=25 theta=0
0 180 0 180 0 -180 0 -0 0.100243 0.830792 0 0 0 180 0 180 0 -180
0 180 0 180 0 0 0 -0 1.11975 -88.1216 0 -180 0 180 0 180 0 0
0 180 0 -0 0 0 0 -0 2.48432e-13 105.615 0 -0 0 -0 0 180 0 -180
0 180 0 -0 0 -180 0 -0 2.15498e-13 -100.031 0 -0 0 -0 0 180 0 0
0 -180 0 -180 0 0 0 -0 2.75109e-13 -103.828 0 -180 0 0 0 0 0 -180
0 0 0 0 0 -180 0 -180 1.2798e-12 -12.2738 0 -0 0 -180 0 -180 0 0
0 -180 0 0 0 -180 0 -180 0.147303 3.53279 0 -180 0 -180 0 0 0 -180
0 0 0 -180 0 0 0 0 1.28016 -93.8293 0 0 0 0 0 -180 0 0
inside=0 lambda=0.647 phi=25 theta=15
0 180 0 180 0 -180 0 -0 0.103531 1.13107 0 0 0 180 0 180 0 -180
0 180 0 180 0 0 0 -0 1.12962 -88.6228 0 -180 0 180 0 180 0 0
0 180 0 -0 0 0 0 -180 0.0129348 -167.036 0 0 0 -0 0 180 0 -180
0 180 0 -0 0 -180 0 180 0.0618806 39.3488 0 -180 0 -0 0 180 0 0
0 -180 0 -180 0 0 0 -180 0.0127716 -167.567 0 180 0 0 0 0 0 -180
0 0 0 0 0 -180 0 -0 0.0583448 41.9501 0 180 0 -180 0 -180 0 0
0 -180 0 0 0 -180 0 -180 0.144496 3.4635 0 -180 0 -180 0 0 0 -180
0 0 0 -180 0 0 0 0 1.2685 -93.5565 0 0 0 0 0 -180 0 0
inside=0 lambda=0.647 phi=25 theta=30
0 180 0 -180 0 -180 0 -0 0.112521 1.87872 0 0 0 180 0 180 0 -180
0 180 0 180 0 0 0 -0 1.15725 -89.889 0 -180 0 180 0 180 0 0
0 180 0 -0 0 0 0 -180 0.0224498 -167.207 0 0 0 -0 0 180 0 -180
0 180 0 -0 0 -180 0 0 0.105113 40.054 0 -180 0 -0 0 180 0 0
0 -180 0 -180 0 -0 0 -180 0.0222934 -167.501 0 180 0 0 0 0 0 -180
0 0 0 0 0 -0 0 -0 0.101709 41.5439 0 180 0 -180 0 -180 0 0
0 180 0 0 0 180 0 -180 0.136378 3.20552 0 -180 0 -180 0 0 0 -180
0 180 0 -180 0 180 0 0 1.23739 -92.7273 0 0 0 0 0 -180 0 0
inside=0 lambda=0.647 phi=25 theta=45
0 180 0 -180 0 -180 0 -0 0.124651 2.66703 0 0 0 180 0 -180 0 -180
0 180 0 0 0 0 0 -180 1.19648 -91.4132 0 -180 0 180 0 180 0 0
0 180 0 -180 0 0 0 -180 0.0258866 -167.382 0 0 0 -0 0 180 0 -180
0 180 0 -0 0 -180 0 0 0.119024 40.8731 0 -180 0 -0 0 180 0 0
0 180 0 -180 0 -0 0 -180 0.0258866 -167.382 0 180 0 0 0 0 0 -180
0 180 0 0 0 -0 0 -0 0.119024 40.8731 0 180 0 -180 0 -180 0 0
0 180 0 -0 0 180 0 -180 0.124651 2.66703 0 -180 0 -180 0 0 0 -180
0 180 0 -180 0 180 0 0 1.19648 -91.4132 0 180 0 0 0 -180 0 0
inside=0 lambda=0.647 phi=30 theta=0
0 180 0 180 0 -180 0.0293707 -94.6466 0.0677963 13.1149 0 0 0 180 0 180 0 -180
0 0 0 0 0 -0 0 -180 1.06905 -148.519 0 180 0 0 0 0 0 -0
0 180 0 -0 0 0 5.46684e-14 -135.139 8.41733e-13 127.557 0 0 0 -0 0 180 0 -180
0 0 0 -0 0 180 0 0 1.18217e-12 108.846 0 0 0 -180 0 180 0 -0
0 -180 0 -180 0 0 3.10167e-14 -148.463 7.45227e-13 152.518 0 0 0 0 0 0 0 -180
0 0 0 0 0 -180 0 -180 2.75839e-12 104.038 0 -180 0 -180 0 -180 0 0
0 -180 0 0 0 -180 0.121168 -129.116 0.276438 10.7466 0 -180 0 -180 0 0 0 -180
0 0 0 -180 0 0 0 -0 1.30157 -158.506 0 0 0 0 0 -180 0 0
inside=0 lambda=0.647 phi=30 theta=15
0 180 0 180 0 -180 0 -0 0.083324 10.8775 0 0 0 180 0 180 0 -180
0 0 0 0 0 -0 0 -180 1.08397 -149.552 0 180 0 0 0 0 0 -0
0 180 0 -0 0 0 0 -180 0.0532969 -168.612 0 0 0 -0 0 180 0 -180
0 0 0 -0 0 180 0 0 0.102971 -28.9228 0 180 0 -180 0 180 0 -0
0 -180 0 -180 0 0 0 -180 0.0530567 -168.742 0 180 0 0 0 0 0 -180
0 0 0 0 0 -180 0 -0 0.0916777 -25.3322 0 180 0 180 0 180 0 -0
0 -180 0 0 0 180 0 -180 0.264178 10.8176 0 -180 0 -180 0 0 0 -180
0 0 0 -180 0 0 0 -0 1.28498 -158.164 0 0 0 -0 0 180 0 -0
inside=0 lambda=0.647 phi=30 theta=30
0 180 0 180 0 -180 0 -0 0.121896 9.65228 0 0 0 180 0 180 0 -180
0 0 0 0 0 -0 0 -180 1.1215 -152.033 0 180 0 0 0 0 0 -0
0 180 0 -180 0 0 0 -180 0.0925439 -168.676 0 0 0 -0 0 180 0 -180
0 0 0 -0 0 180 0 0 0.170079 -27.9365 0 180 0 -180 0 180 0 -0
0 180 0 -180 0 -0 0 -180 0.092366 -168.714 0 180 0 0 0 0 0 -180
0 0 0 0 0 -180 0 -0 0.159886 -25.8065 0 180 0 180 0 180 0 -0
0 180 0 -0 0 180 0 -180 0.2272 10.2922 0 -180 0 -180 0 0 0 -180
0 0 0 -180 0 0 0 0 1.23721 -156.943 0 0 0 -0 0 180 0 -0
inside=0 lambda=0.647 phi=30 theta=45
0 180 0 -180 0 -180 0 -0 0.174883 9.79864 0 0 0 180 0 180 0 -180
0 0 0 0 0 -0 0 -180 1.17702 -154.763 0 180 0 0 0 0 0 -0
0 180 0 -180 0 0 0 -180 0.10681 -168.683 0 0 0 -0 0 180 0 -180
0 0 0 -0 0 180 0 0 0.188791 -26.73 0 180 0 -180 0 180 0 -0
0 180 0 -180 0 -0 0 -180 0.10681 -168.683 0 180 0 0 0 0 0 -180
0 0 0 0 0 -180 0 -0 0.188791 -26.73 0 180 0 180 0 180 0 -0
0 180 0 -0 0 180 0 -180 0.174883 9.79864 0 180 0 -180 0 0 0 -180
0 0 0 -180 0 0 0 0 1.17702 -154.763 0 0 0 -0 0 180 0 -0
inside=0 lambda=0.647 phi=35 theta=0
0 180 0 180 0 -180 0.0897545 -84.4688 0.104532 55.1647 0 0 0 180 0 180 0 -180
0 0 0 0 0 -180 0 180 0.975277 137.459 0 0 0 0 0 0 0 -180
0 180 0 -0 0 0 1.06628e-13 102.587 9.01499e-13 -50.0024 0 0 0 -0 0 180 0 -180
0 0 0 -180 0 0 0 -0 4.71777e-12 -144.033 0 -180 0 -180 0 0 0 -180
0 -180 0 -180 0 0 3.1783e-13 -99.3449 8.58863e-13 0.636545 0 -0 0 0 0 0 0 -180
0 -0 0 -0 0 180 0 180 3.79212e-12 -136.862 0 180 0 180 0 180 0 -0
0 -180 0 0 0 -180 0.127648 -101.122 0.250037 -20.1717 0 -180 0 -180 0 0 0 -180
0 -0 0 180 0 -0 0 -0 1.42035 123.225 0 -0 0 -0 0 180 0 -0
inside=0 lambda=0.647 phi=35 theta=15
0 180 0 180 0 -180 0.0684929 -91.7016 0.102574 45.9355 0 0 0 180 0 180 0 -180
0 0 0 0 0 -180 0 180 1.00152 135.383 0 0 0 0 0 0 0 -180
0 180 0 -0 0 0 0.00914268 -143.201 0.0566348 140.177 0 0 0 -0 0 180 0 -180
0 0 0 -180 0 0 0 -0 0.179254 -101.45 0 0 0 180 0 0 0 -180
0 -180 0 -180 0 -0 0.0337344 -122.039 0.0576442 138.913 0 180 0 0 0 0 0 -180
0 -0 0 -0 0 180 0 -180 0.154012 -94.5226 0 0 0 180 0 180 0 -0
0 -180 0 0 0 180 0.115708 -111.511 0.232565 -17.8096 0 -180 0 -180 0 0 0 -180
0 -0 0 180 0 -0 0 -0 1.38735 123.241 0 -0 0 -0 0 180 0 -0
inside=0 lambda=0.647 phi=35 theta=30
0 180 0 180 0 -180 0 -0 0.110391 21.7435 0 0 0 180 0 180 0 -180
0 0 0 0 0 -180 0 180 1.0782 130.793 0 0 0 0 0 0 0 -180
0 180 0 -180 0 0 0 -180 0.097088 141.994 0 0 0 -0 0 180 0 -180
0 -0 0 -180 0 0 0 -0 0.290739 -100.114 0 0 0 180 0 0 0 -180
0 180 0 -180 0 -0 0 -180 0.0975752 141.245 0 180 0 0 0 0 0 -180
0 -0 0 -0 0 180 0 -180 0.267175 -95.9781 0 0 0 0 0 0 0 -180
0 180 0 -0 0 180 0 -180 0.191753 -10.9745 0 180 0 -180 0 0 0 -180
0 -0 0 180 0 -0 0 -0 1.30153 124.03 0 -0 0 -180 0 0 0 -180
inside=0 lambda=0.647 phi=35 theta=45
0 180 0 -180 0 -180 0 -0 0.143909 0.992099 0 0 0 180 0 180 0 -180
0 -0 0 -0 0 -180 0 180 1.18582 126.559 0 0 0 -0 0 -0 0 -180
0 180 0 -180 0 0 0 -180 0.11254 142.194 0 0 0 -0 0 180 0 -180
0 -0 0 -180 0 0 0 -0 0.31694 -97.8009 0 0 0 180 0 0 0 -180
0 180 0 -180 0 -0 0 -180 0.11254 142.194 0 180 0 0 0 0 0 -180
0 -0 0 -0 0 180 0 -180 0.31694 -97.8009 0 0 0 0 0 0 0 -180
0 180 0 -0 0 180 0 -180 0.143909 0.992099 0 180 0 -180 0 0 0 -180
0 -0 0 180 0 -0 0 -0 1.18582 126.559 0 -0 0 -180 0 0 0 -180
inside=0 lambda=0.647 phi=40 theta=0
0 180 0 180 0 -180 0.220694 -87.0315 0.111065 -112.927 0 0 0 180 0 180 0 -180
0 -0 0 -0 0 180 0 0 0.78355 49.0661 0 -0 0 -0 0 -0 0 180
0 180 0 -0 0 0 1.11554e-13 138.58 4.58643e-13 -74.9608 0 180 0 -0 0 180 0 -180
0 -0 0 180 0 -0 0 -0 7.79441e-13 99.1021 0 0 0 180 0 -0 0 180
0 -180 0 -180 0 0 7.39193e-13 -78.0697 1.02959e-12 76.923 0 0 0 0 0 0 0 -180
0 -180 0 -180 0 0 0 -180 2.69047e-12 130.74 0 0 0 0 0 0 0 -180
0 -180 0 0 0 -180 0.204723 -96.2872 0.491641 9.9861 0 -180 0 -180 0 0 0 -180
0 -180 0 0 0 -180 0 180 1.52126 17.7546 0 -180 0 -180 0 0 0 -180
inside=0 lambda=0.647 phi=40 theta=15
0 180 0 180 0 -180 0.16892 -95.1598 0.101889 -88.872 0 0 0 180 0 180 0 -180
0 -0 0 -0 0 180 0 0 0.816729 42.0228 0 -0 0 -0 0 -0 0 180
0 180 0 -0 0 0 0.0310302 75.8333 0.135109 -157.989 0 0 0 -0 0 180 0 -180
0 -0 0 180 0 -0 0 -180 0.352162 154.033 0 -0 0 180 0 -0 0 180
0 -180 0 -180 0 -0 0.0717425 -119.337 0.137142 -158.718 0 180 0 0 0 0 0 -180
0 -180 0 -180 0 0 0 180 0.262902 162.356 0 -0 0 -0 0 -0 0 180
0 180 0 -0 0 180 0.165056 -106.49 0.464362 8.10176 0 -180 0 -180 0 0 0 -180
0 -180 0 0 0 -180 0 180 1.44791 16.635 0 -180 0 180 0 -0 0 180
inside=0 lambda=0.647 phi=40 theta=30
0 180 0 180 0 -180 0.0547626 -114.79 0.140447 -37.7951 0 0 0 180 0 180 0 -180
0 -0 0 -0 0 180 0 0 0.928485 29.8194 0 -0 0 -0 0 -0 0 180
0 180 0 -0 0 0 0.0092356 78.1996 0.24404 -157.748 0 0 0 -0 0 180 0 -180
0 -0 0 180 0 -0 0 -180 0.523603 154.641 0 -0 0 180 0 -0 0 180
0 180 0 180 0 -0 0.0641265 -146.44 0.244128 -158.12 0 180 0 0 0 0 0 -180
0 -180 0 -180 0 0 0 180 0.446734 159.053 0 -0 0 -0 0 -0 0 180
0 180 0 -0 0 180 0.106196 -139.915 0.375418 2.05212 0 180 0 -180 0 0 0 -180
0 -180 0 0 0 -180 0 -180 1.28536 16.9235 0 -180 0 180 0 -0 0 180
inside=0 lambda=0.647 phi=40 theta=45
0 180 0 180 0 -180 0 -0 0.247051 -10.4816 0 0 0 180 0 180 0 -180
0 -0 0 -0 0 180 0 0 1.0984 20.9239 0 -0 0 -0 0 -0 0 180
0 180 0 -180 0 0 0 180 0.288354 -158.645 0 0 0 -0 0 180 0 -180
0 -180 0 180 0 -0 0 -180 0.535646 156.545 0 -0 0 0 0 -0 0 180
0 180 0 180 0 -0 0 -180 0.288354 -158.645 0 180 0 0 0 0 0 -180
0 -180 0 -180 0 0 0 180 0.535646 156.545 0 -0 0 -0 0 -0 0 180
0 180 0 -0 0 180 0 180 0.247051 -10.4816 0 180 0 -180 0 0 0 -180
0 -0 0 0 0 -0 0 -0 1.0984 20.9239 0 -0 0 180 0 -0 0 180
inside=0 lambda=0.647 phi=45 theta=0
0 -180 0 -180 0 -180 0.578609 -24.5525 0.791512 45.5806 0 0 0 -180 0 -180 0 -180
0 -180 0 -180 0 0 0 0 0 0 0 -180 0 -180 0 -180 0 0
0 -180 0 -180 0 0 1.16451e-12 166.079 2.51502e-12 -13.81 0 180 0 0 0 0 0 -180
0 -180 0 0 0 -180 0 -180 0 180 0 -180 0 0 0 -180 0 0
0 -180 0 -180 0 0 1.55584e-12 179.722 2.88591e-12 -175.021 0 180 0 0 0 0 0 -180
0 0 0 0 0 -180 0 180 0 180 0 180 0 -180 0 -180 0 0
0 -180 0 0 0 -180 0.456865 -99.574 0.901616 18.6831 0 -180 0 -180 0 0 0 -180
0 0 0 -180 0 0 0 0 0 -180 0 0 0 0 0 -180 0 0
inside=0 lambda=0.647 phi=45 theta=15
0 -180 0 -180 0 -180 0.480475 -49.4522 0.830402 11.1592 0 0 0 -180 0 -180 0 -180
0 -180 0 -180 0 0 0 0 0 0 0 -180 0 -180 0 -180 0 0
0 -180 0 0 0 0 0.0825515 166.754 0.15345 103.984 0 0 0 0 0 180 0 -180
0 -180 0 0 0 -180 0 180 0 -0 0 -180 0 0 0 -180 0 0
0 -180 0 -180 0 0 0.102829 -74.5453 0.0928589 113.513 0 0 0 0 0 0 0 -180
0 -0 0 -0 0 180 0 0 0 0 0 -180 0 -180 0 -180 0 0
0 -180 0 0 0 180 0.306105 -119.519 0.952918 8.31746 0 -180 0 -180 0 0 0 -180
0 -180 0 180 0 -0 0 0 0 -180 0 -0 0 0 0 -180 0 0
inside=0 lambda=0.647 phi=45 theta=30
0 180 0 180 0 -180 0.197525 -91.5532 0.948869 -20.313 0 0 0 180 0 180 0 -180
0 180 0 180 0 -0 0 -0 0 -0 0 180 0 180 0 180 0 -0
0 180 0 -0 0 0 0.0943929 143.199 0.047372 -114.53 0 0 0 -0 0 180 0 -180
0 180 0 -0 0 180 0 180 0 -0 0 180 0 -0 0 180 0 -0
0 180 0 180 0 -0 0.112054 -122.125 0.0908255 -113.826 0 180 0 0 0 0 0 180
0 180 0 180 0 -0 0 -0 0 -0 0 180 0 180 0 180 0 -0
0 180 0 -0 0 180 0.172944 -161.16 0.988433 -6.85762 0 180 0 -180 0 0 0 -180
0 180 0 -0 0 180 0 180 0 -180 0 180 0 -0 0 180 0 -0
inside=0 lambda=0.647 phi=45 theta=45
0 180 0 180 0 -180 0 -0 0.980536 -21.4822 0 0 0 180 0 180 0 180
0 180 0 180 0 -0 0 -0 0 -180 0 180 0 180 0 180 0 -0
0 180 0 -0 0 0 0 180 0.196338 -111.482 0 0 0 -0 0 180 0 180
0 180 0 -0 0 180 0 180 0 -0 0 180 0 -0 0 180 0 -0
0 180 0 180 0 -0 0 -0 0.196338 -111.482 0 180 0 0 0 0 0 180
0 180 0 180 0 -0 0 -0 0 -0 0 180 0 180 0 180 0 -0
0 180 0 -0 0 180 0 180 0.980536 -21.4822 0 180 0 -180 0 0 0 180
0 180 0 -0 0 180 0 180 0 -180 0 180 0 -0 0 180 0 -0
inside=1 lambda=0.647 phi=0 theta=0
0 -180 0 -180 0 -180 0 0 0.153487 -106.903 0 0 0 -180 0 -180 0 -180
0 -180 0 -180 0 -180 0 0 0.818749 43.8 0 0 0 -180 0 -180 0 -180
0 -180 0 0 0 0 0 180 1.36079e-12 168.201 0 0 0 0 0 0 0 -180
0 -180 0 180 0 0 0 -0 1.82781e-12 -40.1496 0 0 0 0 0 180 0 -180
0 -180 0 -0 0 0 0 180 6.81959e-13 170.648 0 180 0 0 0 180 0 -180
0 -180 0 0 0 0 0 -180 2.54229e-12 -46.325 0 -180 0 0 0 0 0 -180
0 -180 0 0 0 -180 0 -180 0.153487 -106.903 0 -180 0 -180 0 0 0 -180
0 -180 0 0 0 -180 0 -180 0.818749 43.8 0 -180 0 -180 0 0 0 -180
inside=1 lambda=0.647 phi=0 theta=15
0 -180 0 -180 0 -180 0 0 0.153487 -106.903 0 0 0 -180 0 -180 0 -180
0 -180 0 -180 0 -180 0 0 0.818749 43.8 0 0 0 -180 0 -180 0 -180
0 -180 0 0 0 0 0 180 1.36079e-12 168.201 0 0 0 0 0 0 0 -180
0 -180 0 180 0 0 0 -0 1.82781e-12 -40.1496 0 0 0 0 0 180 0 -180
0 -180 0 -0 0 0 0 180 6.81959e-13 170.648 0 180 0 0 0 180 0 -180
0 -180 0 0 0 0 0 -180 2.54229e-12 -46.325 0 -180 0 0 0 0 0 -180
0 -180 0 0 0 -180 0 -180 0.153487 -106.903 0 -180 0 -180 0 0 0 -180
0 -180 0 0 0 -180 0 -180 0.818749 43.8 0 -180 0 -180 0 0 0 -180
inside=1 lambda=0.647 phi=0 theta=30
0 -180 0 -180 0 -180 0 0 0.153487 -106.903 0 0 0 -180 0 -180 0 -180
0 -180 0 -180 0 -180 0 0 0.818749 43.8 0 0 0 -180 0 -180 0 -180
0 -180 0 0 0 0 0 180 1.36079e-12 168.201 0 0 0 0 0 0 0 -180
0 -180 0 180 0 0 0 -0 1.82781e-12 -40.1496 0 0 0 0 0 180 0 -180
0 -180 0 -0 0 0 0 180 6.81959e-13 170.648 0 180 0 0 0 180 0 -180
0 -180 0 0 0 0 0 -180 2.54229e-12 -46.325 0 -180 0 0 0 0 0 -180
0 -180 0 0 0 -180 0 -180 0.153487 -106.903 0 -180 0 -180 0 0 0 -180
0 -180 0 0 0 -180 0 -180 0.818749 43.8 0 -180 0 -180 0 0 0 -180
inside=1 lambda=0.647 phi=0 theta=45
0 -180 0 -180 0 -180 0 0 0.153487 -106.903 0 0 0 -180 0 -180 0 -180
0 -180 0 -180 0 -180 0 0 0.818749 43.8 0 0 0 -180 0 -180 0 -180
0 -180 0 0 0 0 0 180 1.36079e-12 168.201 0 0 0 0 0 0 0 -180
0 -180 0 180 0 0 0 -0 1.82781e-12 -40.1496 0 0 0 0 0 180 0 -180
0 -180 0 -0 0 0 0 180 6.81959e-13 170.648 0 180 0 0 0 180 0 -180
0 -180 0 0 0 0 0 -180 2.54229e-12 -46.325 0 -180 0 0 0 0 0 -180
0 -180 0 0 0 -180 0 -180 0.153487 -106.903 0 -180 0 -180 0 0 0 -180
0 -180 0 0 0 -180 0 -180 0.818749 43.8 0 -180 0 -180 0 0 0 -180
inside=1 lambda=0.647 phi=5 theta=0
0 -180 0 -180 0 -180 0 0 0.155475 -111.529 0 0 0 -180 0 -180 0 -180
0 -180 0 -180 0 -180 0 0 0.819318 41.3626 0 -0 0 -180 0 -180 0 -180
0 -180 0 -0 0 0 0 180 1.84382e-13 -146.597 0 0 0 0 0 180 0 -180
0 -180 0 180 0 0 0 180 2.9755e-13 153.268 0 -0 0 0 0 -0 0 -180
0 -180 0 -180 0 0 0 -0 1.65177e-13 0.910116 0 -0 0 0 0 0 0 -180
0 -180 0 -180 0 0 0 0 5.54825e-13 139.765 0 0 0 0 0 0 0 -180
0 -180 0 0 0 -180 0 -180 0.157168 -111.723 0 -180 0 -180 0 0 0 -180
0 -180 0 0 0 -180 0 -180 0.817443 41.2738 0 -180 0 -180 0 0 0 -180
inside=1 lambda=0.647 phi=5 theta=15
0 -180 0 -180 0 -180 0 0 0.155588 -111.543 0 0 0 -180 0 -180 0 -180
0 -180 0 -180 0 -180 0 0 0.819192 41.3566 0 -0 0 -180 0 -180 0 -180
0 -180 0 -0 0 0 0 -180 0.00046657 45.5094 0 0 0 0 0 180 0 -180
0 -180 0 180 0 0 0 -180 0.000647959 84.8789 0 0 0 0 0 -0 0 -180
0 -180 0 -180 0 0 0 -0 0.000466405 45.5439 0 180 0 0 0 0 0 -180
0 -180 0 -180 0 0 0 180 0.000647498 84.8445 0 -0 0 0 0 0 0 -180
0 -180 0 0 0 -180 0 -180 0.157055 -111.71 0 -180 0 -180 0 0 0 -180
0 -180 0 0 0 -180 0 -180 0.817569 41.2798 0 -180 0 -180 0 0 0 -180
inside=1 lambda=0.647 phi=5 theta=30
0 -180 0 -180 0 -180 0 0 0.155898 -111.578 0 0 0 -180 0 -180 0 -180
0 -180 0 -180 0 -180 0 0 0.818849 41.3404 0 -0 0 -180 0 -180 0 -180
0 -180 0 -0 0 0 0 -180 0.000808063 45.5167 0 0 0 0 0 180 0 -180
0 -180 0 180 0 0 0 -180 0.00112213 84.8716 0 0 0 0 0 -0 0 -180
0 -180 0 -180 0 0 0 -0 0.000807897 45.5367 0 180 0 0 0 0 0 -180
0 -180 0 -180 0 0 0 180 0.00112167 84.8517 0 -0 0 0 0 0 0 -180
0 -180 0 0 0 -180 0 -180 0.156745 -111.675 0 -180 0 -180 0 0 0 -180
0 -180 0 0 0 -180 0 -180 0.817912 41.296 0 -180 0 -180 0 0 0 -180
inside=1 lambda=0.647 phi=5 theta=45
0 -180 0 -180 0 -180 0 0 0.156322 -111.627 0 0 0 -180 0 -180 0 -180
0 -180 0 -180 0 -180 0 0 0.81838 41.3182 0 0 0 -180 0 -180 0 -180
0 -180 0 -0 0 0 0 -180 0.000932975 45.5267 0 0 0 0 0 180 0 -180
0 -180 0 180 0 0 0 -180 0.00129545 84.8616 0 0 0 0 0 -0 0 -180
0 -180 0 -180 0 0 0 -0 0.000932975 45.5267 0 180 0 0 0 0 0 -180
0 -180 0 -180 0 0 0 180 0.00129545 84.8616 0 -0 0 0 0 0 0 -180
0 -180 0 0 0 -180 0 -180 0.156322 -111.627 0 -180 0 -180 0 0 0 -180
0 -180 0 0 0 -180 0 -180 0.81838 41.3182 0 -180 0 -180 0 0 0 -180
inside=1 lambda=0.647 phi=10 theta=0
0 -180 0 -180 0 -180 0 0 0.160703 -124.953 0 0 0 -180 0 -180 0 -180
0 -180 0 -180 0 180 0 0 0.821138 34.0919 0 -0 0 -180 0 -180 0 180
0 -180 0 -0 0 0 0 -0 6.82293e-13 -22.9545 0 180 0 0 0 180 0 -180
0 -180 0 180 0 -0 0 180 1.81482e-12 123.407 0 180 0 0 0 -0 0 180
0 -180 0 -180 0 0 0 -0 6.38636e-13 -37.5774 0 0 0 0 0 0 0 -180
0 -180 0 180 0 0 0 0 1.87124e-12 122.36 0 -0 0 0 0 -0 0 -180
0 -180 0 0 0 -180 0 -180 0.167946 -125.626 0 -180 0 -180 0 0 0 -180
0 -180 0 -0 0 -180 0 180 0.813475 33.737 0 -180 0 -180 0 -0 0 -180
inside=1 lambda=0.647 phi=10 theta=15
0 -180 0 -180 0 -180 0 0 0.161187 -125.001 0 0 0 -180 0 -180 0 -180
0 -180 0 -180 0 180 0 0 0.820622 34.0684 0 -0 0 -180 0 -180 0 180
0 -180 0 -0 0 0 0 -180 0.00195927 33.9041 0 0 0 0 0 180 0 -180
0 -180 0 180 0 -0 0 -180 0.00262758 77.0022 0 -0 0 0 0 -0 0 180
0 -180 0 -180 0 0 0 -0 0.00195678 34.0512 0 180 0 0 0 0 0 -180
0 -180 0 180 0 0 0 180 0.00262021 76.8636 0 -0 0 0 0 -0 0 -180
0 -180 0 0 0 -180 0 -180 0.16746 -125.584 0 -180 0 -180 0 0 0 -180
0 -180 0 -0 0 -180 0 180 0.813987 33.761 0 -180 0 180 0 -0 0 180
inside=1 lambda=0.647 phi=10 theta=30
0 -180 0 -180 0 -180 0 0 0.16251 -125.129 0 0 0 -180 0 -180 0 -180
0 -180 0 -180 0 180 0 0 0.819216 34.0039 0 -0 0 -180 0 -180 0 180
0 -180 0 -0 0 0 0 -180 0.00339261 33.9355 0 0 0 0 0 180 0 -180
0 -180 0 180 0 -0 0 -180 0.0045483 76.9718 0 -0 0 0 0 -0 0 180
0 -180 0 -180 0 0 0 -0 0.00339013 34.0205 0 180 0 0 0 0 0 -180
0 -180 0 -180 0 0 0 180 0.00454094 76.8918 0 -0 0 -0 0 -0 0 -180
0 -180 0 0 0 -180 0 -180 0.166132 -125.466 0 -180 0 -180 0 0 0 -180
0 -180 0 0 0 -180 0 180 0.815385 33.8264 0 -180 0 180 0 -0 0 180
inside=1 lambda=0.647 phi=10 theta=45
0 -180 0 -180 0 -180 0 0 0.16432 -125.3 0 0 0 -180 0 -180 0 -180
0 -180 0 180 0 180 0 0 0.817298 33.9154 0 -0 0 -180 0 -180 0 180
0 -180 0 -0 0 0 0 -180 0.003916 33.9782 0 0 0 0 0 180 0 -180
0 -180 0 180 0 -0 0 -180 0.00524762 76.9312 0 -0 0 0 0 -0 0 180
0 -180 0 -180 0 0 0 -0 0.003916 33.9782 0 180 0 0 0 0 0 -180
0 -180 0 -180 0 0 0 180 0.00524762 76.9312 0 -0 0 -0 0 -0 0 180
0 -180 0 0 0 -180 0 -180 0.16432 -125.3 0 -180 0 -180 0 0 0 -180
0 -180 0 0 0 -180 0 180 0.817298 33.9154 0 -180 0 180 0 -0 0 180
inside=1 lambda=0.647 phi=15 theta=0
0 180 0 -180 0 -180 0 0 0.166435 -146.172 0 0 0 180 0 -180 0 -180
0 -180 0 180 0 180 0 0 0.824655 22.106 0 -0 0 -180 0 180 0 180
0 -180 0 -0 0 0 0 -0 4.85463e-13 150.566 0 -0 0 0 0 180 0 -180
0 -180 0 180 0 -0 0 -0 6.84047e-13 -81.4946 0 -180 0 0 0 -0 0 180
0 -180 0 -180 0 0 0 180 1.35178e-13 3.00291 0 -0 0 0 0 0 0 -180
0 180 0 180 0 -0 0 0 1.19266e-12 -63.1027 0 0 0 -0 0 -0 0 180
0 -180 0 0 0 -180 0 -180 0.184009 -147.307 0 -180 0 -180 0 0 0 -180
0 180 0 -0 0 180 0 180 0.806868 21.3163 0 180 0 180 0 -0 0 180
inside=1 lambda=0.647 phi=15 theta=15
0 180 0 -180 0 -180 0 0 0.167608 -146.259 0 0 0 180 0 -180 0 -180
0 -180 0 180 0 180 0 0 0.823453 22.0543 0 -0 0 -180 0 180 0 180
0 -180 0 -0 0 0 0 -180 0.00464037 15.5128 0 0 0 -0 0 180 0 -180
0 -180 0 180 0 -0 0 180 0.00601565 63.9589 0 -0 0 0 0 -0 0 180
0 -180 0 -180 0 0 0 -0 0.00462932 15.8821 0 180 0 0 0 0 0 -180
0 180 0 180 0 -0 0 180 0.0059785 63.6404 0 -0 0 -0 0 -0 0 180
0 -180 0 0 0 -180 0 -180 0.182828 -147.242 0 -180 0 -180 0 0 0 -180
0 180 0 -0 0 180 0 180 0.80805 21.3704 0 180 0 180 0 -0 0 180
inside=1 lambda=0.647 phi=15 theta=30
0 -180 0 -180 0 -180 0 0 0.170817 -146.49 0 0 0 180 0 -180 0 -180
0 -180 0 180 0 180 0 -0 0.820178 21.9122 0 -0 0 -180 0 180 0 180
0 -180 0 -0 0 0 0 -180 0.00803306 15.593 0 0 0 0 0 180 0 -180
0 -180 0 180 0 -0 0 180 0.0104047 63.8856 0 -0 0 0 0 -0 0 180
0 -180 0 -180 0 0 0 -0 0.00802202 15.8061 0 180 0 0 0 0 0 -180
0 -180 0 180 0 0 0 180 0.0103676 63.7018 0 -0 0 -0 0 -0 0 180
0 -180 0 0 0 -180 0 -180 0.179604 -147.056 0 -180 0 -180 0 0 0 -180
0 -180 0 -0 0 -180 0 180 0.811284 21.5174 0 180 0 180 0 -0 0 180
inside=1 lambda=0.647 phi=15 theta=45
0 -180 0 -180 0 -180 0 0 0.175207 -146.784 0 0 0 -180 0 -180 0 -180
0 -180 0 180 0 180 0 -0 0.815721 21.716 0 -0 0 -180 0 180 0 180
0 -180 0 -0 0 0 0 -180 0.00926927 15.7005 0 0 0 0 0 180 0 -180
0 -180 0 180 0 -0 0 180 0.0119922 63.7908 0 -0 0 0 0 -0 0 180
0 -180 0 -180 0 0 0 -0 0.00926927 15.7005 0 180 0 0 0 0 0 -180
0 -180 0 180 0 0 0 180 0.0119922 63.7908 0 -0 0 -0 0 -0 0 180
0 -180 0 0 0 -180 0 -180 0.175207 -146.784 0 -180 0 -180 0 0 0 -180
0 -180 0 -0 0 -180 0 180 0.815721 21.716 0 180 0 180 0 -0 0 180
inside=1 lambda=0.647 phi=20 theta=0
0 180 0 -180 0 -180 0 0 0.167465 -174.499 0 0 0 180 0 -180 0 -180
0 -180 0 180 0 180 0 -0 0.830807 5.57319 0 -0 0 -180 0 180 0 180
0 180 0 -0 0 0 0 -180 5.13594e-13 102.435 0 180 0 -0 0 180 0 -180
0 -180 0 180 0 -0 0 -180 1.83326e-12 -87.8147 0 0 0 0 0 -0 0 180
0 -180 0 -180 0 0 0 180 5.79796e-13 100.675 0 0 0 0 0 0 0 -180
0 180 0 180 0 -0 0 0 1.57948e-12 -81.1375 0 180 0 -0 0 -0 0 180
0 -180 0 0 0 -180 0 -180 0.199903 -175.628 0 -180 0 -180 0 0 0 -180
0 180 0 -0 0 180 0 180 0.798219 4.21188 0 180 0 180 0 -0 0 180
inside=1 lambda=0.647 phi=20 theta=15
0 180 0 -180 0 -180 0 0 0.169628 -174.603 0 0 0 180 0 -180 0 -180
0 -180 0 180 0 180 0 -0 0.828594 5.48569 0 -0 0 -180 0 180 0 180
0 180 0 -0 0 0 0 -180 0.0083634 -9.14545 0 0 0 -0 0 180 0 -180
0 -180 0 180 0 -0 0 180 0.0108443 46.1303 0 -0 0 0 0 -0 0 180
0 -180 0 -180 0 0 0 -0 0.00833581 -8.37696 0 180 0 0 0 0 0 -180
0 180 0 180 0 -0 0 180 0.0107274 45.5345 0 -0 0 -0 0 -0 0 180
0 -180 0 0 0 -180 0 -180 0.197722 -175.577 0 -180 0 -180 0 0 0 -180
0 180 0 -0 0 180 0 180 0.800371 4.30688 0 180 0 180 0 -0 0 180
inside=1 lambda=0.647 phi=20 theta=30
0 180 0 -180 0 -180 0 0 0.175546 -174.863 0 0 0 180 0 -180 0 -180
0 -180 0 180 0 180 0 -0 0.822568 5.24403 0 -0 0 -180 0 180 0 180
0 -180 0 -0 0 0 0 -180 0.0144746 -8.97488 0 0 0 -0 0 180 0 -180
0 180 0 180 0 -0 0 180 0.0187335 45.9843 0 -0 0 0 0 -0 0 180
0 -180 0 -180 0 0 0 -0 0.0144472 -8.53227 0 180 0 0 0 0 0 -180
0 180 0 180 0 -0 0 180 0.0186169 45.6407 0 -0 0 -0 0 -0 0 180
0 -180 0 0 0 -180 0 -180 0.191768 -175.422 0 -180 0 -180 0 0 0 -180
0 180 0 -0 0 180 0 180 0.806273 4.56358 0 180 0 180 0 -0 0 180
inside=1 lambda=0.647 phi=20 theta=45
0 -180 0 -180 0 -180 0 0 0.183648 -175.168 0 0 0 180 0 -180 0 -180
0 -180 0 180 0 180 0 -0 0.81439 4.90757 0 -0 0 -180 0 180 0 180
0 -180 0 -0 0 0 0 -180 0.0166974 -8.74975 0 0 0 0 0 180 0 -180
0 180 0 180 0 -0 0 180 0.0215606 45.8026 0 -0 0 -0 0 -0 0 180
0 -180 0 -180 0 0 0 -0 0.0166974 -8.74975 0 180 0 0 0 0 0 -180
0 180 0 180 0 -0 0 180 0.0215606 45.8026 0 -0 0 -0 0 -0 0 180
0 -180 0 0 0 180 0 -180 0.183648 -175.168 0 -180 0 -180 0 0 0 -180
0 -180 0 -0 0 -180 0 180 0.81439 4.90757 0 180 0 180 0 -0 0 180
inside=1 lambda=0.647 phi=25 theta=0
0 180 0 -180 0 -180 0 0 0.157816 149.559 0 0 0 180 0 -180 0 -180
0 -180 0 180 0 180 0 -0 0.840747 -15.3232 0 -0 0 -180 0 180 0 180
0 180 0 -0 0 0 0 180 2.99858e-13 -100.708 0 0 0 -0 0 180 0 -180
0 180 0 0 0 -0 0 180 1.85478e-13 32.4482 0 -0 0 -0 0 -180 0 180
0 -180 0 -180 0 0 0 -0 1.70186e-13 -67.1714 0 180 0 0 0 0 0 -180
0 180 0 180 0 -0 0 -180 1.52955e-13 -2.54244 0 0 0 -0 0 -0 0 180
0 -180 0 0 0 -180 0 -180 0.205513 149.359 0 -180 0 -180 0 0 0 -180
0 180 0 -0 0 180 0 180 0.789118 -17.3645 0 180 0 180 0 -0 0 180
inside=1 lambda=0.647 phi=25 theta=15
0 180 0 -180 0 -180 0 0 0.160989 149.502 0 0 0 180 0 -180 0 -180
0 -180 0 180 0 180 0 -0 0.837218 -15.4517 0 -0 0 -180 0 180 0 180
0 180 0 -0 0 0 0 -180 0.012078 -40.9584 0 0 0 -0 0 180 0 -180
0 180 0 0 0 -0 0 180 0.0170523 24.4287 0 -0 0 -0 0 -180 0 180
0 -180 0 -180 0 0 0 -0 0.012032 -39.4692 0 0 0 0 0 0 0 -180
0 180 0 180 0 -0 0 0 0.0167616 23.4162 0 -180 0 -0 0 -0 0 180
0 -180 0 0 0 -180 0 -180 0.202301 149.334 0 -180 0 -180 0 0 0 -180
0 180 0 -0 0 180 0 180 0.792504 -17.2191 0 180 0 180 0 -0 0 180
inside=1 lambda=0.647 phi=25 theta=30
0 180 0 -180 0 -180 0 0 0.169676 149.382 0 0 0 180 0 -180 0 -180
0 180 0 180 0 180 0 -0 0.827627 -15.8086 0 -0 0 -180 0 180 0 180
0 -180 0 -0 0 0 0 -180 0.0209002 -40.6176 0 0 0 -0 0 180 0 -180
0 180 0 0 0 -0 0 180 0.0294028 24.1612 0 -0 0 -0 0 -180 0 180
0 -180 0 -180 0 0 0 -0 0.0208551 -39.7629 0 0 0 0 0 0 0 -180
0 180 0 180 0 -0 0 0 0.0291143 23.5783 0 -180 0 -0 0 -0 0 180
0 -180 0 0 0 -180 0 -180 0.193533 149.292 0 -180 0 -180 0 0 0 -180
0 180 0 -0 0 180 0 180 0.80181 -16.8284 0 180 0 180 0 -0 0 180
inside=1 lambda=0.647 phi=25 theta=45
0 -180 0 -180 0 -180 0 0 0.181585 149.297 0 0 0 180 0 -180 0 -180
0 180 0 180 0 180 0 -0 0.814648 -16.31 0 -0 0 180 0 180 0 180
0 -180 0 -0 0 0 0 -180 0.0241062 -40.1785 0 0 0 0 0 0 0 -180
0 180 0 0 0 -0 0 180 0.0337705 23.8436 0 -0 0 -0 0 -180 0 180
0 -180 0 -180 0 0 0 -0 0.0241062 -40.1785 0 0 0 0 0 0 0 -180
0 180 0 180 0 -0 0 0 0.0337705 23.8436 0 -180 0 -0 0 -0 0 180
0 -180 0 0 0 180 0 -180 0.181585 149.297 0 -180 0 -180 0 0 0 -180
0 180 0 -0 0 180 0 180 0.814648 -16.31 0 180 0 180 0 -0 0 180
inside=1 lambda=0.647 phi=30 theta=0
0 180 0 180 0 -180 0 0 0.135899 103.636 0 0 0 180 0 180 0 -180
0 180 0 180 0 0 0 -0 0.854875 -40.3756 0 -180 0 180 0 180 0 0
0 180 0 -0 0 0 0 -0 9.00939e-13 178.715 0 -0 0 -0 0 180 0 -180
0 180 0 0 0 -180 0 0 2.69751e-12 47.5172 0 -180 0 -0 0 -180 0 0
0 -180 0 -180 0 0 0 -180 8.59969e-13 175.951 0 180 0 0 0 0 0 -180
0 180 0 180 0 -0 0 0 2.76439e-12 48.8031 0 -0 0 -0 0 -0 0 180
0 -180 0 0 0 -180 0 -180 0.189161 104.918 0 -180 0 -180 0 0 0 -180
0 180 0 -0 0 180 0 180 0.781254 -43.308 0 180 0 180 0 -0 0 180
inside=1 lambda=0.647 phi=30 theta=15
0 180 0 -180 0 -180 0 0 0.139411 103.652 0 0 0 180 0 180 0 -180
0 180 0 180 0 0 0 -0 0.849791 -40.5577 0 -180 0 180 0 180 0 0
0 180 0 -0 0 0 0 -180 0.0134902 -85.3407 0 0 0 -0 0 0 0 -180
0 180 0 0 0 -180 0 180 0.0247954 0.169908 0 -180 0 -0 0 -180 0 0
0 -180 0 -180 0 0 0 -0 0.0133962 -82.4082 0 0 0 0 0 0 0 -180
0 180 0 180 0 -0 0 0 0.024136 -1.41986 0 -180 0 -0 0 -0 0 180
0 -180 0 0 0 -180 0 -180 0.185556 104.77 0 -180 0 -180 0 0 0 -180
0 180 0 -0 0 180 0 180 0.786029 -43.0956 0 180 0 180 0 -0 0 180
inside=1 lambda=0.647 phi=30 theta=30
0 180 0 -180 0 -180 0 0 0.149059 103.756 0 0 0 180 0 -180 0 -180
0 180 0 180 0 0 0 -0 0.836016 -41.0644 0 -180 0 180 0 180 0 0
0 -180 0 -0 0 0 0 -180 0.0233245 -84.6417 0 0 0 -0 0 0 0 -180
0 180 0 0 0 -180 0 180 0.042619 -0.287411 0 -180 0 -0 0 -180 0 0
0 -180 0 -180 0 0 0 -0 0.0232349 -82.9686 0 0 0 0 0 0 0 -180
0 180 0 180 0 -0 0 0 0.0419697 -1.20024 0 -180 0 -0 0 -180 0 180
0 -180 0 0 0 -180 0 -180 0.175719 104.409 0 -180 0 -180 0 0 0 -180
0 180 0 -0 0 180 0 180 0.799198 -42.5278 0 180 0 0 0 -180 0 180
inside=1 lambda=0.647 phi=30 theta=45
0 -180 0 -180 0 -180 0 0 0.162341 104.02 0 0 0 180 0 -180 0 -180
0 180 0 180 0 0 0 -0 0.817457 -41.7807 0 -180 0 180 0 180 0 0
0 -180 0 -0 0 0 0 -180 0.0268782 -83.7702 0 0 0 0 0 0 0 -180
0 180 0 0 0 -180 0 180 0.0487912 -0.802152 0 -180 0 -0 0 -180 0 180
0 -180 0 -180 0 0 0 -0 0.0268782 -83.7702 0 0 0 0 0 0 0 -180
0 180 0 180 0 -0 0 0 0.0487912 -0.802152 0 -180 0 -180 0 -180 0 180
0 -180 0 0 0 180 0 -180 0.162341 104.02 0 -180 0 -180 0 0 0 -180
0 180 0 -0 0 180 0 180 0.817457 -41.7807 0 180 0 0 0 -180 0 0
inside=1 lambda=0.647 phi=35 theta=0
0 180 0 180 0 -180 0 0 0.110837 44.2779 0 0 0 180 0 180 0 -180
0 180 0 180 0 0 0 -0 0.872304 -69.2402 0 -180 0 180 0 180 0 0
0 180 0 -0 0 0 0 0 8.61282e-13 -62.1171 0 -0 0 -0 0 180 0 -180
0 180 0 0 0 -180 0 0 1.77645e-12 -162.188 0 -0 0 -0 0 -180 0 0
0 -180 0 -180 0 0 0 180 7.44519e-13 -71.2342 0 -180 0 0 0 0 0 -180
0 0 0 0 0 -180 0 -180 2.20025e-12 -160.251 0 180 0 -180 0 -180 0 0
0 -180 0 0 0 -180 0 -180 0.153842 41.4645 0 -180 0 -180 0 0 0 -180
0 0 0 -180 0 0 0 0 0.772862 -73.6399 0 0 0 0 0 -180 0 0
inside=1 lambda=0.647 phi=35 theta=15
0 180 0 180 0 -180 0 0 0.113604 43.7986 0 0 0 180 0 180 0 -180
0 180 0 180 0 0 0 -0 0.86529 -69.5122 0 -180 0 180 0 180 0 0
0 180 0 -0 0 0 0 -180 0.0126316 -164.957 0 0 0 -0 0 180 0 -180
0 180 0 0 0 -180 0 180 0.0353982 -26.2766 0 -180 0 -0 0 -180 0 0
0 -180 0 -180 0 0 0 -0 0.0119942 -159.977 0 180 0 0 0 0 0 -180
0 0 0 0 0 -0 0 0 0.0339384 -28.4669 0 -180 0 -180 0 -180 0 0
0 -180 0 0 0 -180 0 -180 0.150935 41.4094 0 -180 0 -180 0 0 0 -180
0 180 0 -180 0 180 0 0 0.779157 -73.3174 0 0 0 0 0 -180 0 0
inside=1 lambda=0.647 phi=35 theta=30
0 180 0 -180 0 -180 0 0 0.121304 42.7461 0 0 0 180 0 180 0 -180
0 180 0 180 0 0 0 -0 0.846395 -70.2668 0 -180 0 180 0 180 0 0
0 180 0 -0 0 0 0 -180 0.021586 -163.728 0 0 0 -0 0 180 0 -180
0 180 0 0 0 -180 0 180 0.0605179 -26.9758 0 -180 0 -0 0 -180 0 0
0 -180 0 -180 0 -0 0 -0 0.0209729 -160.895 0 180 0 0 0 0 0 -180
0 180 0 180 0 -0 0 0 0.0590992 -28.2297 0 -180 0 -180 0 -180 0 0
0 -180 0 0 0 180 0 -180 0.142947 41.4231 0 -180 0 -180 0 0 0 -180
0 180 0 -0 0 180 0 0 0.79665 -72.4583 0 180 0 0 0 -180 0 0
inside=1 lambda=0.647 phi=35 theta=45
0 180 0 -180 0 -180 0 0 0.132053 41.8327 0 0 0 180 0 180 0 -180
0 180 0 0 0 0 0 -0 0.82118 -71.3357 0 -180 0 180 0 180 0 0
0 -180 0 -0 0 0 0 -180 0.0245428 -162.233 0 0 0 -0 0 180 0 -180
0 180 0 0 0 -180 0 180 0.0689288 -27.7143 0 -180 0 -0 0 -180 0 0
0 -180 0 -180 0 -0 0 -0 0.0245428 -162.233 0 180 0 0 0 0 0 -180
0 180 0 180 0 -0 0 0 0.0689288 -27.7143 0 -180 0 -180 0 -180 0 0
0 180 0 0 0 180 0 -180 0.132053 41.8327 0 180 0 -180 0 0 0 -180
0 180 0 -0 0 180 0 0 0.82118 -71.3357 0 180 0 0 0 -180 0 0
inside=1 lambda=0.647 phi=40 theta=0
0 180 0 180 0 -180 0 -0 0.0949284 -25.7905 0 0 0 180 0 180 0 -180
0 180 0 180 0 0 0 -180 0.892729 -101.334 0 -180 0 180 0 180 0 0
0 180 0 -0 0 0 0 180 2.61629e-13 5.52088 0 0 0 -0 0 180 0 -180
0 180 0 -0 0 -180 0 -180 5.95366e-14 110.284 0 0 0 -0 0 180 0 0
0 -180 0 -180 0 0 0 -0 1.32225e-13 56.4284 0 0 0 0 0 0 0 -180
0 0 0 0 0 -180 0 0 3.10401e-13 12.2782 0 -180 0 -180 0 -180 0 0
0 -180 0 0 0 -180 0 -180 0.162345 -48.5483 0 -180 0 -180 0 0 0 -180
0 0 0 -180 0 0 0 0 0.755388 -108.07 0 0 0 0 0 -180 0 0
inside=1 lambda=0.647 phi=40 theta=15
0 180 0 180 0 -180 0 -0 0.0984296 -28.6533 0 0 0 180 0 180 0 -180
0 180 0 0 0 0 0 -180 0.882704 -101.746 0 -180 0 180 0 180 0 0
0 180 0 -0 0 0 0 -180 0.02538 97.1339 0 0 0 -0 0 180 0 -180
0 180 0 -0 0 -180 0 0 0.0513173 -57.2013 0 -180 0 -0 0 180 0 0
0 -180 0 -180 0 -0 0 -0 0.0236762 99.7745 0 180 0 0 0 0 0 -180
0 0 0 0 0 -180 0 -0 0.0483499 -59.7981 0 180 0 -180 0 -180 0 0
0 -180 0 0 0 180 0 -180 0.157524 -47.9722 0 -180 0 -180 0 0 0 -180
0 0 0 -180 0 0 0 0 0.763715 -107.564 0 0 0 0 0 -180 0 0
inside=1 lambda=0.647 phi=40 theta=30
0 180 0 180 0 -180 0 -0 0.109323 -35.2235 0 0 0 180 0 180 0 -180
0 180 0 0 0 0 0 -180 0.855963 -102.881 0 -180 0 180 0 180 0 0
0 180 0 -0 0 0 0 -180 0.0431252 97.7912 0 0 0 -0 0 180 0 -180
0 180 0 -0 0 -180 0 0 0.0870987 -58.1623 0 -180 0 -0 0 180 0 0
0 180 0 -180 0 -0 0 -0 0.0414999 99.288 0 180 0 0 0 0 0 -180
0 0 0 0 0 -180 0 -0 0.0842743 -59.6482 0 180 0 -180 0 -180 0 0
0 180 0 -0 0 180 0 -180 0.144154 -45.8956 0 180 0 -180 0 0 0 -180
0 0 0 -180 0 180 0 0 0.78721 -106.223 0 0 0 0 0 -180 0 0
inside=1 lambda=0.647 phi=40 theta=45
0 180 0 -180 0 -180 0 -0 0.126169 -41.6479 0 0 0 180 0 180 0 -180
0 180 0 0 0 0 0 -180 0.820807 -104.498 0 -180 0 180 0 0 0 0
0 180 0 -0 0 0 0 -180 0.0487514 98.5751 0 0 0 -0 0 180 0 -180
0 0 0 -0 0 -180 0 0 0.0986054 -59.0953 0 -180 0 -0 0 180 0 0
0 180 0 -180 0 -0 0 -0 0.0487514 98.5751 0 180 0 0 0 0 0 -180
0 0 0 0 0 -0 0 -0 0.0986054 -59.0953 0 180 0 -180 0 -180 0 0
0 180 0 -0 0 180 0 -180 0.126169 -41.6479 0 180 0 -180 0 0 0 -180
0 180 0 -180 0 180 0 0 0.820807 -104.498 0 0 0 0 0 -180 0 0
inside=1 lambda=0.647 phi=45 theta=0
0 180 0 180 0 -180 0 -0 0.0788786 -99.784 0 0 0 180 0 180 0 -180
0 180 0 0 0 -0 0.0120526 153.975 0.917739 -135.921 0 180 0 180 0 0 0 -0
0 180 0 -0 0 0 0 -0 3.21804e-13 -158.755 0 -0 0 -0 0 180 0 -180
0 0 0 -0 0 180 8.03079e-14 -47.2807 2.87034e-13 63.1939 0 0 0 -180 0 180 0 -0
0 -180 0 -180 0 0 0 180 1.13527e-13 -165.918 0 180 0 0 0 0 0 -180
0 0 0 0 0 -180 3.35899e-14 117.191 1.95922e-13 -34.6209 0 0 0 -180 0 -180 0 0
0 -180 0 0 0 -180 0 -180 0.247311 -125.983 0 -180 0 -180 0 0 0 -180
0 0 0 -180 0 0 0.0804941 -5.45337 0.721505 -145.214 0 0 0 0 0 -180 0 0
inside=1 lambda=0.647 phi=45 theta=15
0 180 0 180 0 -180 0 -0 0.0870865 -105.298 0 0 0 180 0 180 0 -180
0 0 0 0 0 -0 0 -180 0.90379 -136.522 0 180 0 180 0 0 0 -0
0 180 0 -0 0 0 0 -180 0.0503476 34.0645 0 0 0 -0 0 180 0 -180
0 0 0 -0 0 180 0 0 0.0723746 -94.1564 0 180 0 -180 0 180 0 -0
0 180 0 -180 0 -0 0 -0 0.0480128 37.9134 0 180 0 0 0 0 0 -180
0 0 0 0 0 -180 0 -0 0.067201 -97.181 0 180 0 180 0 180 0 -0
0 180 0 -0 0 180 0 -180 0.236163 -125.712 0 180 0 -180 0 0 0 -180
0 0 0 -180 0 0 0 -0 0.733407 -144.524 0 0 0 -0 0 180 0 -0
inside=1 lambda=0.647 phi=45 theta=30
0 180 0 180 0 -180 0 -0 0.11596 -115.219 0 0 0 180 0 180 0 -180
0 0 0 0 0 -0 0 -180 0.864873 -138.042 0 180 0 180 0 0 0 -0
0 180 0 -0 0 0 0 180 0.0860207 35.1035 0 0 0 -0 0 180 0 -180
0 0 0 -0 0 180 0 0 0.121786 -95.5062 0 180 0 -180 0 180 0 -0
0 180 0 180 0 -0 0 -0 0.0839196 37.2038 0 180 0 0 0 0 0 -180
0 0 0 0 0 -180 0 -0 0.117053 -97.2557 0 180 0 180 0 180 0 -0
0 180 0 -0 0 180 0 -180 0.203705 -124.845 0 180 0 -180 0 0 0 -180
0 0 0 -180 0 0 0 0 0.766343 -142.609 0 0 0 -0 0 180 0 -0
inside=1 lambda=0.647 phi=45 theta=45
0 180 0 180 0 -180 0 -0 0.159184 -121.879 0 0 0 180 0 180 0 -180
0 0 0 0 0 -0 0 -180 0.814217 -140.214 0 180 0 180 0 0 0 -0
0 180 0 -0 0 0 0 180 0.0979309 36.2119 0 0 0 -0 0 180 0 -180
0 0 0 -0 0 180 0 0 0.137157 -96.6937 0 180 0 -180 0 180 0 -0
0 180 0 180 0 -0 0 -0 0.0979309 36.2119 0 180 0 0 0 0 0 -180
0 0 0 0 0 -180 0 -0 0.137157 -96.6937 0 180 0 180 0 180 0 -0
0 180 0 -0 0 180 0 180 0.159184 -121.879 0 180 0 -180 0 0 0 -180
0 0 0 -180 0 180 0 0 0.814217 -140.214 0 0 0 -0 0 180 0 -0
