RSoft_BSDF_File_Version 2
1 0 5 2 1 0.0914286
0.3 0.3
-1 1
-1 1
1 0.647 0.647
10 0 45 0.5
4 0 45
Begin_Dispersion_Data
0.647 1.45662 0 1 0 0
End_Dispersion_Data
inside=0 lambda=0.647 phi=0 theta=0
0 0 0 -180 0 0 0 0 0.198978 151.441 0 0 0 0 0 -180 0 0
0 0 0 -180 0 0 0 0 1.18277 75.247 0 0 0 0 0 -180 0 0
0 0 0 180 0 -180 0 -180 3.15259e-13 106.837 0 180 0 -180 0 180 0 0
0 0 0 180 0 -180 0 -180 3.97065e-13 92.8209 0 -180 0 -180 0 180 0 0
0 0 0 -0 0 -180 0 -180 6.72935e-13 106.058 0 180 0 -180 0 -0 0 0
0 0 0 -0 0 -180 0 180 4.19399e-13 36.759 0 180 0 -180 0 -0 0 0
0 0 0 0 0 0 0 -180 0.198978 151.441 0 -180 0 0 0 0 0 0
0 0 0 0 0 0 0 -180 1.18277 75.247 0 -180 0 0 0 0 0 0
inside=0 lambda=0.647 phi=0 theta=15
0 0 0 -180 0 0 0 0 0.198978 151.441 0 0 0 0 0 -180 0 0
0 0 0 -180 0 0 0 0 1.18277 75.247 0 0 0 0 0 -180 0 0
0 0 0 180 0 -180 0 -180 3.15259e-13 106.837 0 180 0 -180 0 180 0 0
0 0 0 180 0 -180 0 -180 3.97065e-13 92.8209 0 -180 0 -180 0 180 0 0
0 0 0 -0 0 -180 0 -180 6.72935e-13 106.058 0 180 0 -180 0 -0 0 0
0 0 0 -0 0 -180 0 180 4.19399e-13 36.759 0 180 0 -180 0 -0 0 0
0 0 0 0 0 0 0 -180 0.198978 151.441 0 -180 0 0 0 0 0 0
0 0 0 0 0 0 0 -180 1.18277 75.247 0 -180 0 0 0 0 0 0
inside=0 lambda=0.647 phi=0 theta=30
0 0 0 -180 0 0 0 0 0.198978 151.441 0 0 0 0 0 -180 0 0
0 0 0 -180 0 0 0 0 1.18277 75.247 0 0 0 0 0 -180 0 0
0 0 0 180 0 -180 0 -180 3.15259e-13 106.837 0 180 0 -180 0 180 0 0
0 0 0 180 0 -180 0 -180 3.97065e-13 92.8209 0 -180 0 -180 0 180 0 0
0 0 0 -0 0 -180 0 -180 6.72935e-13 106.058 0 180 0 -180 0 -0 0 0
0 0 0 -0 0 -180 0 180 4.19399e-13 36.759 0 180 0 -180 0 -0 0 0
0 0 0 0 0 0 0 -180 0.198978 151.441 0 -180 0 0 0 0 0 0
0 0 0 0 0 0 0 -180 1.18277 75.247 0 -180 0 0 0 0 0 0
inside=0 lambda=0.647 phi=0 theta=45
0 0 0 -180 0 0 0 0 0.198978 151.441 0 0 0 0 0 -180 0 0
0 0 0 -180 0 0 0 0 1.18277 75.247 0 0 0 0 0 -180 0 0
0 0 0 180 0 -180 0 -180 3.15259e-13 106.837 0 180 0 -180 0 180 0 0
0 0 0 180 0 -180 0 -180 3.97065e-13 92.8209 0 -180 0 -180 0 180 0 0
0 0 0 -0 0 -180 0 -180 6.72935e-13 106.058 0 180 0 -180 0 -0 0 0
0 0 0 -0 0 -180 0 180 4.19399e-13 36.759 0 180 0 -180 0 -0 0 0
0 0 0 0 0 0 0 -180 0.198978 151.441 0 -180 0 0 0 0 0 0
0 0 0 0 0 0 0 -180 1.18277 75.247 0 -180 0 0 0 0 0 0
inside=0 lambda=0.647 phi=5 theta=0
0 0 0 -180 0 0 0 0 0.19676 150.907 0 0 0 0 0 -180 0 0
0 0 0 -180 0 0 0 0 1.18076 74.9697 0 0 0 0 0 -180 0 0
0 0 0 -180 0 -180 0 180 5.12229e-14 -38.9407 0 180 0 -180 0 0 0 0
0 0 0 -180 0 -180 0 180 6.37611e-14 -93.0205 0 -180 0 -180 0 0 0 0
0 0 0 -180 0 -180 0 -0 1.05397e-13 40.9406 0 -180 0 -180 0 0 0 0
0 0 0 -180 0 -180 0 -0 8.20455e-14 -57.6198 0 -180 0 -180 0 0 0 0
0 0 0 0 0 0 0 -180 0.201126 150.904 0 -180 0 0 0 0 0 0
0 0 0 0 0 0 0 -180 1.18479 74.9712 0 -180 0 0 0 0 0 0
inside=0 lambda=0.647 phi=5 theta=15
0 0 0 -180 0 0 0 0 0.197053 150.907 0 0 0 0 0 -180 0 0
0 0 0 -180 0 0 0 0 1.18103 74.9698 0 0 0 0 0 -180 0 0
0 0 0 -180 0 -180 0 -180 0.0010866 -29.4326 0 0 0 -180 0 0 0 0
0 0 0 -180 0 -180 0 -180 0.00100869 -104.957 0 0 0 -180 0 0 0 0
0 0 0 -180 0 -180 0 -180 0.00108663 -29.4315 0 0 0 -180 0 0 0 0
0 0 0 -180 0 -180 0 -180 0.00100867 -104.954 0 -0 0 -180 0 0 0 0
0 0 0 0 0 0 0 -180 0.200834 150.904 0 -180 0 0 0 0 0 0
0 0 0 0 0 0 0 -180 1.18452 74.9711 0 -180 0 0 0 0 0 0
inside=0 lambda=0.647 phi=5 theta=30
0 0 0 -180 0 0 0 0 0.197852 150.906 0 0 0 0 0 -180 0 0
0 0 0 -180 0 0 0 0 1.18177 74.97 0 0 0 0 0 -180 0 0
0 0 0 -180 0 -180 0 -180 0.00188206 -29.4324 0 0 0 -180 0 0 0 0
0 0 0 -180 0 -180 0 -180 0.00174709 -104.957 0 0 0 -180 0 0 0 0
0 0 0 -180 0 -180 0 -180 0.00188209 -29.4317 0 0 0 -180 0 0 0 0
0 0 0 -180 0 -180 0 -180 0.00174708 -104.955 0 -0 0 -180 0 0 0 0
0 0 0 0 0 0 0 -180 0.200035 150.905 0 -180 0 0 0 0 0 0
0 0 0 0 0 0 0 -180 1.18378 74.9708 0 -180 0 0 0 0 0 0
inside=0 lambda=0.647 phi=5 theta=45
0 0 0 -180 0 0 0 0 0.198943 150.906 0 0 0 0 0 -180 0 0
0 0 0 -180 0 0 0 0 1.18278 74.9704 0 0 0 0 0 -180 0 0
0 0 0 -180 0 -180 0 -180 0.00217324 -29.4321 0 0 0 -180 0 0 0 0
0 0 0 -180 0 -180 0 -180 0.00201736 -104.956 0 0 0 -180 0 -0 0 0
0 0 0 -180 0 -180 0 -180 0.00217324 -29.4321 0 0 0 -180 0 0 0 0
0 0 0 -180 0 -180 0 -180 0.00201736 -104.956 0 -0 0 -180 0 0 0 0
0 0 0 0 0 0 0 -180 0.198943 150.906 0 -180 0 0 0 0 0 0
0 0 0 0 0 0 0 -180 1.18278 74.9704 0 -180 0 0 0 0 0 0
inside=0 lambda=0.647 phi=10 theta=0
0 0 0 -180 0 0 0 0 0.189846 149.311 0 0 0 0 0 -180 0 0
0 0 0 -180 0 0 0 0 1.17449 74.1399 0 0 0 0 0 -180 0 0
0 0 0 -180 0 -180 0 -0 5.6456e-14 0.243548 0 -180 0 -180 0 0 0 0
0 0 0 -180 0 -180 0 -180 2.54367e-14 -42.944 0 -180 0 -180 0 0 0 0
0 0 0 -180 0 -180 0 0 6.45376e-14 89.084 0 -180 0 -180 0 0 0 0
0 0 0 -180 0 -180 0 0 5.96916e-14 46.5857 0 0 0 -180 0 0 0 0
0 0 0 0 0 0 0 -180 0.2078 149.295 0 -180 0 0 0 0 0 0
0 0 0 0 0 0 0 -180 1.19108 74.1464 0 -180 0 0 0 0 0 0
inside=0 lambda=0.647 phi=10 theta=15
0 0 0 -180 0 0 0 0 0.191048 149.31 0 0 0 0 0 -180 0 0
0 0 0 -180 0 0 0 0 1.1756 74.1403 0 0 0 0 0 -180 0 0
0 0 0 -180 0 -180 0 -180 0.0044687 -31.0561 0 0 0 -180 0 0 0 0
0 0 0 -180 0 -180 0 -180 0.00415418 -105.76 0 0 0 -180 0 -0 0 0
0 0 0 -180 0 -180 0 -180 0.00446922 -31.0516 0 0 0 -180 0 0 0 0
0 0 0 -180 0 -180 0 -180 0.00415397 -105.748 0 -0 0 -180 0 0 0 0
0 0 0 0 0 0 0 -180 0.206597 149.295 0 -180 0 0 0 0 0 0
0 0 0 0 0 0 0 -180 1.18997 74.146 0 -180 0 0 0 0 0 0
inside=0 lambda=0.647 phi=10 theta=30
0 0 0 -180 0 0 0 0 0.194333 149.306 0 0 0 0 0 -180 0 0
0 0 0 -180 0 0 0 0 1.17864 74.1415 0 0 0 0 0 -180 0 0
0 0 0 -180 0 -180 0 -180 0.00774023 -31.0552 0 0 0 -180 0 0 0 0
0 0 0 -180 0 -180 0 -180 0.00719518 -105.757 0 0 0 -180 0 -0 0 0
0 0 0 -180 0 -180 0 -180 0.00774075 -31.0526 0 0 0 -180 0 0 0 0
0 0 0 -180 0 -180 0 -180 0.00719497 -105.75 0 -0 0 -180 0 0 0 0
0 0 0 0 0 0 0 -180 0.20331 149.298 0 -180 0 0 0 0 0 0
0 0 0 0 0 0 0 -180 1.18693 74.1447 0 -180 0 0 0 0 0 0
inside=0 lambda=0.647 phi=10 theta=45
0 0 0 -180 0 0 0 0 0.198821 149.302 0 0 0 0 0 -180 0 0
0 0 0 -180 0 0 0 0 1.18278 74.1431 0 0 0 0 0 -180 0 0
0 0 0 -180 0 -180 0 -180 0.00893796 -31.0539 0 0 0 -180 0 0 0 0
0 0 0 -180 0 -180 0 -180 0.00830816 -105.754 0 0 0 -180 0 -0 0 0
0 0 0 -180 0 -180 0 -180 0.00893796 -31.0539 0 0 0 -180 0 0 0 0
0 0 0 -180 0 -180 0 -180 0.00830816 -105.754 0 -0 0 -180 0 0 0 0
0 0 0 0 0 0 0 -180 0.198821 149.302 0 -180 0 0 0 0 0 0
0 0 0 0 0 0 0 -180 1.18278 74.1431 0 -180 0 0 0 0 0 0
inside=0 lambda=0.647 phi=15 theta=0
0 -0 0 -180 0 0 0 0 0.177374 146.671 0 0 0 -0 0 -180 0 0
0 0 0 -180 0 0 0 0 1.16309 72.7641 0 0 0 0 0 -180 0 0
0 0 0 -180 0 -180 0 -180 1.54544e-14 63.5038 0 -0 0 -180 0 0 0 0
0 0 0 180 0 -180 0 -180 2.2132e-14 -9.3396 0 -0 0 -180 0 -0 0 0
0 0 0 -180 0 -180 0 -0 4.49507e-14 -78.9297 0 -0 0 -180 0 0 0 0
0 0 0 -180 0 -180 0 -180 4.93824e-14 -100.009 0 -0 0 -180 0 0 0 0
0 0 0 0 0 0 0 -180 0.219763 146.625 0 -180 0 0 0 0 0 0
0 0 0 0 0 0 0 -180 1.20238 72.781 0 -180 0 0 0 0 0 0
inside=0 lambda=0.647 phi=15 theta=15
0 -0 0 -180 0 0 0 0 0.180211 146.667 0 0 0 -0 0 -180 0 0
0 0 0 -180 0 0 0 0 1.16573 72.7651 0 0 0 0 0 -180 0 0
0 0 0 -180 0 -180 0 -180 0.0105505 -33.7516 0 0 0 -180 0 0 0 0
0 0 0 -180 0 -180 0 -180 0.00983224 -107.093 0 0 0 -180 0 -0 0 0
0 0 0 -180 0 -180 0 -180 0.0105532 -33.741 0 0 0 -180 0 0 0 0
0 0 0 -180 0 -180 0 -180 0.00983112 -107.065 0 -0 0 -180 0 0 0 0
0 0 0 0 0 0 0 -180 0.21692 146.627 0 -180 0 0 0 0 0 0
0 0 0 0 0 0 0 -180 1.19975 72.7797 0 -180 0 0 0 0 0 0
inside=0 lambda=0.647 phi=15 theta=30
0 -0 0 -180 0 0 0 0 0.187963 146.656 0 0 0 -0 0 -180 0 0
0 0 0 -180 0 0 0 0 1.17292 72.7679 0 0 0 0 0 -180 0 0
0 0 0 -180 0 -180 0 -180 0.0182752 -33.7495 0 0 0 -180 0 0 0 0
0 0 0 -180 0 -180 0 -180 0.0170296 -107.086 0 0 0 -180 0 -0 0 0
0 0 0 -180 0 -180 0 -180 0.0182779 -33.7434 0 0 0 -180 0 0 0 0
0 0 0 -180 0 -180 0 -180 0.0170285 -107.07 0 -0 0 -180 0 0 0 0
0 0 0 0 0 0 0 -180 0.209157 146.633 0 -180 0 0 0 0 0 0
0 0 0 0 0 0 0 -180 1.19256 72.7762 0 -180 0 0 0 0 0 0
inside=0 lambda=0.647 phi=15 theta=45
0 0 0 -180 0 0 0 0 0.198557 146.643 0 0 0 -0 0 -180 0 0
0 0 0 -180 0 0 0 0 1.18274 72.7719 0 0 0 0 0 -180 0 0
0 0 0 -180 0 -180 0 -180 0.0211041 -33.7465 0 0 0 -180 0 0 0 0
0 0 0 -180 0 -180 0 -180 0.0196635 -107.077 0 0 0 -180 0 -0 0 0
0 0 0 -180 0 -180 0 -180 0.0211041 -33.7465 0 0 0 -180 0 0 0 0
0 0 0 -180 0 -180 0 -180 0.0196635 -107.077 0 -0 0 -180 0 0 0 0
0 0 0 0 0 -0 0 -180 0.198557 146.643 0 -180 0 0 0 0 0 0
0 0 0 0 0 0 0 -180 1.18274 72.7719 0 -180 0 0 0 0 0 0
inside=0 lambda=0.647 phi=20 theta=0
0 -0 0 -180 0 0 0 0 0.157578 143.025 0 0 0 -0 0 -180 0 0
0 180 0 -180 0 0 0 0 1.14484 70.8532 0 0 0 180 0 -180 0 0
0 0 0 -180 0 -180 0 0 1.36477e-13 -144.707 0 0 0 -180 0 0 0 0
0 0 0 180 0 -180 0 0 1.19058e-13 156.229 0 0 0 -180 0 -0 0 0
0 0 0 -180 0 -180 0 0 1.67672e-13 12.915 0 180 0 -180 0 0 0 0
0 0 0 -180 0 -180 0 -0 1.46077e-13 27.7446 0 0 0 -180 0 0 0 0
0 0 0 0 0 0 0 -180 0.238559 142.914 0 -180 0 0 0 0 0 0
0 0 0 0 0 0 0 -180 1.22016 70.8895 0 -180 0 0 0 0 0 0
inside=0 lambda=0.647 phi=20 theta=15
0 -0 0 -180 0 0 0 0 0.162994 143.012 0 0 0 -0 0 -180 0 0
0 180 0 -180 0 0 0 0 1.14989 70.8551 0 0 0 180 0 -180 0 0
0 0 0 -180 0 -180 0 -180 0.0201547 -37.5039 0 0 0 -180 0 0 0 0
0 0 0 -180 0 -180 0 -180 0.0188522 -108.95 0 0 0 -180 0 -0 0 0
0 0 0 -180 0 -180 0 -180 0.0201638 -37.4836 0 0 0 -180 0 0 0 0
0 0 0 -180 0 -180 0 -180 0.0188483 -108.898 0 -0 0 -180 0 0 0 0
0 0 0 0 0 0 0 -180 0.233121 142.916 0 -180 0 0 0 0 0 0
0 0 0 0 0 0 0 -180 1.21512 70.8862 0 -180 0 0 0 0 0 0
inside=0 lambda=0.647 phi=20 theta=30
0 -0 0 -180 0 0 0 0 0.177796 142.98 0 0 0 -0 0 -180 0 0
0 0 0 -180 0 0 0 0 1.16369 70.8606 0 0 0 180 0 -180 0 0
0 0 0 -180 0 -180 0 -180 0.0349143 -37.5 0 0 0 -180 0 0 0 0
0 0 0 -180 0 -180 0 -180 0.0326522 -108.934 0 0 0 -180 0 -0 0 0
0 0 0 -180 0 -180 0 -180 0.034923 -37.4888 0 0 0 -180 0 0 0 0
0 0 0 -180 0 -180 0 -180 0.0326485 -108.906 0 -0 0 -180 0 0 0 0
0 0 0 0 0 0 0 -180 0.218279 142.926 0 -180 0 0 0 0 0 0
0 0 0 0 0 0 0 -180 1.20135 70.8782 0 -180 0 0 0 0 0 0
inside=0 lambda=0.647 phi=20 theta=45
0 -0 0 -180 0 0 0 0 0.198028 142.948 0 0 0 -0 0 -180 0 0
0 0 0 -180 0 0 0 0 1.18252 70.8689 0 0 0 0 0 -180 0 0
0 0 0 -180 0 -180 0 -180 0.0403215 -37.4947 0 0 0 -180 0 0 0 0
0 0 0 -180 0 -180 0 -180 0.0377018 -108.918 0 0 0 -180 0 -0 0 0
0 0 0 -180 0 -180 0 -180 0.0403215 -37.4947 0 0 0 -180 0 0 0 0
0 0 0 -180 0 -180 0 -180 0.0377018 -108.918 0 -0 0 -180 0 0 0 0
0 -0 0 0 0 -0 0 -180 0.198028 142.948 0 -180 0 0 0 0 0 0
0 0 0 0 0 0 0 -180 1.18252 70.8689 0 -180 0 0 0 0 0 0
inside=0 lambda=0.647 phi=25 theta=0
0 -0 0 -180 0 0 0 0 0.12702 138.465 0 0 0 -0 0 -180 0 0
0 180 0 -180 0 0 0 0 1.11631 68.4231 0 0 0 180 0 -180 0 0
0 -0 0 -180 0 -180 0 -0 3.64087e-13 119.049 0 -0 0 180 0 0 0 0
0 0 0 180 0 -180 0 -0 4.54248e-13 62.5212 0 0 0 -180 0 -0 0 0
0 0 0 -180 0 -180 0 -180 3.70252e-13 -136.864 0 180 0 -180 0 0 0 0
0 0 0 -180 0 -180 0 -180 4.55812e-13 92.0652 0 -0 0 -180 0 0 0 0
0 0 0 0 0 0 0 -180 0.267163 138.198 0 -180 0 0 0 0 0 0
0 0 0 0 0 0 0 -180 1.24724 68.4965 0 -180 0 0 0 0 0 0
inside=0 lambda=0.647 phi=25 theta=15
0 -0 0 -180 0 0 0 0 0.136382 138.422 0 0 0 -0 0 -180 0 0
0 180 0 -180 0 0 0 0 1.12509 68.4262 0 0 0 180 0 -180 0 0
0 0 0 -180 0 -180 0 -180 0.0348662 -42.2916 0 0 0 180 0 0 0 0
0 0 0 180 0 -180 0 -180 0.0327809 -111.32 0 0 0 -180 0 -0 0 0
0 0 0 -180 0 -180 0 -180 0.0348914 -42.2556 0 0 0 -180 0 0 0 0
0 0 0 -180 0 -180 0 -180 0.0327688 -111.236 0 -0 0 -180 0 0 0 0
0 0 0 0 0 0 0 -180 0.257718 138.194 0 -180 0 0 0 0 0 0
0 0 0 0 0 0 0 -180 1.2385 68.4878 0 -180 0 0 0 0 0 0
inside=0 lambda=0.647 phi=25 theta=30
0 -0 0 -180 0 0 0 0 0.161972 138.329 0 0 0 -0 0 -180 0 0
0 180 0 -180 0 0 0 0 1.14908 68.436 0 0 0 180 0 -180 0 0
0 0 0 -180 0 -180 0 -180 0.0604085 -42.2863 0 0 0 -180 0 0 0 0
0 0 0 -180 0 -180 0 -180 0.0567774 -111.29 0 0 0 -180 0 -0 0 0
0 0 0 -180 0 -180 0 -180 0.0604306 -42.2679 0 0 0 -180 0 0 0 0
0 0 0 -180 0 -180 0 -180 0.0567673 -111.247 0 -0 0 -180 0 0 0 0
0 -0 0 0 0 -0 0 -180 0.231998 138.202 0 -180 0 0 0 0 0 0
0 0 0 0 0 0 0 -180 1.21457 68.4697 0 -180 0 0 0 0 0 0
inside=0 lambda=0.647 phi=25 theta=45
0 -0 0 -180 0 0 0 0 0.196959 138.247 0 0 0 -0 0 -180 0 0
0 0 0 -180 0 0 0 0 1.18184 68.4512 0 0 0 180 0 -180 0 0
0 0 0 -180 0 -180 0 -180 0.0697701 -42.2784 0 0 0 -180 0 0 0 0
0 0 0 -180 0 -180 0 -180 0.0655573 -111.265 0 0 0 -180 0 -0 0 0
0 0 0 -180 0 -180 0 -180 0.0697701 -42.2784 0 0 0 -180 0 0 0 0
0 0 0 -180 0 -180 0 -180 0.0655573 -111.265 0 -0 0 -180 0 0 0 0
0 -0 0 0 0 -0 0 -180 0.196959 138.247 0 -180 0 0 0 0 0 0
0 0 0 0 0 180 0 -180 1.18184 68.4512 0 -180 0 0 0 0 0 0
inside=0 lambda=0.647 phi=30 theta=0
0 -0 0 -180 0 0 0.00836778 -66.5887 0.0786196 133.442 0 0 0 -0 0 -180 0 0
0 180 0 -180 0 0 0 180 1.07008 65.4969 0 0 0 180 0 -180 0 0
0 -0 0 -180 0 -180 3.18594e-13 -59.4465 7.88988e-14 44.5776 0 -180 0 180 0 0 0 0
0 0 0 180 0 -180 0 -0 8.22e-14 16.3967 0 -180 0 -180 0 -0 0 0
0 0 0 -180 0 -180 2.6325e-13 -143.435 6.07257e-14 -151.604 0 -180 0 -180 0 0 0 0
0 0 0 -180 0 -180 0 180 2.01587e-13 -81.6213 0 -180 0 -180 0 0 0 0
0 0 0 0 0 0 0.096989 -103.195 0.310952 132.701 0 -180 0 0 0 0 0 0
0 0 0 0 0 0 0 -180 1.28801 65.6387 0 -180 0 0 0 0 0 0
inside=0 lambda=0.647 phi=30 theta=15
0 -0 0 -180 0 0 0 0 0.0940744 133.142 0 0 0 -0 0 -180 0 0
0 180 0 -180 0 0 0 180 1.08496 65.5031 0 0 0 180 0 -180 0 0
0 -0 0 -180 0 -180 0 -180 0.0579295 -48.0822 0 0 0 180 0 0 0 0
0 0 0 180 0 -180 0 -180 0.0548557 -114.218 0 0 0 -180 0 -0 0 0
0 0 0 -180 0 -180 0 -180 0.0580086 -48.0036 0 0 0 -180 0 0 0 0
0 0 0 -180 0 -180 0 -180 0.0548013 -114.049 0 -0 0 -180 0 0 0 0
0 0 0 0 0 0 0 -180 0.295988 132.549 0 -180 0 0 0 0 0 0
0 0 0 0 0 0 0 -180 1.2746 65.6342 0 -180 0 0 0 0 0 0
inside=0 lambda=0.647 phi=30 theta=30
0 -0 0 -180 0 0 0 0 0.136538 132.812 0 0 0 -0 0 -180 0 0
0 180 0 -180 0 0 0 180 1.12512 65.5165 0 0 0 180 0 -180 0 0
0 0 0 -180 0 -180 0 -180 0.100423 -48.0824 0 0 0 180 0 0 0 0
0 0 0 -180 0 -180 0 -180 0.095016 -114.137 0 0 0 -180 0 -0 0 0
0 0 0 -180 0 -180 0 -180 0.100472 -48.0545 0 0 0 -180 0 0 0 0
0 0 0 -180 0 -180 0 -180 0.0949915 -114.078 0 -0 0 -180 0 0 0 0
0 -0 0 0 0 -0 0 -180 0.252913 132.497 0 -180 0 0 0 0 0 0
0 0 0 0 0 0 0 -180 1.23472 65.5781 0 -180 0 0 0 0 0 0
inside=0 lambda=0.647 phi=30 theta=45
0 -0 0 -180 0 0 0 0 0.19466 132.587 0 0 0 -0 0 -180 0 0
0 180 0 -180 0 0 0 0 1.17995 65.5432 0 0 0 180 0 -180 0 0
0 0 0 -180 0 -180 0 -180 0.115998 -48.0734 0 0 0 -180 0 0 0 0
0 0 0 -180 0 -180 0 -180 0.109711 -114.101 0 0 0 -180 0 -0 0 0
0 0 0 -180 0 -180 0 -180 0.115998 -48.0734 0 0 0 -180 0 0 0 0
0 0 0 -180 0 -180 0 -180 0.109711 -114.101 0 -0 0 -180 0 0 0 0
0 -0 0 0 0 -0 0 -180 0.19466 132.587 0 -180 0 0 0 0 0 0
0 180 0 0 0 180 0 -180 1.17995 65.5432 0 -180 0 0 0 0 0 0
inside=0 lambda=0.647 phi=35 theta=0
0 -0 0 180 0 0 0.017798 -50.6287 0.00685865 -80.7349 0 0 0 -0 0 180 0 0
0 180 0 -0 0 -0 0 180 0.988184 62.0794 0 0 0 180 0 -0 0 -0
0 -0 0 -180 0 -180 5.85637e-13 -63.7498 2.78013e-13 10.0595 0 -180 0 180 0 0 0 0
0 180 0 180 0 -180 0 -0 2.41422e-13 -19.8094 0 -180 0 -0 0 -0 0 0
0 0 0 -180 0 -180 6.69043e-14 149.252 1.2256e-13 154.245 0 -180 0 -180 0 0 0 0
0 0 0 -180 0 -180 0 180 1.37977e-13 -12.7604 0 180 0 -180 0 0 0 0
0 0 0 0 0 0 0.0923428 -64.2361 0.382532 125.879 0 -180 0 0 0 0 0 0
0 0 0 0 0 0 0 -0 1.35797 62.2407 0 -180 0 0 0 0 0 0
inside=0 lambda=0.647 phi=35 theta=15
0 -0 0 180 0 0 0.0156265 -63.7755 0.0202217 133.513 0 0 0 -0 0 180 0 0
0 180 0 -180 0 0 0 180 1.01314 62.0977 0 0 0 180 0 -180 0 -0
0 -0 0 -180 0 -180 0.0112451 -141.216 0.097379 -54.9287 0 0 0 180 0 0 0 0
0 0 0 180 0 -180 0 -180 0.0931357 -117.495 0 0 0 -0 0 -0 0 0
0 0 0 -180 0 -180 0.0178705 -94.4664 0.0973448 -54.8077 0 0 0 -180 0 0 0 0
0 0 0 -180 0 -180 0 -180 0.0929048 -117.438 0 -0 0 -180 0 0 0 0
0 0 0 0 0 0 0.0917225 -78.4025 0.356964 125.94 0 -180 0 0 0 0 0 0
0 0 0 0 0 0 0 -180 1.33335 62.2558 0 -180 0 0 0 0 0 0
inside=0 lambda=0.647 phi=35 theta=30
0 -0 0 -180 0 0 0 0 0.0913504 126.9 0 0 0 -0 0 -180 0 0
0 180 0 -180 0 0 0 180 1.08153 62.1358 0 0 0 180 0 -180 0 -0
0 -0 0 -180 0 -180 0 180 0.168814 -54.8558 0 0 0 180 0 0 0 0
0 0 0 180 0 -180 0 -180 0.16112 -117.454 0 0 0 -0 0 -0 0 0
0 0 0 -180 0 -180 0 -180 0.168916 -54.8138 0 0 0 -180 0 0 0 0
0 0 0 -180 0 -180 0 -180 0.161057 -117.373 0 -0 0 -180 0 0 0 0
0 -0 0 0 0 -0 0 -180 0.286912 125.863 0 -180 0 0 0 0 0 0
0 0 0 0 0 180 0 -180 1.26738 62.2482 0 -180 0 0 0 0 0 0
inside=0 lambda=0.647 phi=35 theta=45
0 -0 0 -180 0 0 0 0 0.188961 126.056 0 0 0 -0 0 -180 0 0
0 180 0 -180 0 0 0 0 1.17454 62.1808 0 0 0 180 0 -180 0 0
0 0 0 -180 0 -180 0 -180 0.195022 -54.8536 0 0 0 180 0 0 0 0
0 0 0 -180 0 -180 0 -180 0.186055 -117.408 0 0 0 -180 0 -0 0 0
0 0 0 -180 0 180 0 -180 0.195022 -54.8536 0 0 0 -180 0 0 0 0
0 0 0 -180 0 -180 0 -180 0.186055 -117.408 0 -0 0 -180 0 0 0 0
0 -0 0 0 0 -0 0 -180 0.188961 126.056 0 -180 0 0 0 0 0 0
0 180 0 0 0 180 0 -180 1.17454 62.1808 0 -180 0 0 0 0 0 0
inside=0 lambda=0.647 phi=40 theta=0
0 -0 0 180 0 0 0.0259128 -45.4677 0.196657 -64.0411 0 0 0 -0 0 180 0 0
0 180 0 -0 0 -0 0 -180 0.800856 58.2228 0 -0 0 180 0 -0 0 -0
0 -0 0 -180 0 -180 2.1139e-13 179.774 1.83426e-13 -106.377 0 180 0 180 0 0 0 0
0 180 0 180 0 180 0 180 1.3917e-13 -128.24 0 0 0 -0 0 -0 0 -0
0 0 0 -180 0 -180 3.94816e-13 146.072 2.82701e-13 155.547 0 180 0 -180 0 0 0 0
0 0 0 -180 0 -180 0 0 1.30331e-13 -76.0726 0 -180 0 -180 0 0 0 0
0 0 0 0 0 0 0.0929384 -39.1137 0.531253 118.016 0 -180 0 0 0 0 0 0
0 0 0 0 0 0 0 -0 1.50361 58.4815 0 -180 0 0 0 0 0 0
inside=0 lambda=0.647 phi=40 theta=15
0 -0 0 180 0 0 0.023843 -57.6462 0.147689 -64.4766 0 0 0 -0 0 180 0 0
0 180 0 -0 0 -0 0 -180 0.848124 58.2616 0 -0 0 180 0 -0 0 -0
0 -0 0 -180 0 -180 0.0148752 -152.62 0.182381 -62.6787 0 0 0 180 0 0 0 0
0 180 0 180 0 180 0 -180 0.176415 -121.248 0 0 0 -0 0 -0 0 -0
0 0 0 -180 0 -180 0.0228348 -74.8751 0.182249 -62.6099 0 0 0 -180 0 0 0 0
0 0 0 -180 0 -180 0 -180 0.17616 -121.213 0 -0 0 -180 0 0 0 0
0 0 0 0 0 0 0.0895316 -52.4484 0.482975 118.115 0 -180 0 0 0 0 0 0
0 0 0 0 0 0 0 -0 1.4566 58.497 0 -180 0 0 0 0 0 0
inside=0 lambda=0.647 phi=40 theta=30
0 -0 0 180 0 0 0.0128883 -120.442 0.0145151 -80.7575 0 0 0 -0 0 -180 0 0
0 180 0 -180 0 0 0 180 0.977391 58.3584 0 -0 0 180 0 -0 0 -0
0 -0 0 -180 0 -180 0.0277352 178.266 0.316062 -62.5894 0 0 0 180 0 0 0 0
0 180 0 180 0 -180 0 -180 0.305439 -121.2 0 0 0 -0 0 -0 0 -0
0 0 0 -180 0 -180 0.0359253 -117.646 0.316066 -62.5274 0 0 0 -180 0 0 0 0
0 0 0 -180 0 -180 0 -180 0.305104 -121.146 0 -0 0 -180 0 0 0 0
0 -0 0 0 0 0 0.0845122 -106.858 0.351243 118.429 0 -180 0 0 0 0 0 0
0 180 0 0 0 180 0 -180 1.32877 58.5405 0 -180 0 0 0 0 0 -0
inside=0 lambda=0.647 phi=40 theta=45
0 -0 0 -180 0 0 0 0 0.168853 118.987 0 0 0 -0 0 -180 0 0
0 180 0 -180 0 0 0 180 1.15401 58.4378 0 0 0 180 0 -180 0 -0
0 0 0 -180 0 -180 0 180 0.365406 -62.5989 0 0 0 -180 0 0 0 0
0 0 0 180 0 -180 0 -180 0.352775 -121.156 0 0 0 -0 0 -0 0 -0
0 0 0 180 0 -180 0 -180 0.365406 -62.5989 0 0 0 -180 0 0 0 0
0 0 0 -180 0 -0 0 180 0.352775 -121.156 0 -0 0 -180 0 0 0 -0
0 -0 0 0 0 -0 0 -180 0.168853 118.987 0 -180 0 0 0 0 0 0
0 180 0 180 0 180 0 -180 1.15401 58.4378 0 -180 0 0 0 0 0 -0
inside=0 lambda=0.647 phi=45 theta=0
0 -0 0 180 0 180 0.0448024 -63.8965 0.99888 -125.762 0 180 0 -0 0 180 0 180
0 180 0 -0 0 -0 0 -180 0 180 0 -0 0 180 0 -0 0 -0
0 -0 0 -0 0 -0 2.35249e-12 -124.317 2.37419e-12 -117.619 0 180 0 180 0 180 0 180
0 180 0 180 0 180 0 -180 0 -180 0 180 0 -0 0 -0 0 -0
0 0 0 -180 0 -180 1.35681e-13 -129.158 1.4389e-13 -164.208 0 -0 0 -180 0 0 0 0
0 0 0 -180 0 -180 0 -180 0 180 0 0 0 -180 0 0 0 0
0 0 0 0 0 0 0.121386 -27.6501 0.993375 83.2087 0 -180 0 0 0 0 0 0
0 0 0 0 0 0 0 -0 0 0 0 -180 0 0 0 0 0 0
inside=0 lambda=0.647 phi=45 theta=15
0 -0 0 180 0 180 0.0347904 -78.4696 0.87447 -127.877 0 180 0 -0 0 180 0 180
0 180 0 -0 0 -0 0 180 0 180 0 -0 0 180 0 -0 0 -0
0 -0 0 -0 0 -0 0.0373189 133.31 0.482106 -111.2 0 0 0 180 0 180 0 180
0 180 0 180 0 180 0 180 0 -180 0 -0 0 -0 0 -0 0 -0
0 0 0 -180 0 -180 0.0341317 -71.2538 0.482272 -111.239 0 180 0 -180 0 0 0 0
0 0 0 -180 0 -180 0 -180 0 -180 0 -180 0 -180 0 0 0 0
0 -0 0 0 0 0 0.107846 -38.1965 0.869898 85.3954 0 -180 0 0 0 0 0 0
0 0 0 0 0 0 0 -0 0 0 0 -180 0 0 0 0 0 -0
inside=0 lambda=0.647 phi=45 theta=30
0 -180 0 180 0 180 0.00732167 -123.398 0.545226 -138.621 0 180 0 -0 0 180 0 180
0 180 0 -0 0 -0 0 180 0 0 0 -0 0 180 0 -180 0 -0
0 -0 0 -0 0 -0 0.0550826 100.946 0.836829 -111.117 0 0 0 180 0 180 0 180
0 180 0 180 0 180 0 0 0 -180 0 -0 0 -0 0 -0 0 -0
0 0 0 180 0 -180 0.0456894 -111.073 0.836631 -111.155 0 180 0 -180 0 0 0 0
0 0 0 -180 0 -180 0 180 0 -180 0 -180 0 -180 0 0 0 -0
0 -0 0 0 0 -0 0.0735697 -75.5232 0.542656 96.2593 0 -180 0 0 0 0 0 180
0 180 0 0 0 0 0 -0 0 0 0 -180 0 0 0 -0 0 -0
inside=0 lambda=0.647 phi=45 theta=45
0 -180 0 180 0 0 0 0 0.250708 158.818 0 180 0 -0 0 -180 0 180
0 180 0 -0 0 -0 0 180 0 0 0 -0 0 0 0 -180 0 -0
0 -0 0 -180 0 -180 0 0 0.968063 -111.182 0 0 0 180 0 180 0 180
0 180 0 180 0 180 0 -0 0 -180 0 -0 0 -180 0 -0 0 -0
0 -0 0 0 0 180 0 -180 0.968063 -111.182 0 180 0 -180 0 0 0 180
0 180 0 -0 0 -180 0 180 0 -180 0 -0 0 180 0 -0 0 -0
0 -180 0 0 0 -0 0 180 0.250708 158.818 0 -180 0 0 0 180 0 180
0 180 0 180 0 0 0 -0 0 0 0 -180 0 -0 0 -0 0 -0
inside=1 lambda=0.647 phi=0 theta=0
0 0 0 -180 0 0 0 0 0.198978 179.053 0 0 0 0 0 -180 0 0
0 0 0 -180 0 0 0 0 0.811998 75.247 0 0 0 0 0 -180 0 0
0 0 0 180 0 -180 0 180 6.45119e-13 141.476 0 180 0 -180 0 -180 0 0
0 0 0 180 0 -180 0 180 6.74484e-13 108.633 0 180 0 -180 0 -180 0 0
0 0 0 0 0 -180 0 -180 1.43536e-13 -128.675 0 0 0 -180 0 -0 0 0
0 0 0 0 0 -180 0 -180 2.55574e-13 118.489 0 0 0 -180 0 0 0 0
0 0 0 0 0 0 0 -180 0.198978 179.053 0 -180 0 0 0 0 0 0
0 0 0 0 0 0 0 -180 0.811998 75.247 0 -180 0 0 0 0 0 0
inside=1 lambda=0.647 phi=0 theta=15
0 0 0 -180 0 0 0 0 0.198978 179.053 0 0 0 0 0 -180 0 0
0 0 0 -180 0 0 0 0 0.811998 75.247 0 0 0 0 0 -180 0 0
0 0 0 180 0 -180 0 180 6.45119e-13 141.476 0 180 0 -180 0 -180 0 0
0 0 0 180 0 -180 0 180 6.74484e-13 108.633 0 180 0 -180 0 -180 0 0
0 0 0 0 0 -180 0 -180 1.43536e-13 -128.675 0 0 0 -180 0 -0 0 0
0 0 0 0 0 -180 0 -180 2.55574e-13 118.489 0 0 0 -180 0 0 0 0
0 0 0 0 0 0 0 -180 0.198978 179.053 0 -180 0 0 0 0 0 0
0 0 0 0 0 0 0 -180 0.811998 75.247 0 -180 0 0 0 0 0 0
inside=1 lambda=0.647 phi=0 theta=30
0 0 0 -180 0 0 0 0 0.198978 179.053 0 0 0 0 0 -180 0 0
0 0 0 -180 0 0 0 0 0.811998 75.247 0 0 0 0 0 -180 0 0
0 0 0 180 0 -180 0 180 6.45119e-13 141.476 0 180 0 -180 0 -180 0 0
0 0 0 180 0 -180 0 180 6.74484e-13 108.633 0 180 0 -180 0 -180 0 0
0 0 0 0 0 -180 0 -180 1.43536e-13 -128.675 0 0 0 -180 0 -0 0 0
0 0 0 0 0 -180 0 -180 2.55574e-13 118.489 0 0 0 -180 0 0 0 0
0 0 0 0 0 0 0 -180 0.198978 179.053 0 -180 0 0 0 0 0 0
0 0 0 0 0 0 0 -180 0.811998 75.247 0 -180 0 0 0 0 0 0
inside=1 lambda=0.647 phi=0 theta=45
0 0 0 -180 0 0 0 0 0.198978 179.053 0 0 0 0 0 -180 0 0
0 0 0 -180 0 0 0 0 0.811998 75.247 0 0 0 0 0 -180 0 0
0 0 0 180 0 -180 0 180 6.45119e-13 141.476 0 180 0 -180 0 -180 0 0
0 0 0 180 0 -180 0 180 6.74484e-13 108.633 0 180 0 -180 0 -180 0 0
0 0 0 0 0 -180 0 -180 1.43536e-13 -128.675 0 0 0 -180 0 -0 0 0
0 0 0 0 0 -180 0 -180 2.55574e-13 118.489 0 0 0 -180 0 0 0 0
0 0 0 0 0 0 0 -180 0.198978 179.053 0 -180 0 0 0 0 0 0
0 0 0 0 0 0 0 -180 0.811998 75.247 0 -180 0 0 0 0 0 0
inside=1 lambda=0.647 phi=5 theta=0
0 0 0 -180 0 0 0 0 0.19794 179.043 0 0 0 0 0 -180 0 0
0 0 0 -180 0 0 0 0 0.812993 75.1164 0 0 0 0 0 -180 0 0
0 0 0 -180 0 -180 0 -180 1.1021e-13 57.2082 0 -0 0 -180 0 0 0 0
0 0 0 -180 0 -180 0 -0 8.65764e-14 40.2818 0 -0 0 -180 0 0 0 0
0 0 0 -180 0 -180 0 0 1.70723e-13 -101.92 0 0 0 -180 0 0 0 0
0 0 0 -180 0 -180 0 -0 1.21041e-13 161.958 0 -0 0 -180 0 0 0 0
0 0 0 0 0 0 0 -180 0.199985 179.046 0 -180 0 0 0 0 0 0
0 0 0 0 0 0 0 -180 0.81101 75.1171 0 -180 0 0 0 0 0 0
inside=1 lambda=0.647 phi=5 theta=15
0 0 0 -180 0 0 0 0 0.198077 179.043 0 0 0 0 0 -180 0 0
0 0 0 -180 0 0 0 0 0.81286 75.1165 0 0 0 0 0 -180 0 0
0 0 0 -180 0 -180 0 -180 0.000508984 -0.599507 0 0 0 -180 0 0 0 0
0 0 0 -180 0 -180 0 -180 0.000495531 75.0726 0 0 0 -180 0 0 0 0
0 0 0 -180 0 -180 0 -180 0.000508999 -0.599862 0 0 0 -180 0 0 0 0
0 0 0 -180 0 -180 0 -180 0.000495533 75.0713 0 0 0 -180 0 0 0 0
0 0 0 0 0 0 0 -180 0.199848 179.046 0 -180 0 0 0 0 0 0
0 0 0 0 0 0 0 -180 0.811142 75.1171 0 -180 0 0 0 0 0 0
inside=1 lambda=0.647 phi=5 theta=30
0 0 0 -180 0 0 0 0 0.198451 179.044 0 0 0 0 0 -180 0 0
0 0 0 -180 0 0 0 0 0.812497 75.1166 0 0 0 0 0 -180 0 0
0 0 0 -180 0 -180 0 -180 0.000881591 -0.599582 0 0 0 -180 0 0 0 0
0 0 0 -180 0 -180 0 -180 0.000858285 75.0723 0 0 0 -180 0 0 0 0
0 0 0 -180 0 -180 0 -180 0.000881606 -0.599787 0 0 0 -180 0 0 0 0
0 0 0 -180 0 -180 0 -180 0.000858287 75.0715 0 0 0 -180 0 0 0 0
0 0 0 0 0 0 0 -180 0.199473 179.045 0 -180 0 0 0 0 0 0
0 0 0 0 0 0 0 -180 0.811505 75.1169 0 -180 0 0 0 0 0 0
inside=1 lambda=0.647 phi=5 theta=45
0 0 0 -180 0 0 0 0 0.198962 179.044 0 0 0 0 0 -180 0 0
0 0 0 -180 0 0 0 0 0.812001 75.1168 0 0 0 0 0 -180 0 0
0 0 0 -180 0 -180 0 -180 0.00101798 -0.599685 0 0 0 -180 0 0 0 0
0 0 0 -180 0 -180 0 -180 0.000991064 75.0719 0 0 0 -180 0 0 0 0
0 0 0 -180 0 -180 0 -180 0.00101798 -0.599685 0 0 0 -180 0 0 0 0
0 0 0 -180 0 -180 0 -180 0.000991064 75.0719 0 0 0 -180 0 0 0 0
0 0 0 0 0 0 0 -180 0.198962 179.044 0 -180 0 0 0 0 0 0
0 0 0 0 0 0 0 -180 0.812001 75.1168 0 -180 0 0 0 0 0 0
inside=1 lambda=0.647 phi=10 theta=0
0 0 0 -180 0 0 0 0 0.194784 179.014 0 0 0 0 0 -180 0 0
0 0 0 -180 0 0 0 0 0.816016 74.7273 0 0 0 0 0 -180 0 0
0 0 0 -180 0 -180 0 -0 2.06064e-14 51.1653 0 -180 0 -180 0 0 0 0
0 0 0 -180 0 -180 0 -180 1.87351e-14 -10.7369 0 -180 0 -180 0 0 0 0
0 0 0 -180 0 -180 0 -0 1.23546e-13 -27.4735 0 -180 0 -180 0 0 0 0
0 0 0 -180 0 -180 0 0 1.58914e-13 -117.403 0 -180 0 -180 0 0 0 0
0 0 0 0 0 0 0 -180 0.203037 179.027 0 -180 0 0 0 0 0 0
0 0 0 0 0 0 0 -180 0.808008 74.7302 0 -180 0 0 0 0 0 0
inside=1 lambda=0.647 phi=10 theta=15
0 0 0 -180 0 0 0 0 0.195337 179.015 0 0 0 0 0 -180 0 0
0 0 0 -180 0 0 0 0 0.815479 74.7275 0 0 0 0 0 -180 0 0
0 0 0 -180 0 -180 0 -180 0.00205381 -0.610412 0 0 0 -180 0 0 0 0
0 0 0 -180 0 -180 0 -180 0.00200025 74.6774 0 0 0 -180 0 0 0 0
0 0 0 -180 0 -180 0 -180 0.00205405 -0.611888 0 0 0 -180 0 0 0 0
0 0 0 -180 0 -180 0 -180 0.00200028 74.6721 0 0 0 -180 0 0 0 0
0 0 0 0 0 0 0 -180 0.202484 179.026 0 -180 0 0 0 0 0 0
0 0 0 0 0 0 0 -180 0.808545 74.73 0 -180 0 0 0 0 0 0
inside=1 lambda=0.647 phi=10 theta=30
0 0 0 -180 0 0 0 0 0.196847 179.017 0 0 0 0 0 -180 0 0
0 0 0 -180 0 0 0 0 0.814014 74.728 0 0 0 0 0 -180 0 0
0 0 0 -180 0 -180 0 -180 0.0035574 -0.610731 0 0 0 -180 0 0 0 0
0 0 0 -180 0 -180 0 -180 0.00346454 74.6762 0 0 0 -180 0 0 0 0
0 0 0 -180 0 -180 0 -180 0.00355764 -0.611583 0 0 0 -180 0 0 0 0
0 0 0 -180 0 -180 0 -180 0.00346457 74.6732 0 0 0 -180 0 0 0 0
0 0 0 0 0 0 0 -180 0.200973 179.023 0 -180 0 0 0 0 0 0
0 0 0 0 0 0 0 -180 0.81001 74.7294 0 -180 0 0 0 0 0 0
inside=1 lambda=0.647 phi=10 theta=45
0 0 0 -180 0 0 0 0 0.19891 179.02 0 0 0 0 0 -180 0 0
0 0 0 -180 0 0 0 0 0.812012 74.7287 0 0 0 0 0 -180 0 0
0 0 0 -180 0 -180 0 -180 0.00410787 -0.61116 0 0 0 -180 0 0 0 0
0 0 0 -180 0 -180 0 -180 0.00400053 74.6747 0 0 0 -180 0 0 0 0
0 0 0 -180 0 -180 0 -180 0.00410787 -0.61116 0 0 0 -180 0 0 0 0
0 0 0 -180 0 -180 0 -180 0.00400053 74.6747 0 0 0 -180 0 0 0 0
0 0 0 0 0 0 0 -180 0.19891 179.02 0 -180 0 0 0 0 0 0
0 0 0 0 0 0 0 -180 0.812012 74.7287 0 -180 0 0 0 0 0 0
inside=1 lambda=0.647 phi=15 theta=0
0 -0 0 -180 0 0 0 0 0.189394 178.964 0 0 0 -0 0 -180 0 0
0 0 0 -180 0 0 0 0 0.821183 74.0874 0 0 0 0 0 -180 0 0
0 0 0 -180 0 -180 0 180 3.19276e-14 -31.8795 0 -180 0 -180 0 0 0 0
0 0 0 -180 0 -180 0 180 8.16089e-15 -131.587 0 -180 0 -180 0 0 0 0
0 0 0 -180 0 -180 0 0 1.08046e-13 -28.5177 0 -180 0 -180 0 0 0 0
0 0 0 -180 0 -180 0 0 7.39574e-14 -124.483 0 180 0 -180 0 0 0 0
0 0 0 0 0 0 0 -180 0.208236 178.996 0 -180 0 0 0 0 0 0
0 0 0 0 0 0 0 -180 0.80289 74.0943 0 -180 0 0 0 0 0 0
inside=1 lambda=0.647 phi=15 theta=15
0 0 0 -180 0 0 0 0 0.190655 178.967 0 0 0 -0 0 -180 0 0
0 0 0 -180 0 0 0 0 0.819958 74.0878 0 0 0 0 0 -180 0 0
0 0 0 -180 0 -180 0 -180 0.0046892 -0.627317 0 0 0 -180 0 0 0 0
0 0 0 -180 0 -180 0 -180 0.00456969 74.0283 0 0 0 -180 0 0 0 0
0 0 0 -180 0 -180 0 -180 0.00469044 -0.630852 0 0 0 -180 0 0 0 0
0 0 0 -180 0 -180 0 -180 0.00456984 74.0163 0 0 0 -180 0 0 0 0
0 0 0 0 0 0 0 -180 0.206973 178.994 0 -180 0 0 0 0 0 0
0 0 0 0 0 0 0 -180 0.804116 74.0938 0 -180 0 0 0 0 0 0
inside=1 lambda=0.647 phi=15 theta=30
0 0 0 -180 0 0 0 0 0.194103 178.973 0 0 0 0 0 -180 0 0
0 0 0 -180 0 0 0 0 0.816611 74.089 0 0 0 0 0 -180 0 0
0 0 0 -180 0 -180 0 -180 0.00812243 -0.628103 0 0 0 -180 0 0 0 0
0 0 0 -180 0 -180 0 -180 0.00791498 74.0254 0 0 0 -180 0 0 0 0
0 0 0 -180 0 -180 0 -180 0.00812366 -0.630139 0 0 0 -180 0 0 0 0
0 0 0 -180 0 -180 0 -180 0.00791513 74.0185 0 0 0 -180 0 0 0 0
0 0 0 0 0 0 0 -180 0.203523 178.989 0 -180 0 0 0 0 0 0
0 0 0 0 0 0 0 -180 0.807464 74.0925 0 -180 0 0 0 0 0 0
inside=1 lambda=0.647 phi=15 theta=45
0 0 0 -180 0 0 0 0 0.198812 178.981 0 0 0 0 0 -180 0 0
0 0 0 -180 0 0 0 0 0.812038 74.0907 0 0 0 0 0 -180 0 0
0 0 0 -180 0 -180 0 -180 0.00937971 -0.629139 0 0 0 -180 0 0 0 0
0 0 0 -180 0 -180 0 -180 0.00913952 74.0218 0 0 0 -180 0 0 0 0
0 0 0 -180 0 -180 0 -180 0.00937971 -0.629139 0 0 0 -180 0 0 0 0
0 0 0 -180 0 -180 0 -180 0.00913952 74.0218 0 0 0 -180 0 0 0 0
0 0 0 0 0 0 0 -180 0.198812 178.981 0 -180 0 0 0 0 0 0
0 0 0 0 0 0 0 -180 0.812038 74.0907 0 -180 0 0 0 0 0 0
inside=1 lambda=0.647 phi=20 theta=0
0 -0 0 -180 0 0 0 0 0.181561 178.894 0 0 0 -0 0 -180 0 0
0 0 0 -180 0 0 0 0 0.828702 73.2098 0 0 0 0 0 -180 0 0
0 0 0 -180 0 -180 0 -0 1.16791e-14 111.227 0 -0 0 -180 0 0 0 0
0 0 0 -180 0 -180 0 -0 6.4213e-15 94.5995 0 -0 0 -180 0 0 0 0
0 0 0 -180 0 -180 0 180 4.36212e-15 40.1216 0 0 0 -180 0 0 0 0
0 0 0 -180 0 -180 0 -0 5.03615e-15 -79.5991 0 0 0 -180 0 0 0 0
0 0 0 0 0 0 0 -180 0.215757 178.956 0 -180 0 0 0 0 0 0
0 0 0 0 0 0 0 -180 0.795475 73.223 0 -180 0 0 0 0 0 0
inside=1 lambda=0.647 phi=20 theta=15
0 -0 0 -180 0 0 0 0 0.18385 178.899 0 0 0 -0 0 -180 0 0
0 0 0 -180 0 0 0 0 0.826477 73.2106 0 0 0 180 0 -180 0 0
0 0 0 -180 0 -180 0 -180 0.00851007 -0.648311 0 0 0 -180 0 0 0 0
0 0 0 -180 0 -180 0 -180 0.00830034 73.1392 0 0 0 -180 0 0 0 0
0 0 0 -180 0 -180 0 -180 0.00851405 -0.655138 0 0 0 -180 0 0 0 0
0 0 0 -180 0 -180 0 -180 0.00830082 73.1178 0 0 0 -180 0 0 0 0
0 0 0 0 0 0 0 -180 0.213464 178.953 0 -180 0 0 0 0 0 0
0 0 0 0 0 0 0 -180 0.797701 73.222 0 -180 0 0 0 0 0 0
inside=1 lambda=0.647 phi=20 theta=30
0 -0 0 -180 0 0 0 0 0.190105 178.912 0 0 0 -0 0 -180 0 0
0 0 0 -180 0 0 0 0 0.820397 73.2127 0 0 0 0 0 -180 0 0
0 0 0 -180 0 -180 0 -180 0.0147416 -0.649895 0 0 0 -180 0 0 0 0
0 0 0 -180 0 -180 0 -180 0.0143768 73.1336 0 0 0 -180 0 0 0 0
0 0 0 -180 0 -180 0 -180 0.0147455 -0.653809 0 0 0 -180 0 0 0 0
0 0 0 -180 0 -180 0 -180 0.0143773 73.1214 0 0 0 -180 0 0 0 0
0 0 0 0 0 0 0 -180 0.207202 178.943 0 -180 0 0 0 0 0 0
0 0 0 0 0 0 0 -180 0.803783 73.2193 0 -180 0 0 0 0 0 0
inside=1 lambda=0.647 phi=20 theta=45
0 0 0 -180 0 0 0 0 0.198652 178.928 0 0 0 -0 0 -180 0 0
0 0 0 -180 0 0 0 0 0.81209 73.2159 0 0 0 0 0 -180 0 0
0 0 0 -180 0 -180 0 -180 0.0170245 -0.651916 0 0 0 -180 0 0 0 0
0 0 0 -180 0 -180 0 -180 0.0166012 73.127 0 0 0 -180 0 0 0 0
0 0 0 -180 0 -180 0 -180 0.0170245 -0.651916 0 0 0 -180 0 0 0 0
0 0 0 -180 0 -180 0 -180 0.0166012 73.127 0 0 0 -180 0 0 0 0
0 0 0 0 0 -0 0 -180 0.198652 178.928 0 -180 0 0 0 0 0 0
0 0 0 0 0 0 0 -180 0.81209 73.2159 0 -180 0 0 0 0 0 0
inside=1 lambda=0.647 phi=25 theta=0
0 -0 0 -180 0 0 0 0 0.170977 178.801 0 0 0 -0 0 -180 0 0
0 180 0 -180 0 0 0 0 0.83888 72.1128 0 0 0 180 0 -180 0 0
0 0 0 -180 0 -180 0 -0 7.44809e-15 -173.977 0 0 0 -180 0 0 0 0
0 0 0 -180 0 -180 0 180 2.27433e-14 165.193 0 0 0 -180 0 0 0 0
0 0 0 -180 0 -180 0 -0 7.84202e-14 -177.56 0 -0 0 -180 0 0 0 0
0 0 0 -180 0 -180 0 180 3.98319e-14 156.287 0 -180 0 -180 0 0 0 0
0 0 0 0 0 0 0 -180 0.225861 178.911 0 -180 0 0 0 0 0 0
0 0 0 0 0 0 0 -180 0.785494 72.1355 0 -180 0 0 0 0 0 0
inside=1 lambda=0.647 phi=25 theta=15
0 -0 0 -180 0 0 0 0 0.174649 178.81 0 0 0 -0 0 -180 0 0
0 180 0 -180 0 0 0 0 0.835305 72.114 0 0 0 180 0 -180 0 0
0 0 0 -180 0 -180 0 -180 0.0136575 -0.670717 0 0 0 180 0 0 0 0
0 0 0 -180 0 -180 0 -180 0.013336 72.0304 0 0 0 -180 0 0 0 0
0 0 0 -180 0 -180 0 -180 0.0136674 -0.682522 0 0 0 -180 0 0 0 0
0 0 0 -180 0 -180 0 -180 0.0133371 71.9964 0 0 0 -180 0 0 0 0
0 0 0 0 0 0 0 -180 0.222179 178.905 0 -180 0 0 0 0 0 0
0 0 0 0 0 0 0 -180 0.789072 72.1336 0 -180 0 0 0 0 0 0
inside=1 lambda=0.647 phi=25 theta=30
0 -0 0 -180 0 0 0 0 0.184685 178.834 0 0 0 -0 0 -180 0 0
0 0 0 -180 0 0 0 0 0.825537 72.1175 0 0 0 180 0 -180 0 0
0 0 0 -180 0 -180 0 -180 0.02366 -0.67362 0 0 0 -180 0 0 0 0
0 0 0 -180 0 -180 0 -180 0.023099 72.0205 0 0 0 -180 0 0 0 0
0 0 0 -180 0 -180 0 -180 0.0236697 -0.680315 0 0 0 -180 0 0 0 0
0 0 0 -180 0 -180 0 -180 0.0231001 72.0013 0 0 0 -180 0 0 0 0
0 0 0 0 0 -0 0 -180 0.212125 178.889 0 -180 0 0 0 0 0 0
0 0 0 0 0 0 0 -180 0.798845 72.1288 0 -180 0 0 0 0 0 0
inside=1 lambda=0.647 phi=25 theta=45
0 -0 0 -180 0 0 0 0 0.198401 178.864 0 0 0 -0 0 -180 0 0
0 0 0 -180 0 0 0 0 0.812192 72.1228 0 0 0 180 0 -180 0 0
0 0 0 -180 0 -180 0 -180 0.0273262 -0.677138 0 0 0 -180 0 0 0 0
0 0 0 -180 0 -180 0 -180 0.0266731 72.0097 0 0 0 -180 0 0 0 0
0 0 0 -180 0 -180 0 -180 0.0273262 -0.677138 0 0 0 -180 0 0 0 0
0 0 0 -180 0 -180 0 -180 0.0266731 72.0097 0 0 0 -180 0 0 0 0
0 -0 0 0 0 -0 0 -180 0.198401 178.864 0 -180 0 0 0 0 0 0
0 0 0 0 0 180 0 -180 0.812192 72.1228 0 -180 0 0 0 0 0 0
inside=1 lambda=0.647 phi=30 theta=0
0 -0 0 -180 0 0 0 -0 0.157207 178.678 0 0 0 -0 0 -180 0 0
0 180 0 -180 0 0 0 0 0.852151 70.8203 0 0 0 180 0 -180 0 0
0 -0 0 -180 0 -180 0 -0 3.86814e-14 74.4618 0 -0 0 180 0 0 0 0
0 0 0 -180 0 -180 0 -0 4.5163e-14 43.3688 0 -0 0 -180 0 0 0 0
0 0 0 -180 0 -180 0 180 1.13163e-13 -23.3138 0 -180 0 -180 0 0 0 0
0 0 0 -180 0 -180 0 -0 8.80003e-15 -44.6696 0 180 0 -180 0 0 0 0
0 0 0 0 0 0 0 -180 0.238909 178.864 0 -180 0 0 0 0 0 0
0 0 0 0 0 0 0 -180 0.772578 70.8569 0 -180 0 0 0 0 0 0
inside=1 lambda=0.647 phi=30 theta=15
0 -0 0 -180 0 0 0 -0 0.162671 178.696 0 0 0 -0 0 -180 0 0
0 180 0 -180 0 0 0 0 0.846823 70.822 0 0 0 180 0 -180 0 0
0 -0 0 -180 0 -180 0 -180 0.0203275 -0.691074 0 0 0 180 0 0 0 0
0 0 0 -180 0 -180 0 -180 0.0198771 70.7279 0 0 0 -180 0 0 0 0
0 0 0 -180 0 -180 0 -180 0.0203489 -0.710245 0 0 0 -180 0 0 0 0
0 0 0 -180 0 -180 0 -180 0.0198795 70.6778 0 -0 0 -180 0 0 0 0
0 0 0 0 0 0 0 -180 0.233423 178.856 0 -180 0 0 0 0 0 0
0 0 0 0 0 0 0 -180 0.777912 70.8535 0 -180 0 0 0 0 0 0
inside=1 lambda=0.647 phi=30 theta=30
0 -0 0 -180 0 0 0 0 0.177605 178.741 0 0 0 -0 0 -180 0 0
0 180 0 -180 0 0 0 0 0.832265 70.8273 0 0 0 180 0 -180 0 0
0 0 0 -180 0 -180 0 -180 0.035219 -0.696158 0 0 0 180 0 0 0 0
0 0 0 -180 0 -180 0 -180 0.034429 70.7115 0 0 0 -180 0 0 0 0
0 0 0 -180 0 -180 0 -180 0.0352395 -0.706796 0 0 0 -180 0 0 0 0
0 0 0 -180 0 -180 0 -180 0.0344313 70.6838 0 0 0 -180 0 0 0 0
0 0 0 0 0 -0 0 -180 0.218448 178.831 0 -180 0 0 0 0 0 0
0 0 0 0 0 0 0 -180 0.792481 70.8451 0 -180 0 0 0 0 0 0
inside=1 lambda=0.647 phi=30 theta=45
0 -0 0 -180 0 0 0 0 0.198017 178.791 0 0 0 -0 0 -180 0 0
0 0 0 -180 0 0 0 0 0.812376 70.8355 0 0 0 180 0 -180 0 0
0 0 0 -180 0 -180 0 -180 0.0406806 -0.701867 0 0 0 180 0 0 0 0
0 0 0 -180 0 -180 0 -180 0.0397565 70.6952 0 0 0 -180 0 0 0 0
0 0 0 -180 0 180 0 -180 0.0406806 -0.701867 0 0 0 -180 0 0 0 0
0 0 0 -180 0 -180 0 -180 0.0397565 70.6952 0 0 0 -180 0 0 0 0
0 -0 0 0 0 -0 0 -180 0.198017 178.791 0 -180 0 0 0 0 0 0
0 0 0 0 0 180 0 -180 0.812376 70.8355 0 -180 0 0 0 0 0 0
inside=1 lambda=0.647 phi=35 theta=0
0 -0 0 -180 0 0 0 -0 0.13966 178.512 0 0 0 -0 0 -180 0 0
0 180 0 -180 0 0 0 0 0.86911 69.3617 0 0 0 180 0 -180 0 0
0 -0 0 -180 0 -180 0 0 1.04107e-13 -138.57 0 0 0 180 0 0 0 0
0 0 0 -180 0 -180 0 0 4.2504e-14 175.005 0 0 0 -180 0 0 0 0
0 0 0 -180 0 -180 0 180 5.28779e-14 87.8892 0 -0 0 -180 0 0 0 0
0 0 0 -180 0 -180 0 -0 6.3671e-14 11.0039 0 -0 0 -180 0 0 0 0
0 0 0 0 0 0 0 -180 0.255387 178.819 0 -180 0 0 0 0 0 0
0 0 0 0 0 0 0 -180 0.756235 69.4186 0 -180 0 0 0 0 0 0
inside=1 lambda=0.647 phi=35 theta=15
0 -0 0 -180 0 0 0 -0 0.147394 178.548 0 0 0 -0 0 -180 0 0
0 180 0 -180 0 0 0 0 0.861554 69.3641 0 0 0 180 0 -180 0 0
0 -0 0 -180 0 -180 0 -180 0.0287842 -0.705057 0 0 0 180 0 0 0 0
0 0 0 -180 0 -180 0 -180 0.0281948 69.2647 0 0 0 -180 0 -0 0 0
0 0 0 -180 0 -180 0 -180 0.0288263 -0.735201 0 0 0 -180 0 0 0 0
0 0 0 -180 0 -180 0 -180 0.0281993 69.1932 0 -0 0 -180 0 0 0 0
0 0 0 0 0 -0 0 -180 0.247602 178.808 0 -180 0 0 0 0 0 0
0 0 0 0 0 0 0 -180 0.763806 69.4124 0 -180 0 0 0 0 0 0
inside=1 lambda=0.647 phi=35 theta=30
0 -0 0 -180 0 0 0 -0 0.168535 178.629 0 0 0 -0 0 -180 0 0
0 180 0 -180 0 0 0 0 0.840907 69.3714 0 0 0 180 0 -180 0 0
0 -0 0 -180 0 -180 0 -180 0.0498793 -0.713848 0 0 0 180 0 0 0 0
0 0 0 -180 0 -180 0 -180 0.0488362 69.2376 0 0 0 -180 0 -0 0 0
0 0 0 -180 0 180 0 -180 0.0499178 -0.72991 0 0 0 -180 0 0 0 0
0 0 0 -180 0 -180 0 -180 0.0488404 69.1998 0 -0 0 -180 0 0 0 0
0 -0 0 0 0 -0 0 -180 0.226376 178.774 0 -180 0 0 0 0 0 0
0 0 0 0 0 180 0 -180 0.784476 69.3983 0 -180 0 0 0 0 0 0
inside=1 lambda=0.647 phi=35 theta=45
0 -0 0 -180 0 0 0 -0 0.197437 178.713 0 0 0 -0 0 -180 0 0
0 0 0 -180 0 0 0 0 0.812697 69.3834 0 0 0 180 0 -180 0 0
0 0 0 -180 0 -180 0 -180 0.0576211 -0.722673 0 0 0 180 0 0 0 0
0 0 0 -180 0 -180 0 -180 0.0563934 69.2142 0 0 0 -180 0 -0 0 0
0 0 0 -180 0 180 0 -180 0.0576211 -0.722673 0 0 0 -180 0 0 0 0
0 0 0 -180 0 -180 0 -180 0.0563934 69.2142 0 -0 0 -180 0 0 0 0
0 -0 0 -0 0 -0 0 -180 0.197437 178.713 0 -180 0 0 0 0 0 0
0 0 0 0 0 180 0 -180 0.812697 69.3834 0 -180 0 0 0 0 0 0
inside=1 lambda=0.647 phi=40 theta=0
0 -0 0 -180 0 0 0 -0 0.11754 178.273 0 0 0 -0 0 -180 0 0
0 180 0 -180 0 0 0 0 0.890562 67.7728 0 0 0 180 0 -180 0 0
0 -0 0 -180 0 -180 0 0 1.73362e-13 -178.96 0 0 0 180 0 0 0 0
0 0 0 180 0 -180 0 0 1.36654e-13 176.73 0 0 0 -180 0 -0 0 0
0 0 0 -180 0 -180 0 0 1.898e-13 -26.327 0 180 0 -180 0 0 0 0
0 0 0 -180 0 -180 0 -180 1.99553e-13 27.7257 0 180 0 -180 0 0 0 0
0 0 0 0 0 0 0 -180 0.275956 178.78 0 -180 0 0 0 0 0 0
0 0 0 0 0 0 0 -180 0.735817 67.8601 0 -180 0 0 0 0 0 0
inside=1 lambda=0.647 phi=40 theta=15
0 -0 0 -180 0 0 0 -0 0.128114 178.344 0 0 0 -0 0 180 0 0
0 180 0 -180 0 0 0 0 0.880206 67.7754 0 0 0 180 0 -180 0 0
0 -0 0 -180 0 -180 0 -180 0.0393757 -0.70705 0 0 0 180 0 0 0 0
0 0 0 180 0 -180 0 -180 0.0386497 67.6816 0 0 0 -180 0 -0 0 0
0 0 0 -180 0 -180 0 -180 0.0394553 -0.754393 0 0 0 -180 0 0 0 0
0 0 0 -180 0 -180 0 -180 0.0386573 67.58 0 -0 0 -180 0 0 0 0
0 0 0 0 0 -0 0 -180 0.265258 178.768 0 -180 0 0 0 0 0 0
0 0 0 0 0 0 0 -180 0.746207 67.8478 0 -180 0 0 0 0 0 0
inside=1 lambda=0.647 phi=40 theta=30
0 -0 0 -180 0 0 0 -0 0.157027 178.495 0 0 0 -0 0 -180 0 0
0 180 0 -180 0 0 0 0 0.851907 67.7849 0 0 0 180 0 -180 0 0
0 -0 0 -180 0 -180 0 -180 0.0682519 -0.722632 0 0 0 180 0 0 0 0
0 0 0 -180 0 -180 0 -180 0.0669445 67.6361 0 0 0 -180 0 -0 0 0
0 0 0 -180 0 180 0 -180 0.0683191 -0.745997 0 0 0 -180 0 0 0 0
0 0 0 -180 0 -180 0 -180 0.0669517 67.5863 0 -0 0 -180 0 0 0 0
0 -0 0 0 0 -0 0 -180 0.236171 178.723 0 -180 0 0 0 0 0 0
0 0 0 0 0 180 0 -180 0.774553 67.8241 0 -180 0 0 0 0 0 0
inside=1 lambda=0.647 phi=40 theta=45
0 -0 0 -180 0 0 0 -0 0.196566 178.633 0 0 0 -0 0 -180 0 0
0 0 0 -180 0 0 0 0 0.813239 67.8017 0 0 0 180 0 -180 0 0
0 -0 0 -180 0 -180 0 -180 0.0788564 -0.735794 0 0 0 180 0 0 0 0
0 0 0 -180 0 -180 0 -180 0.0773044 67.6037 0 0 0 -180 0 -0 0 0
0 -0 0 -180 0 180 0 -180 0.0788564 -0.735794 0 0 0 -180 0 0 0 0
0 0 0 -180 0 -180 0 -180 0.0773044 67.6037 0 -0 0 -180 0 0 0 0
0 -0 0 -0 0 -0 0 -180 0.196566 178.633 0 -180 0 0 0 0 0 0
0 0 0 0 0 180 0 -180 0.813239 67.8017 0 -180 0 0 0 0 0 0
inside=1 lambda=0.647 phi=45 theta=0
0 -0 0 180 0 0 0 -0 0.0897691 177.942 0 0 0 -0 0 180 0 0
0 180 0 -180 0 0 0.00415606 -10.8481 0.917509 66.0992 0 0 0 180 0 -180 0 0
0 -0 0 -180 0 -180 0 -0 1.51924e-13 36.3362 0 -180 0 180 0 0 0 0
0 0 0 180 0 -180 5.69565e-13 -83.9953 1.2779e-13 15.3215 0 -180 0 -180 0 -0 0 0
0 0 0 -180 0 -180 0 0 9.69569e-14 -125.873 0 -180 0 -180 0 0 0 0
0 0 0 -180 0 -180 7.39893e-14 119.783 8.11785e-14 -41.1038 0 -180 0 -180 0 0 0 0
0 0 0 0 0 0 0 -180 0.301917 178.802 0 -180 0 0 0 0 0 0
0 0 0 0 0 0 0.0624508 -127.3 0.710075 66.2459 0 -180 0 0 0 0 0 0
inside=1 lambda=0.647 phi=45 theta=15
0 -0 0 180 0 0 0 -0 0.103891 178.032 0 0 0 -0 0 180 0 0
0 180 0 -180 0 0 0 0 0.903736 66.0979 0 0 0 180 0 -180 0 0
0 -0 0 -180 0 -180 0 -180 0.0525506 -0.687144 0 0 0 180 0 0 0 0
0 0 0 180 0 -180 0 -180 0.0517188 66.0373 0 0 0 -180 0 -0 0 0
0 0 0 -180 0 -180 0 -180 0.0527074 -0.766923 0 0 0 -180 0 0 0 0
0 0 0 -180 0 -180 0 -180 0.0517303 65.882 0 -0 0 -180 0 0 0 0
0 0 0 0 0 -0 0 -180 0.287132 178.736 0 -180 0 0 0 0 0 0
0 0 0 0 0 0 0 -180 0.724409 66.2076 0 -180 0 0 0 0 0 0
inside=1 lambda=0.647 phi=45 theta=30
0 -0 0 -180 0 0 0 -0 0.142471 178.329 0 0 0 -0 0 180 0 0
0 180 0 -180 0 0 0 0 0.865875 66.1085 0 0 0 180 0 -180 0 0
0 -0 0 -180 0 -180 0 -180 0.0911423 -0.718231 0 0 0 180 0 0 0 0
0 0 0 -180 0 -180 0 -180 0.0895771 65.95 0 0 0 -180 0 -0 0 0
0 0 0 -180 0 180 0 -180 0.0912533 -0.751328 0 0 0 -180 0 0 0 0
0 0 0 -180 0 -180 0 -180 0.0895884 65.8861 0 -0 0 -180 0 0 0 0
0 -0 0 -0 0 -0 0 -180 0.248155 178.686 0 -180 0 0 0 0 0 0
0 0 0 0 0 180 0 -180 0.762373 66.1638 0 -180 0 0 0 0 0 0
inside=1 lambda=0.647 phi=45 theta=45
0 -0 0 -180 0 0 0 -0 0.195258 178.558 0 0 0 -0 0 180 0 0
0 180 0 -180 0 0 0 0 0.814139 66.131 0 0 0 180 0 -180 0 0
0 -0 0 -180 0 -180 0 -180 0.10532 -0.737358 0 0 0 180 0 0 0 0
0 0 0 -180 0 -180 0 -180 0.103439 65.9062 0 0 0 -180 0 -0 0 0
0 -0 0 -180 0 180 0 -180 0.10532 -0.737358 0 0 0 -180 0 0 0 0
0 0 0 -180 0 -180 0 -180 0.103439 65.9062 0 -0 0 -180 0 0 0 0
0 -0 0 -0 0 -0 0 -180 0.195258 178.558 0 180 0 0 0 0 0 0
0 180 0 0 0 180 0 -180 0.814139 66.131 0 -180 0 0 0 0 0 0
