RSoft_BSDF_File_Version 2
1 0 5 2 1 0.457143
0.3 0.3
-1 1
-1 1
1 0.647 0.647
10 0 45 0.5
4 0 45
Begin_Dispersion_Data
0.647 1.45662 0 1 0 0
End_Dispersion_Data
inside=0 lambda=0.647 phi=0 theta=0
0 0 0 -180 0 0 0 0 0.186981 33.34 0 0 0 0 0 -180 0 0
0 -0 0 180 0 -0 0 -0 1.18562 15.9965 0 -0 0 -0 0 180 0 -0
0 0 0 -0 0 -180 0 0 3.5494e-13 -43.6726 0 0 0 -180 0 -180 0 0
0 -0 0 0 0 180 0 180 4.02447e-13 40.7732 0 180 0 180 0 0 0 -0
0 0 0 -180 0 -180 0 180 7.63423e-13 -20.0035 0 180 0 -180 0 -180 0 0
0 -0 0 -180 0 180 0 180 4.8525e-13 -40.7085 0 180 0 180 0 -180 0 -0
0 0 0 0 0 0 0 -180 0.186981 33.34 0 -180 0 0 0 0 0 0
0 -0 0 -0 0 -0 0 180 1.18562 15.9965 0 180 0 -0 0 -0 0 -0
inside=0 lambda=0.647 phi=0 theta=15
0 0 0 -180 0 0 0 0 0.186981 33.34 0 0 0 0 0 -180 0 0
0 -0 0 180 0 -0 0 -0 1.18562 15.9965 0 -0 0 -0 0 180 0 -0
0 0 0 -0 0 -180 0 0 3.5494e-13 -43.6726 0 0 0 -180 0 -180 0 0
0 -0 0 0 0 180 0 180 4.02447e-13 40.7732 0 180 0 180 0 0 0 -0
0 0 0 -180 0 -180 0 180 7.63423e-13 -20.0035 0 180 0 -180 0 -180 0 0
0 -0 0 -180 0 180 0 180 4.8525e-13 -40.7085 0 180 0 180 0 -180 0 -0
0 0 0 0 0 0 0 -180 0.186981 33.34 0 -180 0 0 0 0 0 0
0 -0 0 -0 0 -0 0 180 1.18562 15.9965 0 180 0 -0 0 -0 0 -0
inside=0 lambda=0.647 phi=0 theta=30
0 0 0 -180 0 0 0 0 0.186981 33.34 0 0 0 0 0 -180 0 0
0 -0 0 180 0 -0 0 -0 1.18562 15.9965 0 -0 0 -0 0 180 0 -0
0 0 0 -0 0 -180 0 0 3.5494e-13 -43.6726 0 0 0 -180 0 -180 0 0
0 -0 0 0 0 180 0 180 4.02447e-13 40.7732 0 180 0 180 0 0 0 -0
0 0 0 -180 0 -180 0 180 7.63423e-13 -20.0035 0 180 0 -180 0 -180 0 0
0 -0 0 -180 0 180 0 180 4.8525e-13 -40.7085 0 180 0 180 0 -180 0 -0
0 0 0 0 0 0 0 -180 0.186981 33.34 0 -180 0 0 0 0 0 0
0 -0 0 -0 0 -0 0 180 1.18562 15.9965 0 180 0 -0 0 -0 0 -0
inside=0 lambda=0.647 phi=0 theta=45
0 0 0 -180 0 0 0 0 0.186981 33.34 0 0 0 0 0 -180 0 0
0 -0 0 180 0 -0 0 -0 1.18562 15.9965 0 -0 0 -0 0 180 0 -0
0 0 0 -0 0 -180 0 0 3.5494e-13 -43.6726 0 0 0 -180 0 -180 0 0
0 -0 0 0 0 180 0 180 4.02447e-13 40.7732 0 180 0 180 0 0 0 -0
0 0 0 -180 0 -180 0 180 7.63423e-13 -20.0035 0 180 0 -180 0 -180 0 0
0 -0 0 -180 0 180 0 180 4.8525e-13 -40.7085 0 180 0 180 0 -180 0 -0
0 0 0 0 0 0 0 -180 0.186981 33.34 0 -180 0 0 0 0 0 0
0 -0 0 -0 0 -0 0 180 1.18562 15.9965 0 180 0 -0 0 -0 0 -0
inside=0 lambda=0.647 phi=5 theta=0
0 0 0 -180 0 0 0 0 0.184702 30.4987 0 0 0 0 0 -180 0 0
0 0 0 180 0 -0 0 -0 1.18358 14.6115 0 -0 0 0 0 180 0 -0
0 0 0 -180 0 -180 0 -0 4.26065e-14 163.436 0 180 0 -180 0 0 0 0
0 -0 0 180 0 180 0 180 8.90356e-14 161.363 0 180 0 180 0 -0 0 -0
0 0 0 -180 0 -180 0 -0 7.49409e-14 -71.1131 0 -0 0 -180 0 0 0 0
0 -0 0 180 0 180 0 -0 8.21474e-14 174.253 0 180 0 180 0 -0 0 -0
0 0 0 0 0 0 0 -180 0.188862 30.4649 0 -180 0 0 0 0 0 0
0 -0 0 -0 0 -0 0 180 1.18774 14.6074 0 180 0 -0 0 -0 0 -0
inside=0 lambda=0.647 phi=5 theta=15
0 0 0 -180 0 0 0 0 0.184981 30.4964 0 0 0 0 0 -180 0 0
0 0 0 180 0 -0 0 -0 1.18386 14.6113 0 -0 0 0 0 180 0 -0
0 0 0 -180 0 -180 0 -180 0.0010432 -151.022 0 0 0 -180 0 0 0 0
0 -0 0 180 0 180 0 180 0.00103989 -168.1 0 -0 0 180 0 -0 0 -0
0 0 0 -180 0 -180 0 -180 0.00104318 -151.022 0 0 0 -180 0 0 0 0
0 -0 0 180 0 180 0 180 0.00103985 -168.083 0 -0 0 180 0 -0 0 -0
0 0 0 0 0 0 0 -180 0.188583 30.4671 0 -180 0 0 0 0 0 0
0 -0 0 -0 0 -0 0 180 1.18746 14.6077 0 180 0 -0 0 -0 0 -0
inside=0 lambda=0.647 phi=5 theta=30
0 0 0 -180 0 0 0 0 0.185742 30.4901 0 0 0 0 0 -180 0 0
0 0 0 180 0 -0 0 -0 1.18462 14.6105 0 -0 0 0 0 180 0 -0
0 0 0 -180 0 -180 0 -180 0.00180686 -151.022 0 0 0 -180 0 0 0 0
0 -0 0 180 0 180 0 180 0.00180113 -168.096 0 -0 0 180 0 -0 0 -0
0 0 0 -180 0 -180 0 -180 0.00180684 -151.022 0 0 0 -180 0 0 0 0
0 -0 0 180 0 180 0 180 0.00180109 -168.086 0 -0 0 180 0 -0 0 -0
0 0 0 0 0 0 0 -180 0.187822 30.4732 0 -180 0 0 0 0 0 0
0 -0 0 -0 0 -0 0 180 1.1867 14.6084 0 180 0 -0 0 -0 0 -0
inside=0 lambda=0.647 phi=5 theta=45
0 0 0 -180 0 0 0 0 0.186782 30.4816 0 0 0 0 0 -180 0 0
0 -0 0 180 0 -0 0 -0 1.18566 14.6095 0 -0 0 0 0 180 0 -0
0 0 0 -180 0 -180 0 -180 0.00208637 -151.022 0 0 0 -180 0 0 0 0
0 -0 0 180 0 180 0 180 0.00207974 -168.091 0 -0 0 180 0 -0 0 -0
0 0 0 -180 0 -180 0 -180 0.00208637 -151.022 0 0 0 -180 0 0 0 0
0 -0 0 180 0 180 0 180 0.00207974 -168.091 0 -0 0 180 0 -0 0 -0
0 0 0 0 0 0 0 -180 0.186782 30.4816 0 -180 0 0 0 0 0 0
0 -0 0 -0 0 0 0 180 1.18566 14.6095 0 180 0 -0 0 -0 0 -0
inside=0 lambda=0.647 phi=10 theta=0
0 0 0 -180 0 0 0 0 0.177709 21.9843 0 0 0 0 0 -180 0 0
0 0 0 180 0 -0 0 -0 1.1772 10.4686 0 -0 0 0 0 180 0 -0
0 0 0 -180 0 -180 0 180 5.58522e-14 -134.778 0 -180 0 -180 0 0 0 0
0 -0 0 180 0 180 0 -180 6.38089e-15 176.667 0 180 0 180 0 -0 0 -0
0 0 0 -180 0 -180 0 180 6.08218e-14 -37.9477 0 -0 0 -180 0 0 0 0
0 -0 0 180 0 180 0 -0 5.13121e-14 -0.730956 0 0 0 180 0 -0 0 -0
0 0 0 0 0 0 0 -180 0.194816 21.8474 0 -180 0 0 0 0 0 0
0 -0 0 -0 0 -0 0 180 1.19433 10.4512 0 180 0 -0 0 -0 0 -0
inside=0 lambda=0.647 phi=10 theta=15
0 0 0 -180 0 0 0 0 0.178856 21.9742 0 0 0 0 0 -180 0 0
0 0 0 180 0 -0 0 -0 1.17835 10.4673 0 -0 0 0 0 180 0 -0
0 0 0 -180 0 -180 0 -180 0.00428817 -159.537 0 0 0 -180 0 0 0 0
0 -0 0 180 0 180 0 180 0.00428594 -172.33 0 -0 0 180 0 -0 0 -0
0 0 0 -180 0 -180 0 -180 0.00428791 -159.538 0 0 0 -180 0 0 0 0
0 -0 0 180 0 180 0 180 0.00428534 -172.26 0 -0 0 180 0 -0 0 -0
0 0 0 0 0 0 0 -180 0.19367 21.8556 0 -180 0 0 0 0 0 0
0 -0 0 -0 0 -0 0 180 1.19318 10.4522 0 180 0 -0 0 -0 0 -0
inside=0 lambda=0.647 phi=10 theta=30
0 0 0 -180 0 0 0 0 0.181987 21.9473 0 0 0 0 0 -180 0 0
0 0 0 180 0 -0 0 -0 1.18148 10.4639 0 -0 0 0 0 180 0 -0
0 0 0 -180 0 -180 0 -180 0.0074272 -159.537 0 0 0 -180 0 0 0 0
0 -0 0 180 0 180 0 180 0.00742323 -172.314 0 -0 0 180 0 -0 0 -0
0 0 0 -180 0 -180 0 -180 0.00742694 -159.538 0 0 0 -180 0 0 0 0
0 -0 0 180 0 180 0 180 0.00742264 -172.274 0 -0 0 180 0 -0 0 -0
0 0 0 0 0 0 0 -180 0.19054 21.8789 0 -180 0 0 0 0 0 0
0 -0 0 -0 0 0 0 180 1.19005 10.4552 0 180 0 -0 0 -0 0 -0
inside=0 lambda=0.647 phi=10 theta=45
0 0 0 -180 0 0 0 0 0.186264 21.9122 0 0 0 0 0 -180 0 0
0 -0 0 180 0 -0 0 -0 1.18576 10.4594 0 -0 0 0 0 180 0 -0
0 0 0 -180 0 -180 0 -180 0.00857602 -159.538 0 0 0 -180 0 0 0 0
0 -0 0 180 0 180 0 180 0.00857126 -172.293 0 -0 0 180 0 -0 0 -0
0 0 0 -180 0 -180 0 -180 0.00857602 -159.538 0 0 0 -180 0 0 0 0
0 -0 0 180 0 180 0 180 0.00857126 -172.293 0 -0 0 180 0 -0 0 -0
0 0 0 0 0 0 0 -180 0.186264 21.9122 0 -180 0 0 0 0 0 0
0 -0 0 -0 0 0 0 180 1.18576 10.4594 0 180 0 -0 0 -0 0 -0
inside=0 lambda=0.647 phi=15 theta=0
0 -0 0 -180 0 0 0 0 0.165439 7.83602 0 0 0 -0 0 -180 0 0
0 0 0 180 0 -0 0 -0 1.16555 3.60461 0 -0 0 0 0 180 0 -0
0 0 0 -180 0 -180 0 0 2.86947e-14 -90.0528 0 180 0 -180 0 0 0 0
0 -0 0 180 0 180 0 180 5.92358e-14 -82.352 0 -180 0 180 0 -0 0 -0
0 0 0 -180 0 -180 0 -0 4.06155e-14 164.199 0 -0 0 -180 0 0 0 0
0 -0 0 180 0 180 0 0 7.48258e-14 -126.128 0 -180 0 180 0 -0 0 -0
0 0 0 0 0 0 0 -180 0.205886 7.52967 0 -180 0 0 0 0 0 0
0 -0 0 -0 0 -0 0 180 1.2061 3.56132 0 180 0 -0 0 -0 0 -0
inside=0 lambda=0.647 phi=15 theta=15
0 -0 0 -180 0 0 0 0 0.168149 7.81013 0 0 0 -0 0 -180 0 0
0 0 0 180 0 -0 0 -0 1.16826 3.60103 0 -0 0 0 0 180 0 -0
0 0 0 -180 0 -180 0 -180 0.0101292 -173.66 0 0 0 -180 0 0 0 0
0 -0 0 180 0 180 0 180 0.0101492 -179.359 0 -0 0 180 0 -0 0 -0
0 0 0 -180 0 -180 0 -180 0.0101283 -173.664 0 0 0 -180 0 0 0 0
0 -0 0 180 0 180 0 180 0.0101461 -179.194 0 -0 0 180 0 -0 0 -0
0 0 0 0 0 0 0 -180 0.203178 7.54578 0 -180 0 0 0 0 0 0
0 -0 0 -0 0 -0 0 180 1.20338 3.56342 0 180 0 -0 0 -0 0 -0
inside=0 lambda=0.647 phi=15 theta=30
0 -0 0 -180 0 0 0 0 0.175554 7.74403 0 0 0 -0 0 -180 0 0
0 0 0 180 0 -0 0 -0 1.17568 3.59167 0 -0 0 0 0 180 0 -0
0 0 0 -180 0 -180 0 -180 0.0175436 -173.663 0 0 0 -180 0 0 0 0
0 -0 0 180 0 180 0 180 0.0175776 -179.318 0 -0 0 180 0 -0 0 -0
0 0 0 -180 0 -180 0 -180 0.0175428 -173.665 0 0 0 -180 0 0 0 0
0 -0 0 180 0 180 0 180 0.0175746 -179.223 0 -0 0 180 0 -0 0 -0
0 0 0 0 0 0 0 -180 0.195778 7.5925 0 -180 0 0 0 0 0 0
0 -0 0 -0 0 0 0 180 1.19596 3.56984 0 180 0 -0 0 -0 0 -0
inside=0 lambda=0.647 phi=15 theta=45
0 0 0 -180 0 0 0 0 0.185667 7.66347 0 0 0 -0 0 -180 0 0
0 -0 0 180 0 -0 0 -0 1.18582 3.58003 0 -0 0 0 0 180 0 -0
0 0 0 -180 0 -180 0 -180 0.0202569 -173.665 0 0 0 -180 0 0 0 0
0 -0 0 180 0 180 0 180 0.020295 -179.268 0 -0 0 180 0 -0 0 -0
0 0 0 -180 0 -180 0 -180 0.0202569 -173.665 0 0 0 -180 0 0 0 0
0 -0 0 180 0 180 0 180 0.020295 -179.268 0 -0 0 180 0 -0 0 -0
0 0 0 0 0 -0 0 -180 0.185667 7.66347 0 -180 0 0 0 0 0 0
0 -0 0 -0 0 0 0 180 1.18582 3.58003 0 180 0 -0 0 -0 0 -0
inside=0 lambda=0.647 phi=20 theta=0
0 -0 0 -180 0 0 0 0 0.146563 -11.844 0 0 0 -0 0 -180 0 0
0 0 0 180 0 -0 0 -0 1.14681 -5.91698 0 -0 0 0 0 180 0 -0
0 0 0 -180 0 -180 0 0 1.49593e-13 63.1494 0 0 0 -180 0 0 0 0
0 -0 0 0 0 180 0 -0 1.49963e-13 80.1886 0 -0 0 180 0 -180 0 -0
0 0 0 -180 0 -180 0 180 1.42526e-13 -145.001 0 180 0 -180 0 0 0 0
0 -0 0 180 0 180 0 -180 1.20593e-13 -27.7473 0 -0 0 180 0 -0 0 -0
0 0 0 0 0 0 0 -180 0.224211 -12.3496 0 -180 0 0 0 0 0 0
0 -0 0 -0 0 -0 0 180 1.22444 -6.0029 0 180 0 -0 0 -0 0 -0
inside=0 lambda=0.647 phi=20 theta=15
0 -0 0 -180 0 0 0 0 0.151764 -11.8976 0 0 0 -0 0 -180 0 0
0 0 0 180 0 -0 0 -0 1.15201 -5.92536 0 -0 0 0 0 180 0 -0
0 0 0 -180 0 -180 0 -180 0.019412 166.759 0 0 0 -180 0 0 0 0
0 -0 0 0 0 180 0 180 0.0194421 170.861 0 -0 0 180 0 -180 0 -0
0 0 0 -180 0 -180 0 -180 0.0194125 166.753 0 0 0 -180 0 0 0 0
0 -0 0 180 0 180 0 0 0.0194323 171.185 0 -180 0 180 0 -0 0 -0
0 0 0 0 0 0 0 -180 0.21901 -12.3296 0 -180 0 0 0 0 0 0
0 -0 0 -0 0 -0 0 180 1.21924 -6.00063 0 180 0 -0 0 -0 0 -0
inside=0 lambda=0.647 phi=20 theta=30
0 -0 0 -180 0 0 0 0 0.165975 -12.0245 0 0 0 -0 0 -180 0 0
0 0 0 180 0 -0 0 -0 1.16622 -5.94661 0 -0 0 0 0 180 0 -0
0 0 0 -180 0 -180 0 -180 0.0336215 166.751 0 0 0 -180 0 0 0 0
0 -0 0 0 0 180 0 180 0.0336701 170.954 0 -0 0 180 0 -180 0 -0
0 0 0 -180 0 -180 0 -180 0.0336221 166.748 0 0 0 -180 0 0 0 0
0 -0 0 180 0 180 0 0 0.0336604 171.134 0 -180 0 180 0 -0 0 -0
0 0 0 0 0 -0 0 -180 0.204801 -12.2674 0 -180 0 0 0 0 0 0
0 -0 0 -0 0 -0 0 180 1.20503 -5.991 0 180 0 -0 0 -0 0 -0
inside=0 lambda=0.647 phi=20 theta=45
0 -0 0 -180 0 0 0 0 0.185388 -12.1615 0 0 0 -0 0 -180 0 0
0 -0 0 180 0 -0 0 -0 1.18562 -5.97157 0 -0 0 0 0 180 0 -0
0 0 0 -180 0 -180 0 -180 0.0388225 166.746 0 0 0 -180 0 0 0 0
0 -0 0 0 0 180 0 180 0.0388728 171.054 0 -0 0 180 0 -180 0 -0
0 0 0 -180 0 -180 0 -180 0.0388225 166.746 0 0 0 -180 0 0 0 0
0 -0 0 180 0 180 0 0 0.0388728 171.054 0 -180 0 180 0 -0 0 -0
0 -0 0 0 0 -0 0 -180 0.185388 -12.1615 0 -180 0 0 0 0 0 0
0 -0 0 -0 0 0 0 180 1.18562 -5.97157 0 180 0 -0 0 -0 0 -0
inside=0 lambda=0.647 phi=25 theta=0
0 -0 0 -180 0 0 0 0 0.118006 -36.8602 0 0 0 -0 0 -180 0 0
0 0 0 180 0 -0 0 -0 1.11756 -18.0045 0 -0 0 0 0 180 0 -0
0 -0 0 -180 0 -180 0 -180 3.71666e-13 -61.0138 0 -0 0 180 0 0 0 0
0 -0 0 0 0 180 0 -180 4.97734e-13 -33.5598 0 -0 0 180 0 -180 0 -0
0 0 0 -180 0 -180 0 -0 3.29092e-13 55.0281 0 0 0 -180 0 0 0 0
0 -0 0 180 0 180 0 180 4.59105e-13 -15.1649 0 -180 0 180 0 -0 0 -0
0 0 0 0 0 0 0 -180 0.25378 -37.4315 0 -180 0 0 0 0 0 0
0 -0 0 -0 0 -0 0 180 1.25191 -18.1378 0 180 0 -0 0 -0 0 -0
inside=0 lambda=0.647 phi=25 theta=15
0 -0 0 -180 0 0 0 0 0.12708 -36.96 0 0 0 -0 0 -180 0 0
0 0 0 180 0 -0 0 -0 1.12657 -18.0227 0 -0 0 0 0 180 0 -0
0 0 0 -180 0 -180 0 -180 0.0338364 142.012 0 0 0 180 0 0 0 0
0 -0 0 0 0 180 0 180 0.0336757 158.416 0 -0 0 180 0 -180 0 -0
0 0 0 -180 0 180 0 -0 0.0338519 142.017 0 0 0 -180 0 0 0 0
0 -0 0 180 0 180 0 0 0.033657 159.016 0 -180 0 180 0 -0 0 -0
0 0 0 0 0 -0 0 -180 0.244628 -37.4378 0 -180 0 0 0 0 0 0
0 -0 0 -0 0 -0 0 180 1.24293 -18.1459 0 180 0 -0 0 -0 0 -0
inside=0 lambda=0.647 phi=25 theta=30
0 -0 0 -180 0 0 0 0 0.151889 -37.157 0 0 0 -0 0 -180 0 0
0 0 0 180 0 -0 0 -0 1.15117 -18.0667 0 -0 0 0 0 180 0 -0
0 0 0 -180 0 -180 0 -180 0.0586129 141.997 0 0 0 180 0 0 0 0
0 -0 0 0 0 180 0 180 0.058322 158.625 0 -0 0 180 0 -180 0 -0
0 0 0 -180 0 180 0 -0 0.0586266 141.999 0 0 0 -180 0 0 0 0
0 -0 0 180 0 180 0 0 0.058301 158.937 0 -180 0 180 0 -0 0 -0
0 -0 0 0 0 -0 0 -180 0.219734 -37.4134 0 -180 0 0 0 0 0 0
0 -0 0 -0 0 -0 0 180 1.21836 -18.1443 0 180 0 -0 0 -0 0 -0
inside=0 lambda=0.647 phi=25 theta=45
0 -0 0 -180 0 0 0 0 0.185798 -37.3216 0 0 0 -0 0 -180 0 0
0 -0 0 180 0 -0 0 -0 1.18477 -18.1144 0 -0 0 0 0 180 0 -0
0 0 0 -180 0 -180 0 -180 0.0676875 141.99 0 0 0 180 0 0 0 0
0 -0 0 0 0 180 0 180 0.0673317 158.808 0 -0 0 180 0 -180 0 -0
0 0 0 -180 0 180 0 -180 0.0676875 141.99 0 0 0 -180 0 0 0 0
0 -0 0 180 0 180 0 0 0.0673317 158.808 0 -180 0 180 0 -0 0 -0
0 -0 0 0 0 -0 0 -180 0.185798 -37.3216 0 -180 0 0 0 0 0 0
0 -0 0 -0 0 0 0 180 1.18477 -18.1144 0 180 0 -0 0 -0 0 -0
inside=0 lambda=0.647 phi=30 theta=0
0 -0 0 -180 0 0 0.0105536 -16.819 0.0723101 -67.3007 0 0 0 -0 0 -180 0 0
0 0 0 180 0 -0 0 -0 1.0705 -32.5553 0 -0 0 0 0 180 0 -0
0 -0 0 -180 0 -180 4.41832e-13 -65.9413 7.05543e-14 -148.554 0 0 0 180 0 0 0 0
0 -0 0 0 0 180 0 -180 8.47663e-14 -71.5792 0 180 0 180 0 -180 0 -0
0 0 0 -180 0 -180 4.75644e-13 -154.689 8.56699e-14 33.1875 0 -180 0 -180 0 0 0 0
0 -0 0 180 0 180 0 0 2.05591e-13 169.571 0 180 0 180 0 -0 0 -0
0 0 0 0 0 0 0.242294 75.4032 0.290894 -67.0249 0 -180 0 0 0 0 0 0
0 -0 0 -0 0 -0 0 0 1.28866 -32.9038 0 180 0 -0 0 -0 0 -0
inside=0 lambda=0.647 phi=30 theta=15
0 -0 0 -180 0 0 0 -0 0.0876554 -67.15 0 0 0 -0 0 -180 0 0
0 0 0 180 0 -0 0 -0 1.08569 -32.5692 0 -0 0 0 0 180 0 -180
0 -0 0 -180 0 -180 0 -180 0.0567151 112.417 0 0 0 180 0 0 0 0
0 -0 0 0 0 180 0 0 0.055697 142.986 0 -0 0 180 0 -180 0 -0
0 -0 0 -180 0 180 0 -0 0.0569572 112.692 0 0 0 -180 0 0 0 0
0 -0 0 180 0 180 0 -0 0.0559363 144.581 0 -180 0 180 0 -0 0 -0
0 -0 0 -0 0 -0 0 -0 0.287961 -66.5942 0 -180 0 0 0 0 0 0
0 -0 0 -0 0 -0 0 -0 1.27806 -32.5391 0 180 0 -0 0 -0 0 -0
inside=0 lambda=0.647 phi=30 theta=30
0 -0 0 -180 0 0 0 -0 0.129486 -67.3833 0 0 0 -0 0 -180 0 0
0 0 0 180 0 -0 0 -0 1.12657 -32.6627 0 -0 0 0 0 180 0 -0
0 0 0 -0 0 -180 0 -180 0.0986305 112.528 0 0 0 180 0 0 0 0
0 -0 0 0 0 180 0 0 0.0968445 143.905 0 -0 0 180 0 -180 0 -0
0 0 0 -180 0 180 0 -0 0.0986944 112.559 0 0 0 -180 0 0 0 0
0 -0 0 180 0 180 0 0 0.0968201 144.423 0 -180 0 180 0 -0 0 -0
0 -0 0 0 0 -0 0 -180 0.243929 -67.3157 0 -180 0 0 0 0 0 0
0 -0 0 -0 0 -0 0 0 1.23811 -32.7698 0 180 0 -0 0 -0 0 -0
inside=0 lambda=0.647 phi=30 theta=45
0 -0 0 -180 0 0 0 -0 0.186637 -67.4053 0 0 0 -0 0 -180 0 0
0 -0 0 180 0 -0 0 -0 1.18238 -32.744 0 -0 0 0 0 180 0 -0
0 0 0 -0 0 -180 0 -180 0.113927 112.524 0 0 0 180 0 0 0 0
0 -0 0 0 0 180 0 180 0.11182 144.226 0 -0 0 180 0 -180 0 -0
0 0 0 -180 0 180 0 -0 0.113927 112.524 0 0 0 -180 0 0 0 0
0 -0 0 180 0 180 0 0 0.11182 144.226 0 -180 0 180 0 -0 0 -0
0 -0 0 -0 0 -0 0 -180 0.186637 -67.4053 0 -180 0 0 0 0 0 0
0 -0 0 -0 0 0 0 180 1.18238 -32.744 0 180 0 -0 0 -0 0 -0
inside=0 lambda=0.647 phi=35 theta=0
0 -0 0 -180 0 0 0.0191862 -32.1011 0.00942326 93.4972 0 0 0 -0 0 -180 0 0
0 0 0 180 0 -180 0 -0 0.988114 -49.4192 0 -180 0 0 0 180 0 -180
0 -0 0 -180 0 -180 7.67839e-13 -37.7211 2.32553e-13 145.296 0 -180 0 180 0 0 0 0
0 -0 0 0 0 0 0 180 2.57402e-13 -125.422 0 180 0 180 0 -180 0 -180
0 0 0 -180 0 180 1.07624e-13 161.433 9.49117e-14 -56.1653 0 -180 0 -180 0 0 0 -0
0 -0 0 180 0 180 0 0 1.27481e-13 -116.532 0 -0 0 180 0 -0 0 -0
0 0 0 0 0 -0 0.125575 -154.778 0.385285 -102.985 0 -180 0 0 0 0 0 -0
0 -0 0 -0 0 -0 0 180 1.3533 -49.7899 0 180 0 -0 0 -0 0 -0
inside=0 lambda=0.647 phi=35 theta=15
0 -0 0 -180 0 0 0.00859675 -58.2047 0.0171341 -110.205 0 0 0 -0 0 180 0 0
0 0 0 180 0 -180 0 -0 1.0135 -49.4823 0 -180 0 0 0 180 0 -180
0 -0 0 -180 0 -180 0.0275854 -162.854 0.0971098 80.0865 0 0 0 180 0 0 0 0
0 -0 0 0 0 0 0 0 0.0950089 126.713 0 -180 0 180 0 -180 0 -180
0 0 0 -180 0 180 0.0333393 152.465 0.0968682 79.2289 0 0 0 -180 0 0 0 0
0 -0 0 180 0 180 0 0 0.0930275 128.035 0 -180 0 180 0 -0 0 -0
0 0 0 0 0 -0 0.154489 148.367 0.350843 -103.231 0 -180 0 0 0 0 0 0
0 -0 0 -0 0 -0 0 0 1.33147 -49.823 0 180 0 -0 0 -0 0 -0
inside=0 lambda=0.647 phi=35 theta=30
0 -0 0 -180 0 0 0 -0 0.0878893 -103.008 0 0 0 -0 0 180 0 0
0 0 0 180 0 -180 0 -0 1.08212 -49.617 0 -180 0 0 0 180 0 -180
0 0 0 -0 0 -180 0 -180 0.168095 78.8823 0 0 0 180 0 0 0 0
0 -0 0 0 0 0 0 0 0.162356 127.03 0 -180 0 180 0 -180 0 -180
0 0 0 -180 0 180 0 -0 0.168302 79.0405 0 0 0 -180 0 0 0 0
0 -0 0 180 0 180 0 -0 0.162451 127.963 0 -180 0 180 0 -0 0 -0
0 -0 0 -0 0 -0 0 -0 0.283268 -101.098 0 180 0 0 0 0 0 0
0 -0 0 -0 0 -0 0 0 1.26925 -49.6449 0 180 0 -0 0 -0 0 -180
inside=0 lambda=0.647 phi=35 theta=45
0 -0 0 -180 0 0 0 -0 0.185356 -101.952 0 0 0 -0 0 180 0 0
0 -0 0 0 0 -180 0 -0 1.17584 -49.7348 0 -180 0 -0 0 180 0 -180
0 0 0 -0 0 -180 0 -180 0.194213 78.8856 0 0 0 180 0 0 0 0
0 -0 0 0 0 180 0 0 0.187607 127.627 0 -0 0 180 0 -180 0 -180
0 0 0 -180 0 180 0 -0 0.194213 78.8856 0 0 0 -180 0 0 0 0
0 -0 0 0 0 180 0 0 0.187607 127.627 0 -180 0 180 0 -0 0 -180
0 -0 0 -0 0 -0 0 -180 0.185356 -101.952 0 180 0 0 0 0 0 0
0 -0 0 -0 0 -0 0 0 1.17584 -49.7348 0 180 0 -180 0 -180 0 -180
inside=0 lambda=0.647 phi=40 theta=0
0 -180 0 180 0 0 0.0311309 -8.62113 0.197933 43.0074 0 0 0 -180 0 180 0 0
0 0 0 180 0 -180 0 180 0.800472 -68.5028 0 -180 0 0 0 180 0 -180
0 -0 0 -180 0 -180 3.11687e-13 -123.023 1.69176e-13 -6.84484 0 180 0 180 0 0 0 0
0 -0 0 0 0 0 0 0 1.36466e-13 116.037 0 -0 0 180 0 -180 0 -180
0 0 0 -180 0 -180 2.55848e-13 -156.315 3.3024e-13 -104.119 0 180 0 -180 0 0 0 0
0 -180 0 0 0 180 0 -0 1.80548e-13 165.376 0 180 0 0 0 -180 0 -0
0 0 0 0 0 0 0.140516 -30.5528 0.543515 -137.803 0 -180 0 0 0 0 0 0
0 -180 0 -0 0 -0 0 180 1.48116 -69.4055 0 180 0 -180 0 -0 0 -0
inside=0 lambda=0.647 phi=40 theta=15
0 -0 0 -180 0 0 0.0300939 -56.7658 0.148359 43.9131 0 0 0 -180 0 180 0 0
0 0 0 180 0 -180 0 0 0.848075 -68.6123 0 -180 0 -0 0 180 0 -180
0 -0 0 -180 0 -180 0.0778634 -111.183 0.177846 41.6244 0 0 0 180 0 0 0 0
0 -0 0 0 0 0 0 180 0.179458 108.411 0 -180 0 180 0 -180 0 -180
0 0 0 -180 0 180 0.0478698 -112.426 0.181055 41.6208 0 0 0 -180 0 0 0 0
0 -0 0 180 0 180 0 0 0.173626 109.46 0 180 0 0 0 -180 0 -180
0 0 0 0 0 -180 0.105106 -94.0098 0.49808 -139.069 0 -180 0 0 0 0 0 0
0 -0 0 -0 0 -0 0 180 1.43864 -69.1576 0 180 0 -180 0 -180 0 -180
inside=0 lambda=0.647 phi=40 theta=30
0 -0 0 -180 0 0 0.0172695 66.6267 0.0158169 70.4653 0 0 0 -180 0 180 0 0
0 0 0 180 0 -180 0 -0 0.977203 -68.8637 0 -180 0 -0 0 180 0 -180
0 0 0 -0 0 -180 0.0296943 150.746 0.318037 41.8352 0 0 0 180 0 0 0 0
0 -0 0 0 0 0 0 0 0.307412 108.872 0 -180 0 180 0 -180 0 -180
0 0 0 -180 0 180 0.118474 61.8656 0.315431 41.5195 0 0 0 -180 0 0 0 0
0 -0 0 180 0 180 0 0 0.302124 109.729 0 -180 0 0 0 -180 0 -180
0 0 0 0 0 -180 0.286899 61.7508 0.340657 -140.906 0 -180 0 0 0 0 0 0
0 -0 0 -0 0 -0 0 0 1.31576 -69.0864 0 180 0 -180 0 -180 0 -180
inside=0 lambda=0.647 phi=40 theta=45
0 -0 0 -180 0 0 0 -0 0.169241 -141.063 0 0 0 -180 0 180 0 0
0 -0 0 0 0 -180 0 -0 1.15275 -68.9495 0 -180 0 -0 0 180 0 -180
0 0 0 -0 0 -180 0 -180 0.367029 41.5004 0 0 0 180 0 0 0 0
0 -0 0 0 0 0 0 0 0.351957 109.363 0 -180 0 180 0 -180 0 -180
0 0 0 -180 0 180 0 -0 0.367029 41.5004 0 0 0 -180 0 0 0 0
0 -0 0 0 0 180 0 0 0.351957 109.363 0 -180 0 0 0 -180 0 -180
0 -0 0 -0 0 -180 0 -180 0.169241 -141.063 0 180 0 0 0 0 0 0
0 -0 0 -0 0 -0 0 0 1.15275 -68.9495 0 180 0 -180 0 -180 0 -180
inside=0 lambda=0.647 phi=45 theta=0
0 -0 0 180 0 180 0.0469475 -11.5613 0.99877 -52.755 0 180 0 -0 0 180 0 180
0 -0 0 180 0 180 0 0 0 -0 0 180 0 -0 0 180 0 180
0 -0 0 -0 0 180 2.63009e-12 -80.9284 2.42429e-12 -53.4549 0 180 0 180 0 180 0 -0
0 -0 0 -0 0 -0 0 0 0 0 0 -0 0 180 0 180 0 180
0 0 0 -180 0 -180 3.61879e-13 -95.4663 2.05215e-13 -62.1962 0 -0 0 -180 0 0 0 0
0 -180 0 0 0 0 0 0 0 0 0 -180 0 0 0 -180 0 -180
0 0 0 0 0 0 0.345323 21.2502 0.945047 154.123 0 -180 0 0 0 0 0 0
0 -180 0 -180 0 -180 0 180 0 -180 0 0 0 -180 0 -180 0 -180
inside=0 lambda=0.647 phi=45 theta=15
0 -0 0 180 0 180 0.0513464 -58.86 0.87128 -54.5806 0 180 0 0 0 180 0 -180
0 -0 0 180 0 180 0 0 0 -0 0 180 0 -0 0 180 0 180
0 -0 0 -0 0 -180 0.134882 -148.956 0.476374 -40.0685 0 180 0 180 0 180 0 -0
0 -0 0 -0 0 -0 0 0 0 0 0 -180 0 180 0 180 0 180
0 0 0 -180 0 -180 0.0822549 -55.9732 0.476099 -39.6323 0 -0 0 -180 0 0 0 0
0 -180 0 0 0 0 0 0 0 0 0 180 0 0 0 -180 0 -180
0 -0 0 0 0 0 0.259218 -10.7182 0.841366 156.958 0 -180 0 0 0 0 0 0
0 -180 0 -180 0 -0 0 180 0 -180 0 0 0 -180 0 -180 0 -180
inside=0 lambda=0.647 phi=45 theta=30
0 -0 0 180 0 180 0.0757748 148.171 0.536208 -64.3212 0 180 0 0 0 -180 0 -180
0 0 0 -180 0 -180 0 -0 0 -0 0 180 0 -0 0 180 0 180
0 -0 0 -0 0 -0 0.256532 155.462 0.829589 -39.0721 0 180 0 180 0 180 0 0
0 -0 0 -0 0 -0 0 0 0 0 0 -180 0 180 0 180 0 180
0 0 0 -180 0 -180 0.103782 134.679 0.834566 -39.2014 0 -180 0 -0 0 180 0 0
0 -0 0 180 0 180 0 0 0 0 0 180 0 0 0 -180 0 -180
0 -0 0 0 0 0 0.14931 128.902 0.540361 165.082 0 -180 0 180 0 180 0 180
0 0 0 -0 0 -0 0 0 0 -180 0 180 0 -180 0 -180 0 180
inside=0 lambda=0.647 phi=45 theta=45
0 -0 0 -180 0 180 0 0 0.22227 -129.045 0 0 0 0 0 -180 0 -0
0 0 0 -0 0 -180 0 -0 0 -0 0 -180 0 -0 0 180 0 180
0 0 0 -0 0 -180 0 180 0.974985 -39.0445 0 180 0 -180 0 -180 0 0
0 -0 0 -0 0 0 0 -0 0 0 0 -180 0 180 0 180 0 180
0 0 0 180 0 -180 0 -0 0.974985 -39.0445 0 -180 0 -180 0 180 0 0
0 -0 0 -0 0 180 0 -0 0 0 0 180 0 0 0 -180 0 180
0 -0 0 0 0 0 0 -180 0.22227 -129.045 0 -180 0 180 0 0 0 -0
0 0 0 -0 0 -0 0 -0 0 -0 0 180 0 -180 0 -180 0 180
inside=1 lambda=0.647 phi=0 theta=0
0 0 0 -180 0 0 0 0 0.186981 178.653 0 0 0 0 0 -180 0 0
0 -0 0 180 0 -0 0 -0 0.813954 15.9965 0 -0 0 -0 0 180 0 -0
0 0 0 180 0 -180 0 -0 7.4562e-13 25.0223 0 -0 0 -180 0 180 0 0
0 -0 0 180 0 180 0 0 1.13184e-12 43.3573 0 0 0 180 0 180 0 -0
0 0 0 0 0 -180 0 -180 6.18699e-13 145.736 0 -180 0 -180 0 0 0 0
0 -0 0 -0 0 180 0 180 4.34992e-13 91.8837 0 0 0 180 0 -0 0 -0
0 0 0 0 0 0 0 -180 0.186981 178.653 0 -180 0 0 0 0 0 0
0 -0 0 -0 0 -0 0 180 0.813954 15.9965 0 180 0 -0 0 -0 0 -0
inside=1 lambda=0.647 phi=0 theta=15
0 0 0 -180 0 0 0 0 0.186981 178.653 0 0 0 0 0 -180 0 0
0 -0 0 180 0 -0 0 -0 0.813954 15.9965 0 -0 0 -0 0 180 0 -0
0 0 0 180 0 -180 0 -0 7.4562e-13 25.0223 0 -0 0 -180 0 180 0 0
0 -0 0 180 0 180 0 0 1.13184e-12 43.3573 0 0 0 180 0 180 0 -0
0 0 0 0 0 -180 0 -180 6.18699e-13 145.736 0 -180 0 -180 0 0 0 0
0 -0 0 -0 0 180 0 180 4.34992e-13 91.8837 0 0 0 180 0 -0 0 -0
0 0 0 0 0 0 0 -180 0.186981 178.653 0 -180 0 0 0 0 0 0
0 -0 0 -0 0 -0 0 180 0.813954 15.9965 0 180 0 -0 0 -0 0 -0
inside=1 lambda=0.647 phi=0 theta=30
0 0 0 -180 0 0 0 0 0.186981 178.653 0 0 0 0 0 -180 0 0
0 -0 0 180 0 -0 0 -0 0.813954 15.9965 0 -0 0 -0 0 180 0 -0
0 0 0 180 0 -180 0 -0 7.4562e-13 25.0223 0 -0 0 -180 0 180 0 0
0 -0 0 180 0 180 0 0 1.13184e-12 43.3573 0 0 0 180 0 180 0 -0
0 0 0 0 0 -180 0 -180 6.18699e-13 145.736 0 -180 0 -180 0 0 0 0
0 -0 0 -0 0 180 0 180 4.34992e-13 91.8837 0 0 0 180 0 -0 0 -0
0 0 0 0 0 0 0 -180 0.186981 178.653 0 -180 0 0 0 0 0 0
0 -0 0 -0 0 -0 0 180 0.813954 15.9965 0 180 0 -0 0 -0 0 -0
inside=1 lambda=0.647 phi=0 theta=45
0 0 0 -180 0 0 0 0 0.186981 178.653 0 0 0 0 0 -180 0 0
0 -0 0 180 0 -0 0 -0 0.813954 15.9965 0 -0 0 -0 0 180 0 -0
0 0 0 180 0 -180 0 -0 7.4562e-13 25.0223 0 -0 0 -180 0 180 0 0
0 -0 0 180 0 180 0 0 1.13184e-12 43.3573 0 0 0 180 0 180 0 -0
0 0 0 0 0 -180 0 -180 6.18699e-13 145.736 0 -180 0 -180 0 0 0 0
0 -0 0 -0 0 180 0 180 4.34992e-13 91.8837 0 0 0 180 0 -0 0 -0
0 0 0 0 0 0 0 -180 0.186981 178.653 0 -180 0 0 0 0 0 0
0 -0 0 -0 0 -0 0 180 0.813954 15.9965 0 180 0 -0 0 -0 0 -0
inside=1 lambda=0.647 phi=5 theta=0
0 0 0 -180 0 0 0 0 0.185911 178.686 0 0 0 0 0 -180 0 0
0 -0 0 180 0 -0 0 -0 0.814944 15.3444 0 -0 0 -0 0 180 0 -0
0 0 0 -180 0 -180 0 0 9.90775e-14 -64.665 0 0 0 -180 0 0 0 0
0 -0 0 180 0 180 0 -180 8.49734e-14 -20.0501 0 -180 0 180 0 -0 0 -0
0 0 0 -180 0 -180 0 0 1.68325e-13 135.059 0 180 0 -180 0 0 0 0
0 -0 0 180 0 180 0 -180 2.00922e-13 102.626 0 -0 0 180 0 -0 0 -0
0 0 0 0 0 0 0 -180 0.18786 178.698 0 -180 0 0 0 0 0 0
0 -0 0 -0 0 -0 0 180 0.812993 15.3425 0 180 0 -0 0 -0 0 -0
inside=1 lambda=0.647 phi=5 theta=15
0 0 0 -180 0 0 0 0 0.186042 178.687 0 0 0 0 0 -180 0 0
0 -0 0 180 0 -0 0 -0 0.814813 15.3443 0 -0 0 -0 0 180 0 -0
0 0 0 -180 0 -180 0 -180 0.000488589 -0.643002 0 0 0 -180 0 0 0 0
0 -0 0 180 0 180 0 180 0.000488169 17.1887 0 -0 0 180 0 -0 0 -0
0 0 0 -180 0 -180 0 -0 0.00048858 -0.639762 0 0 0 -180 0 0 0 0
0 -0 0 180 0 180 0 180 0.000488163 17.184 0 -0 0 180 0 -0 0 -0
0 0 0 0 0 0 0 -180 0.187729 178.698 0 -180 0 0 0 0 0 0
0 -0 0 -0 0 -0 0 180 0.813124 15.3426 0 180 0 -0 0 -0 0 -0
inside=1 lambda=0.647 phi=5 theta=30
0 0 0 -180 0 0 0 0 0.186399 178.689 0 0 0 0 0 -180 0 0
0 -0 0 180 0 -0 0 -0 0.814456 15.3439 0 -0 0 -0 0 180 0 -0
0 0 0 -0 0 -180 0 -180 0.000846258 -0.642311 0 0 0 -180 0 0 0 0
0 -0 0 180 0 180 0 180 0.000845532 17.1876 0 -0 0 180 0 -0 0 -0
0 0 0 -180 0 -180 0 -0 0.000846249 -0.640441 0 0 0 -180 0 0 0 0
0 -0 0 180 0 180 0 180 0.000845525 17.1849 0 -0 0 180 0 -0 0 -0
0 0 0 0 0 0 0 -180 0.187373 178.695 0 -180 0 0 0 0 0 0
0 -0 0 -0 0 -0 0 180 0.813481 15.343 0 180 0 -0 0 -0 0 -0
inside=1 lambda=0.647 phi=5 theta=45
0 0 0 -180 0 0 0 0 0.186886 178.692 0 0 0 0 0 -180 0 0
0 -0 0 180 0 -0 0 -0 0.813969 15.3434 0 -0 0 -0 0 180 0 -0
0 0 0 -0 0 -180 0 -180 0.000977169 -0.641373 0 0 0 -180 0 0 0 0
0 -0 0 180 0 180 0 180 0.000976332 17.1863 0 -0 0 180 0 -0 0 -0
0 0 0 -180 0 -180 0 -0 0.000977169 -0.641373 0 0 0 -180 0 0 0 0
0 -0 0 180 0 180 0 180 0.000976332 17.1863 0 -0 0 180 0 -0 0 -0
0 0 0 0 0 0 0 -180 0.186886 178.692 0 -180 0 0 0 0 0 0
0 -0 0 -0 0 -0 0 180 0.813969 15.3434 0 180 0 -0 0 -0 0 -0
inside=1 lambda=0.647 phi=10 theta=0
0 0 0 -180 0 0 0 0 0.182688 178.789 0 0 0 0 0 -180 0 0
0 0 0 180 0 -0 0 -0 0.81795 13.4012 0 -0 0 0 0 180 0 -0
0 0 0 -180 0 -180 0 -0 1.76181e-14 -98.1628 0 -0 0 -180 0 0 0 0
0 -0 0 180 0 180 0 -180 6.79077e-14 -77.2921 0 180 0 180 0 -0 0 -0
0 0 0 -180 0 -180 0 -0 1.26072e-13 -136.742 0 -0 0 -180 0 0 0 0
0 -0 0 180 0 180 0 -0 2.1462e-13 -173.931 0 -180 0 180 0 -0 0 -0
0 0 0 0 0 0 0 -180 0.190549 178.837 0 -180 0 0 0 0 0 0
0 -0 0 -0 0 -0 0 180 0.810077 13.3934 0 180 0 -0 0 -0 0 -0
inside=1 lambda=0.647 phi=10 theta=15
0 0 0 -180 0 0 0 0 0.183215 178.792 0 0 0 0 0 -180 0 0
0 0 0 180 0 -0 0 -0 0.817422 13.4006 0 -0 0 0 0 180 0 -0
0 0 0 -0 0 -180 0 -180 0.00197093 -0.556299 0 0 0 -180 0 0 0 0
0 -0 0 180 0 180 0 180 0.00197021 15.2674 0 -0 0 180 0 -0 0 -0
0 0 0 -180 0 -180 0 -0 0.00197079 -0.542947 0 0 0 -180 0 0 0 0
0 -0 0 180 0 180 0 180 0.0019701 15.2486 0 -0 0 180 0 -0 0 -0
0 0 0 0 0 0 0 -180 0.190023 178.834 0 -180 0 0 0 0 0 0
0 -0 0 -0 0 -0 0 180 0.810604 13.3939 0 180 0 -0 0 -0 0 -0
inside=1 lambda=0.647 phi=10 theta=30
0 0 0 -180 0 0 0 0 0.184654 178.801 0 0 0 0 0 -180 0 0
0 -0 0 180 0 -0 0 -0 0.815981 13.3992 0 -0 0 0 0 180 0 -0
0 0 0 -0 0 -180 0 -180 0.0034137 -0.553376 0 0 0 -180 0 0 0 0
0 -0 0 180 0 180 0 180 0.00341246 15.2632 0 -0 0 180 0 -0 0 -0
0 0 0 -180 0 -180 0 -0 0.00341356 -0.545671 0 0 0 -180 0 0 0 0
0 -0 0 180 0 180 0 180 0.00341235 15.2523 0 -0 0 180 0 -0 0 -0
0 0 0 0 0 0 0 -180 0.188584 178.825 0 -180 0 0 0 0 0 0
0 -0 0 -0 0 -0 0 180 0.812045 13.3953 0 180 0 -0 0 -0 0 -0
inside=1 lambda=0.647 phi=10 theta=45
0 0 0 -180 0 0 0 0 0.186619 178.813 0 0 0 0 0 -180 0 0
0 -0 0 180 0 -0 0 -0 0.814013 13.3972 0 -0 0 -0 0 180 0 -0
0 0 0 -0 0 -180 0 -180 0.00394172 -0.549474 0 0 0 -180 0 0 0 0
0 -0 0 180 0 180 0 180 0.0039403 15.2577 0 -0 0 180 0 -0 0 -0
0 0 0 -180 0 -180 0 -0 0.00394172 -0.549474 0 0 0 -180 0 0 0 0
0 -0 0 180 0 180 0 180 0.0039403 15.2577 0 -0 0 180 0 -0 0 -0
0 0 0 0 0 0 0 -180 0.186619 178.813 0 -180 0 0 0 0 0 0
0 -0 0 -0 0 -0 0 180 0.814013 13.3972 0 180 0 -0 0 -0 0 -0
inside=1 lambda=0.647 phi=15 theta=0
0 0 0 -180 0 0 0 0 0.177257 178.968 0 0 0 0 0 -180 0 0
0 0 0 180 0 -0 0 -0 0.823076 10.2066 0 -0 0 0 0 180 0 -0
0 0 0 -180 0 -180 0 180 1.52539e-14 -175.02 0 -0 0 -180 0 0 0 0
0 -0 0 180 0 180 0 180 7.8535e-14 109.797 0 -180 0 180 0 -0 0 -0
0 0 0 -180 0 -180 0 -0 9.60038e-14 -153.527 0 -0 0 -180 0 0 0 0
0 -0 0 180 0 180 0 -0 1.36803e-13 147.02 0 0 0 180 0 -0 0 -0
0 0 0 0 0 0 0 -180 0.195209 179.075 0 -180 0 0 0 0 0 0
0 -0 0 -0 0 -0 0 180 0.805093 10.1883 0 180 0 -0 0 -0 0 -0
inside=1 lambda=0.647 phi=15 theta=15
0 0 0 -180 0 0 0 0 0.17846 178.976 0 0 0 0 0 -180 0 0
0 0 0 180 0 -0 0 -0 0.821871 10.2053 0 -0 0 0 0 180 0 -0
0 0 0 -0 0 -180 0 -180 0.00449898 -0.410738 0 0 0 -180 0 0 0 0
0 -0 0 180 0 180 0 180 0.00450023 12.1112 0 -0 0 180 0 -0 0 -0
0 0 0 -180 0 -180 0 -0 0.00449838 -0.379307 0 0 0 -180 0 0 0 0
0 -0 0 180 0 180 0 180 0.00449972 12.0684 0 -0 0 180 0 -0 0 -0
0 0 0 0 0 0 0 -180 0.194007 179.068 0 -180 0 0 0 0 0 0
0 -0 0 -0 0 -0 0 180 0.806297 10.1895 0 180 0 -0 0 -0 0 -0
inside=1 lambda=0.647 phi=15 theta=30
0 0 0 -180 0 0 0 0 0.181747 178.996 0 0 0 0 0 -180 0 0
0 0 0 180 0 -0 0 -0 0.81858 10.2019 0 -0 0 0 0 180 0 -0
0 0 0 -0 0 -180 0 -180 0.00779221 -0.403564 0 0 0 -180 0 0 0 0
0 -0 0 180 0 180 0 180 0.00779443 12.1011 0 -0 0 180 0 -0 0 -0
0 0 0 -180 0 -180 0 -0 0.00779161 -0.385465 0 0 0 -180 0 0 0 0
0 -0 0 180 0 180 0 180 0.00779391 12.0764 0 -0 0 180 0 -0 0 -0
0 0 0 0 0 0 0 -180 0.190723 179.049 0 -180 0 0 0 0 0 0
0 -0 0 -0 0 -0 0 180 0.809588 10.1927 0 180 0 -0 0 -0 0 -0
inside=1 lambda=0.647 phi=15 theta=45
0 0 0 -180 0 0 0 0 0.186235 179.023 0 0 0 0 0 -180 0 0
0 -0 0 180 0 -0 0 -0 0.814084 10.1973 0 -0 0 0 0 180 0 -0
0 0 0 -0 0 -180 0 -180 0.0089973 -0.394261 0 0 0 -180 0 0 0 0
0 -0 0 180 0 180 0 180 0.00899993 12.0882 0 -0 0 180 0 -0 0 -0
0 0 0 -180 0 -180 0 -0 0.0089973 -0.394261 0 0 0 -180 0 0 0 0
0 -0 0 180 0 180 0 180 0.00899993 12.0882 0 -0 0 180 0 -0 0 -0
0 0 0 0 0 0 0 -180 0.186235 179.023 0 -180 0 0 0 0 0 0
0 -0 0 -0 0 0 0 180 0.814084 10.1973 0 180 0 -0 0 -0 0 -0
inside=1 lambda=0.647 phi=20 theta=0
0 -0 0 -180 0 0 0 0 0.169516 179.232 0 0 0 -0 0 -180 0 0
0 0 0 180 0 -0 0 -0 0.830512 5.82732 0 -0 0 0 0 180 0 -0
0 0 0 -180 0 -180 0 -0 1.22445e-14 -22.8993 0 180 0 -180 0 0 0 0
0 -0 0 180 0 180 0 -0 8.25843e-15 20.9523 0 -180 0 180 0 -0 0 -0
0 0 0 -180 0 -180 0 180 2.67713e-15 -64.6584 0 180 0 -180 0 0 0 0
0 -0 0 180 0 180 0 -180 9.78889e-15 133.914 0 -0 0 180 0 -0 0 -0
0 0 0 0 0 0 0 -180 0.202123 179.416 0 -180 0 0 0 0 0 0
0 -0 0 -0 0 -0 0 180 0.797848 5.79292 0 180 0 -0 0 -0 0 -0
inside=1 lambda=0.647 phi=20 theta=15
0 -0 0 -180 0 0 0 0 0.171702 179.246 0 0 0 -0 0 -180 0 0
0 0 0 180 0 -0 0 -0 0.828324 5.8249 0 -0 0 0 0 180 0 -0
0 0 0 -0 0 -180 0 -180 0.00816692 -0.208967 0 0 0 -180 0 0 0 0
0 -0 0 180 0 180 0 180 0.00817368 7.78784 0 -0 0 180 0 -0 0 -0
0 0 0 -180 0 -180 0 -0 0.00816548 -0.14999 0 0 0 -180 0 0 0 0
0 -0 0 180 0 180 0 180 0.00817219 7.71062 0 -0 0 180 0 -0 0 -0
0 0 0 0 0 0 0 -180 0.19994 179.404 0 -180 0 0 0 0 0 0
0 -0 0 -0 0 -0 0 180 0.800036 5.79506 0 180 0 -0 0 -0 0 -0
inside=1 lambda=0.647 phi=20 theta=30
0 0 0 -180 0 0 0 0 0.177671 179.281 0 0 0 -0 0 -180 0 0
0 0 0 180 0 -0 0 -0 0.822345 5.81834 0 -0 0 0 0 180 0 -0
0 0 0 -0 0 -180 0 -180 0.0141448 -0.194745 0 0 0 -180 0 0 0 0
0 -0 0 180 0 180 0 180 0.0141566 7.76784 0 -0 0 180 0 -0 0 -0
0 0 0 -180 0 -180 0 -0 0.0141434 -0.160975 0 0 0 -180 0 0 0 0
0 -0 0 180 0 180 0 180 0.0141551 7.72351 0 -0 0 180 0 -0 0 -0
0 0 0 0 0 0 0 -180 0.193975 179.372 0 -180 0 0 0 0 0 0
0 -0 0 -0 0 0 0 180 0.806013 5.80105 0 180 0 -0 0 -0 0 -0
inside=1 lambda=0.647 phi=20 theta=45
0 0 0 -180 0 0 0 0 0.185824 179.328 0 0 0 0 0 -180 0 0
0 0 0 180 0 -0 0 -0 0.814179 5.80955 0 -0 0 0 0 180 0 -0
0 0 0 -0 0 -180 0 -180 0.0163321 -0.177057 0 0 0 -180 0 0 0 0
0 -0 0 180 0 180 0 180 0.0163458 7.74391 0 -0 0 180 0 -0 0 -0
0 0 0 -180 0 -180 0 -0 0.0163321 -0.177057 0 0 0 -180 0 0 0 0
0 -0 0 180 0 180 0 180 0.0163458 7.74391 0 -0 0 180 0 -0 0 -0
0 0 0 0 0 0 0 -180 0.185824 179.328 0 -180 0 0 0 0 0 0
0 0 0 -0 0 0 0 180 0.814179 5.80955 0 180 0 -0 0 -0 0 -0
inside=1 lambda=0.647 phi=25 theta=0
0 -0 0 -180 0 0 0 0 0.159277 179.585 0 0 0 -0 0 -180 0 0
0 0 0 180 0 -0 0 -0 0.840547 0.357419 0 -0 0 0 0 180 0 -0
0 0 0 -180 0 -180 0 -0 1.59855e-14 33.3643 0 -0 0 -180 0 0 0 0
0 -0 0 180 0 180 0 180 6.3135e-14 88.5182 0 -0 0 180 0 -0 0 -0
0 0 0 -180 0 -180 0 -0 7.69641e-14 35.195 0 -0 0 -180 0 0 0 0
0 -0 0 180 0 180 0 0 7.30549e-14 72.54 0 180 0 180 0 -0 0 -0
0 0 0 0 0 0 0 -180 0.211715 179.853 0 -180 0 0 0 0 0 0
0 -0 0 -0 0 -0 0 180 0.788051 0.300286 0 180 0 -0 0 -0 0 -0
inside=1 lambda=0.647 phi=25 theta=15
0 -0 0 -180 0 0 0 0 0.162791 179.605 0 0 0 -0 0 -180 0 0
0 0 0 180 0 -0 0 -0 0.83703 0.353307 0 -0 0 0 0 180 0 -0
0 0 0 -0 0 -180 0 -180 0.0131225 0.0380781 0 0 0 -180 0 0 0 0
0 -0 0 180 0 180 0 180 0.0131355 2.39086 0 -0 0 180 0 -0 0 -0
0 0 0 -180 0 -180 0 -0 0.0131207 0.135402 0 0 0 -180 0 0 0 0
0 -0 0 180 0 180 0 180 0.0131324 2.2668 0 -0 0 180 0 -0 0 -0
0 0 0 0 0 0 0 -180 0.208205 179.836 0 -180 0 0 0 0 0 0
0 -0 0 -0 0 -0 0 180 0.791567 0.303584 0 180 0 -0 0 -0 0 -0
inside=1 lambda=0.647 phi=25 theta=30
0 -0 0 -180 0 0 0 0 0.172391 179.658 0 0 0 -0 0 -180 0 0
0 0 0 180 0 -0 0 -0 0.827422 0.342164 0 -0 0 0 0 180 0 -0
0 0 0 -0 0 -180 0 -180 0.0227276 0.0630986 0 0 0 -180 0 0 0 0
0 -0 0 180 0 180 0 180 0.02275 2.355 0 -0 0 180 0 -0 0 -0
0 0 0 -180 0 -180 0 -0 0.0227259 0.118183 0 0 0 -180 0 0 0 0
0 -0 0 180 0 180 0 180 0.0227469 2.2844 0 -0 0 180 0 -0 0 -0
0 0 0 0 0 0 0 -180 0.198612 179.789 0 -180 0 0 0 0 0 0
0 -0 0 -0 0 0 0 180 0.801174 0.313184 0 180 0 -0 0 -0 0 -0
inside=1 lambda=0.647 phi=25 theta=45
0 0 0 -180 0 0 0 0 0.185503 179.725 0 0 0 -0 0 -180 0 0
0 0 0 180 0 -0 0 -0 0.814297 0.327308 0 -0 0 0 0 180 0 -0
0 0 0 -0 0 -180 0 -180 0.0262423 0.0925589 0 0 0 -180 0 0 0 0
0 -0 0 180 0 180 0 180 0.0262675 2.31525 0 -0 0 180 0 -0 0 -0
0 0 0 -180 0 -180 0 -0 0.0262423 0.0925589 0 0 0 -180 0 0 0 0
0 -0 0 180 0 180 0 180 0.0262675 2.31525 0 -0 0 180 0 -0 0 -0
0 0 0 0 0 -0 0 -180 0.185503 179.725 0 -180 0 0 0 0 0 0
0 0 0 -0 0 0 0 180 0.814297 0.327308 0 180 0 -0 0 -0 0 -0
inside=1 lambda=0.647 phi=30 theta=0
0 -0 0 -180 0 0 0 0 0.146214 -179.979 0 0 0 -0 0 -180 0 0
0 0 0 180 0 -0 0 -0 0.853607 -6.08111 0 -0 0 0 0 180 0 -0
0 0 0 -180 0 -180 0 -180 4.08675e-14 -63.3964 0 -0 0 -180 0 0 0 0
0 -0 0 0 0 180 0 -180 6.34152e-14 -54.4734 0 -180 0 180 0 -180 0 -0
0 0 0 -180 0 -180 0 180 1.17701e-13 178.457 0 -0 0 -180 0 0 0 0
0 -0 0 180 0 180 0 -180 3.33688e-14 -168.062 0 0 0 180 0 -0 0 -0
0 0 0 0 0 0 0 -180 0.224562 -179.644 0 -180 0 0 0 0 0 0
0 -0 0 -0 0 -0 0 180 0.775298 -6.16781 0 180 0 -0 0 -0 0 -0
inside=1 lambda=0.647 phi=30 theta=15
0 -0 0 -180 0 0 0 0 0.151462 -179.953 0 0 0 -0 0 -180 0 0
0 0 0 180 0 -0 0 -0 0.848361 -6.08756 0 -0 0 0 0 180 0 -0
0 0 0 -0 0 -180 0 -180 0.0195821 0.307389 0 0 0 -180 0 0 0 0
0 -0 0 0 0 180 0 180 0.019592 -3.96034 0 -0 0 180 0 -0 0 -0
0 0 0 -180 0 -180 0 -0 0.0195834 0.454002 0 0 0 -180 0 0 0 0
0 -0 0 180 0 180 0 0 0.0195871 -4.14811 0 -0 0 180 0 -0 0 -0
0 0 0 0 0 0 0 -180 0.219314 -179.666 0 -180 0 0 0 0 0 0
0 -0 0 -0 0 -0 0 180 0.780543 -6.16354 0 180 0 -0 0 -0 0 -0
inside=1 lambda=0.647 phi=30 theta=30
0 -0 0 -180 0 0 0 0 0.165802 -179.887 0 0 0 -0 0 -180 0 0
0 0 0 180 0 -0 0 -0 0.834028 -6.10507 0 -0 0 0 0 180 0 -0
0 0 0 -0 0 -180 0 -180 0.0339165 0.347676 0 0 0 180 0 0 0 0
0 -0 0 0 0 180 0 180 0.0339318 -4.02228 0 -0 0 180 0 -0 0 -0
0 0 0 -180 0 -180 0 -0 0.0339181 0.429015 0 0 0 -180 0 0 0 0
0 -0 0 180 0 180 0 0 0.033927 -4.12719 0 -0 0 180 0 -0 0 -0
0 0 0 0 0 -0 0 -180 0.204978 -179.725 0 -180 0 0 0 0 0 0
0 -0 0 -0 0 0 0 180 0.794874 -6.14989 0 180 0 -0 0 -0 0 -0
inside=1 lambda=0.647 phi=30 theta=45
0 -0 0 -180 0 0 0 0 0.18539 -179.804 0 0 0 -0 0 -180 0 0
0 0 0 180 0 -0 0 -0 0.814451 -6.12833 0 -0 0 0 0 180 0 -0
0 0 0 -0 0 -180 0 -180 0.0391637 0.392071 0 0 0 -180 0 0 0 0
0 -0 0 0 0 180 0 180 0.039178 -4.0844 0 -0 0 180 0 -0 0 -0
0 0 0 -180 0 -180 0 -0 0.0391637 0.392071 0 0 0 -180 0 0 0 0
0 -0 0 180 0 180 0 0 0.039178 -4.0844 0 -0 0 180 0 -0 0 -0
0 -0 0 0 0 -0 0 -180 0.18539 -179.804 0 -180 0 0 0 0 0 0
0 0 0 -0 0 0 0 180 0.814451 -6.12833 0 180 0 -0 0 -0 0 -0
inside=1 lambda=0.647 phi=35 theta=0
0 -0 0 -180 0 0 0 0 0.129788 -179.475 0 0 0 -0 0 -180 0 0
0 0 0 180 0 -0 0 -0 0.870288 -13.3382 0 -0 0 0 0 180 0 -0
0 -0 0 -180 0 -180 0 -0 1.24494e-13 49.9231 0 -0 0 180 0 0 0 0
0 -0 0 0 0 180 0 -0 5.8184e-14 55.0495 0 -0 0 180 0 -180 0 -0
0 0 0 -180 0 -180 0 0 6.69068e-14 -68.0765 0 -0 0 -180 0 0 0 0
0 -0 0 180 0 180 0 -180 1.07582e-13 -82.2453 0 -180 0 180 0 -0 0 -0
0 0 0 0 0 0 0 -180 0.2414 -179.127 0 -180 0 0 0 0 0 0
0 -0 0 -0 0 -0 0 180 0.759041 -13.4574 0 180 0 -0 0 -0 0 -0
inside=1 lambda=0.647 phi=35 theta=15
0 -0 0 -180 0 0 0 0 0.137257 -179.449 0 0 0 -0 0 -180 0 0
0 0 0 180 0 -0 0 -0 0.862837 -13.3478 0 -0 0 0 0 180 0 -0
0 0 0 -0 0 -180 0 -180 0.0278467 0.564855 0 0 0 180 0 0 0 0
0 -0 0 0 0 180 0 180 0.0278256 -11.1173 0 -0 0 180 0 -180 0 -0
0 0 0 -180 0 -180 0 -0 0.0278624 0.768652 0 0 0 -180 0 0 0 0
0 -0 0 180 0 180 0 0 0.0278216 -11.3963 0 -180 0 180 0 -0 0 -0
0 0 0 0 0 0 0 -180 0.233909 -179.155 0 -180 0 0 0 0 0 0
0 -0 0 -0 0 -0 0 180 0.766496 -13.4542 0 180 0 -0 0 -0 0 -0
inside=1 lambda=0.647 phi=35 theta=30
0 -0 0 -180 0 0 0 0 0.15767 -179.385 0 0 0 -0 0 -180 0 0
0 0 0 180 0 -0 0 -0 0.84248 -13.3736 0 -0 0 0 0 180 0 -0
0 0 0 -0 0 -180 0 -180 0.048237 0.623937 0 0 0 180 0 0 0 0
0 -0 0 0 0 180 0 180 0.0481925 -11.225 0 -0 0 180 0 -180 0 -0
0 0 0 -180 0 -180 0 -0 0.0482522 0.73388 0 0 0 -180 0 0 0 0
0 -0 0 180 0 180 0 0 0.0481878 -11.375 0 -180 0 180 0 -0 0 -0
0 0 0 0 0 -0 0 -180 0.213467 -179.222 0 -180 0 0 0 0 0 0
0 -0 0 -0 0 0 0 180 0.786859 -13.4382 0 180 0 -0 0 -0 0 -0
inside=1 lambda=0.647 phi=35 theta=45
0 -0 0 -180 0 0 0 0 0.185564 -179.304 0 0 0 -0 0 -180 0 0
0 0 0 180 0 -0 0 -0 0.81467 -13.4078 0 -0 0 0 0 180 0 -0
0 0 0 -0 0 -180 0 -180 0.0557075 0.684927 0 0 0 180 0 0 0 0
0 -0 0 0 0 180 0 180 0.0556443 -11.319 0 -0 0 180 0 -180 0 -0
0 0 0 -180 0 180 0 -0 0.0557075 0.684927 0 0 0 -180 0 0 0 0
0 -0 0 180 0 180 0 0 0.0556443 -11.319 0 -180 0 180 0 -0 0 -0
0 -0 0 0 0 -0 0 -180 0.185564 -179.304 0 -180 0 0 0 0 0 0
0 0 0 -0 0 0 0 180 0.81467 -13.4078 0 180 0 -0 0 -0 0 -0
inside=1 lambda=0.647 phi=40 theta=0
0 -0 0 -180 0 0 0 0 0.109161 -178.921 0 0 0 -0 0 -180 0 0
0 0 0 180 0 -0 0 -0 0.891419 -21.2357 0 -0 0 0 0 180 0 -0
0 -0 0 -180 0 -180 0 -0 1.70725e-13 0.535315 0 180 0 180 0 0 0 0
0 -0 0 0 0 180 0 -0 1.38837e-13 58.6947 0 -0 0 180 0 -180 0 -0
0 0 0 -180 0 -180 0 -0 2.27433e-13 141.519 0 -180 0 -180 0 0 0 0
0 -0 0 180 0 180 0 180 1.7146e-13 -41.1018 0 0 0 180 0 -0 0 -0
0 0 0 0 0 0 0 -180 0.263205 -178.682 0 -180 0 0 0 0 0 0
0 -0 0 -0 0 -0 0 0 0.73855 -21.3689 0 180 0 -0 0 -0 0 -0
inside=1 lambda=0.647 phi=40 theta=15
0 -0 0 -180 0 0 0 0 0.119443 -178.91 0 0 0 -0 0 -180 0 0
0 0 0 180 0 -0 0 -0 0.881187 -21.2495 0 -0 0 0 0 180 0 -0
0 -0 0 -0 0 -180 0 -180 0.0383118 0.777701 0 0 0 180 0 0 0 0
0 -0 0 0 0 180 0 0 0.0382119 -18.887 0 -0 0 180 0 -180 0 -0
0 0 0 -180 0 -180 0 -0 0.038374 1.03356 0 0 0 -180 0 0 0 0
0 -0 0 180 0 180 0 0 0.0382211 -19.3147 0 -180 0 180 0 -0 0 -0
0 0 0 0 0 -0 0 -180 0.252749 -178.709 0 -180 0 0 0 0 0 0
0 -0 0 -0 0 -0 0 0 0.748821 -21.3801 0 180 0 -0 0 -0 0 -0
inside=1 lambda=0.647 phi=40 theta=30
0 -0 0 -180 0 0 0 0 0.147559 -178.883 0 0 0 -0 0 -180 0 0
0 0 0 180 0 -0 0 -0 0.853227 -21.2856 0 -0 0 0 0 180 0 -0
0 0 0 -0 0 -180 0 -180 0.0663912 0.850089 0 0 0 180 0 0 0 0
0 -0 0 0 0 180 0 180 0.0661878 -19.0881 0 -0 0 180 0 -180 0 -0
0 0 0 -180 0 180 0 -0 0.0664423 0.985706 0 0 0 -180 0 0 0 0
0 -0 0 180 0 180 0 0 0.066189 -19.299 0 -180 0 180 0 -0 0 -0
0 0 0 0 0 -0 0 -180 0.224479 -178.773 0 -180 0 0 0 0 0 0
0 -0 0 -0 0 0 0 180 0.776816 -21.3717 0 180 0 -0 0 -0 0 -0
inside=1 lambda=0.647 phi=40 theta=45
0 -0 0 -180 0 0 0 0 0.185998 -178.836 0 0 0 -0 0 -180 0 0
0 -0 0 180 0 -0 0 -0 0.815026 -21.3328 0 -0 0 0 0 180 0 -0
0 0 0 -0 0 -180 0 -180 0.0766921 0.925801 0 0 0 180 0 0 0 0
0 -0 0 0 0 180 0 180 0.0764256 -19.2285 0 -0 0 180 0 -180 0 -0
0 0 0 -180 0 180 0 -0 0.0766921 0.925801 0 0 0 -180 0 0 0 0
0 -0 0 180 0 180 0 0 0.0764256 -19.2285 0 -180 0 180 0 -0 0 -0
0 -0 0 0 0 -0 0 -180 0.185998 -178.836 0 -180 0 0 0 0 0 0
0 -0 0 -0 0 0 0 180 0.815026 -21.3328 0 180 0 -0 0 -0 0 -0
inside=1 lambda=0.647 phi=45 theta=0
0 -0 0 -180 0 0 0 -0 0.0837316 -178.243 0 0 0 -0 0 -180 0 0
0 0 0 180 0 -0 0.00983317 -8.11249 0.917609 -29.5759 0 -0 0 0 0 180 0 -0
0 -0 0 -180 0 -180 0 -180 9.25542e-14 -163.061 0 0 0 180 0 0 0 0
0 -0 0 0 0 180 2.17244e-12 -115.837 1.93303e-13 -100.998 0 180 0 180 0 -180 0 -0
0 0 0 -180 0 -180 0 180 8.86983e-14 92.814 0 0 0 -180 0 0 0 0
0 -0 0 180 0 180 3.13067e-13 -47.0875 7.28224e-14 -129.468 0 180 0 180 0 -0 0 -0
0 0 0 0 0 0 0 180 0.291379 -177.26 0 -180 0 0 0 0 0 0
0 -0 0 -0 0 -0 0.267057 120.163 0.707175 -29.7962 0 180 0 -0 0 -0 0 -0
inside=1 lambda=0.647 phi=45 theta=15
0 -0 0 -180 0 0 0 -0 0.0969201 -178.353 0 0 0 -0 0 180 0 0
0 0 0 180 0 -0 0 -0 0.904409 -29.586 0 -0 0 0 0 180 0 -0
0 -0 0 -0 0 -180 0 -180 0.0514186 0.983528 0 0 0 180 0 0 0 0
0 -0 0 0 0 180 0 0 0.0512152 -26.9118 0 -0 0 180 0 -180 0 -0
0 0 0 -180 0 -180 0 -0 0.0516721 1.20761 0 0 0 -180 0 0 0 0
0 -0 0 180 0 180 0 0 0.0513184 -27.7033 0 -180 0 180 0 -0 0 -0
0 0 0 0 0 -0 0 -0 0.277003 -178.461 0 -180 0 0 0 0 0 0
0 -0 0 -0 0 -0 0 0 0.726678 -29.678 0 180 0 -0 0 -0 0 -0
inside=1 lambda=0.647 phi=45 theta=30
0 -0 0 -180 0 0 0 0 0.134757 -178.432 0 0 0 -0 0 -180 0 0
0 0 0 180 0 -0 0 -0 0.866898 -29.636 0 -0 0 0 0 180 0 -0
0 0 0 -0 0 -180 0 -180 0.0892805 0.990385 0 0 0 180 0 0 0 0
0 -0 0 0 0 180 0 0 0.0887766 -27.4153 0 -0 0 180 0 -180 0 -0
0 0 0 -180 0 180 0 -0 0.0894066 1.13983 0 0 0 -180 0 0 0 0
0 -0 0 180 0 180 0 0 0.0887967 -27.7121 0 -180 0 180 0 -0 0 -0
0 -0 0 0 0 -0 0 -180 0.238362 -178.456 0 -180 0 0 0 0 0 0
0 -0 0 -0 0 0 0 0 0.764373 -29.7392 0 180 0 -0 0 -0 0 -0
inside=1 lambda=0.647 phi=45 theta=45
0 -0 0 -180 0 0 0 0 0.186505 -178.472 0 0 0 -0 0 -180 0 0
0 -0 0 180 0 -0 0 -0 0.81565 -29.6969 0 -0 0 0 0 180 0 -0
0 0 0 -0 0 -180 0 -180 0.103169 1.07239 0 0 0 180 0 0 0 0
0 -0 0 0 0 180 0 180 0.102517 -27.6256 0 -0 0 180 0 -180 0 -0
0 0 0 -180 0 180 0 -0 0.103169 1.07239 0 0 0 -180 0 0 0 0
0 -0 0 180 0 180 0 0 0.102517 -27.6256 0 -180 0 180 0 -0 0 -0
0 -0 0 0 0 -0 0 -180 0.186505 -178.472 0 -180 0 0 0 0 0 0
0 -0 0 -0 0 0 0 180 0.81565 -29.6969 0 180 0 -0 0 -0 0 -0
