RSoft_BSDF_File_Version 2
1 0 5 2 1 1.09714
0.3 0.3
-1 1
-1 1
1 0.647 0.647
10 0 45 0.5
4 0 45
Begin_Dispersion_Data
0.647 1.45662 0 1 0 0
End_Dispersion_Data
inside=0 lambda=0.647 phi=0 theta=0
0 -180 0 -180 0 -180 0 0 0.146495 -16.2342 0 0 0 -180 0 -180 0 -180
0 180 0 180 0 180 0 -0 1.19388 -44.9556 0 -0 0 180 0 180 0 180
0 -180 0 -180 0 0 0 -0 2.0929e-12 -154.958 0 -0 0 0 0 180 0 -180
0 180 0 -180 0 -0 0 180 4.49306e-12 -132.314 0 180 0 -0 0 -0 0 180
0 -180 0 -180 0 0 0 -180 1.82226e-12 -97.688 0 -180 0 0 0 -180 0 -180
0 180 0 -180 0 -0 0 180 3.97932e-12 -115.078 0 180 0 -0 0 180 0 180
0 -180 0 0 0 -180 0 -180 0.146495 -16.2342 0 -180 0 -180 0 0 0 -180
0 180 0 -0 0 180 0 180 1.19388 -44.9556 0 180 0 180 0 -0 0 180
inside=0 lambda=0.647 phi=0 theta=15
0 -180 0 -180 0 -180 0 0 0.146495 -16.2342 0 0 0 -180 0 -180 0 -180
0 180 0 180 0 180 0 -0 1.19388 -44.9556 0 -0 0 180 0 180 0 180
0 -180 0 -180 0 0 0 -0 2.0929e-12 -154.958 0 -0 0 0 0 180 0 -180
0 180 0 -180 0 -0 0 180 4.49306e-12 -132.314 0 180 0 -0 0 -0 0 180
0 -180 0 -180 0 0 0 -180 1.82226e-12 -97.688 0 -180 0 0 0 -180 0 -180
0 180 0 -180 0 -0 0 180 3.97932e-12 -115.078 0 180 0 -0 0 180 0 180
0 -180 0 0 0 -180 0 -180 0.146495 -16.2342 0 -180 0 -180 0 0 0 -180
0 180 0 -0 0 180 0 180 1.19388 -44.9556 0 180 0 180 0 -0 0 180
inside=0 lambda=0.647 phi=0 theta=30
0 -180 0 -180 0 -180 0 0 0.146495 -16.2342 0 0 0 -180 0 -180 0 -180
0 180 0 180 0 180 0 -0 1.19388 -44.9556 0 -0 0 180 0 180 0 180
0 -180 0 -180 0 0 0 -0 2.0929e-12 -154.958 0 -0 0 0 0 180 0 -180
0 180 0 -180 0 -0 0 180 4.49306e-12 -132.314 0 180 0 -0 0 -0 0 180
0 -180 0 -180 0 0 0 -180 1.82226e-12 -97.688 0 -180 0 0 0 -180 0 -180
0 180 0 -180 0 -0 0 180 3.97932e-12 -115.078 0 180 0 -0 0 180 0 180
0 -180 0 0 0 -180 0 -180 0.146495 -16.2342 0 -180 0 -180 0 0 0 -180
0 180 0 -0 0 180 0 180 1.19388 -44.9556 0 180 0 180 0 -0 0 180
inside=0 lambda=0.647 phi=0 theta=45
0 -180 0 -180 0 -180 0 0 0.146495 -16.2342 0 0 0 -180 0 -180 0 -180
0 180 0 180 0 180 0 -0 1.19388 -44.9556 0 -0 0 180 0 180 0 180
0 -180 0 -180 0 0 0 -0 2.0929e-12 -154.958 0 -0 0 0 0 180 0 -180
0 180 0 -180 0 -0 0 180 4.49306e-12 -132.314 0 180 0 -0 0 -0 0 180
0 -180 0 -180 0 0 0 -180 1.82226e-12 -97.688 0 -180 0 0 0 -180 0 -180
0 180 0 -180 0 -0 0 180 3.97932e-12 -115.078 0 180 0 -0 0 180 0 180
0 -180 0 0 0 -180 0 -180 0.146495 -16.2342 0 -180 0 -180 0 0 0 -180
0 180 0 -0 0 180 0 180 1.19388 -44.9556 0 180 0 180 0 -0 0 180
inside=0 lambda=0.647 phi=5 theta=0
0 -180 0 -180 0 -180 0 0 0.138557 -16.8308 0 0 0 -180 0 -180 0 -180
0 180 0 180 0 180 0 -0 1.19269 -49.2774 0 -0 0 180 0 180 0 180
0 -180 0 -0 0 0 0 -0 3.37499e-13 -178.204 0 -180 0 0 0 180 0 -180
0 180 0 0 0 -0 0 180 1.48217e-12 -135.595 0 -180 0 -0 0 -180 0 180
0 -180 0 -180 0 0 0 180 2.90762e-13 149.532 0 180 0 0 0 0 0 -180
0 180 0 180 0 -0 0 0 1.14376e-12 -143.159 0 -0 0 -0 0 -0 0 180
0 -180 0 0 0 -180 0 -180 0.14084 -17.2773 0 -180 0 -180 0 0 0 -180
0 180 0 -0 0 180 0 180 1.19745 -49.3994 0 180 0 180 0 -0 0 180
inside=0 lambda=0.647 phi=5 theta=15
0 -180 0 -180 0 -180 0 0 0.13871 -16.8611 0 0 0 -180 0 -180 0 -180
0 180 0 180 0 180 0 -0 1.19301 -49.2857 0 -0 0 180 0 180 0 180
0 -180 0 -0 0 0 0 -180 0.000604111 141.172 0 0 0 0 0 180 0 -180
0 180 0 0 0 -0 0 180 0.00171004 84.888 0 -0 0 -0 0 -180 0 180
0 -180 0 -180 0 0 0 -0 0.000604287 141.146 0 180 0 0 0 0 0 -180
0 180 0 180 0 -0 0 0 0.00170533 85.0301 0 -180 0 -0 0 -0 0 180
0 -180 0 0 0 -180 0 -180 0.140687 -17.2477 0 -180 0 -180 0 0 0 -180
0 180 0 -0 0 180 0 180 1.19713 -49.3914 0 180 0 180 0 -0 0 180
inside=0 lambda=0.647 phi=5 theta=30
0 -180 0 -180 0 -180 0 0 0.139127 -16.9435 0 0 0 -180 0 -180 0 -180
0 180 0 180 0 180 0 -0 1.19388 -49.3082 0 -0 0 180 0 180 0 180
0 -180 0 -0 0 0 0 -180 0.00104642 141.167 0 0 0 0 0 180 0 -180
0 180 0 0 0 -0 0 180 0.00296013 84.9184 0 -0 0 -0 0 -180 0 180
0 -180 0 -180 0 0 0 -0 0.00104659 141.152 0 180 0 0 0 0 0 -180
0 180 0 180 0 -0 0 0 0.00295542 85.0004 0 -180 0 -0 0 -0 0 180
0 -180 0 0 0 -180 0 -180 0.140268 -17.1667 0 -180 0 -180 0 0 0 -180
0 180 0 -0 0 180 0 180 1.19626 -49.3692 0 180 0 180 0 -0 0 180
inside=0 lambda=0.647 phi=5 theta=45
0 -180 0 -180 0 -180 0 0 0.139697 -17.0555 0 0 0 -180 0 -180 0 -180
0 180 0 180 0 180 0 -0 1.19507 -49.3388 0 -0 0 180 0 180 0 180
0 -180 0 -0 0 0 0 -180 0.0012084 141.159 0 0 0 0 0 180 0 -180
0 180 0 0 0 -0 0 180 0.00341532 84.9596 0 -0 0 -0 0 -180 0 180
0 -180 0 -180 0 0 0 -0 0.0012084 141.159 0 180 0 0 0 0 0 -180
0 180 0 180 0 -0 0 0 0.00341532 84.9596 0 -180 0 -0 0 -0 0 180
0 -180 0 0 0 -180 0 -180 0.139697 -17.0555 0 -180 0 -180 0 0 0 -180
0 180 0 -0 0 180 0 180 1.19507 -49.3388 0 180 0 180 0 -0 0 180
inside=0 lambda=0.647 phi=10 theta=0
0 -180 0 -180 0 -180 0 0 0.115214 -16.0958 0 0 0 -180 0 -180 0 -180
0 180 0 180 0 0 0 -0 1.18827 -62.3085 0 -180 0 180 0 180 0 0
0 -180 0 -0 0 0 0 180 6.39768e-13 -23.299 0 180 0 0 0 180 0 -180
0 180 0 0 0 -180 0 0 6.99334e-13 130.089 0 180 0 -0 0 -180 0 0
0 -180 0 -180 0 0 0 -180 2.51212e-13 -154.449 0 -180 0 0 0 0 0 -180
0 180 0 0 0 -0 0 0 3.20741e-13 -150.438 0 0 0 -0 0 -180 0 180
0 -180 0 0 0 -180 0 -180 0.121545 -17.8173 0 -180 0 -180 0 0 0 -180
0 180 0 -180 0 180 0 0 1.20863 -62.8278 0 180 0 180 0 -180 0 180
inside=0 lambda=0.647 phi=10 theta=15
0 -180 0 -180 0 -180 0 0 0.115634 -16.2143 0 0 0 -180 0 -180 0 -180
0 180 0 180 0 0 0 -0 1.18963 -62.345 0 -180 0 180 0 180 0 0
0 -180 0 -0 0 0 0 -180 0.00171187 140.346 0 0 0 0 0 180 0 -180
0 180 0 0 0 -180 0 180 0.00729155 71.7333 0 -180 0 -0 0 -180 0 0
0 -180 0 -180 0 0 0 -0 0.00171427 140.163 0 180 0 0 0 0 0 -180
0 180 0 180 0 -0 0 0 0.00721316 72.2948 0 -180 0 -0 0 -180 0 180
0 -180 0 0 0 -180 0 -180 0.121118 -17.7048 0 -180 0 -180 0 0 0 -180
0 180 0 -0 0 180 0 0 1.20726 -62.7946 0 180 0 0 0 -180 0 180
inside=0 lambda=0.647 phi=10 theta=30
0 -180 0 -180 0 -180 0 0 0.116786 -16.5356 0 0 0 -180 0 -180 0 -180
0 180 0 180 0 0 0 -0 1.19333 -62.4433 0 -180 0 180 0 180 0 0
0 -180 0 -0 0 0 0 -180 0.00296608 140.313 0 0 0 0 0 180 0 -180
0 180 0 0 0 -180 0 180 0.0125986 71.8573 0 -180 0 -0 0 -180 0 0
0 -180 0 -180 0 0 0 -0 0.00296848 140.207 0 180 0 0 0 0 0 -180
0 180 0 180 0 -0 0 0 0.0125202 72.1814 0 -180 0 -180 0 -180 0 180
0 -180 0 0 0 -180 0 -180 0.119953 -17.3958 0 -180 0 -180 0 0 0 -180
0 180 0 -0 0 180 0 180 1.20351 -62.7029 0 180 0 0 0 -180 0 0
inside=0 lambda=0.647 phi=10 theta=45
0 -180 0 -180 0 -180 0 0 0.118366 -16.9688 0 0 0 -180 0 -180 0 -180
0 180 0 180 0 0 0 -0 1.19841 -62.5748 0 -180 0 180 0 180 0 0
0 -180 0 -0 0 0 0 -180 0.00342641 140.262 0 0 0 0 0 180 0 -180
0 180 0 0 0 -180 0 180 0.0145012 72.022 0 -180 0 -0 0 -180 0 0
0 -180 0 -180 0 0 0 -0 0.00342641 140.262 0 180 0 0 0 0 0 -180
0 180 0 180 0 -0 0 0 0.0145012 72.022 0 -180 0 -180 0 -180 0 0
0 -180 0 0 0 -180 0 -180 0.118366 -16.9688 0 -180 0 -180 0 0 0 -180
0 180 0 -0 0 180 0 180 1.19841 -62.5748 0 180 0 0 0 -180 0 0
inside=0 lambda=0.647 phi=15 theta=0
0 180 0 -180 0 -180 0 0 0.0881294 -3.81102 0 0 0 180 0 -180 0 -180
0 180 0 0 0 0 0 -180 1.17723 -84.1882 0 -180 0 180 0 0 0 0
0 -180 0 -0 0 0 0 -0 6.32229e-13 23.1546 0 180 0 0 0 180 0 -180
0 180 0 -0 0 -180 0 180 3.99365e-13 -164.57 0 -0 0 -0 0 180 0 0
0 -180 0 -180 0 0 0 -0 3.60246e-13 165.586 0 180 0 0 0 0 0 -180
0 0 0 0 0 -180 0 -180 7.5625e-13 -104.781 0 -180 0 -180 0 -180 0 0
0 -180 0 0 0 -180 0 -180 0.0955025 -3.8565 0 -180 0 -180 0 0 0 -180
0 0 0 -180 0 0 0 0 1.22687 -85.544 0 0 0 0 0 -180 0 0
inside=0 lambda=0.647 phi=15 theta=15
0 180 0 -180 0 -180 0 0 0.088648 -3.7941 0 0 0 180 0 -180 0 -180
0 180 0 0 0 0 0 -180 1.18049 -84.2893 0 -180 0 180 0 0 0 0
0 -180 0 -0 0 0 0 -180 0.00220458 -170.842 0 0 0 0 0 180 0 -180
0 180 0 -0 0 -180 0 0 0.0181986 48.0453 0 -180 0 -0 0 180 0 0
0 -180 0 -180 0 0 0 -180 0.00218079 -171.503 0 180 0 0 0 0 0 -180
0 0 0 0 0 -180 0 0 0.0177577 49.2388 0 180 0 -180 0 -180 0 0
0 -180 0 0 0 -180 0 -180 0.0950392 -3.83287 0 -180 0 -180 0 0 0 -180
0 0 0 -180 0 0 0 0 1.22347 -85.4633 0 0 0 0 0 -180 0 0
inside=0 lambda=0.647 phi=15 theta=30
0 -180 0 -180 0 -180 0 0 0.0900502 -3.76218 0 0 0 180 0 -180 0 -180
0 180 0 0 0 0 0 -180 1.18942 -84.5578 0 -180 0 180 0 0 0 0
0 -180 0 -0 0 0 0 -180 0.0038128 -170.985 0 0 0 0 0 180 0 -180
0 180 0 -0 0 -180 0 0 0.0313319 48.3212 0 -180 0 -0 0 180 0 0
0 -180 0 -180 0 0 0 -180 0.00378913 -171.366 0 180 0 0 0 0 0 -180
0 0 0 0 0 -180 0 0 0.0308929 49.0095 0 180 0 -180 0 -180 0 0
0 -180 0 0 0 -180 0 -180 0.0937469 -3.78388 0 -180 0 -180 0 0 0 -180
0 0 0 -180 0 0 0 0 1.21424 -85.2355 0 0 0 0 0 -180 0 0
inside=0 lambda=0.647 phi=15 theta=45
0 -180 0 -180 0 -180 0 0 0.0919257 -3.75286 0 0 0 -180 0 -180 0 -180
0 0 0 0 0 0 0 -180 1.20175 -84.9068 0 -180 0 180 0 0 0 0
0 -180 0 -180 0 0 0 -180 0.00439076 -171.177 0 0 0 0 0 180 0 -180
0 0 0 0 0 -180 0 0 0.0359102 48.677 0 -180 0 -180 0 180 0 0
0 -180 0 -180 0 0 0 -180 0.00439076 -171.177 0 180 0 0 0 0 0 -180
0 0 0 0 0 -180 0 0 0.0359102 48.677 0 180 0 -180 0 -180 0 0
0 -180 0 0 0 -180 0 -180 0.0919257 -3.75286 0 -180 0 -180 0 0 0 -180
0 0 0 -180 0 180 0 0 1.20175 -84.9068 0 0 0 0 0 -180 0 0
inside=0 lambda=0.647 phi=20 theta=0
0 180 0 -180 0 -180 0 0 0.0930184 17.7859 0 0 0 180 0 -180 0 -180
0 0 0 0 0 0 0 -180 1.1543 -114.949 0 -180 0 0 0 0 0 0
0 180 0 -0 0 0 0 180 7.09478e-13 -106.585 0 0 0 -0 0 180 0 -180
0 0 0 -0 0 -180 0 180 1.24908e-12 23.3183 0 0 0 -180 0 180 0 0
0 -180 0 -180 0 0 0 -180 3.01116e-13 165.336 0 180 0 0 0 0 0 -180
0 0 0 0 0 -180 0 180 1.049e-12 -57.4384 0 -0 0 -180 0 -180 0 0
0 -180 0 0 0 -180 0 -180 0.133168 24.478 0 -180 0 -180 0 0 0 -180
0 0 0 -180 0 0 0 0 1.24524 -117.872 0 0 0 0 0 -180 0 0
inside=0 lambda=0.647 phi=20 theta=15
0 180 0 -180 0 -180 0 0 0.0958263 18.3781 0 0 0 180 0 -180 0 -180
0 0 0 0 0 0 0 -180 1.16006 -115.185 0 -180 0 0 0 0 0 0
0 180 0 -180 0 0 0 -180 0.011576 -141.508 0 0 0 -0 0 180 0 -180
0 0 0 -0 0 -180 0 0 0.0359938 12.6524 0 -180 0 -180 0 180 0 0
0 -180 0 -180 0 0 0 -180 0.0114721 -141.428 0 180 0 0 0 0 0 -180
0 0 0 0 0 -180 0 -0 0.0342784 14.6051 0 180 0 -180 0 -180 0 0
0 -180 0 0 0 -180 0 -180 0.130639 24.1297 0 -180 0 -180 0 0 0 -180
0 0 0 -180 0 0 0 0 1.2388 -117.715 0 0 0 0 0 -180 0 0
inside=0 lambda=0.647 phi=20 theta=30
0 180 0 -180 0 -180 0 0 0.103431 19.8588 0 0 0 180 0 -180 0 -180
0 0 0 0 0 0 0 -180 1.17603 -115.798 0 -180 0 0 0 0 0 0
0 -180 0 -180 0 0 0 -180 0.0200178 -141.516 0 0 0 -0 0 180 0 -180
0 0 0 -0 0 -180 0 0 0.0615083 13.1266 0 -180 0 -180 0 180 0 0
0 -180 0 -180 0 0 0 -180 0.0199153 -141.469 0 180 0 0 0 0 0 -180
0 0 0 0 0 -180 0 -0 0.0598168 14.2514 0 180 0 -180 0 -180 0 0
0 -180 0 0 0 -180 0 -180 0.123576 23.1295 0 -180 0 -180 0 0 0 -180
0 0 0 -180 0 0 0 0 1.22147 -117.258 0 0 0 0 0 -180 0 0
inside=0 lambda=0.647 phi=20 theta=45
0 180 0 -180 0 -180 0 0 0.113636 21.6123 0 0 0 180 0 -180 0 -180
0 0 0 0 0 0 0 -180 1.19842 -116.566 0 -180 0 0 0 0 0 0
0 -180 0 -180 0 0 0 -180 0.0230584 -141.504 0 0 0 0 0 180 0 -180
0 0 0 -0 0 -180 0 0 0.0699369 13.7191 0 -180 0 -180 0 180 0 0
0 -180 0 -180 0 0 0 -180 0.0230584 -141.504 0 180 0 0 0 0 0 -180
0 0 0 0 0 -180 0 -0 0.0699369 13.7191 0 180 0 -180 0 -180 0 0
0 180 0 0 0 180 0 -180 0.113636 21.6123 0 -180 0 -180 0 0 0 -180
0 0 0 -180 0 0 0 0 1.19842 -116.566 0 0 0 0 0 -180 0 0
inside=0 lambda=0.647 phi=25 theta=0
0 180 0 180 0 -180 0 0 0.107629 18.9484 0 0 0 180 0 180 0 -180
0 0 0 0 0 -0 0 -180 1.11889 -154.575 0 180 0 0 0 0 0 -0
0 180 0 -0 0 0 0 -0 5.77541e-13 135.943 0 -180 0 -0 0 180 0 -180
0 0 0 -0 0 180 0 0 3.5592e-12 109.15 0 0 0 -180 0 180 0 -0
0 -180 0 -180 0 0 0 180 5.85994e-13 10.0249 0 -0 0 0 0 0 0 -180
0 -0 0 -0 0 -180 0 0 4.13009e-12 106.951 0 -0 0 180 0 180 0 0
0 -180 0 0 0 -180 0 -180 0.234996 14.4005 0 -180 0 -180 0 0 0 -180
0 -0 0 180 0 0 0 -0 1.25804 -159.425 0 0 0 -0 0 180 0 0
inside=0 lambda=0.647 phi=25 theta=15
0 180 0 -180 0 -180 0 -0 0.116244 18.004 0 0 0 180 0 180 0 -180
0 0 0 0 0 -0 0 -180 1.12731 -155.021 0 180 0 0 0 0 0 -0
0 180 0 -180 0 0 0 -180 0.0328384 -169.345 0 0 0 -0 0 180 0 -180
0 0 0 -0 0 180 0 0 0.0601488 -31.5096 0 180 0 -180 0 180 0 -0
0 -180 0 -180 0 0 0 -180 0.0327136 -169.345 0 180 0 0 0 0 0 -180
0 0 0 0 0 -180 0 -0 0.0546691 -28.2369 0 180 0 180 0 180 0 -0
0 -180 0 0 0 -180 0 -180 0.226771 14.4155 0 -180 0 -180 0 0 0 -180
0 0 0 -180 0 0 0 -0 1.24767 -159.214 0 0 0 -0 0 180 0 -0
inside=0 lambda=0.647 phi=25 theta=30
0 180 0 -180 0 -180 0 0 0.139863 16.3059 0 0 0 180 0 180 0 -180
0 0 0 0 0 -0 0 -180 1.15096 -156.134 0 180 0 0 0 0 0 -0
0 180 0 -180 0 0 0 -180 0.0568391 -169.282 0 0 0 -0 0 180 0 -180
0 0 0 -0 0 180 0 0 0.101063 -30.6611 0 180 0 -180 0 180 0 -0
0 -180 0 -180 0 -0 0 -180 0.0567237 -169.275 0 180 0 0 0 0 0 -180
0 0 0 0 0 -180 0 -0 0.095785 -28.7711 0 180 0 180 0 180 0 -0
0 -180 0 0 0 180 0 -180 0.203865 14.5734 0 -180 0 -180 0 0 0 -180
0 0 0 -180 0 0 0 0 1.22032 -158.545 0 0 0 -0 0 180 0 -0
inside=0 lambda=0.647 phi=25 theta=45
0 180 0 -180 0 -180 0 0 0.172029 15.117 0 0 0 180 0 -180 0 -180
0 0 0 0 0 -0 0 -180 1.18475 -157.445 0 180 0 0 0 0 0 -0
0 -180 0 -180 0 0 0 -180 0.0655654 -169.248 0 0 0 -0 0 180 0 -180
0 0 0 -0 0 180 0 0 0.113102 -29.6361 0 180 0 -180 0 180 0 -0
0 -180 0 -180 0 -0 0 -180 0.0655654 -169.248 0 180 0 0 0 0 0 -180
0 0 0 0 0 -180 0 -0 0.113102 -29.6361 0 180 0 180 0 180 0 -0
0 180 0 0 0 180 0 -180 0.172029 15.117 0 -180 0 -180 0 0 0 -180
0 0 0 -180 0 0 0 0 1.18475 -157.445 0 0 0 -0 0 180 0 -0
inside=0 lambda=0.647 phi=30 theta=0
0 180 0 180 0 -180 0.0368938 -86.8503 0.0960616 26.7495 0 0 0 180 0 180 0 -180
0 0 0 0 0 -0 0 180 1.06536 156.459 0 180 0 0 0 0 0 -0
0 180 0 -0 0 0 1.7518e-13 -168.251 7.97483e-13 54.7788 0 -180 0 -0 0 180 0 -180
0 0 0 -180 0 180 0 -0 2.54774e-12 -100.542 0 0 0 -180 0 0 0 -0
0 -180 0 -180 0 0 1.13315e-13 -120.517 1.16916e-13 96.535 0 -0 0 0 0 0 0 -180
0 -0 0 -0 0 180 0 180 3.26922e-12 -130.048 0 0 0 180 0 180 0 -0
0 -180 0 0 0 -180 0.138854 -126.824 0.256564 -16.3498 0 -180 0 -180 0 0 0 -180
0 -0 0 180 0 -0 0 -0 1.30831 150.179 0 -0 0 -0 0 180 0 -0
inside=0 lambda=0.647 phi=30 theta=15
0 180 0 180 0 -180 0 -0 0.103549 18.7216 0 0 0 180 0 180 0 -180
0 0 0 0 0 -0 0 180 1.08303 155.632 0 180 0 0 0 0 0 -0
0 180 0 -0 0 0 0 -180 0.0468965 147.524 0 0 0 -0 0 180 0 -180
0 0 0 -180 0 180 0 -0 0.0998821 -78.7571 0 180 0 -180 0 0 0 -0
0 -180 0 -180 0 -0 0 -180 0.0472496 146.976 0 180 0 0 0 0 0 -180
0 -0 0 -0 0 180 0 -180 0.0854586 -72.3542 0 0 0 180 0 180 0 -0
0 -180 0 0 0 180 0 -180 0.244212 -14.9398 0 -180 0 -180 0 0 0 -180
0 -0 0 180 0 -0 0 -0 1.29312 150.217 0 -0 0 -0 0 180 0 -0
inside=0 lambda=0.647 phi=30 theta=30
0 180 0 -180 0 -180 0 -0 0.125513 4.60822 0 0 0 180 0 180 0 -180
0 0 0 0 0 -0 0 180 1.12438 153.743 0 180 0 0 0 0 0 -0
0 180 0 -180 0 0 0 -180 0.0814607 148.039 0 0 0 -0 0 180 0 -180
0 -0 0 -180 0 180 0 -0 0.162837 -77.0105 0 180 0 180 0 0 0 -0
0 -180 0 -180 0 -0 0 -180 0.0818113 147.8 0 180 0 0 0 0 0 -180
0 -0 0 -0 0 180 0 -180 0.149974 -73.2273 0 0 0 180 0 180 0 -0
0 180 0 -0 0 180 0 -180 0.210526 -12.0142 0 180 0 -180 0 0 0 -180
0 -0 0 180 0 -0 0 -0 1.24545 150.677 0 -0 0 -0 0 180 0 -0
inside=0 lambda=0.647 phi=30 theta=45
0 180 0 -180 0 -180 0 -0 0.165588 -6.04169 0 0 0 180 0 180 0 -180
0 -0 0 -0 0 -0 0 180 1.18354 151.909 0 180 0 -0 0 -0 0 -0
0 180 0 -180 0 0 0 -180 0.0942447 148.142 0 0 0 -0 0 180 0 -180
0 -0 0 -180 0 180 0 -0 0.178731 -74.8901 0 180 0 180 0 0 0 -0
0 180 0 -180 0 -0 0 -180 0.0942447 148.142 0 180 0 0 0 0 0 -180
0 -0 0 -0 0 180 0 -180 0.178731 -74.8901 0 0 0 180 0 180 0 -0
0 180 0 -0 0 180 0 -180 0.165588 -6.04169 0 180 0 -180 0 0 0 -180
0 -0 0 180 0 -0 0 -0 1.18354 151.909 0 -0 0 -0 0 180 0 -0
inside=0 lambda=0.647 phi=35 theta=0
0 180 0 180 0 -180 0.117762 -77.6859 0.11156 15.819 0 0 0 180 0 180 0 -180
0 -0 0 -0 0 -180 0 180 0.968831 97.5283 0 0 0 -0 0 -0 0 -180
0 180 0 -0 0 0 3.36818e-13 -161.344 1.57752e-12 16.3076 0 180 0 -0 0 180 0 -180
0 -0 0 -180 0 0 0 -0 1.2107e-12 -123.265 0 180 0 180 0 0 0 -180
0 -180 0 -180 0 0 2.39228e-13 -78.9908 1.34163e-12 1.29567 0 -0 0 0 0 0 0 -180
0 -180 0 -180 0 0 0 -0 2.43521e-12 166.499 0 0 0 0 0 0 0 -180
0 -180 0 0 0 -180 0.188372 -91.3207 0.10794 9.59165 0 -180 0 -180 0 0 0 -180
0 -180 0 0 0 -180 0 -180 1.45135 84.9453 0 -180 0 -180 0 0 0 -180
inside=0 lambda=0.647 phi=35 theta=15
0 180 0 180 0 -180 0.0889651 -85.1349 0.116356 16.4974 0 0 0 180 0 180 0 -180
0 -0 0 -0 0 -180 0 180 0.997967 95.3919 0 0 0 -0 0 -0 0 -180
0 180 0 -0 0 0 0.0145289 -176.52 0.00641771 -106.519 0 0 0 -0 0 180 0 -180
0 -0 0 -180 0 0 0 -0 0.197245 -140.793 0 0 0 180 0 -0 0 -180
0 -180 0 -180 0 0 0.0475771 -115.745 0.00405973 -105.807 0 180 0 0 0 0 0 -180
0 -180 0 -180 0 0 0 -180 0.164449 -133.283 0 0 0 0 0 0 0 -180
0 -180 0 0 0 180 0.167384 -102.738 0.112778 14.1881 0 -180 0 -180 0 0 0 -180
0 -180 0 0 0 -180 0 -180 1.41429 84.6106 0 -180 0 -180 0 0 0 -180
inside=0 lambda=0.647 phi=35 theta=30
0 180 0 180 0 -180 0 -0 0.124734 16.2876 0 0 0 180 0 180 0 -180
0 -0 0 -0 0 -180 0 180 1.08186 90.7054 0 0 0 -0 0 -0 0 -180
0 180 0 -0 0 0 0 -180 0.0164627 -111.042 0 0 0 -0 0 180 0 -180
0 -0 0 -180 0 0 0 -0 0.316792 -140.07 0 0 0 180 0 -0 0 -180
0 -180 0 -180 0 -0 0 -180 0.0142492 -108.369 0 180 0 0 0 0 0 -180
0 -0 0 -0 0 180 0 -180 0.285048 -135.45 0 0 0 0 0 0 0 -180
0 180 0 -0 0 180 0 -180 0.124308 19.1894 0 -180 0 -180 0 0 0 -180
0 -0 0 180 0 -0 0 -180 1.32125 84.6818 0 -0 0 -180 0 0 0 -180
inside=0 lambda=0.647 phi=35 theta=45
0 180 0 -180 0 -180 0 -0 0.126928 18.4497 0 0 0 180 0 180 0 -180
0 -0 0 -0 0 -180 0 180 1.19597 86.6508 0 0 0 -0 0 -0 0 -180
0 180 0 -180 0 0 0 -180 0.0193786 -115.392 0 0 0 -0 0 180 0 -180
0 -0 0 -180 0 0 0 -0 0.340475 -137.747 0 0 0 180 0 0 0 -180
0 180 0 -180 0 -0 0 -180 0.0193786 -115.392 0 180 0 0 0 0 0 -180
0 -0 0 -0 0 180 0 -180 0.340475 -137.747 0 0 0 0 0 0 0 -180
0 180 0 -0 0 180 0 -180 0.126928 18.4497 0 180 0 -180 0 0 0 -180
0 -0 0 180 0 -0 0 -0 1.19597 86.6508 0 -0 0 -180 0 0 0 -180
inside=0 lambda=0.647 phi=40 theta=0
0 180 0 180 0 -180 0.225369 -81.3686 0.164508 -163.191 0 0 0 180 0 180 0 -180
0 -0 0 -0 0 180 0 0 0.77599 28.6253 0 -0 0 -0 0 -0 0 180
0 180 0 -0 0 0 2.67258e-13 33.9121 9.16947e-13 -147.916 0 -0 0 -0 0 180 0 -180
0 -180 0 180 0 -0 0 -0 1.19065e-12 -55.1087 0 -180 0 0 0 -0 0 180
0 -180 0 -180 0 0 3.68026e-13 114.794 9.76898e-13 145.251 0 0 0 0 0 0 0 -180
0 180 0 180 0 0 0 0 4.95807e-13 119.183 0 180 0 -0 0 -0 0 -180
0 -180 0 0 0 -180 0.236038 -93.5663 0.508411 2.80214 0 -180 0 -180 0 0 0 -180
0 180 0 -0 0 180 0 180 1.49322 7.18069 0 -180 0 180 0 -0 0 180
inside=0 lambda=0.647 phi=40 theta=15
0 180 0 180 0 -180 0.180416 -90.6197 0.114474 -148.225 0 0 0 180 0 180 0 -180
0 -0 0 -0 0 180 0 0 0.816847 22.2778 0 -0 0 -180 0 -0 0 180
0 180 0 -0 0 0 0.0299695 46.5075 0.154781 -170.614 0 0 0 -0 0 180 0 -180
0 -180 0 180 0 -0 0 -180 0.35262 139.08 0 -0 0 0 0 -0 0 180
0 -180 0 -180 0 -0 0.0798042 -116.247 0.158333 -171.701 0 180 0 0 0 0 0 -180
0 -180 0 -180 0 0 0 180 0.238526 152.304 0 -0 0 -0 0 -0 0 180
0 180 0 -0 0 180 0.196067 -103.674 0.469037 0.570888 0 -180 0 -180 0 0 0 -180
0 -180 0 0 0 -180 0 180 1.43145 5.51121 0 -180 0 180 0 -0 0 180
inside=0 lambda=0.647 phi=40 theta=30
0 180 0 180 0 -180 0.0660567 -109.973 0.0865353 -63.031 0 0 0 180 0 180 0 -180
0 -0 0 -0 0 180 0 0 0.942253 12.1698 0 -0 0 -180 0 -180 0 180
0 180 0 -0 0 0 0.0122447 -35.4165 0.271763 -169.986 0 0 0 -0 0 180 0 -180
0 -180 0 180 0 -0 0 -180 0.511186 141.181 0 -0 0 0 0 -0 0 180
0 180 0 180 0 -0 0.0756275 -144.588 0.272956 -170.667 0 180 0 0 0 0 0 -180
0 -180 0 -180 0 0 0 180 0.410687 148.483 0 -0 0 -0 0 -0 0 180
0 180 0 -0 0 180 0.130968 -135.967 0.358859 -6.0036 0 180 0 -180 0 0 0 -180
0 -180 0 0 0 -180 0 -180 1.28907 4.31223 0 -180 0 180 0 -0 0 180
inside=0 lambda=0.647 phi=40 theta=45
0 180 0 180 0 -180 0 -0 0.209287 -19.8552 0 0 0 180 0 180 0 -180
0 -180 0 -180 0 180 0 0 1.11346 5.89496 0 -0 0 -180 0 -180 0 180
0 180 0 -180 0 0 0 180 0.320093 -170.87 0 0 0 -0 0 180 0 -180
0 -180 0 180 0 -0 0 -180 0.504407 144.744 0 -0 0 0 0 -0 0 180
0 180 0 180 0 -0 0 -180 0.320093 -170.87 0 180 0 0 0 0 0 -180
0 -180 0 -180 0 0 0 180 0.504407 144.744 0 -0 0 -0 0 -0 0 180
0 180 0 -0 0 180 0 180 0.209287 -19.8552 0 180 0 -180 0 0 0 -180
0 -180 0 0 0 -180 0 -180 1.11346 5.89496 0 -180 0 180 0 -0 0 180
inside=0 lambda=0.647 phi=45 theta=0
0 -180 0 -180 0 -180 0.612814 -12.0338 0.762251 60.0958 0 0 0 -180 0 -180 0 -180
0 -180 0 -180 0 0 0 0 0 0 0 -180 0 -180 0 -180 0 0
0 -180 0 -180 0 0 1.15296e-12 61.0964 2.1406e-12 -118.882 0 0 0 0 0 0 0 -180
0 -180 0 0 0 -180 0 -180 0 -0 0 180 0 0 0 -180 0 0
0 -180 0 -180 0 0 2.42648e-12 127.904 3.13282e-12 132.975 0 0 0 0 0 0 0 -180
0 0 0 0 0 -180 0 0 0 0 0 -0 0 -180 0 -180 0 0
0 -180 0 0 0 -180 0.818891 -57.3936 0.631612 95.4718 0 -180 0 -180 0 0 0 -180
0 0 0 -180 0 0 0 0 0 -180 0 0 0 0 0 -180 0 0
inside=0 lambda=0.647 phi=45 theta=15
0 -180 0 -180 0 -180 0.473981 -32.8125 0.837932 37.3676 0 0 0 -180 0 -180 0 -180
0 -180 0 -180 0 0 0 0 0 0 0 -180 0 -180 0 -180 0 0
0 -180 0 -180 0 0 0.074027 173.766 0.121012 129.109 0 0 0 0 0 0 0 -180
0 -180 0 0 0 -180 0 -180 0 0 0 -180 0 0 0 -180 0 0
0 -180 0 -180 0 0 0.128647 -79.6576 0.0397436 133.063 0 0 0 0 0 0 0 -180
0 0 0 0 0 -180 0 0 0 0 0 -180 0 -180 0 -180 0 0
0 -180 0 0 0 -180 0.524442 -92.4523 0.878321 51.2308 0 -180 0 -180 0 0 0 -180
0 0 0 -180 0 0 0 0 0 -180 0 0 0 0 0 -180 0 0
inside=0 lambda=0.647 phi=45 theta=30
0 -180 0 -180 0 -180 0.195525 -73.1885 0.952796 17.1504 0 0 0 -180 0 -180 0 -180
0 -180 0 -180 0 0 0 0 0 0 0 -180 0 -180 0 -180 0 0
0 -180 0 -180 0 0 0.10039 179.27 0.0503342 110.717 0 0 0 0 0 0 0 -180
0 -180 0 0 0 -180 0 -180 0 0 0 -180 0 0 0 -180 0 0
0 -180 0 -180 0 0 0.122937 -122.2 0.00699204 -154.776 0 0 0 0 0 0 0 -180
0 -180 0 -180 0 -0 0 0 0 0 0 -180 0 -180 0 -180 0 0
0 -180 0 0 0 -180 0.275076 -136.81 0.98309 25.8673 0 -180 0 -180 0 0 0 -180
0 -180 0 0 0 -180 0 -180 0 -180 0 180 0 0 0 -180 0 0
inside=0 lambda=0.647 phi=45 theta=45
0 -180 0 -180 0 -180 0 0 0.999531 14.7725 0 0 0 -180 0 -180 0 -180
0 -180 0 -180 0 0 0 0 0 -180 0 -180 0 -180 0 -180 0 0
0 -180 0 -180 0 0 0 -180 0.0306251 -75.2275 0 0 0 0 0 -0 0 -180
0 -180 0 0 0 -180 0 -180 0 0 0 -180 0 0 0 -180 0 0
0 -180 0 -180 0 0 0 -180 0.0306251 -75.2275 0 -0 0 0 0 0 0 -180
0 -180 0 -180 0 0 0 0 0 0 0 -180 0 -180 0 -180 0 0
0 -180 0 0 0 -180 0 -180 0.999531 14.7725 0 -180 0 -180 0 0 0 -180
0 -180 0 0 0 -180 0 -180 0 -180 0 -180 0 0 0 -180 0 0
inside=1 lambda=0.647 phi=0 theta=0
0 -180 0 -180 0 -180 0 0 0.146495 106.323 0 0 0 -180 0 -180 0 -180
0 180 0 180 0 180 0 -0 0.819628 -44.9556 0 -0 0 180 0 180 0 180
0 -180 0 -180 0 0 0 180 9.10357e-13 -93.5257 0 180 0 0 0 -180 0 -180
0 180 0 -0 0 -0 0 180 2.79786e-12 38.5638 0 180 0 -0 0 -180 0 180
0 -180 0 0 0 0 0 0 5.90724e-13 -140.184 0 180 0 0 0 180 0 -180
0 180 0 -180 0 -0 0 180 2.22976e-12 41.9638 0 -180 0 -0 0 -180 0 180
0 -180 0 0 0 -180 0 -180 0.146495 106.323 0 -180 0 -180 0 0 0 -180
0 180 0 -0 0 180 0 180 0.819628 -44.9556 0 180 0 180 0 -0 0 180
inside=1 lambda=0.647 phi=0 theta=15
0 -180 0 -180 0 -180 0 0 0.146495 106.323 0 0 0 -180 0 -180 0 -180
0 180 0 180 0 180 0 -0 0.819628 -44.9556 0 -0 0 180 0 180 0 180
0 -180 0 -180 0 0 0 180 9.10357e-13 -93.5257 0 180 0 0 0 -180 0 -180
0 180 0 -0 0 -0 0 180 2.79786e-12 38.5638 0 180 0 -0 0 -180 0 180
0 -180 0 0 0 0 0 0 5.90724e-13 -140.184 0 180 0 0 0 180 0 -180
0 180 0 -180 0 -0 0 180 2.22976e-12 41.9638 0 -180 0 -0 0 -180 0 180
0 -180 0 0 0 -180 0 -180 0.146495 106.323 0 -180 0 -180 0 0 0 -180
0 180 0 -0 0 180 0 180 0.819628 -44.9556 0 180 0 180 0 -0 0 180
inside=1 lambda=0.647 phi=0 theta=30
0 -180 0 -180 0 -180 0 0 0.146495 106.323 0 0 0 -180 0 -180 0 -180
0 180 0 180 0 180 0 -0 0.819628 -44.9556 0 -0 0 180 0 180 0 180
0 -180 0 -180 0 0 0 180 9.10357e-13 -93.5257 0 180 0 0 0 -180 0 -180
0 180 0 -0 0 -0 0 180 2.79786e-12 38.5638 0 180 0 -0 0 -180 0 180
0 -180 0 0 0 0 0 0 5.90724e-13 -140.184 0 180 0 0 0 180 0 -180
0 180 0 -180 0 -0 0 180 2.22976e-12 41.9638 0 -180 0 -0 0 -180 0 180
0 -180 0 0 0 -180 0 -180 0.146495 106.323 0 -180 0 -180 0 0 0 -180
0 180 0 -0 0 180 0 180 0.819628 -44.9556 0 180 0 180 0 -0 0 180
inside=1 lambda=0.647 phi=0 theta=45
0 -180 0 -180 0 -180 0 0 0.146495 106.323 0 0 0 -180 0 -180 0 -180
0 180 0 180 0 180 0 -0 0.819628 -44.9556 0 -0 0 180 0 180 0 180
0 -180 0 -180 0 0 0 180 9.10357e-13 -93.5257 0 180 0 0 0 -180 0 -180
0 180 0 -0 0 -0 0 180 2.79786e-12 38.5638 0 180 0 -0 0 -180 0 180
0 -180 0 0 0 0 0 0 5.90724e-13 -140.184 0 180 0 0 0 180 0 -180
0 180 0 -180 0 -0 0 180 2.22976e-12 41.9638 0 -180 0 -0 0 -180 0 180
0 -180 0 0 0 -180 0 -180 0.146495 106.323 0 -180 0 -180 0 0 0 -180
0 180 0 -0 0 180 0 180 0.819628 -44.9556 0 180 0 180 0 -0 0 180
inside=1 lambda=0.647 phi=5 theta=0
0 -180 0 -180 0 -180 0 0 0.142771 102.582 0 0 0 -180 0 -180 0 -180
0 180 0 180 0 180 0 -0 0.820907 -46.9883 0 -180 0 180 0 180 0 180
0 -180 0 -180 0 0 0 -180 7.92972e-13 -1.38307 0 180 0 0 0 0 0 -180
0 180 0 0 0 -0 0 -180 1.7488e-13 60.3721 0 -180 0 -0 0 -180 0 180
0 -180 0 -180 0 0 0 0 2.3231e-13 -89.6104 0 -0 0 0 0 0 0 -180
0 180 0 180 0 -0 0 -180 9.14452e-13 -131.817 0 -0 0 -0 0 -0 0 180
0 -180 0 0 0 -180 0 -180 0.1439 102.676 0 -180 0 -180 0 0 0 -180
0 180 0 -0 0 180 0 180 0.819116 -47.0453 0 180 0 180 0 -0 0 180
inside=1 lambda=0.647 phi=5 theta=15
0 -180 0 -180 0 -180 0 0 0.142846 102.588 0 0 0 -180 0 -180 0 -180
0 180 0 180 0 180 0 -0 0.820787 -46.9921 0 -180 0 180 0 180 0 180
0 -180 0 -180 0 0 0 -180 0.000278949 -83.3591 0 0 0 0 0 0 0 -180
0 180 0 0 0 -0 0 180 0.000594892 -5.76736 0 -0 0 -0 0 -180 0 180
0 -180 0 -180 0 0 0 -180 0.000278922 -83.2405 0 0 0 0 0 0 0 -180
0 180 0 180 0 -0 0 0 0.000594294 -5.82815 0 -180 0 -0 0 -0 0 180
0 -180 0 0 0 -180 0 -180 0.143824 102.669 0 -180 0 -180 0 0 0 -180
0 180 0 -0 0 180 0 180 0.819236 -47.0415 0 180 0 180 0 -0 0 180
inside=1 lambda=0.647 phi=5 theta=30
0 -180 0 -180 0 -180 0 0 0.143053 102.605 0 0 0 -180 0 -180 0 -180
0 180 0 180 0 180 0 -0 0.820459 -47.0026 0 -0 0 180 0 180 0 180
0 -180 0 -180 0 0 0 -180 0.000483144 -83.334 0 0 0 0 0 0 0 -180
0 180 0 0 0 -0 0 180 0.00103016 -5.78031 0 -0 0 -0 0 -180 0 180
0 -180 0 -180 0 0 0 -180 0.000483116 -83.2655 0 0 0 0 0 0 0 -180
0 180 0 180 0 -0 0 0 0.00102956 -5.81541 0 -180 0 -0 0 -0 0 180
0 -180 0 0 0 -180 0 -180 0.143617 102.652 0 -180 0 -180 0 0 0 -180
0 180 0 -0 0 180 0 180 0.819563 -47.0311 0 180 0 180 0 -0 0 180
inside=1 lambda=0.647 phi=5 theta=45
0 -180 0 -180 0 -180 0 0 0.143335 102.629 0 0 0 -180 0 -180 0 -180
0 180 0 180 0 180 0 -0 0.820011 -47.0168 0 -0 0 180 0 180 0 180
0 -180 0 -180 0 0 0 -180 0.00055787 -83.2997 0 0 0 0 0 0 0 -180
0 180 0 0 0 -0 0 180 0.00118918 -5.79791 0 -0 0 -0 0 -180 0 180
0 -180 0 -180 0 0 0 -180 0.00055787 -83.2997 0 0 0 0 0 0 0 -180
0 180 0 180 0 -0 0 0 0.00118918 -5.79791 0 -180 0 -0 0 -0 0 180
0 -180 0 0 0 -180 0 -180 0.143335 102.629 0 -180 0 -180 0 0 0 -180
0 180 0 -0 0 180 0 180 0.820011 -47.0168 0 180 0 180 0 -0 0 180
inside=1 lambda=0.647 phi=10 theta=0
0 -180 0 -180 0 -180 0 0 0.131587 90.9062 0 0 0 -180 0 -180 0 -180
0 180 0 180 0 0 0 -0 0.824717 -53.0688 0 -180 0 180 0 180 0 0
0 -180 0 -180 0 0 0 180 2.54278e-13 -21.861 0 180 0 0 0 0 0 -180
0 180 0 0 0 -180 0 -180 1.17878e-12 -146.37 0 0 0 -0 0 -180 0 0
0 -180 0 -180 0 0 0 180 6.30096e-13 -34.7448 0 -0 0 0 0 0 0 -180
0 180 0 0 0 -0 0 -0 1.00679e-12 -121.273 0 0 0 -0 0 -180 0 180
0 -180 0 0 0 -180 0 -180 0.135493 91.2877 0 -180 0 -180 0 0 0 -180
0 180 0 -180 0 180 0 0 0.817587 -53.3011 0 180 0 180 0 -180 0 180
inside=1 lambda=0.647 phi=10 theta=15
0 -180 0 -180 0 -180 0 0 0.131848 90.9311 0 0 0 -180 0 -180 0 -180
0 180 0 180 0 0 0 -0 0.824237 -53.0843 0 -180 0 180 0 180 0 0
0 -180 0 -180 0 0 0 -180 0.000969664 -96.3521 0 0 0 0 0 0 0 -180
0 180 0 0 0 -180 0 180 0.00239648 -11.1922 0 -180 0 -0 0 -180 0 0
0 -180 0 -180 0 0 0 -180 0.000968912 -95.8153 0 0 0 0 0 0 0 -180
0 180 0 180 0 -0 0 0 0.00238654 -11.4375 0 -180 0 -0 0 -180 0 180
0 -180 0 0 0 -180 0 -180 0.135231 91.2614 0 -180 0 -180 0 0 0 -180
0 180 0 -180 0 180 0 180 0.818063 -53.2854 0 180 0 0 0 -180 0 180
inside=1 lambda=0.647 phi=10 theta=30
0 -180 0 -180 0 -180 0 0 0.132562 90.9995 0 0 0 -180 0 -180 0 -180
0 180 0 180 0 0 0 -0 0.82293 -53.1265 0 -180 0 180 0 180 0 0
0 -180 0 -180 0 0 0 -180 0.00167921 -96.2373 0 0 0 0 0 0 0 -180
0 180 0 0 0 -180 0 180 0.00414706 -11.2457 0 -180 0 -0 0 -180 0 0
0 -180 0 -180 0 0 0 -180 0.00167846 -95.9274 0 0 0 0 0 0 0 -180
0 180 0 180 0 -0 0 0 0.00413712 -11.3873 0 -180 0 -0 0 -180 0 180
0 -180 0 0 0 -180 0 -180 0.134515 91.1902 0 -180 0 -180 0 0 0 -180
0 180 0 -0 0 180 0 180 0.819365 -53.2427 0 180 0 0 0 -180 0 0
inside=1 lambda=0.647 phi=10 theta=45
0 -180 0 -180 0 -180 0 0 0.133538 91.0942 0 0 0 -180 0 -180 0 -180
0 180 0 180 0 0 0 -0 0.821146 -53.1845 0 -180 0 180 0 180 0 0
0 -180 0 -180 0 0 0 -180 0.00193854 -96.0817 0 0 0 0 0 0 0 -180
0 180 0 0 0 -180 0 180 0.0047828 -11.3174 0 -180 0 -0 0 -180 0 180
0 -180 0 -180 0 0 0 -180 0.00193854 -96.0817 0 0 0 0 0 0 0 -180
0 180 0 180 0 -0 0 0 0.0047828 -11.3174 0 -180 0 -180 0 -180 0 180
0 -180 0 0 0 -180 0 -180 0.133538 91.0942 0 -180 0 -180 0 0 0 -180
0 180 0 -0 0 180 0 180 0.821146 -53.1845 0 180 0 0 0 -180 0 0
inside=1 lambda=0.647 phi=15 theta=0
0 -180 0 -180 0 -180 0 0 0.113826 69.62 0 0 0 -180 0 -180 0 -180
0 180 0 0 0 0 0 -0 0.830884 -63.1376 0 -180 0 180 0 0 0 0
0 -180 0 -0 0 0 0 0 1.56806e-13 -34.0357 0 -180 0 0 0 180 0 -180
0 180 0 0 0 -180 0 -180 4.26004e-13 -159.779 0 -0 0 -0 0 -180 0 0
0 -180 0 -180 0 0 0 0 2.93404e-13 75.2542 0 180 0 0 0 0 0 -180
0 0 0 0 0 -180 0 -0 5.11545e-13 -154.322 0 180 0 -180 0 -180 0 0
0 -180 0 0 0 -180 0 -180 0.120274 70.3091 0 -180 0 -180 0 0 0 -180
0 0 0 -180 0 0 0 0 0.814926 -63.6841 0 0 0 0 0 -180 0 0
inside=1 lambda=0.647 phi=15 theta=15
0 -180 0 -180 0 -180 0 0 0.114255 69.6607 0 0 0 -180 0 -180 0 -180
0 180 0 0 0 0 0 -0 0.829807 -63.1736 0 -180 0 180 0 0 0 0
0 -180 0 -0 0 0 0 -180 0.00166362 -124.353 0 0 0 0 0 180 0 -180
0 180 0 0 0 -180 0 0 0.00548825 -20.0646 0 -180 0 -0 0 -180 0 0
0 -180 0 -180 0 0 0 -0 0.00165319 -122.859 0 180 0 0 0 0 0 -180
0 0 0 0 0 -0 0 0 0.00543439 -20.6178 0 -180 0 -180 0 -180 0 0
0 -180 0 0 0 -180 0 -180 0.11984 70.2575 0 -180 0 -180 0 0 0 -180
0 0 0 -180 0 180 0 0 0.815987 -63.6469 0 0 0 0 0 -180 0 0
inside=1 lambda=0.647 phi=15 theta=30
0 -180 0 -180 0 -180 0 0 0.115431 69.776 0 0 0 -180 0 -180 0 -180
0 180 0 0 0 0 0 -0 0.82687 -63.2724 0 -180 0 180 0 0 0 0
0 -180 0 -0 0 0 0 -180 0.00287734 -124.03 0 0 0 0 0 180 0 -180
0 180 0 0 0 -180 0 0 0.0094847 -20.19 0 -180 0 -0 0 -180 0 0
0 -180 0 -180 0 0 0 -0 0.00286693 -123.168 0 180 0 0 0 0 0 -180
0 180 0 0 0 -0 0 0 0.00943089 -20.5093 0 -180 0 -180 0 -180 0 0
0 -180 0 0 0 -180 0 -180 0.118655 70.1206 0 -180 0 -180 0 0 0 -180
0 180 0 -180 0 180 0 0 0.818891 -63.5457 0 0 0 0 0 -180 0 0
inside=1 lambda=0.647 phi=15 theta=45
0 -180 0 -180 0 -180 0 0 0.117041 69.9429 0 0 0 -180 0 -180 0 -180
0 180 0 0 0 0 0 -180 0.822872 -63.4085 0 -180 0 180 0 0 0 0
0 -180 0 -0 0 0 0 -180 0.00331628 -123.595 0 0 0 0 0 180 0 -180
0 180 0 0 0 -180 0 0 0.0109201 -20.3539 0 -180 0 -0 0 -180 0 0
0 -180 0 -180 0 0 0 -0 0.00331628 -123.595 0 180 0 0 0 0 0 -180
0 180 0 0 0 -0 0 0 0.0109201 -20.3539 0 -180 0 -180 0 -180 0 0
0 -180 0 0 0 -180 0 -180 0.117041 69.9429 0 -180 0 -180 0 0 0 -180
0 180 0 -180 0 180 0 0 0.822872 -63.4085 0 0 0 0 0 -180 0 0
inside=1 lambda=0.647 phi=20 theta=0
0 -180 0 -180 0 -180 0 0 0.0942724 35.1726 0 0 0 -180 0 -180 0 -180
0 180 0 0 0 0 0 -180 0.838955 -77.0693 0 -180 0 180 0 0 0 0
0 -180 0 -0 0 0 0 -0 3.39591e-13 -43.3337 0 0 0 0 0 180 0 -180
0 180 0 0 0 -180 0 0 1.5444e-13 33.1477 0 180 0 -0 0 -180 0 0
0 -180 0 -180 0 0 0 180 3.40541e-13 50.1557 0 -0 0 0 0 0 0 -180
0 0 0 0 0 -180 0 -0 7.30794e-14 76.8669 0 -180 0 -180 0 -180 0 0
0 -180 0 0 0 -180 0 -180 0.10113 34.6416 0 -180 0 -180 0 0 0 -180
0 0 0 -180 0 0 0 0 0.810486 -78.1248 0 0 0 0 0 -180 0 0
inside=1 lambda=0.647 phi=20 theta=15
0 -180 0 -180 0 -180 0 0 0.0947287 35.1064 0 0 0 -180 0 -180 0 -180
0 180 0 0 0 0 0 -180 0.837017 -77.1382 0 -180 0 180 0 0 0 0
0 -180 0 -0 0 0 0 -180 0.00239715 176.061 0 0 0 0 0 180 0 -180
0 180 0 0 0 -180 0 0 0.0101253 -32.412 0 -180 0 -0 0 -180 0 0
0 -180 0 -180 0 0 0 -0 0.00230512 178.343 0 180 0 0 0 0 0 -180
0 0 0 0 0 -180 0 0 0.00993816 -33.3732 0 -180 0 -180 0 -180 0 0
0 -180 0 0 0 -180 0 -180 0.10067 34.6473 0 -180 0 -180 0 0 0 -180
0 0 0 -180 0 0 0 0 0.812362 -78.0523 0 0 0 0 0 -180 0 0
inside=1 lambda=0.647 phi=20 theta=30
0 -180 0 -180 0 -180 0 0 0.0959789 34.9486 0 0 0 -180 0 -180 0 -180
0 180 0 0 0 0 0 -180 0.831745 -77.3277 0 -180 0 180 0 0 0 0
0 -180 0 -0 0 0 0 -180 0.00411555 176.55 0 0 0 0 0 180 0 -180
0 180 0 0 0 -180 0 0 0.0174598 -32.6421 0 -180 0 -0 0 -180 0 0
0 -180 0 -180 0 0 0 -0 0.00402383 177.867 0 180 0 0 0 0 0 -180
0 0 0 0 0 -180 0 0 0.0172732 -33.1965 0 -180 0 -180 0 -180 0 0
0 -180 0 0 0 -180 0 -180 0.0994114 34.6844 0 -180 0 -180 0 0 0 -180
0 0 0 -180 0 0 0 0 0.81751 -77.8554 0 0 0 0 0 -180 0 0
inside=1 lambda=0.647 phi=20 theta=45
0 -180 0 -180 0 -180 0 0 0.097693 34.7864 0 0 0 -180 0 -180 0 -180
0 180 0 0 0 0 0 -180 0.824597 -77.5897 0 -180 0 180 0 0 0 0
0 -180 0 -0 0 0 0 -180 0.00469777 177.212 0 0 0 0 0 180 0 -180
0 0 0 0 0 -180 0 0 0.0200479 -32.9326 0 -180 0 -0 0 -180 0 0
0 -180 0 -180 0 0 0 -0 0.00469777 177.212 0 180 0 0 0 0 0 -180
0 0 0 0 0 -0 0 0 0.0200479 -32.9326 0 -180 0 -180 0 -180 0 0
0 -180 0 0 0 -180 0 -180 0.097693 34.7864 0 -180 0 -180 0 0 0 -180
0 180 0 -180 0 180 0 0 0.824597 -77.5897 0 0 0 0 0 -180 0 0
inside=1 lambda=0.647 phi=25 theta=0
0 180 0 -180 0 -180 0 0 0.0848673 -14.5502 0 0 0 180 0 -180 0 -180
0 180 0 0 0 0 0 -180 0.848345 -94.6352 0 -180 0 180 0 0 0 0
0 180 0 -0 0 0 0 0 6.71625e-14 -22.3022 0 -180 0 -0 0 180 0 -180
0 0 0 -0 0 -180 0 -0 3.76475e-14 94.3793 0 -0 0 -180 0 180 0 0
0 -180 0 -180 0 0 0 0 5.80335e-14 104.663 0 -0 0 0 0 0 0 -180
0 0 0 0 0 -180 0 -0 2.71063e-13 -25.2134 0 -0 0 -180 0 -180 0 0
0 -180 0 0 0 -180 0 -180 0.0969091 -21.8358 0 -180 0 -180 0 0 0 -180
0 0 0 -180 0 0 0 0 0.802535 -96.4813 0 0 0 0 0 -180 0 0
inside=1 lambda=0.647 phi=25 theta=15
0 180 0 -180 0 -180 0 0 0.0856305 -15.1734 0 0 0 180 0 180 0 -180
0 180 0 0 0 0 0 -180 0.845182 -94.7541 0 -180 0 180 0 0 0 0
0 180 0 -0 0 0 0 -180 0.005917 109.574 0 0 0 -0 0 180 0 -180
0 0 0 -0 0 -180 0 0 0.016849 -48.7135 0 -180 0 -180 0 180 0 0
0 -180 0 -180 0 0 0 -0 0.00563721 110.539 0 180 0 0 0 0 0 -180
0 0 0 0 0 -180 0 -0 0.0163433 -50.13 0 -180 0 -180 0 -180 0 0
0 -180 0 0 0 -180 0 -180 0.0960819 -21.4725 0 -180 0 -180 0 0 0 -180
0 0 0 -180 0 0 0 0 0.805509 -96.3527 0 0 0 0 0 -180 0 0
inside=1 lambda=0.647 phi=25 theta=30
0 180 0 -180 0 -180 0 0 0.0877621 -16.7698 0 0 0 180 0 -180 0 -180
0 180 0 0 0 0 0 -180 0.836612 -95.0821 0 -180 0 180 0 0 0 0
0 -180 0 -0 0 0 0 -180 0.0101357 109.772 0 0 0 -0 0 180 0 -180
0 0 0 -0 0 -180 0 0 0.028959 -49.0783 0 -180 0 -180 0 180 0 0
0 -180 0 -180 0 0 0 -0 0.00985757 110.33 0 180 0 0 0 0 0 -180
0 0 0 0 0 -180 0 -0 0.0284569 -49.8947 0 -180 0 -180 0 -180 0 0
0 -180 0 0 0 180 0 -180 0.0938221 -20.3946 0 -180 0 -180 0 0 0 -180
0 0 0 -180 0 0 0 0 0.813707 -96.0048 0 0 0 0 0 -180 0 0
inside=1 lambda=0.647 phi=25 theta=45
0 -180 0 -180 0 -180 0 0 0.09076 -18.7115 0 0 0 180 0 -180 0 -180
0 0 0 0 0 0 0 -180 0.825067 -95.5384 0 -180 0 0 0 0 0 0
0 -180 0 -0 0 0 0 -180 0.0115376 110.048 0 0 0 -0 0 180 0 -180
0 0 0 -0 0 -180 0 0 0.0331277 -49.5186 0 -180 0 -180 0 180 0 0
0 -180 0 -180 0 -0 0 -0 0.0115376 110.048 0 180 0 0 0 0 0 -180
0 0 0 0 0 -180 0 -0 0.0331277 -49.5186 0 180 0 -180 0 -180 0 0
0 -180 0 0 0 180 0 -180 0.09076 -18.7115 0 -180 0 -180 0 0 0 -180
0 0 0 -180 0 0 0 0 0.825067 -95.5384 0 0 0 0 0 -180 0 0
inside=1 lambda=0.647 phi=30 theta=0
0 180 0 180 0 -180 0 0 0.0933517 -68.9295 0 0 0 180 0 180 0 -180
0 0 0 0 0 0 0 -180 0.859112 -115.483 0 -180 0 0 0 0 0 0
0 180 0 -0 0 0 0 180 3.45533e-13 -11.3042 0 -0 0 -0 0 180 0 -180
0 0 0 -0 0 -180 0 0 3.04067e-13 -8.20922 0 180 0 -180 0 180 0 0
0 -180 0 -180 0 0 0 -0 2.99989e-13 73.7341 0 -0 0 0 0 0 0 -180
0 0 0 0 0 -180 0 -0 6.71586e-13 -10.5758 0 180 0 -180 0 -180 0 0
0 -180 0 0 0 -180 0 -180 0.134516 -81.4895 0 -180 0 -180 0 0 0 -180
0 0 0 -180 0 0 0 0 0.788387 -118.435 0 0 0 0 0 -180 0 0
inside=1 lambda=0.647 phi=30 theta=15
0 180 0 180 0 -180 0 0 0.0959254 -70.2398 0 0 0 180 0 180 0 -180
0 0 0 0 0 0 0 -180 0.854139 -115.668 0 -180 0 0 0 0 0 0
0 180 0 -0 0 0 0 -180 0.0143737 66.547 0 0 0 -0 0 180 0 -180
0 0 0 -0 0 -180 0 0 0.0263294 -69.6747 0 -180 0 -180 0 180 0 0
0 -180 0 -180 0 0 0 -0 0.0138324 67.8555 0 180 0 0 0 0 0 -180
0 0 0 0 0 -180 0 -0 0.0251965 -71.5719 0 180 0 -180 0 -180 0 0
0 -180 0 0 0 180 0 -180 0.131688 -81.0071 0 -180 0 -180 0 0 0 -180
0 0 0 -180 0 0 0 0 0.792888 -118.224 0 0 0 0 0 -180 0 0
inside=1 lambda=0.647 phi=30 theta=30
0 180 0 -180 0 -180 0 0 0.103174 -73.3918 0 0 0 180 0 180 0 -180
0 0 0 0 0 0 0 -180 0.84073 -116.184 0 -180 0 0 0 0 0 0
0 180 0 -0 0 0 0 -180 0.0246676 66.8206 0 0 0 -0 0 180 0 -180
0 0 0 -0 0 -180 0 0 0.0450595 -70.2131 0 -180 0 -180 0 180 0 0
0 -180 0 -180 0 -0 0 -0 0.0241334 67.572 0 180 0 0 0 0 0 -180
0 0 0 0 0 -180 0 -0 0.0439434 -71.3052 0 180 0 -180 0 -180 0 0
0 -180 0 0 0 180 0 -180 0.123947 -79.4818 0 -180 0 -180 0 0 0 -180
0 0 0 -180 0 0 0 0 0.805365 -117.658 0 0 0 0 0 -180 0 0
inside=1 lambda=0.647 phi=30 theta=45
0 180 0 -180 0 -180 0 0 0.113442 -76.8359 0 0 0 180 0 180 0 -180
0 0 0 0 0 0 0 -180 0.822818 -116.908 0 -180 0 0 0 0 0 0
0 180 0 -0 0 0 0 -180 0.0281594 67.194 0 0 0 -0 0 180 0 -180
0 0 0 -0 0 -180 0 0 0.0513174 -70.8258 0 -180 0 -180 0 180 0 0
0 180 0 -180 0 -0 0 -0 0.0281594 67.194 0 180 0 0 0 0 0 -180
0 0 0 0 0 -180 0 -0 0.0513174 -70.8258 0 180 0 -180 0 -180 0 0
0 180 0 0 0 180 0 -180 0.113442 -76.8359 0 180 0 -180 0 0 0 -180
0 0 0 -180 0 0 0 0 0.822818 -116.908 0 0 0 0 0 -180 0 0
inside=1 lambda=0.647 phi=35 theta=0
0 180 0 180 0 -180 0 -0 0.105732 -118.621 0 0 0 180 0 180 0 -180
0 0 0 0 0 -0 0 -180 0.872792 -139.185 0 180 0 0 0 0 0 -0
0 180 0 -0 0 0 0 -0 4.81699e-13 150.772 0 0 0 -0 0 180 0 -180
0 0 0 -0 0 180 0 -0 1.05771e-12 123.519 0 180 0 -180 0 180 0 -0
0 -180 0 -180 0 0 0 -180 3.78324e-13 170.78 0 180 0 0 0 0 0 -180
0 0 0 0 0 -180 0 -0 1.09462e-12 125.751 0 180 0 -180 0 -180 0 0
0 -180 0 0 0 -180 0 -180 0.198679 -128.492 0 -180 0 -180 0 0 0 -180
0 0 0 -180 0 0 0 -0 0.76658 -143.38 0 0 0 0 0 -180 0 0
inside=1 lambda=0.647 phi=35 theta=15
0 180 0 180 0 -180 0 -0 0.111744 -120.047 0 0 0 180 0 180 0 -180
0 0 0 0 0 -0 0 -180 0.865201 -139.441 0 180 0 0 0 0 0 -0
0 180 0 -0 0 0 0 -180 0.0267889 31.0243 0 0 0 -0 0 180 0 -180
0 0 0 -0 0 180 0 0 0.0387232 -95.2441 0 180 0 -180 0 180 0 -0
0 -180 0 -180 0 -0 0 -0 0.0259301 33.5991 0 180 0 0 0 0 0 -180
0 0 0 0 0 -180 0 -0 0.0365558 -97.7463 0 180 0 180 0 180 0 0
0 -180 0 0 0 180 0 -180 0.192454 -128.315 0 -180 0 -180 0 0 0 -180
0 0 0 -180 0 0 0 -0 0.773213 -143.07 0 0 0 -0 0 180 0 -0
inside=1 lambda=0.647 phi=35 theta=30
0 180 0 180 0 -180 0 -0 0.128496 -123.119 0 0 0 180 0 180 0 -180
0 0 0 0 0 -0 0 -180 0.844835 -140.154 0 180 0 0 0 0 0 -0
0 180 0 -0 0 0 0 -180 0.0460154 31.6045 0 0 0 -0 0 180 0 -180
0 0 0 -0 0 180 0 0 0.0659209 -96.0406 0 180 0 -180 0 180 0 -0
0 -180 0 -180 0 -0 0 -0 0.0451839 33.0647 0 180 0 0 0 0 0 -180
0 0 0 0 0 -180 0 -0 0.0638148 -97.4796 0 180 0 180 0 180 0 -0
0 180 0 0 0 180 0 -180 0.175313 -127.585 0 180 0 -180 0 0 0 -180
0 0 0 -180 0 0 0 0 0.791718 -142.244 0 0 0 -0 0 180 0 -0
inside=1 lambda=0.647 phi=35 theta=45
0 180 0 -180 0 -180 0 -0 0.151818 -125.9 0 0 0 180 0 180 0 -180
0 0 0 0 0 -0 0 -180 0.817825 -141.169 0 180 0 0 0 0 0 -0
0 180 0 -0 0 0 0 -180 0.0526184 32.3465 0 0 0 -0 0 180 0 -180
0 0 0 -0 0 180 0 0 0.0747226 -96.8877 0 180 0 -180 0 180 0 -0
0 180 0 -180 0 -0 0 -0 0.0526184 32.3465 0 180 0 0 0 0 0 -180
0 0 0 0 0 -180 0 -0 0.0747226 -96.8877 0 180 0 180 0 180 0 -0
0 180 0 -0 0 180 0 -180 0.151818 -125.9 0 180 0 -180 0 0 0 -180
0 0 0 -180 0 0 0 0 0.817825 -141.169 0 0 0 -0 0 180 0 -0
inside=1 lambda=0.647 phi=40 theta=0
0 180 0 180 0 -180 0 -0 0.105856 -168.965 0 0 0 180 0 180 0 -180
0 0 0 0 0 -0 0 -180 0.89174 -165.32 0 180 0 0 0 0 0 -0
0 180 0 -0 0 0 0 -0 3.2723e-13 105.218 0 180 0 -0 0 180 0 -180
0 0 0 -0 0 180 0 0 2.78616e-13 172.404 0 -180 0 -180 0 180 0 -0
0 -180 0 -180 0 0 0 -0 9.90195e-14 -23.236 0 -0 0 0 0 0 0 -180
0 -0 0 -0 0 180 0 -0 2.59761e-13 -60.1965 0 0 0 180 0 180 0 -0
0 -180 0 0 0 -180 0 -180 0.253815 -169.262 0 -180 0 -180 0 0 0 -180
0 -0 0 180 0 -0 0 -0 0.740474 -170.532 0 -0 0 -0 0 180 0 -0
inside=1 lambda=0.647 phi=40 theta=15
0 180 0 180 0 -180 0 -0 0.115557 -169.48 0 0 0 180 0 180 0 -180
0 0 0 0 0 -0 0 -180 0.880843 -165.637 0 180 0 0 0 0 0 -0
0 180 0 -0 0 0 0 -180 0.0389366 -3.15417 0 0 0 -0 0 180 0 -180
0 0 0 -0 0 180 0 -0 0.0532399 -123.875 0 180 0 -180 0 180 0 -0
0 -180 0 -180 0 0 0 -0 0.0380138 1.645 0 0 0 0 0 0 0 -180
0 -0 0 -0 0 180 0 -0 0.0495389 -127.329 0 180 0 180 0 180 0 -0
0 -180 0 0 0 180 0 -180 0.244033 -169.585 0 -180 0 -180 0 0 0 -180
0 -0 0 180 0 0 0 -0 0.749819 -170.135 0 -0 0 -0 0 180 0 -0
inside=1 lambda=0.647 phi=40 theta=30
0 180 0 180 0 -180 0 -0 0.142443 -170.357 0 0 0 180 0 180 0 -180
0 0 0 0 0 -0 0 -180 0.851708 -166.503 0 180 0 0 0 0 0 -0
0 180 0 -0 0 0 0 -180 0.0670122 -1.99181 0 0 0 -0 0 180 0 -180
0 0 0 -0 0 180 0 0 0.0900026 -125.112 0 180 0 -180 0 180 0 -0
0 -180 0 -180 0 -0 0 -0 0.0661727 0.675868 0 0 0 0 0 0 0 -180
0 0 0 -0 0 -180 0 -0 0.0864925 -127.099 0 180 0 180 0 180 0 -0
0 -180 0 0 0 180 0 -180 0.216873 -170.242 0 180 0 -180 0 0 0 -180
0 0 0 -180 0 0 0 -0 0.776044 -169.082 0 -0 0 -0 0 180 0 -0
inside=1 lambda=0.647 phi=40 theta=45
0 180 0 -180 0 -180 0 -0 0.179576 -170.642 0 0 0 180 0 180 0 -180
0 0 0 -0 0 -0 0 -180 0.813189 -167.741 0 180 0 0 0 0 0 -0
0 180 0 -0 0 0 0 -180 0.0768493 -0.606847 0 0 0 -0 0 0 0 -180
0 0 0 -0 0 180 0 0 0.101492 -126.339 0 180 0 -180 0 180 0 -0
0 180 0 -180 0 -0 0 -0 0.0768493 -0.606847 0 0 0 0 0 0 0 -180
0 0 0 0 0 -180 0 -0 0.101492 -126.339 0 180 0 180 0 180 0 -0
0 180 0 -0 0 180 0 -180 0.179576 -170.642 0 180 0 -180 0 0 0 -180
0 0 0 -180 0 0 0 -0 0.813189 -167.741 0 0 0 -0 0 180 0 -0
inside=1 lambda=0.647 phi=45 theta=0
0 180 0 180 0 -180 0 -0 0.0995709 130.919 0 0 0 180 0 180 0 -180
0 0 0 0 0 -0 0.0149308 91.3374 0.915652 166.655 0 180 0 0 0 0 0 -0
0 180 0 -0 0 0 0 0 6.44543e-14 55.8761 0 -180 0 -0 0 180 0 -180
0 0 0 -180 0 180 3.73366e-13 87.1111 1.25626e-13 65.2151 0 -0 0 -180 0 0 0 -0
0 -180 0 -180 0 0 0 -0 2.71877e-14 -153.086 0 180 0 0 0 0 0 -180
0 -0 0 -0 0 180 7.60834e-15 95.9004 1.71525e-13 -115.13 0 180 0 180 0 180 0 -0
0 -180 0 0 0 -180 0 -180 0.265791 150.605 0 -180 0 -180 0 0 0 -180
0 -0 0 180 0 -0 0.105265 -60.0712 0.717486 160.695 0 -0 0 -0 0 180 0 -0
inside=1 lambda=0.647 phi=45 theta=15
0 180 0 180 0 -180 0 -0 0.107969 133.252 0 0 0 180 0 180 0 -180
0 0 0 0 0 -0 0 180 0.902497 166.193 0 180 0 0 0 0 0 -0
0 180 0 -0 0 0 0 -180 0.0430934 -38.858 0 0 0 -0 0 180 0 -180
0 0 0 -180 0 180 0 -0 0.0693174 -152.875 0 180 0 -180 0 0 0 -0
0 -180 0 -180 0 0 0 -0 0.0431756 -29.8151 0 0 0 0 0 0 0 -180
0 -0 0 -0 0 180 0 -180 0.0630931 -157.831 0 180 0 180 0 180 0 -0
0 -180 0 0 0 -180 0 -180 0.255502 149.616 0 -180 0 -180 0 0 0 -180
0 -0 0 180 0 -0 0 -0 0.730306 161.066 0 -0 0 -0 0 180 0 -0
inside=1 lambda=0.647 phi=45 theta=30
0 180 0 180 0 -180 0 -0 0.137086 138.077 0 0 0 180 0 180 0 -180
0 0 0 -0 0 -0 0 180 0.864203 165.163 0 180 0 0 0 0 0 -0
0 180 0 -0 0 0 0 -180 0.0747881 -36.5263 0 0 0 -0 0 0 0 -180
0 0 0 -180 0 180 0 -0 0.115801 -154.877 0 180 0 -180 0 0 0 -0
0 -180 0 -180 0 -0 0 -0 0.075051 -31.6945 0 0 0 0 0 0 0 -180
0 -0 0 -0 0 180 0 -180 0.110161 -157.749 0 0 0 180 0 180 0 -0
0 -180 0 0 0 180 0 -180 0.22318 146.725 0 -180 0 -180 0 0 0 -180
0 -0 0 180 0 0 0 -0 0.764742 162.247 0 -0 0 -0 0 180 0 -0
inside=1 lambda=0.647 phi=45 theta=45
0 180 0 -180 0 -180 0 -0 0.179336 142.792 0 0 0 180 0 180 0 -180
0 0 0 -0 0 -0 0 180 0.813604 163.761 0 180 0 0 0 -0 0 -0
0 180 0 -0 0 0 0 -180 0.0865268 -33.972 0 0 0 -0 0 0 0 -180
0 -0 0 -180 0 180 0 -0 0.129614 -156.726 0 180 0 -180 0 0 0 -0
0 180 0 -180 0 -0 0 -0 0.0865268 -33.972 0 0 0 0 0 0 0 -180
0 -0 0 -0 0 -180 0 -180 0.129614 -156.726 0 0 0 180 0 180 0 -0
0 180 0 -0 0 180 0 -180 0.179336 142.792 0 180 0 -180 0 0 0 -180
0 0 0 180 0 0 0 -0 0.813604 163.761 0 -0 0 -0 0 180 0 -0
