RSoft_BSDF_File_Version 2
1 0 5 2 1 0.0914286
0.3 0.3
-1 1
-1 1
1 0.647 0.647
10 0 45 0.5
4 0 45
Begin_Dispersion_Data
0.647 1.45662 0 1 0 0
End_Dispersion_Data
inside=0 lambda=0.647 phi=0 theta=0
0 -180 0 -180 0 -180 0 0 0.142069 14.2556 0 0 0 -180 0 -180 0 -180
0 -180 0 -180 0 -180 0 0 1.19466 54.5868 0 0 0 -180 0 -180 0 -180
0 -180 0 180 0 0 0 -0 5.37324e-13 66.2713 0 -0 0 0 0 180 0 -180
0 -180 0 180 0 0 0 -0 2.38759e-13 39.5382 0 -0 0 0 0 180 0 -180
0 -180 0 0 0 0 0 180 2.12106e-13 165.467 0 180 0 0 0 -0 0 -180
0 -180 0 -0 0 0 0 180 1.07989e-12 128.122 0 180 0 0 0 -0 0 -180
0 -180 0 0 0 -180 0 -180 0.142069 14.2556 0 -180 0 -180 0 0 0 -180
0 -180 0 0 0 -180 0 -180 1.19466 54.5868 0 -180 0 -180 0 0 0 -180
inside=0 lambda=0.647 phi=0 theta=15
0 -180 0 -180 0 -180 0 0 0.142069 14.2556 0 0 0 -180 0 -180 0 -180
0 -180 0 -180 0 -180 0 0 1.19466 54.5868 0 0 0 -180 0 -180 0 -180
0 -180 0 180 0 0 0 -0 5.37324e-13 66.2713 0 -0 0 0 0 180 0 -180
0 -180 0 180 0 0 0 -0 2.38759e-13 39.5382 0 -0 0 0 0 180 0 -180
0 -180 0 0 0 0 0 180 2.12106e-13 165.467 0 180 0 0 0 -0 0 -180
0 -180 0 -0 0 0 0 180 1.07989e-12 128.122 0 180 0 0 0 -0 0 -180
0 -180 0 0 0 -180 0 -180 0.142069 14.2556 0 -180 0 -180 0 0 0 -180
0 -180 0 0 0 -180 0 -180 1.19466 54.5868 0 -180 0 -180 0 0 0 -180
inside=0 lambda=0.647 phi=0 theta=30
0 -180 0 -180 0 -180 0 0 0.142069 14.2556 0 0 0 -180 0 -180 0 -180
0 -180 0 -180 0 -180 0 0 1.19466 54.5868 0 0 0 -180 0 -180 0 -180
0 -180 0 180 0 0 0 -0 5.37324e-13 66.2713 0 -0 0 0 0 180 0 -180
0 -180 0 180 0 0 0 -0 2.38759e-13 39.5382 0 -0 0 0 0 180 0 -180
0 -180 0 0 0 0 0 180 2.12106e-13 165.467 0 180 0 0 0 -0 0 -180
0 -180 0 -0 0 0 0 180 1.07989e-12 128.122 0 180 0 0 0 -0 0 -180
0 -180 0 0 0 -180 0 -180 0.142069 14.2556 0 -180 0 -180 0 0 0 -180
0 -180 0 0 0 -180 0 -180 1.19466 54.5868 0 -180 0 -180 0 0 0 -180
inside=0 lambda=0.647 phi=0 theta=45
0 -180 0 -180 0 -180 0 0 0.142069 14.2556 0 0 0 -180 0 -180 0 -180
0 -180 0 -180 0 -180 0 0 1.19466 54.5868 0 0 0 -180 0 -180 0 -180
0 -180 0 180 0 0 0 -0 5.37324e-13 66.2713 0 -0 0 0 0 180 0 -180
0 -180 0 180 0 0 0 -0 2.38759e-13 39.5382 0 -0 0 0 0 180 0 -180
0 -180 0 0 0 0 0 180 2.12106e-13 165.467 0 180 0 0 0 -0 0 -180
0 -180 0 -0 0 0 0 180 1.07989e-12 128.122 0 180 0 0 0 -0 0 -180
0 -180 0 0 0 -180 0 -180 0.142069 14.2556 0 -180 0 -180 0 0 0 -180
0 -180 0 0 0 -180 0 -180 1.19466 54.5868 0 -180 0 -180 0 0 0 -180
inside=0 lambda=0.647 phi=5 theta=0
0 -180 0 -180 0 -180 0 0 0.141116 14.1838 0 0 0 -180 0 -180 0 -180
0 -180 0 -180 0 -180 0 0 1.19225 54.2148 0 0 0 -180 0 -180 0 -180
0 -180 0 -180 0 0 0 180 5.26655e-13 72.618 0 0 0 0 0 0 0 -180
0 -180 0 180 0 0 0 -180 7.70748e-13 13.3588 0 0 0 0 0 -0 0 -180
0 -180 0 -180 0 0 0 180 8.23454e-13 -179.928 0 180 0 0 0 0 0 -180
0 -180 0 -180 0 0 0 0 5.07526e-13 110.621 0 180 0 0 0 0 0 -180
0 -180 0 0 0 -180 0 -180 0.143995 14.3461 0 -180 0 -180 0 0 0 -180
0 -180 0 0 0 -180 0 -180 1.1969 54.1979 0 -180 0 -180 0 0 0 -180
inside=0 lambda=0.647 phi=5 theta=15
0 -180 0 -180 0 -180 0 0 0.141309 14.1948 0 0 0 -180 0 -180 0 -180
0 -180 0 -180 0 -180 0 0 1.19256 54.2136 0 0 0 -180 0 -180 0 -180
0 -180 0 -180 0 0 0 -180 0.000736395 -158.825 0 0 0 0 0 0 0 -180
0 -180 0 180 0 0 0 -180 0.00116552 -131.055 0 0 0 0 0 -0 0 -180
0 -180 0 -180 0 0 0 -180 0.000736331 -158.818 0 0 0 0 0 0 0 -180
0 -180 0 -180 0 0 0 180 0.00116539 -131.048 0 -0 0 0 0 0 0 -180
0 -180 0 0 0 -180 0 -180 0.143802 14.3354 0 -180 0 -180 0 0 0 -180
0 -180 0 0 0 -180 0 -180 1.19659 54.199 0 -180 0 -180 0 0 0 -180
inside=0 lambda=0.647 phi=5 theta=30
0 -180 0 -180 0 -180 0 0 0.141836 14.2248 0 0 0 -180 0 -180 0 -180
0 -180 0 -180 0 -180 0 0 1.19342 54.2105 0 0 0 -180 0 -180 0 -180
0 -180 0 -180 0 0 0 -180 0.00127545 -158.824 0 0 0 0 0 0 0 -180
0 -180 0 180 0 0 0 -180 0.00201869 -131.053 0 0 0 0 0 -0 0 -180
0 -180 0 -180 0 0 0 -180 0.00127539 -158.82 0 0 0 0 0 0 0 -180
0 -180 0 -180 0 0 0 180 0.00201856 -131.049 0 -0 0 0 0 0 0 -180
0 -180 0 0 0 -180 0 -180 0.143275 14.306 0 -180 0 -180 0 0 0 -180
0 -180 0 0 0 -180 0 -180 1.19574 54.2021 0 -180 0 -180 0 0 0 -180
inside=0 lambda=0.647 phi=5 theta=45
0 -180 0 -180 0 -180 0 0 0.142555 14.2656 0 0 0 -180 0 -180 0 -180
0 -180 0 -180 0 -180 0 0 1.19458 54.2063 0 0 0 -180 0 -180 0 -180
0 -180 0 -180 0 0 0 -180 0.00147273 -158.822 0 0 0 0 0 0 0 -180
0 -180 0 180 0 0 0 -180 0.00233091 -131.051 0 0 0 0 0 -0 0 -180
0 -180 0 -180 0 0 0 -180 0.00147273 -158.822 0 0 0 0 0 0 0 -180
0 -180 0 -180 0 0 0 180 0.00233091 -131.051 0 -0 0 0 0 0 0 -180
0 -180 0 0 0 -180 0 -180 0.142555 14.2656 0 -180 0 -180 0 0 0 -180
0 -180 0 0 0 -180 0 -180 1.19458 54.2063 0 -180 0 -180 0 0 0 -180
inside=0 lambda=0.647 phi=10 theta=0
0 180 0 -180 0 -180 0 0 0.138025 13.9228 0 0 0 180 0 -180 0 -180
0 -180 0 -180 0 -180 0 0 1.18479 53.0959 0 0 0 -180 0 -180 0 -180
0 -180 0 -180 0 0 0 180 2.07456e-13 130.76 0 -0 0 0 0 0 0 -180
0 -180 0 180 0 0 0 180 2.49058e-13 38.9973 0 180 0 0 0 -0 0 -180
0 -180 0 -180 0 0 0 -0 7.04629e-13 -139.284 0 -0 0 0 0 0 0 -180
0 -180 0 -180 0 0 0 0 4.03164e-13 142.028 0 0 0 0 0 0 0 -180
0 -180 0 0 0 -180 0 -180 0.150014 14.6091 0 -180 0 -180 0 0 0 -180
0 -180 0 0 0 -180 0 -180 1.20388 53.0252 0 -180 0 -180 0 0 0 -180
inside=0 lambda=0.647 phi=10 theta=15
0 180 0 -180 0 -180 0 0 0.138828 13.9718 0 0 0 180 0 -180 0 -180
0 -180 0 -180 0 -180 0 0 1.18607 53.091 0 0 0 -180 0 -180 0 -180
0 -180 0 -180 0 0 0 -180 0.00306641 -158.599 0 0 0 0 0 0 0 -180
0 -180 0 180 0 0 0 -180 0.00478686 -132.263 0 0 0 0 0 -0 0 -180
0 -180 0 -180 0 0 0 -180 0.00306539 -158.572 0 0 0 0 0 0 0 -180
0 -180 0 -180 0 0 0 180 0.00478465 -132.236 0 -0 0 0 0 0 0 -180
0 -180 0 0 0 -180 0 -180 0.149211 14.5658 0 -180 0 -180 0 0 0 -180
0 -180 0 0 0 -180 0 -180 1.2026 53.0297 0 -180 0 -180 0 0 0 -180
inside=0 lambda=0.647 phi=10 theta=30
0 -180 0 -180 0 -180 0 0 0.141022 14.1031 0 0 0 180 0 -180 0 -180
0 -180 0 -180 0 -180 0 0 1.18956 53.0777 0 0 0 -180 0 -180 0 -180
0 -180 0 -180 0 0 0 -180 0.00531083 -158.594 0 0 0 0 0 0 0 -180
0 -180 0 180 0 0 0 -180 0.00829021 -132.257 0 0 0 0 0 -0 0 -180
0 -180 0 -180 0 0 0 -180 0.00530981 -158.578 0 0 0 0 0 0 0 -180
0 -180 0 -180 0 0 0 180 0.00828802 -132.241 0 -0 0 0 0 0 0 -180
0 -180 0 0 0 -180 0 -180 0.147017 14.4458 0 -180 0 -180 0 0 0 -180
0 -180 0 0 0 -180 0 -180 1.19911 53.0423 0 -180 0 -180 0 0 0 -180
inside=0 lambda=0.647 phi=10 theta=45
0 -180 0 -180 0 -180 0 0 0.144019 14.2773 0 0 0 -180 0 -180 0 -180
0 -180 0 -180 0 -180 0 0 1.19434 53.0599 0 0 0 -180 0 -180 0 -180
0 -180 0 -180 0 0 0 -180 0.00613185 -158.587 0 0 0 0 0 0 0 -180
0 -180 0 180 0 0 0 -180 0.00957141 -132.248 0 0 0 0 0 -0 0 -180
0 -180 0 -180 0 0 0 -180 0.00613185 -158.587 0 0 0 0 0 0 0 -180
0 -180 0 -180 0 0 0 180 0.00957141 -132.248 0 -0 0 0 0 0 0 -180
0 -180 0 0 0 -180 0 -180 0.144019 14.2773 0 -180 0 -180 0 0 0 -180
0 -180 0 0 0 -180 0 -180 1.19434 53.0599 0 -180 0 -180 0 0 0 -180
inside=0 lambda=0.647 phi=15 theta=0
0 180 0 -180 0 -180 0 -0 0.132031 13.3139 0 0 0 180 0 -180 0 -180
0 -180 0 -180 0 -180 0 0 1.17149 51.2199 0 0 0 -180 0 -180 0 -180
0 180 0 -180 0 0 0 180 2.00418e-13 14.3965 0 180 0 -0 0 0 0 -180
0 -180 0 180 0 0 0 -180 1.95208e-13 39.4159 0 -180 0 0 0 -0 0 -180
0 -180 0 -180 0 0 0 -0 3.30869e-13 -106.742 0 180 0 0 0 0 0 -180
0 -180 0 -180 0 0 0 0 3.49038e-13 172.657 0 180 0 0 0 0 0 -180
0 -180 0 0 0 -180 0 -180 0.160926 15.0192 0 -180 0 -180 0 0 0 -180
0 -180 0 0 0 -180 0 -180 1.21644 51.0487 0 -180 0 -180 0 0 0 -180
inside=0 lambda=0.647 phi=15 theta=15
0 180 0 -180 0 -180 0 -0 0.133964 13.4473 0 0 0 180 0 -180 0 -180
0 -180 0 -180 0 -180 0 0 1.1745 51.2075 0 0 0 -180 0 -180 0 -180
0 180 0 -180 0 0 0 -180 0.00739222 -158.266 0 0 0 -0 0 0 0 -180
0 -180 0 180 0 0 0 -180 0.0112769 -134.288 0 0 0 0 0 -0 0 -180
0 -180 0 -180 0 0 0 -180 0.00738708 -158.208 0 0 0 0 0 0 0 -180
0 -180 0 -180 0 0 0 180 0.0112646 -134.229 0 -0 0 0 0 0 0 -180
0 -180 0 0 0 -180 0 -180 0.15899 14.9203 0 -180 0 -180 0 0 0 -180
0 -180 0 0 0 -180 0 -180 1.21343 51.0592 0 -180 0 -180 0 0 0 -180
inside=0 lambda=0.647 phi=15 theta=30
0 180 0 -180 0 -180 0 0 0.13925 13.795 0 0 0 180 0 -180 0 -180
0 -180 0 -180 0 -180 0 0 1.18272 51.1742 0 0 0 -180 0 -180 0 -180
0 180 0 -180 0 0 0 -180 0.0128021 -158.258 0 0 0 -0 0 0 0 -180
0 -180 0 180 0 0 0 -180 0.0195268 -134.272 0 0 0 0 0 -0 0 -180
0 -180 0 -180 0 0 0 -180 0.012797 -158.224 0 0 0 0 0 0 0 -180
0 -180 0 -180 0 0 0 180 0.0195147 -134.238 0 -0 0 0 0 0 0 -180
0 -180 0 0 0 180 0 -180 0.153701 14.6411 0 -180 0 -180 0 0 0 -180
0 -180 0 0 0 -180 0 -180 1.2052 51.0886 0 -180 0 -180 0 0 0 -180
inside=0 lambda=0.647 phi=15 theta=45
0 180 0 -180 0 -180 0 0 0.146474 14.2351 0 0 0 180 0 -180 0 -180
0 -180 0 -180 0 -180 0 0 1.19396 51.1305 0 0 0 -180 0 -180 0 -180
0 -180 0 -180 0 0 0 -180 0.0147799 -158.243 0 0 0 0 0 0 0 -180
0 -180 0 180 0 0 0 -180 0.0225402 -134.253 0 0 0 0 0 -0 0 -180
0 -180 0 -180 0 0 0 -180 0.0147799 -158.243 0 0 0 0 0 0 0 -180
0 -180 0 -180 0 0 0 180 0.0225402 -134.253 0 -0 0 0 0 0 0 -180
0 180 0 0 0 180 0 -180 0.146474 14.2351 0 -180 0 -180 0 0 0 -180
0 -180 0 0 0 -180 0 -180 1.19396 51.1305 0 -180 0 -180 0 0 0 -180
inside=0 lambda=0.647 phi=20 theta=0
0 180 0 180 0 -180 0 -0 0.121565 11.976 0 0 0 180 0 180 0 -180
0 -180 0 -180 0 -180 0 0 1.15073 48.5645 0 0 0 -180 0 -180 0 -180
0 180 0 -180 0 0 0 -0 4.76414e-14 86.6654 0 180 0 -0 0 0 0 -180
0 -180 0 180 0 0 0 180 1.09618e-13 6.55056 0 180 0 0 0 -0 0 -180
0 -180 0 -180 0 0 0 0 6.62294e-14 142.292 0 0 0 0 0 0 0 -180
0 -180 0 -180 0 0 0 180 7.46216e-14 4.47132 0 -0 0 0 0 0 0 -180
0 -180 0 0 0 -180 0 -180 0.178347 15.5379 0 -180 0 -180 0 0 0 -180
0 -180 0 0 0 -180 0 -180 1.23629 48.228 0 -180 0 -180 0 0 0 -180
inside=0 lambda=0.647 phi=20 theta=15
0 180 0 -180 0 -180 0 -0 0.12535 12.3022 0 0 0 180 0 180 0 -180
0 -180 0 -180 0 -180 0 0 1.15646 48.5383 0 0 0 -180 0 -180 0 -180
0 180 0 -180 0 0 0 -180 0.0145419 -157.884 0 0 0 -0 0 0 0 -180
0 -180 0 180 0 0 0 -180 0.0214792 -137.151 0 0 0 0 0 -0 0 -180
0 -180 0 -180 0 0 0 -180 0.0145253 -157.788 0 0 0 0 0 0 0 -180
0 -180 0 -180 0 0 0 180 0.0214334 -137.051 0 -0 0 0 0 0 0 -180
0 -180 0 0 0 -180 0 -180 0.174541 15.3575 0 -180 0 -180 0 0 0 -180
0 -180 0 0 0 -180 0 -180 1.23055 48.2469 0 -180 0 -180 0 0 0 -180
inside=0 lambda=0.647 phi=20 theta=30
0 180 0 -180 0 -180 0 -0 0.135717 13.1069 0 0 0 180 0 -180 0 -180
0 -180 0 -180 0 -180 0 0 1.1721 48.4696 0 0 0 -180 0 -180 0 -180
0 180 0 -180 0 0 0 -180 0.0251831 -157.878 0 0 0 -0 0 0 0 -180
0 -180 0 180 0 0 0 -180 0.0371806 -137.117 0 0 0 0 0 -0 0 -180
0 -180 0 -180 0 -0 0 -180 0.025167 -157.824 0 0 0 0 0 0 0 -180
0 -180 0 -180 0 0 0 180 0.037137 -137.061 0 -0 0 0 0 0 0 -180
0 180 0 0 0 180 0 -180 0.164134 14.8378 0 -180 0 -180 0 0 0 -180
0 -180 0 0 0 -180 0 -180 1.21487 48.3014 0 -180 0 -180 0 0 0 -180
inside=0 lambda=0.647 phi=20 theta=45
0 180 0 -180 0 -180 0 -0 0.149916 14.0419 0 0 0 180 0 -180 0 -180
0 -180 0 -180 0 -180 0 0 1.19348 48.382 0 0 0 -180 0 -180 0 -180
0 180 0 -180 0 0 0 -180 0.0290708 -157.858 0 0 0 -0 0 0 0 -180
0 -180 0 180 0 0 0 -180 0.0429047 -137.083 0 0 0 0 0 -0 0 -180
0 180 0 -180 0 -0 0 -180 0.0290708 -157.858 0 0 0 0 0 0 0 -180
0 -180 0 -180 0 0 0 180 0.0429047 -137.083 0 -0 0 0 0 0 0 -180
0 180 0 -0 0 180 0 -180 0.149916 14.0419 0 -180 0 -180 0 0 0 -180
0 -180 0 0 0 -180 0 -180 1.19348 48.382 0 -180 0 -180 0 0 0 -180
inside=0 lambda=0.647 phi=25 theta=0
0 180 0 180 0 -180 0 -0 0.10368 8.85315 0 0 0 180 0 180 0 -180
0 -180 0 -180 0 180 0 0 1.11936 45.0858 0 -0 0 -180 0 -180 0 180
0 180 0 -180 0 0 0 -0 2.90551e-13 20.4792 0 180 0 -0 0 0 0 -180
0 -180 0 180 0 -0 0 180 3.22524e-13 -22.291 0 180 0 0 0 -0 0 180
0 -180 0 -180 0 0 0 -0 1.77821e-13 150.288 0 180 0 0 0 0 0 -180
0 -180 0 -180 0 0 0 0 3.27448e-13 82.503 0 180 0 0 0 0 0 -180
0 -180 0 0 0 -180 0 -180 0.205336 16.1281 0 -180 0 -180 0 0 0 -180
0 -180 0 0 0 -180 0 -180 1.2667 44.487 0 -180 0 -180 0 0 0 -180
inside=0 lambda=0.647 phi=25 theta=15
0 180 0 180 0 -180 0 -0 0.110371 9.71845 0 0 0 180 0 180 0 -180
0 -180 0 -180 0 180 0 0 1.12922 45.0332 0 -0 0 -180 0 -180 0 180
0 180 0 -180 0 0 0 -180 0.0261293 -157.512 0 0 0 -0 0 0 0 -180
0 -180 0 180 0 -0 0 -180 0.0370344 -140.902 0 0 0 0 0 -0 0 180
0 -180 0 -180 0 0 0 -180 0.0260848 -157.376 0 0 0 0 0 0 0 -180
0 -180 0 -180 0 0 0 180 0.0368878 -140.755 0 -0 0 0 0 0 0 -180
0 -180 0 0 0 180 0 -180 0.198508 15.8291 0 -180 0 -180 0 0 0 -180
0 -180 0 0 0 -180 0 -180 1.2568 44.515 0 -180 0 -180 0 0 0 -180
inside=0 lambda=0.647 phi=25 theta=30
0 180 0 180 0 -180 0 -0 0.128828 11.6366 0 0 0 180 0 180 0 -180
0 -180 0 -180 0 180 0 0 1.15616 44.9012 0 -0 0 -180 0 -180 0 180
0 180 0 -180 0 0 0 -180 0.0452493 -157.53 0 0 0 -0 0 0 0 -180
0 -180 0 180 0 0 0 -180 0.0640595 -140.837 0 0 0 0 0 -0 0 180
0 -180 0 -180 0 -0 0 -180 0.0452081 -157.456 0 0 0 0 0 0 0 -180
0 -180 0 -180 0 0 0 180 0.0639319 -140.757 0 -0 0 0 0 0 0 -180
0 180 0 -0 0 180 0 -180 0.179812 14.9634 0 -180 0 -180 0 0 0 -180
0 -180 0 0 0 -180 0 -180 1.22979 44.6025 0 -180 0 -180 0 0 0 -180
inside=0 lambda=0.647 phi=25 theta=45
0 180 0 -180 0 -180 0 -0 0.154267 13.5438 0 0 0 180 0 180 0 -180
0 -180 0 -180 0 -180 0 0 1.19296 44.7416 0 0 0 -180 0 -180 0 180
0 180 0 -180 0 0 0 -180 0.0522303 -157.513 0 0 0 -0 0 0 0 -180
0 -180 0 180 0 0 0 -180 0.0738847 -140.784 0 0 0 0 0 -0 0 -180
0 180 0 -180 0 -0 0 -180 0.0522303 -157.513 0 0 0 0 0 0 0 -180
0 -180 0 -180 0 0 0 180 0.0738847 -140.784 0 -0 0 0 0 0 0 -180
0 180 0 -0 0 180 0 -180 0.154267 13.5438 0 180 0 -180 0 0 0 -180
0 -180 0 0 0 -180 0 -180 1.19296 44.7416 0 -180 0 -180 0 0 0 180
inside=0 lambda=0.647 phi=30 theta=0
0 180 0 180 0 -180 0.0188225 -113.877 0.0730176 -0.0743178 0 0 0 180 0 180 0 -180
0 -0 0 -0 0 180 0 180 1.06986 40.7066 0 -0 0 -0 0 -0 0 180
0 180 0 -180 0 0 3.92573e-13 -122.469 8.85583e-13 161.648 0 -180 0 -0 0 0 0 -180
0 -180 0 180 0 -0 0 -180 8.23061e-13 123.085 0 -180 0 0 0 -0 0 180
0 -180 0 -180 0 0 1.51995e-13 59.0578 9.0199e-13 -173.988 0 -0 0 0 0 0 0 -180
0 -180 0 -180 0 0 0 0 6.19477e-13 -93.0145 0 0 0 0 0 0 0 -180
0 -180 0 0 0 -180 0.0924655 -144.392 0.247068 16.7529 0 -180 0 -180 0 0 0 -180
0 -180 0 0 0 -180 0 -180 1.31337 39.6944 0 -180 0 -180 0 0 0 -180
inside=0 lambda=0.647 phi=30 theta=15
0 180 0 180 0 -180 0 -0 0.0842726 2.66335 0 0 0 180 0 180 0 -180
0 -0 0 -0 0 180 0 180 1.08701 40.6003 0 -0 0 -0 0 -0 0 180
0 180 0 -180 0 0 0 -180 0.045511 -157.123 0 0 0 -0 0 0 0 -180
0 -180 0 180 0 -0 0 -180 0.061459 -145.682 0 -0 0 0 0 -0 0 180
0 -180 0 -180 0 0 0 -180 0.0453735 -156.94 0 180 0 0 0 0 0 -180
0 -180 0 -180 0 0 0 180 0.0608813 -145.474 0 -0 0 0 0 0 0 -180
0 180 0 0 0 180 0 -180 0.2361 16.3505 0 -180 0 -180 0 0 0 -180
0 -180 0 0 0 -180 0 -180 1.29797 39.7214 0 -180 0 -180 0 0 0 -180
inside=0 lambda=0.647 phi=30 theta=30
0 180 0 180 0 -180 0 -0 0.115257 8.318 0 0 0 180 0 180 0 -180
0 -0 0 -180 0 180 0 0 1.13154 40.3352 0 -0 0 -180 0 -180 0 180
0 180 0 -180 0 0 0 180 0.0788135 -157.282 0 0 0 -0 0 0 0 -180
0 -180 0 180 0 -0 0 -180 0.105987 -145.535 0 -0 0 0 0 -0 0 180
0 180 0 -180 0 -0 0 -180 0.0787149 -157.193 0 180 0 0 0 0 0 -180
0 -180 0 -180 0 0 0 180 0.105645 -145.431 0 -0 0 0 0 0 0 -180
0 180 0 -0 0 180 0 -180 0.203668 14.9268 0 -180 0 -180 0 0 0 -180
0 -180 0 0 0 -180 0 -180 1.25322 39.8308 0 -180 0 -180 0 0 0 180
inside=0 lambda=0.647 phi=30 theta=45
0 180 0 -180 0 -180 0 -0 0.159215 12.4742 0 0 0 180 0 180 0 -180
0 -180 0 -180 0 180 0 0 1.19234 40.0552 0 -0 0 -180 0 -180 0 180
0 180 0 -180 0 0 0 180 0.0909627 -157.291 0 0 0 -0 0 180 0 -180
0 -180 0 180 0 -0 0 -180 0.122144 -145.457 0 -0 0 0 0 -0 0 180
0 180 0 180 0 -0 0 -180 0.0909627 -157.291 0 180 0 0 0 0 0 -180
0 -180 0 -180 0 0 0 180 0.122144 -145.457 0 -0 0 -0 0 -0 0 180
0 180 0 -0 0 180 0 -180 0.159215 12.4742 0 180 0 -180 0 0 0 -180
0 -180 0 0 0 -180 0 -180 1.19234 40.0552 0 -180 0 180 0 -0 0 180
inside=0 lambda=0.647 phi=35 theta=0
0 180 0 180 0 -180 0.0521925 -113.42 0.0346359 -66.7854 0 0 0 180 0 180 0 -180
0 -0 0 -0 0 180 0 180 0.985295 35.0657 0 -0 0 -0 0 -0 0 180
0 180 0 -180 0 0 1.06591e-12 -141.493 6.66477e-13 106.911 0 180 0 -0 0 0 0 -180
0 -0 0 180 0 -0 0 -180 1.139e-12 89.0068 0 180 0 180 0 -0 0 180
0 -180 0 -180 0 0 1.83408e-13 -163.289 2.47927e-13 141.449 0 -180 0 0 0 0 0 -180
0 -180 0 -180 0 0 0 0 1.53404e-13 134.698 0 0 0 0 0 0 0 -180
0 -180 0 0 0 -180 0.104159 -125.04 0.319455 16.8947 0 -180 0 -180 0 0 0 -180
0 -180 0 0 0 -180 0 -180 1.39199 33.3493 0 -180 0 -180 0 0 0 -180
inside=0 lambda=0.647 phi=35 theta=15
0 180 0 180 0 -180 0.0409971 -116.953 0.0411472 -35.3538 0 0 0 180 0 180 0 -180
0 -0 0 -0 0 180 0 180 1.0132 34.9041 0 -0 0 -0 0 -0 0 180
0 180 0 -180 0 0 0.00383988 145.284 0.0805122 -156.987 0 0 0 -0 0 180 0 -180
0 -180 0 180 0 -0 0 -180 0.102959 -151.188 0 -0 0 0 0 -0 0 180
0 -180 0 -180 0 -0 0.0245635 -150.636 0.0802069 -156.95 0 180 0 0 0 0 0 -180
0 -180 0 -180 0 0 0 180 0.102024 -151.548 0 -0 0 0 0 0 0 -180
0 180 0 -0 0 180 0.0949758 -132.372 0.298841 16.4004 0 -180 0 -180 0 0 0 -180
0 -180 0 0 0 -180 0 -180 1.36526 33.4218 0 -180 0 -180 0 0 0 -180
inside=0 lambda=0.647 phi=35 theta=30
0 180 0 180 0 -180 0 -0 0.0874843 -1.58271 0 0 0 180 0 180 0 -180
0 -0 0 -0 0 180 0 180 1.08945 34.4438 0 -0 0 -0 0 -0 0 180
0 180 0 -180 0 0 0 180 0.140232 -157.157 0 0 0 -0 0 180 0 -180
0 -180 0 180 0 -0 0 -180 0.177408 -151.474 0 -0 0 0 0 -0 0 180
0 180 0 180 0 -0 0 -180 0.139967 -157.065 0 180 0 0 0 0 0 -180
0 -180 0 -180 0 0 0 180 0.176438 -151.352 0 -0 0 -0 0 -0 0 180
0 180 0 -0 0 180 0 -180 0.242372 14.6034 0 180 0 -180 0 0 0 -180
0 -180 0 0 0 -180 0 -180 1.29272 33.6062 0 -180 0 180 0 -0 0 180
inside=0 lambda=0.647 phi=35 theta=45
0 180 0 180 0 -180 0 -0 0.163552 10.2094 0 0 0 180 0 180 0 -180
0 -180 0 -180 0 180 0 0 1.19097 33.9487 0 -0 0 -180 0 -180 0 180
0 180 0 -180 0 0 0 180 0.161799 -157.25 0 0 0 -0 0 180 0 -180
0 -180 0 180 0 -0 0 -180 0.20414 -151.368 0 -0 0 0 0 -0 0 180
0 180 0 180 0 -0 0 -180 0.161799 -157.25 0 180 0 0 0 0 0 -180
0 -180 0 -180 0 0 0 180 0.20414 -151.368 0 -0 0 -0 0 -0 0 180
0 180 0 -0 0 180 0 180 0.163552 10.2094 0 180 0 -180 0 0 0 -180
0 -180 0 0 0 -180 0 -180 1.19097 33.9487 0 -180 0 180 0 -0 0 180
inside=0 lambda=0.647 phi=40 theta=0
0 180 0 180 0 -180 0.0999361 -115.822 0.175058 -140.941 0 0 0 180 0 180 0 -180
0 -0 0 -0 0 180 0 180 0.798751 27.3322 0 -0 0 -0 0 -0 0 180
0 180 0 -0 0 0 8.46257e-13 44.0473 2.73579e-13 -93.9818 0 0 0 -0 0 180 0 -180
0 -0 0 180 0 -0 0 -0 7.57724e-14 45.5076 0 0 0 180 0 -0 0 180
0 -180 0 -180 0 0 2.94702e-13 -55.6381 5.47007e-13 61.6427 0 0 0 0 0 0 0 -180
0 -180 0 -180 0 0 0 -0 2.92318e-13 174.936 0 0 0 0 0 0 0 -180
0 -180 0 0 0 -180 0.124426 -113.646 0.474178 16.8873 0 -180 0 -180 0 0 0 -180
0 -180 0 0 0 -180 0 -180 1.5581 24.2272 0 -180 0 -180 0 0 0 -180
inside=0 lambda=0.647 phi=40 theta=15
0 180 0 180 0 -180 0.0801607 -120.104 0.134956 -135.618 0 0 0 180 0 180 0 -180
0 -0 0 -0 0 180 0 180 0.850824 26.9542 0 -0 0 -0 0 -0 0 180
0 180 0 -180 0 0 0.0151422 75.0059 0.161442 -156.928 0 0 0 -0 0 180 0 -180
0 -0 0 180 0 -0 0 -0 0.191681 -159.013 0 -0 0 180 0 -0 0 180
0 180 0 180 0 -0 0.0409638 -145.269 0.161026 -157.037 0 180 0 0 0 0 0 -180
0 -180 0 -180 0 0 0 180 0.190676 -159.555 0 -0 0 0 0 0 0 180
0 180 0 -0 0 180 0.106598 -120.323 0.43273 16.1803 0 -180 0 -180 0 0 0 -180
0 -180 0 0 0 -180 0 -180 1.50811 24.3044 0 -180 0 180 0 -0 0 180
inside=0 lambda=0.647 phi=40 theta=30
0 180 0 180 0 -180 0.028591 -134.586 0.0522117 -75.9614 0 0 0 180 0 180 0 -180
0 -0 0 -0 0 180 0 180 0.992621 26.0711 0 -0 0 -0 0 -0 0 180
0 180 0 -180 0 0 0.0092799 99.3195 0.281758 -157.024 0 0 0 -0 0 180 0 -180
0 -0 0 180 0 -0 0 -0 0.332051 -159.356 0 -0 0 0 0 -0 0 180
0 180 0 180 0 -0 0.0422627 -162.791 0.280873 -157.051 0 180 0 0 0 0 0 -180
0 -180 0 -180 0 0 0 180 0.329145 -159.522 0 -0 0 -0 0 -0 0 180
0 180 0 -0 0 180 0.0759871 -148.844 0.317128 13.4952 0 180 0 -180 0 0 0 -180
0 -180 0 0 0 -180 0 -180 1.37117 24.6184 0 -180 0 180 0 -0 0 180
inside=0 lambda=0.647 phi=40 theta=45
0 180 0 180 0 -180 0 -0 0.160575 3.88413 0 0 0 180 0 180 0 -180
0 -0 0 -180 0 180 0 0 1.18287 25.1206 0 -0 0 -180 0 -180 0 180
0 180 0 -180 0 0 0 180 0.325909 -157.341 0 0 0 -0 0 180 0 -180
0 -180 0 180 0 -0 0 -180 0.381008 -159.451 0 -0 0 0 0 -0 0 180
0 180 0 180 0 -0 0 -180 0.325909 -157.341 0 180 0 0 0 0 0 -180
0 -180 0 -180 0 0 0 180 0.381008 -159.451 0 -0 0 -0 0 -0 0 180
0 180 0 -0 0 180 0 180 0.160575 3.88413 0 180 0 -180 0 0 0 -180
0 -0 0 0 0 -180 0 -180 1.18287 25.1206 0 -180 0 180 0 -0 0 180
inside=0 lambda=0.647 phi=45 theta=0
0 0 0 0 0 -180 0.20311 -145.957 0.976716 151.272 0 0 0 0 0 0 0 -180
0 -180 0 -180 0 0 0 180 0 0 0 -180 0 -180 0 -180 0 0
0 0 0 -180 0 0 3.98973e-12 -41.6596 1.4375e-12 -125.386 0 -0 0 -180 0 0 0 -180
0 -180 0 0 0 -180 0 -180 0 -180 0 -0 0 0 0 -180 0 0
0 180 0 180 0 -0 9.60096e-13 52.9177 1.72339e-12 73.5207 0 -180 0 -0 0 -0 0 180
0 180 0 180 0 -0 0 -0 0 -0 0 -180 0 -0 0 -0 0 180
0 180 0 -0 0 180 0.162812 -121.112 0.988049 -13.3929 0 180 0 180 0 -0 0 180
0 180 0 -0 0 180 0 -180 0 -0 0 180 0 180 0 -0 0 180
inside=0 lambda=0.647 phi=45 theta=15
0 0 0 0 0 -180 0.147939 -153.094 0.852616 149.998 0 0 0 180 0 0 0 -180
0 -180 0 -180 0 0 0 180 0 0 0 -180 0 -180 0 -180 0 0
0 0 0 -180 0 0 0.0745914 18.8619 0.490567 159.691 0 0 0 -0 0 0 0 -180
0 -180 0 0 0 -180 0 -0 0 180 0 -0 0 0 0 -180 0 0
0 180 0 180 0 -0 0.0721868 -164.111 0.489786 159.293 0 180 0 0 0 0 0 -180
0 -180 0 -180 0 0 0 180 0 180 0 -180 0 -0 0 -0 0 180
0 180 0 -0 0 180 0.123752 -123.072 0.860822 -12.4798 0 180 0 -180 0 0 0 -180
0 -180 0 0 0 -180 0 -180 0 -0 0 -180 0 180 0 -0 0 180
inside=0 lambda=0.647 phi=45 theta=30
0 0 0 0 0 -180 0.0530061 -154.816 0.505042 143.636 0 0 0 180 0 180 0 -180
0 -180 0 -180 0 180 0 0 0 0 0 -180 0 -180 0 -180 0 0
0 0 0 -180 0 0 0.0716314 -5.62976 0.857472 159.19 0 0 0 -0 0 0 0 -180
0 -180 0 0 0 -0 0 -0 0 180 0 -0 0 0 0 -180 0 0
0 180 0 180 0 -0 0.067028 178.366 0.854599 158.998 0 180 0 0 0 0 0 -180
0 -180 0 -180 0 0 0 180 0 180 0 -180 0 -0 0 -0 0 180
0 0 0 -0 0 180 0.0653588 -126.447 0.507293 -6.68023 0 180 0 -180 0 0 0 -180
0 -180 0 0 0 -180 0 -180 0 0 0 -180 0 180 0 -0 0 0
inside=0 lambda=0.647 phi=45 theta=45
0 0 0 0 0 -180 0 -0 0.131154 68.7238 0 0 0 180 0 180 0 -180
0 -180 0 -180 0 180 0 0 0 0 0 -0 0 -180 0 -180 0 0
0 180 0 -180 0 0 0 0 0.991362 158.724 0 0 0 -0 0 0 0 -180
0 -180 0 180 0 -0 0 -180 0 180 0 -0 0 0 0 -180 0 0
0 180 0 0 0 -0 0 -180 0.991362 158.724 0 0 0 0 0 0 0 -180
0 -180 0 -180 0 0 0 180 0 180 0 -180 0 -0 0 -0 0 0
0 0 0 -0 0 180 0 0 0.131154 68.7238 0 180 0 -180 0 0 0 -180
0 -180 0 0 0 -180 0 -180 0 0 0 -180 0 180 0 -0 0 0
inside=1 lambda=0.647 phi=0 theta=0
0 -180 0 -180 0 -180 0 0 0.142069 -85.0821 0 0 0 -180 0 -180 0 -180
0 -180 0 -180 0 -180 0 0 0.820162 54.5868 0 0 0 -180 0 -180 0 -180
0 -180 0 0 0 0 0 -0 7.00081e-13 -160.691 0 0 0 0 0 0 0 -180
0 -180 0 180 0 0 0 -0 3.8281e-13 87.4346 0 0 0 0 0 180 0 -180
0 -180 0 0 0 0 0 -0 1.39888e-13 -33.3225 0 -0 0 0 0 0 0 -180
0 -180 0 0 0 0 0 -180 5.15888e-13 -14.4125 0 -180 0 0 0 0 0 -180
0 -180 0 0 0 -180 0 -180 0.142069 -85.0821 0 -180 0 -180 0 0 0 -180
0 -180 0 0 0 -180 0 -180 0.820162 54.5868 0 -180 0 -180 0 0 0 -180
inside=1 lambda=0.647 phi=0 theta=15
0 -180 0 -180 0 -180 0 0 0.142069 -85.0821 0 0 0 -180 0 -180 0 -180
0 -180 0 -180 0 -180 0 0 0.820162 54.5868 0 0 0 -180 0 -180 0 -180
0 -180 0 0 0 0 0 -0 7.00081e-13 -160.691 0 0 0 0 0 0 0 -180
0 -180 0 180 0 0 0 -0 3.8281e-13 87.4346 0 0 0 0 0 180 0 -180
0 -180 0 0 0 0 0 -0 1.39888e-13 -33.3225 0 -0 0 0 0 0 0 -180
0 -180 0 0 0 0 0 -180 5.15888e-13 -14.4125 0 -180 0 0 0 0 0 -180
0 -180 0 0 0 -180 0 -180 0.142069 -85.0821 0 -180 0 -180 0 0 0 -180
0 -180 0 0 0 -180 0 -180 0.820162 54.5868 0 -180 0 -180 0 0 0 -180
inside=1 lambda=0.647 phi=0 theta=30
0 -180 0 -180 0 -180 0 0 0.142069 -85.0821 0 0 0 -180 0 -180 0 -180
0 -180 0 -180 0 -180 0 0 0.820162 54.5868 0 0 0 -180 0 -180 0 -180
0 -180 0 0 0 0 0 -0 7.00081e-13 -160.691 0 0 0 0 0 0 0 -180
0 -180 0 180 0 0 0 -0 3.8281e-13 87.4346 0 0 0 0 0 180 0 -180
0 -180 0 0 0 0 0 -0 1.39888e-13 -33.3225 0 -0 0 0 0 0 0 -180
0 -180 0 0 0 0 0 -180 5.15888e-13 -14.4125 0 -180 0 0 0 0 0 -180
0 -180 0 0 0 -180 0 -180 0.142069 -85.0821 0 -180 0 -180 0 0 0 -180
0 -180 0 0 0 -180 0 -180 0.820162 54.5868 0 -180 0 -180 0 0 0 -180
inside=1 lambda=0.647 phi=0 theta=45
0 -180 0 -180 0 -180 0 0 0.142069 -85.0821 0 0 0 -180 0 -180 0 -180
0 -180 0 -180 0 -180 0 0 0.820162 54.5868 0 0 0 -180 0 -180 0 -180
0 -180 0 0 0 0 0 -0 7.00081e-13 -160.691 0 0 0 0 0 0 0 -180
0 -180 0 180 0 0 0 -0 3.8281e-13 87.4346 0 0 0 0 0 180 0 -180
0 -180 0 0 0 0 0 -0 1.39888e-13 -33.3225 0 -0 0 0 0 0 0 -180
0 -180 0 0 0 0 0 -180 5.15888e-13 -14.4125 0 -180 0 0 0 0 0 -180
0 -180 0 0 0 -180 0 -180 0.142069 -85.0821 0 -180 0 -180 0 0 0 -180
0 -180 0 0 0 -180 0 -180 0.820162 54.5868 0 -180 0 -180 0 0 0 -180
inside=1 lambda=0.647 phi=5 theta=0
0 -180 0 -180 0 -180 0 0 0.141625 -85.3992 0 0 0 -180 0 -180 0 -180
0 -180 0 -180 0 -180 0 0 0.821043 54.4117 0 0 0 -180 0 -180 0 -180
0 -180 0 -0 0 0 0 180 2.22651e-13 -127.082 0 0 0 0 0 180 0 -180
0 -180 0 180 0 0 0 180 9.24189e-14 -128.837 0 0 0 0 0 -0 0 -180
0 -180 0 -180 0 0 0 0 2.95454e-15 -79.968 0 0 0 0 0 0 0 -180
0 -180 0 -180 0 0 0 0 1.30863e-13 -178.523 0 0 0 0 0 0 0 -180
0 -180 0 0 0 -180 0 -180 0.142971 -85.4907 0 -180 0 -180 0 0 0 -180
0 -180 0 0 0 -180 0 -180 0.819227 54.4038 0 -180 0 -180 0 0 0 -180
inside=1 lambda=0.647 phi=5 theta=15
0 -180 0 -180 0 -180 0 0 0.141715 -85.4054 0 0 0 -180 0 -180 0 -180
0 -180 0 -180 0 -180 0 0 0.820922 54.4112 0 0 0 -180 0 -180 0 -180
0 -180 0 -0 0 0 0 -180 0.000345821 85.7262 0 0 0 0 0 180 0 -180
0 -180 0 180 0 0 0 -180 0.000456025 58.7221 0 0 0 0 0 -0 0 -180
0 -180 0 -180 0 0 0 -0 0.00034579 85.7213 0 180 0 0 0 0 0 -180
0 -180 0 -180 0 0 0 180 0.000455999 58.718 0 -0 0 0 0 0 0 -180
0 -180 0 0 0 -180 0 -180 0.142881 -85.4847 0 -180 0 -180 0 0 0 -180
0 -180 0 0 0 -180 0 -180 0.819349 54.4044 0 -180 0 -180 0 0 0 -180
inside=1 lambda=0.647 phi=5 theta=30
0 -180 0 -180 0 -180 0 0 0.141962 -85.4222 0 0 0 -180 0 -180 0 -180
0 -180 0 -180 0 -180 0 0 0.820589 54.4098 0 0 0 -180 0 -180 0 -180
0 -180 0 -0 0 0 0 -180 0.000598968 85.7252 0 0 0 0 0 180 0 -180
0 -180 0 180 0 0 0 -180 0.00078985 58.7213 0 0 0 0 0 -0 0 -180
0 -180 0 -180 0 0 0 -0 0.000598937 85.7223 0 180 0 0 0 0 0 -180
0 -180 0 -180 0 0 0 180 0.000789823 58.7189 0 -0 0 0 0 0 0 -180
0 -180 0 0 0 -180 0 -180 0.142634 -85.468 0 -180 0 -180 0 0 0 -180
0 -180 0 0 0 -180 0 -180 0.819681 54.4058 0 -180 0 -180 0 0 0 -180
inside=1 lambda=0.647 phi=5 theta=45
0 -180 0 -180 0 -180 0 0 0.142298 -85.4452 0 0 0 -180 0 -180 0 -180
0 -180 0 -180 0 -180 0 0 0.820135 54.4078 0 0 0 -180 0 -180 0 -180
0 -180 0 -0 0 0 0 -180 0.000691611 85.7237 0 0 0 0 0 180 0 -180
0 -180 0 180 0 0 0 -180 0.000912025 58.7201 0 0 0 0 0 -0 0 -180
0 -180 0 -180 0 0 0 -0 0.000691611 85.7237 0 180 0 0 0 0 0 -180
0 -180 0 -180 0 0 0 180 0.000912025 58.7201 0 -0 0 0 0 0 0 -180
0 -180 0 0 0 -180 0 -180 0.142298 -85.4452 0 -180 0 -180 0 0 0 -180
0 -180 0 0 0 -180 0 -180 0.820135 54.4078 0 -180 0 -180 0 0 0 -180
inside=1 lambda=0.647 phi=10 theta=0
0 180 0 -180 0 -180 0 -0 0.140251 -86.3371 0 0 0 180 0 -180 0 -180
0 -180 0 -180 0 -180 0 0 0.823728 53.8889 0 0 0 -180 0 -180 0 -180
0 180 0 -0 0 0 0 -0 8.49201e-14 -19.3794 0 180 0 -0 0 180 0 -180
0 -180 0 180 0 0 0 180 1.54507e-13 143.802 0 180 0 0 0 -0 0 -180
0 -180 0 -180 0 0 0 0 1.9351e-13 -63.7467 0 0 0 0 0 0 0 -180
0 -180 0 -180 0 0 0 0 2.84247e-13 142.736 0 -0 0 0 0 0 0 -180
0 -180 0 0 0 -180 0 -180 0.145712 -86.7107 0 -180 0 -180 0 0 0 -180
0 -180 0 0 0 -180 0 -180 0.816389 53.8567 0 -180 0 -180 0 0 0 -180
inside=1 lambda=0.647 phi=10 theta=15
0 180 0 -180 0 -180 0 -0 0.140617 -86.3629 0 0 0 180 0 -180 0 -180
0 -180 0 -180 0 -180 0 0 0.823236 53.8867 0 0 0 -180 0 -180 0 -180
0 180 0 -0 0 0 0 -180 0.00140382 84.5428 0 0 0 -0 0 180 0 -180
0 -180 0 180 0 0 0 -180 0.00184268 58.2052 0 0 0 0 0 -0 0 -180
0 -180 0 -180 0 0 0 -0 0.00140333 84.5233 0 180 0 0 0 0 0 -180
0 -180 0 -180 0 0 0 180 0.00184226 58.189 0 -0 0 0 0 0 0 -180
0 -180 0 0 0 -180 0 -180 0.145346 -86.6865 0 -180 0 -180 0 0 0 -180
0 -180 0 0 0 -180 0 -180 0.816881 53.8589 0 -180 0 -180 0 0 0 -180
inside=1 lambda=0.647 phi=10 theta=30
0 180 0 -180 0 -180 0 0 0.141616 -86.4329 0 0 0 180 0 -180 0 -180
0 -180 0 -180 0 -180 0 0 0.821893 53.8809 0 0 0 -180 0 -180 0 -180
0 180 0 -0 0 0 0 -180 0.00243131 84.5388 0 0 0 -0 0 180 0 -180
0 -180 0 180 0 0 0 -180 0.00319146 58.2016 0 0 0 0 0 -0 0 -180
0 -180 0 -180 0 0 0 -0 0.00243081 84.5276 0 180 0 0 0 0 0 -180
0 -180 0 -180 0 0 0 180 0.00319103 58.1922 0 -0 0 0 0 0 0 -180
0 -180 0 0 0 180 0 -180 0.144347 -86.6197 0 -180 0 -180 0 0 0 -180
0 -180 0 0 0 -180 0 -180 0.818224 53.8648 0 -180 0 -180 0 0 0 -180
inside=1 lambda=0.647 phi=10 theta=45
0 180 0 -180 0 -180 0 0 0.142981 -86.5271 0 0 0 180 0 -180 0 -180
0 -180 0 -180 0 -180 0 0 0.820058 53.8728 0 0 0 -180 0 -180 0 -180
0 -180 0 -0 0 0 0 -180 0.00280715 84.5332 0 0 0 -0 0 180 0 -180
0 -180 0 180 0 0 0 -180 0.00368493 58.1968 0 0 0 0 0 -0 0 -180
0 -180 0 -180 0 -0 0 -0 0.00280715 84.5332 0 180 0 0 0 0 0 -180
0 -180 0 -180 0 0 0 180 0.00368493 58.1968 0 -0 0 0 0 0 0 -180
0 180 0 0 0 180 0 -180 0.142981 -86.5271 0 -180 0 -180 0 0 0 -180
0 -180 0 0 0 -180 0 -180 0.820058 53.8728 0 -180 0 -180 0 0 0 -180
inside=1 lambda=0.647 phi=15 theta=0
0 180 0 -180 0 -180 0 -0 0.137817 -87.8542 0 0 0 180 0 -180 0 -180
0 -180 0 -180 0 -180 0 0 0.828339 53.0248 0 0 0 -180 0 -180 0 -180
0 180 0 -0 0 0 0 -0 2.30374e-13 -134.829 0 -180 0 -0 0 180 0 -180
0 -180 0 180 0 0 0 -0 1.70883e-13 -138.836 0 -180 0 0 0 -0 0 -180
0 -180 0 -180 0 0 0 0 3.67679e-13 39.9345 0 0 0 0 0 0 0 -180
0 -180 0 -180 0 0 0 0 4.20013e-13 -18.676 0 0 0 0 0 0 0 -180
0 -180 0 0 0 -180 0 -180 0.150408 -88.7243 0 -180 0 -180 0 0 0 -180
0 -180 0 0 0 -180 0 -180 0.811547 52.9505 0 -180 0 -180 0 0 0 -180
inside=1 lambda=0.647 phi=15 theta=15
0 180 0 -180 0 -180 0 -0 0.13866 -87.917 0 0 0 180 0 -180 0 -180
0 -180 0 -180 0 -180 0 0 0.827214 53.0199 0 0 0 -180 0 -180 0 -180
0 180 0 -0 0 0 0 -180 0.00323705 82.5962 0 0 0 -0 0 180 0 -180
0 -180 0 180 0 0 0 -180 0.00421702 57.3485 0 0 0 0 0 -0 0 -180
0 -180 0 -180 0 0 0 -0 0.00323457 82.5533 0 180 0 0 0 0 0 -180
0 -180 0 -180 0 0 0 180 0.00421482 57.3127 0 -0 0 0 0 0 0 -180
0 -180 0 0 0 -180 0 -180 0.149564 -88.6701 0 -180 0 -180 0 0 0 -180
0 -180 0 0 0 -180 0 -180 0.812672 52.9555 0 -180 0 -180 0 0 0 -180
inside=1 lambda=0.647 phi=15 theta=30
0 180 0 -180 0 -180 0 -0 0.140964 -88.085 0 0 0 180 0 -180 0 -180
0 -180 0 -180 0 -180 0 0 0.824141 53.0063 0 0 0 -180 0 -180 0 -180
0 180 0 -0 0 0 0 -180 0.00560585 82.5876 0 0 0 -0 0 180 0 -180
0 -180 0 180 0 0 0 -180 0.00730326 57.3398 0 0 0 0 0 -0 0 -180
0 180 0 -180 0 -0 0 -0 0.00560337 82.5629 0 180 0 0 0 0 0 -180
0 -180 0 -180 0 0 0 180 0.00730107 57.3192 0 -0 0 0 0 0 0 -180
0 180 0 0 0 180 0 -180 0.147259 -88.5194 0 -180 0 -180 0 0 0 -180
0 -180 0 0 0 -180 0 -180 0.815744 52.9691 0 -180 0 -180 0 0 0 -180
inside=1 lambda=0.647 phi=15 theta=45
0 180 0 -180 0 -180 0 -0 0.144111 -88.3064 0 0 0 180 0 -180 0 -180
0 -180 0 -180 0 -180 0 0 0.819942 52.9877 0 0 0 -180 0 -180 0 -180
0 180 0 -0 0 0 0 -180 0.00647166 82.5755 0 0 0 -0 0 180 0 -180
0 -180 0 180 0 0 0 -180 0.0084318 57.329 0 0 0 0 0 -0 0 -180
0 180 0 -180 0 -0 0 -0 0.00647166 82.5755 0 180 0 0 0 0 0 -180
0 -180 0 -180 0 0 0 180 0.0084318 57.329 0 -0 0 0 0 0 0 -180
0 180 0 -0 0 180 0 -180 0.144111 -88.3064 0 -180 0 -180 0 0 0 -180
0 -180 0 0 0 -180 0 -180 0.819942 52.9877 0 -180 0 -180 0 0 0 -180
inside=1 lambda=0.647 phi=20 theta=0
0 180 0 180 0 -180 0 -0 0.1341 -89.8768 0 0 0 180 0 180 0 -180
0 -180 0 -180 0 -180 0 0 0.835097 51.8306 0 0 0 -180 0 -180 0 -180
0 180 0 -0 0 0 0 -0 6.91451e-14 57.9369 0 180 0 -0 0 180 0 -180
0 -180 0 180 0 0 0 -0 1.62017e-13 -54.7809 0 0 0 0 0 -0 0 -180
0 -180 0 -180 0 0 0 180 1.61155e-13 141.888 0 180 0 0 0 0 0 -180
0 -180 0 -180 0 0 0 180 8.29209e-14 26.6181 0 -180 0 0 0 0 0 -180
0 -180 0 0 0 -180 0 -180 0.157255 -91.5027 0 -180 0 -180 0 0 0 -180
0 -180 0 0 0 -180 0 -180 0.804526 51.6936 0 -180 0 -180 0 0 0 -180
inside=1 lambda=0.647 phi=20 theta=15
0 180 0 180 0 -180 0 -0 0.135649 -90.0017 0 0 0 180 0 180 0 -180
0 -180 0 -180 0 -180 0 0 0.833048 51.8215 0 0 0 -180 0 -180 0 -180
0 180 0 -0 0 0 0 180 0.0059555 79.9231 0 0 0 -0 0 180 0 -180
0 -180 0 180 0 0 0 -180 0.00767866 56.1592 0 0 0 0 0 -0 0 -180
0 -180 0 -180 0 -0 0 -0 0.00594774 79.8491 0 180 0 0 0 0 0 -180
0 -180 0 -180 0 0 0 180 0.00767146 56.097 0 -0 0 0 0 0 0 -180
0 -180 0 0 0 180 0 -180 0.155703 -91.4074 0 -180 0 -180 0 0 0 -180
0 -180 0 0 0 -180 0 -180 0.806573 51.7028 0 -180 0 -180 0 0 0 -180
inside=1 lambda=0.647 phi=20 theta=30
0 180 0 -180 0 -180 0 -0 0.139883 -90.3296 0 0 0 180 0 180 0 -180
0 -180 0 -180 0 -180 0 0 0.827452 51.7966 0 0 0 -180 0 -180 0 -180
0 180 0 -0 0 0 0 180 0.0103125 79.9091 0 0 0 -0 0 180 0 -180
0 -180 0 180 0 0 0 -180 0.013297 56.1426 0 0 0 0 0 -0 0 -180
0 180 0 -180 0 -0 0 -0 0.0103048 79.8666 0 180 0 0 0 0 0 -180
0 -180 0 -180 0 0 0 180 0.0132899 56.1068 0 -0 0 0 0 0 0 -180
0 180 0 -0 0 180 0 -180 0.151463 -91.1385 0 -180 0 -180 0 0 0 -180
0 -180 0 0 0 -180 0 -180 0.812167 51.728 0 -180 0 -180 0 0 0 -180
inside=1 lambda=0.647 phi=20 theta=45
0 180 0 -180 0 -180 0 -0 0.145671 -90.7488 0 0 0 180 0 -180 0 -180
0 -180 0 -180 0 -180 0 0 0.819809 51.7624 0 0 0 -180 0 -180 0 -180
0 180 0 -0 0 0 0 180 0.0119035 79.8887 0 0 0 -0 0 180 0 -180
0 -180 0 180 0 0 0 -180 0.0153499 56.123 0 0 0 0 0 -0 0 -180
0 180 0 180 0 -0 0 -0 0.0119035 79.8887 0 180 0 0 0 0 0 -180
0 -180 0 -180 0 0 0 180 0.0153499 56.123 0 -0 0 0 0 0 0 -180
0 180 0 -0 0 180 0 -180 0.145671 -90.7488 0 -180 0 -180 0 0 0 -180
0 -180 0 0 0 -180 0 -180 0.819809 51.7624 0 -180 0 -180 0 0 0 -180
inside=1 lambda=0.647 phi=25 theta=0
0 180 0 180 0 -180 0 -0 0.128767 -92.2892 0 0 0 180 0 180 0 -180
0 -180 0 -180 0 180 0 0 0.844329 50.3217 0 0 0 -180 0 -180 0 180
0 180 0 -0 0 0 0 180 2.20552e-13 40.5223 0 -0 0 -0 0 180 0 -180
0 -180 0 180 0 0 0 -180 1.49201e-13 24.4438 0 -0 0 0 0 -0 0 -180
0 -180 0 -180 0 0 0 180 1.36406e-13 82.9372 0 -0 0 0 0 0 0 -180
0 -180 0 -180 0 0 0 -0 1.48918e-13 24.5506 0 180 0 0 0 0 0 -180
0 -180 0 0 0 -180 0 -180 0.166544 -95.0068 0 -180 0 -180 0 0 0 -180
0 -180 0 0 0 -180 0 -180 0.795069 50.0978 0 -180 0 -180 0 0 0 -180
inside=1 lambda=0.647 phi=25 theta=15
0 180 0 180 0 -180 0 -0 0.131289 -92.517 0 0 0 180 0 180 0 -180
0 -180 0 -180 0 180 0 0 0.841027 50.3069 0 0 0 -180 0 -180 0 180
0 180 0 -0 0 0 0 180 0.00972374 76.5718 0 0 0 -0 0 180 0 -180
0 -180 0 180 0 0 0 -180 0.012377 54.6479 0 0 0 0 0 -0 0 -180
0 180 0 -180 0 -0 0 -0 0.00970481 76.4606 0 180 0 0 0 0 0 -180
0 -180 0 -180 0 0 0 180 0.0123585 54.5534 0 -0 0 0 0 0 0 -180
0 180 0 -0 0 180 0 -180 0.16401 -94.8603 0 -180 0 -180 0 0 0 -180
0 -180 0 0 0 -180 0 -180 0.798367 50.113 0 -180 0 -180 0 0 0 -180
inside=1 lambda=0.647 phi=25 theta=30
0 180 0 180 0 -180 0 -0 0.138189 -93.0982 0 0 0 180 0 180 0 -180
0 -180 0 -180 0 180 0 0 0.832008 50.2662 0 0 0 -180 0 -180 0 180
0 180 0 -0 0 0 0 180 0.0168356 76.5527 0 0 0 -0 0 180 0 -180
0 -180 0 180 0 0 0 -180 0.02143 54.6191 0 0 0 0 0 -0 0 -180
0 180 0 180 0 -0 0 -0 0.0168168 76.4892 0 180 0 0 0 0 0 -180
0 -180 0 -180 0 0 0 180 0.0214119 54.5652 0 -0 0 0 0 0 0 -180
0 180 0 -0 0 180 0 -180 0.157086 -94.4396 0 -180 0 -180 0 0 0 -180
0 -180 0 0 0 -180 0 -180 0.807378 50.1543 0 -180 0 -180 0 0 0 -180
inside=1 lambda=0.647 phi=25 theta=45
0 180 0 -180 0 -180 0 -0 0.147632 -93.8086 0 0 0 180 0 180 0 -180
0 -180 0 -180 0 -180 0 0 0.819691 50.2105 0 0 0 -180 0 -180 0 -180
0 180 0 -0 0 0 0 180 0.0194296 76.5233 0 0 0 -0 0 180 0 -180
0 -180 0 180 0 0 0 -180 0.0247345 54.588 0 0 0 0 0 -0 0 -180
0 180 0 180 0 -0 0 -0 0.0194296 76.5233 0 180 0 0 0 0 0 -180
0 -180 0 -180 0 0 0 180 0.0247345 54.588 0 -0 0 0 0 0 0 -180
0 180 0 -0 0 180 0 -180 0.147632 -93.8086 0 180 0 -180 0 0 0 -180
0 -180 0 0 0 -180 0 -180 0.819691 50.2105 0 -180 0 -180 0 0 0 -180
inside=1 lambda=0.647 phi=30 theta=0
0 180 0 180 0 -180 0 -0 0.121359 -94.9101 0 0 0 180 0 180 0 -180
0 -0 0 -180 0 180 0 0 0.856502 48.5181 0 -0 0 -0 0 -180 0 180
0 180 0 -0 0 0 0 -180 2.39204e-13 -19.1132 0 -180 0 -0 0 180 0 -180
0 -180 0 180 0 -0 0 180 2.4051e-13 127.324 0 -0 0 0 0 -0 0 180
0 -180 0 -180 0 0 0 -0 2.40032e-13 -25.8549 0 0 0 0 0 0 0 -180
0 -180 0 -180 0 0 0 180 2.25129e-13 143.873 0 0 0 0 0 0 0 -180
0 -180 0 0 0 -180 0 -180 0.178674 -99.1894 0 -180 0 -180 0 0 0 -180
0 -180 0 0 0 -180 0 -180 0.782815 48.1785 0 -180 0 -180 0 0 0 -180
inside=1 lambda=0.647 phi=30 theta=15
0 180 0 180 0 -180 0 -0 0.12517 -95.3128 0 0 0 180 0 180 0 -180
0 -180 0 -180 0 180 0 0 0.851562 48.4956 0 -0 0 -0 0 -180 0 180
0 180 0 -0 0 0 0 180 0.0147721 72.5995 0 0 0 -0 0 180 0 -180
0 -180 0 180 0 -0 0 -180 0.0185224 52.8285 0 -0 0 0 0 -0 0 180
0 180 0 -180 0 -0 0 -0 0.0147324 72.4464 0 180 0 0 0 0 0 -180
0 -180 0 -180 0 0 0 180 0.0184814 52.6967 0 -0 0 0 0 0 0 -180
0 180 0 -0 0 180 0 -180 0.174825 -98.9827 0 -180 0 -180 0 0 0 -180
0 -180 0 0 0 -180 0 -180 0.787747 48.2016 0 -180 0 -180 0 0 0 -180
inside=1 lambda=0.647 phi=30 theta=30
0 180 0 180 0 -180 0 -0 0.135617 -96.2997 0 0 0 180 0 180 0 -180
0 -180 0 -180 0 180 0 0 0.838069 48.4342 0 -0 0 -180 0 -180 0 180
0 180 0 -0 0 0 0 180 0.025573 72.5771 0 0 0 -0 0 180 0 -180
0 -180 0 180 0 0 0 -180 0.0320638 52.7819 0 0 0 0 0 -0 0 -180
0 180 0 180 0 -0 0 -0 0.0255342 72.4908 0 180 0 0 0 0 0 -180
0 -180 0 -180 0 0 0 180 0.0320245 52.7074 0 -0 0 0 0 0 0 -180
0 180 0 -0 0 180 0 -180 0.164305 -98.378 0 180 0 -180 0 0 0 -180
0 -180 0 0 0 -180 0 -180 0.801226 48.2646 0 -180 0 -180 0 0 0 -180
inside=1 lambda=0.647 phi=30 theta=45
0 180 0 180 0 -180 0 -0 0.149943 -97.432 0 0 0 180 0 180 0 -180
0 -180 0 -180 0 180 0 0 0.819644 48.3499 0 0 0 -180 0 -180 0 180
0 180 0 -0 0 0 0 180 0.0295078 72.5391 0 0 0 -0 0 180 0 -180
0 -180 0 180 0 0 0 -180 0.0370003 52.7362 0 0 0 0 0 -0 0 -180
0 180 0 180 0 -0 0 -0 0.0295078 72.5391 0 180 0 0 0 0 0 -180
0 -180 0 -180 0 0 0 180 0.0370003 52.7362 0 -0 0 0 0 0 0 -180
0 180 0 -0 0 180 0 180 0.149943 -97.432 0 180 0 -180 0 0 0 -180
0 -180 0 0 0 -180 0 -180 0.819644 48.3499 0 -180 0 180 0 0 0 180
inside=1 lambda=0.647 phi=35 theta=0
0 180 0 180 0 -180 0 -0 0.111283 -97.4352 0 0 0 180 0 180 0 -180
0 -0 0 -180 0 180 0 0 0.87226 46.4446 0 -0 0 -0 0 -180 0 180
0 180 0 -0 0 0 0 -180 3.14294e-13 179.666 0 0 0 -0 0 180 0 -180
0 -180 0 180 0 -0 0 -180 6.22902e-14 -147.204 0 0 0 0 0 -0 0 180
0 -180 0 -180 0 0 0 180 1.93263e-13 152.015 0 0 0 0 0 0 0 -180
0 -180 0 -180 0 0 0 -0 1.71025e-13 -40.0677 0 -0 0 0 0 0 0 -180
0 -180 0 0 0 -180 0 -180 0.19417 -103.997 0 -180 0 -180 0 0 0 -180
0 -180 0 0 0 -180 0 -180 0.767287 45.9548 0 -180 0 -180 0 0 0 -180
inside=1 lambda=0.647 phi=35 theta=15
0 180 0 180 0 -180 0 -0 0.116752 -98.154 0 0 0 180 0 180 0 -180
0 -0 0 -180 0 180 0 0 0.865221 46.4118 0 -0 0 -0 0 -180 0 180
0 180 0 -0 0 0 0 180 0.0214127 68.0683 0 0 0 -0 0 180 0 -180
0 -180 0 180 0 -0 0 -180 0.0264026 50.7198 0 -0 0 0 0 -0 0 180
0 180 0 180 0 -0 0 -0 0.0213365 67.8702 0 180 0 0 0 0 0 -180
0 -180 0 -180 0 0 0 180 0.0263187 50.5459 0 -0 0 0 0 0 0 -180
0 180 0 -0 0 180 0 -180 0.188593 -103.723 0 180 0 -180 0 0 0 -180
0 -180 0 0 0 -180 0 -180 0.774312 45.9882 0 -180 0 -180 0 0 0 -180
inside=1 lambda=0.647 phi=35 theta=30
0 180 0 180 0 -180 0 -0 0.131804 -99.8145 0 0 0 180 0 180 0 -180
0 -180 0 -180 0 180 0 0 0.845995 46.3234 0 -0 0 -0 0 -180 0 180
0 180 0 -0 0 0 0 180 0.0370635 68.0471 0 0 0 -0 0 180 0 -180
0 -180 0 180 0 -0 0 -180 0.0456904 50.6465 0 -0 0 0 0 -0 0 180
0 180 0 180 0 -0 0 -0 0.036991 67.9376 0 180 0 0 0 0 0 -180
0 -180 0 -180 0 0 0 180 0.0456133 50.5501 0 -0 0 0 0 0 0 -180
0 180 0 -0 0 180 0 -180 0.173344 -102.905 0 180 0 -180 0 0 0 -180
0 -180 0 0 0 -180 0 -180 0.79351 46.0795 0 -180 0 180 0 0 0 180
inside=1 lambda=0.647 phi=35 theta=45
0 180 0 180 0 -180 0 -0 0.152528 -101.56 0 0 0 180 0 180 0 -180
0 -180 0 -180 0 180 0 0 0.819746 46.2025 0 -0 0 -180 0 -180 0 180
0 180 0 -0 0 0 0 180 0.0427579 68.0024 0 0 0 -0 0 180 0 -180
0 -180 0 180 0 -0 0 -180 0.0527112 50.5827 0 -0 0 0 0 -0 0 180
0 180 0 180 0 -0 0 -0 0.0427579 68.0024 0 180 0 0 0 0 0 -180
0 -180 0 -180 0 0 0 180 0.0527112 50.5827 0 -0 0 -0 0 -0 0 180
0 180 0 -0 0 180 0 180 0.152528 -101.56 0 180 0 -180 0 0 0 -180
0 -180 0 0 0 -180 0 -180 0.819746 46.2025 0 -180 0 180 0 -0 0 180
inside=1 lambda=0.647 phi=40 theta=0
0 180 0 180 0 -180 0 -0 0.0978414 -99.2821 0 0 0 180 0 180 0 -180
0 -0 0 -180 0 180 0 0 0.892476 44.1324 0 -0 0 -0 0 -180 0 180
0 180 0 -0 0 0 0 0 2.0957e-13 -58.1054 0 0 0 -0 0 180 0 -180
0 -180 0 180 0 -0 0 0 1.60743e-13 -60.6375 0 180 0 0 0 -0 0 180
0 -180 0 -180 0 0 0 -0 4.3356e-14 -0.256353 0 180 0 0 0 0 0 -180
0 -180 0 -180 0 0 0 180 1.03925e-13 -160.629 0 0 0 0 0 0 0 -180
0 -180 0 0 0 -180 0 -180 0.213703 -109.377 0 -180 0 -180 0 0 0 -180
0 -180 0 0 0 -180 0 -180 0.747858 43.4515 0 -180 0 -180 0 0 0 -180
inside=1 lambda=0.647 phi=40 theta=15
0 180 0 180 0 -180 0 -0 0.105359 -100.628 0 0 0 180 0 180 0 -180
0 -0 0 -180 0 180 0 0 0.882775 44.0849 0 -0 0 -0 0 -180 0 180
0 180 0 -0 0 0 0 180 0.0300612 63.0407 0 0 0 -0 0 180 0 -180
0 -180 0 180 0 -0 0 -180 0.0364079 48.3474 0 -0 0 0 0 -0 0 180
0 180 0 180 0 -0 0 -0 0.0299208 62.7949 0 0 0 0 0 0 0 -180
0 -180 0 -180 0 0 0 180 0.0362419 48.126 0 -0 0 0 0 0 0 -180
0 180 0 -0 0 180 0 -180 0.205889 -109.026 0 180 0 -180 0 0 0 -180
0 -180 0 0 0 -180 0 -180 0.757533 43.4967 0 -180 0 -180 0 0 0 -180
inside=1 lambda=0.647 phi=40 theta=30
0 180 0 180 0 -180 0 -0 0.126264 -103.479 0 0 0 180 0 180 0 -180
0 -180 0 -180 0 180 0 0 0.856284 43.9613 0 -0 0 -0 0 -180 0 180
0 180 0 -0 0 0 0 180 0.0520231 63.0303 0 0 0 -0 0 180 0 -180
0 -180 0 180 0 -0 0 -180 0.06297 48.2322 0 -0 0 0 0 -0 0 180
0 180 0 180 0 -0 0 -0 0.0518959 62.8989 0 0 0 0 0 0 0 -180
0 -180 0 -180 0 0 0 180 0.0628289 48.1133 0 -0 0 -0 0 -0 0 180
0 180 0 -0 0 180 0 180 0.184484 -107.97 0 180 0 -180 0 0 0 -180
0 -180 0 0 0 -180 0 -180 0.783976 43.6234 0 -180 0 180 0 -0 0 180
inside=1 lambda=0.647 phi=40 theta=45
0 180 0 180 0 -180 0 -0 0.155267 -106.13 0 0 0 180 0 180 0 -180
0 -180 0 -180 0 180 0 0 0.820119 43.7943 0 -0 0 -0 0 -180 0 180
0 180 0 -0 0 0 0 180 0.0600032 62.9827 0 0 0 -0 0 180 0 -180
0 -180 0 180 0 -0 0 -180 0.0726223 48.1463 0 -0 0 0 0 -0 0 180
0 180 0 180 0 -0 0 -0 0.0600032 62.9827 0 180 0 0 0 0 0 -180
0 -180 0 -180 0 0 0 180 0.0726223 48.1463 0 -0 0 -0 0 -0 0 180
0 180 0 -0 0 180 0 180 0.155267 -106.13 0 180 0 -180 0 0 0 -180
0 -180 0 0 0 -0 0 -180 0.820119 43.7943 0 -180 0 180 0 -0 0 180
inside=1 lambda=0.647 phi=45 theta=0
0 180 0 180 0 -180 0 -0 0.080797 -98.9164 0 0 0 180 0 180 0 -180
0 -0 0 -180 0 180 0.00811036 -9.01024 0.917982 41.639 0 -0 0 -0 0 -180 0 180
0 180 0 -0 0 0 0 -0 2.50093e-13 -137.188 0 -0 0 -0 0 180 0 -180
0 -180 0 180 0 -0 6.21806e-14 173.564 2.51766e-13 -145.49 0 -180 0 0 0 -0 0 180
0 -180 0 -180 0 -0 0 180 1.25031e-13 -161.23 0 180 0 0 0 0 0 180
0 -180 0 -180 0 0 3.49208e-14 -55.3148 9.58184e-14 153.006 0 -180 0 0 0 0 0 -180
0 -180 0 0 0 180 0 -180 0.238213 -115.375 0 -180 0 -180 0 0 0 180
0 -180 0 0 0 -180 0.0545272 -156.566 0.723475 40.7222 0 -180 0 -180 0 0 0 -180
inside=1 lambda=0.647 phi=45 theta=15
0 180 0 180 0 -180 0 -0 0.0902711 -101.881 0 0 0 180 0 180 0 -180
0 -0 0 -180 0 180 0 0 0.905267 41.5527 0 -0 0 -0 0 -180 0 180
0 180 0 -0 0 0 0 180 0.0412693 57.5676 0 0 0 -0 0 180 0 -180
0 -180 0 180 0 -0 0 -180 0.0490787 45.7559 0 -0 0 0 0 -0 0 180
0 180 0 180 0 -0 0 -0 0.0410033 57.2688 0 0 0 0 0 0 0 -180
0 -180 0 -180 0 0 0 180 0.0487348 45.4774 0 -0 0 0 0 0 0 -180
0 180 0 -0 0 180 0 -180 0.227419 -114.843 0 180 0 -180 0 0 0 -180
0 -180 0 0 0 -180 0 -180 0.736742 40.7591 0 -180 0 180 0 0 0 180
inside=1 lambda=0.647 phi=45 theta=30
0 180 0 180 0 -180 0 -0 0.118356 -107.05 0 0 0 180 0 180 0 -180
0 -180 0 -180 0 180 0 0 0.869615 41.3796 0 -0 0 -0 0 -180 0 180
0 180 0 -0 0 0 0 180 0.071395 57.5947 0 0 0 -0 0 0 0 -180
0 -180 0 180 0 -0 0 -180 0.0847817 45.5623 0 -0 0 0 0 -0 0 180
0 180 0 180 0 -0 0 -0 0.0711801 57.4436 0 0 0 0 0 0 0 -180
0 -180 0 -180 0 0 0 180 0.0845356 45.421 0 -0 0 -0 0 -0 0 180
0 180 0 -0 0 180 0 180 0.198076 -113.524 0 180 0 -180 0 0 0 -180
0 -180 0 0 0 -0 0 -180 0.77231 40.9258 0 -180 0 180 0 -0 0 180
inside=1 lambda=0.647 phi=45 theta=45
0 180 0 180 0 -180 0 -0 0.157979 -111.082 0 0 0 180 0 180 0 -180
0 -180 0 -180 0 180 0 0 0.820944 41.1563 0 -0 0 -0 0 -180 0 180
0 180 0 -0 0 0 0 180 0.0823262 57.5491 0 0 0 -0 0 0 0 -180
0 -180 0 180 0 -0 0 -180 0.0977375 45.4494 0 -0 0 0 0 -0 0 180
0 180 0 180 0 -0 0 -0 0.0823262 57.5491 0 0 0 0 0 0 0 -180
0 -180 0 -180 0 0 0 180 0.0977375 45.4494 0 -0 0 -0 0 -0 0 180
0 180 0 -0 0 180 0 180 0.157979 -111.082 0 180 0 -180 0 0 0 -180
0 -180 0 0 0 -0 0 -180 0.820944 41.1563 0 -180 0 180 0 -0 0 180
