RSoft_BSDF_File_Version 2
1 0 5 2 1 1.00571
0.3 0.3
-1 1
-1 1
1 0.647 0.647
10 0 45 0.5
4 0 45
Begin_Dispersion_Data
0.647 1.45662 0 1 0 0
End_Dispersion_Data
inside=0 lambda=0.647 phi=0 theta=0
0 -180 0 -180 0 -180 0 0 0.162162 8.85816 0 0 0 -180 0 -180 0 -180
0 0 0 0 0 0 0 -180 1.19093 -134.215 0 -180 0 0 0 0 0 0
0 -180 0 0 0 0 0 -0 6.68176e-13 107.373 0 -0 0 0 0 0 0 -180
0 0 0 180 0 -180 0 -0 2.4037e-12 154.723 0 -0 0 -180 0 180 0 0
0 -180 0 -180 0 0 0 0 3.37425e-13 72.6146 0 0 0 0 0 -180 0 -180
0 0 0 180 0 -180 0 -180 2.06107e-12 146.463 0 0 0 -180 0 180 0 0
0 -180 0 0 0 -180 0 -180 0.162162 8.85816 0 -180 0 -180 0 0 0 -180
0 0 0 -180 0 0 0 0 1.19093 -134.215 0 0 0 0 0 -180 0 0
inside=0 lambda=0.647 phi=0 theta=15
0 -180 0 -180 0 -180 0 0 0.162162 8.85816 0 0 0 -180 0 -180 0 -180
0 0 0 0 0 0 0 -180 1.19093 -134.215 0 -180 0 0 0 0 0 0
0 -180 0 0 0 0 0 -0 6.68176e-13 107.373 0 -0 0 0 0 0 0 -180
0 0 0 180 0 -180 0 -0 2.4037e-12 154.723 0 -0 0 -180 0 180 0 0
0 -180 0 -180 0 0 0 0 3.37425e-13 72.6146 0 0 0 0 0 -180 0 -180
0 0 0 180 0 -180 0 -180 2.06107e-12 146.463 0 0 0 -180 0 180 0 0
0 -180 0 0 0 -180 0 -180 0.162162 8.85816 0 -180 0 -180 0 0 0 -180
0 0 0 -180 0 0 0 0 1.19093 -134.215 0 0 0 0 0 -180 0 0
inside=0 lambda=0.647 phi=0 theta=30
0 -180 0 -180 0 -180 0 0 0.162162 8.85816 0 0 0 -180 0 -180 0 -180
0 0 0 0 0 0 0 -180 1.19093 -134.215 0 -180 0 0 0 0 0 0
0 -180 0 0 0 0 0 -0 6.68176e-13 107.373 0 -0 0 0 0 0 0 -180
0 0 0 180 0 -180 0 -0 2.4037e-12 154.723 0 -0 0 -180 0 180 0 0
0 -180 0 -180 0 0 0 0 3.37425e-13 72.6146 0 0 0 0 0 -180 0 -180
0 0 0 180 0 -180 0 -180 2.06107e-12 146.463 0 0 0 -180 0 180 0 0
0 -180 0 0 0 -180 0 -180 0.162162 8.85816 0 -180 0 -180 0 0 0 -180
0 0 0 -180 0 0 0 0 1.19093 -134.215 0 0 0 0 0 -180 0 0
inside=0 lambda=0.647 phi=0 theta=45
0 -180 0 -180 0 -180 0 0 0.162162 8.85816 0 0 0 -180 0 -180 0 -180
0 0 0 0 0 0 0 -180 1.19093 -134.215 0 -180 0 0 0 0 0 0
0 -180 0 0 0 0 0 -0 6.68176e-13 107.373 0 -0 0 0 0 0 0 -180
0 0 0 180 0 -180 0 -0 2.4037e-12 154.723 0 -0 0 -180 0 180 0 0
0 -180 0 -180 0 0 0 0 3.37425e-13 72.6146 0 0 0 0 0 -180 0 -180
0 0 0 180 0 -180 0 -180 2.06107e-12 146.463 0 0 0 -180 0 180 0 0
0 -180 0 0 0 -180 0 -180 0.162162 8.85816 0 -180 0 -180 0 0 0 -180
0 0 0 -180 0 0 0 0 1.19093 -134.215 0 0 0 0 0 -180 0 0
inside=0 lambda=0.647 phi=5 theta=0
0 -180 0 -180 0 -180 0 0 0.163574 8.72765 0 0 0 -180 0 -180 0 -180
0 0 0 0 0 0 0 -180 1.18808 -138.411 0 -180 0 0 0 0 0 0
0 -180 0 -0 0 0 0 180 3.21933e-13 -165.581 0 -180 0 0 0 180 0 -180
0 0 0 -0 0 -180 0 180 2.30274e-12 127.265 0 180 0 -180 0 180 0 0
0 -180 0 -180 0 0 0 -180 5.23939e-13 55.9068 0 0 0 0 0 0 0 -180
0 0 0 0 0 -180 0 -0 2.50013e-12 142.244 0 0 0 -180 0 -180 0 0
0 -180 0 0 0 -180 0 -180 0.167273 8.76894 0 -180 0 -180 0 0 0 -180
0 0 0 -180 0 0 0 0 1.19247 -138.543 0 0 0 0 0 -180 0 0
inside=0 lambda=0.647 phi=5 theta=15
0 -180 0 -180 0 -180 0 0 0.163821 8.73046 0 0 0 -180 0 -180 0 -180
0 0 0 0 0 0 0 -180 1.18838 -138.42 0 -180 0 0 0 0 0 0
0 -180 0 -0 0 0 0 -180 0.00092709 -169.341 0 0 0 0 0 180 0 -180
0 0 0 -0 0 -180 0 0 0.00138307 3.90421 0 -180 0 -180 0 180 0 0
0 -180 0 -180 0 0 0 -0 0.000927078 -169.341 0 180 0 0 0 0 0 -180
0 0 0 0 0 -180 0 -0 0.00138185 3.95585 0 180 0 -180 0 -180 0 0
0 -180 0 0 0 -180 0 -180 0.167025 8.76622 0 -180 0 -180 0 0 0 -180
0 0 0 -180 0 0 0 0 1.19217 -138.534 0 0 0 0 0 -180 0 0
inside=0 lambda=0.647 phi=5 theta=30
0 -180 0 -180 0 -180 0 0 0.164498 8.7381 0 0 0 -180 0 -180 0 -180
0 0 0 0 0 0 0 -180 1.18918 -138.444 0 -180 0 0 0 0 0 0
0 -180 0 -0 0 0 0 -180 0.00160576 -169.341 0 0 0 0 0 180 0 -180
0 0 0 -0 0 -180 0 0 0.00239508 3.91533 0 -180 0 -180 0 180 0 0
0 -180 0 -180 0 0 0 -0 0.00160575 -169.341 0 180 0 0 0 0 0 -180
0 0 0 0 0 -180 0 -0 0.00239387 3.94515 0 180 0 -180 0 -180 0 0
0 -180 0 0 0 -180 0 -180 0.166348 8.75875 0 -180 0 -180 0 0 0 -180
0 0 0 -180 0 0 0 0 1.19137 -138.51 0 0 0 0 0 -180 0 0
inside=0 lambda=0.647 phi=5 theta=45
0 -180 0 -180 0 -180 0 0 0.165423 8.74847 0 0 0 -180 0 -180 0 -180
0 0 0 0 0 0 0 -180 1.19027 -138.477 0 -180 0 0 0 0 0 0
0 -180 0 -0 0 0 0 -180 0.00185417 -169.341 0 0 0 0 0 180 0 -180
0 0 0 -0 0 -180 0 0 0.0027649 3.93035 0 -180 0 -180 0 180 0 0
0 -180 0 -180 0 0 0 -0 0.00185417 -169.341 0 180 0 0 0 0 0 -180
0 0 0 0 0 -180 0 -0 0.0027649 3.93035 0 180 0 -180 0 -180 0 0
0 -180 0 0 0 -180 0 -180 0.165423 8.74847 0 -180 0 -180 0 0 0 -180
0 0 0 -180 0 0 0 0 1.19027 -138.477 0 0 0 0 0 -180 0 0
inside=0 lambda=0.647 phi=10 theta=0
0 180 0 -180 0 -180 0 0 0.166283 7.59595 0 0 0 180 0 -180 0 -180
0 0 0 0 0 -0 0 -180 1.17959 -151.025 0 180 0 0 0 0 0 -0
0 -180 0 -0 0 0 0 -0 2.02809e-13 -128.592 0 0 0 0 0 180 0 -180
0 0 0 -0 0 180 0 -0 1.56996e-12 -57.4759 0 180 0 -180 0 180 0 -0
0 -180 0 -180 0 0 0 0 6.55495e-13 26.9569 0 0 0 0 0 0 0 -180
0 0 0 0 0 -180 0 180 1.68848e-12 -89.731 0 180 0 -180 0 -180 0 0
0 -180 0 0 0 -180 0 -180 0.182597 7.54093 0 -180 0 -180 0 0 0 -180
0 0 0 -180 0 0 0 0 1.19719 -151.558 0 0 0 0 0 -180 0 0
inside=0 lambda=0.647 phi=10 theta=15
0 180 0 -180 0 -180 0 0 0.167377 7.59168 0 0 0 180 0 -180 0 -180
0 0 0 0 0 -0 0 -180 1.18076 -151.062 0 180 0 0 0 0 0 -0
0 -180 0 -0 0 0 0 -180 0.00407808 -172.804 0 0 0 0 0 180 0 -180
0 0 0 -0 0 180 0 0 0.0055878 -9.29583 0 180 0 -180 0 180 0 -0
0 -180 0 -180 0 0 0 -180 0.00407809 -172.81 0 180 0 0 0 0 0 -180
0 0 0 0 0 -180 0 -0 0.0055667 -9.07747 0 180 0 -180 0 180 0 0
0 -180 0 0 0 -180 0 -180 0.181505 7.54412 0 -180 0 -180 0 0 0 -180
0 0 0 -180 0 0 0 0 1.19601 -151.523 0 0 0 0 0 180 0 0
inside=0 lambda=0.647 phi=10 theta=30
0 -180 0 -180 0 -180 0 0 0.170364 7.58049 0 0 0 180 0 -180 0 -180
0 0 0 0 0 -0 0 -180 1.18397 -151.161 0 180 0 0 0 0 0 -0
0 -180 0 -0 0 0 0 -180 0.00706347 -172.805 0 0 0 0 0 180 0 -180
0 0 0 -0 0 180 0 0 0.00966998 -9.24611 0 180 0 -180 0 180 0 -0
0 -180 0 -180 0 0 0 -180 0.00706349 -172.808 0 180 0 0 0 0 0 -180
0 0 0 0 0 -180 0 -0 0.00964889 -9.1201 0 180 0 -180 0 180 0 0
0 -180 0 0 0 -180 0 -180 0.178521 7.55315 0 -180 0 -180 0 0 0 -180
0 0 0 -180 0 0 0 0 1.19277 -151.427 0 0 0 -0 0 180 0 -0
inside=0 lambda=0.647 phi=10 theta=45
0 -180 0 -180 0 -180 0 0 0.174443 7.56628 0 0 0 -180 0 -180 0 -180
0 0 0 0 0 -0 0 -180 1.18837 -151.295 0 180 0 0 0 0 0 -0
0 -180 0 -180 0 0 0 -180 0.00815622 -172.806 0 0 0 0 0 180 0 -180
0 0 0 -0 0 180 0 0 0.0111534 -9.18133 0 180 0 -180 0 180 0 -0
0 -180 0 -180 0 0 0 -180 0.00815622 -172.806 0 180 0 0 0 0 0 -180
0 0 0 0 0 -180 0 -0 0.0111534 -9.18133 0 180 0 180 0 180 0 -0
0 -180 0 0 0 -180 0 -180 0.174443 7.56628 0 -180 0 -180 0 0 0 -180
0 0 0 -180 0 0 0 0 1.18837 -151.295 0 0 0 -0 0 180 0 -0
inside=0 lambda=0.647 phi=15 theta=0
0 180 0 -180 0 -180 0 0 0.163838 4.25712 0 0 0 180 0 -180 0 -180
0 0 0 0 0 -0 0 -180 1.16586 -172.179 0 180 0 0 0 0 0 -0
0 180 0 -0 0 0 0 180 7.73653e-14 3.30263 0 -180 0 -0 0 180 0 -180
0 0 0 -180 0 180 0 0 9.98422e-13 -86.8473 0 180 0 -180 0 0 0 -0
0 -180 0 -180 0 0 0 -180 3.39945e-13 145.121 0 -180 0 0 0 0 0 -180
0 -0 0 -0 0 180 0 -180 9.69524e-13 -77.7439 0 180 0 180 0 180 0 -0
0 -180 0 0 0 -180 0 -180 0.204169 3.18992 0 -180 0 -180 0 0 0 -180
0 -0 0 180 0 -0 0 -0 1.20654 -173.362 0 -0 0 -0 0 180 0 -0
inside=0 lambda=0.647 phi=15 theta=15
0 180 0 -180 0 -180 0 0 0.166539 4.16807 0 0 0 180 0 -180 0 -180
0 0 0 0 0 -0 0 -180 1.16856 -172.263 0 180 0 0 0 0 0 -0
0 180 0 -0 0 0 0 -180 0.0100994 179.37 0 0 0 -0 0 180 0 -180
0 0 0 -180 0 180 0 -0 0.0128414 -30.3131 0 180 0 -180 0 0 0 -0
0 -180 0 -180 0 0 0 -180 0.0101005 179.341 0 180 0 0 0 0 0 -180
0 -0 0 -0 0 180 0 -0 0.0127232 -29.7575 0 0 0 180 0 180 0 -0
0 -180 0 0 0 -180 0 -180 0.201468 3.24765 0 -180 0 -180 0 0 0 -180
0 -0 0 180 0 -0 0 -0 1.20379 -173.287 0 -0 0 -0 0 180 0 -0
inside=0 lambda=0.647 phi=15 theta=30
0 180 0 -180 0 -180 0 0 0.17392 3.94046 0 0 0 180 0 -180 0 -180
0 0 0 -0 0 -0 0 180 1.17596 -172.488 0 180 0 0 0 0 0 -0
0 180 0 -0 0 0 0 -180 0.0174938 179.369 0 0 0 -0 0 180 0 -180
0 0 0 -180 0 180 0 -0 0.0221902 -30.1756 0 180 0 -180 0 0 0 -0
0 -180 0 -180 0 0 0 -180 0.0174949 179.352 0 180 0 0 0 0 0 -180
0 -0 0 -0 0 -180 0 -180 0.0220726 -29.8556 0 0 0 180 0 180 0 -0
0 -180 0 0 0 180 0 -180 0.194088 3.41341 0 -180 0 -180 0 0 0 -180
0 0 0 180 0 0 0 -0 1.1963 -173.079 0 -0 0 -0 0 180 0 -0
inside=0 lambda=0.647 phi=15 theta=45
0 180 0 -180 0 -180 0 0 0.184004 3.66167 0 0 0 180 0 -180 0 -180
0 0 0 -0 0 -0 0 180 1.1861 -172.787 0 180 0 0 0 -0 0 -0
0 -180 0 -180 0 0 0 -180 0.0202011 179.363 0 0 0 -0 0 180 0 -180
0 0 0 -180 0 180 0 -0 0.0255505 -30.0058 0 180 0 -180 0 0 0 -0
0 -180 0 -180 0 -0 0 -180 0.0202011 179.363 0 180 0 0 0 0 0 -180
0 0 0 -0 0 -180 0 -180 0.0255505 -30.0058 0 0 0 180 0 180 0 -0
0 180 0 0 0 180 0 -180 0.184004 3.66167 0 -180 0 -180 0 0 0 -180
0 0 0 180 0 0 0 -0 1.1861 -172.787 0 -0 0 -0 0 180 0 -0
inside=0 lambda=0.647 phi=20 theta=0
0 180 0 -180 0 -180 0 -0 0.146075 -0.0959403 0 0 0 180 0 -180 0 -180
0 0 0 -0 0 -0 0 180 1.14689 157.761 0 180 0 0 0 -0 0 -0
0 180 0 -0 0 0 0 -180 2.29797e-13 23.4489 0 -0 0 -0 0 180 0 -180
0 -0 0 -180 0 180 0 0 7.04817e-13 -105.547 0 -0 0 180 0 0 0 -0
0 -180 0 -180 0 0 0 180 1.36574e-13 26.9773 0 -0 0 0 0 0 0 -180
0 -0 0 -0 0 180 0 0 5.18348e-13 -126.36 0 0 0 180 0 180 0 -0
0 -180 0 0 0 -180 0 -180 0.216012 -4.33281 0 -180 0 -180 0 0 0 -180
0 -0 0 180 0 -0 0 -0 1.22677 155.715 0 -0 0 -0 0 180 0 -0
inside=0 lambda=0.647 phi=20 theta=15
0 180 0 -180 0 -180 0 -0 0.15072 -0.506818 0 0 0 180 0 -180 0 -180
0 0 0 -0 0 -0 0 180 1.15216 157.608 0 180 0 0 0 -0 0 -0
0 180 0 -0 0 0 0 -180 0.0177724 167.936 0 0 0 -0 0 180 0 -180
0 -0 0 -180 0 180 0 -0 0.024493 -58.5817 0 180 0 180 0 0 0 -0
0 -180 0 -180 0 0 0 -180 0.0177743 167.837 0 180 0 0 0 0 0 -180
0 -0 0 -0 0 180 0 -180 0.0240908 -57.4259 0 0 0 180 0 180 0 -0
0 -180 0 0 0 -180 0 -180 0.211314 -4.13457 0 -180 0 -180 0 0 0 -180
0 -0 0 180 0 -0 0 -0 1.22133 155.837 0 -0 0 -0 0 180 0 -0
inside=0 lambda=0.647 phi=20 theta=30
0 180 0 -180 0 -180 0 -0 0.163459 -1.50209 0 0 0 180 0 -180 0 -180
0 -0 0 -0 0 -0 0 180 1.16662 157.202 0 180 0 0 0 -0 0 -0
0 180 0 -0 0 0 0 -180 0.0307919 167.935 0 0 0 -0 0 180 0 -180
0 -0 0 -180 0 180 0 -0 0.0422203 -58.2643 0 180 0 180 0 0 0 -0
0 -180 0 -180 0 -0 0 -180 0.0307939 167.879 0 180 0 0 0 0 0 -180
0 -0 0 -0 0 180 0 -180 0.041825 -57.6026 0 0 0 180 0 180 0 -0
0 180 0 0 0 180 0 -180 0.198471 -3.55023 0 -180 0 -180 0 0 0 -180
0 -0 0 180 0 -0 0 -0 1.20655 156.18 0 -0 0 -0 0 180 0 -0
inside=0 lambda=0.647 phi=20 theta=45
0 180 0 -180 0 -180 0 0 0.180939 -2.62548 0 0 0 180 0 -180 0 -180
0 -0 0 -0 0 -0 0 180 1.18651 156.676 0 180 0 -0 0 -0 0 -0
0 180 0 -180 0 0 0 -180 0.0355613 167.917 0 0 0 -0 0 180 0 -180
0 -0 0 -180 0 180 0 -0 0.0484943 -57.8987 0 180 0 180 0 0 0 -0
0 180 0 -180 0 -0 0 -180 0.0355613 167.917 0 180 0 0 0 0 0 -180
0 -0 0 -0 0 180 0 -180 0.0484943 -57.8987 0 0 0 180 0 180 0 -0
0 180 0 0 0 180 0 -180 0.180939 -2.62548 0 -180 0 -180 0 0 0 -180
0 -0 0 180 0 -0 0 -0 1.18651 156.676 0 -0 0 -0 0 180 0 -0
inside=0 lambda=0.647 phi=25 theta=0
0 180 0 180 0 -180 0 -0 0.116197 0.00415238 0 0 0 180 0 180 0 -180
0 -0 0 -0 0 -180 0 180 1.1178 118.119 0 0 0 -0 0 -0 0 -180
0 180 0 -0 0 0 0 -0 1.18777e-13 -31.8682 0 -0 0 -0 0 180 0 -180
0 -0 0 -180 0 0 0 -180 2.37935e-14 -58.1135 0 -0 0 180 0 0 0 -180
0 -180 0 -180 0 0 0 180 7.43926e-14 172.188 0 -0 0 0 0 0 0 -180
0 -0 0 -0 0 180 0 0 1.43605e-13 56.4073 0 -0 0 180 0 180 0 -0
0 -180 0 0 0 -180 0 -180 0.198141 -6.76866 0 -180 0 -180 0 0 0 -180
0 -0 0 180 0 -0 0 -180 1.26862 114.529 0 -0 0 -0 0 180 0 -0
inside=0 lambda=0.647 phi=25 theta=15
0 180 0 180 0 -180 0 -0 0.121592 -0.743283 0 0 0 180 0 180 0 -180
0 -0 0 -0 0 -180 0 180 1.12764 117.818 0 0 0 -0 0 -0 0 -180
0 180 0 -0 0 0 0 -180 0.0212578 165.556 0 0 0 -0 0 180 0 -180
0 -0 0 -180 0 0 0 -0 0.0455433 -97.8674 0 0 0 180 0 0 0 -180
0 -180 0 -180 0 0 0 -180 0.0212163 165.3 0 180 0 0 0 0 0 -180
0 -0 0 -0 0 180 0 -180 0.0444307 -95.9887 0 0 0 0 0 0 0 -180
0 -180 0 0 0 180 0 -180 0.192707 -6.47987 0 -180 0 -180 0 0 0 -180
0 -0 0 180 0 -0 0 -180 1.25823 114.716 0 -0 0 -180 0 0 0 -180
inside=0 lambda=0.647 phi=25 theta=30
0 180 0 -180 0 -180 0 -0 0.136499 -2.44764 0 0 0 180 0 180 0 -180
0 -0 0 -0 0 -180 0 180 1.15471 117.049 0 0 0 -0 0 -0 0 -180
0 180 0 -0 0 0 0 -180 0.0368655 165.551 0 0 0 -0 0 180 0 -180
0 -0 0 -180 0 0 0 -0 0.0781981 -97.2834 0 0 0 180 0 0 0 -180
0 180 0 -180 0 -0 0 -180 0.0368266 165.41 0 180 0 0 0 0 0 -180
0 -0 0 -0 0 180 0 -180 0.0771386 -96.2198 0 0 0 0 0 0 0 -180
0 180 0 0 0 180 0 -180 0.177706 -5.6236 0 -180 0 -180 0 0 0 -180
0 -0 0 180 0 -0 0 -0 1.23009 115.266 0 -0 0 -180 0 0 0 -180
inside=0 lambda=0.647 phi=25 theta=45
0 180 0 -180 0 -180 0 -0 0.157078 -4.23307 0 0 0 180 0 180 0 -180
0 -0 0 -0 0 -180 0 180 1.19214 116.105 0 0 0 -0 0 -0 0 -180
0 180 0 -180 0 0 0 -180 0.0425778 165.503 0 0 0 -0 0 180 0 -180
0 -0 0 -180 0 0 0 -0 0.0895489 -96.6666 0 0 0 180 0 0 0 -180
0 180 0 -180 0 -0 0 -180 0.0425778 165.503 0 180 0 0 0 0 0 -180
0 -0 0 -0 0 180 0 -180 0.0895489 -96.6666 0 0 0 0 0 0 0 -180
0 180 0 -0 0 180 0 -180 0.157078 -4.23307 0 180 0 -180 0 0 0 -180
0 -0 0 180 0 -0 0 -0 1.19214 116.105 0 -0 0 -180 0 0 0 -180
inside=0 lambda=0.647 phi=30 theta=0
0 180 0 180 0 -180 0.0220087 -100.036 0.0835034 -1.28511 0 0 0 180 0 180 0 -180
0 -0 0 -0 0 180 0 0 1.06867 68.0441 0 0 0 -0 0 -0 0 180
0 180 0 -0 0 0 2.37754e-13 -33.9844 5.03053e-14 -89.6335 0 180 0 -0 0 180 0 -180
0 -0 0 180 0 0 0 180 5.79897e-13 151.149 0 180 0 180 0 -0 0 -180
0 -180 0 -180 0 0 6.31656e-14 44.3729 1.82147e-13 -69.1067 0 -0 0 0 0 0 0 -180
0 -180 0 -180 0 0 0 -180 1.21409e-13 132.966 0 -180 0 0 0 0 0 -180
0 -180 0 0 0 -180 0.0839009 -127.481 0.228912 9.8504 0 -180 0 -180 0 0 0 -180
0 -180 0 0 0 -180 0 -180 1.31965 60.8825 0 -180 0 -180 0 0 0 -180
inside=0 lambda=0.647 phi=30 theta=15
0 180 0 180 0 -180 0 -0 0.0938789 0.000956712 0 0 0 180 0 180 0 -180
0 -0 0 -0 0 -180 0 0 1.08555 67.3463 0 0 0 -0 0 -0 0 180
0 180 0 -0 0 0 0 -180 0.0378973 -162.906 0 0 0 -0 0 180 0 -180
0 -0 0 180 0 0 0 -180 0.0807073 -154.372 0 0 0 180 0 -0 0 -180
0 -180 0 -180 0 -0 0 -180 0.037714 -162.991 0 180 0 0 0 0 0 -180
0 -180 0 -180 0 0 0 180 0.0769848 -151.874 0 -0 0 0 0 0 0 -180
0 -180 0 0 0 180 0 -180 0.219979 9.65652 0 -180 0 -180 0 0 0 -180
0 -180 0 0 0 -180 0 -180 1.30266 61.1754 0 -180 0 -180 0 0 0 -180
inside=0 lambda=0.647 phi=30 theta=30
0 180 0 180 0 -180 0 -0 0.120316 3.43816 0 0 0 180 0 180 0 -180
0 -0 0 -0 0 -180 0 0 1.12947 65.6452 0 0 0 -0 0 -0 0 -180
0 180 0 -0 0 0 0 -180 0.0658997 -163.051 0 0 0 -0 0 180 0 -180
0 -0 0 180 0 0 0 -180 0.136829 -153.485 0 0 0 180 0 -0 0 -180
0 180 0 -180 0 -0 0 -180 0.0657498 -163.078 0 180 0 0 0 0 0 -180
0 -180 0 -180 0 0 0 180 0.1336 -152.063 0 -0 0 0 0 0 0 -180
0 180 0 -0 0 180 0 -180 0.193871 8.53002 0 -180 0 -180 0 0 0 -180
0 -180 0 0 0 -180 0 -180 1.25467 62.1258 0 -180 0 -180 0 0 0 -180
inside=0 lambda=0.647 phi=30 theta=45
0 180 0 -180 0 -180 0 -0 0.157169 6.53411 0 0 0 180 0 180 0 -180
0 -0 0 -180 0 -180 0 0 1.19113 63.719 0 0 0 -0 0 -0 0 -180
0 180 0 -180 0 0 0 -180 0.0761038 -163.094 0 0 0 -0 0 180 0 -180
0 -180 0 180 0 0 0 -180 0.155514 -152.614 0 0 0 180 0 -0 0 -180
0 180 0 -180 0 -0 0 -180 0.0761038 -163.094 0 180 0 0 0 0 0 -180
0 -180 0 -180 0 180 0 180 0.155514 -152.614 0 -0 0 0 0 0 0 -180
0 180 0 -0 0 180 0 -180 0.157169 6.53411 0 180 0 -180 0 0 0 -180
0 -0 0 0 0 -0 0 -180 1.19113 63.719 0 -0 0 -180 0 0 0 -180
inside=0 lambda=0.647 phi=35 theta=0
0 180 0 180 0 -180 0.0670788 -96.5351 0.0303554 110.957 0 0 0 180 0 180 0 -180
0 -180 0 -180 0 180 0 0 0.983719 5.36471 0 -0 0 -180 0 -180 0 180
0 180 0 -0 0 0 2.33868e-13 -10.673 2.78131e-13 -47.8118 0 0 0 -0 0 180 0 -180
0 -180 0 0 0 -0 0 0 6.92672e-13 -60.8382 0 -0 0 0 0 -180 0 180
0 -180 0 -180 0 0 4.18239e-13 72.013 8.23615e-13 -157.38 0 180 0 0 0 0 0 -180
0 180 0 180 0 -0 0 0 8.06571e-13 -65.7711 0 -180 0 -0 0 -0 0 180
0 -180 0 0 0 -180 0.0991293 -111.164 0.365642 -1.42042 0 -180 0 -180 0 0 0 -180
0 180 0 -0 0 180 0 180 1.36751 -5.55324 0 180 0 180 0 -0 0 180
inside=0 lambda=0.647 phi=35 theta=15
0 180 0 180 0 -180 0.0510154 -101.951 0.0284031 57.3297 0 0 0 180 0 180 0 -180
0 -180 0 -180 0 180 0 0 1.00849 4.03721 0 -0 0 -180 0 -180 0 180
0 180 0 -0 0 0 0.000958035 -8.55051 0.0936112 176.206 0 0 0 -0 0 180 0 -180
0 -180 0 0 0 -0 0 -180 0.127321 139.464 0 -0 0 0 0 -180 0 180
0 -180 0 -180 0 -0 0.0256015 -132.249 0.0937939 175.763 0 180 0 0 0 0 0 -180
0 180 0 180 0 0 0 180 0.117222 143.749 0 -180 0 -0 0 -0 0 180
0 180 0 -0 0 180 0.0884631 -119.715 0.340522 -1.05913 0 -180 0 -180 0 0 0 -180
0 -180 0 -0 0 -180 0 180 1.34055 -5.2732 0 180 0 180 0 -0 0 180
inside=0 lambda=0.647 phi=35 theta=30
0 180 0 180 0 -180 0 -0 0.0859983 9.05342 0 0 0 180 0 180 0 -180
0 -180 0 -180 0 180 0 0 1.0774 1.00221 0 -0 0 -180 0 -180 0 180
0 180 0 -180 0 0 0 -180 0.163142 176.642 0 0 0 -0 0 180 0 -180
0 -180 0 180 0 -0 0 -180 0.211666 140.737 0 -0 0 0 0 -180 0 180
0 180 0 180 0 -0 0 -180 0.163074 176.469 0 180 0 0 0 0 0 -180
0 -180 0 -180 0 0 0 180 0.20239 143.337 0 -180 0 -0 0 -0 0 180
0 180 0 -0 0 180 0 -180 0.272354 -0.134145 0 180 0 -180 0 0 0 -180
0 -180 0 0 0 -180 0 180 1.26884 -4.19408 0 -180 0 180 0 -0 0 180
inside=0 lambda=0.647 phi=35 theta=45
0 180 0 -180 0 -180 0 -0 0.178436 1.80032 0 0 0 180 0 180 0 -180
0 -180 0 -180 0 180 0 0 1.17132 -2.03185 0 -0 0 -180 0 -180 0 180
0 180 0 -180 0 0 0 180 0.188677 176.584 0 0 0 -0 0 180 0 -180
0 -180 0 180 0 -0 0 -180 0.236769 142.415 0 -0 0 0 0 -180 0 180
0 180 0 180 0 -0 0 -180 0.188677 176.584 0 180 0 0 0 0 0 -180
0 -180 0 -180 0 0 0 180 0.236769 142.415 0 -180 0 -0 0 -0 0 180
0 180 0 -0 0 180 0 -180 0.178436 1.80032 0 180 0 -180 0 0 0 -180
0 -180 0 0 0 -180 0 -180 1.17132 -2.03185 0 -180 0 180 0 -0 0 180
inside=0 lambda=0.647 phi=40 theta=0
0 180 0 180 0 -180 0.153425 -82.3391 0.129923 50.1998 0 0 0 180 0 180 0 -180
0 180 0 -180 0 0 0 -0 0.796553 -72.9253 0 -180 0 180 0 -180 0 0
0 180 0 -0 0 0 3.133e-13 44.9286 3.01918e-12 -143.882 0 0 0 -0 0 180 0 -180
0 180 0 0 0 -180 0 0 4.10636e-12 -77.7611 0 0 0 -0 0 -180 0 0
0 -180 0 -180 0 0 2.64291e-13 -144.008 9.83496e-13 144.187 0 -0 0 0 0 0 0 -180
0 0 0 0 0 -180 0 -180 5.40909e-12 -174.468 0 -180 0 -180 0 -180 0 0
0 -180 0 0 0 -180 0.142196 -85.9888 0.275894 3.80362 0 -180 0 -180 0 0 0 -180
0 0 0 -180 0 0 0 0 1.69984 -95.3113 0 0 0 0 0 -180 0 0
inside=0 lambda=0.647 phi=40 theta=15
0 180 0 180 0 -180 0.114041 -91.7593 0.133102 41.7011 0 0 0 180 0 180 0 -180
0 180 0 -180 0 0 0 -0 0.850684 -77.5758 0 -180 0 180 0 180 0 0
0 180 0 -0 0 0 0.0154549 118.145 0.0526666 165.825 0 0 0 -0 0 180 0 -180
0 180 0 0 0 -180 0 180 0.285905 55.443 0 -180 0 -0 0 -180 0 0
0 -180 0 -180 0 -0 0.0499327 -114.618 0.0520386 164.25 0 180 0 0 0 0 0 -180
0 180 0 180 0 -0 0 0 0.261607 61.7443 0 -180 0 -180 0 -180 0 0
0 180 0 -0 0 180 0.114566 -97.5616 0.269005 6.89859 0 -180 0 -180 0 0 0 -180
0 180 0 -0 0 180 0 0 1.63198 -95.9916 0 0 0 0 0 -180 0 0
inside=0 lambda=0.647 phi=40 theta=30
0 180 0 180 0 -180 0.0370157 -116.891 0.156192 27.2298 0 0 0 180 0 180 0 -180
0 180 0 180 0 0 0 -0 1.00559 -85.9898 0 -180 0 180 0 180 0 0
0 180 0 -0 0 0 0.0128719 171.322 0.0928359 172.042 0 0 0 -0 0 180 0 -180
0 180 0 0 0 -180 0 180 0.469546 56.6391 0 -180 0 -0 0 -180 0 0
0 180 0 180 0 -0 0.0446976 -141.832 0.0915968 171.062 0 180 0 0 0 0 0 -180
0 180 0 180 0 -0 0 0 0.44803 59.7252 0 -180 0 -180 0 -180 0 0
0 180 0 -0 0 180 0.0767716 -133.652 0.242886 11.8116 0 180 0 -180 0 0 0 -180
0 180 0 -0 0 180 0 180 1.45501 -95.6189 0 180 0 0 0 -180 0 0
inside=0 lambda=0.647 phi=40 theta=45
0 180 0 180 0 -180 0 -0 0.197952 17.5485 0 0 0 180 0 180 0 -180
0 180 0 180 0 0 0 -0 1.22574 -92.4732 0 -180 0 180 0 180 0 0
0 180 0 -180 0 0 0 180 0.109644 173.323 0 0 0 -0 0 180 0 -180
0 180 0 0 0 -180 0 180 0.52143 58.1832 0 -180 0 -0 0 -180 0 0
0 180 0 180 0 -0 0 -180 0.109644 173.323 0 180 0 0 0 0 0 -180
0 180 0 180 0 -0 0 0 0.52143 58.1832 0 -180 0 -180 0 -180 0 0
0 180 0 -0 0 180 0 180 0.197952 17.5485 0 180 0 -180 0 0 0 -180
0 180 0 -0 0 180 0 180 1.22574 -92.4732 0 180 0 0 0 -180 0 0
inside=0 lambda=0.647 phi=45 theta=0
0 0 0 0 0 -180 0.180535 -153.428 0.98165 132.938 0 0 0 0 0 0 0 -180
0 0 0 0 0 -180 0 -180 0 -180 0 0 0 0 0 0 0 -180
0 0 0 -180 0 0 4.03997e-13 -89.2232 1.34277e-12 101.952 0 -0 0 -180 0 0 0 -180
0 0 0 -180 0 0 0 180 0 0 0 -0 0 -180 0 0 0 -180
0 -180 0 -180 0 0 1.63423e-11 25.6947 3.21835e-11 33.4644 0 -0 0 0 0 0 0 -180
0 -180 0 -180 0 0 0 0 0 0 0 -180 0 0 0 0 0 -180
0 -180 0 0 0 -180 0.618293 -58.8092 0.810767 111.666 0 -180 0 -180 0 0 0 -180
0 -180 0 0 0 -180 0 -180 0 0 0 -180 0 -180 0 0 0 -180
inside=0 lambda=0.647 phi=45 theta=15
0 0 0 0 0 -180 0.0862271 -161.799 0.914211 116.23 0 0 0 0 0 0 0 -180
0 0 0 0 0 -180 0 -180 0 -180 0 0 0 0 0 0 0 -180
0 0 0 -180 0 0 0.0924639 15.6309 0.414394 173.234 0 0 0 -180 0 0 0 -180
0 0 0 -180 0 0 0 0 0 -180 0 0 0 -180 0 0 0 -180
0 -180 0 -180 0 -0 0.108529 -155.641 0.36021 171.834 0 0 0 0 0 0 0 -180
0 180 0 180 0 -0 0 -180 0 -180 0 0 0 0 0 0 0 -180
0 180 0 -0 0 180 0.304947 -95.8454 0.869697 46.6888 0 -180 0 -180 0 0 0 -180
0 180 0 -0 0 180 0 -180 0 0 0 -180 0 -180 0 0 0 -180
inside=0 lambda=0.647 phi=45 theta=30
0 0 0 0 0 -180 0.0258711 -126.613 0.779582 88.6938 0 0 0 0 0 0 0 -180
0 0 0 0 0 -180 0 -180 0 -0 0 0 0 0 0 0 0 -180
0 0 0 -180 0 0 0.0617375 -36.6919 0.638312 155.323 0 0 0 -180 0 0 0 -180
0 0 0 -180 0 0 0 0 0 -180 0 0 0 -180 0 0 0 -180
0 180 0 180 0 -0 0.0688378 -174.449 0.610348 155.005 0 0 0 0 0 0 0 -180
0 0 0 0 0 -0 0 -180 0 -180 0 0 0 0 0 0 0 -180
0 0 0 -0 0 180 0.132628 -115.592 0.769277 41.1705 0 180 0 -180 0 0 0 -180
0 0 0 -180 0 180 0 0 0 0 0 180 0 -180 0 0 0 -180
inside=0 lambda=0.647 phi=45 theta=45
0 0 0 -180 0 -180 0 -0 0.719841 61.2328 0 0 0 0 0 180 0 -180
0 0 0 0 0 -180 0 -180 0 -0 0 0 0 0 0 0 0 -180
0 180 0 -180 0 0 0 -180 0.694139 151.233 0 0 0 -0 0 0 0 -180
0 0 0 -180 0 0 0 0 0 -180 0 0 0 -180 0 0 0 -180
0 180 0 -180 0 -0 0 -180 0.694139 151.233 0 0 0 0 0 0 0 -180
0 0 0 0 0 -180 0 -180 0 -180 0 0 0 0 0 0 0 -180
0 0 0 -0 0 0 0 -180 0.719841 61.2328 0 180 0 -180 0 0 0 -180
0 0 0 -180 0 0 0 0 0 -0 0 0 0 -180 0 0 0 -180
inside=1 lambda=0.647 phi=0 theta=0
0 -180 0 -180 0 -180 0 0 0.162162 -97.2872 0 0 0 -180 0 -180 0 -180
0 0 0 0 0 0 0 -180 0.8176 -134.215 0 -180 0 0 0 0 0 0
0 -180 0 -180 0 0 0 180 1.39994e-12 31.8871 0 180 0 0 0 -180 0 -180
0 0 0 0 0 -180 0 0 8.39687e-13 -71.3473 0 -0 0 -180 0 180 0 0
0 -180 0 0 0 0 0 -180 5.71118e-13 -4.25649 0 180 0 0 0 0 0 -180
0 0 0 0 0 -180 0 0 1.24807e-12 -41.6472 0 180 0 -180 0 0 0 0
0 -180 0 0 0 -180 0 -180 0.162162 -97.2872 0 -180 0 -180 0 0 0 -180
0 0 0 -180 0 0 0 0 0.8176 -134.215 0 0 0 0 0 -180 0 0
inside=1 lambda=0.647 phi=0 theta=15
0 -180 0 -180 0 -180 0 0 0.162162 -97.2872 0 0 0 -180 0 -180 0 -180
0 0 0 0 0 0 0 -180 0.8176 -134.215 0 -180 0 0 0 0 0 0
0 -180 0 -180 0 0 0 180 1.39994e-12 31.8871 0 180 0 0 0 -180 0 -180
0 0 0 0 0 -180 0 0 8.39687e-13 -71.3473 0 -0 0 -180 0 180 0 0
0 -180 0 0 0 0 0 -180 5.71118e-13 -4.25649 0 180 0 0 0 0 0 -180
0 0 0 0 0 -180 0 0 1.24807e-12 -41.6472 0 180 0 -180 0 0 0 0
0 -180 0 0 0 -180 0 -180 0.162162 -97.2872 0 -180 0 -180 0 0 0 -180
0 0 0 -180 0 0 0 0 0.8176 -134.215 0 0 0 0 0 -180 0 0
inside=1 lambda=0.647 phi=0 theta=30
0 -180 0 -180 0 -180 0 0 0.162162 -97.2872 0 0 0 -180 0 -180 0 -180
0 0 0 0 0 0 0 -180 0.8176 -134.215 0 -180 0 0 0 0 0 0
0 -180 0 -180 0 0 0 180 1.39994e-12 31.8871 0 180 0 0 0 -180 0 -180
0 0 0 0 0 -180 0 0 8.39687e-13 -71.3473 0 -0 0 -180 0 180 0 0
0 -180 0 0 0 0 0 -180 5.71118e-13 -4.25649 0 180 0 0 0 0 0 -180
0 0 0 0 0 -180 0 0 1.24807e-12 -41.6472 0 180 0 -180 0 0 0 0
0 -180 0 0 0 -180 0 -180 0.162162 -97.2872 0 -180 0 -180 0 0 0 -180
0 0 0 -180 0 0 0 0 0.8176 -134.215 0 0 0 0 0 -180 0 0
inside=1 lambda=0.647 phi=0 theta=45
0 -180 0 -180 0 -180 0 0 0.162162 -97.2872 0 0 0 -180 0 -180 0 -180
0 0 0 0 0 0 0 -180 0.8176 -134.215 0 -180 0 0 0 0 0 0
0 -180 0 -180 0 0 0 180 1.39994e-12 31.8871 0 180 0 0 0 -180 0 -180
0 0 0 0 0 -180 0 0 8.39687e-13 -71.3473 0 -0 0 -180 0 180 0 0
0 -180 0 0 0 0 0 -180 5.71118e-13 -4.25649 0 180 0 0 0 0 0 -180
0 0 0 0 0 -180 0 0 1.24807e-12 -41.6472 0 180 0 -180 0 0 0 0
0 -180 0 0 0 -180 0 -180 0.162162 -97.2872 0 -180 0 -180 0 0 0 -180
0 0 0 -180 0 0 0 0 0.8176 -134.215 0 0 0 0 0 -180 0 0
inside=1 lambda=0.647 phi=5 theta=0
0 -180 0 -180 0 -180 0 0 0.16285 -101.193 0 0 0 -180 0 -180 0 -180
0 0 0 0 0 0 0 -180 0.818332 -136.189 0 -180 0 0 0 0 0 0
0 -180 0 -0 0 0 0 -0 1.0036e-12 -9.86441 0 -0 0 0 0 180 0 -180
0 0 0 -0 0 -180 0 -0 2.08756e-12 -45.8817 0 0 0 -180 0 180 0 0
0 -180 0 -180 0 0 0 -0 8.55486e-13 -7.8564 0 180 0 0 0 0 0 -180
0 0 0 0 0 -180 0 180 2.13471e-12 -46.7801 0 -180 0 -180 0 -180 0 0
0 -180 0 0 0 -180 0 -180 0.164557 -101.34 0 -180 0 -180 0 0 0 -180
0 0 0 -180 0 0 0 0 0.816447 -136.251 0 0 0 0 0 -180 0 0
inside=1 lambda=0.647 phi=5 theta=15
0 -180 0 -180 0 -180 0 0 0.162965 -101.203 0 0 0 -180 0 -180 0 -180
0 0 0 0 0 0 0 -180 0.818205 -136.193 0 -180 0 0 0 0 0 0
0 -180 0 -0 0 0 0 -180 0.000445788 62.3316 0 0 0 0 0 180 0 -180
0 0 0 -0 0 -180 0 0 0.000544055 -106.279 0 -180 0 -180 0 180 0 0
0 -180 0 -180 0 0 0 -0 0.000445743 62.3482 0 180 0 0 0 0 0 -180
0 0 0 0 0 -180 0 -0 0.000543911 -106.299 0 180 0 -180 0 -180 0 0
0 -180 0 0 0 -180 0 -180 0.164443 -101.33 0 -180 0 -180 0 0 0 -180
0 0 0 -180 0 0 0 0 0.816573 -136.247 0 0 0 0 0 -180 0 0
inside=1 lambda=0.647 phi=5 theta=30
0 -180 0 -180 0 -180 0 0 0.163277 -101.23 0 0 0 -180 0 -180 0 -180
0 0 0 0 0 0 0 -180 0.81786 -136.205 0 -180 0 0 0 0 0 0
0 -180 0 -0 0 0 0 -180 0.000772111 62.3351 0 0 0 0 0 180 0 -180
0 0 0 -0 0 -180 0 0 0.000942278 -106.284 0 -180 0 -180 0 180 0 0
0 -180 0 -180 0 0 0 -0 0.000772066 62.3447 0 180 0 0 0 0 0 -180
0 0 0 0 0 -180 0 -0 0.000942134 -106.295 0 180 0 -180 0 -180 0 0
0 -180 0 0 0 -180 0 -180 0.16413 -101.304 0 -180 0 -180 0 0 0 -180
0 0 0 -180 0 0 0 0 0.816918 -136.236 0 0 0 0 0 -180 0 0
inside=1 lambda=0.647 phi=5 theta=45
0 -180 0 -180 0 -180 0 0 0.163704 -101.267 0 0 0 -180 0 -180 0 -180
0 0 0 0 0 0 0 -180 0.817389 -136.22 0 -180 0 0 0 0 0 0
0 -180 0 -0 0 0 0 -180 0.000891531 62.3399 0 0 0 0 0 180 0 -180
0 0 0 -0 0 -180 0 0 0.00108797 -106.289 0 -180 0 -180 0 180 0 0
0 -180 0 -180 0 0 0 -0 0.000891531 62.3399 0 180 0 0 0 0 0 -180
0 0 0 0 0 -180 0 -0 0.00108797 -106.289 0 180 0 -180 0 -180 0 0
0 -180 0 0 0 -180 0 -180 0.163704 -101.267 0 -180 0 -180 0 0 0 -180
0 0 0 -180 0 0 0 0 0.817389 -136.22 0 0 0 0 0 -180 0 0
inside=1 lambda=0.647 phi=10 theta=0
0 180 0 -180 0 -180 0 0 0.164628 -112.675 0 0 0 180 0 -180 0 -180
0 0 0 0 0 -0 0 -180 0.820599 -142.086 0 180 0 0 0 0 0 -0
0 180 0 -0 0 0 0 -0 1.31043e-13 154.514 0 -0 0 -0 0 180 0 -180
0 0 0 -0 0 180 0 -0 2.68466e-13 131.171 0 0 0 -180 0 180 0 -0
0 -180 0 -180 0 0 0 -180 1.53089e-13 -12.7382 0 -180 0 0 0 0 0 -180
0 0 0 0 0 -180 0 -0 2.58914e-13 114.862 0 180 0 -180 0 -180 0 0
0 -180 0 0 0 -180 0 -180 0.171786 -113.221 0 -180 0 -180 0 0 0 -180
0 0 0 -180 0 0 0 0 0.812929 -142.335 0 0 0 0 0 -180 0 0
inside=1 lambda=0.647 phi=10 theta=15
0 180 0 -180 0 -180 0 0 0.165107 -112.713 0 0 0 180 0 -180 0 -180
0 0 0 0 0 -0 0 -180 0.820085 -142.103 0 180 0 0 0 0 0 -0
0 -180 0 -0 0 0 0 -180 0.00185752 51.7416 0 0 0 -0 0 180 0 -180
0 0 0 -0 0 180 0 0 0.00220808 -112.516 0 180 0 -180 0 180 0 -0
0 -180 0 -180 0 0 0 -0 0.00185685 51.811 0 180 0 0 0 0 0 -180
0 0 0 0 0 -180 0 -0 0.00220575 -112.594 0 180 0 -180 0 180 0 0
0 -180 0 0 0 -180 0 -180 0.171306 -113.186 0 -180 0 -180 0 0 0 -180
0 0 0 -180 0 0 0 0 0.813442 -142.318 0 0 0 0 0 180 0 0
inside=1 lambda=0.647 phi=10 theta=30
0 180 0 -180 0 -180 0 0 0.166416 -112.817 0 0 0 180 0 -180 0 -180
0 0 0 0 0 -0 0 -180 0.81868 -142.148 0 180 0 0 0 0 0 -0
0 -180 0 -0 0 0 0 -180 0.00321707 51.7565 0 0 0 0 0 180 0 -180
0 0 0 -0 0 180 0 0 0.00382362 -112.533 0 180 0 -180 0 180 0 0
0 -180 0 -180 0 0 0 -0 0.00321639 51.7966 0 180 0 0 0 0 0 -180
0 0 0 0 0 -180 0 -0 0.00382129 -112.579 0 180 0 -180 0 180 0 0
0 -180 0 0 0 -180 0 -180 0.169995 -113.09 0 -180 0 -180 0 0 0 -180
0 0 0 -180 0 0 0 0 0.814844 -142.272 0 0 0 -0 0 180 0 0
inside=1 lambda=0.647 phi=10 theta=45
0 -180 0 -180 0 -180 0 0 0.168205 -112.955 0 0 0 180 0 -180 0 -180
0 0 0 0 0 -0 0 -180 0.816761 -142.21 0 180 0 0 0 0 0 -0
0 -180 0 -0 0 0 0 -180 0.00371436 51.7767 0 0 0 0 0 180 0 -180
0 0 0 -0 0 -180 0 0 0.00441377 -112.556 0 180 0 -180 0 180 0 0
0 -180 0 -180 0 0 0 -0 0.00371436 51.7767 0 180 0 0 0 0 0 -180
0 0 0 0 0 -180 0 -0 0.00441377 -112.556 0 180 0 -180 0 180 0 0
0 -180 0 0 0 180 0 -180 0.168205 -112.955 0 -180 0 -180 0 0 0 -180
0 0 0 -180 0 0 0 0 0.816761 -142.21 0 0 0 -0 0 180 0 -0
inside=1 lambda=0.647 phi=15 theta=0
0 180 0 -180 0 -180 0 0 0.16636 -131.147 0 0 0 180 0 -180 0 -180
0 0 0 0 0 -0 0 -180 0.824666 -151.826 0 180 0 0 0 0 0 -0
0 180 0 -0 0 0 0 180 6.4144e-13 -48.8098 0 180 0 -0 0 180 0 -180
0 0 0 -0 0 180 0 180 1.16318e-12 -59.095 0 180 0 -180 0 180 0 -0
0 -180 0 -180 0 0 0 -0 5.00577e-13 -35.7639 0 -0 0 0 0 0 0 -180
0 -0 0 -0 0 -180 0 -180 1.30411e-12 -61.474 0 -180 0 180 0 180 0 0
0 -180 0 0 0 -180 0 -180 0.183539 -132.189 0 -180 0 -180 0 0 0 -180
0 -0 0 180 0 0 0 -0 0.80694 -152.384 0 -0 0 -0 0 180 0 0
inside=1 lambda=0.647 phi=15 theta=15
0 180 0 -180 0 -180 0 0 0.167509 -131.225 0 0 0 180 0 -180 0 -180
0 0 0 0 0 -0 0 -180 0.823475 -151.863 0 180 0 0 0 0 0 -0
0 180 0 -0 0 0 0 -180 0.004414 34.9092 0 0 0 -0 0 180 0 -180
0 0 0 -0 0 180 0 0 0.00507658 -122.93 0 180 0 -180 0 180 0 -0
0 -180 0 -180 0 0 0 -0 0.00441099 35.0777 0 180 0 0 0 0 0 -180
0 0 0 -0 0 -180 0 -0 0.00506472 -123.107 0 180 0 180 0 180 0 -0
0 -180 0 0 0 -180 0 -180 0.182386 -132.127 0 -180 0 -180 0 0 0 -180
0 0 0 180 0 0 0 -0 0.808124 -152.346 0 -0 0 -0 0 180 0 -0
inside=1 lambda=0.647 phi=15 theta=30
0 180 0 -180 0 -180 0 0 0.170648 -131.432 0 0 0 180 0 -180 0 -180
0 0 0 -0 0 -0 0 -180 0.820223 -151.964 0 180 0 0 0 0 0 -0
0 180 0 -0 0 0 0 -180 0.00764413 34.946 0 0 0 -0 0 180 0 -180
0 0 0 -0 0 180 0 0 0.00878817 -122.971 0 180 0 -180 0 180 0 -0
0 -180 0 -180 0 0 0 -0 0.00764112 35.0432 0 180 0 0 0 0 0 -180
0 0 0 -0 0 -180 0 -0 0.00877633 -123.074 0 180 0 180 0 180 0 -0
0 -180 0 0 0 180 0 -180 0.179238 -131.952 0 -180 0 -180 0 0 0 -180
0 0 0 -180 0 0 0 -0 0.81136 -152.243 0 -0 0 -0 0 180 0 -0
inside=1 lambda=0.647 phi=15 theta=45
0 180 0 -180 0 -180 0 0 0.174941 -131.7 0 0 0 180 0 -180 0 -180
0 0 0 -0 0 -0 0 -180 0.815788 -152.102 0 180 0 0 0 0 0 -0
0 -180 0 -0 0 0 0 -180 0.00882493 34.9952 0 0 0 -0 0 180 0 -180
0 0 0 -0 0 180 0 0 0.0101407 -123.024 0 180 0 -180 0 180 0 -0
0 -180 0 -180 0 -0 0 -0 0.00882493 34.9952 0 180 0 0 0 0 0 -180
0 0 0 0 0 -180 0 -0 0.0101407 -123.024 0 180 0 180 0 180 0 -0
0 180 0 0 0 180 0 -180 0.174941 -131.7 0 -180 0 -180 0 0 0 -180
0 0 0 -180 0 0 0 -0 0.815788 -152.102 0 0 0 -0 0 180 0 -0
inside=1 lambda=0.647 phi=20 theta=0
0 180 0 -180 0 -180 0 0 0.165675 -156.02 0 0 0 180 0 -180 0 -180
0 0 0 -0 0 -0 0 -180 0.831062 -165.289 0 180 0 0 0 -0 0 -0
0 180 0 -0 0 0 0 180 2.84827e-13 130.03 0 -0 0 -0 0 180 0 -180
0 0 0 -0 0 180 0 180 1.10189e-12 102.119 0 -180 0 -180 0 180 0 -0
0 -180 0 -180 0 0 0 0 2.87225e-13 118.237 0 -180 0 0 0 0 0 -180
0 -0 0 -0 0 180 0 180 6.69423e-13 121.139 0 0 0 180 0 180 0 -0
0 -180 0 0 0 -180 0 -180 0.198052 -157.356 0 -180 0 -180 0 0 0 -180
0 -0 0 180 0 -0 0 -0 0.798525 -166.266 0 -0 0 -0 0 180 0 -0
inside=1 lambda=0.647 phi=20 theta=15
0 180 0 -180 0 -180 0 0 0.167838 -156.132 0 0 0 180 0 -180 0 -180
0 0 0 -0 0 -0 0 -180 0.828871 -165.352 0 180 0 0 0 -0 0 -0
0 180 0 -0 0 0 0 -180 0.00822873 12.5436 0 0 0 -0 0 180 0 -180
0 0 0 -0 0 180 0 -0 0.00924552 -137.432 0 180 0 -180 0 180 0 -0
0 -180 0 -180 0 0 0 -0 0.00822078 12.8781 0 180 0 0 0 0 0 -180
0 -0 0 -0 0 180 0 -0 0.00920801 -137.754 0 180 0 180 0 180 0 -0
0 -180 0 0 0 -180 0 -180 0.195879 -157.286 0 -180 0 -180 0 0 0 -180
0 -0 0 180 0 0 0 -0 0.800693 -166.198 0 -0 0 -0 0 180 0 -0
inside=1 lambda=0.647 phi=20 theta=30
0 180 0 -180 0 -180 0 0 0.173754 -156.419 0 0 0 180 0 -180 0 -180
0 0 0 -0 0 -0 0 -180 0.822893 -165.526 0 180 0 0 0 -0 0 -0
0 180 0 -0 0 0 0 -180 0.0142496 12.6183 0 0 0 -0 0 180 0 -180
0 0 0 -0 0 180 0 -0 0.0159978 -137.513 0 180 0 -180 0 180 0 -0
0 -180 0 -180 0 0 0 -0 0.0142417 12.8108 0 180 0 0 0 0 0 -180
0 0 0 -0 0 -180 0 -0 0.0159604 -137.699 0 180 0 180 0 180 0 -0
0 -180 0 0 0 180 0 -180 0.189944 -157.083 0 -180 0 -180 0 0 0 -180
0 0 0 180 0 0 0 -0 0.806624 -166.014 0 -0 0 -0 0 180 0 -0
inside=1 lambda=0.647 phi=20 theta=45
0 180 0 -180 0 -180 0 0 0.181844 -156.772 0 0 0 180 0 -180 0 -180
0 0 0 -0 0 -0 0 180 0.814746 -165.767 0 180 0 0 0 -0 0 -0
0 -180 0 -0 0 0 0 -180 0.0164495 12.7164 0 0 0 -0 0 180 0 -180
0 0 0 -0 0 180 0 -0 0.0184499 -137.613 0 180 0 -180 0 180 0 -0
0 -180 0 -180 0 -0 0 -0 0.0164495 12.7164 0 180 0 0 0 0 0 -180
0 0 0 -0 0 -180 0 -0 0.0184499 -137.613 0 180 0 180 0 180 0 -0
0 180 0 0 0 180 0 -180 0.181844 -156.772 0 -180 0 -180 0 0 0 -180
0 0 0 180 0 0 0 -0 0.814746 -165.767 0 -0 0 -0 0 180 0 -0
inside=1 lambda=0.647 phi=25 theta=0
0 180 0 180 0 -180 0 0 0.159403 172.815 0 0 0 180 0 180 0 -180
0 0 0 -0 0 -0 0 180 0.84053 177.674 0 180 0 0 0 -0 0 -0
0 180 0 -0 0 0 0 180 2.01866e-13 -97.4667 0 0 0 -0 0 180 0 -180
0 0 0 -180 0 180 0 180 3.97228e-13 -95.7524 0 -0 0 -180 0 0 0 -0
0 -180 0 -180 0 0 0 180 1.46802e-13 -20.2611 0 -180 0 0 0 0 0 -180
0 -0 0 -0 0 180 0 0 4.53128e-13 -104.267 0 0 0 180 0 180 0 -0
0 -180 0 0 0 -180 0 -180 0.211051 171.798 0 -180 0 -180 0 0 0 -180
0 -0 0 180 0 -0 0 -0 0.788167 176.197 0 -0 0 -0 0 180 0 -0
inside=1 lambda=0.647 phi=25 theta=15
0 180 0 -180 0 -180 0 0 0.162855 172.709 0 0 0 180 0 180 0 -180
0 0 0 -0 0 -0 0 180 0.836995 177.581 0 180 0 0 0 -0 0 -0
0 180 0 -0 0 0 0 -180 0.0130128 -15.2139 0 0 0 -0 0 180 0 -180
0 0 0 -180 0 180 0 -0 0.014753 -155.671 0 180 0 -180 0 0 0 -0
0 -180 0 -180 0 0 0 -0 0.0129973 -14.6113 0 180 0 0 0 0 0 -180
0 -0 0 -0 0 180 0 -180 0.0146616 -156.197 0 0 0 180 0 180 0 -0
0 -180 0 0 0 -180 0 -180 0.207588 171.834 0 -180 0 -180 0 0 0 -180
0 -0 0 180 0 -0 0 -0 0.791647 176.302 0 -0 0 -0 0 180 0 -0
inside=1 lambda=0.647 phi=25 theta=30
0 180 0 -180 0 -180 0 0 0.172295 172.452 0 0 0 180 0 -180 0 -180
0 0 0 -0 0 -0 0 180 0.827357 177.322 0 180 0 0 0 -0 0 -0
0 180 0 -0 0 0 0 -180 0.0225339 -15.0761 0 0 0 -0 0 180 0 -180
0 0 0 -180 0 180 0 -0 0.0255111 -155.816 0 180 0 -180 0 0 0 -0
0 -180 0 -180 0 0 0 -0 0.0225187 -14.7306 0 180 0 0 0 0 0 -180
0 -0 0 -0 0 180 0 -180 0.0254205 -156.118 0 0 0 180 0 180 0 -0
0 -180 0 0 0 180 0 -180 0.198125 171.954 0 -180 0 -180 0 0 0 -180
0 -0 0 180 0 0 0 -0 0.801174 176.584 0 -0 0 -0 0 180 0 -0
inside=1 lambda=0.647 phi=25 theta=45
0 180 0 -180 0 -180 0 0 0.185204 172.169 0 0 0 180 0 -180 0 -180
0 0 0 -0 0 -0 0 180 0.814238 176.959 0 180 0 0 0 -0 0 -0
0 -180 0 -0 0 0 0 -180 0.0260116 -14.8987 0 0 0 -0 0 180 0 -180
0 -0 0 -180 0 180 0 -0 0.0294008 -155.984 0 180 0 -180 0 0 0 -0
0 -180 0 -180 0 -0 0 -0 0.0260116 -14.8987 0 180 0 0 0 0 0 -180
0 -0 0 -0 0 -180 0 -180 0.0294008 -155.984 0 0 0 180 0 180 0 -0
0 180 0 0 0 180 0 -180 0.185204 172.169 0 -180 0 -180 0 0 0 -180
0 0 0 180 0 0 0 -0 0.814238 176.959 0 -0 0 -0 0 180 0 -0
inside=1 lambda=0.647 phi=30 theta=0
0 180 0 180 0 -180 0 0 0.145667 134.613 0 0 0 180 0 180 0 -180
0 0 0 -0 0 -0 0 180 0.853676 157.235 0 180 0 0 0 -0 0 -0
0 180 0 -0 0 0 0 -180 3.87787e-13 34.5932 0 180 0 -0 0 180 0 -180
0 -0 0 -180 0 180 0 -0 3.20936e-13 29.0826 0 -0 0 180 0 0 0 -0
0 -180 0 -180 0 0 0 -0 1.07143e-13 -3.26671 0 -0 0 0 0 0 0 -180
0 -0 0 -0 0 180 0 0 3.36191e-13 73.0451 0 -0 0 180 0 180 0 -0
0 -180 0 0 0 -180 0 -180 0.215984 134.793 0 -180 0 -180 0 0 0 -180
0 -0 0 180 0 -0 0 -0 0.776839 155.172 0 -0 0 -0 0 180 0 -0
inside=1 lambda=0.647 phi=30 theta=15
0 180 0 180 0 -180 0 0 0.150366 134.586 0 0 0 180 0 180 0 -180
0 0 0 -0 0 -0 0 180 0.848474 157.107 0 180 0 0 0 -0 0 -0
0 180 0 -0 0 0 0 -180 0.0176728 -49.5793 0 0 0 -0 0 180 0 -180
0 -0 0 -180 0 180 0 -0 0.0215673 -176.889 0 180 0 180 0 0 0 -0
0 -180 0 -180 0 0 0 -0 0.017643 -48.5436 0 0 0 0 0 0 0 -180
0 -0 0 -0 0 180 0 -180 0.0213732 -177.705 0 0 0 180 0 180 0 -0
0 -180 0 0 0 -180 0 -180 0.211276 134.748 0 -180 0 -180 0 0 0 -180
0 -0 0 180 0 -0 0 -0 0.781927 155.322 0 -0 0 -0 0 180 0 -0
inside=1 lambda=0.647 phi=30 theta=30
0 180 0 -180 0 -180 0 0 0.16322 134.548 0 0 0 180 0 180 0 -180
0 0 0 -0 0 -0 0 180 0.834301 156.752 0 180 0 0 0 -0 0 -0
0 180 0 -0 0 0 0 -180 0.0306047 -49.3347 0 0 0 -0 0 180 0 -180
0 -0 0 -180 0 180 0 -0 0.037258 -177.139 0 180 0 180 0 0 0 -0
0 -180 0 -180 0 0 0 -0 0.0305761 -48.7452 0 0 0 0 0 0 0 -180
0 -0 0 -0 0 180 0 -180 0.0370676 -177.606 0 0 0 180 0 180 0 -0
0 -180 0 0 0 180 0 -180 0.198402 134.647 0 -180 0 -180 0 0 0 -180
0 -0 0 180 0 -0 0 -0 0.795877 155.723 0 -0 0 -0 0 180 0 -0
inside=1 lambda=0.647 phi=30 theta=45
0 180 0 -180 0 -180 0 0 0.180805 134.564 0 0 0 180 0 -180 0 -180
0 -0 0 -0 0 -0 0 180 0.815033 156.249 0 180 0 0 0 -0 0 -0
0 -180 0 -0 0 0 0 -180 0.0353259 -49.0292 0 0 0 -0 0 0 0 -180
0 -0 0 -180 0 180 0 -0 0.042898 -177.409 0 180 0 180 0 0 0 -0
0 -180 0 -180 0 -0 0 -0 0.0353259 -49.0292 0 0 0 0 0 0 0 -180
0 -0 0 -0 0 180 0 -180 0.042898 -177.409 0 0 0 180 0 180 0 -0
0 180 0 0 0 180 0 -180 0.180805 134.564 0 -180 0 -180 0 0 0 -180
0 -0 0 180 0 0 0 -0 0.815033 156.249 0 -0 0 -0 0 180 0 -0
inside=1 lambda=0.647 phi=35 theta=0
0 180 0 180 0 -180 0 0 0.126999 88.0679 0 0 0 180 0 180 0 -180
0 0 0 -0 0 -180 0 180 0.870605 133.629 0 0 0 0 0 -0 0 -180
0 180 0 -0 0 0 0 180 3.46609e-13 179.879 0 180 0 -0 0 180 0 -180
0 -0 0 -180 0 0 0 0 7.90524e-13 -143.117 0 -0 0 180 0 0 0 -180
0 -180 0 -180 0 0 0 -0 1.26539e-13 132.125 0 -0 0 0 0 0 0 -180
0 -0 0 -0 0 180 0 -180 1.89273e-13 -138.937 0 -0 0 180 0 180 0 -0
0 -180 0 0 0 -180 0 -180 0.207585 89.2523 0 -180 0 -180 0 0 0 -180
0 -0 0 180 0 -0 0 -180 0.765135 130.759 0 -0 0 -0 0 180 0 -0
inside=1 lambda=0.647 phi=35 theta=15
0 180 0 180 0 -180 0 0 0.132374 88.0963 0 0 0 180 0 180 0 -180
0 -0 0 -0 0 -180 0 180 0.863429 133.454 0 0 0 0 0 -0 0 -180
0 180 0 -0 0 0 0 -180 0.0204325 -94.9622 0 0 0 -0 0 180 0 -180
0 -0 0 -180 0 0 0 -0 0.0298631 159.951 0 0 0 180 0 0 0 -180
0 -180 0 -180 0 0 0 -0 0.0203354 -93.22 0 180 0 0 0 0 0 -180
0 -0 0 -0 0 180 0 -180 0.0294641 158.74 0 0 0 180 0 0 0 -0
0 -180 0 0 0 -180 0 -180 0.202213 89.1254 0 -180 0 -180 0 0 0 -180
0 -0 0 180 0 -0 0 -180 0.772079 130.973 0 -0 0 -180 0 0 0 -180
inside=1 lambda=0.647 phi=35 theta=30
0 180 0 180 0 -180 0 0 0.147103 88.2185 0 0 0 180 0 180 0 -180
0 -0 0 -0 0 -180 0 180 0.843904 132.967 0 0 0 0 0 -0 0 -180
0 180 0 -0 0 0 0 -180 0.0353719 -94.5282 0 0 0 -0 0 180 0 -180
0 -0 0 -180 0 0 0 -0 0.0515014 159.534 0 0 0 180 0 0 0 -180
0 -180 0 -180 0 0 0 -0 0.0352806 -93.5475 0 180 0 0 0 0 0 -180
0 -0 0 -0 0 180 0 -180 0.051117 158.846 0 0 0 0 0 0 0 -180
0 -180 0 0 0 180 0 -180 0.187476 88.8171 0 -180 0 -180 0 0 0 -180
0 -0 0 180 0 -0 0 -0 0.791152 131.538 0 -0 0 -180 0 0 0 -180
inside=1 lambda=0.647 phi=35 theta=45
0 180 0 -180 0 -180 0 0 0.167286 88.4741 0 0 0 180 0 180 0 -180
0 -0 0 -0 0 -180 0 180 0.817418 132.272 0 0 0 -0 0 -0 0 -180
0 180 0 -0 0 0 0 -180 0.0408013 -94.0111 0 0 0 -0 0 180 0 -180
0 -0 0 -180 0 0 0 -0 0.0592083 159.115 0 0 0 180 0 0 0 -180
0 180 0 -180 0 -0 0 -0 0.0408013 -94.0111 0 180 0 0 0 0 0 -180
0 -0 0 -0 0 180 0 -180 0.0592083 159.115 0 0 0 0 0 0 0 -180
0 180 0 0 0 180 0 -180 0.167286 88.4741 0 180 0 -180 0 0 0 -180
0 -0 0 180 0 -0 0 -0 0.817418 132.272 0 -0 0 -180 0 0 0 -180
inside=1 lambda=0.647 phi=40 theta=0
0 180 0 180 0 -180 0 -0 0.10972 33.7942 0 0 0 180 0 180 0 -180
0 -0 0 -0 0 -180 0 180 0.891364 107.223 0 0 0 -0 0 -0 0 -180
0 180 0 -0 0 0 0 -0 4.59117e-13 -87.1004 0 0 0 -0 0 180 0 -180
0 -0 0 -180 0 0 0 180 1.34823e-12 14.9093 0 0 0 180 0 0 0 -180
0 -180 0 -180 0 0 0 -0 4.39348e-13 -82.1319 0 180 0 0 0 0 0 -180
0 -180 0 -180 0 0 0 180 1.28057e-12 13.7244 0 -0 0 0 0 0 0 -180
0 -180 0 0 0 -180 0 -180 0.193429 30.1246 0 -180 0 -180 0 0 0 -180
0 -180 0 0 0 -180 0 -180 0.751085 103.006 0 -180 0 -180 0 0 0 -180
inside=1 lambda=0.647 phi=40 theta=15
0 180 0 180 0 -180 0 -0 0.115238 33.2006 0 0 0 180 0 180 0 -180
0 -0 0 -0 0 -180 0 180 0.881726 106.966 0 0 0 -0 0 -0 0 -180
0 180 0 -0 0 0 0 -180 0.0221752 -161.75 0 0 0 -0 0 180 0 -180
0 -0 0 -180 0 0 0 -0 0.0407429 135.323 0 0 0 180 0 0 0 -180
0 -180 0 -180 0 0 0 -0 0.0217441 -159.244 0 180 0 0 0 0 0 -180
0 -0 0 -180 0 180 0 -180 0.0399014 133.663 0 0 0 0 0 0 0 -180
0 -180 0 0 0 180 0 -180 0.187924 30.1281 0 -180 0 -180 0 0 0 -180
0 -0 0 0 0 -0 0 -180 0.76021 103.326 0 -180 0 -180 0 0 0 -180
inside=1 lambda=0.647 phi=40 theta=30
0 180 0 180 0 -180 0 -0 0.130513 31.9319 0 0 0 180 0 180 0 -180
0 -0 0 -0 0 -180 0 180 0.855572 106.259 0 0 0 -0 0 -0 0 -180
0 180 0 -0 0 0 0 -180 0.0382663 -161.052 0 0 0 -0 0 180 0 -180
0 -0 0 -180 0 0 0 -0 0.0700433 134.67 0 0 0 180 0 0 0 -180
0 180 0 -180 0 -0 0 -0 0.0378626 -159.662 0 180 0 0 0 0 0 -180
0 -0 0 -0 0 180 0 -180 0.0692555 133.734 0 0 0 0 0 0 0 -180
0 180 0 0 0 180 0 -180 0.17265 30.2811 0 180 0 -180 0 0 0 -180
0 -0 0 180 0 -0 0 -180 0.785381 104.17 0 -0 0 -180 0 0 0 -180
inside=1 lambda=0.647 phi=40 theta=45
0 180 0 -180 0 -180 0 -0 0.15158 30.8455 0 0 0 180 0 180 0 -180
0 -0 0 -180 0 -180 0 180 0.82024 105.25 0 0 0 -0 0 -0 0 -180
0 180 0 -0 0 0 0 -180 0.0439615 -160.29 0 0 0 -0 0 180 0 -180
0 -0 0 -180 0 0 0 -0 0.080323 134.067 0 0 0 180 0 0 0 -180
0 180 0 -180 0 -0 0 -0 0.0439615 -160.29 0 180 0 0 0 0 0 -180
0 -0 0 -0 0 180 0 -180 0.080323 134.067 0 0 0 0 0 0 0 -180
0 180 0 -0 0 180 0 -180 0.15158 30.8455 0 180 0 -180 0 0 0 -180
0 -0 0 180 0 -0 0 -180 0.82024 105.25 0 -0 0 -180 0 0 0 -180
inside=1 lambda=0.647 phi=45 theta=0
0 180 0 180 0 -180 0 -0 0.0933361 -22.8214 0 0 0 180 0 180 0 -180
0 -0 0 -0 0 -180 0.00885234 13.1641 0.916911 78.5317 0 0 0 -0 0 -0 0 -180
0 180 0 -0 0 0 0 180 5.66079e-13 -125.166 0 180 0 -0 0 180 0 -180
0 -0 0 180 0 0 1.9293e-13 52.6015 7.03406e-13 -23.2731 0 180 0 180 0 -0 0 -180
0 -180 0 -180 0 0 0 -180 4.082e-13 -137.649 0 180 0 0 0 0 0 -180
0 -180 0 -180 0 0 1.10029e-14 -66.2231 9.05273e-13 -14.0529 0 -180 0 0 0 0 0 -180
0 -180 0 0 0 -180 0 -180 0.209693 -42.8652 0 -180 0 -180 0 0 0 -180
0 -180 0 0 0 -180 0.0569329 -147.87 0.72834 72.2132 0 -180 0 -180 0 0 0 -180
inside=1 lambda=0.647 phi=45 theta=15
0 180 0 180 0 -180 0 -0 0.0996243 -25.8812 0 0 0 180 0 180 0 -180
0 -0 0 -0 0 -180 0 180 0.90416 78.1254 0 0 0 -0 0 -0 0 -180
0 180 0 -0 0 0 0 -180 0.0341184 117.562 0 0 0 -0 0 180 0 -180
0 -0 0 180 0 0 0 -180 0.056423 107.975 0 0 0 180 0 -0 0 -180
0 180 0 180 0 -0 0 -0 0.0330535 119.792 0 180 0 0 0 0 0 -180
0 -180 0 -180 0 0 0 180 0.0546894 105.962 0 -0 0 0 0 0 0 -180
0 180 0 -0 0 180 0 -180 0.202038 -42.3828 0 180 0 -180 0 0 0 -180
0 -180 0 0 0 -0 0 -180 0.740584 72.6878 0 -180 0 -180 0 0 0 -180
inside=1 lambda=0.647 phi=45 theta=30
0 180 0 180 0 -180 0 -0 0.119882 -32.2378 0 0 0 180 0 180 0 -180
0 -0 0 -180 0 -180 0 180 0.868575 77.0818 0 0 0 -0 0 -0 0 -180
0 180 0 -0 0 0 0 180 0.058666 118.299 0 0 0 -0 0 180 0 -180
0 -0 0 180 0 0 0 -180 0.0965 107.027 0 0 0 180 0 -0 0 -180
0 180 0 180 0 -0 0 -0 0.0577014 119.502 0 180 0 0 0 0 0 -180
0 -180 0 -180 0 180 0 180 0.0949587 105.893 0 -0 0 0 0 0 0 -180
0 180 0 -0 0 180 0 -180 0.179886 -40.9073 0 180 0 -180 0 0 0 -180
0 -0 0 0 0 -0 0 -180 0.774041 73.9783 0 -180 0 -180 0 0 0 -180
inside=1 lambda=0.647 phi=45 theta=45
0 180 0 180 0 -180 0 -0 0.149486 -37.676 0 0 0 180 0 180 0 -180
0 -0 0 -180 0 -180 0 180 0.820808 75.5983 0 0 0 -0 0 -0 0 -180
0 180 0 -0 0 0 0 180 0.0671506 118.987 0 0 0 -0 0 180 0 -180
0 -0 0 180 0 0 0 -180 0.110293 106.24 0 0 0 180 0 -0 0 -180
0 180 0 180 0 -0 0 -0 0.0671506 118.987 0 180 0 0 0 0 0 -180
0 -0 0 -180 0 180 0 180 0.110293 106.24 0 -0 0 0 0 0 0 -180
0 180 0 -0 0 180 0 180 0.149486 -37.676 0 180 0 -180 0 0 0 -180
0 -0 0 180 0 -0 0 -180 0.820808 75.5983 0 -0 0 -180 0 0 0 -180
