RSoft_BSDF_File_Version 2
1 0 5 2 1 0.182857
0.3 0.3
-1 1
-1 1
1 0.647 0.647
10 0 45 0.5
4 0 45
Begin_Dispersion_Data
0.647 1.45662 0 1 0 0
End_Dispersion_Data
inside=0 lambda=0.647 phi=0 theta=0
0 -180 0 -180 0 -180 0 0 0.095958 -44.1106 0 0 0 -180 0 -180 0 -180
0 -0 0 -0 0 -0 0 180 1.20133 121.413 0 180 0 -0 0 -0 0 -0
0 -180 0 -180 0 0 0 0 6.88396e-13 -38.7214 0 0 0 0 0 -180 0 -180
0 -0 0 0 0 180 0 -180 1.08962e-12 74.8088 0 -180 0 180 0 0 0 -0
0 -180 0 -0 0 0 0 0 2.03356e-13 171.591 0 0 0 0 0 -0 0 -180
0 -0 0 0 0 180 0 0 2.62626e-13 -31.4968 0 0 0 180 0 0 0 -0
0 -180 0 0 0 -180 0 -180 0.095958 -44.1106 0 -180 0 -180 0 0 0 -180
0 -0 0 180 0 -0 0 -0 1.20133 121.413 0 -0 0 -0 0 180 0 -0
inside=0 lambda=0.647 phi=0 theta=15
0 -180 0 -180 0 -180 0 0 0.095958 -44.1106 0 0 0 -180 0 -180 0 -180
0 -0 0 -0 0 -0 0 180 1.20133 121.413 0 180 0 -0 0 -0 0 -0
0 -180 0 -180 0 0 0 0 6.88396e-13 -38.7214 0 0 0 0 0 -180 0 -180
0 -0 0 0 0 180 0 -180 1.08962e-12 74.8088 0 -180 0 180 0 0 0 -0
0 -180 0 -0 0 0 0 0 2.03356e-13 171.591 0 0 0 0 0 -0 0 -180
0 -0 0 0 0 180 0 0 2.62626e-13 -31.4968 0 0 0 180 0 0 0 -0
0 -180 0 0 0 -180 0 -180 0.095958 -44.1106 0 -180 0 -180 0 0 0 -180
0 -0 0 180 0 -0 0 -0 1.20133 121.413 0 -0 0 -0 0 180 0 -0
inside=0 lambda=0.647 phi=0 theta=30
0 -180 0 -180 0 -180 0 0 0.095958 -44.1106 0 0 0 -180 0 -180 0 -180
0 -0 0 -0 0 -0 0 180 1.20133 121.413 0 180 0 -0 0 -0 0 -0
0 -180 0 -180 0 0 0 0 6.88396e-13 -38.7214 0 0 0 0 0 -180 0 -180
0 -0 0 0 0 180 0 -180 1.08962e-12 74.8088 0 -180 0 180 0 0 0 -0
0 -180 0 -0 0 0 0 0 2.03356e-13 171.591 0 0 0 0 0 -0 0 -180
0 -0 0 0 0 180 0 0 2.62626e-13 -31.4968 0 0 0 180 0 0 0 -0
0 -180 0 0 0 -180 0 -180 0.095958 -44.1106 0 -180 0 -180 0 0 0 -180
0 -0 0 180 0 -0 0 -0 1.20133 121.413 0 -0 0 -0 0 180 0 -0
inside=0 lambda=0.647 phi=0 theta=45
0 -180 0 -180 0 -180 0 0 0.095958 -44.1106 0 0 0 -180 0 -180 0 -180
0 -0 0 -0 0 -0 0 180 1.20133 121.413 0 180 0 -0 0 -0 0 -0
0 -180 0 -180 0 0 0 0 6.88396e-13 -38.7214 0 0 0 0 0 -180 0 -180
0 -0 0 0 0 180 0 -180 1.08962e-12 74.8088 0 -180 0 180 0 0 0 -0
0 -180 0 -0 0 0 0 0 2.03356e-13 171.591 0 0 0 0 0 -0 0 -180
0 -0 0 0 0 180 0 0 2.62626e-13 -31.4968 0 0 0 180 0 0 0 -0
0 -180 0 0 0 -180 0 -180 0.095958 -44.1106 0 -180 0 -180 0 0 0 -180
0 -0 0 180 0 -0 0 -0 1.20133 121.413 0 -0 0 -0 0 180 0 -0
inside=0 lambda=0.647 phi=5 theta=0
0 -180 0 -180 0 -180 0 0 0.0933022 -43.9059 0 0 0 -180 0 -180 0 -180
0 -0 0 -0 0 -180 0 180 1.19905 120.727 0 0 0 -0 0 -0 0 -180
0 -180 0 -0 0 0 0 -0 1.05356e-13 46.797 0 0 0 0 0 180 0 -180
0 -0 0 -180 0 180 0 -0 3.31257e-13 -121.126 0 -0 0 180 0 0 0 -0
0 -180 0 -180 0 0 0 180 2.0719e-13 15.3498 0 180 0 0 0 0 0 -180
0 -0 0 -0 0 180 0 -0 4.62304e-13 -150.794 0 180 0 180 0 180 0 -0
0 -180 0 0 0 -180 0 -180 0.0950724 -44.8426 0 -180 0 -180 0 0 0 -180
0 -0 0 180 0 -0 0 -0 1.20403 120.739 0 -0 0 -0 0 180 0 -0
inside=0 lambda=0.647 phi=5 theta=15
0 -180 0 -180 0 -180 0 0 0.0934202 -43.9694 0 0 0 -180 0 -180 0 -180
0 -0 0 -0 0 -180 0 180 1.19938 120.727 0 0 0 -0 0 -0 0 -180
0 -180 0 -0 0 0 0 -180 0.000519371 105.558 0 0 0 0 0 180 0 -180
0 -0 0 -180 0 180 0 -0 0.0012513 -65.4496 0 0 0 180 0 0 0 -0
0 -180 0 -180 0 0 0 -0 0.000519743 105.477 0 180 0 0 0 0 0 -180
0 -0 0 -0 0 180 0 -180 0.00125062 -65.3469 0 0 0 180 0 180 0 -0
0 -180 0 0 0 -180 0 -180 0.0949532 -44.7807 0 -180 0 -180 0 0 0 -180
0 -0 0 180 0 -0 0 -0 1.2037 120.738 0 -0 0 -0 0 180 0 -0
inside=0 lambda=0.647 phi=5 theta=30
0 -180 0 -180 0 -180 0 0 0.0937429 -44.1425 0 0 0 -180 0 -180 0 -180
0 -0 0 -0 0 -180 0 180 1.2003 120.73 0 0 0 -0 0 -0 0 -0
0 -180 0 -0 0 0 0 -180 0.000899712 105.541 0 0 0 0 0 180 0 -180
0 -0 0 -180 0 180 0 -0 0.00216706 -65.4274 0 0 0 180 0 0 0 -0
0 -180 0 -180 0 0 0 -0 0.000900085 105.494 0 180 0 0 0 0 0 -180
0 -0 0 -0 0 180 0 -180 0.00216638 -65.3682 0 0 0 180 0 180 0 -0
0 -180 0 0 0 -180 0 -180 0.094628 -44.6109 0 -180 0 -180 0 0 0 -180
0 -0 0 180 0 -0 0 -0 1.20279 120.736 0 -0 0 -0 0 0 0 -0
inside=0 lambda=0.647 phi=5 theta=45
0 -180 0 -180 0 -180 0 0 0.0941848 -44.3775 0 0 0 -180 0 -180 0 -180
0 -0 0 -0 0 -0 0 180 1.20154 120.733 0 0 0 -0 0 -0 0 -0
0 -180 0 -0 0 0 0 -180 0.00103911 105.518 0 0 0 0 0 180 0 -180
0 -0 0 -180 0 180 0 -0 0.00250191 -65.3976 0 180 0 180 0 0 0 -0
0 -180 0 -180 0 0 0 -0 0.00103911 105.518 0 180 0 0 0 0 0 -180
0 -0 0 -0 0 180 0 -180 0.00250191 -65.3976 0 0 0 180 0 180 0 -0
0 -180 0 0 0 -180 0 -180 0.0941848 -44.3775 0 -180 0 -180 0 0 0 -180
0 -0 0 180 0 -0 0 -0 1.20154 120.733 0 -0 0 -0 0 0 0 -0
inside=0 lambda=0.647 phi=10 theta=0
0 -180 0 -180 0 -180 0 0 0.0855659 -42.8975 0 0 0 -180 0 -180 0 -180
0 -0 0 -0 0 -180 0 180 1.19185 118.667 0 0 0 -0 0 -0 0 -180
0 -180 0 -0 0 0 0 -180 1.02884e-13 26.3353 0 -0 0 0 0 180 0 -180
0 -0 0 -180 0 0 0 -0 1.84412e-13 -150.552 0 0 0 180 0 0 0 -180
0 -180 0 -180 0 0 0 180 9.08748e-14 15.3242 0 0 0 0 0 0 0 -180
0 -0 0 -0 0 180 0 -0 1.42557e-13 -143.514 0 -0 0 180 0 180 0 -0
0 -180 0 0 0 -180 0 -180 0.0921529 -47.1002 0 -180 0 -180 0 0 0 -180
0 -0 0 180 0 -0 0 -0 1.21248 118.713 0 -0 0 -0 0 180 0 -0
inside=0 lambda=0.647 phi=10 theta=15
0 -180 0 -180 0 -180 0 0 0.0859946 -43.1941 0 0 0 -180 0 -180 0 -180
0 -0 0 -0 0 -180 0 180 1.19324 118.67 0 0 0 -0 0 -0 0 -180
0 -180 0 -0 0 0 0 -180 0.00201874 101.463 0 0 0 0 0 180 0 -180
0 -0 0 -180 0 0 0 -0 0.00518909 -67.6967 0 0 0 180 0 0 0 -180
0 -180 0 -180 0 0 0 -180 0.0020254 101.131 0 180 0 0 0 0 0 -180
0 -0 0 -0 0 180 0 -180 0.00517772 -67.2934 0 0 0 180 0 0 0 -0
0 -180 0 0 0 -180 0 -180 0.0916998 -46.8324 0 -180 0 -180 0 0 0 -180
0 -0 0 180 0 -0 0 -0 1.2111 118.709 0 -0 0 -180 0 0 0 -0
inside=0 lambda=0.647 phi=10 theta=30
0 -180 0 -180 0 -180 0 0 0.0871754 -43.9925 0 0 0 -180 0 -180 0 -180
0 -0 0 -0 0 -180 0 180 1.19701 118.677 0 0 0 -0 0 -0 0 -180
0 -180 0 -0 0 0 0 -180 0.00349892 101.395 0 0 0 0 0 180 0 -180
0 -0 0 -180 0 0 0 -0 0.00898334 -67.6045 0 0 0 180 0 0 0 -180
0 -180 0 -180 0 0 0 -180 0.00350556 101.203 0 180 0 0 0 0 0 -180
0 -0 0 -0 0 180 0 -180 0.00897201 -67.372 0 0 0 0 0 0 0 -0
0 -180 0 0 0 -180 0 -180 0.0904702 -46.0914 0 -180 0 -180 0 0 0 -180
0 -0 0 180 0 -0 0 -0 1.20732 118.699 0 -0 0 -180 0 0 0 -180
inside=0 lambda=0.647 phi=10 theta=45
0 -180 0 -180 0 -180 0 0 0.0888107 -45.0563 0 0 0 -180 0 -180 0 -180
0 -0 0 -0 0 -180 0 180 1.20217 118.687 0 0 0 -0 0 -0 0 -180
0 -180 0 -0 0 0 0 -180 0.00404399 101.3 0 0 0 0 0 180 0 -180
0 -0 0 -180 0 0 0 -0 0.0103664 -67.4848 0 0 0 180 0 0 0 -180
0 -180 0 -180 0 0 0 -0 0.00404399 101.3 0 180 0 0 0 0 0 -180
0 -0 0 -0 0 180 0 -180 0.0103664 -67.4848 0 0 0 0 0 0 0 -180
0 -180 0 0 0 -180 0 -180 0.0888107 -45.0563 0 -180 0 -180 0 0 0 -180
0 -0 0 180 0 -0 0 -0 1.20217 118.687 0 -0 0 -180 0 0 0 -180
inside=0 lambda=0.647 phi=15 theta=0
0 -180 0 -180 0 -180 0 0 0.0737668 -39.5651 0 0 0 -180 0 -180 0 -180
0 -0 0 -0 0 -180 0 180 1.17861 115.239 0 0 0 -0 0 -0 0 -180
0 -180 0 -0 0 0 0 -0 7.14492e-14 178.642 0 180 0 0 0 180 0 -180
0 -0 0 -180 0 0 0 -0 1.96554e-13 21.3031 0 0 0 180 0 0 0 -180
0 -180 0 -180 0 0 0 180 1.30351e-13 -178.326 0 -180 0 0 0 0 0 -180
0 -180 0 -180 0 180 0 0 2.48816e-13 9.69802 0 -0 0 0 0 0 0 -0
0 -180 0 0 0 -180 0 -180 0.0863363 -51.1353 0 -180 0 -180 0 0 0 -180
0 -180 0 0 0 -0 0 -180 1.2279 115.328 0 -0 0 -180 0 0 0 -0
inside=0 lambda=0.647 phi=15 theta=15
0 -180 0 -180 0 -180 0 0 0.0745185 -40.4318 0 0 0 -180 0 -180 0 -180
0 -0 0 -0 0 -180 0 180 1.18192 115.241 0 0 0 -0 0 -0 0 -180
0 -180 0 -0 0 0 0 -180 0.00430968 93.8327 0 0 0 0 0 180 0 -180
0 -0 0 -180 0 0 0 -0 0.0124191 -71.5006 0 0 0 180 0 0 0 -180
0 -180 0 -180 0 0 0 -180 0.00435037 93.0608 0 180 0 0 0 0 0 -180
0 -0 0 -0 0 180 0 -180 0.0123571 -70.6201 0 0 0 0 0 0 0 -0
0 -180 0 0 0 -180 0 -180 0.0854146 -50.436 0 -180 0 -180 0 0 0 -180
0 -0 0 180 0 -0 0 -180 1.2246 115.318 0 -0 0 -180 0 0 0 -180
inside=0 lambda=0.647 phi=15 theta=30
0 -180 0 -180 0 -180 0 0 0.0766456 -42.7229 0 0 0 -180 0 -180 0 -180
0 -0 0 -0 0 -180 0 180 1.19094 115.25 0 0 0 -0 0 -0 0 -180
0 -180 0 -180 0 0 0 -180 0.00747811 93.6837 0 0 0 0 0 180 0 -180
0 -0 0 -180 0 0 0 -0 0.0214843 -71.2793 0 0 0 180 0 0 0 -180
0 -180 0 -180 0 0 0 -180 0.00751859 93.241 0 180 0 0 0 0 0 -180
0 -0 0 -0 0 180 0 -180 0.0214234 -70.7737 0 0 0 0 0 0 0 -180
0 -180 0 0 0 -180 0 -180 0.0829485 -48.4805 0 -180 0 -180 0 0 0 -180
0 -0 0 180 0 -0 0 -180 1.21559 115.294 0 -0 0 -180 0 0 0 -180
inside=0 lambda=0.647 phi=15 theta=45
0 -180 0 -180 0 -180 0 0 0.0797126 -45.6857 0 0 0 -180 0 -180 0 -180
0 -0 0 -0 0 -180 0 180 1.20327 115.268 0 0 0 -0 0 -0 0 -180
0 -180 0 -180 0 0 0 -180 0.00865752 93.47 0 0 0 0 0 180 0 -180
0 -0 0 -180 0 0 0 -0 0.0247711 -71.0098 0 0 0 180 0 0 0 -180
0 -180 0 -180 0 0 0 -180 0.00865752 93.47 0 180 0 0 0 0 0 -180
0 -0 0 -0 0 180 0 -180 0.0247711 -71.0098 0 0 0 0 0 0 0 -180
0 -180 0 0 0 -180 0 -180 0.0797126 -45.6857 0 -180 0 -180 0 0 0 -180
0 -0 0 180 0 -0 0 -0 1.20327 115.268 0 -0 0 -180 0 0 0 -180
inside=0 lambda=0.647 phi=20 theta=0
0 180 0 -180 0 -180 0 0 0.0611579 -30.2266 0 0 0 180 0 -180 0 -180
0 -0 0 -0 0 -180 0 180 1.15716 110.454 0 0 0 -0 0 -0 0 -180
0 -180 0 -0 0 0 0 -0 5.0419e-14 -108.813 0 0 0 0 0 180 0 -180
0 -0 0 -180 0 0 0 180 1.45358e-13 157.674 0 -0 0 180 0 0 0 -180
0 -180 0 -180 0 0 0 -0 7.68788e-14 10.0604 0 -0 0 0 0 0 0 -180
0 -180 0 -180 0 180 0 -180 1.77748e-13 -161.101 0 -180 0 0 0 0 0 -0
0 -180 0 0 0 -180 0 -180 0.0759061 -57.7526 0 -180 0 -180 0 0 0 -180
0 -180 0 0 0 -0 0 -180 1.25281 110.571 0 -0 0 -180 0 0 0 -0
inside=0 lambda=0.647 phi=20 theta=15
0 -180 0 -180 0 -180 0 0 0.0616957 -32.3442 0 0 0 180 0 -180 0 -180
0 -0 0 -0 0 -180 0 180 1.16357 110.447 0 0 0 -0 0 -0 0 -180
0 -180 0 -180 0 0 0 -180 0.00708031 80.8428 0 0 0 0 0 180 0 -180
0 -0 0 -180 0 0 0 -0 0.0241692 -76.9448 0 0 0 180 0 0 0 -180
0 -180 0 -180 0 0 0 -180 0.00724959 79.4777 0 0 0 0 0 0 0 -180
0 -180 0 -180 0 180 0 -180 0.0239427 -75.4412 0 0 0 0 0 0 0 -180
0 -180 0 0 0 -180 0 -180 0.0745342 -56.1358 0 -180 0 -180 0 0 0 -180
0 -180 0 180 0 -0 0 -180 1.2464 110.547 0 -0 0 -180 0 0 0 -180
inside=0 lambda=0.647 phi=20 theta=30
0 -180 0 -180 0 -180 0 0 0.0635418 -37.9154 0 0 0 180 0 -180 0 -180
0 -0 0 -0 0 -180 0 180 1.1811 110.439 0 0 0 -0 0 -0 0 -180
0 -180 0 -180 0 0 0 -180 0.0123117 80.6206 0 0 0 0 0 180 0 -180
0 -0 0 -180 0 0 0 -0 0.0417529 -76.5147 0 0 0 180 0 0 0 -180
0 -180 0 -180 0 0 0 -180 0.0124777 79.849 0 0 0 0 0 0 0 -180
0 -0 0 -0 0 180 0 -180 0.04154 -75.6615 0 0 0 0 0 0 0 -180
0 -180 0 0 0 -180 0 -180 0.0710301 -51.5999 0 -180 0 -180 0 0 0 -180
0 -0 0 180 0 -0 0 -180 1.22891 110.496 0 -0 0 -180 0 0 0 -180
inside=0 lambda=0.647 phi=20 theta=45
0 -180 0 -180 0 -180 0 0 0.066874 -45.0248 0 0 0 -180 0 -180 0 -180
0 -0 0 -0 0 -180 0 180 1.20501 110.453 0 0 0 -0 0 -0 0 -180
0 -180 0 -180 0 0 0 -180 0.014304 80.2694 0 0 0 0 0 0 0 -180
0 -0 0 -180 0 0 0 -0 0.0480788 -76.038 0 0 0 180 0 0 0 -180
0 -180 0 -180 0 0 0 -180 0.014304 80.2694 0 0 0 0 0 0 0 -180
0 -0 0 -0 0 180 0 -180 0.0480788 -76.038 0 0 0 0 0 0 0 -180
0 -180 0 0 0 -180 0 -180 0.066874 -45.0248 0 -180 0 -180 0 0 0 -180
0 -0 0 180 0 -0 0 -0 1.20501 110.453 0 -0 0 -180 0 0 0 -180
inside=0 lambda=0.647 phi=25 theta=0
0 180 0 180 0 -180 0 0 0.0569118 -10.8908 0 0 0 180 0 180 0 -180
0 -0 0 -0 0 -180 0 180 1.1236 104.362 0 0 0 -0 0 -0 0 -180
0 180 0 -180 0 0 0 -0 1.87829e-13 -141.037 0 180 0 -0 0 0 0 -180
0 -0 0 -180 0 0 0 180 1.83327e-13 -47.0824 0 -0 0 180 0 0 0 -180
0 -180 0 -180 0 0 0 0 2.49997e-13 133.179 0 -0 0 0 0 0 0 -180
0 -180 0 -180 0 0 0 -180 4.6227e-13 12.6292 0 0 0 0 0 0 0 -180
0 -180 0 0 0 -180 0 -180 0.0579108 -70.3648 0 -180 0 -180 0 0 0 -180
0 -180 0 0 0 -180 0 -180 1.29211 104.425 0 -180 0 -180 0 0 0 -180
inside=0 lambda=0.647 phi=25 theta=15
0 180 0 -180 0 -180 0 0 0.0554133 -14.4323 0 0 0 180 0 180 0 -180
0 -0 0 -0 0 -180 0 180 1.13493 104.311 0 0 0 -0 0 -0 0 -180
0 -180 0 -180 0 0 0 -180 0.0102359 58.403 0 0 0 -0 0 0 0 -180
0 -0 0 -180 0 0 0 -0 0.0428191 -84.1458 0 0 0 180 0 0 0 -180
0 -180 0 -180 0 0 0 -180 0.0108199 56.8085 0 0 0 0 0 0 0 -180
0 -180 0 -180 0 180 0 -180 0.0420897 -81.9071 0 0 0 0 0 0 0 -180
0 -180 0 0 0 -180 0 -180 0.056231 -66.2012 0 -180 0 -180 0 0 0 -180
0 -180 0 0 0 -0 0 -180 1.28083 104.363 0 -0 0 -180 0 0 0 -180
inside=0 lambda=0.647 phi=25 theta=30
0 180 0 -180 0 -180 0 0 0.0524507 -24.5324 0 0 0 180 0 180 0 -180
0 -0 0 -0 0 -180 0 180 1.16583 104.226 0 0 0 -0 0 -0 0 -180
0 -180 0 -180 0 0 0 -180 0.0178272 58.2882 0 0 0 -0 0 0 0 -180
0 -0 0 -180 0 0 0 -0 0.073735 -83.3862 0 0 0 180 0 0 0 -180
0 -180 0 -180 0 0 0 -180 0.0183781 57.4129 0 0 0 0 0 0 0 -180
0 -180 0 -180 0 180 0 -180 0.0731267 -82.1504 0 0 0 0 0 0 0 -180
0 -180 0 0 0 -180 0 -180 0.0528412 -54.9029 0 -180 0 -180 0 0 0 -180
0 -180 0 180 0 -0 0 -180 1.25004 104.253 0 -0 0 -180 0 0 0 -180
inside=0 lambda=0.647 phi=25 theta=45
0 -180 0 -180 0 -180 0 0 0.0510477 -39.422 0 0 0 180 0 -180 0 -180
0 -0 0 -0 0 -180 0 180 1.20796 104.196 0 0 0 -0 0 -0 0 -180
0 -180 0 -180 0 0 0 -180 0.0208414 57.9498 0 0 0 0 0 0 0 -180
0 -0 0 -180 0 0 0 -0 0.084745 -82.656 0 0 0 180 0 0 0 -180
0 -180 0 -180 0 0 0 -180 0.0208414 57.9498 0 0 0 0 0 0 0 -180
0 -0 0 -0 0 180 0 -180 0.084745 -82.656 0 0 0 0 0 0 0 -180
0 -180 0 0 0 180 0 -180 0.0510477 -39.422 0 -180 0 -180 0 0 0 -180
0 -0 0 180 0 -0 0 -0 1.20796 104.196 0 -0 0 -180 0 0 0 -180
inside=0 lambda=0.647 phi=30 theta=0
0 180 0 180 0 -180 0.0468266 -85.4295 0.0722253 9.323 0 0 0 180 0 180 0 -180
0 -0 0 -0 0 -180 0 180 1.06554 97.1847 0 0 0 -0 0 -0 0 -180
0 180 0 -180 0 0 3.18855e-13 -167.617 2.28226e-13 130.439 0 180 0 -0 0 0 0 -180
0 -0 0 -180 0 0 0 180 1.82697e-13 105.112 0 -0 0 180 0 0 0 -180
0 -180 0 -180 0 0 6.35545e-14 24.2169 5.77709e-13 -5.23545 0 180 0 0 0 0 0 -180
0 -180 0 -180 0 0 0 -0 2.14196e-13 73.6143 0 0 0 0 0 0 0 -180
0 -180 0 0 0 -180 0.203443 -117.629 0.0383369 -113.611 0 -180 0 -180 0 0 0 -180
0 -180 0 0 0 -180 0 -180 1.34942 96.9717 0 -180 0 -180 0 0 0 -180
inside=0 lambda=0.647 phi=30 theta=15
0 180 0 180 0 -180 0 -0 0.0701147 5.48515 0 0 0 180 0 180 0 -180
0 -0 0 -0 0 -180 0 180 1.08984 96.9796 0 0 0 -0 0 -0 0 -180
0 180 0 -180 0 0 0 -180 0.0163507 22.1668 0 0 0 -0 0 0 0 -180
0 -0 0 -180 0 0 0 -180 0.073931 -93.3896 0 0 0 180 0 0 0 -180
0 -180 0 -180 0 0 0 -180 0.0180358 22.7737 0 0 0 0 0 0 0 -180
0 -180 0 -180 0 180 0 -180 0.0708312 -90.3233 0 -0 0 0 0 0 0 -180
0 -180 0 0 0 -180 0 -180 0.0281102 -102.457 0 -180 0 -180 0 0 0 -180
0 -180 0 0 0 -0 0 -180 1.33691 96.7919 0 -180 0 -180 0 0 0 -180
inside=0 lambda=0.647 phi=30 theta=30
0 180 0 -180 0 -180 0 -0 0.0548164 -2.43594 0 0 0 180 0 180 0 -180
0 -0 0 -0 0 -180 0 180 1.14231 96.5606 0 0 0 -0 0 -0 0 -180
0 180 0 -180 0 0 0 -180 0.0277688 22.4681 0 0 0 -0 0 0 0 -180
0 -0 0 -180 0 0 0 -180 0.12546 -91.9787 0 0 0 180 0 -0 0 -180
0 -180 0 -180 0 0 0 -180 0.0291672 22.7047 0 0 0 0 0 0 0 -180
0 -180 0 -180 0 180 0 -180 0.123845 -90.3844 0 -0 0 0 0 0 0 -180
0 -180 0 0 0 -180 0 -180 0.0247554 -54.5849 0 -180 0 -180 0 0 0 -180
0 -180 0 180 0 -0 0 -180 1.28492 96.4427 0 -0 0 -180 0 0 0 -180
inside=0 lambda=0.647 phi=30 theta=45
0 180 0 -180 0 -180 0 -0 0.037175 -17.5105 0 0 0 180 0 180 0 -180
0 -0 0 -0 0 -180 0 180 1.21369 96.3807 0 0 0 -0 0 -0 0 -180
0 -180 0 -180 0 0 0 -180 0.0325074 22.6061 0 0 0 -0 0 0 0 -180
0 -0 0 -180 0 0 0 -180 0.143762 -90.9797 0 0 0 180 0 -0 0 -180
0 -180 0 -180 0 -0 0 -180 0.0325074 22.6061 0 0 0 0 0 0 0 -180
0 -0 0 -180 0 180 0 -180 0.143762 -90.9797 0 -0 0 0 0 0 0 -180
0 180 0 -0 0 180 0 -180 0.037175 -17.5105 0 180 0 -180 0 0 0 -180
0 -0 0 180 0 -0 0 -0 1.21369 96.3807 0 -0 0 -180 0 0 0 -180
inside=0 lambda=0.647 phi=35 theta=0
0 180 0 180 0 -180 0.133066 -74.962 0.110004 6.61128 0 0 0 180 0 180 0 -180
0 -0 0 -0 0 -180 0 180 0.965232 88.2725 0 0 0 -0 0 -0 0 -180
0 -180 0 -180 0 0 1.14316e-13 133.933 8.43098e-14 42.235 0 -180 0 0 0 0 0 -180
0 -0 0 180 0 0 0 -0 2.44856e-13 -3.46755 0 180 0 180 0 -0 0 -180
0 -180 0 -180 0 0 2.08882e-13 -102.949 1.82503e-13 87.8959 0 0 0 0 0 0 0 -180
0 -180 0 -180 0 0 0 -180 1.52567e-13 -128.608 0 -0 0 0 0 0 0 -180
0 -180 0 0 0 -180 0.244655 -89.2918 0.0569237 169.815 0 -180 0 -180 0 0 0 -180
0 -180 0 0 0 -180 0 -180 1.44827 87.1783 0 -180 0 -180 0 0 0 -180
inside=0 lambda=0.647 phi=35 theta=15
0 180 0 180 0 -180 0.104745 -83.5517 0.103026 7.68927 0 0 0 180 0 180 0 -180
0 -0 0 -0 0 -180 0 180 1.00259 88.0926 0 0 0 -0 0 -0 0 -180
0 180 0 -180 0 0 0.0348265 -151.211 0.0345301 -12.3032 0 0 0 -0 0 0 0 -180
0 -0 0 -180 0 0 0 -0 0.128026 -101.752 0 0 0 180 0 -0 0 -180
0 -180 0 -180 0 0 0.0610165 -115.957 0.0364208 -8.50554 0 0 0 0 0 0 0 -180
0 -180 0 -180 0 0 0 -180 0.12376 -101.042 0 -0 0 0 0 0 0 -180
0 -180 0 0 0 -180 0.221218 -100.694 0.0448093 159.303 0 -180 0 -180 0 0 0 -180
0 -180 0 0 0 -180 0 -180 1.4217 87.0857 0 -180 0 -180 0 0 0 -180
inside=0 lambda=0.647 phi=35 theta=30
0 180 0 180 0 -180 0 -0 0.0824297 8.61631 0 0 0 180 0 180 0 -180
0 -0 0 -0 0 -180 0 180 1.10451 87.29 0 0 0 -0 0 -0 0 -180
0 180 0 -180 0 0 0 -180 0.0606809 -16.3518 0 0 0 -0 0 0 0 -180
0 -0 0 -180 0 0 0 -180 0.216904 -102.409 0 0 0 180 0 -0 0 -180
0 -180 0 -180 0 0 0 -180 0.0629227 -14.5178 0 0 0 0 0 0 0 -180
0 -180 0 -180 0 180 0 -180 0.212272 -100.588 0 -0 0 0 0 0 0 -180
0 -180 0 0 0 -180 0 -180 0.0238302 97.3445 0 -180 0 -180 0 0 0 -180
0 -180 0 180 0 -0 0 -180 1.34868 86.7537 0 -0 0 -180 0 0 0 -180
inside=0 lambda=0.647 phi=35 theta=45
0 180 0 -180 0 -180 0 -0 0.0446869 23.1299 0 0 0 180 0 180 0 -180
0 -0 0 -0 0 -180 0 180 1.22689 86.677 0 0 0 -0 0 -0 0 -180
0 -180 0 -180 0 0 0 -180 0.069788 -16.2418 0 0 0 -0 0 0 0 -180
0 -0 0 -180 0 0 0 -180 0.247099 -101.218 0 0 0 180 0 -0 0 -180
0 -180 0 -180 0 -0 0 -180 0.069788 -16.2418 0 0 0 0 0 0 0 -180
0 -0 0 -180 0 180 0 -180 0.247099 -101.218 0 -0 0 0 0 0 0 -180
0 180 0 -0 0 180 0 -180 0.0446869 23.1299 0 180 0 -180 0 0 0 -180
0 -0 0 180 0 -0 0 -0 1.22689 86.677 0 -0 0 -180 0 0 0 -180
inside=0 lambda=0.647 phi=40 theta=0
0 180 0 180 0 -180 0.253141 -64.3733 0.210745 -15.8603 0 0 0 180 0 180 0 -180
0 -0 0 -0 0 -180 0 180 0.760342 77.4639 0 0 0 -0 0 -0 0 -180
0 -180 0 -0 0 0 4.65488e-13 93.8593 4.92522e-13 -68.3618 0 -0 0 0 0 180 0 -180
0 -0 0 180 0 0 0 0 8.09353e-13 -133.883 0 180 0 180 0 -0 0 -180
0 -180 0 -180 0 0 1.68125e-12 -107.421 6.42666e-13 138.185 0 0 0 0 0 0 0 -180
0 -180 0 -180 0 0 0 180 3.46361e-13 -30.9607 0 0 0 0 0 0 0 -180
0 -180 0 0 0 -180 0.325233 -67.4936 0.188287 129.815 0 -180 0 -180 0 0 0 -180
0 -180 0 0 0 -180 0 -180 1.68075 74.0998 0 -180 0 -180 0 0 0 -180
inside=0 lambda=0.647 phi=40 theta=15
0 180 0 180 0 -180 0.205417 -74.8947 0.194922 -12.8177 0 0 0 180 0 180 0 -180
0 -0 0 -0 0 -180 0 180 0.830382 77.0048 0 0 0 -0 0 -0 0 -180
0 180 0 -0 0 0 0.0557711 -177.474 0.0950672 -39.5693 0 0 0 0 0 180 0 -180
0 -0 0 180 0 0 0 -0 0.239893 -113.256 0 0 0 180 0 -0 0 -180
0 -180 0 -180 0 0 0.107456 -99.9918 0.0960577 -37.4983 0 0 0 0 0 0 0 -180
0 -180 0 -180 0 0 0 -180 0.240054 -112.796 0 -0 0 0 0 0 0 -180
0 -180 0 0 0 -180 0.273478 -80.2191 0.172994 121.871 0 -180 0 -180 0 0 0 -180
0 -180 0 0 0 -180 0 -180 1.63496 73.8449 0 -180 0 -180 0 0 0 -180
inside=0 lambda=0.647 phi=40 theta=30
0 180 0 180 0 -180 0.0786733 -112.98 0.149262 0.329152 0 0 0 180 0 180 0 -180
0 -0 0 -0 0 -180 0 180 1.02226 75.5854 0 0 0 -0 0 -0 0 -180
0 180 0 -0 0 0 0.0832004 -179.799 0.177174 -42.3621 0 0 0 -0 0 180 0 -180
0 -0 0 -180 0 0 0 -0 0.422056 -113.958 0 0 0 180 0 -0 0 -180
0 -180 0 -180 0 0 0.107684 -132.665 0.177048 -40.8613 0 0 0 0 0 0 0 -180
0 -180 0 -180 0 0 0 -180 0.410676 -113.74 0 -0 0 0 0 0 0 -180
0 180 0 0 0 -180 0.19487 -124.304 0.122076 97.9456 0 -180 0 -180 0 0 0 -180
0 -180 0 180 0 -0 0 -180 1.48817 73.7297 0 -0 0 -180 0 0 0 -180
inside=0 lambda=0.647 phi=40 theta=45
0 180 0 180 0 -180 0 -0 0.0931546 38.5534 0 0 0 180 0 180 0 -180
0 -0 0 -0 0 -180 0 180 1.26561 73.7208 0 0 0 -0 0 -0 0 -180
0 180 0 -180 0 0 0 180 0.20498 -44.8364 0 0 0 0 0 180 0 -180
0 -0 0 -180 0 0 0 -180 0.478272 -114.058 0 0 0 180 0 -0 0 -180
0 180 0 180 0 0 0 -180 0.20498 -44.8364 0 180 0 0 0 0 0 -180
0 -0 0 -180 0 180 0 -180 0.478272 -114.058 0 -0 0 0 0 0 0 -180
0 180 0 -0 0 180 0 180 0.0931546 38.5534 0 180 0 -180 0 0 0 -180
0 -0 0 180 0 -0 0 -0 1.26561 73.7208 0 -0 0 -180 0 0 0 -180
inside=0 lambda=0.647 phi=45 theta=0
0 180 0 180 0 -180 0.62984 -68.8134 0.746606 -111.032 0 180 0 180 0 180 0 -180
0 -0 0 -0 0 180 0 180 0 180 0 -0 0 -0 0 -0 0 180
0 180 0 -0 0 0 4.53671e-13 -172.217 3.57773e-13 70.3648 0 -180 0 -0 0 180 0 -180
0 -0 0 180 0 -0 0 180 0 -0 0 -180 0 180 0 -0 0 180
0 -180 0 -180 0 0 3.77302e-12 161.363 6.00696e-12 179.503 0 180 0 0 0 0 0 -180
0 -180 0 -180 0 0 0 0 0 0 0 -180 0 0 0 0 0 -180
0 -180 0 0 0 -180 0.60258 -69.5972 0.821303 54.0397 0 -180 0 -180 0 0 0 -180
0 -180 0 0 0 -180 0 -180 0 0 0 -180 0 -180 0 0 0 -180
inside=0 lambda=0.647 phi=45 theta=15
0 180 0 180 0 -180 0.491795 -83.7506 0.688828 -106.851 0 180 0 180 0 180 0 -0
0 -0 0 -0 0 180 0 180 0 180 0 -0 0 -0 0 -0 0 180
0 180 0 -0 0 0 0.222684 108.168 0.409554 -112.679 0 0 0 -0 0 180 0 -180
0 -0 0 180 0 -0 0 0 0 -180 0 -0 0 180 0 -0 0 180
0 -180 0 -180 0 0 0.236413 -100.967 0.412244 -115.732 0 180 0 0 0 0 0 -180
0 -180 0 -180 0 0 0 -180 0 -180 0 -180 0 0 0 0 0 -180
0 -180 0 0 0 -180 0.439425 -84.1085 0.787122 49.5918 0 -180 0 -180 0 0 0 -180
0 -180 0 0 0 -180 0 -180 0 0 0 -180 0 -180 0 0 0 180
inside=0 lambda=0.647 phi=45 theta=30
0 180 0 180 0 -180 0.185145 -111.621 0.45488 -93.409 0 180 0 180 0 180 0 -0
0 -0 0 -0 0 180 0 180 0 0 0 -0 0 -0 0 -0 0 180
0 180 0 -0 0 0 0.212537 85.5562 0.815564 -116.441 0 0 0 -0 0 180 0 -0
0 -0 0 180 0 -0 0 -0 0 -180 0 -0 0 180 0 -0 0 180
0 180 0 180 0 0 0.218835 -140.695 0.798001 -118.028 0 180 0 0 0 0 0 -180
0 -0 0 -180 0 0 0 180 0 -180 0 -0 0 0 0 -0 0 180
0 180 0 -0 0 -180 0.175355 -125.232 0.524181 32.8969 0 -180 0 -180 0 0 0 -180
0 -0 0 0 0 -180 0 -0 0 0 0 -180 0 -180 0 -0 0 180
inside=0 lambda=0.647 phi=45 theta=45
0 180 0 180 0 -180 0 -0 0.231549 -30.8351 0 180 0 180 0 180 0 -0
0 -0 0 -0 0 180 0 180 0 0 0 -0 0 -180 0 -180 0 180
0 180 0 -180 0 0 0 180 0.972823 -120.835 0 0 0 -0 0 180 0 -0
0 -0 0 180 0 -0 0 -0 0 -180 0 -0 0 0 0 -0 0 180
0 180 0 180 0 -0 0 -180 0.972823 -120.835 0 180 0 0 0 0 0 -0
0 -0 0 -0 0 0 0 180 0 -180 0 -0 0 -0 0 -0 0 180
0 180 0 -0 0 180 0 180 0.231549 -30.8351 0 180 0 -180 0 180 0 -0
0 -0 0 180 0 -180 0 -0 0 0 0 -180 0 180 0 -0 0 180
inside=1 lambda=0.647 phi=0 theta=0
0 -180 0 -180 0 -180 0 0 0.095958 106.937 0 0 0 -180 0 -180 0 -180
0 -180 0 -180 0 -180 0 0 0.824743 121.413 0 0 0 -180 0 -180 0 -180
0 -180 0 180 0 0 0 -0 7.87249e-13 -40.2149 0 -0 0 0 0 180 0 -180
0 -180 0 -180 0 0 0 -0 6.27233e-13 -121.482 0 -0 0 0 0 0 0 -180
0 -180 0 -180 0 0 0 180 2.12921e-13 -122.532 0 180 0 0 0 -180 0 -180
0 -180 0 180 0 0 0 180 1.30172e-13 -16.3768 0 0 0 0 0 0 0 -180
0 -180 0 0 0 -180 0 -180 0.095958 106.937 0 -180 0 -180 0 0 0 -180
0 -180 0 0 0 -180 0 -180 0.824743 121.413 0 -180 0 -180 0 0 0 -180
inside=1 lambda=0.647 phi=0 theta=15
0 -180 0 -180 0 -180 0 0 0.095958 106.937 0 0 0 -180 0 -180 0 -180
0 -180 0 -180 0 -180 0 0 0.824743 121.413 0 0 0 -180 0 -180 0 -180
0 -180 0 180 0 0 0 -0 7.87249e-13 -40.2149 0 -0 0 0 0 180 0 -180
0 -180 0 -180 0 0 0 -0 6.27233e-13 -121.482 0 -0 0 0 0 0 0 -180
0 -180 0 -180 0 0 0 180 2.12921e-13 -122.532 0 180 0 0 0 -180 0 -180
0 -180 0 180 0 0 0 180 1.30172e-13 -16.3768 0 0 0 0 0 0 0 -180
0 -180 0 0 0 -180 0 -180 0.095958 106.937 0 -180 0 -180 0 0 0 -180
0 -180 0 0 0 -180 0 -180 0.824743 121.413 0 -180 0 -180 0 0 0 -180
inside=1 lambda=0.647 phi=0 theta=30
0 -180 0 -180 0 -180 0 0 0.095958 106.937 0 0 0 -180 0 -180 0 -180
0 -180 0 -180 0 -180 0 0 0.824743 121.413 0 0 0 -180 0 -180 0 -180
0 -180 0 180 0 0 0 -0 7.87249e-13 -40.2149 0 -0 0 0 0 180 0 -180
0 -180 0 -180 0 0 0 -0 6.27233e-13 -121.482 0 -0 0 0 0 0 0 -180
0 -180 0 -180 0 0 0 180 2.12921e-13 -122.532 0 180 0 0 0 -180 0 -180
0 -180 0 180 0 0 0 180 1.30172e-13 -16.3768 0 0 0 0 0 0 0 -180
0 -180 0 0 0 -180 0 -180 0.095958 106.937 0 -180 0 -180 0 0 0 -180
0 -180 0 0 0 -180 0 -180 0.824743 121.413 0 -180 0 -180 0 0 0 -180
inside=1 lambda=0.647 phi=0 theta=45
0 -180 0 -180 0 -180 0 0 0.095958 106.937 0 0 0 -180 0 -180 0 -180
0 -180 0 -180 0 -180 0 0 0.824743 121.413 0 0 0 -180 0 -180 0 -180
0 -180 0 180 0 0 0 -0 7.87249e-13 -40.2149 0 -0 0 0 0 180 0 -180
0 -180 0 -180 0 0 0 -0 6.27233e-13 -121.482 0 -0 0 0 0 0 0 -180
0 -180 0 -180 0 0 0 180 2.12921e-13 -122.532 0 180 0 0 0 -180 0 -180
0 -180 0 180 0 0 0 180 1.30172e-13 -16.3768 0 0 0 0 0 0 0 -180
0 -180 0 0 0 -180 0 -180 0.095958 106.937 0 -180 0 -180 0 0 0 -180
0 -180 0 0 0 -180 0 -180 0.824743 121.413 0 -180 0 -180 0 0 0 -180
inside=1 lambda=0.647 phi=5 theta=0
0 -180 0 -180 0 -180 0 0 0.0947039 106.202 0 0 0 -180 0 -180 0 -180
0 -180 0 -180 0 -180 0 0 0.825676 121.09 0 0 0 -180 0 -180 0 -180
0 -180 0 -180 0 0 0 -0 6.19142e-14 -148.372 0 0 0 0 0 0 0 -180
0 -180 0 -180 0 0 0 -0 2.42076e-13 81.177 0 180 0 0 0 0 0 -180
0 -180 0 -180 0 0 0 180 6.677e-14 -136.212 0 -180 0 0 0 0 0 -180
0 -180 0 -180 0 0 0 -0 1.44737e-13 30.2327 0 -0 0 0 0 0 0 -180
0 -180 0 0 0 -180 0 -180 0.0955465 106.646 0 -180 0 -180 0 0 0 -180
0 -180 0 0 0 -180 0 -180 0.823944 121.096 0 -180 0 -180 0 0 0 -180
inside=1 lambda=0.647 phi=5 theta=15
0 -180 0 -180 0 -180 0 0 0.0947602 106.232 0 0 0 -180 0 -180 0 -180
0 -180 0 -180 0 -180 0 0 0.82556 121.091 0 0 0 -180 0 -180 0 -180
0 -180 0 -180 0 0 0 -180 0.000240857 -46.142 0 0 0 0 0 0 0 -180
0 -180 0 -180 0 0 0 -180 0.000435466 126.759 0 0 0 0 0 0 0 -180
0 -180 0 -180 0 0 0 -180 0.000241061 -46.0381 0 0 0 0 0 0 0 -180
0 -180 0 -180 0 0 0 -180 0.000435371 126.725 0 0 0 0 0 0 0 -180
0 -180 0 0 0 -180 0 -180 0.0954899 106.616 0 -180 0 -180 0 0 0 -180
0 -180 0 0 0 -180 0 -180 0.82406 121.095 0 -180 0 -180 0 0 0 -180
inside=1 lambda=0.647 phi=5 theta=30
0 -180 0 -180 0 -180 0 0 0.0949141 106.313 0 0 0 -180 0 -180 0 -180
0 -180 0 -180 0 -180 0 0 0.825243 121.092 0 0 0 -180 0 -180 0 -180
0 -180 0 -180 0 0 0 -180 0.000417251 -46.12 0 0 0 0 0 0 0 -180
0 -180 0 -180 0 0 0 -180 0.000754214 126.752 0 0 0 0 0 0 0 -180
0 -180 0 -180 0 0 0 -180 0.000417455 -46.0601 0 0 0 0 0 0 0 -180
0 -180 0 -180 0 0 0 -180 0.000754119 126.732 0 0 0 0 0 0 0 -180
0 -180 0 0 0 -180 0 -180 0.0953354 106.535 0 -180 0 -180 0 0 0 -180
0 -180 0 0 0 -180 0 -180 0.824377 121.094 0 -180 0 -180 0 0 0 -180
inside=1 lambda=0.647 phi=5 theta=45
0 -180 0 -180 0 -180 0 0 0.0951247 106.424 0 0 0 -180 0 -180 0 -180
0 -180 0 -180 0 -180 0 0 0.82481 121.093 0 0 0 -180 0 -180 0 -180
0 -180 0 -180 0 0 0 -180 0.000481918 -46.09 0 0 0 0 0 0 0 -180
0 -180 0 -180 0 0 0 -180 0.000870836 126.742 0 0 0 0 0 0 0 -180
0 -180 0 -180 0 0 0 -180 0.000481918 -46.09 0 0 0 0 0 0 0 -180
0 -180 0 -180 0 0 0 -180 0.000870836 126.742 0 0 0 0 0 0 0 -180
0 -180 0 0 0 -180 0 -180 0.0951247 106.424 0 -180 0 -180 0 0 0 -180
0 -180 0 0 0 -180 0 -180 0.82481 121.093 0 -180 0 -180 0 0 0 -180
inside=1 lambda=0.647 phi=10 theta=0
0 -180 0 -180 0 -180 0 0 0.0910071 103.927 0 0 0 -180 0 -180 0 -180
0 -0 0 -180 0 -180 0 0 0.828498 120.126 0 0 0 -0 0 -180 0 -180
0 -180 0 -180 0 0 0 180 1.96896e-13 172.05 0 0 0 0 0 0 0 -180
0 -0 0 -180 0 0 0 180 2.83664e-13 121.367 0 180 0 180 0 0 0 -180
0 -180 0 -180 0 0 0 180 3.96212e-14 47.3744 0 -0 0 0 0 0 0 -180
0 -180 0 -180 0 0 0 0 1.16748e-13 -149.371 0 -0 0 0 0 0 0 -180
0 -180 0 0 0 -180 0 -180 0.0942622 105.787 0 -180 0 -180 0 0 0 -180
0 -180 0 0 0 -180 0 -180 0.821522 120.148 0 -180 0 -180 0 0 0 -180
inside=1 lambda=0.647 phi=10 theta=15
0 -180 0 -180 0 -180 0 0 0.091223 104.055 0 0 0 -180 0 -180 0 -180
0 -180 0 -180 0 -180 0 0 0.828031 120.127 0 0 0 -0 0 -180 0 -180
0 -180 0 -180 0 0 0 -180 0.000945355 -46.2826 0 0 0 0 0 0 0 -180
0 -0 0 -180 0 0 0 -180 0.0017546 125.902 0 0 0 180 0 0 0 -180
0 -180 0 -180 0 0 0 -180 0.000948783 -45.863 0 0 0 0 0 0 0 -180
0 -180 0 -180 0 0 0 -180 0.00175306 125.766 0 0 0 0 0 0 0 -180
0 -180 0 0 0 -180 0 -180 0.094042 105.665 0 -180 0 -180 0 0 0 -180
0 -180 0 0 0 -180 0 -180 0.821989 120.146 0 -180 0 -180 0 0 0 -180
inside=1 lambda=0.647 phi=10 theta=30
0 -180 0 -180 0 -180 0 0 0.0918144 104.4 0 0 0 -180 0 -180 0 -180
0 -180 0 -180 0 -180 0 0 0.826754 120.131 0 0 0 -180 0 -180 0 -180
0 -180 0 -180 0 0 0 -180 0.00163866 -46.1932 0 0 0 0 0 0 0 -180
0 -0 0 -180 0 0 0 -180 0.00303847 125.871 0 0 0 180 0 0 0 -180
0 -180 0 -180 0 0 0 -180 0.00164209 -45.951 0 0 0 0 0 0 0 -180
0 -180 0 -180 0 0 0 -180 0.00303693 125.793 0 0 0 0 0 0 0 -180
0 -180 0 0 0 -180 0 -180 0.0934421 105.33 0 -180 0 -180 0 0 0 -180
0 -180 0 0 0 -180 0 -180 0.823266 120.142 0 -180 0 -180 0 0 0 -180
inside=1 lambda=0.647 phi=10 theta=45
0 -180 0 -180 0 -180 0 0 0.0926261 104.867 0 0 0 -180 0 -180 0 -180
0 -180 0 -180 0 -180 0 0 0.82501 120.137 0 0 0 -180 0 -180 0 -180
0 -180 0 -180 0 0 0 -180 0.00189415 -46.0718 0 0 0 0 0 0 0 -180
0 -180 0 -180 0 0 0 -180 0.00350762 125.831 0 0 0 180 0 0 0 -180
0 -180 0 -180 0 0 0 -180 0.00189415 -46.0718 0 0 0 0 0 0 0 -180
0 -180 0 -180 0 180 0 -180 0.00350762 125.831 0 0 0 0 0 0 0 -180
0 -180 0 0 0 -180 0 -180 0.0926261 104.867 0 -180 0 -180 0 0 0 -180
0 -180 0 0 0 -180 0 -180 0.82501 120.137 0 -180 0 -180 0 0 0 -180
inside=1 lambda=0.647 phi=15 theta=0
0 -180 0 -180 0 -180 0 0 0.0850892 99.885 0 0 0 -180 0 -180 0 -180
0 -0 0 -180 0 -180 0 180 0.833287 118.537 0 0 0 -0 0 -180 0 -180
0 -180 0 -180 0 0 0 180 1.29505e-13 -120.133 0 0 0 0 0 0 0 -180
0 -0 0 -180 0 0 0 180 2.45305e-13 29.5465 0 -0 0 180 0 0 0 -180
0 -180 0 -180 0 0 0 -0 1.90688e-13 -98.9415 0 -180 0 0 0 0 0 -180
0 -180 0 -180 0 0 0 0 2.44757e-13 50.9403 0 -180 0 0 0 0 0 -180
0 -180 0 0 0 -180 0 -180 0.091954 104.415 0 -180 0 -180 0 0 0 -180
0 -180 0 0 0 -180 0 -180 0.817407 118.584 0 -180 0 -180 0 0 0 -180
inside=1 lambda=0.647 phi=15 theta=15
0 -180 0 -180 0 -180 0 0 0.0855362 100.203 0 0 0 -180 0 -180 0 -180
0 -0 0 -180 0 -180 0 0 0.832223 118.539 0 0 0 -0 0 -0 0 -180
0 -180 0 -180 0 0 0 -180 0.00205804 -46.3718 0 0 0 0 0 0 0 -180
0 -0 0 -180 0 0 0 -180 0.00399707 124.501 0 0 0 180 0 0 0 -180
0 -180 0 -180 0 0 0 -0 0.00207685 -45.4136 0 0 0 0 0 0 0 -180
0 -180 0 -180 0 0 0 -180 0.00398906 124.195 0 0 0 0 0 0 0 -180
0 -180 0 0 0 -180 0 -180 0.0914821 104.124 0 -180 0 -180 0 0 0 -180
0 -180 0 0 0 -180 0 -180 0.818471 118.58 0 -180 0 -180 0 0 0 -180
inside=1 lambda=0.647 phi=15 theta=30
0 -180 0 -180 0 -180 0 0 0.0867675 101.059 0 0 0 -180 0 -180 0 -180
0 -0 0 -180 0 -180 0 0 0.829318 118.547 0 0 0 -0 0 -0 0 -180
0 -180 0 -180 0 0 0 -180 0.00357159 -46.1659 0 0 0 0 0 0 0 -180
0 -0 0 -180 0 0 0 -180 0.00692 124.428 0 0 0 180 0 0 0 -180
0 -180 0 -180 0 0 0 -0 0.00359039 -45.6136 0 0 0 0 0 0 0 -180
0 -180 0 -180 0 180 0 -180 0.00691202 124.251 0 0 0 0 0 0 0 -180
0 -180 0 0 0 -180 0 -180 0.0902012 103.322 0 -180 0 -180 0 0 0 -180
0 -180 0 0 0 -180 0 -180 0.821378 118.571 0 -180 0 -180 0 0 0 -180
inside=1 lambda=0.647 phi=15 theta=45
0 -180 0 -180 0 -180 0 0 0.0884719 102.204 0 0 0 -180 0 -180 0 -180
0 -180 0 -180 0 -180 0 0 0.825348 118.559 0 0 0 -0 0 -180 0 -180
0 -180 0 -180 0 0 0 -180 0.004135 -45.8883 0 0 0 0 0 0 0 -180
0 -180 0 -180 0 0 0 -180 0.00798581 124.335 0 0 0 180 0 0 0 -180
0 -180 0 -180 0 0 0 -180 0.004135 -45.8883 0 0 0 0 0 0 0 -180
0 -180 0 -180 0 180 0 -180 0.00798581 124.335 0 0 0 0 0 0 0 -180
0 -180 0 0 0 -180 0 -180 0.0884719 102.204 0 -180 0 -180 0 0 0 -180
0 -180 0 0 0 -0 0 -180 0.825348 118.559 0 -180 0 -180 0 0 0 -180
inside=1 lambda=0.647 phi=20 theta=0
0 -180 0 -180 0 -180 0 0 0.0774103 93.6108 0 0 0 -180 0 -180 0 -180
0 -0 0 -0 0 -180 0 180 0.840179 116.351 0 0 0 -0 0 -0 0 -180
0 -180 0 -180 0 0 0 -0 9.07572e-14 40.7583 0 -0 0 0 0 0 0 -180
0 -0 0 -180 0 0 0 0 1.30687e-13 -148.08 0 180 0 180 0 0 0 -180
0 -180 0 -180 0 0 0 180 1.2922e-13 45.0485 0 -0 0 0 0 0 0 -180
0 -180 0 -180 0 0 0 -0 1.20892e-13 -106.108 0 0 0 0 0 0 0 -180
0 -180 0 0 0 -180 0 -180 0.0883626 102.636 0 -180 0 -180 0 0 0 -180
0 -180 0 0 0 -180 0 -180 0.811476 116.428 0 -180 0 -180 0 0 0 -180
inside=1 lambda=0.647 phi=20 theta=15
0 -180 0 -180 0 -180 0 0 0.0780941 94.2659 0 0 0 -180 0 -180 0 -180
0 -0 0 -180 0 -180 0 180 0.838257 116.355 0 0 0 -0 0 -0 0 -180
0 -180 0 -180 0 0 0 -180 0.00348364 -46.1523 0 0 0 0 0 0 0 -180
0 -0 0 -180 0 0 0 -180 0.00723431 122.6 0 0 0 180 0 0 0 -180
0 -180 0 -180 0 0 0 -0 0.00355016 -44.42 0 0 0 0 0 0 0 -180
0 -180 0 -180 0 0 0 -180 0.00720794 122.055 0 0 0 0 0 0 0 -180
0 -180 0 0 0 -180 0 -180 0.0875838 102.074 0 -180 0 -180 0 0 0 -180
0 -180 0 0 0 -180 0 -180 0.8134 116.421 0 -180 0 -180 0 0 0 -180
inside=1 lambda=0.647 phi=20 theta=30
0 -180 0 -180 0 -180 0 0 0.0800019 96.0136 0 0 0 -180 0 -180 0 -180
0 -0 0 -180 0 -180 0 180 0.833006 116.366 0 0 0 -0 0 -0 0 -180
0 -180 0 -0 0 0 0 -180 0.0060586 -45.7761 0 0 0 0 0 0 0 -180
0 -0 0 -180 0 0 0 -180 0.0125193 122.457 0 0 0 180 0 0 0 -180
0 -180 0 -180 0 0 0 -0 0.00612496 -44.7808 0 0 0 0 0 0 0 -180
0 -180 0 -180 0 180 0 -180 0.0124932 122.143 0 0 0 0 0 0 0 -180
0 -180 0 0 0 -180 0 -180 0.0854863 100.512 0 -180 0 -180 0 0 0 -180
0 -180 0 0 0 -0 0 -180 0.818655 116.404 0 -180 0 -180 0 0 0 -180
inside=1 lambda=0.647 phi=20 theta=45
0 -180 0 -180 0 -180 0 0 0.0826967 98.3096 0 0 0 -180 0 -180 0 -180
0 -180 0 -180 0 -180 0 0 0.825831 116.383 0 0 0 -0 0 -0 0 -180
0 -180 0 -0 0 0 0 -180 0.00703438 -45.2746 0 0 0 0 0 0 0 -180
0 -0 0 -180 0 0 0 -180 0.0144403 122.286 0 0 0 180 0 0 0 -180
0 -180 0 -180 0 0 0 -0 0.00703438 -45.2746 0 0 0 0 0 0 0 -180
0 -0 0 -180 0 180 0 -180 0.0144403 122.286 0 0 0 0 0 0 0 -180
0 -180 0 0 0 -180 0 -180 0.0826967 98.3096 0 -180 0 -180 0 0 0 -180
0 -180 0 0 0 -0 0 -180 0.825831 116.383 0 -0 0 -180 0 0 0 -180
inside=1 lambda=0.647 phi=25 theta=0
0 -180 0 -180 0 -180 0 0 0.0688449 84.29 0 0 0 -180 0 -180 0 -180
0 -0 0 -0 0 -180 0 180 0.849397 113.61 0 0 0 -0 0 -0 0 -180
0 -180 0 -180 0 0 0 -0 3.60541e-14 62.1412 0 -180 0 0 0 0 0 -180
0 -0 0 -180 0 0 0 -0 6.20235e-14 -146.076 0 -180 0 180 0 0 0 -180
0 -180 0 -180 0 0 0 180 2.02176e-14 37.7851 0 180 0 0 0 0 0 -180
0 -180 0 -180 0 0 0 -0 9.78526e-14 -154.433 0 -0 0 0 0 0 0 -180
0 -180 0 0 0 -180 0 -180 0.0831109 100.65 0 -180 0 -180 0 0 0 -180
0 -180 0 0 0 -180 0 -180 0.80354 113.714 0 -180 0 -180 0 0 0 -180
inside=1 lambda=0.647 phi=25 theta=15
0 -180 0 -180 0 -180 0 0 0.0696435 85.5177 0 0 0 -180 0 -180 0 -180
0 -0 0 -0 0 -180 0 180 0.846326 113.613 0 0 0 -0 0 -0 0 -180
0 -180 0 -0 0 0 0 -180 0.00508819 -45.1671 0 0 0 0 0 0 0 -180
0 -0 0 -180 0 0 0 -180 0.0115788 120.258 0 0 0 180 0 0 0 -180
0 -180 0 -180 0 0 0 -0 0.00527571 -42.4349 0 0 0 0 0 0 0 -180
0 -180 0 -180 0 0 0 -180 0.0115102 119.403 0 0 0 0 0 0 0 -180
0 -180 0 0 0 -180 0 -180 0.0820183 99.6598 0 -180 0 -180 0 0 0 -180
0 -180 0 0 0 -180 0 -180 0.806615 113.703 0 -180 0 -180 0 0 0 -180
inside=1 lambda=0.647 phi=25 theta=30
0 -180 0 -180 0 -180 0 0 0.0719538 88.7609 0 0 0 -180 0 -180 0 -180
0 -0 0 -180 0 -180 0 180 0.837939 113.624 0 0 0 -0 0 -0 0 -180
0 -180 0 -0 0 0 0 -180 0.0088834 -44.5676 0 0 0 0 0 0 0 -180
0 -0 0 -180 0 0 0 -180 0.0200244 120.006 0 0 0 180 0 0 0 -180
0 -180 0 -180 0 0 0 -0 0.00906959 -43.0088 0 0 0 0 0 0 0 -180
0 -180 0 -180 0 180 0 -180 0.0199577 119.517 0 0 0 0 0 0 0 -180
0 -180 0 0 0 -180 0 -180 0.0791213 96.8957 0 -180 0 -180 0 0 0 -180
0 -180 0 0 0 -0 0 -180 0.815014 113.675 0 -180 0 -180 0 0 0 -180
inside=1 lambda=0.647 phi=25 theta=45
0 -180 0 -180 0 -180 0 0 0.0753911 92.9492 0 0 0 -180 0 -180 0 -180
0 -0 0 -180 0 -180 0 180 0.826479 113.645 0 0 0 -0 0 -0 0 -180
0 -180 0 -0 0 0 0 -180 0.0103659 -43.7817 0 0 0 0 0 0 0 -180
0 -0 0 -180 0 0 0 -180 0.0230812 119.728 0 0 0 180 0 0 0 -180
0 -180 0 -180 0 0 0 -0 0.0103659 -43.7817 0 0 0 0 0 0 0 -180
0 -0 0 -180 0 180 0 -180 0.0230812 119.728 0 0 0 0 0 0 0 -180
0 -180 0 0 0 -180 0 -180 0.0753911 92.9492 0 -180 0 -180 0 0 0 -180
0 -0 0 180 0 -0 0 -180 0.826479 113.645 0 -0 0 -180 0 0 0 -180
inside=1 lambda=0.647 phi=30 theta=0
0 -180 0 -180 0 -180 0 0 0.060997 70.7537 0 0 0 -180 0 -180 0 -180
0 -0 0 -0 0 -180 0 180 0.861273 110.372 0 0 0 -0 0 -0 0 -180
0 -180 0 -0 0 0 0 180 1.08119e-13 -0.808042 0 -0 0 0 0 180 0 -180
0 -0 0 -180 0 0 0 0 1.32354e-13 -115.984 0 -180 0 180 0 0 0 -180
0 -180 0 -180 0 0 0 -0 7.82208e-14 17.4237 0 -0 0 0 0 0 0 -180
0 -180 0 -180 0 0 0 -180 9.45252e-14 -144.873 0 180 0 0 0 0 0 -180
0 -180 0 0 0 -180 0 -180 0.0756992 98.8586 0 -180 0 -180 0 0 0 -180
0 -180 0 0 0 -180 0 -180 0.793335 110.488 0 -180 0 -180 0 0 0 -180
inside=1 lambda=0.647 phi=30 theta=15
0 -180 0 -180 0 -180 0 0 0.0615555 72.8664 0 0 0 -180 0 -180 0 -180
0 -0 0 -0 0 -180 0 180 0.856725 110.37 0 0 0 -0 0 -0 0 -180
0 -180 0 -0 0 0 0 -180 0.00671727 -42.6241 0 0 0 0 0 0 0 -180
0 -0 0 -180 0 0 0 -180 0.0172003 117.547 0 0 0 180 0 0 0 -180
0 -180 0 -180 0 0 0 -0 0.00717943 -38.7822 0 0 0 0 0 0 0 -180
0 -180 0 -180 0 0 0 -180 0.0170439 116.309 0 0 0 0 0 0 0 -180
0 -180 0 0 0 -180 0 -180 0.0743455 97.167 0 -180 0 -180 0 0 0 -180
0 -180 0 0 0 -180 0 -180 0.797895 110.469 0 -180 0 -180 0 0 0 -180
inside=1 lambda=0.647 phi=30 theta=30
0 -180 0 -180 0 -180 0 0 0.0634298 78.463 0 0 0 -180 0 -180 0 -180
0 -0 0 -180 0 -180 0 180 0.844302 110.372 0 0 0 -0 0 -0 0 -180
0 -180 0 -0 0 0 0 -180 0.0118096 -41.7765 0 0 0 0 0 0 0 -180
0 -0 0 -180 0 0 0 -180 0.0297148 117.134 0 0 0 180 0 0 0 -180
0 -180 0 -180 0 0 0 -0 0.012264 -39.614 0 0 0 0 0 0 0 -180
0 -180 0 -180 0 180 0 -180 0.0295677 116.431 0 0 0 0 0 0 0 -180
0 -180 0 0 0 -180 0 -180 0.0708805 92.4512 0 -180 0 -180 0 0 0 -180
0 -180 0 0 0 -0 0 -180 0.810343 110.428 0 -180 0 -180 0 0 0 -180
inside=1 lambda=0.647 phi=30 theta=45
0 -180 0 -180 0 -180 0 0 0.0667575 85.687 0 0 0 -180 0 -180 0 -180
0 -0 0 -180 0 -180 0 180 0.827329 110.391 0 0 0 -0 0 -0 0 -180
0 -180 0 -0 0 0 0 -180 0.0139004 -40.6904 0 0 0 0 0 0 0 -180
0 -0 0 -180 0 0 0 -180 0.0342187 116.713 0 0 0 180 0 0 0 -180
0 -180 0 -180 0 0 0 -0 0.0139004 -40.6904 0 0 0 0 0 0 0 -180
0 -0 0 -180 0 180 0 -180 0.0342187 116.713 0 0 0 0 0 0 0 -180
0 -180 0 0 0 -180 0 -180 0.0667575 85.687 0 -180 0 -180 0 0 0 -180
0 -0 0 180 0 -0 0 -180 0.827329 110.391 0 -0 0 -180 0 0 0 -180
inside=1 lambda=0.647 phi=35 theta=0
0 180 0 180 0 -180 0 0 0.0565462 52.3055 0 0 0 180 0 180 0 -180
0 -0 0 -0 0 -180 0 180 0.876308 106.712 0 0 0 -0 0 -0 0 -180
0 -180 0 -0 0 0 0 -0 7.54639e-14 173.704 0 180 0 0 0 180 0 -180
0 -0 0 -180 0 0 0 180 9.75265e-14 0.195223 0 -180 0 180 0 0 0 -180
0 -180 0 -180 0 0 0 180 1.16203e-13 -120.072 0 -180 0 0 0 0 0 -180
0 -180 0 -180 0 0 0 0 1.61369e-13 48.6146 0 180 0 0 0 0 0 -180
0 -180 0 0 0 -180 0 -180 0.0655345 98.1739 0 -180 0 -180 0 0 0 -180
0 -180 0 0 0 -180 0 -180 0.780492 106.81 0 -180 0 -180 0 0 0 -180
inside=1 lambda=0.647 phi=35 theta=15
0 -180 0 180 0 -180 0 0 0.0561683 55.415 0 0 0 180 0 180 0 -180
0 -0 0 -0 0 -180 0 180 0.869894 106.697 0 0 0 -0 0 -0 0 -180
0 -180 0 -0 0 0 0 -180 0.00826698 -37.1993 0 0 0 0 0 0 0 -180
0 -0 0 -180 0 0 0 -180 0.0243532 114.558 0 0 0 180 0 0 0 -180
0 -180 0 -180 0 0 0 -0 0.00930494 -32.6097 0 0 0 0 0 0 0 -180
0 -180 0 -180 0 0 0 -180 0.0240209 112.859 0 0 0 0 0 0 0 -180
0 -180 0 0 0 -180 0 -180 0.0640179 95.2241 0 -180 0 -180 0 0 0 -180
0 -180 0 0 0 -180 0 -180 0.786933 106.779 0 -180 0 -180 0 0 0 -180
inside=1 lambda=0.647 phi=35 theta=30
0 -180 0 -180 0 -180 0 0 0.0558779 63.9856 0 0 0 180 0 180 0 -180
0 -0 0 -180 0 -180 0 180 0.85238 106.674 0 0 0 -0 0 -0 0 -180
0 -180 0 -0 0 0 0 -180 0.0147139 -36.2095 0 0 0 0 0 0 0 -180
0 -0 0 -180 0 0 0 -180 0.0419972 113.903 0 0 0 180 0 0 0 -180
0 -180 0 -180 0 0 0 -0 0.0157147 -33.6857 0 0 0 0 0 0 0 -180
0 -180 0 -180 0 180 0 -180 0.0417021 112.951 0 0 0 0 0 0 0 -180
0 -180 0 0 0 -180 0 -180 0.0604837 87.1164 0 -180 0 -180 0 0 0 -180
0 -180 0 0 0 -0 0 -180 0.804499 106.719 0 -180 0 -180 0 0 0 -180
inside=1 lambda=0.647 phi=35 theta=45
0 -180 0 -180 0 -180 0 0 0.0572148 75.7034 0 0 0 180 0 -180 0 -180
0 -0 0 -180 0 -180 0 180 0.828453 106.678 0 0 0 -0 0 -0 0 -180
0 -180 0 -0 0 0 0 -180 0.0175686 -34.963 0 0 0 0 0 0 0 -180
0 -0 0 -180 0 0 0 -180 0.0483019 113.299 0 0 0 180 0 0 0 -180
0 -180 0 -180 0 0 0 -0 0.0175686 -34.963 0 0 0 0 0 0 0 -180
0 -0 0 -180 0 180 0 -180 0.0483019 113.299 0 0 0 0 0 0 0 -180
0 -180 0 0 0 180 0 -180 0.0572148 75.7034 0 -180 0 -180 0 0 0 -180
0 -0 0 180 0 -0 0 -180 0.828453 106.678 0 -0 0 -180 0 0 0 -180
inside=1 lambda=0.647 phi=40 theta=0
0 180 0 180 0 -180 0 -0 0.0588221 31.0566 0 0 0 180 0 180 0 -180
0 -0 0 -0 0 -180 0 180 0.895226 102.742 0 0 0 -0 0 -0 0 -180
0 180 0 -0 0 0 0 -0 3.90462e-14 -143.936 0 -0 0 -0 0 180 0 -180
0 -0 0 -180 0 0 0 -180 2.45096e-14 137.521 0 0 0 180 0 0 0 -180
0 -180 0 -180 0 0 0 0 8.63252e-14 128.562 0 -0 0 0 0 0 0 -180
0 -180 0 -180 0 0 0 -180 1.76291e-13 -22.5362 0 -0 0 0 0 0 0 -180
0 -180 0 0 0 -180 0 -180 0.0521672 101.234 0 -180 0 -180 0 0 0 -180
0 -180 0 0 0 -180 0 -180 0.764501 102.767 0 -180 0 -180 0 0 0 -180
inside=1 lambda=0.647 phi=40 theta=15
0 180 0 180 0 -180 0 -0 0.0565862 34.5419 0 0 0 180 0 180 0 -180
0 -0 0 -0 0 -180 0 180 0.886477 102.69 0 0 0 -0 0 -0 0 -180
0 -180 0 -0 0 0 0 -180 0.00989496 -27.0618 0 0 0 -0 0 180 0 -180
0 -0 0 -180 0 0 0 -180 0.0334292 111.411 0 0 0 180 0 0 0 -180
0 -180 0 -180 0 0 0 -0 0.0120288 -23.3792 0 0 0 0 0 0 0 -180
0 -180 0 -180 0 0 0 -180 0.0327351 109.16 0 0 0 0 0 0 0 -180
0 -180 0 0 0 -180 0 -180 0.0504731 95.5725 0 -180 0 -180 0 0 0 -180
0 -180 0 0 0 -180 0 -180 0.773313 102.708 0 -180 0 -180 0 0 0 -180
inside=1 lambda=0.647 phi=40 theta=30
0 -180 0 180 0 -180 0 -0 0.0516135 44.8157 0 0 0 180 0 180 0 -180
0 -0 0 -180 0 -180 0 180 0.8626 102.61 0 0 0 -0 0 -0 0 -180
0 -180 0 -0 0 0 0 -180 0.0179409 -26.4451 0 0 0 -0 0 0 0 -180
0 -0 0 -180 0 0 0 -180 0.0574585 110.381 0 0 0 180 0 0 0 -180
0 -180 0 -180 0 0 0 -0 0.019927 -24.4913 0 0 0 0 0 0 0 -180
0 -180 0 -180 0 180 0 -180 0.0569023 109.149 0 0 0 0 0 0 0 -180
0 -180 0 0 0 180 0 -180 0.047588 80.7032 0 -180 0 -180 0 0 0 -180
0 -180 0 0 0 -0 0 -180 0.797302 102.616 0 -180 0 -180 0 0 0 -180
inside=1 lambda=0.647 phi=40 theta=45
0 -180 0 -180 0 -180 0 0 0.0476164 61.4847 0 0 0 180 0 180 0 -180
0 -0 0 -180 0 -180 0 180 0.829977 102.578 0 0 0 -0 0 -0 0 -180
0 -180 0 -0 0 0 0 -180 0.0218496 -25.5588 0 0 0 -0 0 0 0 -180
0 -0 0 -180 0 0 0 -180 0.0659734 109.548 0 0 0 180 0 0 0 -180
0 -180 0 -180 0 -0 0 -0 0.0218496 -25.5588 0 0 0 0 0 0 0 -180
0 -0 0 -180 0 180 0 -180 0.0659734 109.548 0 0 0 0 0 0 0 -180
0 -180 0 0 0 180 0 -180 0.0476164 61.4847 0 180 0 -180 0 0 0 -180
0 -0 0 180 0 -0 0 -180 0.829977 102.578 0 -0 0 -180 0 0 0 -180
inside=1 lambda=0.647 phi=45 theta=0
0 180 0 180 0 -180 0 -0 0.0727077 11.371 0 0 0 180 0 180 0 -180
0 -0 0 -0 0 -180 0.0193642 23.428 0.917058 98.7279 0 0 0 -0 0 -0 0 -180
0 180 0 -0 0 0 0 -0 2.54648e-13 -141.173 0 0 0 -0 0 180 0 -180
0 -0 0 -180 0 0 5.85341e-13 -99.9051 1.67953e-13 49.4908 0 0 0 180 0 0 0 -180
0 -180 0 -180 0 0 0 -180 5.5382e-14 -172.251 0 0 0 0 0 0 0 -180
0 -180 0 -180 0 0 3.13926e-14 -78.7067 9.39787e-14 65.9939 0 180 0 0 0 0 0 -180
0 -180 0 0 0 -180 0 -180 0.035245 121.113 0 -180 0 -180 0 0 0 -180
0 -180 0 0 0 -180 0.152983 -113.808 0.742925 98.6057 0 -180 0 -180 0 0 0 -180
inside=1 lambda=0.647 phi=45 theta=15
0 180 0 180 0 -180 0 -0 0.0651542 14.8222 0 0 0 180 0 180 0 -180
0 -0 0 -0 0 -180 0 180 0.907379 98.4914 0 0 0 -0 0 -0 0 -180
0 180 0 -0 0 0 0 -180 0.012487 -11.3749 0 0 0 -0 0 180 0 -180
0 -0 0 -180 0 0 0 -180 0.0451101 108.33 0 0 0 180 0 0 0 -180
0 -180 0 -180 0 0 0 -0 0.0164219 -12.095 0 0 0 0 0 0 0 -180
0 -180 0 -180 0 0 0 -180 0.0435509 105.409 0 0 0 0 0 0 0 -180
0 -180 0 0 0 -180 0 -180 0.0339556 105.235 0 -180 0 -180 0 0 0 -180
0 -180 0 0 0 -180 0 -180 0.756473 98.3723 0 -180 0 -180 0 0 0 -180
inside=1 lambda=0.647 phi=45 theta=30
0 180 0 180 0 -180 0 -0 0.0532063 23.368 0 0 0 180 0 180 0 -180
0 -0 0 -0 0 -180 0 180 0.875591 98.2764 0 0 0 -0 0 -0 0 -180
0 -180 0 -0 0 0 0 -180 0.0229596 -12.3886 0 0 0 -0 0 0 0 -180
0 -0 0 -180 0 0 0 -180 0.0769418 106.64 0 0 0 180 0 0 0 -180
0 -180 0 -180 0 -0 0 -0 0.026383 -12.6889 0 0 0 0 0 0 0 -180
0 -180 0 -180 0 180 0 -180 0.0759347 105.099 0 0 0 0 0 0 0 -180
0 -180 0 0 0 180 0 -180 0.031776 72.4988 0 180 0 -180 0 0 0 -180
0 -180 0 180 0 -0 0 -180 0.788522 98.2007 0 -180 0 -180 0 0 0 -180
inside=1 lambda=0.647 phi=45 theta=45
0 -180 0 -180 0 -180 0 -0 0.0396779 40.7299 0 0 0 180 0 180 0 -180
0 -0 0 -180 0 -180 0 180 0.832106 98.1754 0 0 0 -0 0 -0 0 -180
0 -180 0 -0 0 0 0 -180 0.0284028 -12.7927 0 0 0 -0 0 0 0 -180
0 -0 0 -180 0 0 0 -180 0.0881458 105.522 0 0 0 180 0 0 0 -180
0 -180 0 -180 0 -0 0 -0 0.0284028 -12.7927 0 0 0 0 0 0 0 -180
0 -0 0 -180 0 180 0 -180 0.0881458 105.522 0 0 0 0 0 0 0 -180
0 -180 0 -0 0 180 0 -180 0.0396779 40.7299 0 180 0 -180 0 0 0 -180
0 -0 0 180 0 -0 0 -180 0.832106 98.1754 0 -0 0 -180 0 0 0 -180
