RSoft_BSDF_File_Version 2
1 0 5 2 1 1.18857
0.3 0.3
-1 1
-1 1
1 0.647 0.647
10 0 45 0.5
4 0 45
Begin_Dispersion_Data
0.647 1.45662 0 1 0 0
End_Dispersion_Data
inside=0 lambda=0.647 phi=0 theta=0
0 -180 0 -180 0 -180 0 0 0.178021 -4.31975 0 0 0 -180 0 -180 0 -180
0 180 0 180 0 180 0 -0 1.18763 -27.3348 0 -0 0 180 0 180 0 180
0 -180 0 0 0 0 0 -0 6.09234e-13 -53.738 0 -0 0 0 0 0 0 -180
0 180 0 -180 0 -0 0 180 2.48412e-12 -101.605 0 0 0 -0 0 -180 0 180
0 -180 0 -180 0 0 0 0 3.6486e-13 -96.6494 0 0 0 0 0 -180 0 -180
0 180 0 -180 0 -0 0 0 2.25539e-12 -106.798 0 -180 0 -0 0 -180 0 180
0 -180 0 0 0 -180 0 -180 0.178021 -4.31975 0 -180 0 -180 0 0 0 -180
0 180 0 -0 0 180 0 180 1.18763 -27.3348 0 180 0 180 0 -0 0 180
inside=0 lambda=0.647 phi=0 theta=15
0 -180 0 -180 0 -180 0 0 0.178021 -4.31975 0 0 0 -180 0 -180 0 -180
0 180 0 180 0 180 0 -0 1.18763 -27.3348 0 -0 0 180 0 180 0 180
0 -180 0 0 0 0 0 -0 6.09234e-13 -53.738 0 -0 0 0 0 0 0 -180
0 180 0 -180 0 -0 0 180 2.48412e-12 -101.605 0 0 0 -0 0 -180 0 180
0 -180 0 -180 0 0 0 0 3.6486e-13 -96.6494 0 0 0 0 0 -180 0 -180
0 180 0 -180 0 -0 0 0 2.25539e-12 -106.798 0 -180 0 -0 0 -180 0 180
0 -180 0 0 0 -180 0 -180 0.178021 -4.31975 0 -180 0 -180 0 0 0 -180
0 180 0 -0 0 180 0 180 1.18763 -27.3348 0 180 0 180 0 -0 0 180
inside=0 lambda=0.647 phi=0 theta=30
0 -180 0 -180 0 -180 0 0 0.178021 -4.31975 0 0 0 -180 0 -180 0 -180
0 180 0 180 0 180 0 -0 1.18763 -27.3348 0 -0 0 180 0 180 0 180
0 -180 0 0 0 0 0 -0 6.09234e-13 -53.738 0 -0 0 0 0 0 0 -180
0 180 0 -180 0 -0 0 180 2.48412e-12 -101.605 0 0 0 -0 0 -180 0 180
0 -180 0 -180 0 0 0 0 3.6486e-13 -96.6494 0 0 0 0 0 -180 0 -180
0 180 0 -180 0 -0 0 0 2.25539e-12 -106.798 0 -180 0 -0 0 -180 0 180
0 -180 0 0 0 -180 0 -180 0.178021 -4.31975 0 -180 0 -180 0 0 0 -180
0 180 0 -0 0 180 0 180 1.18763 -27.3348 0 180 0 180 0 -0 0 180
inside=0 lambda=0.647 phi=0 theta=45
0 -180 0 -180 0 -180 0 0 0.178021 -4.31975 0 0 0 -180 0 -180 0 -180
0 180 0 180 0 180 0 -0 1.18763 -27.3348 0 -0 0 180 0 180 0 180
0 -180 0 0 0 0 0 -0 6.09234e-13 -53.738 0 -0 0 0 0 0 0 -180
0 180 0 -180 0 -0 0 180 2.48412e-12 -101.605 0 0 0 -0 0 -180 0 180
0 -180 0 -180 0 0 0 0 3.6486e-13 -96.6494 0 0 0 0 0 -180 0 -180
0 180 0 -180 0 -0 0 0 2.25539e-12 -106.798 0 -180 0 -0 0 -180 0 180
0 -180 0 0 0 -180 0 -180 0.178021 -4.31975 0 -180 0 -180 0 0 0 -180
0 180 0 -0 0 180 0 180 1.18763 -27.3348 0 180 0 180 0 -0 0 180
inside=0 lambda=0.647 phi=5 theta=0
0 -180 0 -180 0 -180 0 0 0.173425 -4.98753 0 0 0 -180 0 -180 0 -180
0 180 0 180 0 180 0 -0 1.18606 -32.2847 0 -0 0 180 0 180 0 180
0 -180 0 -0 0 0 0 180 1.78587e-13 76.1277 0 -180 0 0 0 180 0 -180
0 180 0 0 0 -0 0 -180 2.81615e-12 -127.341 0 -0 0 -0 0 -180 0 180
0 -180 0 -180 0 0 0 -180 6.2994e-13 -109.486 0 -0 0 0 0 0 0 -180
0 180 0 180 0 -0 0 0 2.78504e-12 -110.556 0 180 0 -0 0 -0 0 180
0 -180 0 0 0 -180 0 -180 0.176976 -5.18077 0 -180 0 -180 0 0 0 -180
0 180 0 -0 0 180 0 180 1.19042 -32.4161 0 180 0 180 0 -0 0 180
inside=0 lambda=0.647 phi=5 theta=15
0 -180 0 -180 0 -180 0 0 0.173663 -5.00071 0 0 0 -180 0 -180 0 -180
0 180 0 180 0 180 0 -0 1.18635 -32.2936 0 -0 0 180 0 180 0 180
0 -180 0 -0 0 0 0 -180 0.000900145 166.432 0 0 0 0 0 180 0 -180
0 180 0 0 0 -0 0 180 0.00139519 109.001 0 -0 0 -0 0 -180 0 180
0 -180 0 -180 0 0 0 -0 0.000900143 166.426 0 180 0 0 0 0 0 -180
0 180 0 180 0 -0 0 0 0.00139377 109.066 0 -180 0 -0 0 -0 0 180
0 -180 0 0 0 -180 0 -180 0.176738 -5.16805 0 -180 0 -180 0 0 0 -180
0 180 0 -0 0 180 0 180 1.19012 -32.4074 0 180 0 180 0 -0 0 180
inside=0 lambda=0.647 phi=5 theta=30
0 -180 0 -180 0 -180 0 0 0.174313 -5.03654 0 0 0 -180 0 -180 0 -180
0 180 0 180 0 180 0 -0 1.18714 -32.3177 0 -0 0 180 0 180 0 180
0 -180 0 -0 0 0 0 -180 0.0015591 166.431 0 0 0 0 0 180 0 -180
0 180 0 0 0 -0 0 180 0.00241601 109.015 0 -0 0 -0 0 -180 0 180
0 -180 0 -180 0 0 0 -0 0.0015591 166.427 0 180 0 0 0 0 0 -180
0 180 0 180 0 -0 0 0 0.00241459 109.053 0 -180 0 -0 0 -0 0 180
0 -180 0 0 0 -180 0 -180 0.176088 -5.13315 0 -180 0 -180 0 0 0 -180
0 180 0 -0 0 180 0 180 1.18933 -32.3834 0 180 0 180 0 -0 0 180
inside=0 lambda=0.647 phi=5 theta=45
0 -180 0 -180 0 -180 0 0 0.175201 -5.08507 0 0 0 -180 0 -180 0 -180
0 180 0 180 0 180 0 -0 1.18823 -32.3506 0 -0 0 180 0 180 0 180
0 -180 0 -0 0 0 0 -180 0.00180029 166.429 0 0 0 0 0 180 0 -180
0 180 0 0 0 -0 0 180 0.00278894 109.034 0 -0 0 -0 0 -180 0 180
0 -180 0 -180 0 0 0 -0 0.00180029 166.429 0 180 0 0 0 0 0 -180
0 180 0 180 0 -0 0 0 0.00278894 109.034 0 -180 0 -0 0 -0 0 180
0 -180 0 0 0 -180 0 -180 0.175201 -5.08507 0 -180 0 -180 0 0 0 -180
0 180 0 -0 0 180 0 180 1.18823 -32.3506 0 180 0 180 0 -0 0 180
inside=0 lambda=0.647 phi=10 theta=0
0 180 0 -180 0 -180 0 0 0.158524 -5.97664 0 0 0 180 0 -180 0 -180
0 180 0 180 0 180 0 -0 1.18111 -47.2257 0 -0 0 180 0 180 0 180
0 -180 0 -0 0 0 0 -0 2.88031e-13 53.1676 0 180 0 0 0 180 0 -180
0 180 0 0 0 -0 0 0 1.79002e-12 47.7586 0 -180 0 -0 0 -180 0 180
0 -180 0 -180 0 0 0 -180 5.5528e-13 -114.905 0 180 0 0 0 0 0 -180
0 180 0 180 0 -0 0 -0 2.19115e-12 16.319 0 -180 0 -0 0 -0 0 180
0 -180 0 0 0 -180 0 -180 0.171368 -6.74878 0 -180 0 -180 0 0 0 -180
0 180 0 -0 0 180 0 180 1.19965 -47.7649 0 180 0 180 0 -0 0 180
inside=0 lambda=0.647 phi=10 theta=15
0 180 0 -180 0 -180 0 0 0.159384 -6.03199 0 0 0 180 0 -180 0 -180
0 180 0 180 0 180 0 -0 1.18235 -47.2627 0 -0 0 180 0 180 0 180
0 -180 0 -0 0 0 0 -180 0.0032715 164.987 0 0 0 0 0 180 0 -180
0 180 0 0 0 -0 0 180 0.00587164 94.5535 0 -0 0 -0 0 -180 0 180
0 -180 0 -180 0 0 0 -0 0.00327115 164.956 0 180 0 0 0 0 0 -180
0 180 0 180 0 -0 0 0 0.00584856 94.8184 0 -180 0 -0 0 -0 0 180
0 -180 0 0 0 -180 0 -180 0.170507 -6.70039 0 -180 0 -180 0 0 0 -180
0 180 0 -0 0 180 0 180 1.1984 -47.7296 0 180 0 180 0 -0 0 180
inside=0 lambda=0.647 phi=10 theta=30
0 180 0 -180 0 -180 0 0 0.161734 -6.18035 0 0 0 180 0 -180 0 -180
0 180 0 180 0 180 0 -0 1.18573 -47.363 0 -0 0 180 0 180 0 180
0 -180 0 -0 0 0 0 -180 0.00566639 164.981 0 0 0 0 0 180 0 -180
0 180 0 0 0 -0 0 180 0.0101608 94.6134 0 -0 0 -0 0 -180 0 180
0 -180 0 -180 0 0 0 -0 0.00566604 164.963 0 180 0 0 0 0 0 -180
0 180 0 180 0 -0 0 0 0.0101377 94.7663 0 -180 0 -0 0 -0 0 180
0 -180 0 0 0 -180 0 -180 0.168157 -6.56592 0 -180 0 -180 0 0 0 -180
0 180 0 -0 0 180 0 180 1.195 -47.6326 0 180 0 180 0 -0 0 180
inside=0 lambda=0.647 phi=10 theta=45
0 -180 0 -180 0 -180 0 0 0.164945 -6.37661 0 0 0 180 0 -180 0 -180
0 180 0 180 0 180 0 -0 1.19036 -47.4986 0 -0 0 180 0 180 0 180
0 -180 0 -0 0 0 0 -180 0.00654284 164.973 0 0 0 0 0 180 0 -180
0 180 0 0 0 -0 0 180 0.0117189 94.6918 0 -0 0 -0 0 -180 0 180
0 -180 0 -180 0 0 0 -0 0.00654284 164.973 0 180 0 0 0 0 0 -180
0 180 0 180 0 -0 0 0 0.0117189 94.6918 0 -180 0 -0 0 -0 0 180
0 -180 0 0 0 180 0 -180 0.164945 -6.37661 0 -180 0 -180 0 0 0 -180
0 180 0 -0 0 180 0 180 1.19036 -47.4986 0 180 0 180 0 -0 0 180
inside=0 lambda=0.647 phi=15 theta=0
0 180 0 -180 0 -180 0 0 0.135816 -3.55237 0 0 0 180 0 -180 0 -180
0 180 0 180 0 0 0 -0 1.17088 -72.4221 0 -180 0 180 0 180 0 0
0 180 0 -0 0 0 0 180 2.48198e-14 -69.0113 0 -0 0 -0 0 180 0 -180
0 180 0 0 0 -180 0 180 1.19321e-12 12.6393 0 -180 0 -0 0 -180 0 0
0 -180 0 -180 0 0 0 -0 4.25528e-13 -12.7759 0 -180 0 0 0 0 0 -180
0 0 0 0 0 -180 0 -0 1.19763e-12 26.8351 0 -180 0 -180 0 -180 0 0
0 -180 0 0 0 -180 0 -180 0.160214 -4.3376 0 -180 0 -180 0 0 0 -180
0 0 0 -180 0 0 0 0 1.21658 -73.7599 0 0 0 0 0 -180 0 0
inside=0 lambda=0.647 phi=15 theta=15
0 180 0 -180 0 -180 0 0 0.137456 -3.61231 0 0 0 180 0 -180 0 -180
0 180 0 180 0 0 0 -0 1.17391 -72.5169 0 -180 0 180 0 180 0 0
0 180 0 -0 0 0 0 -180 0.00621996 172.479 0 0 0 -0 0 180 0 -180
0 180 0 0 0 -180 0 180 0.0145287 68.6632 0 -180 0 -0 0 -180 0 0
0 -180 0 -180 0 0 0 -180 0.00621413 172.412 0 180 0 0 0 0 0 -180
0 180 0 0 0 -0 0 0 0.0144016 69.2486 0 -180 0 -180 0 -180 0 0
0 -180 0 0 0 -180 0 -180 0.158588 -4.291 0 -180 0 -180 0 0 0 -180
0 180 0 -180 0 180 0 0 1.21349 -73.6754 0 0 0 0 0 -180 0 0
inside=0 lambda=0.647 phi=15 theta=30
0 180 0 -180 0 -180 0 0 0.141933 -3.76972 0 0 0 180 0 -180 0 -180
0 180 0 180 0 0 0 -0 1.1822 -72.772 0 -180 0 180 0 180 0 0
0 180 0 -0 0 0 0 -180 0.0107725 172.466 0 0 0 -0 0 180 0 -180
0 180 0 0 0 -180 0 180 0.0251082 68.8069 0 -180 0 -0 0 -180 0 0
0 -180 0 -180 0 0 0 -180 0.0107667 172.428 0 180 0 0 0 0 0 -180
0 180 0 0 0 -0 0 0 0.0249817 69.1441 0 -180 0 -180 0 -180 0 0
0 -180 0 0 0 180 0 -180 0.154137 -4.16004 0 -180 0 -180 0 0 0 -180
0 180 0 -0 0 180 0 0 1.20505 -73.4407 0 180 0 0 0 -180 0 0
inside=0 lambda=0.647 phi=15 theta=45
0 180 0 -180 0 -180 0 0 0.148042 -3.97144 0 0 0 180 0 -180 0 -180
0 180 0 0 0 0 0 -0 1.19359 -73.1114 0 -180 0 180 0 180 0 0
0 -180 0 -0 0 0 0 -180 0.0124364 172.448 0 0 0 -0 0 180 0 -180
0 180 0 0 0 -180 0 180 0.028914 68.9852 0 -180 0 -0 0 -180 0 0
0 -180 0 -180 0 -0 0 -0 0.0124364 172.448 0 180 0 0 0 0 0 -180
0 180 0 180 0 -0 0 0 0.028914 68.9852 0 -180 0 -180 0 -180 0 0
0 180 0 0 0 180 0 -180 0.148042 -3.97144 0 -180 0 -180 0 0 0 -180
0 180 0 -0 0 180 0 0 1.19359 -73.1114 0 180 0 0 0 -180 0 0
inside=0 lambda=0.647 phi=20 theta=0
0 180 0 -180 0 -180 0 -0 0.121562 4.35315 0 0 0 180 0 -180 0 -180
0 180 0 0 0 0 0 -180 1.15073 -108.214 0 -180 0 180 0 0 0 0
0 180 0 -0 0 0 0 -0 1.95818e-13 -143.909 0 -0 0 -0 0 180 0 -180
0 0 0 -0 0 -180 0 180 8.38337e-13 -19.1791 0 0 0 -180 0 180 0 0
0 -180 0 -180 0 0 0 180 9.77197e-14 -113.686 0 -0 0 0 0 0 0 -180
0 0 0 0 0 -180 0 180 6.87549e-13 -32.4302 0 180 0 -180 0 -180 0 0
0 -180 0 0 0 -180 0 -180 0.173401 6.92324 0 -180 0 -180 0 0 0 -180
0 0 0 -180 0 0 0 0 1.2374 -111.05 0 0 0 0 0 -180 0 0
inside=0 lambda=0.647 phi=20 theta=15
0 180 0 -180 0 -180 0 -0 0.125057 4.58653 0 0 0 180 0 -180 0 -180
0 180 0 0 0 0 0 -180 1.15638 -108.425 0 -180 0 180 0 0 0 0
0 180 0 -0 0 0 0 -180 0.0132795 -166.937 0 0 0 -0 0 180 0 -180
0 0 0 -0 0 -180 0 0 0.028779 29.1695 0 -180 0 -180 0 180 0 0
0 -180 0 -180 0 0 0 -180 0.0132576 -166.952 0 180 0 0 0 0 0 -180
0 0 0 0 0 -180 0 -0 0.0282753 30.1617 0 180 0 -180 0 -180 0 0
0 -180 0 0 0 -180 0 -180 0.169963 6.79637 0 -180 0 -180 0 0 0 -180
0 0 0 -180 0 0 0 0 1.23144 -110.88 0 0 0 0 0 -180 0 0
inside=0 lambda=0.647 phi=20 theta=30
0 180 0 -180 0 -180 0 0 0.134595 5.16744 0 0 0 180 0 -180 0 -180
0 180 0 0 0 0 0 -180 1.17193 -108.986 0 -180 0 180 0 0 0 0
0 180 0 -0 0 0 0 -180 0.022997 -166.942 0 0 0 -0 0 180 0 -180
0 0 0 -0 0 -180 0 0 0.0495904 29.441 0 -180 0 -180 0 180 0 0
0 -180 0 -180 0 -0 0 -180 0.0229753 -166.95 0 180 0 0 0 0 0 -180
0 0 0 0 0 -180 0 -0 0.0490945 30.0099 0 180 0 -180 0 -180 0 0
0 180 0 0 0 180 0 -180 0.160535 6.42512 0 -180 0 -180 0 0 0 -180
0 0 0 -180 0 0 0 0 1.21527 -110.402 0 0 0 0 0 -180 0 0
inside=0 lambda=0.647 phi=20 theta=45
0 180 0 -180 0 -180 0 0 0.147592 5.84784 0 0 0 180 0 -180 0 -180
0 0 0 0 0 0 0 -180 1.19345 -109.714 0 -180 0 0 0 0 0 0
0 180 0 -180 0 0 0 -180 0.0265444 -166.947 0 0 0 -0 0 180 0 -180
0 0 0 -0 0 -180 0 0 0.0569374 29.755 0 -180 0 -180 0 180 0 0
0 180 0 -180 0 -0 0 -180 0.0265444 -166.947 0 180 0 0 0 0 0 -180
0 0 0 0 0 -180 0 -0 0.0569374 29.755 0 180 0 -180 0 -180 0 0
0 180 0 0 0 180 0 -180 0.147592 5.84784 0 -180 0 -180 0 0 0 -180
0 0 0 -180 0 0 0 0 1.19345 -109.714 0 0 0 0 0 -180 0 0
inside=0 lambda=0.647 phi=25 theta=0
0 180 0 180 0 -180 0 -0 0.112658 7.55808 0 0 0 180 0 180 0 -180
0 0 0 0 0 -0 0 -180 1.11826 -155.075 0 180 0 0 0 0 0 -0
0 180 0 -0 0 0 0 -0 1.22492e-13 142.639 0 -0 0 -0 0 180 0 -180
0 0 0 -0 0 180 0 -0 7.2043e-14 137.751 0 0 0 -180 0 180 0 -0
0 -180 0 -180 0 0 0 180 6.40072e-14 -18.2506 0 -0 0 0 0 0 0 -180
0 0 0 -0 0 -180 0 180 1.51809e-13 133.22 0 0 0 -180 0 180 0 0
0 -180 0 0 0 -180 0 -180 0.243192 6.44917 0 -180 0 -180 0 0 0 -180
0 0 0 180 0 0 0 -0 1.25543 -159.964 0 0 0 0 0 180 0 0
inside=0 lambda=0.647 phi=25 theta=15
0 180 0 180 0 -180 0 -0 0.121419 7.33396 0 0 0 180 0 180 0 -180
0 0 0 0 0 -0 0 -180 1.127 -155.471 0 180 0 0 0 0 0 -0
0 180 0 -0 0 0 0 -180 0.0327251 -174.112 0 0 0 -0 0 180 0 -180
0 0 0 -0 0 180 0 0 0.0479408 -21.7139 0 180 0 -180 0 180 0 -0
0 -180 0 -180 0 0 0 -180 0.0327146 -174.168 0 180 0 0 0 0 0 -180
0 0 0 0 0 -180 0 -0 0.0462479 -19.9842 0 180 0 180 0 180 0 -0
0 -180 0 0 0 180 0 -180 0.234522 6.46344 0 -180 0 -180 0 0 0 -180
0 0 0 -180 0 0 0 -0 1.24577 -159.697 0 0 0 -0 0 180 0 -0
inside=0 lambda=0.647 phi=25 theta=30
0 180 0 -180 0 -180 0 -0 0.145376 6.93738 0 0 0 180 0 180 0 -180
0 0 0 0 0 -0 0 -180 1.15122 -156.492 0 180 0 0 0 0 0 -0
0 180 0 -180 0 0 0 -180 0.0567029 -174.092 0 0 0 -0 0 180 0 -180
0 0 0 -0 0 180 0 0 0.0820262 -21.1803 0 180 0 -180 0 180 0 -0
0 -180 0 -180 0 -0 0 -180 0.0566936 -174.121 0 180 0 0 0 0 0 -180
0 0 0 0 0 -180 0 -0 0.0804028 -20.1962 0 180 0 180 0 180 0 -0
0 180 0 0 0 180 0 -180 0.210724 6.5212 0 -180 0 -180 0 0 0 -180
0 0 0 -180 0 0 0 0 1.21978 -158.924 0 0 0 -0 0 180 0 -0
inside=0 lambda=0.647 phi=25 theta=45
0 180 0 -180 0 -180 0 -0 0.178085 6.66016 0 0 0 180 0 180 0 -180
0 0 0 0 0 -0 0 -180 1.18507 -157.768 0 180 0 0 0 0 0 -0
0 180 0 -180 0 0 0 -180 0.0654806 -174.09 0 0 0 -0 0 180 0 -180
0 0 0 -0 0 180 0 0 0.0935858 -20.6097 0 180 0 -180 0 180 0 -0
0 180 0 -180 0 -0 0 -180 0.0654806 -174.09 0 180 0 0 0 0 0 -180
0 0 0 0 0 -180 0 -0 0.0935858 -20.6097 0 180 0 180 0 180 0 -0
0 180 0 -0 0 180 0 -180 0.178085 6.66016 0 180 0 -180 0 0 0 -180
0 0 0 -180 0 0 0 0 1.18507 -157.768 0 0 0 -0 0 180 0 -0
inside=0 lambda=0.647 phi=30 theta=0
0 180 0 180 0 -180 0.0217217 -98.7786 0.0911368 15.7832 0 0 0 180 0 180 0 -180
0 0 0 0 0 -180 0 180 1.06798 145.717 0 0 0 0 0 0 0 -180
0 180 0 -0 0 0 2.22124e-13 -35.9035 1.02855e-13 14.9979 0 180 0 -0 0 180 0 -180
0 0 0 -180 0 0 0 -180 6.47691e-13 -128.149 0 -180 0 -180 0 0 0 -180
0 -180 0 -180 0 0 7.46879e-14 48.3643 1.62377e-13 92.6053 0 -0 0 0 0 0 0 -180
0 -0 0 -0 0 180 0 -0 1.06991e-13 -155.276 0 -0 0 180 0 180 0 -0
0 -180 0 0 0 -180 0.0778561 -129.809 0.260853 -8.65193 0 -180 0 -180 0 0 0 -180
0 -0 0 180 0 -0 0 -0 1.30885 138.644 0 -0 0 -0 0 180 0 -0
inside=0 lambda=0.647 phi=30 theta=15
0 180 0 180 0 -180 0 -0 0.101408 11.1215 0 0 0 180 0 180 0 -180
0 0 0 0 0 -180 0 180 1.08418 145.017 0 0 0 0 0 0 0 -180
0 180 0 -0 0 0 0 -180 0.0453279 161.591 0 0 0 -0 0 180 0 -180
0 0 0 -180 0 0 0 -0 0.0800765 -79.048 0 0 0 -180 0 0 0 -180
0 -180 0 -180 0 -0 0 -180 0.0453224 161.22 0 180 0 0 0 0 0 -180
0 -0 0 -0 0 180 0 -180 0.0756256 -75.7754 0 0 0 180 0 180 0 -0
0 180 0 0 0 180 0 -180 0.249315 -7.92503 0 -180 0 -180 0 0 0 -180
0 -0 0 180 0 -0 0 -0 1.29255 138.923 0 -0 0 -0 0 180 0 -0
inside=0 lambda=0.647 phi=30 theta=30
0 180 0 180 0 -180 0 -0 0.13025 3.30751 0 0 0 180 0 180 0 -180
0 0 0 0 0 -180 0 180 1.12632 143.316 0 0 0 0 0 0 0 -180
0 180 0 -0 0 0 0 -180 0.0788387 161.704 0 0 0 -0 0 180 0 -180
0 -0 0 -180 0 0 0 -0 0.135303 -77.9235 0 0 0 180 0 0 0 -180
0 180 0 -180 0 -0 0 -180 0.0788439 161.527 0 180 0 0 0 0 0 -180
0 -0 0 -0 0 180 0 -180 0.131387 -76.0723 0 0 0 180 0 180 0 -0
0 180 0 -0 0 180 0 -180 0.217074 -6.10361 0 180 0 -180 0 0 0 -180
0 -0 0 180 0 -0 0 -0 1.24657 139.843 0 -0 0 -0 0 180 0 -0
inside=0 lambda=0.647 phi=30 theta=45
0 180 0 -180 0 -180 0 -0 0.172976 -2.59804 0 0 0 180 0 180 0 -180
0 -0 0 -0 0 -180 0 180 1.18556 141.407 0 0 0 -0 0 -0 0 -180
0 180 0 -180 0 0 0 -180 0.0911452 161.694 0 0 0 -0 0 180 0 -180
0 -0 0 -180 0 180 0 -0 0.153284 -76.8063 0 180 0 180 0 0 0 -0
0 180 0 -180 0 -0 0 -180 0.0911452 161.694 0 180 0 0 0 0 0 -180
0 -0 0 -0 0 180 0 -180 0.153284 -76.8063 0 0 0 180 0 180 0 -0
0 180 0 -0 0 180 0 -180 0.172976 -2.59804 0 180 0 -180 0 0 0 -180
0 -0 0 180 0 -0 0 -0 1.18556 141.407 0 -0 0 -180 0 0 0 -180
inside=0 lambda=0.647 phi=35 theta=0
0 180 0 180 0 -180 0.0723091 -94.7178 0.0598784 -15.8909 0 0 0 180 0 180 0 -180
0 -0 0 -0 0 180 0 180 0.981689 71.9653 0 -0 0 -0 0 -0 0 180
0 180 0 -0 0 0 2.66903e-13 -18.0259 2.66759e-13 97.15 0 0 0 -0 0 180 0 -180
0 -0 0 180 0 -0 0 180 1.05129e-12 -1.07697 0 0 0 180 0 -0 0 180
0 -180 0 -180 0 0 3.84416e-13 52.1714 6.16643e-13 -41.4682 0 180 0 0 0 0 0 -180
0 -180 0 -180 0 0 0 180 9.64641e-13 -8.76628 0 -0 0 0 0 0 0 -180
0 -180 0 0 0 -180 0.105616 -105.783 0.281775 11.8007 0 -180 0 -180 0 0 0 -180
0 -180 0 0 0 -180 0 -180 1.40943 57.4325 0 -180 0 -180 0 0 0 -180
inside=0 lambda=0.647 phi=35 theta=15
0 180 0 180 0 -180 0.0540573 -100.315 0.0749556 -9.23931 0 0 0 180 0 180 0 -180
0 -0 0 -0 0 180 0 180 1.00752 70.2173 0 -0 0 -0 0 -0 0 180
0 180 0 -0 0 0 0.00457443 121.874 0.0587172 -159.693 0 0 0 -0 0 180 0 -180
0 -0 0 180 0 0 0 -0 0.151239 -160.284 0 0 0 180 0 -0 0 -180
0 -180 0 -180 0 -0 0.0274893 -128.693 0.0584149 -160.029 0 180 0 0 0 0 0 -180
0 -180 0 -180 0 0 0 180 0.13934 -156.603 0 -0 0 0 0 0 0 -180
0 180 0 0 0 180 0.0928205 -115.081 0.268163 11.5035 0 -180 0 -180 0 0 0 -180
0 -180 0 0 0 -180 0 -180 1.37732 57.8029 0 -180 0 -180 0 0 0 -180
inside=0 lambda=0.647 phi=35 theta=30
0 180 0 180 0 -180 0 -0 0.116451 -0.194361 0 0 0 180 0 180 0 -180
0 -0 0 -0 0 -180 0 180 1.08099 66.2062 0 0 0 -0 0 -0 0 180
0 180 0 -0 0 0 0 180 0.103524 -159.347 0 0 0 -0 0 180 0 -180
0 -0 0 180 0 0 0 -0 0.251196 -159.414 0 0 0 180 0 -0 0 -180
0 180 0 180 0 -0 0 -180 0.103058 -159.406 0 180 0 0 0 0 0 -180
0 -180 0 -180 0 0 0 180 0.240087 -157.194 0 -0 0 0 0 0 0 -180
0 180 0 -0 0 180 0 -180 0.229269 10.0656 0 180 0 -180 0 0 0 -180
0 -0 0 0 0 -0 0 -180 1.29397 59.2504 0 -180 0 -180 0 0 0 -180
inside=0 lambda=0.647 phi=35 theta=45
0 180 0 -180 0 -180 0 -0 0.172695 6.50924 0 0 0 180 0 180 0 -180
0 -0 0 -0 0 -180 0 180 1.18403 62.1482 0 0 0 -0 0 -0 0 -180
0 180 0 -180 0 0 0 180 0.119896 -159.553 0 0 0 -0 0 180 0 -180
0 -0 0 180 0 0 0 -180 0.280611 -158.068 0 0 0 180 0 -0 0 -180
0 180 0 180 0 -0 0 -180 0.119896 -159.553 0 180 0 0 0 0 0 -180
0 -0 0 -180 0 180 0 180 0.280611 -158.068 0 -0 0 0 0 0 0 -180
0 180 0 -0 0 180 0 -180 0.172695 6.50924 0 180 0 -180 0 0 0 -180
0 -0 0 180 0 -0 0 -0 1.18403 62.1482 0 -0 0 -180 0 0 0 -180
inside=0 lambda=0.647 phi=40 theta=0
0 180 0 180 0 -180 0.1289 -93.6305 0.211932 129.294 0 0 0 180 0 180 0 -180
0 -180 0 -180 0 0 0 0 0.788836 -20.7414 0 -180 0 -180 0 -180 0 0
0 180 0 -0 0 0 5.40805e-13 142.299 2.45638e-12 -40.3854 0 0 0 -0 0 180 0 -180
0 -180 0 0 0 -180 0 180 7.33816e-13 0.784451 0 180 0 0 0 -180 0 0
0 -180 0 -180 0 0 3.63885e-13 -133.21 1.14126e-12 -176.866 0 -180 0 0 0 0 0 -180
0 180 0 180 0 -0 0 -0 6.24024e-12 -119.194 0 -0 0 -0 0 -0 0 180
0 -180 0 0 0 -180 0.11755 -93.3768 0.421862 -17.5355 0 -180 0 -180 0 0 0 -180
0 180 0 -0 0 180 0 180 1.60635 -43.0771 0 180 0 180 0 -0 0 180
inside=0 lambda=0.647 phi=40 theta=15
0 180 0 180 0 -180 0.0995615 -102.794 0.168491 124.982 0 0 0 180 0 180 0 -180
0 -180 0 -180 0 0 0 0 0.836558 -25.6615 0 -180 0 -180 0 -180 0 0
0 180 0 -180 0 0 0.00897607 37.7319 0.145885 155.179 0 0 0 -0 0 180 0 -180
0 -180 0 0 0 -180 0 -180 0.279321 103.108 0 -180 0 0 0 -180 0 0
0 180 0 180 0 -0 0.0440995 -123.511 0.147204 154.067 0 180 0 0 0 0 0 -180
0 180 0 180 0 -0 0 0 0.244258 112.073 0 -180 0 -0 0 -0 0 180
0 180 0 -0 0 180 0.0983173 -103.23 0.376365 -15.9781 0 180 0 -180 0 0 0 -180
0 180 0 -0 0 180 0 180 1.55027 -43.8044 0 180 0 180 0 -0 0 180
inside=0 lambda=0.647 phi=40 theta=30
0 180 0 180 0 -180 0.0356101 -121.733 0.0802986 90.215 0 0 0 180 0 180 0 -180
0 -180 0 -180 0 0 0 0 0.979182 -34.3043 0 -180 0 -180 0 -180 0 0
0 180 0 -180 0 0 0.00876658 -96.5223 0.250449 155.987 0 0 0 -0 0 180 0 -180
0 -180 0 0 0 -180 0 -180 0.4512 105.633 0 -180 0 0 0 -180 0 0
0 180 0 180 0 -0 0.0409143 -147.421 0.250816 155.351 0 180 0 0 0 0 0 -180
0 -180 0 180 0 -0 0 0 0.42224 110.132 0 -180 0 -0 0 -0 0 180
0 180 0 -0 0 180 0.0689243 -134.279 0.264722 -11.0753 0 180 0 -180 0 0 0 -180
0 -180 0 -0 0 -180 0 180 1.39525 -43.5921 0 180 0 180 0 -0 0 0
inside=0 lambda=0.647 phi=40 theta=45
0 180 0 180 0 -180 0 -0 0.128181 6.24042 0 0 0 180 0 180 0 -180
0 -180 0 -180 0 0 0 0 1.18444 -40.6589 0 -180 0 -180 0 -180 0 0
0 180 0 -180 0 0 0 180 0.290042 155.856 0 0 0 -0 0 180 0 -180
0 -180 0 0 0 -180 0 -180 0.495745 108.202 0 -0 0 0 0 -180 0 0
0 180 0 180 0 -0 0 -180 0.290042 155.856 0 180 0 0 0 0 0 -180
0 -180 0 -180 0 0 0 0 0.495745 108.202 0 -180 0 -180 0 -0 0 0
0 180 0 -0 0 180 0 180 0.128181 6.24042 0 180 0 -180 0 0 0 -180
0 -180 0 0 0 -180 0 -180 1.18444 -40.6589 0 -180 0 0 0 -180 0 0
inside=0 lambda=0.647 phi=45 theta=0
0 180 0 180 0 -0 0.473917 -127.849 0.865694 176.879 0 180 0 180 0 180 0 -0
0 180 0 180 0 -0 0 -0 0 -0 0 180 0 180 0 180 0 -0
0 180 0 -0 0 180 3.09667e-13 5.94454 1.23842e-12 -178.73 0 -0 0 -0 0 180 0 -0
0 180 0 -0 0 180 0 -0 0 0 0 -0 0 -0 0 180 0 -0
0 180 0 180 0 -0 2.0826e-11 132.306 4.21685e-11 143.15 0 0 0 -0 0 -0 0 180
0 -0 0 -0 0 180 0 180 0 180 0 -0 0 180 0 180 0 -0
0 180 0 -0 0 180 0.16698 24.5248 0.987425 -76.6855 0 180 0 180 0 -0 0 180
0 -0 0 180 0 -0 0 -0 0 180 0 -0 0 -0 0 180 0 -0
inside=0 lambda=0.647 phi=45 theta=15
0 0 0 0 0 -180 0.263474 -146.659 0.877563 157.534 0 0 0 180 0 180 0 -180
0 0 0 0 0 -180 0 -0 0 -0 0 0 0 180 0 180 0 -0
0 0 0 -180 0 0 0.157688 66.1887 0.428902 -123.392 0 0 0 -0 0 180 0 -180
0 0 0 -180 0 0 0 0 0 -180 0 0 0 -0 0 180 0 -0
0 -180 0 -180 0 -0 0.192532 -126.855 0.299501 -125.533 0 180 0 0 0 0 0 -180
0 -180 0 -180 0 0 0 -180 0 -180 0 180 0 0 0 0 0 -180
0 180 0 -0 0 180 0.363373 -58.0274 0.837575 124.348 0 -180 0 -180 0 0 0 -180
0 -180 0 0 0 -180 0 -180 0 0 0 -180 0 -180 0 0 0 -180
inside=0 lambda=0.647 phi=45 theta=30
0 0 0 0 0 -180 0.0700118 -159.314 0.62626 131.88 0 0 0 180 0 180 0 -180
0 0 0 0 0 -180 0 -0 0 -0 0 0 0 180 0 180 0 -180
0 0 0 -180 0 0 0.0931743 11.89 0.790176 -172.337 0 0 0 -0 0 0 0 -180
0 0 0 -180 0 0 0 0 0 -180 0 0 0 -0 0 180 0 -180
0 180 0 180 0 -0 0.107303 -169.93 0.743887 -172.819 0 180 0 0 0 0 0 -180
0 180 0 180 0 -0 0 -180 0 -180 0 180 0 0 0 0 0 -180
0 0 0 -0 0 180 0.110544 -102.017 0.617895 60.522 0 180 0 -180 0 0 0 -180
0 0 0 -0 0 180 0 180 0 0 0 180 0 -180 0 0 0 -180
inside=0 lambda=0.647 phi=45 theta=45
0 0 0 0 0 -180 0 -0 0.487847 91.2999 0 0 0 180 0 180 0 -180
0 0 0 0 0 -180 0 -0 0 -0 0 0 0 180 0 180 0 -180
0 180 0 -180 0 0 0 0 0.872929 -178.7 0 0 0 -0 0 0 0 -180
0 0 0 -180 0 0 0 0 0 -180 0 0 0 -0 0 180 0 -180
0 180 0 0 0 -0 0 -180 0.872929 -178.7 0 0 0 0 0 0 0 -180
0 0 0 0 0 -0 0 -180 0 -180 0 180 0 0 0 0 0 -180
0 0 0 -0 0 180 0 0 0.487847 91.2999 0 180 0 -180 0 0 0 -180
0 0 0 -0 0 180 0 0 0 -0 0 180 0 -180 0 0 0 -180
inside=1 lambda=0.647 phi=0 theta=0
0 -180 0 -180 0 -180 0 0 0.178021 129.65 0 0 0 -180 0 -180 0 -180
0 180 0 180 0 180 0 -0 0.815332 -27.3348 0 -0 0 180 0 180 0 180
0 -180 0 -180 0 0 0 180 1.38087e-12 -112.005 0 180 0 0 0 -0 0 -180
0 180 0 -180 0 -0 0 180 9.97941e-13 41.5221 0 0 0 -0 0 -180 0 180
0 -180 0 0 0 0 0 -180 5.37596e-13 -148.396 0 -180 0 0 0 0 0 -180
0 180 0 -180 0 -0 0 180 1.44357e-12 65.3054 0 -180 0 -0 0 180 0 180
0 -180 0 0 0 -180 0 -180 0.178021 129.65 0 -180 0 -180 0 0 0 -180
0 180 0 -0 0 180 0 180 0.815332 -27.3348 0 180 0 180 0 -0 0 180
inside=1 lambda=0.647 phi=0 theta=15
0 -180 0 -180 0 -180 0 0 0.178021 129.65 0 0 0 -180 0 -180 0 -180
0 180 0 180 0 180 0 -0 0.815332 -27.3348 0 -0 0 180 0 180 0 180
0 -180 0 -180 0 0 0 180 1.38087e-12 -112.005 0 180 0 0 0 -0 0 -180
0 180 0 -180 0 -0 0 180 9.97941e-13 41.5221 0 0 0 -0 0 -180 0 180
0 -180 0 0 0 0 0 -180 5.37596e-13 -148.396 0 -180 0 0 0 0 0 -180
0 180 0 -180 0 -0 0 180 1.44357e-12 65.3054 0 -180 0 -0 0 180 0 180
0 -180 0 0 0 -180 0 -180 0.178021 129.65 0 -180 0 -180 0 0 0 -180
0 180 0 -0 0 180 0 180 0.815332 -27.3348 0 180 0 180 0 -0 0 180
inside=1 lambda=0.647 phi=0 theta=30
0 -180 0 -180 0 -180 0 0 0.178021 129.65 0 0 0 -180 0 -180 0 -180
0 180 0 180 0 180 0 -0 0.815332 -27.3348 0 -0 0 180 0 180 0 180
0 -180 0 -180 0 0 0 180 1.38087e-12 -112.005 0 180 0 0 0 -0 0 -180
0 180 0 -180 0 -0 0 180 9.97941e-13 41.5221 0 0 0 -0 0 -180 0 180
0 -180 0 0 0 0 0 -180 5.37596e-13 -148.396 0 -180 0 0 0 0 0 -180
0 180 0 -180 0 -0 0 180 1.44357e-12 65.3054 0 -180 0 -0 0 180 0 180
0 -180 0 0 0 -180 0 -180 0.178021 129.65 0 -180 0 -180 0 0 0 -180
0 180 0 -0 0 180 0 180 0.815332 -27.3348 0 180 0 180 0 -0 0 180
inside=1 lambda=0.647 phi=0 theta=45
0 -180 0 -180 0 -180 0 0 0.178021 129.65 0 0 0 -180 0 -180 0 -180
0 180 0 180 0 180 0 -0 0.815332 -27.3348 0 -0 0 180 0 180 0 180
0 -180 0 -180 0 0 0 180 1.38087e-12 -112.005 0 180 0 0 0 -0 0 -180
0 180 0 -180 0 -0 0 180 9.97941e-13 41.5221 0 0 0 -0 0 -180 0 180
0 -180 0 0 0 0 0 -180 5.37596e-13 -148.396 0 -180 0 0 0 0 0 -180
0 180 0 -180 0 -0 0 180 1.44357e-12 65.3054 0 -180 0 -0 0 180 0 180
0 -180 0 0 0 -180 0 -180 0.178021 129.65 0 -180 0 -180 0 0 0 -180
0 180 0 -0 0 180 0 180 0.815332 -27.3348 0 180 0 180 0 -0 0 180
inside=1 lambda=0.647 phi=5 theta=0
0 -180 0 -180 0 -180 0 0 0.175894 125.327 0 0 0 -180 0 -180 0 -180
0 180 0 180 0 180 0 -0 0.816472 -29.6628 0 -0 0 180 0 180 0 180
0 -180 0 -180 0 0 0 -0 8.91762e-13 -154.024 0 -0 0 0 0 0 0 -180
0 180 0 0 0 -0 0 180 2.42517e-12 61.2257 0 180 0 -0 0 -180 0 180
0 -180 0 -180 0 0 0 -0 7.51999e-13 -151.257 0 180 0 0 0 0 0 -180
0 180 0 180 0 -0 0 -180 2.45863e-12 60.3272 0 -0 0 -0 0 -0 0 180
0 -180 0 0 0 -180 0 -180 0.17759 125.293 0 -180 0 -180 0 0 0 -180
0 180 0 -0 0 180 0 180 0.814573 -29.7245 0 180 0 180 0 -0 0 180
inside=1 lambda=0.647 phi=5 theta=15
0 -180 0 -180 0 -180 0 0 0.176008 125.324 0 0 0 -180 0 -180 0 -180
0 180 0 180 0 180 0 -0 0.816345 -29.6669 0 -0 0 180 0 180 0 180
0 -180 0 -180 0 0 0 -180 0.000429014 -62.6551 0 0 0 0 0 0 0 -180
0 180 0 0 0 -0 0 180 0.000551509 0.863887 0 -0 0 -0 0 -180 0 180
0 -180 0 -180 0 0 0 -0 0.000428977 -62.6263 0 0 0 0 0 0 0 -180
0 180 0 180 0 -0 0 0 0.000551355 0.840807 0 -180 0 -0 0 -0 0 180
0 -180 0 0 0 -180 0 -180 0.177476 125.295 0 -180 0 -180 0 0 0 -180
0 180 0 -0 0 180 0 180 0.814701 -29.7204 0 180 0 180 0 -0 0 180
inside=1 lambda=0.647 phi=5 theta=30
0 -180 0 -180 0 -180 0 0 0.176318 125.318 0 0 0 -180 0 -180 0 -180
0 180 0 180 0 180 0 -0 0.815998 -29.6782 0 -0 0 180 0 180 0 180
0 -180 0 -0 0 0 0 -180 0.000743061 -62.649 0 0 0 0 0 0 0 -180
0 180 0 0 0 -0 0 180 0.000955184 0.858956 0 -0 0 -0 0 -180 0 180
0 -180 0 -180 0 0 0 -0 0.000743024 -62.6323 0 0 0 0 0 0 0 -180
0 180 0 180 0 -0 0 0 0.000955031 0.845631 0 -180 0 -0 0 -0 0 180
0 -180 0 0 0 -180 0 -180 0.177166 125.301 0 -180 0 -180 0 0 0 -180
0 180 0 -0 0 180 0 180 0.815048 -29.7091 0 180 0 180 0 -0 0 180
inside=1 lambda=0.647 phi=5 theta=45
0 -180 0 -180 0 -180 0 0 0.176742 125.309 0 0 0 -180 0 -180 0 -180
0 180 0 180 0 180 0 -0 0.815523 -29.6936 0 -0 0 180 0 180 0 180
0 -180 0 -0 0 0 0 -180 0.000857991 -62.6407 0 0 0 0 0 0 0 -180
0 180 0 0 0 -0 0 180 0.00110286 0.852268 0 -0 0 -0 0 -180 0 180
0 -180 0 -180 0 0 0 -0 0.000857991 -62.6407 0 0 0 0 0 0 0 -180
0 180 0 180 0 -0 0 0 0.00110286 0.852268 0 -180 0 -0 0 -0 0 180
0 -180 0 0 0 -180 0 -180 0.176742 125.309 0 -180 0 -180 0 0 0 -180
0 180 0 -0 0 180 0 180 0.815523 -29.6936 0 180 0 180 0 -0 0 180
inside=1 lambda=0.647 phi=10 theta=0
0 -180 0 -180 0 -180 0 0 0.169197 112.187 0 0 0 -180 0 -180 0 -180
0 180 0 180 0 180 0 -0 0.819956 -36.6288 0 -0 0 180 0 180 0 180
0 -180 0 -180 0 0 0 -0 1.21526e-13 5.39952 0 -0 0 0 0 0 0 -180
0 180 0 0 0 -0 0 0 3.1742e-13 -123.244 0 180 0 -0 0 -180 0 180
0 -180 0 -180 0 0 0 -180 1.62087e-13 -161.473 0 -0 0 0 0 0 0 -180
0 180 0 180 0 -0 0 0 2.82406e-13 -139.596 0 -180 0 -0 0 -0 0 180
0 -180 0 0 0 -180 0 -180 0.175683 112.061 0 -180 0 -180 0 0 0 -180
0 180 0 -0 0 180 0 180 0.812362 -36.8763 0 180 0 180 0 -0 0 180
inside=1 lambda=0.647 phi=10 theta=15
0 -180 0 -180 0 -180 0 0 0.169631 112.178 0 0 0 -180 0 -180 0 -180
0 180 0 180 0 180 0 -0 0.819446 -36.6452 0 -0 0 180 0 180 0 180
0 -180 0 -180 0 0 0 -180 0.00164406 -75.91 0 0 0 0 0 0 0 -180
0 180 0 0 0 -0 0 180 0.00221051 -5.99503 0 -0 0 -0 0 -180 0 180
0 -180 0 -180 0 0 0 -180 0.00164341 -75.7892 0 0 0 0 0 0 0 -180
0 180 0 180 0 -0 0 0 0.00220799 -6.08953 0 -180 0 -0 0 -0 0 180
0 -180 0 0 0 -180 0 -180 0.175248 112.068 0 -180 0 -180 0 0 0 -180
0 180 0 -0 0 180 0 180 0.81287 -36.8596 0 180 0 180 0 -0 0 180
inside=1 lambda=0.647 phi=10 theta=30
0 -180 0 -180 0 -180 0 0 0.170818 112.153 0 0 0 -180 0 -180 0 -180
0 180 0 180 0 180 0 -0 0.818055 -36.6902 0 -0 0 180 0 180 0 180
0 -180 0 -180 0 0 0 -180 0.00284736 -75.8841 0 0 0 0 0 0 0 -180
0 180 0 0 0 -0 0 180 0.00382776 -6.01587 0 -0 0 -0 0 -180 0 180
0 -180 0 -180 0 0 0 -180 0.0028467 -75.8143 0 0 0 0 0 0 0 -180
0 180 0 180 0 -0 0 0 0.00382524 -6.07042 0 -180 0 -0 0 -0 0 180
0 -180 0 0 0 -180 0 -180 0.174061 112.09 0 -180 0 -180 0 0 0 -180
0 180 0 -0 0 180 0 180 0.814258 -36.814 0 180 0 180 0 -0 0 180
inside=1 lambda=0.647 phi=10 theta=45
0 -180 0 -180 0 -180 0 0 0.17244 112.121 0 0 0 -180 0 -180 0 -180
0 180 0 180 0 180 0 -0 0.816156 -36.7519 0 -0 0 180 0 180 0 180
0 -180 0 -180 0 0 0 -180 0.00328747 -75.849 0 0 0 0 0 0 0 -180
0 180 0 0 0 -0 0 180 0.00441844 -6.04358 0 -0 0 -0 0 -180 0 180
0 -180 0 -180 0 0 0 -180 0.00328747 -75.849 0 0 0 0 0 0 0 -180
0 180 0 180 0 -0 0 0 0.00441844 -6.04358 0 -180 0 -0 0 -0 0 180
0 -180 0 0 0 -180 0 -180 0.17244 112.121 0 -180 0 -180 0 0 0 -180
0 180 0 -0 0 180 0 180 0.816156 -36.7519 0 180 0 180 0 -0 0 180
inside=1 lambda=0.647 phi=15 theta=0
0 -180 0 -180 0 -180 0 0 0.157564 89.6256 0 0 0 -180 0 -180 0 -180
0 180 0 180 0 0 0 -0 0.825873 -48.1775 0 -180 0 180 0 180 0 0
0 -180 0 -0 0 0 0 180 6.11576e-13 151.993 0 -180 0 0 0 180 0 -180
0 180 0 0 0 -180 0 -180 1.39112e-12 45.1375 0 -180 0 -0 0 -180 0 0
0 -180 0 -180 0 0 0 -0 4.52805e-13 164.134 0 -0 0 0 0 0 0 -180
0 180 0 180 0 -0 0 0 1.5143e-12 43.0153 0 -0 0 -0 0 -0 0 180
0 -180 0 0 0 -180 0 -180 0.170922 89.2964 0 -180 0 -180 0 0 0 -180
0 180 0 -0 0 180 0 180 0.808806 -48.7437 0 180 0 180 0 -0 0 180
inside=1 lambda=0.647 phi=15 theta=15
0 -180 0 -180 0 -180 0 0 0.158458 89.5994 0 0 0 -180 0 -180 0 -180
0 180 0 180 0 0 0 -0 0.824726 -48.2146 0 -180 0 180 0 180 0 0
0 -180 0 -180 0 0 0 -180 0.00340851 -99.662 0 0 0 0 0 180 0 -180
0 180 0 0 0 -180 0 180 0.00500166 -17.1023 0 -180 0 -0 0 -180 0 0
0 -180 0 -180 0 0 0 -180 0.00340425 -99.3711 0 180 0 0 0 0 0 -180
0 180 0 180 0 -0 0 0 0.00498826 -17.3221 0 -180 0 -0 0 -0 0 180
0 -180 0 0 0 -180 0 -180 0.170027 89.3145 0 -180 0 -180 0 0 0 -180
0 180 0 -0 0 180 0 180 0.809945 -48.705 0 180 0 180 0 -0 0 180
inside=1 lambda=0.647 phi=15 theta=30
0 -180 0 -180 0 -180 0 0 0.160903 89.531 0 0 0 -180 0 -180 0 -180
0 180 0 180 0 0 0 -0 0.821594 -48.3167 0 -180 0 180 0 180 0 0
0 -180 0 -180 0 0 0 -180 0.00590215 -99.5979 0 0 0 0 0 180 0 -180
0 180 0 0 0 -180 0 180 0.00865779 -17.1534 0 -180 0 -0 0 -180 0 0
0 -180 0 -180 0 0 0 -180 0.0058979 -99.4302 0 180 0 0 0 0 0 -180
0 180 0 180 0 -0 0 0 0.0086444 -17.2802 0 -180 0 -0 0 -180 0 180
0 -180 0 0 0 -180 0 -180 0.167582 89.3668 0 -180 0 -180 0 0 0 -180
0 180 0 -0 0 180 0 180 0.81306 -48.5998 0 180 0 0 0 -180 0 180
inside=1 lambda=0.647 phi=15 theta=45
0 -180 0 -180 0 -180 0 0 0.164242 89.4449 0 0 0 -180 0 -180 0 -180
0 180 0 180 0 0 0 -0 0.817322 -48.4575 0 -180 0 180 0 180 0 0
0 -180 0 -180 0 0 0 -180 0.00681277 -99.5128 0 0 0 0 0 180 0 -180
0 180 0 0 0 -0 0 180 0.00998917 -17.2191 0 -180 0 -0 0 -180 0 180
0 -180 0 -180 0 0 0 -180 0.00681277 -99.5128 0 180 0 0 0 0 0 -180
0 180 0 180 0 -0 0 0 0.00998917 -17.2191 0 -180 0 -0 0 -180 0 180
0 -180 0 0 0 -180 0 -180 0.164242 89.4449 0 -180 0 -180 0 0 0 -180
0 180 0 -0 0 180 0 180 0.817322 -48.4575 0 180 0 0 0 -180 0 0
inside=1 lambda=0.647 phi=20 theta=0
0 180 0 -180 0 -180 0 0 0.142345 56.4876 0 0 0 180 0 -180 0 -180
0 180 0 180 0 0 0 -0 0.834127 -64.2042 0 -180 0 180 0 180 0 0
0 -180 0 -0 0 0 0 180 2.69416e-13 -46.7638 0 -180 0 0 0 180 0 -180
0 180 0 0 0 -180 0 -180 1.27703e-12 -156.177 0 -0 0 -0 0 -180 0 0
0 -180 0 -180 0 0 0 -0 3.07584e-13 -52.095 0 -180 0 0 0 0 0 -180
0 0 0 0 0 -0 0 -0 7.91214e-13 -139.128 0 180 0 -180 0 -180 0 180
0 -180 0 0 0 -180 0 -180 0.163232 55.3988 0 -180 0 -180 0 0 0 -180
0 0 0 -180 0 0 0 0 0.803736 -65.2599 0 0 0 0 0 -180 0 0
inside=1 lambda=0.647 phi=20 theta=15
0 180 0 -180 0 -180 0 0 0.143742 56.3966 0 0 0 180 0 -180 0 -180
0 180 0 180 0 0 0 -0 0.832076 -64.2725 0 -180 0 180 0 180 0 0
0 -180 0 -0 0 0 0 -180 0.005445 -137.376 0 0 0 0 0 180 0 -180
0 180 0 0 0 -180 0 180 0.00903396 -32.1189 0 -180 0 -0 0 -180 0 0
0 -180 0 -180 0 0 0 -0 0.00542518 -136.84 0 180 0 0 0 0 0 -180
0 180 0 0 0 -0 0 0 0.00898748 -32.5211 0 -180 0 -180 0 -180 0 0
0 -180 0 0 0 -180 0 -180 0.161832 55.4556 0 -180 0 -180 0 0 0 -180
0 180 0 -180 0 180 0 0 0.805757 -65.1866 0 0 0 0 0 -180 0 0
inside=1 lambda=0.647 phi=20 theta=30
0 -180 0 -180 0 -180 0 0 0.147562 56.1627 0 0 0 180 0 -180 0 -180
0 180 0 0 0 0 0 -0 0.826485 -64.4607 0 -180 0 180 0 180 0 0
0 -180 0 -0 0 0 0 -180 0.00942354 -137.253 0 0 0 0 0 180 0 -180
0 180 0 0 0 -180 0 180 0.0156275 -32.2191 0 -180 0 -0 0 -180 0 0
0 -180 0 -180 0 0 0 -0 0.0094038 -136.945 0 180 0 0 0 0 0 -180
0 180 0 0 0 -0 0 0 0.0155812 -32.4509 0 -180 0 -180 0 -180 0 0
0 -180 0 0 0 -180 0 -180 0.158008 55.6214 0 -180 0 -180 0 0 0 -180
0 180 0 -0 0 180 0 0 0.811289 -64.9884 0 0 0 0 0 -180 0 0
inside=1 lambda=0.647 phi=20 theta=45
0 -180 0 -180 0 -180 0 0 0.152784 55.8751 0 0 0 -180 0 -180 0 -180
0 180 0 0 0 0 0 -0 0.818872 -64.7221 0 -180 0 180 0 180 0 0
0 -180 0 -0 0 0 0 -180 0.0108699 -137.094 0 0 0 0 0 180 0 -180
0 180 0 0 0 -180 0 180 0.0180168 -32.3424 0 -180 0 -0 0 -180 0 0
0 -180 0 -180 0 0 0 -0 0.0108699 -137.094 0 180 0 0 0 0 0 -180
0 180 0 180 0 -0 0 0 0.0180168 -32.3424 0 -180 0 -180 0 -180 0 0
0 -180 0 0 0 -180 0 -180 0.152784 55.8751 0 -180 0 -180 0 0 0 -180
0 180 0 -0 0 180 0 0 0.818872 -64.7221 0 180 0 0 0 -180 0 0
inside=1 lambda=0.647 phi=25 theta=0
0 180 0 180 0 -180 0 0 0.128473 11.8628 0 0 0 180 0 180 0 -180
0 180 0 0 0 0 0 -0 0.844361 -84.5237 0 -180 0 180 0 0 0 0
0 180 0 -0 0 0 0 180 2.40485e-13 84.514 0 -180 0 -0 0 180 0 -180
0 180 0 0 0 -180 0 -180 4.83413e-13 3.04751 0 0 0 -0 0 -180 0 0
0 -180 0 -180 0 0 0 180 1.0824e-13 153.438 0 -180 0 0 0 0 0 -180
0 0 0 0 0 -180 0 180 5.37089e-13 -4.03926 0 180 0 -180 0 -180 0 0
0 -180 0 0 0 -180 0 -180 0.158965 8.1581 0 -180 0 -180 0 0 0 -180
0 0 0 -180 0 0 0 0 0.796077 -86.322 0 0 0 0 0 -180 0 0
inside=1 lambda=0.647 phi=25 theta=15
0 180 0 -180 0 -180 0 0 0.130495 11.5397 0 0 0 180 0 180 0 -180
0 180 0 0 0 0 0 -0 0.841084 -84.6378 0 -180 0 180 0 0 0 0
0 180 0 -0 0 0 0 -180 0.00838036 168.259 0 0 0 -0 0 180 0 -180
0 180 0 0 0 -180 0 0 0.0146562 -51.0519 0 -180 0 -0 0 -180 0 0
0 -180 0 -180 0 0 0 -0 0.0083118 168.978 0 180 0 0 0 0 0 -180
0 0 0 0 0 -180 0 0 0.0145271 -51.6812 0 -180 0 -180 0 -180 0 0
0 -180 0 0 0 -180 0 -180 0.15691 8.34337 0 -180 0 -180 0 0 0 -180
0 0 0 -180 0 0 0 0 0.799267 -86.1948 0 0 0 0 0 -180 0 0
inside=1 lambda=0.647 phi=25 theta=30
0 180 0 -180 0 -180 0 0 0.136039 10.7209 0 0 0 180 0 -180 0 -180
0 180 0 0 0 0 0 -180 0.832162 -84.954 0 -180 0 180 0 0 0 0
0 180 0 -0 0 0 0 -180 0.0144875 168.433 0 0 0 -0 0 180 0 -180
0 180 0 0 0 -180 0 0 0.025326 -51.2229 0 -180 0 -0 0 -180 0 0
0 -180 0 -180 0 0 0 -0 0.0144195 168.846 0 180 0 0 0 0 0 -180
0 0 0 0 0 -0 0 0 0.025198 -51.5848 0 -180 0 -180 0 -180 0 0
0 -180 0 0 0 180 0 -180 0.1513 8.88921 0 -180 0 -180 0 0 0 -180
0 180 0 -180 0 180 0 0 0.808017 -85.8524 0 0 0 0 0 -180 0 0
inside=1 lambda=0.647 phi=25 theta=45
0 180 0 -180 0 -180 0 0 0.143653 9.73741 0 0 0 180 0 -180 0 -180
0 180 0 0 0 0 0 -180 0.820046 -85.3966 0 -180 0 180 0 0 0 0
0 -180 0 -0 0 0 0 -180 0.0166881 168.65 0 0 0 -0 0 180 0 -180
0 180 0 0 0 -180 0 0 0.0291634 -51.4223 0 -180 0 -0 0 -180 0 0
0 -180 0 -180 0 -0 0 -0 0.0166881 168.65 0 180 0 0 0 0 0 -180
0 180 0 0 0 -0 0 0 0.0291634 -51.4223 0 -180 0 -180 0 -180 0 0
0 180 0 0 0 180 0 -180 0.143653 9.73741 0 -180 0 -180 0 0 0 -180
0 180 0 -180 0 180 0 0 0.820046 -85.3966 0 0 0 0 0 -180 0 0
inside=1 lambda=0.647 phi=30 theta=0
0 180 0 180 0 -180 0 -0 0.121473 -42.141 0 0 0 180 0 180 0 -180
0 180 0 0 0 0 0 -180 0.85649 -108.839 0 -180 0 180 0 0 0 0
0 180 0 -0 0 0 0 -0 4.66798e-13 -143.846 0 0 0 -0 0 180 0 -180
0 180 0 -0 0 -180 0 0 4.16422e-13 127.725 0 0 0 -0 0 180 0 0
0 -180 0 -180 0 0 0 -0 1.51428e-13 -175.334 0 -0 0 0 0 0 0 -180
0 0 0 0 0 -180 0 180 3.99708e-13 164.902 0 0 0 -180 0 -180 0 0
0 -180 0 0 0 -180 0 -180 0.174099 -50.4888 0 -180 0 -180 0 0 0 -180
0 0 0 -180 0 0 0 0 0.783467 -111.704 0 0 0 0 0 -180 0 0
inside=1 lambda=0.647 phi=30 theta=15
0 180 0 180 0 -180 0 -0 0.124876 -42.9643 0 0 0 180 0 180 0 -180
0 180 0 0 0 0 0 -180 0.851493 -109.016 0 -180 0 180 0 0 0 0
0 180 0 -0 0 0 0 -180 0.014846 107.616 0 0 0 -0 0 180 0 -180
0 0 0 -0 0 -180 0 0 0.0225238 -74.6228 0 -180 0 -0 0 180 0 0
0 -180 0 -180 0 -0 0 -0 0.0146946 108.419 0 180 0 0 0 0 0 -180
0 0 0 0 0 -180 0 -0 0.0222201 -75.4986 0 180 0 -180 0 -180 0 0
0 -180 0 0 0 180 0 -180 0.170499 -50.1275 0 -180 0 -180 0 0 0 -180
0 0 0 -180 0 0 0 0 0.788248 -111.496 0 0 0 0 0 -180 0 0
inside=1 lambda=0.647 phi=30 theta=30
0 180 0 180 0 -180 0 -0 0.1343 -44.9676 0 0 0 180 0 180 0 -180
0 180 0 0 0 0 0 -180 0.837916 -109.51 0 -180 0 180 0 0 0 0
0 180 0 -0 0 0 0 -180 0.0256475 107.819 0 0 0 -0 0 180 0 -180
0 0 0 -0 0 -180 0 0 0.0388597 -74.8878 0 -180 0 -180 0 180 0 0
0 180 0 -180 0 -0 0 -0 0.0254982 108.277 0 180 0 0 0 0 0 -180
0 0 0 0 0 -180 0 -0 0.0385611 -75.3894 0 180 0 -180 0 -180 0 0
0 180 0 0 0 180 0 -180 0.160693 -49.0279 0 180 0 -180 0 0 0 -180
0 0 0 -180 0 0 0 0 0.801397 -110.94 0 0 0 0 0 -180 0 0
inside=1 lambda=0.647 phi=30 theta=45
0 180 0 -180 0 -180 0 -0 0.147404 -47.2187 0 0 0 180 0 180 0 -180
0 180 0 0 0 0 0 -180 0.819551 -110.21 0 -180 0 180 0 0 0 0
0 180 0 -0 0 0 0 -180 0.029523 108.063 0 0 0 -0 0 180 0 -180
0 0 0 -0 0 -180 0 0 0.0446769 -75.1768 0 -180 0 -180 0 180 0 0
0 180 0 -180 0 -0 0 -0 0.029523 108.063 0 180 0 0 0 0 0 -180
0 0 0 0 0 -180 0 -0 0.0446769 -75.1768 0 180 0 -180 0 -180 0 0
0 180 0 -0 0 180 0 -180 0.147404 -47.2187 0 180 0 -180 0 0 0 -180
0 180 0 -180 0 180 0 0 0.819551 -110.21 0 0 0 0 0 -180 0 0
inside=1 lambda=0.647 phi=35 theta=0
0 180 0 180 0 -180 0 -0 0.117791 -100.743 0 0 0 180 0 180 0 -180
0 180 0 0 0 -0 0 -180 0.871602 -136.77 0 180 0 180 0 0 0 -0
0 180 0 -0 0 0 0 180 5.34634e-13 -2.76577 0 0 0 -0 0 180 0 -180
0 0 0 -0 0 180 0 180 9.58488e-13 -54.4032 0 0 0 -180 0 180 0 -0
0 -180 0 -180 0 0 0 -0 1.55928e-13 -36.9846 0 -0 0 0 0 0 0 -180
0 0 0 0 0 -180 0 -0 2.30198e-13 -51.275 0 0 0 -180 0 -180 0 0
0 -180 0 0 0 -180 0 -180 0.215162 -111.212 0 -180 0 -180 0 0 0 -180
0 0 0 -180 0 0 0 -0 0.763853 -140.919 0 0 0 0 0 -180 0 0
inside=1 lambda=0.647 phi=35 theta=15
0 180 0 180 0 -180 0 -0 0.124051 -102.052 0 0 0 180 0 180 0 -180
0 0 0 0 0 -0 0 -180 0.864167 -137.019 0 180 0 180 0 0 0 -0
0 180 0 -0 0 0 0 -180 0.0261661 52.6114 0 0 0 -0 0 180 0 -180
0 0 0 -0 0 180 0 0 0.0330848 -103.567 0 180 0 -180 0 180 0 -0
0 180 0 -180 0 -0 0 -0 0.0259327 53.7515 0 180 0 0 0 0 0 -180
0 0 0 0 0 -180 0 -0 0.0324786 -104.72 0 180 0 180 0 180 0 0
0 180 0 0 0 180 0 -180 0.208511 -110.888 0 -180 0 -180 0 0 0 -180
0 0 0 -180 0 0 0 -0 0.770842 -140.607 0 0 0 -0 0 180 0 -0
inside=1 lambda=0.647 phi=35 theta=30
0 180 0 180 0 -180 0 -0 0.141468 -104.97 0 0 0 180 0 180 0 -180
0 0 0 0 0 -0 0 -180 0.844014 -137.716 0 180 0 180 0 0 0 -0
0 180 0 -0 0 0 0 -180 0.045214 52.9013 0 0 0 -0 0 180 0 -180
0 0 0 -0 0 180 0 0 0.0569663 -103.963 0 180 0 -180 0 180 0 -0
0 180 0 -180 0 -0 0 -0 0.0449876 53.5442 0 180 0 0 0 0 0 -180
0 0 0 0 0 -180 0 -0 0.0563791 -104.62 0 180 0 180 0 180 0 -0
0 180 0 -0 0 180 0 -180 0.19037 -109.821 0 180 0 -180 0 0 0 -180
0 0 0 -180 0 0 0 0 0.790119 -139.781 0 0 0 -0 0 180 0 -0
inside=1 lambda=0.647 phi=35 theta=45
0 180 0 -180 0 -180 0 -0 0.165751 -107.83 0 0 0 180 0 180 0 -180
0 0 0 0 0 -0 0 -180 0.816852 -138.716 0 180 0 0 0 0 0 -0
0 180 0 -0 0 0 0 -180 0.0520662 53.2429 0 0 0 -0 0 180 0 -180
0 0 0 -0 0 180 0 0 0.0653807 -104.363 0 180 0 -180 0 180 0 -0
0 180 0 -180 0 -0 0 -0 0.0520662 53.2429 0 180 0 0 0 0 0 -180
0 0 0 0 0 -180 0 -0 0.0653807 -104.363 0 180 0 180 0 180 0 -0
0 180 0 -0 0 180 0 -180 0.165751 -107.83 0 180 0 -180 0 0 0 -180
0 0 0 -180 0 0 0 0 0.816852 -138.716 0 0 0 -0 0 180 0 -0
inside=1 lambda=0.647 phi=40 theta=0
0 180 0 180 0 -180 0 -0 0.107366 -163.896 0 0 0 180 0 180 0 -180
0 0 0 0 0 -0 0 -180 0.891595 -167.936 0 180 0 0 0 0 0 -0
0 180 0 -0 0 0 0 -0 5.96329e-13 106.646 0 0 0 -0 0 180 0 -180
0 0 0 -0 0 180 0 -180 1.55645e-12 98.6821 0 180 0 -180 0 180 0 -0
0 -180 0 -180 0 0 0 -0 5.81745e-13 105.258 0 180 0 0 0 0 0 -180
0 -0 0 -0 0 180 0 -180 1.50088e-12 96.6516 0 0 0 180 0 180 0 -0
0 -180 0 0 0 -180 0 -180 0.25848 -169.734 0 -180 0 -180 0 0 0 -180
0 -0 0 180 0 -0 0 -0 0.739527 -173.277 0 -0 0 -0 0 180 0 -0
inside=1 lambda=0.647 phi=40 theta=15
0 180 0 180 0 -180 0 -0 0.117262 -164.966 0 0 0 180 0 180 0 -180
0 0 0 0 0 -0 0 -180 0.88105 -168.249 0 180 0 0 0 0 0 -0
0 180 0 -0 0 0 0 180 0.0386571 0.883364 0 0 0 -0 0 180 0 -180
0 0 0 -0 0 180 0 0 0.0457457 -137.048 0 180 0 -180 0 180 0 -0
0 -180 0 -180 0 -0 0 -0 0.0383974 2.77638 0 180 0 0 0 0 0 -180
0 -0 0 -0 0 -180 0 -0 0.0446897 -138.602 0 180 0 180 0 180 0 -0
0 -180 0 0 0 180 0 -180 0.248317 -169.705 0 -180 0 -180 0 0 0 -180
0 0 0 180 0 0 0 -0 0.749323 -172.859 0 -0 0 -0 0 180 0 -0
inside=1 lambda=0.647 phi=40 theta=30
0 180 0 180 0 -180 0 -0 0.144634 -167.045 0 0 0 180 0 180 0 -180
0 0 0 0 0 -0 0 -180 0.852512 -169.122 0 180 0 0 0 0 0 -0
0 180 0 -0 0 0 0 180 0.0668605 1.37347 0 0 0 -0 0 180 0 -180
0 0 0 -0 0 180 0 0 0.0785686 -137.663 0 180 0 -180 0 180 0 -0
0 180 0 -180 0 -0 0 -0 0.0666212 2.41942 0 180 0 0 0 0 0 -180
0 0 0 -0 0 -180 0 -0 0.0775726 -138.542 0 180 0 180 0 180 0 -0
0 180 0 -0 0 180 0 -180 0.220455 -169.456 0 180 0 -180 0 0 0 -180
0 0 0 -180 0 0 0 -0 0.776424 -171.767 0 -0 0 -0 0 180 0 -0
inside=1 lambda=0.647 phi=40 theta=45
0 180 0 180 0 -180 0 -0 0.182434 -168.651 0 0 0 180 0 180 0 -180
0 0 0 -0 0 -0 0 -180 0.814121 -170.388 0 180 0 0 0 0 0 -0
0 180 0 -0 0 0 0 -180 0.0770632 1.92863 0 0 0 -0 0 180 0 -180
0 0 0 -0 0 180 0 0 0.0900145 -138.231 0 180 0 -180 0 180 0 -0
0 180 0 -180 0 -0 0 -0 0.0770632 1.92863 0 180 0 0 0 0 0 -180
0 0 0 0 0 -180 0 -0 0.0900145 -138.231 0 180 0 180 0 180 0 -0
0 180 0 -0 0 180 0 180 0.182434 -168.651 0 180 0 -180 0 0 0 -180
0 0 0 -180 0 0 0 -0 0.814121 -170.388 0 0 0 -0 0 180 0 -0
inside=1 lambda=0.647 phi=45 theta=0
0 180 0 180 0 -180 0 -0 0.094345 123.36 0 0 0 180 0 180 0 -180
0 0 0 0 0 -180 0.00885187 92.7544 0.916823 158.126 0 0 0 0 0 0 0 -180
0 180 0 -0 0 0 0 180 5.45794e-13 42.8226 0 180 0 -0 0 180 0 -180
0 0 0 -180 0 180 1.95115e-13 134.743 8.14837e-13 58.1025 0 -180 0 -180 0 0 0 -0
0 -180 0 -180 0 0 0 0 3.59744e-13 33.0608 0 0 0 0 0 0 0 -180
0 -0 0 -0 0 180 1.20665e-14 10.8886 1.02615e-12 64.244 0 -0 0 180 0 180 0 -0
0 -180 0 0 0 -180 0 -180 0.268626 129.354 0 -180 0 -180 0 0 0 -180
0 -0 0 180 0 -0 0.0560894 -68.4649 0.717522 151.62 0 -0 0 -0 0 180 0 -0
inside=1 lambda=0.647 phi=45 theta=15
0 180 0 180 0 -180 0 -0 0.105125 123.882 0 0 0 180 0 180 0 -180
0 0 0 0 0 -180 0 -180 0.903346 157.717 0 0 0 0 0 0 0 -180
0 180 0 -0 0 0 0 180 0.0443755 -55.0864 0 0 0 -0 0 180 0 -180
0 0 0 -180 0 180 0 -0 0.0595973 -172.33 0 0 0 -180 0 0 0 -0
0 -180 0 -180 0 0 0 -0 0.0441647 -51.7092 0 0 0 0 0 0 0 -180
0 -0 0 -0 0 180 0 -180 0.057794 -174.518 0 0 0 180 0 180 0 -0
0 -180 0 0 0 -180 0 -180 0.257253 128.976 0 -180 0 -180 0 0 0 -180
0 -0 0 180 0 -0 0 -0 0.730446 152.12 0 -0 0 -0 0 180 0 -0
inside=1 lambda=0.647 phi=45 theta=30
0 180 0 180 0 -180 0 -0 0.136705 125.178 0 0 0 180 0 180 0 -180
0 0 0 -0 0 -180 0 -180 0.86578 156.66 0 180 0 0 0 0 0 -0
0 180 0 -0 0 0 0 180 0.076932 -54.171 0 0 0 -0 0 180 0 -180
0 0 0 -180 0 180 0 -0 0.10192 -173.335 0 0 0 -180 0 0 0 -0
0 180 0 -180 0 -0 0 -0 0.0767779 -52.3672 0 0 0 0 0 0 0 -180
0 -0 0 -0 0 -180 0 -180 0.100306 -174.567 0 0 0 180 0 180 0 -0
0 180 0 0 0 180 0 -180 0.224902 127.922 0 180 0 -180 0 0 0 -180
0 0 0 180 0 0 0 -0 0.765861 153.468 0 -0 0 -180 0 180 0 -0
inside=1 lambda=0.647 phi=45 theta=45
0 180 0 180 0 -180 0 -0 0.180622 126.597 0 0 0 180 0 180 0 -180
0 0 0 -0 0 -180 0 180 0.815316 155.142 0 180 0 0 0 -0 0 -0
0 180 0 -0 0 0 0 -180 0.0887947 -53.2075 0 0 0 -0 0 180 0 -180
0 -0 0 -180 0 180 0 -0 0.116477 -174.181 0 180 0 -180 0 0 0 -0
0 180 0 -180 0 -0 0 -0 0.0887947 -53.2075 0 180 0 0 0 0 0 -180
0 -0 0 -0 0 -180 0 -180 0.116477 -174.181 0 0 0 180 0 180 0 -0
0 180 0 -0 0 180 0 180 0.180622 126.597 0 180 0 -180 0 0 0 -180
0 0 0 180 0 0 0 -0 0.815316 155.142 0 -0 0 -180 0 180 0 -0
