RSoft_BSDF_File_Version 2
1 0 5 2 1 1.28
0.3 0.3
-1 1
-1 1
1 0.647 0.647
10 0 45 0.5
4 0 45
Begin_Dispersion_Data
0.647 1.45662 0 1 0 0
End_Dispersion_Data
inside=0 lambda=0.647 phi=0 theta=0
0 -180 0 -180 0 -180 0 0 0.185715 0.46641 0 0 0 -180 0 -180 0 -180
0 180 0 180 0 180 0 -0 1.18591 1.66399 0 -0 0 180 0 180 0 180
0 -180 0 180 0 0 0 180 4.79336e-14 104.613 0 -0 0 0 0 180 0 -180
0 180 0 0 0 -0 0 -180 2.34005e-12 91.3402 0 -180 0 -0 0 -0 0 180
0 -180 0 180 0 0 0 0 5.91246e-14 -78.214 0 180 0 0 0 -0 0 -180
0 180 0 -0 0 -0 0 180 2.42397e-12 91.4627 0 -180 0 -0 0 -0 0 180
0 -180 0 0 0 -180 0 -180 0.185715 0.46641 0 -180 0 -180 0 0 0 -180
0 180 0 -0 0 180 0 180 1.18591 1.66399 0 180 0 180 0 -0 0 180
inside=0 lambda=0.647 phi=0 theta=15
0 -180 0 -180 0 -180 0 0 0.185715 0.46641 0 0 0 -180 0 -180 0 -180
0 180 0 180 0 180 0 -0 1.18591 1.66399 0 -0 0 180 0 180 0 180
0 -180 0 180 0 0 0 180 4.79336e-14 104.613 0 -0 0 0 0 180 0 -180
0 180 0 0 0 -0 0 -180 2.34005e-12 91.3402 0 -180 0 -0 0 -0 0 180
0 -180 0 180 0 0 0 0 5.91246e-14 -78.214 0 180 0 0 0 -0 0 -180
0 180 0 -0 0 -0 0 180 2.42397e-12 91.4627 0 -180 0 -0 0 -0 0 180
0 -180 0 0 0 -180 0 -180 0.185715 0.46641 0 -180 0 -180 0 0 0 -180
0 180 0 -0 0 180 0 180 1.18591 1.66399 0 180 0 180 0 -0 0 180
inside=0 lambda=0.647 phi=0 theta=30
0 -180 0 -180 0 -180 0 0 0.185715 0.46641 0 0 0 -180 0 -180 0 -180
0 180 0 180 0 180 0 -0 1.18591 1.66399 0 -0 0 180 0 180 0 180
0 -180 0 180 0 0 0 180 4.79336e-14 104.613 0 -0 0 0 0 180 0 -180
0 180 0 0 0 -0 0 -180 2.34005e-12 91.3402 0 -180 0 -0 0 -0 0 180
0 -180 0 180 0 0 0 0 5.91246e-14 -78.214 0 180 0 0 0 -0 0 -180
0 180 0 -0 0 -0 0 180 2.42397e-12 91.4627 0 -180 0 -0 0 -0 0 180
0 -180 0 0 0 -180 0 -180 0.185715 0.46641 0 -180 0 -180 0 0 0 -180
0 180 0 -0 0 180 0 180 1.18591 1.66399 0 180 0 180 0 -0 0 180
inside=0 lambda=0.647 phi=0 theta=45
0 -180 0 -180 0 -180 0 0 0.185715 0.46641 0 0 0 -180 0 -180 0 -180
0 180 0 180 0 180 0 -0 1.18591 1.66399 0 -0 0 180 0 180 0 180
0 -180 0 180 0 0 0 180 4.79336e-14 104.613 0 -0 0 0 0 180 0 -180
0 180 0 0 0 -0 0 -180 2.34005e-12 91.3402 0 -180 0 -0 0 -0 0 180
0 -180 0 180 0 0 0 0 5.91246e-14 -78.214 0 180 0 0 0 -0 0 -180
0 180 0 -0 0 -0 0 180 2.42397e-12 91.4627 0 -180 0 -0 0 -0 0 180
0 -180 0 0 0 -180 0 -180 0.185715 0.46641 0 -180 0 -180 0 0 0 -180
0 180 0 -0 0 180 0 180 1.18591 1.66399 0 180 0 180 0 -0 0 180
inside=0 lambda=0.647 phi=5 theta=0
0 -180 0 -180 0 -180 0 0 0.183682 0.10774 0 0 0 -180 0 -180 0 -180
0 180 0 180 0 180 0 -0 1.18381 -3.94229 0 -0 0 180 0 180 0 180
0 -180 0 -0 0 0 0 180 7.56339e-14 44.7429 0 180 0 0 0 180 0 -180
0 180 0 0 0 -0 0 -180 2.54784e-12 85.4693 0 180 0 -0 0 -180 0 180
0 -180 0 -180 0 0 0 0 1.0202e-13 134.63 0 180 0 0 0 0 0 -180
0 180 0 180 0 -0 0 0 2.83088e-12 87.1679 0 180 0 -0 0 -0 0 180
0 -180 0 0 0 -180 0 -180 0.18783 0.0779584 0 -180 0 -180 0 0 0 -180
0 180 0 -0 0 180 0 180 1.18798 -4.00982 0 180 0 180 0 -0 0 180
inside=0 lambda=0.647 phi=5 theta=15
0 -180 0 -180 0 -180 0 0 0.18396 0.105704 0 0 0 -180 0 -180 0 -180
0 180 0 180 0 180 0 -0 1.18409 -3.94683 0 -0 0 180 0 180 0 180
0 -180 0 -0 0 0 0 -180 0.00103707 178.847 0 0 0 0 0 180 0 -180
0 180 0 0 0 -0 0 180 0.00110557 156.454 0 -0 0 -0 0 -180 0 180
0 -180 0 -180 0 0 0 -0 0.00103707 178.846 0 180 0 0 0 0 0 -180
0 180 0 180 0 -0 0 0 0.00110548 156.465 0 -180 0 -0 0 -0 0 180
0 -180 0 0 0 -180 0 -180 0.187552 0.0799133 0 -180 0 -180 0 0 0 -180
0 180 0 -0 0 180 0 180 1.1877 -4.00532 0 180 0 180 0 -0 0 180
inside=0 lambda=0.647 phi=5 theta=30
0 -180 0 -180 0 -180 0 0 0.184719 0.100172 0 0 0 -180 0 -180 0 -180
0 180 0 180 0 180 0 -0 1.18486 -3.95922 0 -0 0 180 0 180 0 180
0 -180 0 -0 0 0 0 -180 0.00179626 178.847 0 0 0 0 0 180 0 -180
0 180 0 0 0 -0 0 180 0.00191487 156.457 0 -0 0 -0 0 -180 0 180
0 -180 0 -180 0 0 0 -0 0.00179626 178.846 0 180 0 0 0 0 0 -180
0 180 0 180 0 -0 0 0 0.00191477 156.463 0 -180 0 -0 0 -0 0 180
0 -180 0 0 0 -180 0 -180 0.186793 0.085283 0 -180 0 -180 0 0 0 -180
0 180 0 -0 0 180 0 180 1.18694 -3.99299 0 180 0 180 0 -0 0 180
inside=0 lambda=0.647 phi=5 theta=45
0 -180 0 -180 0 -180 0 0 0.185756 0.0926871 0 0 0 -180 0 -180 0 -180
0 180 0 180 0 180 0 -0 1.1859 -3.97612 0 -0 0 180 0 180 0 180
0 -180 0 -0 0 0 0 -180 0.00207414 178.846 0 0 0 0 0 180 0 -180
0 180 0 0 0 -0 0 180 0.00221105 156.46 0 -0 0 -0 0 -180 0 180
0 -180 0 -180 0 0 0 -0 0.00207414 178.846 0 180 0 0 0 0 0 -180
0 180 0 180 0 -0 0 0 0.00221105 156.46 0 -180 0 -0 0 -0 0 180
0 -180 0 0 0 -180 0 -180 0.185756 0.0926871 0 -180 0 -180 0 0 0 -180
0 180 0 -0 0 180 0 180 1.1859 -3.97612 0 180 0 180 0 -0 0 180
inside=0 lambda=0.647 phi=10 theta=0
0 180 0 -180 0 -180 0 0 0.176157 -0.84128 0 0 0 180 0 -180 0 -180
0 180 0 180 0 180 0 -0 1.17753 -20.8618 0 -0 0 180 0 180 0 180
0 180 0 -0 0 0 0 180 2.43673e-14 39.9204 0 180 0 -0 0 180 0 -180
0 180 0 0 0 -0 0 -180 9.01865e-13 68.2155 0 -180 0 -0 0 -180 0 180
0 -180 0 -180 0 0 0 180 2.65622e-14 56.053 0 -0 0 0 0 0 0 -180
0 180 0 180 0 -0 0 -180 1.30756e-12 67.6409 0 -180 0 -0 0 -0 0 180
0 -180 0 0 0 -180 0 -180 0.192906 -1.02836 0 -180 0 -180 0 0 0 -180
0 180 0 -0 0 180 0 180 1.19479 -21.1297 0 180 0 180 0 -0 0 180
inside=0 lambda=0.647 phi=10 theta=15
0 180 0 -180 0 -180 0 0 0.177279 -0.854898 0 0 0 180 0 -180 0 -180
0 180 0 180 0 180 0 -0 1.17869 -20.88 0 -0 0 180 0 180 0 180
0 180 0 -0 0 0 0 -180 0.00419122 177.11 0 0 0 -0 0 180 0 -180
0 180 0 0 0 -0 0 180 0.00455984 140.112 0 -0 0 -0 0 -180 0 180
0 -180 0 -180 0 0 0 -0 0.00419119 177.107 0 180 0 0 0 0 0 -180
0 180 0 180 0 -0 0 0 0.00455826 140.159 0 -180 0 -0 0 -0 0 180
0 -180 0 0 0 -180 0 -180 0.191784 -1.01682 0 -180 0 -180 0 0 0 -180
0 180 0 -0 0 180 0 180 1.19363 -21.112 0 180 0 180 0 -0 0 180
inside=0 lambda=0.647 phi=10 theta=30
0 180 0 -180 0 -180 0 0 0.180345 -0.891248 0 0 0 180 0 -180 0 -180
0 180 0 180 0 180 0 -0 1.18184 -20.9296 0 -0 0 180 0 180 0 180
0 -180 0 -0 0 0 0 -180 0.00725941 177.109 0 0 0 -0 0 180 0 -180
0 180 0 0 0 -0 0 180 0.00789724 140.123 0 -0 0 -0 0 -180 0 180
0 -180 0 -180 0 0 0 -0 0.00725938 177.108 0 180 0 0 0 0 0 -180
0 180 0 180 0 -0 0 0 0.00789566 140.15 0 -180 0 -0 0 -0 0 180
0 -180 0 0 0 180 0 -180 0.188719 -0.984631 0 -180 0 -180 0 0 0 -180
0 180 0 -0 0 180 0 180 1.19047 -21.0635 0 180 0 180 0 -0 0 180
inside=0 lambda=0.647 phi=10 theta=45
0 180 0 -180 0 -180 0 0 0.184532 -0.938978 0 0 0 180 0 -180 0 -180
0 180 0 180 0 180 0 -0 1.18616 -20.9968 0 -0 0 180 0 180 0 180
0 -180 0 -0 0 0 0 -180 0.00838243 177.108 0 0 0 0 0 180 0 -180
0 180 0 0 0 -0 0 180 0.00911801 140.137 0 -0 0 -0 0 -180 0 180
0 -180 0 -180 0 0 0 -0 0.00838243 177.108 0 180 0 0 0 0 0 -180
0 180 0 180 0 -0 0 0 0.00911801 140.137 0 -180 0 -0 0 -0 0 180
0 180 0 0 0 180 0 -180 0.184532 -0.938978 0 -180 0 -180 0 0 0 -180
0 180 0 -0 0 180 0 180 1.18616 -20.9968 0 180 0 180 0 -0 0 180
inside=0 lambda=0.647 phi=15 theta=0
0 180 0 -180 0 -180 0 -0 0.160712 -1.41309 0 0 0 180 0 -180 0 -180
0 180 0 180 0 0 0 -0 1.16647 -49.4386 0 -180 0 180 0 180 0 0
0 180 0 -0 0 0 0 180 3.76814e-13 -146.775 0 0 0 -0 0 180 0 -180
0 180 0 0 0 -180 0 -0 6.37324e-12 -139.731 0 -0 0 -0 0 -180 0 0
0 -180 0 -180 0 0 0 180 3.89928e-13 -144.592 0 180 0 0 0 0 0 -180
0 180 0 180 0 -0 0 -180 6.75825e-12 -139.328 0 180 0 -0 0 -0 0 180
0 -180 0 0 0 -180 0 -180 0.197953 -1.89114 0 -180 0 -180 0 0 0 -180
0 180 0 -0 0 180 0 180 1.20812 -50.0569 0 180 0 180 0 -0 0 180
inside=0 lambda=0.647 phi=15 theta=15
0 180 0 -180 0 -180 0 0 0.163207 -1.4519 0 0 0 180 0 -180 0 -180
0 180 0 180 0 0 0 -0 1.16926 -49.4816 0 -180 0 180 0 180 0 0
0 180 0 -0 0 0 0 -180 0.0093293 176.146 0 0 0 -0 0 180 0 -180
0 180 0 0 0 -180 0 180 0.0109593 112.021 0 -180 0 -0 0 -180 0 0
0 -180 0 -180 0 0 0 -180 0.00932863 176.141 0 180 0 0 0 0 0 -180
0 180 0 180 0 -0 0 0 0.0109512 112.131 0 -180 0 -0 0 -0 0 180
0 -180 0 0 0 -180 0 -180 0.195459 -1.86472 0 -180 0 -180 0 0 0 -180
0 180 0 -0 0 180 0 180 1.20532 -50.017 0 180 0 180 0 -0 0 180
inside=0 lambda=0.647 phi=15 theta=30
0 180 0 -180 0 -180 0 0 0.170024 -1.55209 0 0 0 180 0 -180 0 -180
0 180 0 180 0 0 0 -0 1.17687 -49.5979 0 -180 0 180 0 180 0 0
0 180 0 -0 0 0 0 -180 0.0161588 176.145 0 0 0 -0 0 180 0 -180
0 180 0 0 0 -180 0 180 0.0189783 112.049 0 -180 0 -0 0 -180 0 0
0 -180 0 -180 0 -0 0 -0 0.0161581 176.142 0 180 0 0 0 0 0 -180
0 180 0 180 0 -0 0 0 0.0189703 112.113 0 -180 0 -0 0 -0 0 180
0 180 0 0 0 180 0 -180 0.188645 -1.78908 0 -180 0 -180 0 0 0 -180
0 180 0 -0 0 180 0 180 1.19769 -49.9069 0 180 0 180 0 -0 0 180
inside=0 lambda=0.647 phi=15 theta=45
0 180 0 -180 0 -180 0 0 0.179335 -1.67667 0 0 0 180 0 -180 0 -180
0 180 0 180 0 0 0 -0 1.18727 -49.7539 0 -180 0 180 0 180 0 0
0 180 0 -0 0 0 0 -180 0.0186583 176.144 0 0 0 -0 0 180 0 -180
0 180 0 0 0 -0 0 180 0.0219093 112.083 0 -0 0 -0 0 -180 0 180
0 180 0 -180 0 -0 0 -0 0.0186583 176.144 0 180 0 0 0 0 0 -180
0 180 0 180 0 -0 0 0 0.0219093 112.083 0 -180 0 -0 0 -0 0 180
0 180 0 0 0 180 0 -180 0.179335 -1.67667 0 -180 0 -180 0 0 0 -180
0 180 0 -0 0 180 0 180 1.18727 -49.7539 0 180 0 0 0 -180 0 0
inside=0 lambda=0.647 phi=20 theta=0
0 180 0 180 0 -180 0 -0 0.140243 0.0608737 0 0 0 180 0 180 0 -180
0 180 0 180 0 0 0 -0 1.14787 -90.3298 0 -180 0 180 0 180 0 0
0 180 0 -0 0 0 0 180 2.24484e-13 129.366 0 180 0 -0 0 180 0 -180
0 180 0 -0 0 -180 0 -180 1.98928e-12 -175.654 0 -0 0 -0 0 180 0 0
0 -180 0 -180 0 0 0 180 3.75531e-13 -155.223 0 -180 0 0 0 0 0 -180
0 0 0 0 0 -180 0 -180 2.53845e-12 -166.887 0 0 0 -180 0 -180 0 0
0 -180 0 0 0 -180 0 -180 0.207767 0.196347 0 -180 0 -180 0 0 0 -180
0 0 0 -180 0 0 0 0 1.22902 -91.5862 0 0 0 0 0 -180 0 0
inside=0 lambda=0.647 phi=20 theta=15
0 180 0 -180 0 -180 0 -0 0.144768 0.0732508 0 0 0 180 0 180 0 -180
0 180 0 180 0 0 0 -0 1.15328 -90.4204 0 -180 0 180 0 180 0 0
0 180 0 -0 0 0 0 -180 0.0169073 -179.499 0 0 0 -0 0 180 0 -180
0 180 0 -0 0 -180 0 0 0.0214511 70.043 0 -180 0 -0 0 180 0 0
0 -180 0 -180 0 0 0 -180 0.0169047 -179.501 0 180 0 0 0 0 0 -180
0 0 0 0 0 -180 0 -0 0.0214202 70.2427 0 180 0 -180 0 -180 0 0
0 -180 0 0 0 180 0 -180 0.203247 0.189659 0 -180 0 -180 0 0 0 -180
0 0 0 -180 0 180 0 0 1.22356 -91.508 0 0 0 0 0 -180 0 0
inside=0 lambda=0.647 phi=20 theta=30
0 180 0 -180 0 -180 0 -0 0.157131 0.10399 0 0 0 180 0 -180 0 -180
0 180 0 180 0 0 0 -0 1.16809 -90.6628 0 -180 0 180 0 180 0 0
0 180 0 -0 0 0 0 -180 0.0292843 -179.499 0 0 0 -0 0 180 0 -180
0 180 0 -0 0 -180 0 0 0.037138 70.102 0 -180 0 -0 0 180 0 0
0 180 0 -180 0 -0 0 -180 0.0292818 -179.5 0 180 0 0 0 0 0 -180
0 180 0 0 0 -0 0 -0 0.0371077 70.216 0 180 0 -180 0 -180 0 0
0 180 0 0 0 180 0 -180 0.190896 0.17015 0 -180 0 -180 0 0 0 -180
0 180 0 -180 0 180 0 0 1.20866 -91.2902 0 0 0 0 0 -180 0 0
inside=0 lambda=0.647 phi=20 theta=45
0 180 0 -180 0 -180 0 -0 0.174017 0.139837 0 0 0 180 0 -180 0 -180
0 180 0 0 0 0 0 -0 1.18836 -90.9826 0 -180 0 180 0 180 0 0
0 180 0 -180 0 0 0 -180 0.0338137 -179.5 0 0 0 -0 0 180 0 -180
0 180 0 -0 0 -180 0 0 0.042863 70.1669 0 -180 0 -0 0 180 0 0
0 180 0 -180 0 -0 0 -180 0.0338137 -179.5 0 180 0 0 0 0 0 -180
0 180 0 0 0 -0 0 -0 0.042863 70.1669 0 180 0 -180 0 -180 0 0
0 180 0 -0 0 180 0 -180 0.174017 0.139837 0 -180 0 -180 0 0 0 -180
0 180 0 -0 0 180 0 0 1.18836 -90.9826 0 180 0 0 0 -180 0 0
inside=0 lambda=0.647 phi=25 theta=0
0 180 0 180 0 -180 0 -0 0.116064 1.22155 0 0 0 180 0 180 0 -180
0 0 0 0 0 -0 0 -180 1.11782 -144.644 0 180 0 0 0 0 0 -0
0 180 0 -0 0 0 0 180 1.49667e-14 7.1677 0 180 0 -0 0 180 0 -180
0 0 0 -0 0 180 0 180 1.30382e-12 123.547 0 -180 0 -180 0 180 0 -0
0 -180 0 -180 0 0 0 180 6.4986e-14 170.175 0 180 0 0 0 0 0 -180
0 0 0 0 0 -180 0 180 1.68143e-12 126.655 0 0 0 -180 0 -180 0 0
0 -180 0 0 0 -180 0 -180 0.246089 2.33478 0 -180 0 -180 0 0 0 -180
0 0 0 -180 0 0 0 0 1.25448 -146.918 0 0 0 0 0 -180 0 0
inside=0 lambda=0.647 phi=25 theta=15
0 180 0 180 0 -180 0 -0 0.124771 1.36267 0 0 0 180 0 180 0 -180
0 0 0 0 0 -0 0 -180 1.1269 -144.818 0 180 0 0 0 0 0 -0
0 180 0 -0 0 0 0 -180 0.0325141 -176.628 0 0 0 -0 0 180 0 -180
0 0 0 -0 0 180 0 0 0.0364573 13.8431 0 180 0 -180 0 180 0 -0
0 -180 0 -180 0 -0 0 -180 0.0325148 -176.634 0 180 0 0 0 0 0 -180
0 0 0 0 0 -180 0 -0 0.0363427 14.1985 0 180 0 -180 0 -180 0 0
0 180 0 0 0 180 0 -180 0.237383 2.2968 0 -180 0 -180 0 0 0 -180
0 0 0 -180 0 0 0 0 1.24526 -146.784 0 0 0 0 0 180 0 -0
inside=0 lambda=0.647 phi=25 theta=30
0 180 0 -180 0 -180 0 -0 0.148566 1.67048 0 0 0 180 0 180 0 -180
0 0 0 0 0 -0 0 -180 1.15178 -145.274 0 180 0 0 0 0 0 -0
0 180 0 -0 0 0 0 -180 0.0563202 -176.627 0 0 0 -0 0 180 0 -180
0 0 0 -0 0 180 0 0 0.0630759 13.9664 0 180 0 -180 0 180 0 -0
0 180 0 -180 0 -0 0 -180 0.0563209 -176.63 0 180 0 0 0 0 0 -180
0 0 0 0 0 -180 0 -0 0.0629671 14.1656 0 180 0 180 0 180 0 -0
0 180 0 -0 0 180 0 -180 0.213588 2.17805 0 -180 0 -180 0 0 0 -180
0 0 0 -180 0 0 0 0 1.22012 -146.406 0 0 0 -0 0 180 0 -0
inside=0 lambda=0.647 phi=25 theta=45
0 180 0 -180 0 -180 0 -0 0.181077 1.9676 0 0 0 180 0 180 0 -180
0 0 0 0 0 -0 0 -180 1.18588 -145.859 0 180 0 0 0 0 0 -0
0 180 0 -180 0 0 0 -180 0.0650351 -176.627 0 0 0 -0 0 180 0 -180
0 0 0 -0 0 180 0 0 0.0727574 14.0877 0 180 0 -180 0 180 0 -0
0 180 0 -180 0 -0 0 -180 0.0650351 -176.627 0 180 0 0 0 0 0 -180
0 0 0 0 0 -180 0 -0 0.0727574 14.0877 0 180 0 180 0 180 0 -0
0 180 0 -0 0 180 0 -180 0.181077 1.9676 0 180 0 -180 0 0 0 -180
0 0 0 -180 0 0 0 0 1.18588 -145.859 0 0 0 -0 0 180 0 -0
inside=0 lambda=0.647 phi=30 theta=0
0 180 0 180 0 -180 0.00729152 -108.235 0.076419 5.28788 0 0 0 180 0 180 0 -180
0 0 0 0 0 -180 0 180 1.07031 145.288 0 0 0 0 0 0 0 -180
0 180 0 -0 0 0 1.80158e-13 139.308 3.7364e-13 -136.68 0 -0 0 -0 0 180 0 -180
0 0 0 -180 0 0 0 180 5.63636e-12 55.5974 0 180 0 -180 0 0 0 -180
0 -180 0 -180 0 0 4.25126e-14 49.5621 5.75353e-13 -136.947 0 180 0 0 0 0 0 -180
0 -0 0 -0 0 180 0 -0 6.87261e-12 53.2456 0 -0 0 180 0 180 0 -0
0 -180 0 0 0 -180 0.0255008 -131.604 0.286901 -2.24805 0 -180 0 -180 0 0 0 -180
0 -0 0 180 0 -0 0 -0 1.29965 141.971 0 -0 0 -0 0 180 0 -0
inside=0 lambda=0.647 phi=30 theta=15
0 180 0 180 0 -180 0 -0 0.0904031 3.6101 0 0 0 180 0 180 0 -180
0 0 0 0 0 -180 0 180 1.08564 145.006 0 0 0 0 0 0 0 -180
0 180 0 -0 0 0 0 -180 0.0529202 175.27 0 0 0 -0 0 180 0 -180
0 0 0 -180 0 0 0 -0 0.060401 -54.7336 0 0 0 -180 0 0 0 -180
0 -180 0 -180 0 -0 0 -180 0.0529054 175.231 0 180 0 0 0 0 0 -180
0 -0 0 -0 0 180 0 -180 0.0600976 -54.0802 0 0 0 180 0 180 0 -0
0 180 0 -0 0 180 0 -180 0.272824 -2.09431 0 -180 0 -180 0 0 0 -180
0 -0 0 180 0 -0 0 -0 1.28422 142.143 0 -0 0 -0 0 180 0 -0
inside=0 lambda=0.647 phi=30 theta=30
0 180 0 180 0 -180 0 -0 0.12873 1.03228 0 0 0 180 0 180 0 -180
0 0 0 0 0 -180 0 180 1.1273 144.288 0 0 0 0 0 0 0 -180
0 180 0 -0 0 0 0 -180 0.0917101 175.268 0 0 0 -0 0 180 0 -180
0 0 0 -180 0 0 0 -0 0.104369 -54.4669 0 0 0 -180 0 0 0 -180
0 180 0 180 0 -0 0 -180 0.0916986 175.249 0 180 0 0 0 0 0 -180
0 -0 0 -0 0 180 0 -180 0.104114 -54.1135 0 0 0 180 0 180 0 -0
0 180 0 -0 0 180 0 -180 0.23422 -1.63164 0 180 0 -180 0 0 0 -180
0 -0 0 180 0 -0 0 -0 1.24195 142.648 0 -0 0 -0 0 180 0 -180
inside=0 lambda=0.647 phi=30 theta=45
0 180 0 -180 0 -180 0 -0 0.181425 -0.688721 0 0 0 180 0 180 0 -180
0 0 0 -0 0 -180 0 180 1.18448 143.418 0 0 0 0 0 -0 0 -180
0 180 0 -180 0 0 0 180 0.105911 175.264 0 0 0 -0 0 180 0 -180
0 -0 0 -180 0 0 0 -0 0.120317 -54.2393 0 180 0 -180 0 0 0 -180
0 180 0 180 0 -0 0 -180 0.105911 175.264 0 180 0 0 0 0 0 -180
0 -0 0 -0 0 -180 0 -180 0.120317 -54.2393 0 0 0 0 0 180 0 -180
0 180 0 -0 0 180 0 -180 0.181425 -0.688721 0 180 0 -180 0 0 0 -180
0 0 0 180 0 0 0 -0 1.18448 143.418 0 -0 0 -180 0 0 0 -180
inside=0 lambda=0.647 phi=35 theta=0
0 180 0 180 0 -180 0.0245924 -106.356 0.0142515 -60.9975 0 0 0 180 0 180 0 -180
0 -0 0 -0 0 180 0 180 0.98783 54.4334 0 -0 0 -0 0 -0 0 180
0 180 0 -0 0 0 1.20166e-13 -20.3737 7.00042e-14 73.8043 0 180 0 -0 0 180 0 -180
0 -0 0 180 0 -0 0 0 2.11911e-12 -39.5048 0 0 0 180 0 -0 0 180
0 -180 0 -180 0 0 1.9649e-14 -147.633 2.30397e-13 164.072 0 -0 0 0 0 0 0 -180
0 -180 0 -180 0 0 0 -180 2.51212e-12 -39.7706 0 180 0 0 0 0 0 -180
0 -180 0 0 0 -180 0.0328914 -111.578 0.348534 3.14419 0 -180 0 -180 0 0 0 -180
0 -180 0 0 0 -180 0 -180 1.38071 47.982 0 -180 0 -180 0 0 0 -180
inside=0 lambda=0.647 phi=35 theta=15
0 180 0 180 0 -180 0.0182583 -111.2 0.0316815 -19.3877 0 0 0 180 0 180 0 -180
0 -0 0 -0 0 180 0 180 1.01373 53.7879 0 -0 0 -0 0 -0 0 180
0 180 0 -0 0 0 0.00143408 82.7924 0.085653 -174.567 0 0 0 -0 0 180 0 -180
0 -0 0 180 0 -0 0 -180 0.104976 -149.447 0 -0 0 180 0 -0 0 180
0 180 0 -180 0 -0 0.00904064 -135.445 0.0856466 -174.598 0 180 0 0 0 0 0 -180
0 -180 0 -180 0 0 0 180 0.104069 -148.548 0 -0 0 0 0 0 0 -180
0 180 0 -0 0 180 0.0288385 -120.011 0.325685 2.99437 0 -180 0 -180 0 0 0 -180
0 -180 0 0 0 -180 0 -180 1.35397 48.2583 0 -180 0 -180 0 0 0 -180
inside=0 lambda=0.647 phi=35 theta=30
0 180 0 180 0 -180 0 -0 0.0925297 -3.14091 0 0 0 180 0 180 0 -180
0 -0 0 -0 0 180 0 0 1.08489 52.2362 0 -0 0 -0 0 -0 0 180
0 180 0 -180 0 0 0 180 0.148554 -174.531 0 0 0 -0 0 180 0 -180
0 -0 0 180 0 -0 0 -180 0.180886 -149.062 0 -0 0 180 0 -0 0 180
0 180 0 180 0 -0 0 -180 0.148523 -174.539 0 180 0 0 0 0 0 -180
0 -180 0 -180 0 0 0 180 0.18009 -148.559 0 -0 0 0 0 0 0 180
0 180 0 -0 0 180 0 -180 0.263195 2.42251 0 180 0 -180 0 0 0 -180
0 -0 0 0 0 -0 0 -180 1.28133 49.1093 0 -180 0 180 0 -0 0 180
inside=0 lambda=0.647 phi=35 theta=45
0 180 0 180 0 -180 0 -0 0.177694 0.96079 0 0 0 180 0 180 0 -180
0 -0 0 -0 0 180 0 0 1.18261 50.5087 0 -0 0 -0 0 -0 0 180
0 180 0 -180 0 0 0 180 0.171578 -174.546 0 0 0 -0 0 180 0 -180
0 -0 0 180 0 -0 0 -180 0.208183 -148.708 0 -0 0 180 0 -0 0 180
0 180 0 180 0 -0 0 -180 0.171578 -174.546 0 180 0 0 0 0 0 -180
0 -0 0 -180 0 180 0 180 0.208183 -148.708 0 -0 0 -0 0 -0 0 180
0 180 0 -0 0 180 0 180 0.177694 0.96079 0 180 0 -180 0 0 0 -180
0 -0 0 0 0 -0 0 -0 1.18261 50.5087 0 -0 0 180 0 -0 0 180
inside=0 lambda=0.647 phi=40 theta=0
0 180 0 180 0 -180 0.0562554 -104.788 0.0967445 157.505 0 0 0 180 0 180 0 -180
0 -180 0 -180 0 0 0 -0 0.811549 -71.449 0 -180 0 -180 0 -180 0 0
0 180 0 -0 0 0 4.64838e-14 -66.1571 2.85592e-13 89.5221 0 -180 0 -0 0 180 0 -180
0 180 0 0 0 -180 0 -0 8.25098e-13 175.41 0 -180 0 -0 0 -180 0 0
0 -180 0 -180 0 0 4.42568e-12 59.601 1.20172e-12 -170.55 0 0 0 0 0 0 0 -180
0 0 0 0 0 -0 0 180 3.46422e-12 -172.896 0 180 0 -180 0 -180 0 180
0 -180 0 0 0 -180 0.0452985 -99.7475 0.446298 -1.12467 0 -180 0 -180 0 0 0 -180
0 0 0 -180 0 180 0 0 1.59361 -83.404 0 180 0 0 0 -180 0 180
inside=0 lambda=0.647 phi=40 theta=15
0 180 0 180 0 -180 0.0414565 -112.344 0.0631694 148.781 0 0 0 180 0 180 0 -180
0 -180 0 -180 0 0 0 -0 0.862187 -73.2726 0 -180 0 180 0 -180 0 0
0 180 0 -0 0 0 0.00674499 70.6495 0.135029 175.604 0 0 0 -0 0 180 0 -180
0 180 0 0 0 -180 0 180 0.207023 82.1763 0 -180 0 -0 0 -180 0 0
0 180 0 180 0 -0 0.0175957 -130.368 0.134895 175.506 0 180 0 0 0 0 0 -180
0 180 0 180 0 -0 0 0 0.204776 83.8134 0 -180 0 -180 0 -180 0 0
0 180 0 -0 0 180 0.0359905 -108.634 0.410962 -0.723134 0 180 0 -180 0 0 0 -180
0 180 0 -0 0 180 0 0 1.53958 -83.2071 0 180 0 0 0 -180 0 0
inside=0 lambda=0.647 phi=40 theta=30
0 180 0 180 0 -180 0.0126106 -130.079 0.0495922 28.3147 0 0 0 180 0 180 0 -180
0 -180 0 -180 0 0 0 -0 1.00237 -76.9015 0 -180 0 180 0 180 0 0
0 180 0 -180 0 0 0.00170096 82.2913 0.234786 175.843 0 0 0 -0 0 180 0 -180
0 180 0 0 0 -180 0 180 0.355629 82.8646 0 -180 0 -0 0 -180 0 0
0 180 0 180 0 -0 0.0149795 -151.859 0.234588 175.792 0 180 0 0 0 0 0 -180
0 180 0 180 0 -0 0 0 0.353667 83.6306 0 -180 0 -180 0 -180 0 0
0 180 0 -0 0 180 0.0230714 -139.843 0.312996 0.530943 0 180 0 -180 0 0 0 -180
0 180 0 -0 0 180 0 180 1.39365 -82.2245 0 180 0 0 0 -180 0 0
inside=0 lambda=0.647 phi=40 theta=45
0 180 0 180 0 -180 0 -0 0.178527 4.19739 0 0 0 180 0 180 0 -180
0 180 0 180 0 0 0 -0 1.1967 -80.1304 0 -180 0 180 0 180 0 0
0 180 0 -180 0 0 0 180 0.271569 175.857 0 0 0 -0 0 180 0 -180
0 180 0 0 0 -180 0 180 0.408582 83.3774 0 -180 0 -0 0 -180 0 0
0 180 0 180 0 -0 0 -180 0.271569 175.857 0 180 0 0 0 0 0 -180
0 180 0 180 0 -0 0 0 0.408582 83.3774 0 -180 0 -180 0 -180 0 0
0 180 0 -0 0 180 0 180 0.178527 4.19739 0 180 0 -180 0 0 0 -180
0 180 0 -0 0 180 0 180 1.1967 -80.1304 0 180 0 0 0 -180 0 0
inside=0 lambda=0.647 phi=45 theta=0
0 0 0 0 0 -180 0.183137 -150.15 0.981112 152.372 0 0 0 0 0 0 0 -180
0 -180 0 -180 0 0 0 0 0 0 0 -180 0 -180 0 -180 0 0
0 0 0 -180 0 0 2.05846e-13 120.057 8.21983e-14 -76.9266 0 -0 0 -180 0 0 0 -180
0 -180 0 0 0 -180 0 0 0 -180 0 0 0 0 0 -180 0 0
0 180 0 180 0 -0 4.59032e-12 -61.2817 3.40708e-12 148.661 0 180 0 -0 0 -0 0 180
0 180 0 180 0 -0 0 180 0 0 0 0 0 -0 0 -0 0 180
0 180 0 -0 0 180 0.070366 -127.993 0.997778 -20.0267 0 180 0 180 0 -0 0 180
0 180 0 -0 0 180 0 180 0 -0 0 180 0 180 0 -0 0 180
inside=0 lambda=0.647 phi=45 theta=15
0 0 0 0 0 -180 0.113887 -159.413 0.857663 150.387 0 0 0 0 0 0 0 -180
0 -180 0 -180 0 0 0 0 0 0 0 -180 0 -180 0 -180 0 0
0 0 0 -180 0 0 0.0412304 18.0506 0.496723 155.632 0 0 0 -180 0 0 0 -180
0 -180 0 0 0 -180 0 -180 0 180 0 -180 0 0 0 -180 0 0
0 180 0 180 0 -0 0.0424747 -166.42 0.496248 155.536 0 0 0 0 0 0 0 -180
0 -180 0 -180 0 0 0 180 0 180 0 -180 0 -0 0 -0 0 180
0 180 0 -0 0 180 0.0436958 -127.964 0.865945 -19.5984 0 180 0 -180 0 0 0 -180
0 -180 0 0 0 -180 0 -180 0 -0 0 -180 0 180 0 -0 0 180
inside=0 lambda=0.647 phi=45 theta=30
0 0 0 0 0 -180 0.0332795 -170.406 0.502785 145.16 0 0 0 0 0 0 0 -180
0 -180 0 -180 0 0 0 0 0 0 0 -180 0 -180 0 -180 0 0
0 0 0 -180 0 0 0.0292893 -3.57521 0.86264 154.841 0 0 0 -180 0 0 0 -180
0 -180 0 0 0 -180 0 -180 0 180 0 -180 0 0 0 -180 0 0
0 180 0 180 0 -0 0.0308851 175.961 0.86198 154.811 0 0 0 0 0 0 0 -180
0 -180 0 -180 0 0 0 0 0 180 0 -180 0 -0 0 -0 0 0
0 0 0 -0 0 180 0.0171599 -125.25 0.504623 -15.7242 0 180 0 -180 0 0 0 -180
0 -180 0 0 0 -180 0 -180 0 0 0 -180 0 180 0 -0 0 0
inside=0 lambda=0.647 phi=45 theta=45
0 0 0 0 0 -180 0 -0 0.0865256 64.5843 0 0 0 180 0 180 0 -180
0 -180 0 -180 0 0 0 0 0 0 0 -180 0 -180 0 -180 0 0
0 0 0 -180 0 0 0 0 0.99625 154.584 0 0 0 -0 0 0 0 -180
0 -180 0 0 0 -180 0 -180 0 180 0 -180 0 0 0 -180 0 0
0 0 0 0 0 -0 0 -180 0.99625 154.584 0 0 0 0 0 0 0 -180
0 -180 0 -180 0 0 0 0 0 180 0 -180 0 -180 0 -180 0 0
0 0 0 -0 0 180 0 0 0.0865256 64.5843 0 180 0 -180 0 0 0 -180
0 -180 0 0 0 -180 0 -180 0 0 0 -180 0 0 0 -180 0 0
inside=1 lambda=0.647 phi=0 theta=0
0 -180 0 -180 0 -180 0 0 0.185715 -177.138 0 0 0 -180 0 -180 0 -180
0 180 0 180 0 180 0 -0 0.814153 1.66399 0 -0 0 180 0 180 0 180
0 -180 0 -0 0 0 0 180 6.5816e-13 95.3925 0 -0 0 0 0 -0 0 -180
0 180 0 180 0 -0 0 -0 1.58697e-12 -88.9247 0 0 0 -0 0 180 0 180
0 -180 0 -0 0 0 0 -0 7.60802e-13 92.1696 0 -0 0 0 0 180 0 -180
0 180 0 0 0 -0 0 -0 1.66347e-12 -88.3936 0 0 0 -0 0 -180 0 180
0 -180 0 0 0 -180 0 -180 0.185715 -177.138 0 -180 0 -180 0 0 0 -180
0 180 0 -0 0 180 0 180 0.814153 1.66399 0 180 0 180 0 -0 0 180
inside=1 lambda=0.647 phi=0 theta=15
0 -180 0 -180 0 -180 0 0 0.185715 -177.138 0 0 0 -180 0 -180 0 -180
0 180 0 180 0 180 0 -0 0.814153 1.66399 0 -0 0 180 0 180 0 180
0 -180 0 -0 0 0 0 180 6.5816e-13 95.3925 0 -0 0 0 0 -0 0 -180
0 180 0 180 0 -0 0 -0 1.58697e-12 -88.9247 0 0 0 -0 0 180 0 180
0 -180 0 -0 0 0 0 -0 7.60802e-13 92.1696 0 -0 0 0 0 180 0 -180
0 180 0 0 0 -0 0 -0 1.66347e-12 -88.3936 0 0 0 -0 0 -180 0 180
0 -180 0 0 0 -180 0 -180 0.185715 -177.138 0 -180 0 -180 0 0 0 -180
0 180 0 -0 0 180 0 180 0.814153 1.66399 0 180 0 180 0 -0 0 180
inside=1 lambda=0.647 phi=0 theta=30
0 -180 0 -180 0 -180 0 0 0.185715 -177.138 0 0 0 -180 0 -180 0 -180
0 180 0 180 0 180 0 -0 0.814153 1.66399 0 -0 0 180 0 180 0 180
0 -180 0 -0 0 0 0 180 6.5816e-13 95.3925 0 -0 0 0 0 -0 0 -180
0 180 0 180 0 -0 0 -0 1.58697e-12 -88.9247 0 0 0 -0 0 180 0 180
0 -180 0 -0 0 0 0 -0 7.60802e-13 92.1696 0 -0 0 0 0 180 0 -180
0 180 0 0 0 -0 0 -0 1.66347e-12 -88.3936 0 0 0 -0 0 -180 0 180
0 -180 0 0 0 -180 0 -180 0.185715 -177.138 0 -180 0 -180 0 0 0 -180
0 180 0 -0 0 180 0 180 0.814153 1.66399 0 180 0 180 0 -0 0 180
inside=1 lambda=0.647 phi=0 theta=45
0 -180 0 -180 0 -180 0 0 0.185715 -177.138 0 0 0 -180 0 -180 0 -180
0 180 0 180 0 180 0 -0 0.814153 1.66399 0 -0 0 180 0 180 0 180
0 -180 0 -0 0 0 0 180 6.5816e-13 95.3925 0 -0 0 0 0 -0 0 -180
0 180 0 180 0 -0 0 -0 1.58697e-12 -88.9247 0 0 0 -0 0 180 0 180
0 -180 0 -0 0 0 0 -0 7.60802e-13 92.1696 0 -0 0 0 0 180 0 -180
0 180 0 0 0 -0 0 -0 1.66347e-12 -88.3936 0 0 0 -0 0 -180 0 180
0 -180 0 0 0 -180 0 -180 0.185715 -177.138 0 -180 0 -180 0 0 0 -180
0 180 0 -0 0 180 0 180 0.814153 1.66399 0 180 0 180 0 -0 0 180
inside=1 lambda=0.647 phi=5 theta=0
0 -180 0 -180 0 -180 0 0 0.184791 177.758 0 0 0 -180 0 -180 0 -180
0 180 0 180 0 180 0 -0 0.81512 -0.972814 0 -0 0 180 0 180 0 180
0 -180 0 -0 0 0 0 180 1.15382e-12 87.6534 0 -180 0 0 0 180 0 -180
0 180 0 0 0 -0 0 -180 2.74753e-12 -90.4458 0 0 0 -0 0 -180 0 180
0 -180 0 -180 0 0 0 180 1.26553e-12 89.5816 0 -0 0 0 0 0 0 -180
0 180 0 180 0 -0 0 -0 2.85905e-12 -91.8815 0 180 0 -0 0 -0 0 180
0 -180 0 0 0 -180 0 -180 0.186736 177.706 0 -180 0 -180 0 0 0 -180
0 180 0 -0 0 180 0 180 0.813171 -1.00467 0 180 0 180 0 -0 0 180
inside=1 lambda=0.647 phi=5 theta=15
0 -180 0 -180 0 -180 0 0 0.184921 177.754 0 0 0 -180 0 -180 0 -180
0 180 0 180 0 180 0 -0 0.814989 -0.974943 0 -0 0 180 0 180 0 180
0 -180 0 -0 0 0 0 -180 0.000488374 -7.59514 0 0 0 0 0 180 0 -180
0 180 0 0 0 -0 0 180 0.000501684 12.8283 0 -0 0 -0 0 -180 0 180
0 -180 0 -180 0 0 0 -0 0.000488372 -7.59225 0 180 0 0 0 0 0 -180
0 180 0 180 0 -0 0 0 0.000501674 12.8252 0 -180 0 -0 0 -0 0 180
0 -180 0 0 0 -180 0 -180 0.186606 177.71 0 -180 0 -180 0 0 0 -180
0 180 0 -0 0 180 0 180 0.813301 -1.00253 0 180 0 180 0 -0 0 180
inside=1 lambda=0.647 phi=5 theta=30
0 -180 0 -180 0 -180 0 0 0.185277 177.745 0 0 0 -180 0 -180 0 -180
0 180 0 180 0 180 0 -0 0.814632 -0.980763 0 -0 0 180 0 180 0 180
0 -180 0 -0 0 0 0 -180 0.000845888 -7.59453 0 0 0 0 0 180 0 -180
0 180 0 0 0 -0 0 180 0.000868938 12.8276 0 -0 0 -0 0 -180 0 180
0 -180 0 -180 0 0 0 -0 0.000845887 -7.59286 0 180 0 0 0 0 0 -180
0 180 0 180 0 -0 0 0 0.000868928 12.8258 0 -180 0 -0 0 -0 0 180
0 -180 0 0 0 -180 0 -180 0.18625 177.719 0 -180 0 -180 0 0 0 -180
0 180 0 -0 0 180 0 180 0.813658 -0.99669 0 180 0 180 0 -0 0 180
inside=1 lambda=0.647 phi=5 theta=45
0 -180 0 -180 0 -180 0 0 0.185763 177.732 0 0 0 -180 0 -180 0 -180
0 180 0 180 0 180 0 -0 0.814145 -0.988721 0 -0 0 180 0 180 0 180
0 -180 0 -0 0 0 0 -180 0.000976747 -7.59369 0 0 0 0 0 180 0 -180
0 180 0 0 0 -0 0 180 0.00100336 12.8267 0 -0 0 -0 0 -180 0 180
0 -180 0 -180 0 0 0 -0 0.000976747 -7.59369 0 180 0 0 0 0 0 -180
0 180 0 180 0 -0 0 0 0.00100336 12.8267 0 -180 0 -0 0 -0 0 180
0 -180 0 0 0 -180 0 -180 0.185763 177.732 0 -180 0 -180 0 0 0 -180
0 180 0 -0 0 180 0 180 0.814145 -0.988721 0 180 0 180 0 -0 0 180
inside=1 lambda=0.647 phi=10 theta=0
0 -180 0 -180 0 -180 0 0 0.181696 162.473 0 0 0 -180 0 -180 0 -180
0 180 0 180 0 180 0 -0 0.818103 -8.8616 0 -0 0 180 0 180 0 180
0 -180 0 -0 0 0 0 180 6.17417e-14 48.8791 0 180 0 0 0 180 0 -180
0 180 0 0 0 -0 0 -180 1.76728e-13 -129.715 0 -180 0 -0 0 -180 0 180
0 -180 0 -180 0 0 0 -0 7.77294e-14 27.665 0 -0 0 0 0 0 0 -180
0 180 0 180 0 -0 0 -180 6.2869e-14 -70.1218 0 -0 0 -0 0 -0 0 180
0 -180 0 0 0 -180 0 -180 0.189509 162.286 0 -180 0 -180 0 0 0 -180
0 180 0 -0 0 180 0 180 0.810243 -8.98782 0 180 0 180 0 -0 0 180
inside=1 lambda=0.647 phi=10 theta=15
0 -180 0 -180 0 -180 0 0 0.182219 162.46 0 0 0 -180 0 -180 0 -180
0 180 0 180 0 180 0 -0 0.817576 -8.86997 0 -0 0 180 0 180 0 180
0 -180 0 -0 0 0 0 -180 0.00196037 -22.4964 0 0 0 0 0 180 0 -180
0 180 0 0 0 -0 0 180 0.00202176 4.68598 0 -0 0 -0 0 -180 0 180
0 -180 0 -180 0 0 0 -0 0.00196033 -22.4844 0 180 0 0 0 0 0 -180
0 180 0 180 0 -0 0 0 0.0020216 4.67323 0 -180 0 -0 0 -0 0 180
0 -180 0 0 0 -180 0 -180 0.188986 162.298 0 -180 0 -180 0 0 0 -180
0 180 0 -0 0 180 0 180 0.810769 -8.97928 0 180 0 180 0 -0 0 180
inside=1 lambda=0.647 phi=10 theta=30
0 -180 0 -180 0 -180 0 0 0.183649 162.424 0 0 0 -180 0 -180 0 -180
0 180 0 180 0 180 0 -0 0.816137 -8.89292 0 -0 0 180 0 180 0 180
0 -180 0 -0 0 0 0 -180 0.00339545 -22.4938 0 0 0 0 0 180 0 -180
0 180 0 0 0 -0 0 180 0.00350172 4.68315 0 -0 0 -0 0 -180 0 180
0 -180 0 -180 0 0 0 -0 0.00339541 -22.4869 0 180 0 0 0 0 0 -180
0 180 0 180 0 -0 0 0 0.00350157 4.67579 0 -180 0 -0 0 -0 0 180
0 -180 0 0 0 -180 0 -180 0.187556 162.331 0 -180 0 -180 0 0 0 -180
0 180 0 -0 0 180 0 180 0.812207 -8.95602 0 180 0 180 0 -0 0 180
inside=1 lambda=0.647 phi=10 theta=45
0 -180 0 -180 0 -180 0 0 0.185602 162.377 0 0 0 -180 0 -180 0 -180
0 180 0 180 0 180 0 -0 0.814172 -8.92439 0 -0 0 180 0 180 0 180
0 -180 0 -0 0 0 0 -180 0.00392071 -22.4903 0 0 0 0 0 180 0 -180
0 180 0 0 0 -0 0 180 0.00404335 4.6794 0 -0 0 -0 0 -180 0 180
0 -180 0 -180 0 0 0 -0 0.00392071 -22.4903 0 180 0 0 0 0 0 -180
0 180 0 180 0 -0 0 0 0.00404335 4.6794 0 -180 0 -0 0 -0 0 180
0 -180 0 0 0 -180 0 -180 0.185602 162.377 0 -180 0 -180 0 0 0 -180
0 180 0 -0 0 180 0 180 0.814172 -8.92439 0 180 0 180 0 -0 0 180
inside=1 lambda=0.647 phi=15 theta=0
0 180 0 -180 0 -180 0 0 0.175619 137.011 0 0 0 180 0 -180 0 -180
0 180 0 180 0 180 0 -0 0.823322 -21.9397 0 -0 0 180 0 180 0 180
0 -180 0 -0 0 0 0 180 4.2412e-13 43.5982 0 -0 0 0 0 180 0 -180
0 180 0 0 0 -0 0 -180 1.00582e-12 -112.033 0 0 0 -0 0 -180 0 180
0 -180 0 -180 0 0 0 -0 3.20343e-13 41.78 0 0 0 0 0 0 0 -180
0 180 0 180 0 -0 0 180 8.38249e-13 -111.953 0 -180 0 -0 0 -0 0 180
0 -180 0 0 0 -180 0 -180 0.193165 136.649 0 -180 0 -180 0 0 0 -180
0 180 0 -0 0 180 0 180 0.805425 -22.2204 0 180 0 180 0 -0 0 180
inside=1 lambda=0.647 phi=15 theta=15
0 180 0 -180 0 -180 0 0 0.176794 136.984 0 0 0 180 0 -180 0 -180
0 180 0 180 0 180 0 -0 0.822122 -21.9581 0 -0 0 180 0 180 0 180
0 -180 0 -0 0 0 0 -180 0.00440059 -47.4538 0 0 0 0 0 180 0 -180
0 180 0 0 0 -0 0 180 0.00459884 -8.73196 0 -0 0 -0 0 -180 0 180
0 -180 0 -180 0 0 0 -0 0.00440033 -47.4255 0 180 0 0 0 0 0 -180
0 180 0 180 0 -0 0 0 0.00459804 -8.76145 0 -180 0 -0 0 -0 0 180
0 -180 0 0 0 -180 0 -180 0.191989 136.671 0 -180 0 -180 0 0 0 -180
0 180 0 -0 0 180 0 180 0.806623 -22.2012 0 180 0 180 0 -0 0 180
inside=1 lambda=0.647 phi=15 theta=30
0 180 0 -180 0 -180 0 0 0.180005 136.913 0 0 0 180 0 -180 0 -180
0 180 0 180 0 180 0 -0 0.818846 -22.0087 0 -0 0 180 0 180 0 180
0 -180 0 -0 0 0 0 -180 0.00762196 -47.4476 0 0 0 0 0 180 0 -180
0 180 0 0 0 -0 0 180 0.00796511 -8.73891 0 -0 0 -0 0 -180 0 180
0 -180 0 -180 0 0 0 -0 0.0076217 -47.4312 0 180 0 0 0 0 0 -180
0 180 0 180 0 -0 0 0 0.0079643 -8.75592 0 -180 0 -0 0 -0 0 180
0 -180 0 0 0 -180 0 -180 0.188778 136.732 0 -180 0 -180 0 0 0 -180
0 180 0 -0 0 180 0 180 0.809897 -22.149 0 180 0 180 0 -0 0 180
inside=1 lambda=0.647 phi=15 theta=45
0 -180 0 -180 0 -180 0 0 0.184391 136.82 0 0 0 -180 0 -180 0 -180
0 180 0 180 0 180 0 -0 0.814371 -22.0785 0 -0 0 180 0 180 0 180
0 -180 0 -0 0 0 0 -180 0.00880094 -47.4392 0 0 0 0 0 180 0 -180
0 180 0 0 0 -0 0 180 0.00919684 -8.74777 0 -0 0 -0 0 -180 0 180
0 -180 0 -180 0 0 0 -0 0.00880094 -47.4392 0 180 0 0 0 0 0 -180
0 180 0 180 0 -0 0 0 0.00919684 -8.74777 0 -180 0 -0 0 -0 0 180
0 -180 0 0 0 -180 0 -180 0.184391 136.82 0 -180 0 -180 0 0 0 -180
0 180 0 -0 0 180 0 180 0.814371 -22.0785 0 180 0 180 0 -0 0 180
inside=1 lambda=0.647 phi=20 theta=0
0 180 0 -180 0 -180 0 0 0.165902 101.191 0 0 0 180 0 -180 0 -180
0 180 0 180 0 0 0 -0 0.83103 -40.1062 0 -180 0 180 0 180 0 0
0 180 0 -0 0 0 0 -0 1.16656e-12 -176.992 0 0 0 -0 0 180 0 -180
0 180 0 0 0 -180 0 0 2.89844e-12 49.9886 0 -180 0 -0 0 -180 0 0
0 -180 0 -180 0 0 0 180 1.15369e-12 -177.918 0 -0 0 0 0 0 0 -180
0 180 0 180 0 -0 0 -180 2.97036e-12 50.5935 0 0 0 -0 0 -0 0 180
0 -180 0 0 0 -180 0 -180 0.196601 100.601 0 -180 0 -180 0 0 0 -180
0 180 0 -0 0 180 0 180 0.798763 -40.6053 0 180 0 180 0 -0 0 180
inside=1 lambda=0.647 phi=20 theta=15
0 180 0 -180 0 -180 0 0 0.167958 101.144 0 0 0 180 0 -180 0 -180
0 180 0 180 0 0 0 -0 0.828866 -40.1384 0 -180 0 180 0 180 0 0
0 180 0 -0 0 0 0 -180 0.00770133 -83.0955 0 0 0 -0 0 180 0 -180
0 180 0 0 0 -180 0 180 0.00828798 -27.1311 0 -180 0 -0 0 -180 0 0
0 -180 0 -180 0 0 0 -0 0.00770002 -83.0433 0 0 0 0 0 0 0 -180
0 180 0 180 0 -0 0 0 0.00828538 -27.1859 0 -180 0 -0 0 -0 0 180
0 -180 0 0 0 -180 0 -180 0.194545 100.634 0 -180 0 -180 0 0 0 -180
0 180 0 -0 0 180 0 180 0.800922 -40.5706 0 180 0 180 0 -0 0 180
inside=1 lambda=0.647 phi=20 theta=30
0 180 0 -180 0 -180 0 0 0.173576 101.022 0 0 0 180 0 -180 0 -180
0 180 0 180 0 0 0 -0 0.822956 -40.2273 0 -180 0 180 0 180 0 0
0 -180 0 -0 0 0 0 -180 0.0133387 -83.0834 0 0 0 -0 0 180 0 -180
0 180 0 0 0 -180 0 180 0.0143541 -27.1451 0 -180 0 -0 0 -180 0 0
0 -180 0 -180 0 0 0 -0 0.0133374 -83.0533 0 0 0 0 0 0 0 -180
0 180 0 180 0 -0 0 0 0.0143515 -27.1767 0 -180 0 -0 0 -0 0 180
0 -180 0 0 0 -180 0 -180 0.188926 100.728 0 -180 0 -180 0 0 0 -180
0 180 0 -0 0 180 0 180 0.806823 -40.4767 0 180 0 180 0 -0 0 180
inside=1 lambda=0.647 phi=20 theta=45
0 -180 0 -180 0 -180 0 0 0.18125 100.868 0 0 0 180 0 -180 0 -180
0 180 0 180 0 0 0 -0 0.814887 -40.3507 0 -180 0 180 0 180 0 0
0 -180 0 -0 0 0 0 -180 0.0154015 -83.0679 0 0 0 0 0 180 0 -180
0 180 0 0 0 -0 0 180 0.0165731 -27.1621 0 -0 0 -0 0 -180 0 180
0 -180 0 -180 0 0 0 -0 0.0154015 -83.0679 0 180 0 0 0 0 0 -180
0 180 0 180 0 -0 0 0 0.0165731 -27.1621 0 -180 0 -0 0 -0 0 180
0 -180 0 0 0 180 0 -180 0.18125 100.868 0 -180 0 -180 0 0 0 -180
0 180 0 -0 0 180 0 180 0.814887 -40.3507 0 180 0 0 0 -180 0 0
inside=1 lambda=0.647 phi=25 theta=0
0 180 0 -180 0 -180 0 0 0.15325 54.6944 0 0 0 180 0 -180 0 -180
0 180 0 180 0 0 0 -0 0.841359 -63.2142 0 -180 0 180 0 180 0 0
0 180 0 -0 0 0 0 180 6.54612e-13 131.267 0 -0 0 -0 0 180 0 -180
0 180 0 0 0 -180 0 180 1.52049e-12 27.0428 0 0 0 -0 0 -180 0 0
0 -180 0 -180 0 0 0 180 5.33765e-13 126.34 0 0 0 0 0 0 0 -180
0 0 0 0 0 -0 0 180 1.20809e-12 27.9554 0 180 0 -180 0 -180 0 180
0 -180 0 0 0 -180 0 -180 0.200072 53.5393 0 -180 0 -180 0 0 0 -180
0 0 0 -180 0 180 0 0 0.790027 -64.024 0 0 0 0 0 -180 0 180
inside=1 lambda=0.647 phi=25 theta=15
0 180 0 -180 0 -180 0 0 0.156384 54.593 0 0 0 180 0 -180 0 -180
0 180 0 180 0 0 0 -0 0.837915 -63.2654 0 -180 0 180 0 180 0 0
0 180 0 -0 0 0 0 -180 0.0117674 -130.747 0 0 0 -0 0 180 0 -180
0 180 0 0 0 -180 0 180 0.0132024 -50.0999 0 -180 0 -0 0 -180 0 0
0 -180 0 -180 0 0 0 -0 0.0117629 -130.667 0 180 0 0 0 0 0 -180
0 180 0 180 0 -0 0 0 0.0131955 -50.1904 0 -180 0 -180 0 -180 0 0
0 -180 0 0 0 -180 0 -180 0.196935 53.5976 0 -180 0 -180 0 0 0 -180
0 180 0 -0 0 180 0 0 0.793459 -63.9665 0 180 0 0 0 -180 0 0
inside=1 lambda=0.647 phi=25 theta=30
0 180 0 -180 0 -180 0 0 0.164951 54.3372 0 0 0 180 0 -180 0 -180
0 180 0 180 0 0 0 -0 0.828508 -63.4072 0 -180 0 180 0 180 0 0
0 180 0 -0 0 0 0 -180 0.0203802 -130.727 0 0 0 -0 0 180 0 -180
0 180 0 0 0 -180 0 180 0.0228641 -50.1254 0 -180 0 -0 0 -180 0 0
0 -180 0 -180 0 0 0 -0 0.0203758 -130.681 0 180 0 0 0 0 0 -180
0 180 0 180 0 -0 0 0 0.0228572 -50.1774 0 -180 0 -180 0 -180 0 0
0 -180 0 0 0 180 0 -180 0.188364 53.7681 0 -180 0 -180 0 0 0 -180
0 180 0 -0 0 180 0 0 0.802841 -63.8117 0 180 0 0 0 -180 0 0
inside=1 lambda=0.647 phi=25 theta=45
0 180 0 -180 0 -180 0 0 0.176656 54.0316 0 0 0 180 0 -180 0 -180
0 180 0 0 0 0 0 -0 0.815668 -63.6062 0 -180 0 180 0 180 0 0
0 -180 0 -0 0 0 0 -180 0.0235306 -130.703 0 0 0 -0 0 180 0 -180
0 180 0 0 0 -180 0 180 0.0263969 -50.1545 0 -180 0 -0 0 -180 0 0
0 -180 0 -180 0 -0 0 -0 0.0235306 -130.703 0 180 0 0 0 0 0 -180
0 180 0 180 0 -0 0 0 0.0263969 -50.1545 0 -180 0 -180 0 -180 0 0
0 180 0 0 0 180 0 -180 0.176656 54.0316 0 -180 0 -180 0 0 0 -180
0 180 0 -0 0 180 0 0 0.815668 -63.6062 0 180 0 0 0 -180 0 0
inside=1 lambda=0.647 phi=30 theta=0
0 180 0 180 0 -180 0 -0 0.139929 -2.19067 0 0 0 180 0 180 0 -180
0 180 0 180 0 0 0 -0 0.85439 -91.0483 0 -180 0 180 0 180 0 0
0 180 0 -0 0 0 0 180 1.42455e-14 111.658 0 -0 0 -0 0 180 0 -180
0 180 0 -0 0 -180 0 180 1.52515e-14 -162.832 0 -0 0 -0 0 180 0 0
0 -180 0 -180 0 0 0 -0 5.67644e-14 -45.9411 0 -0 0 0 0 0 0 -180
0 0 0 0 0 -180 0 -0 4.05034e-14 142.741 0 0 0 -180 0 -180 0 0
0 -180 0 0 0 -180 0 -180 0.208074 -4.89001 0 -180 0 -180 0 0 0 -180
0 0 0 -180 0 0 0 0 0.778204 -92.3177 0 0 0 0 0 -180 0 0
inside=1 lambda=0.647 phi=30 theta=15
0 180 0 180 0 -180 0 -0 0.144481 -2.45654 0 0 0 180 0 180 0 -180
0 180 0 0 0 0 0 -0 0.849273 -91.1263 0 -180 0 180 0 180 0 0
0 180 0 -0 0 0 0 -180 0.0171998 169.112 0 0 0 -0 0 180 0 -180
0 180 0 -0 0 -180 0 0 0.0196574 -77.422 0 -180 0 -0 0 180 0 0
0 -180 0 -180 0 -0 0 -0 0.0171897 169.219 0 180 0 0 0 0 0 -180
0 0 0 0 0 -180 0 -0 0.0196406 -77.5587 0 180 0 -180 0 -180 0 0
0 -180 0 0 0 180 0 -180 0.203502 -4.76961 0 -180 0 -180 0 0 0 -180
0 0 0 -180 0 180 0 0 0.783292 -92.2249 0 0 0 0 0 -180 0 0
inside=1 lambda=0.647 phi=30 theta=30
0 180 0 180 0 -180 0 -0 0.15693 -3.1003 0 0 0 180 0 180 0 -180
0 180 0 0 0 0 0 -0 0.8353 -91.344 0 -180 0 180 0 0 0 0
0 180 0 -0 0 0 0 -180 0.0297875 169.141 0 0 0 -0 0 180 0 -180
0 180 0 -0 0 -180 0 0 0.0340393 -77.4653 0 -180 0 -0 0 180 0 0
0 180 0 -180 0 -0 0 -0 0.0297776 169.202 0 180 0 0 0 0 0 -180
0 180 0 0 0 -0 0 -0 0.0340228 -77.5432 0 180 0 -180 0 -180 0 0
0 180 0 0 0 180 0 -180 0.191012 -4.40813 0 -180 0 -180 0 0 0 -180
0 180 0 -180 0 180 0 0 0.797205 -91.9775 0 0 0 0 0 -180 0 0
inside=1 lambda=0.647 phi=30 theta=45
0 180 0 -180 0 -180 0 -0 0.173961 -3.8227 0 0 0 180 0 180 0 -180
0 180 0 0 0 0 0 -0 0.816238 -91.6533 0 -180 0 180 0 0 0 0
0 180 0 -0 0 0 0 -180 0.0343901 169.174 0 0 0 -0 0 180 0 -180
0 180 0 -0 0 -180 0 0 0.0392945 -77.5111 0 -180 0 -0 0 180 0 0
0 180 0 -180 0 -0 0 -0 0.0343901 169.174 0 180 0 0 0 0 0 -180
0 180 0 0 0 -0 0 -0 0.0392945 -77.5111 0 180 0 -180 0 -180 0 0
0 180 0 -0 0 180 0 -180 0.173961 -3.8227 0 180 0 -180 0 0 0 -180
0 180 0 -0 0 180 0 0 0.816238 -91.6533 0 0 0 0 0 -180 0 0
inside=1 lambda=0.647 phi=35 theta=0
0 180 0 180 0 -180 0 -0 0.126246 -67.738 0 0 0 180 0 180 0 -180
0 180 0 0 0 -0 0 -180 0.870689 -123.32 0 180 0 180 0 0 0 -0
0 180 0 -0 0 0 0 -0 1.65161e-13 8.57146 0 180 0 -0 0 180 0 -180
0 180 0 -0 0 180 0 -180 3.13079e-13 -32.8018 0 -0 0 -0 0 180 0 -0
0 -180 0 -180 0 -0 0 -0 1.68405e-13 17.7988 0 -0 0 0 0 0 0 180
0 0 0 0 0 -180 0 -0 4.16461e-13 -37.6666 0 -180 0 -180 0 -180 0 0
0 -180 0 0 0 -180 0 -180 0.228182 -72.7335 0 -180 0 -180 0 0 0 -180
0 0 0 -180 0 0 0 0 0.761538 -125.206 0 0 0 0 0 -180 0 0
inside=1 lambda=0.647 phi=35 theta=15
0 180 0 180 0 -180 0 -0 0.13302 -68.3236 0 0 0 180 0 180 0 -180
0 180 0 0 0 -0 0 -180 0.863347 -123.432 0 180 0 180 0 0 0 -0
0 180 0 -0 0 0 0 180 0.0257961 100.636 0 0 0 -0 0 180 0 -180
0 0 0 -0 0 180 0 0 0.028227 -109.479 0 180 0 -0 0 180 0 -0
0 180 0 -180 0 -0 0 -0 0.025783 100.782 0 180 0 0 0 0 0 -180
0 0 0 0 0 -180 0 -0 0.0281898 -109.669 0 180 0 -180 0 -180 0 0
0 180 0 -0 0 180 0 -180 0.221325 -72.5506 0 180 0 -180 0 0 0 -180
0 0 0 -180 0 0 0 0 0.768816 -125.063 0 0 0 0 0 -180 0 0
inside=1 lambda=0.647 phi=35 theta=30
0 180 0 180 0 -180 0 -0 0.151589 -69.6478 0 0 0 180 0 180 0 -180
0 180 0 0 0 -0 0 -180 0.843309 -123.747 0 180 0 180 0 0 0 -0
0 180 0 -0 0 0 0 180 0.0446756 100.678 0 0 0 -0 0 180 0 -180
0 0 0 -0 0 180 0 0 0.0488699 -109.548 0 180 0 -0 0 180 0 -0
0 180 0 180 0 -0 0 -0 0.0446628 100.76 0 180 0 0 0 0 0 -180
0 0 0 0 0 -180 0 -0 0.0488341 -109.655 0 180 0 -180 0 -180 0 0
0 180 0 -0 0 180 0 -180 0.202599 -71.9808 0 180 0 -180 0 0 0 -180
0 0 0 -180 0 180 0 0 0.788728 -124.686 0 0 0 -0 0 180 0 -0
inside=1 lambda=0.647 phi=35 theta=45
0 180 0 180 0 -180 0 -0 0.177057 -70.9912 0 0 0 180 0 180 0 -180
0 180 0 0 0 -0 0 -180 0.815987 -124.201 0 180 0 180 0 0 0 -0
0 180 0 -0 0 0 0 180 0.0515796 100.724 0 0 0 -0 0 180 0 -180
0 0 0 -0 0 180 0 0 0.0564059 -109.614 0 180 0 -180 0 180 0 -0
0 180 0 180 0 -0 0 -0 0.0515796 100.724 0 180 0 0 0 0 0 -180
0 0 0 0 0 -180 0 -0 0.0564059 -109.614 0 180 0 180 0 180 0 -0
0 180 0 -0 0 180 0 180 0.177057 -70.9912 0 180 0 -180 0 0 0 -180
0 180 0 -180 0 180 0 0 0.815987 -124.201 0 0 0 -0 0 180 0 -0
inside=1 lambda=0.647 phi=40 theta=0
0 180 0 180 0 -180 0 -0 0.107823 -140.765 0 0 0 180 0 180 0 -180
0 0 0 0 0 -0 0 -180 0.89155 -159.713 0 180 0 0 0 0 0 -0
0 180 0 -0 0 0 0 180 2.14745e-13 -51.0764 0 -0 0 -0 0 180 0 -180
0 0 0 -0 0 180 0 0 3.7931e-13 -73.1645 0 -0 0 -180 0 180 0 -0
0 -180 0 -180 0 0 0 180 1.43336e-13 -46.8217 0 0 0 0 0 0 0 -180
0 -0 0 -0 0 180 0 0 3.57847e-13 -72.669 0 180 0 180 0 180 0 -0
0 -180 0 0 0 -180 0 -180 0.258681 -146.069 0 -180 0 -180 0 0 0 -180
0 -0 0 180 0 -0 0 -0 0.739486 -162.226 0 -0 0 -0 0 180 0 -0
inside=1 lambda=0.647 phi=40 theta=15
0 180 0 180 0 -180 0 -0 0.117849 -141.572 0 0 0 180 0 180 0 -180
0 0 0 0 0 -0 0 -180 0.881311 -159.856 0 180 0 0 0 0 0 -0
0 180 0 -0 0 0 0 180 0.0379467 29.5302 0 0 0 -0 0 180 0 -180
0 0 0 -0 0 180 0 0 0.0392307 -146.706 0 180 0 -180 0 180 0 -0
0 180 0 -180 0 -0 0 -0 0.0379349 29.76 0 180 0 0 0 0 0 -180
0 0 0 0 0 -180 0 -0 0.0391604 -146.958 0 180 0 180 0 180 0 -0
0 180 0 -0 0 180 0 -180 0.248546 -145.933 0 -180 0 -180 0 0 0 -180
0 0 0 -180 0 0 0 -0 0.749613 -162.027 0 -0 0 -0 0 180 0 -0
inside=1 lambda=0.647 phi=40 theta=30
0 180 0 180 0 -180 0 -0 0.145351 -143.193 0 0 0 180 0 180 0 -180
0 0 0 0 0 -0 0 -180 0.853374 -160.262 0 180 0 0 0 0 0 -0
0 180 0 -0 0 0 0 180 0.0657263 29.5936 0 0 0 -0 0 180 0 -180
0 0 0 -0 0 180 0 0 0.0679058 -146.811 0 180 0 -180 0 180 0 -0
0 180 0 180 0 -0 0 -0 0.0657154 29.7202 0 180 0 0 0 0 0 -180
0 0 0 0 0 -180 0 -0 0.0678405 -146.951 0 180 0 180 0 180 0 -0
0 180 0 -0 0 180 0 -180 0.220856 -145.477 0 180 0 -180 0 0 0 -180
0 0 0 -180 0 0 0 -0 0.777329 -161.508 0 0 0 -0 0 180 0 -0
inside=1 lambda=0.647 phi=40 theta=45
0 180 0 180 0 -180 0 -0 0.183063 -144.589 0 0 0 180 0 180 0 -180
0 0 0 0 0 -0 0 -180 0.815297 -160.857 0 180 0 0 0 0 0 -0
0 180 0 -0 0 0 0 180 0.0758899 29.6625 0 0 0 -0 0 180 0 -180
0 0 0 -0 0 180 0 0 0.0783648 -146.904 0 180 0 -180 0 180 0 -0
0 180 0 180 0 -0 0 -0 0.0758899 29.6625 0 180 0 0 0 0 0 -180
0 0 0 0 0 -180 0 -0 0.0783648 -146.904 0 180 0 180 0 180 0 -0
0 180 0 -0 0 180 0 180 0.183063 -144.589 0 180 0 -180 0 0 0 -180
0 0 0 -180 0 0 0 0 0.815297 -160.857 0 0 0 -0 0 180 0 -0
inside=1 lambda=0.647 phi=45 theta=0
0 180 0 180 0 -180 0 -0 0.0843415 136.558 0 0 0 180 0 180 0 -180
0 0 0 0 0 -180 0.00299988 102.558 0.917986 160.116 0 0 0 0 0 0 0 -180
0 180 0 -0 0 0 0 180 2.7215e-13 71.5979 0 -180 0 -0 0 180 0 -180
0 0 0 -180 0 0 1.63205e-13 30.6652 5.42812e-13 53.4861 0 0 0 -180 0 0 0 -180
0 -180 0 -180 0 0 0 -0 1.04373e-13 36.2232 0 180 0 0 0 0 0 -180
0 -0 0 -0 0 180 1.82219e-14 155.607 2.78584e-13 72.9889 0 -0 0 180 0 180 0 -0
0 -180 0 0 0 -180 0 -180 0.282574 135.559 0 -180 0 -180 0 0 0 -180
0 -0 0 180 0 -0 0.0177184 -63.5945 0.714764 157.046 0 -0 0 -0 0 180 0 -0
inside=1 lambda=0.647 phi=45 theta=15
0 180 0 180 0 -180 0 -0 0.0975216 136.286 0 0 0 180 0 180 0 -180
0 0 0 0 0 -180 0 -180 0.904341 159.945 0 0 0 0 0 0 0 -180
0 180 0 -0 0 0 0 180 0.0496647 -45.6881 0 0 0 -0 0 180 0 -180
0 0 0 -180 0 0 0 -0 0.0522255 171.847 0 0 0 -180 0 0 0 -0
0 -180 0 -180 0 -0 0 -0 0.0496358 -45.3217 0 180 0 0 0 0 0 -180
0 -0 0 -0 0 180 0 -180 0.0521061 171.511 0 0 0 180 0 180 0 -0
0 -180 0 0 0 180 0 -180 0.269339 135.549 0 -180 0 -180 0 0 0 -180
0 -0 0 180 0 0 0 -0 0.7283 157.3 0 -0 0 -0 0 180 0 -0
inside=1 lambda=0.647 phi=45 theta=30
0 180 0 180 0 -180 0 -0 0.133778 135.872 0 0 0 180 0 180 0 -180
0 0 0 -0 0 -180 0 -180 0.866981 159.467 0 0 0 0 0 0 0 -180
0 180 0 -0 0 0 0 180 0.0860412 -45.5866 0 0 0 -0 0 180 0 -180
0 0 0 -180 0 180 0 -0 0.0903731 171.681 0 0 0 -180 0 0 0 -0
0 180 0 -180 0 -0 0 -0 0.0860172 -45.3911 0 180 0 0 0 0 0 -180
0 -0 0 -0 0 -180 0 -180 0.0902706 171.497 0 0 0 180 0 180 0 -0
0 180 0 -0 0 180 0 -180 0.233033 135.542 0 180 0 -180 0 0 0 -180
0 0 0 180 0 0 0 -0 0.765322 157.954 0 -0 0 -180 0 180 0 -0
inside=1 lambda=0.647 phi=45 theta=45
0 180 0 180 0 -180 0 -0 0.183395 135.625 0 0 0 180 0 180 0 -180
0 0 0 -0 0 -180 0 -180 0.81607 158.755 0 180 0 0 0 0 0 -0
0 180 0 -0 0 0 0 180 0.0993496 -45.4817 0 0 0 -0 0 180 0 -180
0 0 0 -180 0 180 0 -0 0.104279 171.549 0 180 0 -180 0 0 0 -0
0 180 0 180 0 -0 0 -0 0.0993496 -45.4817 0 180 0 0 0 0 0 -180
0 0 0 -0 0 -180 0 -180 0.104279 171.549 0 0 0 180 0 180 0 -0
0 180 0 -0 0 180 0 180 0.183395 135.625 0 180 0 -180 0 0 0 -180
0 0 0 -180 0 0 0 -0 0.81607 158.755 0 0 0 -180 0 180 0 -0
