RSoft_BSDF_File_Version 2
1 0 5 2 1 1.28
0.3 0.3
-1 1
-1 1
1 0.647 0.647
10 0 45 0.5
4 0 45
Begin_Dispersion_Data
0.647 1.45662 0 1 0 0
End_Dispersion_Data
inside=0 lambda=0.647 phi=0 theta=0
0 -180 0 -180 0 -180 0 0 0.10686 -41.8549 0 0 0 -180 0 -180 0 -180
0 -0 0 -0 0 -0 0 180 1.19999 125.518 0 180 0 -0 0 -0 0 -0
0 -180 0 180 0 0 0 0 1.73642e-13 107.359 0 180 0 0 0 180 0 -180
0 -0 0 0 0 180 0 -180 1.15687e-12 -54.0558 0 -180 0 180 0 -0 0 -0
0 -180 0 0 0 0 0 180 9.32287e-14 60.4271 0 0 0 0 0 0 0 -180
0 -0 0 0 0 180 0 0 1.21676e-13 78.548 0 0 0 180 0 0 0 -0
0 -180 0 0 0 -180 0 -180 0.10686 -41.8549 0 -180 0 -180 0 0 0 -180
0 -0 0 180 0 -0 0 -0 1.19999 125.518 0 -0 0 -0 0 180 0 -0
inside=0 lambda=0.647 phi=0 theta=15
0 -180 0 -180 0 -180 0 0 0.10686 -41.8549 0 0 0 -180 0 -180 0 -180
0 -0 0 -0 0 -0 0 180 1.19999 125.518 0 180 0 -0 0 -0 0 -0
0 -180 0 180 0 0 0 0 1.73642e-13 107.359 0 180 0 0 0 180 0 -180
0 -0 0 0 0 180 0 -180 1.15687e-12 -54.0558 0 -180 0 180 0 -0 0 -0
0 -180 0 0 0 0 0 180 9.32287e-14 60.4271 0 0 0 0 0 0 0 -180
0 -0 0 0 0 180 0 0 1.21676e-13 78.548 0 0 0 180 0 0 0 -0
0 -180 0 0 0 -180 0 -180 0.10686 -41.8549 0 -180 0 -180 0 0 0 -180
0 -0 0 180 0 -0 0 -0 1.19999 125.518 0 -0 0 -0 0 180 0 -0
inside=0 lambda=0.647 phi=0 theta=30
0 -180 0 -180 0 -180 0 0 0.10686 -41.8549 0 0 0 -180 0 -180 0 -180
0 -0 0 -0 0 -0 0 180 1.19999 125.518 0 180 0 -0 0 -0 0 -0
0 -180 0 180 0 0 0 0 1.73642e-13 107.359 0 180 0 0 0 180 0 -180
0 -0 0 0 0 180 0 -180 1.15687e-12 -54.0558 0 -180 0 180 0 -0 0 -0
0 -180 0 0 0 0 0 180 9.32287e-14 60.4271 0 0 0 0 0 0 0 -180
0 -0 0 0 0 180 0 0 1.21676e-13 78.548 0 0 0 180 0 0 0 -0
0 -180 0 0 0 -180 0 -180 0.10686 -41.8549 0 -180 0 -180 0 0 0 -180
0 -0 0 180 0 -0 0 -0 1.19999 125.518 0 -0 0 -0 0 180 0 -0
inside=0 lambda=0.647 phi=0 theta=45
0 -180 0 -180 0 -180 0 0 0.10686 -41.8549 0 0 0 -180 0 -180 0 -180
0 -0 0 -0 0 -0 0 180 1.19999 125.518 0 180 0 -0 0 -0 0 -0
0 -180 0 180 0 0 0 0 1.73642e-13 107.359 0 180 0 0 0 180 0 -180
0 -0 0 0 0 180 0 -180 1.15687e-12 -54.0558 0 -180 0 180 0 -0 0 -0
0 -180 0 0 0 0 0 180 9.32287e-14 60.4271 0 0 0 0 0 0 0 -180
0 -0 0 0 0 180 0 0 1.21676e-13 78.548 0 0 0 180 0 0 0 -0
0 -180 0 0 0 -180 0 -180 0.10686 -41.8549 0 -180 0 -180 0 0 0 -180
0 -0 0 180 0 -0 0 -0 1.19999 125.518 0 -0 0 -0 0 180 0 -0
inside=0 lambda=0.647 phi=5 theta=0
0 -180 0 -180 0 -180 0 0 0.0936548 -44.49 0 0 0 -180 0 -180 0 -180
0 -0 0 -0 0 -180 0 180 1.19901 120.786 0 0 0 -0 0 -0 0 -180
0 -180 0 -0 0 0 0 0 4.05456e-13 -10.1062 0 0 0 0 0 180 0 -180
0 -0 0 -180 0 180 0 -0 2.94545e-12 -141.149 0 -0 0 180 0 0 0 -0
0 -180 0 -180 0 0 0 180 5.2974e-13 -9.25661 0 -0 0 0 0 0 0 -180
0 -0 0 -180 0 180 0 -180 3.01212e-12 -148.801 0 180 0 180 0 0 0 -0
0 -180 0 0 0 -180 0 -180 0.0951594 -45.4447 0 -180 0 -180 0 0 0 -180
0 -0 0 0 0 -0 0 -0 1.20402 120.689 0 -0 0 -0 0 0 0 -0
inside=0 lambda=0.647 phi=5 theta=15
0 -180 0 -180 0 -180 0 0 0.0937538 -44.5546 0 0 0 -180 0 -180 0 -180
0 -0 0 -0 0 -180 0 180 1.19935 120.779 0 0 0 -0 0 -0 0 -180
0 -180 0 -0 0 0 0 -180 0.000424769 82.0428 0 0 0 0 0 180 0 -180
0 -0 0 -180 0 180 0 -0 0.00212623 -112.72 0 0 0 180 0 0 0 -0
0 -180 0 -180 0 0 0 -0 0.000425531 82.0992 0 180 0 0 0 0 0 -180
0 -0 0 -0 0 180 0 -180 0.00211601 -112.529 0 0 0 180 0 0 0 -0
0 -180 0 0 0 -180 0 -180 0.0950568 -45.3815 0 -180 0 -180 0 0 0 -180
0 -0 0 0 0 -0 0 -0 1.20368 120.696 0 -0 0 -180 0 0 0 -0
inside=0 lambda=0.647 phi=5 theta=30
0 -180 0 -180 0 -180 0 0 0.0940255 -44.7308 0 0 0 -180 0 -180 0 -180
0 -0 0 -0 0 -180 0 180 1.20026 120.761 0 0 0 -0 0 -0 0 -180
0 -180 0 -0 0 0 0 -180 0.000735994 82.0551 0 0 0 0 0 180 0 -180
0 -0 0 -180 0 180 0 -0 0.00367895 -112.679 0 0 0 180 0 0 0 -0
0 -180 0 -180 0 0 0 -0 0.000736755 82.0877 0 180 0 0 0 0 0 -180
0 -0 0 -0 0 180 0 -180 0.00366873 -112.569 0 0 0 180 0 0 0 -0
0 -180 0 0 0 -180 0 -180 0.0947778 -45.2081 0 -180 0 -180 0 0 0 -180
0 -0 0 180 0 -0 0 -0 1.20276 120.713 0 -0 0 -180 0 0 0 -0
inside=0 lambda=0.647 phi=5 theta=45
0 -180 0 -180 0 -180 0 0 0.0943998 -44.9702 0 0 0 -180 0 -180 0 -180
0 -0 0 -0 0 -180 0 180 1.20151 120.737 0 0 0 -0 0 -0 0 -180
0 -180 0 -0 0 0 0 -180 0.000850288 82.0716 0 0 0 0 0 180 0 -180
0 -0 0 -180 0 180 0 -0 0.00424215 -112.624 0 0 0 180 0 0 0 -0
0 -180 0 -180 0 0 0 -0 0.000850288 82.0716 0 180 0 0 0 0 0 -180
0 -0 0 -0 0 180 0 -180 0.00424215 -112.624 0 0 0 180 0 0 0 -0
0 -180 0 0 0 -180 0 -180 0.0943998 -44.9702 0 -180 0 -180 0 0 0 -180
0 -0 0 180 0 -0 0 -0 1.20151 120.737 0 -0 0 -180 0 0 0 -180
inside=0 lambda=0.647 phi=10 theta=0
0 -180 0 -180 0 -180 0 0 0.0534759 -46.6451 0 0 0 -180 0 -180 0 -180
0 -180 0 -180 0 -180 0 0 1.19453 106.537 0 0 0 -180 0 -180 0 -180
0 -180 0 -0 0 0 0 -180 2.36717e-13 -28.5384 0 -0 0 0 0 180 0 -180
0 -180 0 -180 0 0 0 -0 1.38868e-12 -163.662 0 0 0 0 0 0 0 -180
0 -180 0 -180 0 0 0 180 2.40937e-13 -34.6178 0 -180 0 0 0 0 0 -180
0 -180 0 -180 0 0 0 -0 1.38783e-12 -162.388 0 -0 0 0 0 0 0 -180
0 -180 0 0 0 -180 0 -180 0.0548377 -52.546 0 -180 0 -180 0 0 0 -180
0 -180 0 0 0 -180 0 -180 1.21583 106.114 0 -180 0 -180 0 0 0 -180
inside=0 lambda=0.647 phi=10 theta=15
0 -180 0 -180 0 -180 0 0 0.0535337 -47.0331 0 0 0 -180 0 -180 0 -180
0 -180 0 -180 0 -180 0 0 1.19594 106.506 0 0 0 -180 0 -180 0 -180
0 -180 0 -0 0 0 0 -180 0.00100488 31.3698 0 0 0 0 0 180 0 -180
0 -180 0 -180 0 0 0 -180 0.00907903 -127.481 0 0 0 0 0 0 0 -180
0 -180 0 -180 0 0 0 -0 0.0010133 32.1903 0 180 0 0 0 0 0 -180
0 -180 0 -180 0 0 0 -180 0.00890761 -126.734 0 0 0 0 0 0 0 -180
0 -180 0 0 0 -180 0 -180 0.0547119 -52.1452 0 -180 0 -180 0 0 0 -180
0 -180 0 0 0 -180 0 -180 1.21438 106.14 0 -180 0 -180 0 0 0 -180
inside=0 lambda=0.647 phi=10 theta=30
0 -180 0 -180 0 -180 0 0 0.0537154 -48.0995 0 0 0 -180 0 -180 0 -180
0 -180 0 -180 0 -180 0 0 1.19979 106.423 0 0 0 -180 0 -180 0 -180
0 -180 0 -0 0 0 0 -180 0.00174299 31.5464 0 0 0 0 0 180 0 -180
0 -180 0 -180 0 0 0 -180 0.0156591 -127.321 0 0 0 0 0 0 0 -180
0 -180 0 -180 0 0 0 -0 0.00175141 32.0201 0 180 0 0 0 0 0 -180
0 -180 0 -180 0 0 0 -180 0.0154878 -126.889 0 0 0 0 0 0 0 -180
0 -180 0 0 0 -180 0 -180 0.0543943 -51.0531 0 -180 0 -180 0 0 0 -180
0 -180 0 0 0 -180 0 -180 1.21045 106.211 0 -180 0 -180 0 0 0 -180
inside=0 lambda=0.647 phi=10 theta=45
0 -180 0 -180 0 -180 0 0 0.0540208 -49.5699 0 0 0 -180 0 -180 0 -180
0 -180 0 -180 0 -180 0 0 1.2051 106.314 0 0 0 -180 0 -180 0 -180
0 -180 0 -0 0 0 0 -180 0.00201714 31.7849 0 0 0 0 0 180 0 -180
0 -180 0 -180 0 0 0 -180 0.0179807 -127.104 0 0 0 0 0 0 0 -180
0 -180 0 -180 0 0 0 -0 0.00201714 31.7849 0 180 0 0 0 0 0 -180
0 -180 0 -180 0 0 0 -180 0.0179807 -127.104 0 0 0 0 0 0 0 -180
0 -180 0 0 0 -180 0 -180 0.0540208 -49.5699 0 -180 0 -180 0 0 0 -180
0 -180 0 0 0 -180 0 -180 1.2051 106.314 0 -180 0 -180 0 0 0 -180
inside=0 lambda=0.647 phi=15 theta=0
0 -180 0 -180 0 -180 0 0 0.0304052 39.7315 0 0 0 -180 0 -180 0 -180
0 -180 0 -180 0 -180 0 0 1.18129 82.7331 0 0 0 -180 0 -180 0 -180
0 -180 0 -180 0 0 0 -0 1.74054e-13 97.6533 0 180 0 0 0 0 0 -180
0 -180 0 180 0 0 0 -180 1.34082e-12 -9.58791 0 180 0 0 0 -0 0 -180
0 -180 0 -180 0 0 0 180 2.24938e-13 103.805 0 0 0 0 0 0 0 -180
0 -180 0 -180 0 0 0 -0 1.33252e-12 -11.5109 0 -180 0 0 0 0 0 -180
0 -180 0 0 0 -180 0 -180 0.0335931 60.9018 0 -180 0 -180 0 0 0 -180
0 -180 0 0 0 -180 0 -180 1.23181 81.5927 0 -180 0 -180 0 0 0 -180
inside=0 lambda=0.647 phi=15 theta=15
0 -180 0 -180 0 -180 0 0 0.0306159 41.2888 0 0 0 -180 0 -180 0 -180
0 -180 0 -180 0 -180 0 0 1.18453 82.6401 0 0 0 -180 0 -180 0 -180
0 -180 0 -180 0 0 0 -180 0.00407157 -77.0627 0 0 0 0 0 0 0 -180
0 -180 0 180 0 0 0 -180 0.0224417 -153.695 0 0 0 0 0 -0 0 -180
0 -180 0 -180 0 0 0 -180 0.00399878 -76.0953 0 0 0 0 0 0 0 -180
0 -180 0 -180 0 0 0 180 0.0214756 -152.126 0 -0 0 0 0 0 0 -180
0 -180 0 0 0 -180 0 -180 0.033398 59.578 0 -180 0 -180 0 0 0 -180
0 -180 0 0 0 -180 0 -180 1.22828 81.6521 0 -180 0 -180 0 0 0 -180
inside=0 lambda=0.647 phi=15 theta=30
0 -180 0 -180 0 -180 0 0 0.0312084 45.416 0 0 0 -180 0 -180 0 -180
0 -180 0 -180 0 -180 0 0 1.19349 82.3981 0 0 0 -180 0 -180 0 -180
0 -180 0 -180 0 0 0 -180 0.00702206 -76.9147 0 0 0 0 0 0 0 -180
0 -180 0 180 0 0 0 -180 0.0384678 -153.358 0 0 0 0 0 -0 0 -180
0 -180 0 -180 0 0 0 -180 0.00694951 -76.3577 0 0 0 0 0 0 0 -180
0 -180 0 -180 0 0 0 180 0.037505 -152.453 0 -0 0 0 0 0 0 -180
0 -180 0 0 0 -180 0 -180 0.0328392 55.9233 0 -180 0 -180 0 0 0 -180
0 -180 0 0 0 -180 0 -180 1.21874 81.8273 0 -180 0 -180 0 0 0 -180
inside=0 lambda=0.647 phi=15 theta=45
0 -180 0 -180 0 -180 0 0 0.0320327 50.7891 0 0 0 -180 0 -180 0 -180
0 -180 0 -180 0 -180 0 0 1.20597 82.0961 0 0 0 -180 0 -180 0 -180
0 -180 0 -180 0 0 0 -180 0.00806454 -76.6645 0 0 0 0 0 0 0 -180
0 -180 0 180 0 0 0 -180 0.0438359 -152.903 0 0 0 0 0 -0 0 -180
0 -180 0 -180 0 0 0 -180 0.00806454 -76.6645 0 0 0 0 0 0 0 -180
0 -180 0 -180 0 0 0 180 0.0438359 -152.903 0 -0 0 0 0 0 0 -180
0 -180 0 0 0 -180 0 -180 0.0320327 50.7891 0 -180 0 -180 0 0 0 -180
0 -180 0 0 0 -180 0 -180 1.20597 82.0961 0 -180 0 -180 0 0 0 -180
inside=0 lambda=0.647 phi=20 theta=0
0 -180 0 -180 0 -180 0 0 0.0946456 45.5615 0 0 0 -180 0 -180 0 -180
0 -180 0 -180 0 -180 0 0 1.15412 49.619 0 0 0 -180 0 -180 0 -180
0 -180 0 -180 0 0 0 -0 1.36846e-13 163.736 0 180 0 0 0 0 0 -180
0 -180 0 180 0 0 0 180 1.47706e-12 134.125 0 -0 0 0 0 -0 0 -180
0 -180 0 -180 0 0 0 -0 1.25052e-13 -150.585 0 -180 0 0 0 0 0 -180
0 -180 0 -180 0 0 0 180 1.20098e-12 136.85 0 180 0 0 0 0 0 -180
0 -180 0 0 0 -180 0 -180 0.150512 48.238 0 -180 0 -180 0 0 0 -180
0 -180 0 0 0 -180 0 -180 1.24212 47.2941 0 -180 0 -180 0 0 0 -180
inside=0 lambda=0.647 phi=20 theta=15
0 -180 0 -180 0 -180 0 0 0.098685 45.5836 0 0 0 -180 0 -180 0 -180
0 -180 0 -180 0 -180 0 0 1.15943 49.406 0 0 0 -180 0 -180 0 -180
0 -180 0 -180 0 0 0 -180 0.0164867 -133.412 0 0 0 0 0 0 0 -180
0 -180 0 180 0 0 0 -180 0.0431057 168.792 0 0 0 0 0 -0 0 -180
0 -180 0 -180 0 0 0 -180 0.0162306 -132.871 0 180 0 0 0 0 0 -180
0 -180 0 -180 0 0 0 180 0.0394666 171.417 0 -0 0 0 0 0 0 -180
0 -180 0 0 0 -180 0 -180 0.147108 47.9398 0 -180 0 -180 0 0 0 -180
0 -180 0 0 0 -180 0 -180 1.23558 47.3912 0 -180 0 -180 0 0 0 -180
inside=0 lambda=0.647 phi=20 theta=30
0 -180 0 -180 0 -180 0 0 0.109516 45.805 0 0 0 -180 0 -180 0 -180
0 -180 0 -180 0 -180 0 0 1.17435 48.8672 0 0 0 -180 0 -180 0 -180
0 -180 0 -180 0 0 0 -180 0.0284317 -133.353 0 0 0 0 0 0 0 -180
0 -180 0 180 0 0 0 -180 0.0729599 169.352 0 0 0 0 0 -0 0 -180
0 -180 0 -180 0 0 0 -180 0.0281804 -133.04 0 180 0 0 0 0 0 -180
0 -180 0 -180 0 0 0 180 0.0693636 170.868 0 -0 0 0 0 0 0 -180
0 -180 0 0 0 -180 0 -180 0.137516 47.2055 0 -180 0 -180 0 0 0 -180
0 -180 0 0 0 -180 0 -180 1.21824 47.7025 0 -180 0 -180 0 0 0 -180
inside=0 lambda=0.647 phi=20 theta=45
0 -180 0 -180 0 -180 0 0 0.123818 46.3859 0 0 0 -180 0 -180 0 -180
0 -180 0 -180 0 -180 0 0 1.1957 48.229 0 0 0 -180 0 -180 0 -180
0 -180 0 -180 0 0 0 -180 0.0326687 -133.223 0 0 0 0 0 180 0 -180
0 -180 0 180 0 0 0 -180 0.0819738 170.114 0 0 0 0 0 -0 0 -180
0 -180 0 -180 0 0 0 -180 0.0326687 -133.223 0 180 0 0 0 0 0 -180
0 -180 0 -180 0 0 0 180 0.0819738 170.114 0 -0 0 0 0 0 0 -180
0 -180 0 0 0 -180 0 -180 0.123818 46.3859 0 -180 0 -180 0 0 0 -180
0 -180 0 0 0 -180 0 -180 1.1957 48.229 0 -180 0 -180 0 0 0 -180
inside=0 lambda=0.647 phi=25 theta=0
0 180 0 -180 0 -180 0 0 0.11687 20.5648 0 0 0 180 0 -180 0 -180
0 -180 0 -180 0 180 0 0 1.11771 7.42753 0 -0 0 -180 0 -180 0 180
0 -180 0 -180 0 0 0 -0 1.77829e-13 -48.6272 0 180 0 0 0 0 0 -180
0 -180 0 180 0 -0 0 0 1.85621e-12 -90.8303 0 -180 0 0 0 -0 0 180
0 -180 0 -180 0 0 0 -0 4.52939e-13 -85.681 0 -180 0 0 0 0 0 -180
0 180 0 180 0 -0 0 180 2.52582e-12 -83.9193 0 -0 0 -0 0 -0 0 180
0 -180 0 0 0 -180 0 -180 0.245994 7.43194 0 -180 0 -180 0 0 0 -180
0 180 0 -0 0 180 0 180 1.25451 4.355 0 180 0 180 0 -0 0 180
inside=0 lambda=0.647 phi=25 theta=15
0 -180 0 -180 0 -180 0 0 0.124852 18.1438 0 0 0 180 0 180 0 -180
0 -180 0 -180 0 180 0 0 1.12562 7.05731 0 -0 0 -180 0 -180 0 180
0 -180 0 -180 0 0 0 -180 0.0350358 172.922 0 0 0 0 0 180 0 -180
0 -180 0 180 0 -0 0 180 0.0710495 124.833 0 -0 0 0 0 -0 0 180
0 -180 0 -180 0 0 0 -180 0.0348263 173.42 0 180 0 0 0 0 0 -180
0 180 0 180 0 -0 0 180 0.0602416 129.747 0 -0 0 -0 0 -0 0 180
0 -180 0 0 0 -180 0 -180 0.237336 7.54066 0 -180 0 -180 0 0 0 -180
0 180 0 -0 0 180 0 180 1.24384 4.39953 0 180 0 180 0 -0 0 180
inside=0 lambda=0.647 phi=25 theta=30
0 -180 0 -180 0 -180 0 0 0.147715 13.4901 0 0 0 180 0 -180 0 -180
0 -180 0 -180 0 180 0 -0 1.14814 6.18882 0 -0 0 -180 0 -180 0 180
0 -180 0 -180 0 0 0 -180 0.0603848 173.113 0 0 0 0 0 180 0 -180
0 -180 0 180 0 -0 0 180 0.117265 125.94 0 -0 0 0 0 -0 0 180
0 -180 0 -180 0 0 0 -180 0.0602037 173.414 0 180 0 0 0 0 0 -180
0 180 0 180 0 -0 0 180 0.106804 128.793 0 -0 0 -0 0 -0 0 180
0 -180 0 0 0 -180 0 -180 0.213255 8.15214 0 -180 0 -180 0 0 0 -180
0 180 0 -0 0 180 0 180 1.21615 4.65807 0 180 0 180 0 -0 0 180
inside=0 lambda=0.647 phi=25 theta=45
0 -180 0 -180 0 -180 0 0 0.180215 9.93375 0 0 0 180 0 -180 0 -180
0 180 0 180 0 180 0 -0 1.18093 5.27914 0 -0 0 -180 0 -180 0 180
0 -180 0 -180 0 0 0 -180 0.0695072 173.305 0 0 0 0 0 180 0 -180
0 180 0 180 0 -0 0 180 0.128465 127.409 0 -0 0 0 0 -0 0 180
0 -180 0 -180 0 0 0 -180 0.0695072 173.305 0 180 0 0 0 0 0 -180
0 180 0 180 0 0 0 180 0.128465 127.409 0 -0 0 -0 0 -0 0 180
0 -180 0 0 0 180 0 -180 0.180215 9.93375 0 -180 0 -180 0 0 0 -180
0 180 0 -0 0 -180 0 180 1.18093 5.27914 0 -180 0 180 0 -0 0 180
inside=0 lambda=0.647 phi=30 theta=0
0 180 0 180 0 -180 0.0469304 -74.2444 0.0844886 18.2336 0 0 0 180 0 180 0 -180
0 180 0 180 0 0 0 -0 1.06448 -44.2806 0 -180 0 180 0 180 0 0
0 -180 0 -0 0 0 7.32737e-14 138.128 2.128e-13 -161.693 0 180 0 0 0 180 0 -180
0 180 0 0 0 -180 0 0 3.64915e-13 5.13241 0 -180 0 -0 0 -180 0 0
0 -180 0 -180 0 0 4.66097e-14 27.1405 6.35241e-13 52.6634 0 0 0 0 0 0 0 -180
0 180 0 180 0 -0 0 180 1.05278e-12 38.4685 0 -0 0 -0 0 -0 0 180
0 -180 0 0 0 -180 0.179008 -111.703 0.193507 -50.3205 0 -180 0 -180 0 0 0 -180
0 180 0 -0 0 180 0 180 1.32612 -47.4772 0 180 0 180 0 -0 0 180
inside=0 lambda=0.647 phi=30 theta=15
0 180 0 180 0 -180 0 -0 0.0855534 10.1166 0 0 0 180 0 180 0 -180
0 180 0 180 0 0 0 -0 1.08467 -45.087 0 -180 0 180 0 180 0 0
0 -180 0 -0 0 0 0 -180 0.0366067 97.5343 0 0 0 -0 0 0 0 -180
0 180 0 0 0 -180 0 180 0.125661 76.4585 0 -180 0 -0 0 -180 0 0
0 -180 0 -180 0 0 0 -180 0.0380744 98.8644 0 0 0 0 0 0 0 -180
0 180 0 180 0 -0 0 0 0.0984658 85.6166 0 -180 0 -0 0 -0 0 180
0 -180 0 0 0 -180 0 -180 0.176511 -48.2042 0 -180 0 -180 0 0 0 -180
0 180 0 -0 0 180 0 180 1.3121 -47.856 0 180 0 180 0 -0 0 180
inside=0 lambda=0.647 phi=30 theta=30
0 -180 0 -180 0 -180 0 -0 0.0867303 -10.5859 0 0 0 180 0 180 0 -180
0 180 0 180 0 0 0 -0 1.12866 -46.7839 0 -180 0 180 0 180 0 0
0 -180 0 -0 0 0 0 -180 0.0620265 98.5596 0 0 0 -0 0 0 0 -180
0 180 0 0 0 -180 0 180 0.200294 78.42 0 -180 0 -0 0 -180 0 180
0 -180 0 -180 0 -0 0 -180 0.0634304 99.3656 0 0 0 0 0 0 0 -180
0 180 0 180 0 -0 0 0 0.175652 83.8789 0 -180 0 -0 0 -0 0 180
0 -180 0 0 0 180 0 -180 0.143601 -42.804 0 -180 0 -180 0 0 0 -180
0 180 0 -0 0 180 0 180 1.26012 -48.3728 0 180 0 180 0 -0 0 180
inside=0 lambda=0.647 phi=30 theta=45
0 -180 0 -180 0 -180 0 0 0.107761 -31.0432 0 0 0 180 0 180 0 -180
0 180 0 180 0 0 0 -0 1.19261 -48.0437 0 -180 0 180 0 180 0 180
0 -180 0 -180 0 0 0 -180 0.0716606 99.2009 0 0 0 -0 0 0 0 -180
0 180 0 0 0 -0 0 180 0.214277 81.2197 0 -180 0 -0 0 -180 0 180
0 -180 0 -180 0 -0 0 -180 0.0716606 99.2009 0 0 0 0 0 0 0 -180
0 180 0 180 0 -0 0 0 0.214277 81.2197 0 -180 0 -0 0 -180 0 180
0 -180 0 0 0 180 0 -180 0.107761 -31.0432 0 180 0 -180 0 0 0 -180
0 180 0 -0 0 180 0 180 1.19261 -48.0437 0 180 0 0 0 -180 0 180
inside=0 lambda=0.647 phi=35 theta=0
0 -180 0 180 0 -180 0.139984 -60.9245 0.0712816 -11.7747 0 0 0 -180 0 180 0 -180
0 180 0 180 0 0 0 -180 0.966924 -105.914 0 -180 0 180 0 180 0 0
0 -180 0 -0 0 0 1.61146e-13 -144.801 7.79162e-14 8.12184 0 -180 0 0 0 180 0 -180
0 180 0 -0 0 -180 0 180 5.62578e-13 161.455 0 -0 0 -0 0 180 0 0
0 -180 0 -180 0 0 2.22764e-13 -102.397 1.98733e-13 64.0455 0 0 0 0 0 0 0 -180
0 0 0 0 0 -180 0 0 2.74216e-13 33.6491 0 0 0 -180 0 -180 0 0
0 -180 0 0 0 -180 0.296714 -79.2283 0.134159 79.4338 0 -180 0 -180 0 0 0 -180
0 0 0 -180 0 0 0 0 1.42618 -113.423 0 0 0 0 0 -180 0 0
inside=0 lambda=0.647 phi=35 theta=15
0 180 0 180 0 -180 0.108527 -69.9519 0.081123 3.9754 0 0 0 180 0 180 0 -180
0 180 0 180 0 0 0 -180 0.992808 -107.966 0 -180 0 180 0 180 0 0
0 -180 0 -0 0 0 0.0120066 -163.639 0.0540908 -87.3328 0 0 0 0 0 180 0 -180
0 180 0 -0 0 -180 0 0 0.238466 10.0576 0 -180 0 -180 0 180 0 0
0 -180 0 -180 0 0 0.067335 -105.879 0.0497797 -83.8162 0 180 0 0 0 0 0 -180
0 0 0 0 0 -180 0 -0 0.171992 20.2698 0 -180 0 -180 0 -180 0 0
0 -180 0 0 0 -180 0.263216 -92.0745 0.143997 74.5424 0 -180 0 -180 0 0 0 -180
0 0 0 -180 0 0 0 0 1.38639 -114.5 0 0 0 0 0 -180 0 0
inside=0 lambda=0.647 phi=35 theta=30
0 180 0 180 0 -180 0 -0 0.112171 24.3234 0 0 0 180 0 180 0 -180
0 180 0 180 0 0 0 -180 1.06911 -112.372 0 -180 0 180 0 180 0 0
0 180 0 -180 0 0 0 -180 0.0956688 -90.3634 0 0 0 -0 0 180 0 -180
0 0 0 -0 0 -180 0 0 0.367586 10.2017 0 -180 0 -180 0 180 0 0
0 -180 0 -180 0 0 0 -180 0.0925316 -87.674 0 180 0 0 0 0 0 -180
0 0 0 0 0 -180 0 -0 0.302809 16.4496 0 180 0 -180 0 -180 0 0
0 -180 0 0 0 -180 0 -180 0.1552 61.1814 0 -180 0 -180 0 0 0 -180
0 0 0 -180 0 0 0 0 1.29465 -116.103 0 0 0 0 0 -180 0 0
inside=0 lambda=0.647 phi=35 theta=45
0 180 0 -180 0 -180 0 0 0.137425 43.567 0 0 0 180 0 180 0 -180
0 0 0 0 0 0 0 -180 1.17191 -115.606 0 -180 0 0 0 0 0 0
0 -180 0 -180 0 0 0 -180 0.107702 -91.3222 0 0 0 0 0 180 0 -180
0 0 0 -0 0 -180 0 0 0.374695 12.8354 0 -180 0 -180 0 180 0 0
0 -180 0 -180 0 0 0 -180 0.107702 -91.3222 0 180 0 0 0 0 0 -180
0 0 0 0 0 -180 0 -0 0.374695 12.8354 0 180 0 -180 0 -180 0 0
0 180 0 0 0 180 0 -180 0.137425 43.567 0 180 0 -180 0 0 0 -180
0 0 0 -180 0 0 0 0 1.17191 -115.606 0 0 0 0 0 -180 0 0
inside=0 lambda=0.647 phi=40 theta=0
0 -180 0 180 0 -180 0.208865 -36.7765 0.248222 160.234 0 0 0 -180 0 180 0 -180
0 0 0 0 0 -0 0 -180 0.765377 -177.817 0 180 0 0 0 0 0 -0
0 -180 0 -180 0 0 1.88316e-13 -37.0158 3.5624e-13 127.542 0 -0 0 0 0 0 0 -180
0 0 0 -180 0 180 0 180 7.2031e-13 4.75551 0 -0 0 -180 0 0 0 -0
0 -180 0 -180 0 0 2.12113e-12 -45.2932 3.77247e-13 135.255 0 0 0 0 0 0 0 -180
0 -0 0 -0 0 180 0 -180 1.15913e-12 77.6182 0 0 0 180 0 180 0 -0
0 -180 0 0 0 -180 0.232936 -72.9373 0.526664 -9.01414 0 -180 0 -180 0 0 0 -180
0 -0 0 180 0 -0 0 -0 1.4741 177.828 0 -0 0 -0 0 180 0 -0
inside=0 lambda=0.647 phi=40 theta=15
0 -180 0 180 0 -180 0.175586 -60.4668 0.180578 166.31 0 0 0 180 0 180 0 -180
0 0 0 0 0 -0 0 -180 0.81348 176.719 0 180 0 0 0 0 0 -0
0 -180 0 -180 0 0 0.0501225 -35.4328 0.165973 163.055 0 0 0 -0 0 180 0 -180
0 0 0 -0 0 180 0 -0 0.424399 -64.4466 0 180 0 -180 0 0 0 -0
0 -180 0 -180 0 -0 0.0778568 -88.0694 0.173443 163.915 0 180 0 0 0 0 0 -180
0 -0 0 -0 0 180 0 -0 0.227437 -39.4036 0 180 0 180 0 180 0 -0
0 -180 0 -0 0 180 0.211621 -87.069 0.465013 -15.1883 0 180 0 -180 0 0 0 -180
0 -0 0 180 0 0 0 -0 1.42303 174.465 0 -0 0 -0 0 180 0 -0
inside=0 lambda=0.647 phi=40 theta=30
0 180 0 180 0 -180 0.0859292 -95.909 0.0691202 -134.338 0 0 0 180 0 180 0 -180
0 0 0 0 0 -0 0 -180 0.954119 169.154 0 180 0 0 0 0 0 -0
0 180 0 -180 0 0 0.0721854 -82.7003 0.264427 162.016 0 0 0 -0 0 180 0 -180
0 0 0 -0 0 180 0 0 0.584877 -60.2764 0 180 0 -180 0 180 0 -0
0 -180 0 -180 0 -0 0.085692 -130.027 0.273815 162.154 0 180 0 0 0 0 0 -180
0 -0 0 0 0 -180 0 -0 0.41275 -46.3003 0 180 0 180 0 180 0 -0
0 180 0 -0 0 180 0.166584 -122.918 0.327 -28.3127 0 180 0 -180 0 0 0 -180
0 0 0 -180 0 0 0 -0 1.30129 169.485 0 0 0 -0 0 180 0 -0
inside=0 lambda=0.647 phi=40 theta=45
0 180 0 -180 0 -180 0 -0 0.168381 -50.1229 0 0 0 180 0 180 0 -180
0 0 0 0 0 -0 0 -180 1.13351 166.632 0 180 0 0 0 0 0 -0
0 180 0 -180 0 0 0 -180 0.307026 161.752 0 0 0 -0 0 180 0 -180
0 0 0 -0 0 180 0 0 0.540111 -53.8027 0 180 0 -180 0 180 0 -0
0 180 0 -180 0 -0 0 -180 0.307026 161.752 0 180 0 0 0 0 0 -180
0 0 0 0 0 -180 0 -0 0.540111 -53.8027 0 180 0 180 0 180 0 -0
0 180 0 -0 0 180 0 -180 0.168381 -50.1229 0 180 0 -180 0 0 0 -180
0 0 0 -180 0 0 0 0 1.13351 166.632 0 0 0 -0 0 180 0 -0
inside=0 lambda=0.647 phi=45 theta=0
0 -180 0 180 0 -180 0.863164 -15.6958 0.410827 -8.33482 0 0 0 -180 0 180 0 -180
0 -0 0 0 0 -180 0 180 0 -180 0 0 0 -0 0 0 0 -180
0 -180 0 -0 0 0 3.7919e-13 -90.0253 6.05083e-13 112.501 0 -0 0 0 0 180 0 -180
0 -0 0 180 0 0 0 180 0 0 0 -0 0 180 0 -0 0 -180
0 -0 0 -180 0 0 7.33932e-13 101.111 4.29806e-12 -174.691 0 180 0 180 0 0 0 -180
0 -0 0 -180 0 0 0 180 0 -0 0 180 0 180 0 0 0 -180
0 -0 0 0 0 -180 0.874215 -1.44218 0.561227 163.072 0 -180 0 -0 0 0 0 -180
0 -0 0 0 0 -180 0 -0 0 0 0 -180 0 -0 0 0 0 -180
inside=0 lambda=0.647 phi=45 theta=15
0 -180 0 180 0 -180 0.663816 -25.9954 0.601837 -4.89741 0 0 0 -180 0 180 0 -180
0 0 0 -0 0 180 0 180 0 180 0 -0 0 -0 0 -0 0 180
0 -180 0 -0 0 0 0.212611 156.817 0.129075 -53.9526 0 0 0 0 0 180 0 -180
0 -0 0 180 0 -0 0 0 0 -180 0 0 0 180 0 -0 0 180
0 -180 0 -180 0 0 0.26839 -49.1502 0.198868 -54.2682 0 0 0 0 0 0 0 -180
0 -180 0 -180 0 0 0 -180 0 -180 0 0 0 0 0 0 0 -180
0 -180 0 0 0 -180 0.669182 -62.2045 0.751863 88.031 0 -180 0 -180 0 0 0 -180
0 -180 0 0 0 -180 0 -180 0 0 0 -180 0 -180 0 0 0 -180
inside=0 lambda=0.647 phi=45 theta=30
0 -180 0 180 0 -180 0.262666 -74.2097 0.874548 3.12403 0 0 0 -180 0 -180 0 -180
0 0 0 0 0 -180 0 180 0 0 0 -0 0 -0 0 -0 0 180
0 -180 0 -0 0 0 0.161133 157.916 0.174836 -70.5147 0 0 0 0 0 -180 0 -180
0 -0 0 -180 0 0 0 0 0 -180 0 0 0 180 0 -0 0 180
0 -180 0 -180 0 0 0.199349 -115.976 0.252451 -74.2311 0 -0 0 0 0 0 0 -180
0 -0 0 -0 0 0 0 -180 0 -180 0 -0 0 0 0 0 0 -180
0 -180 0 0 0 -180 0.356008 -129.653 0.943834 35.9217 0 -180 0 -180 0 0 0 -180
0 -0 0 180 0 -180 0 -0 0 0 0 -180 0 -180 0 0 0 -180
inside=0 lambda=0.647 phi=45 theta=45
0 180 0 180 0 -180 0 0 0.965406 11.6695 0 0 0 -180 0 -180 0 180
0 0 0 0 0 -180 0 180 0 0 0 0 0 -180 0 -0 0 180
0 -180 0 -180 0 0 0 180 0.260751 -78.3305 0 0 0 0 0 -180 0 180
0 -0 0 -180 0 0 0 -0 0 -180 0 0 0 0 0 -0 0 180
0 -180 0 180 0 0 0 -180 0.260751 -78.3305 0 -180 0 0 0 0 0 180
0 -0 0 -0 0 0 0 -180 0 -180 0 -0 0 0 0 0 0 180
0 180 0 0 0 -180 0 180 0.965406 11.6695 0 -180 0 -180 0 0 0 180
0 0 0 180 0 -180 0 0 0 0 0 -0 0 -180 0 0 0 180
inside=1 lambda=0.647 phi=0 theta=0
0 -180 0 -180 0 -180 0 0 0.10686 112.89 0 0 0 -180 0 -180 0 -180
0 -180 0 -0 0 -180 0 0 0.823822 125.518 0 0 0 -180 0 -0 0 -180
0 -180 0 -0 0 0 0 -0 6.62026e-13 -12.5942 0 -180 0 0 0 -0 0 -180
0 -180 0 -180 0 0 0 -0 7.08326e-13 -170.31 0 -0 0 0 0 180 0 -180
0 -180 0 -180 0 0 0 -0 7.82924e-14 16.4802 0 -0 0 0 0 -180 0 -180
0 -180 0 180 0 0 0 180 3.19257e-14 174.216 0 180 0 0 0 180 0 -180
0 -180 0 0 0 -180 0 -180 0.10686 112.89 0 -180 0 -180 0 0 0 -180
0 -180 0 0 0 -180 0 -0 0.823822 125.518 0 -0 0 -180 0 0 0 -180
inside=1 lambda=0.647 phi=0 theta=15
0 -180 0 -180 0 -180 0 0 0.10686 112.89 0 0 0 -180 0 -180 0 -180
0 -180 0 -0 0 -180 0 0 0.823822 125.518 0 0 0 -180 0 -0 0 -180
0 -180 0 -0 0 0 0 -0 6.62026e-13 -12.5942 0 -180 0 0 0 -0 0 -180
0 -180 0 -180 0 0 0 -0 7.08326e-13 -170.31 0 -0 0 0 0 180 0 -180
0 -180 0 -180 0 0 0 -0 7.82924e-14 16.4802 0 -0 0 0 0 -180 0 -180
0 -180 0 180 0 0 0 180 3.19257e-14 174.216 0 180 0 0 0 180 0 -180
0 -180 0 0 0 -180 0 -180 0.10686 112.89 0 -180 0 -180 0 0 0 -180
0 -180 0 0 0 -180 0 -0 0.823822 125.518 0 -0 0 -180 0 0 0 -180
inside=1 lambda=0.647 phi=0 theta=30
0 -180 0 -180 0 -180 0 0 0.10686 112.89 0 0 0 -180 0 -180 0 -180
0 -180 0 -0 0 -180 0 0 0.823822 125.518 0 0 0 -180 0 -0 0 -180
0 -180 0 -0 0 0 0 -0 6.62026e-13 -12.5942 0 -180 0 0 0 -0 0 -180
0 -180 0 -180 0 0 0 -0 7.08326e-13 -170.31 0 -0 0 0 0 180 0 -180
0 -180 0 -180 0 0 0 -0 7.82924e-14 16.4802 0 -0 0 0 0 -180 0 -180
0 -180 0 180 0 0 0 180 3.19257e-14 174.216 0 180 0 0 0 180 0 -180
0 -180 0 0 0 -180 0 -180 0.10686 112.89 0 -180 0 -180 0 0 0 -180
0 -180 0 0 0 -180 0 -0 0.823822 125.518 0 -0 0 -180 0 0 0 -180
inside=1 lambda=0.647 phi=0 theta=45
0 -180 0 -180 0 -180 0 0 0.10686 112.89 0 0 0 -180 0 -180 0 -180
0 -180 0 -0 0 -180 0 0 0.823822 125.518 0 0 0 -180 0 -0 0 -180
0 -180 0 -0 0 0 0 -0 6.62026e-13 -12.5942 0 -180 0 0 0 -0 0 -180
0 -180 0 -180 0 0 0 -0 7.08326e-13 -170.31 0 -0 0 0 0 180 0 -180
0 -180 0 -180 0 0 0 -0 7.82924e-14 16.4802 0 -0 0 0 0 -180 0 -180
0 -180 0 180 0 0 0 180 3.19257e-14 174.216 0 180 0 0 0 180 0 -180
0 -180 0 0 0 -180 0 -180 0.10686 112.89 0 -180 0 -180 0 0 0 -180
0 -180 0 0 0 -180 0 -0 0.823822 125.518 0 -0 0 -180 0 0 0 -180
inside=1 lambda=0.647 phi=5 theta=0
0 -180 0 -180 0 -180 0 0 0.100685 109.743 0 0 0 -180 0 -180 0 -180
0 -180 0 -180 0 -180 0 0 0.825189 123.292 0 0 0 -180 0 -180 0 -180
0 -180 0 -180 0 0 0 -0 1.64883e-13 -47.304 0 0 0 0 0 0 0 -180
0 -180 0 -180 0 0 0 -0 9.07355e-13 33.4537 0 180 0 0 0 0 0 -180
0 -180 0 -180 0 0 0 180 1.73184e-13 -48.2288 0 -180 0 0 0 0 0 -180
0 -180 0 -180 0 0 0 -0 8.90576e-13 34.7182 0 -0 0 0 0 0 0 -180
0 -180 0 0 0 -180 0 -180 0.101476 110.075 0 -180 0 -180 0 0 0 -180
0 -180 0 0 0 -180 0 -180 0.823458 123.247 0 -180 0 -180 0 0 0 -180
inside=1 lambda=0.647 phi=5 theta=15
0 -180 0 -180 0 -180 0 0 0.100738 109.765 0 0 0 -180 0 -180 0 -180
0 -180 0 -180 0 -180 0 0 0.825073 123.289 0 0 0 -180 0 -180 0 -180
0 -180 0 -180 0 0 0 -180 0.000145349 -58.4147 0 0 0 0 0 0 0 -180
0 -180 0 -180 0 0 0 -180 0.000693669 175.157 0 0 0 0 0 0 0 -180
0 -180 0 -180 0 0 0 -180 0.000145862 -58.1474 0 0 0 0 0 0 0 -180
0 -180 0 -180 0 0 0 -180 0.000692204 175.063 0 0 0 0 0 0 0 -180
0 -180 0 0 0 -180 0 -180 0.101423 110.052 0 -180 0 -180 0 0 0 -180
0 -180 0 0 0 -180 0 -180 0.823574 123.25 0 -180 0 -180 0 0 0 -180
inside=1 lambda=0.647 phi=5 theta=30
0 -180 0 -180 0 -180 0 0 0.100882 109.826 0 0 0 -180 0 -180 0 -180
0 -180 0 -180 0 -180 0 0 0.824756 123.281 0 0 0 -180 0 -180 0 -180
0 -180 0 -180 0 0 0 -180 0.000251939 -58.3578 0 0 0 0 0 0 0 -180
0 -180 0 -180 0 0 0 -180 0.00120093 175.137 0 0 0 0 0 0 0 -180
0 -180 0 -180 0 0 0 -180 0.000252453 -58.2034 0 0 0 0 0 0 0 -180
0 -180 0 -180 0 0 0 -180 0.00119947 175.083 0 0 0 0 0 0 0 -180
0 -180 0 0 0 -180 0 -180 0.101277 109.992 0 -180 0 -180 0 0 0 -180
0 -180 0 0 0 -180 0 -180 0.82389 123.258 0 -180 0 -180 0 0 0 -180
inside=1 lambda=0.647 phi=5 theta=45
0 -180 0 -180 0 -180 0 0 0.10108 109.909 0 0 0 -180 0 -180 0 -180
0 -180 0 -180 0 -180 0 0 0.824323 123.269 0 0 0 -180 0 -180 0 -180
0 -180 0 -180 0 0 0 -180 0.00029121 -58.2804 0 0 0 0 0 0 0 -180
0 -180 0 -180 0 0 0 -180 0.00138587 175.11 0 0 0 0 0 0 0 -180
0 -180 0 -180 0 0 0 -180 0.00029121 -58.2804 0 0 0 0 0 0 0 -180
0 -180 0 -180 0 0 0 -180 0.00138587 175.11 0 0 0 0 0 0 0 -180
0 -180 0 0 0 -180 0 -180 0.10108 109.909 0 -180 0 -180 0 0 0 -180
0 -180 0 0 0 -180 0 -180 0.824323 123.269 0 -180 0 -180 0 0 0 -180
inside=1 lambda=0.647 phi=10 theta=0
0 -180 0 -180 0 -180 0 0 0.0818959 99.5514 0 0 0 -180 0 -180 0 -180
0 -180 0 -180 0 -180 0 0 0.829156 116.637 0 0 0 -180 0 -180 0 -180
0 -180 0 -180 0 0 0 180 4.497e-13 147.604 0 0 0 0 0 0 0 -180
0 -180 0 -180 0 0 0 180 1.1482e-12 -167.048 0 0 0 0 0 0 0 -180
0 -180 0 -180 0 0 0 180 1.79978e-13 122.575 0 0 0 0 0 0 0 -180
0 -180 0 -180 0 0 0 180 8.44675e-13 -154.098 0 -0 0 0 0 0 0 -180
0 -180 0 0 0 -180 0 -180 0.0841409 101.186 0 -180 0 -180 0 0 0 -180
0 -180 0 0 0 -180 0 -180 0.82227 116.452 0 -180 0 -180 0 0 0 -180
inside=1 lambda=0.647 phi=10 theta=15
0 -180 0 -180 0 -180 0 0 0.0820415 99.6612 0 0 0 -180 0 -180 0 -180
0 -180 0 -180 0 -180 0 0 0.828692 116.624 0 0 0 -180 0 -180 0 -180
0 -180 0 -180 0 0 0 -180 0.000359252 -54.7439 0 0 0 0 0 0 0 -180
0 -180 0 -180 0 0 0 -180 0.0028173 169.284 0 0 0 0 0 0 0 -180
0 -180 0 -180 0 0 0 -0 0.000369777 -53.5237 0 0 0 0 0 0 0 -180
0 -180 0 -180 0 0 0 -180 0.00279295 168.914 0 0 0 0 0 0 0 -180
0 -180 0 0 0 -180 0 -180 0.0839857 101.077 0 -180 0 -180 0 0 0 -180
0 -180 0 0 0 -180 0 -180 0.822729 116.464 0 -180 0 -180 0 0 0 -180
inside=1 lambda=0.647 phi=10 theta=30
0 -180 0 -180 0 -180 0 0 0.0824428 99.961 0 0 0 -180 0 -180 0 -180
0 -180 0 -180 0 -180 0 0 0.827427 116.59 0 0 0 -180 0 -180 0 -180
0 -180 0 -0 0 0 0 -180 0.000626088 -54.4738 0 0 0 0 0 0 0 -180
0 -180 0 -180 0 0 0 -180 0.00487056 169.204 0 0 0 0 0 0 0 -180
0 -180 0 -180 0 0 0 -0 0.000636613 -53.7696 0 0 0 0 0 0 0 -180
0 -180 0 -180 0 0 0 -180 0.00484621 168.99 0 0 0 0 0 0 0 -180
0 -180 0 0 0 -180 0 -180 0.0835653 100.778 0 -180 0 -180 0 0 0 -180
0 -180 0 0 0 -180 0 -180 0.823984 116.498 0 -180 0 -180 0 0 0 -180
inside=1 lambda=0.647 phi=10 theta=45
0 -180 0 -180 0 -180 0 0 0.0829993 100.37 0 0 0 -180 0 -180 0 -180
0 -180 0 -180 0 -180 0 0 0.825703 116.544 0 0 0 -180 0 -180 0 -180
0 -180 0 -0 0 0 0 -180 0.000729017 -54.1156 0 0 0 0 0 0 0 -180
0 -180 0 -180 0 0 0 -180 0.00560984 169.096 0 0 0 0 0 0 0 -180
0 -180 0 -180 0 0 0 -0 0.000729017 -54.1156 0 0 0 0 0 0 0 -180
0 -180 0 -180 0 0 0 -180 0.00560984 169.096 0 0 0 0 0 0 0 -180
0 -180 0 0 0 -180 0 -180 0.0829993 100.37 0 -180 0 -180 0 0 0 -180
0 -180 0 0 0 -180 0 -180 0.825703 116.544 0 -180 0 -180 0 0 0 -180
inside=1 lambda=0.647 phi=15 theta=0
0 -180 0 -180 0 -180 0 0 0.0510167 77.454 0 0 0 -180 0 -180 0 -180
0 -180 0 -180 0 -180 0 0 0.835231 105.632 0 0 0 -180 0 -180 0 -180
0 -180 0 -0 0 0 0 0 4.63033e-13 -84.1 0 0 0 0 0 180 0 -180
0 -180 0 -180 0 0 0 180 1.85531e-12 14.9374 0 -180 0 0 0 0 0 -180
0 -180 0 -180 0 0 0 -0 5.13199e-13 -86.6632 0 -180 0 0 0 0 0 -180
0 -180 0 -180 0 0 0 0 1.71843e-12 17.5821 0 -180 0 0 0 0 0 -180
0 -180 0 0 0 -180 0 -180 0.052082 82.9393 0 -180 0 -180 0 0 0 -180
0 -180 0 0 0 -180 0 -180 0.819771 105.186 0 -180 0 -180 0 0 0 -180
inside=1 lambda=0.647 phi=15 theta=15
0 -180 0 -180 0 -180 0 0 0.0510599 77.8104 0 0 0 -180 0 -180 0 -180
0 -180 0 -180 0 -180 0 0 0.83418 105.602 0 0 0 -180 0 -180 0 -180
0 -180 0 -0 0 0 0 -180 0.000416536 28.5103 0 0 0 0 0 180 0 -180
0 -180 0 -180 0 0 0 -180 0.00654403 159.422 0 0 0 0 0 0 0 -180
0 -180 0 -180 0 0 0 -0 0.000442683 21.1498 0 0 0 0 0 0 0 -180
0 -180 0 -180 0 0 0 -180 0.00641301 158.613 0 0 0 0 0 0 0 -180
0 -180 0 0 0 -180 0 -180 0.0519814 82.5625 0 -180 0 -180 0 0 0 -180
0 -180 0 0 0 -180 0 -180 0.820792 105.216 0 -180 0 -180 0 0 0 -180
inside=1 lambda=0.647 phi=15 theta=30
0 -180 0 -180 0 -180 0 0 0.0511978 78.7932 0 0 0 -180 0 -180 0 -180
0 -180 0 -180 0 -180 0 0 0.83132 105.521 0 0 0 -180 0 -180 0 -180
0 -180 0 -0 0 0 0 -180 0.000730725 26.857 0 0 0 0 0 180 0 -180
0 -180 0 -180 0 0 0 -180 0.0112838 159.243 0 0 0 0 0 0 0 -180
0 -180 0 -180 0 0 0 -0 0.000756883 22.6127 0 0 0 0 0 0 0 -180
0 -180 0 -180 0 0 0 -180 0.0111528 158.776 0 0 0 0 0 0 0 -180
0 -180 0 0 0 -180 0 -180 0.0517286 81.5387 0 -180 0 -180 0 0 0 -180
0 -180 0 0 0 -180 0 -180 0.82359 105.298 0 -180 0 -180 0 0 0 -180
inside=1 lambda=0.647 phi=15 theta=45
0 -180 0 -180 0 -180 0 0 0.0514345 80.1558 0 0 0 -180 0 -180 0 -180
0 -180 0 -180 0 -180 0 0 0.82744 105.41 0 0 0 -180 0 -180 0 -180
0 -180 0 -0 0 0 0 -180 0.000858698 24.6874 0 0 0 0 0 0 0 -180
0 -180 0 -180 0 0 0 -180 0.0129522 159.005 0 0 0 0 0 0 0 -180
0 -180 0 -180 0 0 0 -0 0.000858698 24.6874 0 0 0 0 0 0 0 -180
0 -180 0 -180 0 0 0 -180 0.0129522 159.005 0 0 0 0 0 0 0 -180
0 -180 0 0 0 -180 0 -180 0.0514345 80.1558 0 -180 0 -180 0 0 0 -180
0 -180 0 0 0 -180 0 -180 0.82744 105.41 0 -180 0 -180 0 0 0 -180
inside=1 lambda=0.647 phi=20 theta=0
0 -180 0 -180 0 -180 0 0 0.0224226 -0.632118 0 0 0 -180 0 -180 0 -180
0 -180 0 -180 0 -180 0 0 0.842496 90.4571 0 0 0 -180 0 -180 0 -180
0 -180 0 -0 0 0 0 -180 2.65514e-13 62.3979 0 -180 0 0 0 180 0 -180
0 -180 0 -180 0 0 0 -0 1.03236e-12 -179.505 0 0 0 0 0 0 0 -180
0 -180 0 -180 0 0 0 0 2.46541e-13 50.2503 0 -0 0 0 0 0 0 -180
0 -180 0 -180 0 0 0 -180 8.35268e-13 -173.984 0 0 0 0 0 0 0 -180
0 -180 0 0 0 -180 0 -180 0.0152466 -13.2361 0 -180 0 -180 0 0 0 -180
0 -180 0 0 0 -180 0 -180 0.814568 89.5738 0 -180 0 -180 0 0 0 -180
inside=1 lambda=0.647 phi=20 theta=15
0 -180 0 -180 0 -180 0 0 0.0219187 -1.37327 0 0 0 -180 0 -180 0 -180
0 -180 0 -180 0 -180 0 0 0.840565 90.3987 0 0 0 -180 0 -180 0 -180
0 -180 0 -0 0 0 0 -180 0.00284078 59.0525 0 0 0 0 0 180 0 -180
0 -180 0 180 0 0 0 -180 0.0122725 145.213 0 0 0 0 0 0 0 -180
0 -180 0 -180 0 0 0 -0 0.00272406 56.4587 0 180 0 0 0 0 0 -180
0 -180 0 -180 0 0 0 180 0.0118283 143.857 0 0 0 0 0 0 0 -180
0 -180 0 0 0 -180 0 -180 0.0157084 -12.2644 0 -180 0 -180 0 0 0 -180
0 -180 0 0 0 -180 0 -180 0.81638 89.6335 0 -180 0 -180 0 0 0 -180
inside=1 lambda=0.647 phi=20 theta=30
0 -180 0 -180 0 -180 0 0 0.0205614 -3.46157 0 0 0 -180 0 -180 0 -180
0 -180 0 -180 0 -180 0 0 0.835335 90.2384 0 0 0 -180 0 -180 0 -180
0 -180 0 -0 0 0 0 -180 0.0048774 58.4733 0 0 0 0 0 180 0 -180
0 -180 0 180 0 0 0 -180 0.0210768 144.9 0 0 0 0 0 0 0 -180
0 -180 0 -180 0 0 0 -0 0.0047608 56.98 0 180 0 0 0 0 0 -180
0 -180 0 -180 0 0 0 180 0.0206336 144.117 0 0 0 0 0 0 0 -180
0 -180 0 0 0 -180 0 -180 0.0169808 -9.72234 0 -180 0 -180 0 0 0 -180
0 -180 0 0 0 -180 0 -180 0.821372 89.7964 0 -180 0 -180 0 0 0 -180
inside=1 lambda=0.647 phi=20 theta=45
0 -180 0 -180 0 -180 0 0 0.0187497 -6.48026 0 0 0 -180 0 -180 0 -180
0 -180 0 -180 0 -180 0 0 0.828294 90.0181 0 0 0 -180 0 -180 0 -180
0 -180 0 -0 0 0 0 -180 0.0055645 57.7121 0 0 0 0 0 180 0 -180
0 -180 0 180 0 0 0 -180 0.0240719 144.495 0 0 0 0 0 0 0 -180
0 -180 0 -180 0 0 0 -0 0.0055645 57.7121 0 180 0 0 0 0 0 -180
0 -180 0 -180 0 0 0 180 0.0240719 144.495 0 0 0 0 0 0 0 -180
0 -180 0 0 0 -180 0 -180 0.0187497 -6.48026 0 -180 0 -180 0 0 0 -180
0 -180 0 0 0 -180 0 -180 0.828294 90.0181 0 -180 0 -180 0 0 0 -180
inside=1 lambda=0.647 phi=25 theta=0
0 -180 0 -180 0 -180 0 0 0.0541678 -90.0351 0 0 0 -180 0 -180 0 -180
0 -180 0 -180 0 -180 0 0 0.850167 71.4395 0 0 0 -180 0 -180 0 -180
0 -180 0 -0 0 0 0 -180 1.41238e-13 32.9104 0 180 0 0 0 180 0 -180
0 -180 0 180 0 0 0 -0 4.8394e-13 161.02 0 180 0 0 0 -0 0 -180
0 -180 0 -180 0 0 0 180 1.71527e-13 39.4113 0 180 0 0 0 0 0 -180
0 -180 0 -180 0 0 0 -0 7.05488e-13 160.365 0 -180 0 0 0 0 0 -180
0 -180 0 0 0 -180 0 -180 0.0735762 -104.594 0 -180 0 -180 0 0 0 -180
0 -180 0 0 0 -180 0 -180 0.804144 69.8939 0 -180 0 -180 0 0 0 -180
inside=1 lambda=0.647 phi=25 theta=15
0 -180 0 -180 0 -180 0 0 0.0554181 -91.4394 0 0 0 -180 0 -180 0 -180
0 -180 0 -180 0 -180 0 0 0.846903 71.339 0 0 0 -180 0 -180 0 -180
0 -180 0 -0 0 0 0 -180 0.00882308 45.7038 0 0 0 0 0 180 0 -180
0 -180 0 180 0 0 0 -180 0.020575 126.102 0 0 0 0 0 -0 0 -180
0 -180 0 -180 0 0 0 -0 0.00842557 45.3455 0 180 0 0 0 0 0 -180
0 -180 0 -180 0 0 0 180 0.019428 124.131 0 -0 0 0 0 0 0 -180
0 -180 0 0 0 -180 0 -180 0.0722956 -103.948 0 -180 0 -180 0 0 0 -180
0 -180 0 0 0 -180 0 -180 0.80705 69.9999 0 -180 0 -180 0 0 0 -180
inside=1 lambda=0.647 phi=25 theta=30
0 -180 0 -180 0 -180 0 0 0.0589204 -94.8891 0 0 0 -180 0 -180 0 -180
0 -180 0 -180 0 -180 0 0 0.838124 71.0619 0 0 0 -180 0 -180 0 -180
0 -180 0 -0 0 0 0 -180 0.0151307 45.5792 0 0 0 0 0 180 0 -180
0 -180 0 180 0 0 0 -180 0.0351456 125.617 0 0 0 0 0 -0 0 -180
0 -180 0 -180 0 0 0 -0 0.0147349 45.3766 0 180 0 0 0 0 0 -180
0 -180 0 -180 0 0 0 180 0.0340053 124.48 0 -0 0 0 0 0 0 -180
0 -180 0 0 0 -180 0 -180 0.068743 -101.996 0 -180 0 -180 0 0 0 -180
0 -180 0 0 0 -180 0 -180 0.815118 70.2881 0 -180 0 -180 0 0 0 -180
inside=1 lambda=0.647 phi=25 theta=45
0 -180 0 -180 0 -180 0 0 0.0638217 -98.8121 0 0 0 -180 0 -180 0 -180
0 -180 0 -180 0 -180 0 0 0.826444 70.6779 0 0 0 -180 0 -180 0 -180
0 -180 0 -0 0 0 0 -180 0.0172399 45.4547 0 0 0 0 0 180 0 -180
0 -180 0 180 0 0 0 -180 0.0398853 125.015 0 0 0 0 0 -0 0 -180
0 -180 0 -180 0 0 0 -0 0.0172399 45.4547 0 180 0 0 0 0 0 -180
0 -180 0 -180 0 0 0 180 0.0398853 125.015 0 -0 0 0 0 0 0 -180
0 -180 0 0 0 -180 0 -180 0.0638217 -98.8121 0 -180 0 -180 0 0 0 -180
0 -180 0 0 0 -180 0 -180 0.826444 70.6779 0 -180 0 -180 0 0 0 -180
inside=1 lambda=0.647 phi=30 theta=0
0 -180 0 180 0 -180 0 0 0.0954671 -127.134 0 0 0 -180 0 180 0 -180
0 -180 0 -180 0 180 0 0 0.858939 49.0483 0 -0 0 -180 0 -180 0 180
0 -180 0 -0 0 0 0 180 8.18091e-14 -107.872 0 0 0 0 0 180 0 -180
0 -180 0 180 0 -0 0 -0 2.15493e-13 166.945 0 -180 0 0 0 -0 0 180
0 -180 0 -180 0 0 0 -0 7.68003e-14 -38.9449 0 -0 0 0 0 0 0 -180
0 -180 0 -180 0 0 0 180 3.09151e-13 141.729 0 0 0 0 0 0 0 -180
0 -180 0 0 0 -180 0 -180 0.152381 -134.316 0 -180 0 -180 0 0 0 -180
0 -180 0 0 0 -180 0 -180 0.786326 46.7048 0 -180 0 -180 0 0 0 -180
inside=1 lambda=0.647 phi=30 theta=15
0 -180 0 -180 0 -180 0 0 0.0993373 -128.065 0 0 0 180 0 180 0 -180
0 -180 0 -180 0 180 0 0 0.853653 48.9017 0 -0 0 -180 0 -180 0 180
0 -180 0 -0 0 0 0 -180 0.0185096 24.7888 0 0 0 0 0 180 0 -180
0 -180 0 180 0 -0 0 -180 0.0317332 102.071 0 -0 0 0 0 -0 0 -180
0 -180 0 -180 0 0 0 -0 0.0176452 26.4668 0 0 0 0 0 0 0 -180
0 -180 0 -180 0 0 0 180 0.0293083 99.3241 0 -0 0 0 0 0 0 -180
0 -180 0 0 0 -180 0 -180 0.148734 -134.149 0 -180 0 -180 0 0 0 -180
0 -180 0 0 0 -180 0 -180 0.790775 46.8713 0 -180 0 180 0 0 0 -180
inside=1 lambda=0.647 phi=30 theta=30
0 -180 0 -180 0 -180 0 0 0.109939 -130.16 0 0 0 180 0 180 0 -180
0 -180 0 -180 0 180 0 0 0.839539 48.4942 0 -0 0 -180 0 -180 0 180
0 -180 0 -0 0 0 0 -180 0.0317012 25.0973 0 0 0 0 0 180 0 -180
0 -180 0 180 0 -0 0 -180 0.0538425 101.34 0 -0 0 0 0 -0 0 -180
0 -180 0 -180 0 0 0 -0 0.0308493 26.0638 0 180 0 0 0 0 0 -180
0 -180 0 -180 0 0 0 180 0.0514485 99.7543 0 -0 0 -0 0 -0 0 -180
0 -180 0 0 0 -180 0 -180 0.138574 -133.521 0 -180 0 -180 0 0 0 -180
0 -180 0 0 0 -180 0 -180 0.803242 47.3209 0 -180 0 180 0 -0 0 -180
inside=1 lambda=0.647 phi=30 theta=45
0 -180 0 -180 0 -180 0 0 0.124367 -132.192 0 0 0 180 0 -180 0 -180
0 -180 0 -180 0 180 0 0 0.820985 47.9186 0 -0 0 -180 0 -180 0 -180
0 -180 0 -0 0 0 0 -180 0.0360923 25.558 0 0 0 0 0 180 0 -180
0 -180 0 180 0 -0 0 -180 0.0606666 100.473 0 -0 0 0 0 -0 0 -180
0 -180 0 -180 0 0 0 -0 0.0360923 25.558 0 180 0 0 0 0 0 -180
0 -180 0 -180 0 0 0 180 0.0606666 100.473 0 -0 0 -0 0 -0 0 -180
0 -180 0 0 0 180 0 -180 0.124367 -132.192 0 -180 0 -180 0 0 0 -180
0 -180 0 0 0 -180 0 -180 0.820985 47.9186 0 -180 0 180 0 -0 0 -180
inside=1 lambda=0.647 phi=35 theta=0
0 180 0 180 0 -180 0 0 0.117296 -162.037 0 0 0 180 0 180 0 -180
0 -180 0 -180 0 180 0 0 0.871653 23.774 0 -0 0 -180 0 -180 0 180
0 -180 0 -0 0 0 0 -0 1.19771e-13 125.559 0 180 0 0 0 180 0 -180
0 -180 0 180 0 -0 0 0 5.65555e-13 -70.819 0 180 0 0 0 -0 0 180
0 -180 0 -180 0 0 0 180 2.66318e-13 123.355 0 -0 0 0 0 0 0 -180
0 180 0 180 0 -0 0 -0 8.6464e-13 -63.2083 0 -0 0 -0 0 -0 0 180
0 -180 0 0 0 -180 0 -180 0.221052 -162.051 0 -180 0 -180 0 0 0 -180
0 180 0 -0 0 180 0 180 0.762824 20.8258 0 180 0 180 0 -0 0 180
inside=1 lambda=0.647 phi=35 theta=15
0 -180 0 180 0 -180 0 0 0.124316 -162.394 0 0 0 180 0 180 0 -180
0 -180 0 -180 0 180 0 0 0.863611 23.5996 0 -0 0 -180 0 -180 0 180
0 -180 0 -0 0 0 0 -180 0.0293365 0.843048 0 0 0 -0 0 180 0 -180
0 -180 0 180 0 -0 0 -180 0.0452269 74.4151 0 -0 0 0 0 -0 0 180
0 -180 0 -180 0 0 0 -0 0.028118 5.34588 0 0 0 0 0 0 0 -180
0 180 0 180 0 -0 0 180 0.0408027 70.4541 0 -0 0 -0 0 -0 0 180
0 -180 0 0 0 -180 0 -180 0.214332 -162.314 0 -180 0 -180 0 0 0 -180
0 180 0 -0 0 180 0 180 0.769375 21.0469 0 180 0 180 0 -0 0 180
inside=1 lambda=0.647 phi=35 theta=30
0 -180 0 -180 0 -180 0 0 0.143514 -163.011 0 0 0 180 0 180 0 -180
0 -180 0 -180 0 180 0 0 0.842253 23.1107 0 -0 0 -180 0 -180 0 180
0 -180 0 -0 0 0 0 -180 0.0502173 1.81776 0 0 0 -0 0 180 0 -180
0 -180 0 180 0 -0 0 -180 0.0760825 73.2786 0 -0 0 0 0 -0 0 180
0 -180 0 -180 0 0 0 -0 0.0490534 4.38093 0 0 0 0 0 0 0 -180
0 180 0 180 0 0 0 180 0.0717679 70.9886 0 -0 0 -0 0 -0 0 180
0 -180 0 0 0 -180 0 -180 0.195636 -162.861 0 -180 0 -180 0 0 0 -180
0 -180 0 -0 0 -180 0 180 0.787861 21.6379 0 -180 0 180 0 -0 0 180
inside=1 lambda=0.647 phi=35 theta=45
0 -180 0 -180 0 -180 0 0 0.169681 -163.208 0 0 0 180 0 180 0 -180
0 -180 0 180 0 180 0 0 0.814364 22.4016 0 -0 0 -180 0 -180 0 180
0 -180 0 -0 0 0 0 -180 0.057242 3.10667 0 0 0 -0 0 0 0 -180
0 -180 0 180 0 -0 0 180 0.085041 71.9894 0 -0 0 0 0 -0 0 180
0 -180 0 -180 0 -0 0 -0 0.057242 3.10667 0 0 0 0 0 0 0 -180
0 -180 0 180 0 0 0 180 0.085041 71.9894 0 -0 0 -0 0 -0 0 180
0 -180 0 0 0 180 0 -180 0.169681 -163.208 0 180 0 -180 0 0 0 -180
0 -180 0 0 0 -180 0 180 0.814364 22.4016 0 -180 0 180 0 -0 0 180
inside=1 lambda=0.647 phi=40 theta=0
0 180 0 180 0 -180 0 0 0.111392 156.197 0 0 0 180 0 180 0 -180
0 -180 0 -180 0 180 0 -0 0.891197 -3.96379 0 -0 0 -180 0 -180 0 180
0 -180 0 -0 0 0 0 -0 3.84683e-14 37.9993 0 -0 0 0 0 180 0 -180
0 180 0 0 0 -0 0 180 5.22589e-14 -70.5266 0 -0 0 -0 0 -180 0 180
0 -180 0 -180 0 0 0 -0 3.58176e-14 99.8534 0 -0 0 0 0 0 0 -180
0 180 0 180 0 -0 0 180 6.08697e-13 -104.413 0 180 0 -0 0 -0 0 180
0 -180 0 0 0 -180 0 -180 0.25218 170.125 0 -180 0 -180 0 0 0 -180
0 180 0 -0 0 180 0 180 0.740801 -7.0226 0 180 0 180 0 -0 0 180
inside=1 lambda=0.647 phi=40 theta=15
0 -180 0 180 0 -180 0 0 0.120328 157.489 0 0 0 180 0 180 0 -180
0 -180 0 180 0 180 0 -0 0.880051 -4.15224 0 -0 0 -180 0 -180 0 180
0 -180 0 -0 0 0 0 -180 0.0354476 -23.926 0 0 0 -0 0 0 0 -180
0 180 0 0 0 -0 0 180 0.0604201 45.6166 0 -0 0 -0 0 -0 0 180
0 -180 0 -180 0 0 0 -0 0.0351678 -14.8689 0 0 0 0 0 0 0 -180
0 180 0 180 0 -0 0 0 0.0528647 39.6319 0 -0 0 -0 0 -0 0 180
0 -180 0 0 0 -180 0 -180 0.242659 169.195 0 -180 0 -180 0 0 0 -180
0 180 0 -0 0 180 0 180 0.749853 -6.79429 0 180 0 180 0 -0 0 180
inside=1 lambda=0.647 phi=40 theta=30
0 -180 0 -180 0 -180 0 0 0.145251 160.403 0 0 0 180 0 180 0 -180
0 180 0 180 0 180 0 -0 0.850576 -4.65361 0 -0 0 -180 0 180 0 180
0 -180 0 -0 0 0 0 -180 0.0609801 -21.7415 0 0 0 -0 0 0 0 -180
0 180 0 0 0 -0 0 180 0.10036 43.7882 0 -0 0 -0 0 -0 0 180
0 -180 0 -180 0 0 0 -0 0.0608538 -16.6931 0 0 0 0 0 0 0 -180
0 180 0 180 0 -0 0 0 0.0931376 40.317 0 -0 0 -0 0 -0 0 180
0 -180 0 0 0 -180 0 -180 0.216169 166.845 0 -180 0 -180 0 0 0 -180
0 180 0 -0 0 180 0 180 0.775477 -6.17091 0 180 0 180 0 -0 0 180
inside=1 lambda=0.647 phi=40 theta=45
0 -180 0 -180 0 -180 0 0 0.180264 163.745 0 0 0 180 0 180 0 -180
0 180 0 180 0 180 0 -0 0.812132 -5.37573 0 -0 0 -180 0 180 0 180
0 -180 0 -0 0 0 0 -180 0.0702039 -19.1057 0 0 0 0 0 0 0 -180
0 180 0 0 0 -0 0 180 0.110991 41.7898 0 -0 0 -0 0 -0 0 180
0 -180 0 -180 0 0 0 -0 0.0702039 -19.1057 0 0 0 0 0 0 0 -180
0 180 0 180 0 -0 0 0 0.110991 41.7898 0 -0 0 -0 0 -0 0 180
0 -180 0 0 0 180 0 -180 0.180264 163.745 0 180 0 -180 0 0 0 -180
0 180 0 -0 0 -180 0 180 0.812132 -5.37573 0 180 0 180 0 -0 0 180
inside=1 lambda=0.647 phi=45 theta=0
0 180 0 180 0 -180 0 0 0.0941354 97.5679 0 0 0 180 0 180 0 -180
0 180 0 180 0 180 0.018914 -119.4 0.915486 -33.5303 0 -180 0 180 0 180 0 180
0 180 0 -180 0 0 0 0 3.73939e-13 -17.515 0 180 0 -0 0 0 0 -180
0 180 0 0 0 -0 5.31991e-13 112.332 1.03144e-12 -116.485 0 -180 0 -0 0 -180 0 180
0 -180 0 -180 0 0 0 -0 8.58168e-14 -14.9879 0 0 0 0 0 0 0 -180
0 180 0 180 0 -0 4.0864e-14 149.546 4.55338e-13 -119.216 0 -0 0 -0 0 -0 0 180
0 -180 0 0 0 -180 0 -180 0.216704 143.183 0 -180 0 -180 0 0 0 -180
0 180 0 -0 0 180 0.15255 100.295 0.725649 -36.557 0 180 0 180 0 -0 0 180
inside=1 lambda=0.647 phi=45 theta=15
0 -180 0 180 0 -180 0 0 0.0967693 103.371 0 0 0 180 0 180 0 -180
0 180 0 180 0 0 0 -0 0.903097 -33.8992 0 -180 0 180 0 180 0 180
0 -180 0 -0 0 0 0 -180 0.0280795 -45.7372 0 0 0 -0 0 0 0 -180
0 180 0 0 0 -0 0 180 0.079418 18.0208 0 -180 0 -0 0 -180 0 180
0 -180 0 -180 0 0 0 -0 0.0329837 -28.9771 0 0 0 0 0 0 0 -180
0 180 0 180 0 -0 0 0 0.0657632 9.29858 0 -180 0 -0 0 -0 0 180
0 -180 0 0 0 -180 0 -180 0.208765 140.825 0 -180 0 -180 0 0 0 -180
0 180 0 -0 0 180 0 180 0.738443 -36.517 0 180 0 0 0 -0 0 180
inside=1 lambda=0.647 phi=45 theta=30
0 -180 0 180 0 -180 0 0 0.113707 114.641 0 0 0 180 0 180 0 -180
0 180 0 180 0 0 0 -0 0.865685 -34.5137 0 -180 0 180 0 180 0 180
0 -180 0 -0 0 0 0 -180 0.0500918 -40.9568 0 0 0 -0 0 0 0 -180
0 180 0 0 0 -180 0 180 0.128937 15.1609 0 -180 0 -0 0 -180 0 180
0 -180 0 -180 0 0 0 -0 0.055117 -32.1852 0 0 0 0 0 0 0 -180
0 180 0 180 0 -0 0 0 0.116296 10.054 0 -180 0 -180 0 -0 0 180
0 -180 0 0 0 180 0 -180 0.179566 134.889 0 -180 0 -180 0 0 0 -180
0 180 0 -0 0 180 0 180 0.770915 -36.0096 0 180 0 0 0 -0 0 180
inside=1 lambda=0.647 phi=45 theta=45
0 -180 0 -180 0 -180 0 0 0.143571 126.064 0 0 0 180 0 180 0 -180
0 180 0 180 0 0 0 -0 0.817194 -35.259 0 -180 0 180 0 180 0 180
0 -180 0 -0 0 0 0 -180 0.0606421 -36.0626 0 0 0 -0 0 0 0 -180
0 180 0 0 0 -180 0 180 0.140041 12.1671 0 -180 0 -0 0 -180 0 180
0 -180 0 -180 0 -0 0 -0 0.0606421 -36.0626 0 0 0 0 0 0 0 -180
0 180 0 180 0 -0 0 0 0.140041 12.1671 0 -180 0 -180 0 -180 0 180
0 -180 0 0 0 180 0 -180 0.143571 126.064 0 180 0 -180 0 0 0 -180
0 180 0 -0 0 180 0 180 0.817194 -35.259 0 180 0 0 0 -180 0 180
