RSoft_BSDF_File_Version 2
1 0 5 2 1 0.64
0.3 0.3
-1 1
-1 1
1 0.647 0.647
10 0 45 0.5
4 0 45
Begin_Dispersion_Data
0.647 1.45662 0 1 0 0
End_Dispersion_Data
inside=0 lambda=0.647 phi=0 theta=0
0 -180 0 -180 0 -180 0 0 0.185735 0.411691 0 0 0 -180 0 -180 0 -180
0 180 0 180 0 180 0 -0 1.1859 0.855862 0 -0 0 180 0 180 0 180
0 -180 0 180 0 0 0 180 3.80164e-14 104.288 0 -0 0 0 0 180 0 -180
0 180 0 0 0 -0 0 -180 1.20994e-12 90.3059 0 -180 0 -0 0 -0 0 180
0 -180 0 180 0 0 0 0 6.99866e-14 -80.3052 0 180 0 0 0 -0 0 -180
0 180 0 -0 0 -0 0 180 1.19717e-12 90.42 0 -180 0 -0 0 -0 0 180
0 -180 0 0 0 -180 0 -180 0.185735 0.411691 0 -180 0 -180 0 0 0 -180
0 180 0 -0 0 180 0 180 1.1859 0.855862 0 180 0 180 0 -0 0 180
inside=0 lambda=0.647 phi=0 theta=15
0 -180 0 -180 0 -180 0 0 0.185735 0.411691 0 0 0 -180 0 -180 0 -180
0 180 0 180 0 180 0 -0 1.1859 0.855862 0 -0 0 180 0 180 0 180
0 -180 0 180 0 0 0 180 3.80164e-14 104.288 0 -0 0 0 0 180 0 -180
0 180 0 0 0 -0 0 -180 1.20994e-12 90.3059 0 -180 0 -0 0 -0 0 180
0 -180 0 180 0 0 0 0 6.99866e-14 -80.3052 0 180 0 0 0 -0 0 -180
0 180 0 -0 0 -0 0 180 1.19717e-12 90.42 0 -180 0 -0 0 -0 0 180
0 -180 0 0 0 -180 0 -180 0.185735 0.411691 0 -180 0 -180 0 0 0 -180
0 180 0 -0 0 180 0 180 1.1859 0.855862 0 180 0 180 0 -0 0 180
inside=0 lambda=0.647 phi=0 theta=30
0 -180 0 -180 0 -180 0 0 0.185735 0.411691 0 0 0 -180 0 -180 0 -180
0 180 0 180 0 180 0 -0 1.1859 0.855862 0 -0 0 180 0 180 0 180
0 -180 0 180 0 0 0 180 3.80164e-14 104.288 0 -0 0 0 0 180 0 -180
0 180 0 0 0 -0 0 -180 1.20994e-12 90.3059 0 -180 0 -0 0 -0 0 180
0 -180 0 180 0 0 0 0 6.99866e-14 -80.3052 0 180 0 0 0 -0 0 -180
0 180 0 -0 0 -0 0 180 1.19717e-12 90.42 0 -180 0 -0 0 -0 0 180
0 -180 0 0 0 -180 0 -180 0.185735 0.411691 0 -180 0 -180 0 0 0 -180
0 180 0 -0 0 180 0 180 1.1859 0.855862 0 180 0 180 0 -0 0 180
inside=0 lambda=0.647 phi=0 theta=45
0 -180 0 -180 0 -180 0 0 0.185735 0.411691 0 0 0 -180 0 -180 0 -180
0 180 0 180 0 180 0 -0 1.1859 0.855862 0 -0 0 180 0 180 0 180
0 -180 0 180 0 0 0 180 3.80164e-14 104.288 0 -0 0 0 0 180 0 -180
0 180 0 0 0 -0 0 -180 1.20994e-12 90.3059 0 -180 0 -0 0 -0 0 180
0 -180 0 180 0 0 0 0 6.99866e-14 -80.3052 0 180 0 0 0 -0 0 -180
0 180 0 -0 0 -0 0 180 1.19717e-12 90.42 0 -180 0 -0 0 -0 0 180
0 -180 0 0 0 -180 0 -180 0.185735 0.411691 0 -180 0 -180 0 0 0 -180
0 180 0 -0 0 180 0 180 1.1859 0.855862 0 180 0 180 0 -0 0 180
inside=0 lambda=0.647 phi=5 theta=0
0 -180 0 -180 0 -180 0 0 0.183693 0.241874 0 0 0 -180 0 -180 0 -180
0 180 0 180 0 180 0 -0 1.18381 -1.94839 0 -0 0 180 0 180 0 180
0 -180 0 -0 0 0 0 180 6.30832e-14 37.1906 0 180 0 0 0 180 0 -180
0 180 0 0 0 -0 0 -180 1.30155e-12 86.9088 0 180 0 -0 0 -180 0 180
0 -180 0 -180 0 0 0 0 8.87142e-14 148.891 0 180 0 0 0 0 0 -180
0 180 0 180 0 -0 0 0 1.41231e-12 90.2851 0 180 0 -0 0 -0 0 180
0 -180 0 0 0 -180 0 -180 0.187845 0.216628 0 -180 0 -180 0 0 0 -180
0 180 0 -0 0 180 0 180 1.18798 -1.98081 0 180 0 180 0 -0 0 180
inside=0 lambda=0.647 phi=5 theta=15
0 -180 0 -180 0 -180 0 0 0.183971 0.240149 0 0 0 -180 0 -180 0 -180
0 180 0 180 0 180 0 -0 1.18409 -1.95057 0 -0 0 180 0 180 0 180
0 -180 0 -0 0 0 0 -180 0.00103803 179.191 0 0 0 0 0 180 0 -180
0 180 0 0 0 -0 0 180 0.00105662 168.316 0 -0 0 -0 0 -180 0 180
0 -180 0 -180 0 0 0 -0 0.00103803 179.19 0 180 0 0 0 0 0 -180
0 180 0 180 0 -0 0 0 0.00105658 168.323 0 -180 0 -0 0 -0 0 180
0 -180 0 0 0 -180 0 -180 0.187567 0.218285 0 -180 0 -180 0 0 0 -180
0 180 0 -0 0 180 0 180 1.1877 -1.97865 0 180 0 180 0 -0 0 180
inside=0 lambda=0.647 phi=5 theta=30
0 -180 0 -180 0 -180 0 0 0.184731 0.23546 0 0 0 -180 0 -180 0 -180
0 180 0 180 0 180 0 -0 1.18485 -1.95652 0 -0 0 180 0 180 0 180
0 -180 0 -0 0 0 0 -180 0.00179792 179.191 0 0 0 0 0 180 0 -180
0 180 0 0 0 -0 0 180 0.0018301 168.318 0 -0 0 -0 0 -180 0 180
0 -180 0 -180 0 0 0 -0 0.00179792 179.19 0 180 0 0 0 0 0 -180
0 180 0 180 0 -0 0 0 0.00183006 168.321 0 -180 0 -0 0 -0 0 180
0 -180 0 0 0 -180 0 -180 0.186807 0.222838 0 -180 0 -180 0 0 0 -180
0 180 0 -0 0 180 0 180 1.18694 -1.97273 0 180 0 180 0 -0 0 180
inside=0 lambda=0.647 phi=5 theta=45
0 -180 0 -180 0 -180 0 0 0.185769 0.229115 0 0 0 -180 0 -180 0 -180
0 180 0 180 0 180 0 -0 1.18589 -1.96464 0 -0 0 180 0 180 0 180
0 -180 0 -0 0 0 0 -180 0.00207606 179.19 0 0 0 0 0 180 0 -180
0 180 0 0 0 -0 0 180 0.0021132 168.319 0 -0 0 -0 0 -180 0 180
0 -180 0 -180 0 0 0 -0 0.00207606 179.19 0 180 0 0 0 0 0 -180
0 180 0 180 0 -0 0 0 0.0021132 168.319 0 -180 0 -0 0 -0 0 180
0 -180 0 0 0 -180 0 -180 0.185769 0.229115 0 -180 0 -180 0 0 0 -180
0 180 0 -0 0 180 0 180 1.18589 -1.96464 0 180 0 180 0 -0 0 180
inside=0 lambda=0.647 phi=10 theta=0
0 180 0 -180 0 -180 0 0 0.177032 -0.230441 0 0 0 180 0 -180 0 -180
0 180 0 180 0 180 0 -0 1.17735 -10.4106 0 -0 0 180 0 180 0 180
0 180 0 -0 0 0 0 180 1.37606e-14 26.2038 0 180 0 -0 0 180 0 -180
0 180 0 0 0 -0 0 -180 4.5079e-13 77.9435 0 -180 0 -0 0 -180 0 180
0 -180 0 -180 0 0 0 180 7.63062e-15 25.2005 0 -0 0 0 0 0 0 -180
0 180 0 180 0 -0 0 -180 6.53086e-13 76.7665 0 -180 0 -0 0 -0 0 180
0 -180 0 0 0 -180 0 -180 0.194025 -0.374785 0 -180 0 -180 0 0 0 -180
0 180 0 -0 0 180 0 180 1.19452 -10.5386 0 180 0 180 0 -0 0 180
inside=0 lambda=0.647 phi=10 theta=15
0 180 0 -180 0 -180 0 0 0.17817 -0.240952 0 0 0 180 0 -180 0 -180
0 180 0 180 0 180 0 -0 1.1785 -10.4193 0 -0 0 180 0 180 0 180
0 180 0 -0 0 0 0 -180 0.00425016 178.224 0 0 0 -0 0 180 0 -180
0 180 0 0 0 -0 0 180 0.00435216 160.168 0 -0 0 -0 0 -180 0 180
0 -180 0 -180 0 0 0 -0 0.00425015 178.222 0 180 0 0 0 0 0 -180
0 180 0 180 0 -0 0 0 0.00435149 160.195 0 -180 0 -0 0 -0 0 180
0 -180 0 0 0 -180 0 -180 0.192887 -0.365886 0 -180 0 -180 0 0 0 -180
0 180 0 -0 0 180 0 180 1.19337 -10.5301 0 180 0 180 0 -0 0 180
inside=0 lambda=0.647 phi=10 theta=30
0 180 0 -180 0 -180 0 0 0.18128 -0.269004 0 0 0 180 0 -180 0 -180
0 180 0 180 0 180 0 -0 1.18164 -10.443 0 -0 0 180 0 180 0 180
0 -180 0 -0 0 0 0 -180 0.0073615 178.224 0 0 0 -0 0 180 0 -180
0 180 0 0 0 -0 0 180 0.00753789 160.174 0 -0 0 -0 0 -180 0 180
0 -180 0 -180 0 0 0 -0 0.00736149 178.222 0 180 0 0 0 0 0 -180
0 180 0 180 0 -0 0 0 0.00753722 160.19 0 -180 0 -0 0 -0 0 180
0 -180 0 0 0 180 0 -180 0.189777 -0.341051 0 -180 0 -180 0 0 0 -180
0 180 0 -0 0 180 0 180 1.19023 -10.507 0 180 0 180 0 -0 0 180
inside=0 lambda=0.647 phi=10 theta=45
0 180 0 -180 0 -180 0 0 0.185529 -0.30583 0 0 0 180 0 -180 0 -180
0 180 0 180 0 180 0 -0 1.18593 -10.4751 0 -0 0 180 0 180 0 180
0 -180 0 -0 0 0 0 -180 0.00850033 178.223 0 0 0 0 0 180 0 -180
0 180 0 0 0 -0 0 180 0.00870361 160.182 0 -0 0 -0 0 -180 0 180
0 -180 0 -180 0 0 0 -0 0.00850033 178.223 0 180 0 0 0 0 0 -180
0 180 0 180 0 -0 0 0 0.00870361 160.182 0 -180 0 -0 0 -0 0 180
0 180 0 0 0 180 0 -180 0.185529 -0.30583 0 -180 0 -180 0 0 0 -180
0 180 0 -0 0 180 0 180 1.18593 -10.4751 0 180 0 180 0 -0 0 180
inside=0 lambda=0.647 phi=15 theta=0
0 180 0 -180 0 -180 0 -0 0.164376 -0.791754 0 0 0 180 0 -180 0 -180
0 180 0 180 0 180 0 -0 1.16576 -24.6955 0 -0 0 180 0 180 0 180
0 180 0 -0 0 0 0 180 2.07984e-13 -118.646 0 180 0 -0 0 180 0 -180
0 180 0 0 0 -0 0 -180 3.16156e-12 -115.127 0 -0 0 -0 0 -180 0 180
0 -180 0 -180 0 0 0 180 2.00179e-13 -118.157 0 180 0 0 0 0 0 -180
0 180 0 180 0 -0 0 -0 3.36031e-12 -114.819 0 0 0 -0 0 -0 0 180
0 -180 0 0 0 -180 0 -180 0.203754 -1.27531 0 -180 0 -180 0 0 0 -180
0 180 0 -0 0 180 0 180 1.20665 -24.9799 0 180 0 180 0 -0 0 180
inside=0 lambda=0.647 phi=15 theta=15
0 180 0 -180 0 -180 0 0 0.167014 -0.831204 0 0 0 180 0 -180 0 -180
0 180 0 180 0 180 0 -0 1.1685 -24.7154 0 -0 0 180 0 180 0 180
0 180 0 -0 0 0 0 -180 0.00985698 176.823 0 0 0 -0 0 180 0 -180
0 180 0 0 0 -0 0 180 0.010345 146.345 0 -0 0 -0 0 -180 0 180
0 -180 0 -180 0 0 0 -180 0.00985669 176.816 0 180 0 0 0 0 0 -180
0 180 0 180 0 -0 0 0 0.0103416 146.409 0 -180 0 -0 0 -0 0 180
0 -180 0 0 0 -180 0 -180 0.201117 -1.24869 0 -180 0 -180 0 0 0 -180
0 180 0 -0 0 180 0 180 1.20391 -24.9616 0 180 0 180 0 -0 0 180
inside=0 lambda=0.647 phi=15 theta=30
0 180 0 -180 0 -180 0 0 0.174221 -0.932875 0 0 0 180 0 -180 0 -180
0 180 0 180 0 180 0 -0 1.17598 -24.7689 0 -0 0 180 0 180 0 180
0 180 0 -0 0 0 0 -180 0.0170729 176.822 0 0 0 -0 0 180 0 -180
0 180 0 0 0 -0 0 180 0.0179165 146.362 0 -0 0 -0 0 -180 0 180
0 -180 0 -180 0 -0 0 -0 0.0170726 176.818 0 180 0 0 0 0 0 -180
0 180 0 180 0 -0 0 0 0.0179132 146.398 0 -180 0 -0 0 -0 0 180
0 180 0 0 0 180 0 -180 0.19391 -1.17244 0 -180 0 -180 0 0 0 -180
0 180 0 -0 0 180 0 180 1.19642 -24.9111 0 180 0 180 0 -0 0 180
inside=0 lambda=0.647 phi=15 theta=45
0 180 0 -180 0 -180 0 0 0.184066 -1.05895 0 0 0 180 0 -180 0 -180
0 180 0 180 0 180 0 -0 1.1862 -24.8407 0 -0 0 180 0 180 0 180
0 180 0 -0 0 0 0 -180 0.019714 176.82 0 0 0 -0 0 180 0 -180
0 180 0 0 0 -0 0 180 0.0206861 146.381 0 -0 0 -0 0 -180 0 180
0 180 0 -180 0 -0 0 -0 0.019714 176.82 0 180 0 0 0 0 0 -180
0 180 0 180 0 -0 0 0 0.0206861 146.381 0 -180 0 -0 0 -0 0 180
0 180 0 0 0 180 0 -180 0.184066 -1.05895 0 -180 0 -180 0 0 0 -180
0 180 0 -0 0 180 0 180 1.1862 -24.8407 0 180 0 180 0 -0 0 180
inside=0 lambda=0.647 phi=20 theta=0
0 180 0 180 0 -180 0 -0 0.144513 -0.861445 0 0 0 180 0 180 0 -180
0 180 0 180 0 0 0 -0 1.14716 -45.1333 0 -180 0 180 0 180 0 0
0 180 0 -0 0 0 0 180 2.43286e-13 -159.207 0 180 0 -0 0 180 0 -180
0 180 0 0 0 -180 0 -0 1.06584e-12 -124.202 0 0 0 -0 0 -180 0 0
0 -180 0 -180 0 0 0 180 2.48934e-13 -71.6861 0 -180 0 0 0 0 0 -180
0 180 0 180 0 -0 0 -0 1.2389e-12 -109.163 0 180 0 -0 0 -0 0 180
0 -180 0 0 0 -180 0 -180 0.21647 -1.97977 0 -180 0 -180 0 0 0 -180
0 180 0 -0 0 180 0 180 1.22664 -45.6549 0 180 0 180 0 -0 0 180
inside=0 lambda=0.647 phi=20 theta=15
0 180 0 -180 0 -180 0 -0 0.149332 -0.970172 0 0 0 180 0 180 0 -180
0 180 0 180 0 0 0 -0 1.15248 -45.1711 0 -180 0 180 0 180 0 0
0 180 0 -0 0 0 0 -180 0.0180334 175.893 0 0 0 -0 0 180 0 -180
0 180 0 0 0 -180 0 180 0.0200839 126.197 0 -180 0 -0 0 -180 0 0
0 -180 0 -180 0 0 0 -180 0.0180311 175.881 0 180 0 0 0 0 0 -180
0 180 0 180 0 -0 0 0 0.0200732 126.317 0 -180 0 -0 0 -0 0 180
0 -180 0 0 0 180 0 -180 0.211652 -1.92828 0 -180 0 -180 0 0 0 -180
0 180 0 -0 0 180 0 180 1.22131 -45.6226 0 180 0 180 0 -0 0 180
inside=0 lambda=0.647 phi=20 theta=30
0 180 0 -180 0 -180 0 -0 0.162501 -1.23383 0 0 0 180 0 180 0 -180
0 180 0 180 0 0 0 -0 1.16701 -45.2722 0 -180 0 180 0 180 0 0
0 180 0 -0 0 0 0 -180 0.0312354 175.891 0 0 0 -0 0 180 0 -180
0 180 0 0 0 -180 0 180 0.0347804 126.233 0 -180 0 -0 0 -180 0 0
0 180 0 -180 0 -0 0 -180 0.0312332 175.885 0 180 0 0 0 0 0 -180
0 180 0 180 0 -0 0 0 0.0347699 126.301 0 -180 0 -0 0 -0 0 180
0 180 0 0 0 180 0 -180 0.198485 -1.77538 0 -180 0 -180 0 0 0 -180
0 180 0 -0 0 180 0 180 1.20676 -45.5326 0 180 0 180 0 -0 0 180
inside=0 lambda=0.647 phi=20 theta=45
0 180 0 -180 0 -180 0 -0 0.180493 -1.53141 0 0 0 180 0 -180 0 -180
0 180 0 180 0 0 0 -0 1.18688 -45.4052 0 -180 0 180 0 180 0 0
0 180 0 -0 0 0 0 -180 0.0360671 175.889 0 0 0 -0 0 180 0 -180
0 180 0 0 0 -0 0 180 0.0401538 126.271 0 -0 0 -0 0 -180 0 0
0 180 0 -180 0 -0 0 -0 0.0360671 175.889 0 180 0 0 0 0 0 -180
0 180 0 180 0 -0 0 0 0.0401538 126.271 0 -180 0 -0 0 -0 0 0
0 180 0 -0 0 180 0 -180 0.180493 -1.53141 0 -180 0 -180 0 0 0 -180
0 180 0 -0 0 180 0 180 1.18688 -45.4052 0 180 0 0 0 -180 0 0
inside=0 lambda=0.647 phi=25 theta=0
0 180 0 180 0 -180 0 -0 0.117467 -0.0218166 0 0 0 180 0 180 0 -180
0 180 0 180 0 0 0 -0 1.11763 -72.3131 0 -180 0 180 0 180 0 0
0 180 0 -0 0 0 0 180 1.00246e-13 162.831 0 180 0 -0 0 180 0 -180
0 180 0 0 0 -180 0 180 6.97558e-13 -161.733 0 -180 0 -0 0 -180 0 0
0 -180 0 -180 0 0 0 180 9.09755e-14 -169.708 0 180 0 0 0 0 0 -180
0 0 0 0 0 -0 0 -180 8.46084e-13 -157.909 0 180 0 -180 0 -180 0 180
0 -180 0 0 0 -180 0 -180 0.234568 -1.22898 0 -180 0 -180 0 0 0 -180
0 0 0 -180 0 180 0 0 1.25817 -73.2703 0 180 0 0 0 -180 0 180
inside=0 lambda=0.647 phi=25 theta=15
0 180 0 180 0 -180 0 -0 0.12531 -0.176299 0 0 0 180 0 180 0 -180
0 180 0 180 0 0 0 -0 1.12703 -72.3872 0 -180 0 180 0 180 0 0
0 180 0 -0 0 0 0 -180 0.0293514 177.64 0 0 0 -0 0 180 0 -180
0 180 0 0 0 -180 0 180 0.0355432 98.4538 0 -180 0 -0 0 -180 0 0
0 -180 0 -180 0 -0 0 -180 0.0293422 177.628 0 180 0 0 0 0 0 -180
0 180 0 180 0 -0 0 0 0.0355104 98.6471 0 -180 0 -180 0 -180 0 0
0 180 0 0 0 180 0 -180 0.226739 -1.18778 0 -180 0 -180 0 0 0 -180
0 180 0 -0 0 180 0 0 1.24874 -73.2149 0 180 0 0 0 -180 0 0
inside=0 lambda=0.647 phi=25 theta=30
0 180 0 -180 0 -180 0 -0 0.146747 -0.510016 0 0 0 180 0 180 0 -180
0 180 0 180 0 0 0 -0 1.15272 -72.5812 0 -180 0 180 0 180 0 0
0 180 0 -0 0 0 0 -180 0.0508428 177.638 0 0 0 -0 0 180 0 -180
0 180 0 0 0 -180 0 180 0.061539 98.5234 0 -180 0 -0 0 -180 0 0
0 180 0 -180 0 -0 0 -180 0.0508341 177.631 0 180 0 0 0 0 0 -180
0 180 0 180 0 -0 0 0 0.0615092 98.6312 0 -180 0 -180 0 -180 0 0
0 180 0 -0 0 180 0 -180 0.205324 -1.05865 0 -180 0 -180 0 0 0 -180
0 180 0 -0 0 180 0 0 1.22298 -73.0577 0 180 0 0 0 -180 0 0
inside=0 lambda=0.647 phi=25 theta=45
0 180 0 -180 0 -180 0 -0 0.176041 -0.830764 0 0 0 180 0 180 0 -180
0 180 0 180 0 0 0 -0 1.18784 -72.8284 0 -180 0 180 0 180 0 0
0 180 0 -180 0 0 0 -180 0.0587073 177.635 0 0 0 -0 0 180 0 -180
0 180 0 0 0 -180 0 180 0.0710366 98.5899 0 -180 0 -0 0 -180 0 0
0 180 0 -180 0 -0 0 -180 0.0587073 177.635 0 180 0 0 0 0 0 -180
0 180 0 180 0 -0 0 0 0.0710366 98.5899 0 -180 0 -180 0 -180 0 0
0 180 0 -0 0 180 0 -180 0.176041 -0.830764 0 180 0 -180 0 0 0 -180
0 180 0 -0 0 180 0 180 1.18784 -72.8284 0 180 0 0 0 -180 0 0
inside=0 lambda=0.647 phi=30 theta=0
0 180 0 180 0 -180 0.0073612 -108.308 0.0781712 -1.50993 0 0 0 180 0 180 0 -180
0 180 0 180 0 -0 0 -0 1.07016 -107.347 0 -180 0 180 0 180 0 -0
0 180 0 -0 0 0 1.78372e-13 143.705 4.09446e-13 148.182 0 -0 0 -0 0 180 0 -180
0 180 0 -0 0 -180 0 -180 3.02168e-12 165.551 0 -0 0 -0 0 180 0 0
0 -180 0 -180 0 0 4.7054e-14 48.2916 6.48869e-13 150.912 0 180 0 0 0 0 0 -180
0 0 0 0 0 -180 0 0 3.49422e-12 160.796 0 180 0 -180 0 -180 0 0
0 -180 0 0 0 -180 0.0259641 -130.571 0.272976 1.73644 0 -180 0 -180 0 0 0 -180
0 0 0 -180 0 0 0 0 1.30515 -109.21 0 0 0 0 0 -180 0 0
inside=0 lambda=0.647 phi=30 theta=15
0 180 0 180 0 -180 0 -0 0.0912498 -0.936085 0 0 0 180 0 180 0 -180
0 180 0 180 0 0 0 -0 1.08598 -107.508 0 -180 0 180 0 180 0 -0
0 180 0 -0 0 0 0 -180 0.0488345 -176.877 0 0 0 -0 0 180 0 -180
0 180 0 -0 0 -180 0 0 0.0596985 61.5834 0 -180 0 -0 0 180 0 0
0 -180 0 -180 0 -0 0 -180 0.0488167 -176.885 0 180 0 0 0 0 0 -180
0 0 0 0 0 -180 0 -0 0.0595556 61.8836 0 180 0 -180 0 -180 0 0
0 180 0 0 0 180 0 -180 0.259992 1.67612 0 -180 0 -180 0 0 0 -180
0 0 0 -180 0 0 0 0 1.28944 -109.114 0 0 0 0 0 -180 0 0
inside=0 lambda=0.647 phi=30 theta=30
0 180 0 180 0 -180 0 -0 0.126854 0.162534 0 0 0 180 0 180 0 -180
0 180 0 180 0 0 0 -0 1.12887 -107.913 0 -180 0 180 0 180 0 0
0 180 0 -0 0 0 0 180 0.0846208 -176.888 0 0 0 -0 0 180 0 -180
0 180 0 -0 0 -180 0 0 0.103273 61.7249 0 -180 0 -0 0 180 0 0
0 180 0 180 0 -0 0 -180 0.0846062 -176.891 0 180 0 0 0 0 0 -180
0 0 0 0 0 -0 0 -0 0.103168 61.8852 0 180 0 -180 0 -180 0 0
0 180 0 -0 0 180 0 -180 0.224367 1.4365 0 180 0 -180 0 0 0 -180
0 180 0 -180 0 180 0 0 1.24632 -108.833 0 0 0 0 0 -180 0 0
inside=0 lambda=0.647 phi=30 theta=45
0 180 0 -180 0 -180 0 -0 0.175609 0.97036 0 0 0 180 0 180 0 -180
0 180 0 0 0 0 0 -0 1.18755 -108.402 0 -180 0 180 0 180 0 0
0 180 0 -180 0 0 0 180 0.0977168 -176.891 0 0 0 -0 0 180 0 -180
0 180 0 -0 0 -180 0 0 0.119167 61.8341 0 -180 0 -0 0 180 0 0
0 180 0 180 0 -0 0 -180 0.0977168 -176.891 0 180 0 0 0 0 0 -180
0 180 0 0 0 -0 0 -0 0.119167 61.8341 0 180 0 -180 0 -180 0 0
0 180 0 -0 0 180 0 -180 0.175609 0.97036 0 180 0 -180 0 0 0 -180
0 180 0 -0 0 180 0 0 1.18755 -108.402 0 180 0 0 0 -180 0 0
inside=0 lambda=0.647 phi=35 theta=0
0 180 0 180 0 -180 0.0245108 -106.912 0.0100302 -134.193 0 0 0 180 0 180 0 -180
0 180 0 180 0 -0 0 -180 0.987884 -152.84 0 180 0 180 0 180 0 -0
0 180 0 -0 0 0 1.19233e-13 -20.1556 4.92464e-14 -52.1811 0 180 0 -0 0 180 0 -180
0 0 0 -0 0 180 0 -180 1.10002e-12 113.75 0 -180 0 -180 0 180 0 -0
0 -180 0 -180 0 0 1.92041e-14 -140.622 1.77919e-13 152.287 0 -0 0 0 0 0 0 -180
0 0 0 0 0 -180 0 0 1.31329e-12 114.599 0 -0 0 -180 0 -180 0 0
0 -180 0 0 0 -180 0.0329302 -112.324 0.362808 2.3475 0 -180 0 -180 0 0 0 -180
0 0 0 -180 0 0 0 -0 1.3727 -156.071 0 0 0 0 0 -180 0 0
inside=0 lambda=0.647 phi=35 theta=15
0 180 0 180 0 -180 0.0181938 -111.699 0.0188338 -18.4131 0 0 0 180 0 180 0 -180
0 180 0 180 0 -0 0 -180 1.01372 -153.164 0 180 0 0 0 180 0 -0
0 180 0 -0 0 0 0.00134724 72.0596 0.092463 -176.379 0 0 0 -0 0 180 0 -180
0 0 0 -0 0 180 0 0 0.0981151 14.7912 0 180 0 -180 0 180 0 -0
0 180 0 -180 0 -0 0.00902073 -136.128 0.0924786 -176.424 0 180 0 0 0 0 0 -180
0 0 0 0 0 -180 0 -0 0.0976601 15.2185 0 180 0 180 0 180 0 -0
0 180 0 -0 0 180 0.0288675 -120.643 0.338038 2.27663 0 -180 0 -180 0 0 0 -180
0 0 0 -180 0 0 0 -0 1.34691 -155.934 0 0 0 -0 0 180 0 -0
inside=0 lambda=0.647 phi=35 theta=30
0 180 0 180 0 -180 0 -0 0.0855495 -1.53679 0 0 0 180 0 180 0 -180
0 0 0 0 0 -0 0 -180 1.08423 -153.946 0 180 0 0 0 0 0 -0
0 180 0 -180 0 0 0 180 0.160335 -176.331 0 0 0 -0 0 180 0 -180
0 0 0 -0 0 180 0 0 0.169452 14.971 0 180 0 -180 0 180 0 -0
0 180 0 180 0 -0 0 -180 0.160323 -176.346 0 180 0 0 0 0 0 -180
0 0 0 0 0 -180 0 -0 0.169074 15.2368 0 180 0 180 0 180 0 -0
0 180 0 -0 0 180 0 -180 0.270376 1.96682 0 180 0 -180 0 0 0 -180
0 0 0 -180 0 0 0 0 1.27652 -155.512 0 0 0 -0 0 180 0 -0
inside=0 lambda=0.647 phi=35 theta=45
0 180 0 180 0 -180 0 -0 0.177869 1.10614 0 0 0 180 0 180 0 -180
0 0 0 0 0 -0 0 -180 1.18025 -154.813 0 180 0 0 0 0 0 -0
0 180 0 -180 0 0 0 180 0.185179 -176.342 0 0 0 -0 0 180 0 -180
0 0 0 -0 0 180 0 0 0.195365 15.1651 0 180 0 -180 0 180 0 -0
0 180 0 180 0 -0 0 -180 0.185179 -176.342 0 180 0 0 0 0 0 -180
0 0 0 0 0 -180 0 -0 0.195365 15.1651 0 180 0 180 0 180 0 -0
0 180 0 -0 0 180 0 180 0.177869 1.10614 0 180 0 -180 0 0 0 -180
0 0 0 -180 0 0 0 0 1.18025 -154.813 0 0 0 -0 0 180 0 -0
inside=0 lambda=0.647 phi=40 theta=0
0 180 0 180 0 -180 0.0551003 -109.227 0.164415 156.737 0 0 0 180 0 180 0 -180
0 0 0 0 0 -180 0 -180 0.804319 144.455 0 0 0 0 0 0 0 -180
0 180 0 -0 0 0 4.57997e-14 -47.317 2.86007e-13 167.521 0 -180 0 -0 0 180 0 -180
0 0 0 -180 0 0 0 180 5.80961e-13 57.0538 0 180 0 -180 0 0 0 -180
0 -180 0 -180 0 0 4.34974e-12 63.4024 1.23218e-12 -134.408 0 0 0 0 0 0 0 -180
0 -0 0 -0 0 180 0 0 1.73059e-12 47.7651 0 0 0 180 0 180 0 -0
0 -180 0 0 0 -180 0.0444895 -103.173 0.490644 -4.32922 0 -180 0 -180 0 0 0 -180
0 -0 0 180 0 -0 0 -0 1.5517 139.561 0 -0 0 -0 0 180 0 -0
inside=0 lambda=0.647 phi=40 theta=15
0 180 0 180 0 -180 0.0406881 -116.226 0.122526 152.514 0 0 0 180 0 180 0 -180
0 0 0 0 0 -180 0 -180 0.854627 143.681 0 0 0 0 0 0 0 -180
0 180 0 -180 0 0 0.00678469 55.7746 0.162299 171.532 0 0 0 -0 0 180 0 -180
0 0 0 -180 0 0 0 0 0.189081 -46.951 0 0 0 -180 0 0 0 -180
0 180 0 180 0 -0 0.0173461 -133.958 0.162278 171.404 0 180 0 0 0 0 0 -180
0 -0 0 -0 0 180 0 -180 0.188297 -46.1187 0 0 0 180 0 180 0 -0
0 180 0 -0 0 180 0.0354591 -111.18 0.447666 -3.7911 0 180 0 -180 0 0 0 -180
0 -0 0 180 0 -0 0 -0 1.50146 139.613 0 -0 0 -0 0 180 0 -0
inside=0 lambda=0.647 phi=40 theta=30
0 180 0 180 0 -180 0.012481 -131.643 0.0377148 77.6639 0 0 0 180 0 180 0 -180
0 0 0 0 0 -180 0 -180 0.991456 142.161 0 0 0 0 0 0 0 -180
0 180 0 -180 0 0 0.00164269 25.0562 0.281827 171.735 0 0 0 -0 0 180 0 -180
0 0 0 -180 0 0 0 0 0.326499 -46.6341 0 0 0 -180 0 0 0 -180
0 180 0 180 0 -0 0.0148017 -154.093 0.281711 171.675 0 180 0 0 0 0 0 -180
0 0 0 -0 0 -180 0 -180 0.325666 -46.2175 0 0 0 0 0 180 0 -180
0 180 0 -0 0 180 0.0227344 -140.425 0.32951 -1.96964 0 180 0 -180 0 0 0 -180
0 0 0 -180 0 0 0 -0 1.36455 139.985 0 0 0 -180 0 0 0 -180
inside=0 lambda=0.647 phi=40 theta=45
0 180 0 180 0 -180 0 -0 0.168844 4.27562 0 0 0 180 0 180 0 -180
0 0 0 0 0 -180 0 -180 1.17785 140.825 0 0 0 0 0 0 0 -180
0 180 0 -180 0 0 0 180 0.325809 171.74 0 0 0 -0 0 180 0 -180
0 0 0 -180 0 0 0 0 0.376169 -46.3485 0 0 0 -180 0 0 0 -180
0 180 0 180 0 -0 0 -180 0.325809 171.74 0 180 0 0 0 0 0 -180
0 0 0 0 0 -180 0 -180 0.376169 -46.3485 0 0 0 0 0 0 0 -180
0 180 0 -0 0 180 0 180 0.168844 4.27562 0 180 0 -180 0 0 0 -180
0 0 0 -180 0 0 0 0 1.17785 140.825 0 0 0 -180 0 0 0 -180
inside=0 lambda=0.647 phi=45 theta=0
0 0 0 0 0 -180 0.166456 -152.536 0.984423 147.801 0 0 0 0 0 0 0 -180
0 -180 0 -180 0 0 0 0 0 0 0 -180 0 -180 0 -180 0 0
0 0 0 -180 0 0 2.16433e-13 116.639 1.54177e-13 -75.7845 0 -0 0 -180 0 0 0 -180
0 -180 0 0 0 -180 0 0 0 -180 0 0 0 0 0 -180 0 0
0 180 0 180 0 -0 4.7614e-12 -60.9554 3.17529e-12 145.952 0 180 0 -0 0 -0 0 180
0 180 0 180 0 -0 0 180 0 0 0 0 0 -0 0 -0 0 180
0 180 0 -0 0 180 0.0684214 -128.301 0.9979 -20.6232 0 180 0 180 0 -0 0 180
0 180 0 -0 0 180 0 180 0 -0 0 180 0 180 0 -0 0 180
inside=0 lambda=0.647 phi=45 theta=15
0 0 0 0 0 -180 0.106505 -161.222 0.859515 146.239 0 0 0 0 0 0 0 -180
0 -180 0 -180 0 0 0 0 0 0 0 -180 0 -180 0 -180 0 0
0 0 0 -180 0 0 0.0395679 14.9845 0.495719 153.411 0 0 0 -180 0 0 0 -180
0 -180 0 0 0 -180 0 -180 0 180 0 -180 0 0 0 -180 0 0
0 180 0 180 0 -0 0.0404101 -168.045 0.495237 153.321 0 0 0 0 0 0 0 -180
0 -180 0 -180 0 0 0 180 0 180 0 -180 0 -0 0 -0 0 180
0 180 0 -0 0 180 0.0435241 -127.873 0.866636 -19.8778 0 180 0 -180 0 0 0 -180
0 -180 0 0 0 -180 0 -180 0 -0 0 -180 0 180 0 -0 0 180
inside=0 lambda=0.647 phi=45 theta=30
0 0 0 0 0 -180 0.0317484 -171.216 0.506555 140.379 0 0 0 0 0 0 0 -180
0 -180 0 -180 0 0 0 0 0 0 0 -180 0 -180 0 -180 0 0
0 0 0 -180 0 0 0.0287475 -6.74213 0.860597 152.893 0 0 0 -180 0 0 0 -180
0 -180 0 0 0 -180 0 -180 0 180 0 -180 0 0 0 -180 0 0
0 180 0 180 0 -0 0.0299783 175.043 0.859941 152.863 0 0 0 0 0 0 0 -180
0 -180 0 -180 0 0 0 180 0 180 0 -180 0 -0 0 -0 0 0
0 0 0 -0 0 180 0.0178644 -124.641 0.508162 -14.8383 0 180 0 -180 0 0 0 -180
0 -180 0 0 0 -180 0 -180 0 0 0 -180 0 180 0 -0 0 0
inside=0 lambda=0.647 phi=45 theta=45
0 0 0 0 0 -180 0 -0 0.110829 62.6989 0 0 0 0 0 180 0 -180
0 -180 0 -180 0 180 0 0 0 0 0 -180 0 -180 0 -180 0 0
0 0 0 -180 0 0 0 0 0.993839 152.699 0 0 0 -0 0 0 0 -180
0 -180 0 0 0 -0 0 -180 0 180 0 -0 0 0 0 -180 0 0
0 0 0 0 0 -0 0 -180 0.993839 152.699 0 0 0 0 0 0 0 -180
0 -180 0 -180 0 0 0 0 0 180 0 -180 0 -0 0 -0 0 0
0 0 0 -0 0 0 0 0 0.110829 62.6989 0 180 0 -180 0 0 0 -180
0 -180 0 0 0 -180 0 -180 0 0 0 -180 0 180 0 -180 0 0
inside=1 lambda=0.647 phi=0 theta=0
0 -180 0 -180 0 -180 0 0 0.185735 -178.7 0 0 0 -180 0 -180 0 -180
0 180 0 180 0 180 0 -0 0.814149 0.855862 0 -0 0 180 0 180 0 180
0 -180 0 -0 0 0 0 180 3.14639e-13 96.2808 0 -0 0 0 0 -0 0 -180
0 180 0 180 0 -0 0 -0 8.11214e-13 -90.2338 0 0 0 -0 0 180 0 180
0 -180 0 -0 0 0 0 -0 3.87359e-13 89.581 0 -0 0 0 0 180 0 -180
0 180 0 0 0 -0 0 -0 8.21172e-13 -89.2176 0 0 0 -0 0 -180 0 180
0 -180 0 0 0 -180 0 -180 0.185735 -178.7 0 -180 0 -180 0 0 0 -180
0 180 0 -0 0 180 0 180 0.814149 0.855862 0 180 0 180 0 -0 0 180
inside=1 lambda=0.647 phi=0 theta=15
0 -180 0 -180 0 -180 0 0 0.185735 -178.7 0 0 0 -180 0 -180 0 -180
0 180 0 180 0 180 0 -0 0.814149 0.855862 0 -0 0 180 0 180 0 180
0 -180 0 -0 0 0 0 180 3.14639e-13 96.2808 0 -0 0 0 0 -0 0 -180
0 180 0 180 0 -0 0 -0 8.11214e-13 -90.2338 0 0 0 -0 0 180 0 180
0 -180 0 -0 0 0 0 -0 3.87359e-13 89.581 0 -0 0 0 0 180 0 -180
0 180 0 0 0 -0 0 -0 8.21172e-13 -89.2176 0 0 0 -0 0 -180 0 180
0 -180 0 0 0 -180 0 -180 0.185735 -178.7 0 -180 0 -180 0 0 0 -180
0 180 0 -0 0 180 0 180 0.814149 0.855862 0 180 0 180 0 -0 0 180
inside=1 lambda=0.647 phi=0 theta=30
0 -180 0 -180 0 -180 0 0 0.185735 -178.7 0 0 0 -180 0 -180 0 -180
0 180 0 180 0 180 0 -0 0.814149 0.855862 0 -0 0 180 0 180 0 180
0 -180 0 -0 0 0 0 180 3.14639e-13 96.2808 0 -0 0 0 0 -0 0 -180
0 180 0 180 0 -0 0 -0 8.11214e-13 -90.2338 0 0 0 -0 0 180 0 180
0 -180 0 -0 0 0 0 -0 3.87359e-13 89.581 0 -0 0 0 0 180 0 -180
0 180 0 0 0 -0 0 -0 8.21172e-13 -89.2176 0 0 0 -0 0 -180 0 180
0 -180 0 0 0 -180 0 -180 0.185735 -178.7 0 -180 0 -180 0 0 0 -180
0 180 0 -0 0 180 0 180 0.814149 0.855862 0 180 0 180 0 -0 0 180
inside=1 lambda=0.647 phi=0 theta=45
0 -180 0 -180 0 -180 0 0 0.185735 -178.7 0 0 0 -180 0 -180 0 -180
0 180 0 180 0 180 0 -0 0.814149 0.855862 0 -0 0 180 0 180 0 180
0 -180 0 -0 0 0 0 180 3.14639e-13 96.2808 0 -0 0 0 0 -0 0 -180
0 180 0 180 0 -0 0 -0 8.11214e-13 -90.2338 0 0 0 -0 0 180 0 180
0 -180 0 -0 0 0 0 -0 3.87359e-13 89.581 0 -0 0 0 0 180 0 -180
0 180 0 0 0 -0 0 -0 8.21172e-13 -89.2176 0 0 0 -0 0 -180 0 180
0 -180 0 0 0 -180 0 -180 0.185735 -178.7 0 -180 0 -180 0 0 0 -180
0 180 0 -0 0 180 0 180 0.814149 0.855862 0 180 0 180 0 -0 0 180
inside=1 lambda=0.647 phi=5 theta=0
0 -180 0 -180 0 -180 0 0 0.184785 178.743 0 0 0 -180 0 -180 0 -180
0 180 0 180 0 180 0 -0 0.81512 -0.463061 0 -0 0 180 0 180 0 180
0 -180 0 -0 0 0 0 180 5.57585e-13 88.283 0 -0 0 0 0 180 0 -180
0 180 0 0 0 -0 0 -180 1.39138e-12 -89.6311 0 0 0 -0 0 -180 0 180
0 -180 0 -180 0 0 0 180 6.45392e-13 92.5866 0 -0 0 0 0 0 0 -180
0 180 0 180 0 -0 0 -0 1.44349e-12 -91.9821 0 180 0 -0 0 -0 0 180
0 -180 0 0 0 -180 0 -180 0.186731 178.723 0 -180 0 -180 0 0 0 -180
0 180 0 -0 0 180 0 180 0.813172 -0.478357 0 180 0 180 0 -0 0 180
inside=1 lambda=0.647 phi=5 theta=15
0 -180 0 -180 0 -180 0 0 0.184916 178.741 0 0 0 -180 0 -180 0 -180
0 180 0 180 0 180 0 -0 0.81499 -0.464083 0 -0 0 180 0 180 0 180
0 -180 0 -0 0 0 0 -180 0.000486642 -3.40821 0 0 0 0 0 180 0 -180
0 180 0 0 0 -0 0 180 0.000490579 6.28723 0 -0 0 -0 0 -180 0 180
0 -180 0 -180 0 0 0 -0 0.000486642 -3.40642 0 180 0 0 0 0 0 -180
0 180 0 180 0 -0 0 0 0.000490575 6.28562 0 -180 0 -0 0 -0 0 180
0 -180 0 0 0 -180 0 -180 0.186601 178.724 0 -180 0 -180 0 0 0 -180
0 180 0 -0 0 180 0 180 0.813302 -0.47733 0 180 0 180 0 -0 0 180
inside=1 lambda=0.647 phi=5 theta=30
0 -180 0 -180 0 -180 0 0 0.185272 178.738 0 0 0 -180 0 -180 0 -180
0 180 0 180 0 180 0 -0 0.814633 -0.466878 0 -0 0 180 0 180 0 180
0 -180 0 -0 0 0 0 -180 0.000842888 -3.40783 0 0 0 0 0 180 0 -180
0 180 0 0 0 -0 0 180 0.000849707 6.28689 0 -0 0 -0 0 -180 0 180
0 -180 0 -180 0 0 0 -0 0.000842888 -3.4068 0 180 0 0 0 0 0 -180
0 180 0 180 0 -0 0 0 0.000849702 6.28596 0 -180 0 -0 0 -0 0 180
0 -180 0 0 0 -180 0 -180 0.186245 178.728 0 -180 0 -180 0 0 0 -180
0 180 0 -0 0 180 0 180 0.813659 -0.474526 0 180 0 180 0 -0 0 180
inside=1 lambda=0.647 phi=5 theta=45
0 -180 0 -180 0 -180 0 0 0.185758 178.733 0 0 0 -180 0 -180 0 -180
0 180 0 180 0 180 0 -0 0.814146 -0.4707 0 -0 0 180 0 180 0 180
0 -180 0 -0 0 0 0 -180 0.000973283 -3.40732 0 0 0 0 0 180 0 -180
0 180 0 0 0 -0 0 180 0.000981154 6.28642 0 -0 0 -0 0 -180 0 180
0 -180 0 -180 0 0 0 -0 0.000973283 -3.40732 0 180 0 0 0 0 0 -180
0 180 0 180 0 -0 0 0 0.000981154 6.28642 0 -180 0 -0 0 -0 0 180
0 -180 0 0 0 -180 0 -180 0.185758 178.733 0 -180 0 -180 0 0 0 -180
0 180 0 -0 0 180 0 180 0.814146 -0.4707 0 180 0 180 0 -0 0 180
inside=1 lambda=0.647 phi=10 theta=0
0 -180 0 -180 0 -180 0 0 0.181831 171.085 0 0 0 -180 0 -180 0 -180
0 -180 0 180 0 180 0 -0 0.818082 -4.40898 0 -0 0 -180 0 180 0 180
0 -180 0 -0 0 0 0 180 2.68866e-14 66.9563 0 180 0 0 0 180 0 -180
0 180 0 0 0 -0 0 -180 9.4271e-14 -126.128 0 -0 0 -0 0 -180 0 180
0 -180 0 -180 0 0 0 -0 6.62666e-14 27.165 0 -0 0 0 0 0 0 -180
0 180 0 180 0 -0 0 -180 3.61958e-14 -29.7427 0 0 0 -0 0 -0 0 180
0 -180 0 0 0 -180 0 -180 0.189673 171.017 0 -180 0 -180 0 0 0 -180
0 180 0 -0 0 180 0 180 0.810217 -4.46953 0 180 0 180 0 -0 0 180
inside=1 lambda=0.647 phi=10 theta=15
0 -180 0 -180 0 -180 0 0 0.182357 171.08 0 0 0 -180 0 -180 0 -180
0 180 0 180 0 180 0 -0 0.817555 -4.413 0 -0 0 -180 0 180 0 180
0 -180 0 -0 0 0 0 -180 0.00196117 -10.8387 0 0 0 0 0 180 0 -180
0 180 0 0 0 -0 0 180 0.00197955 2.20372 0 -0 0 -0 0 -180 0 180
0 -180 0 -180 0 0 0 -0 0.00196117 -10.8314 0 180 0 0 0 0 0 -180
0 180 0 180 0 -0 0 0 0.00197947 2.19722 0 -180 0 -0 0 -0 0 180
0 -180 0 0 0 -180 0 -180 0.189147 171.021 0 -180 0 -180 0 0 0 -180
0 180 0 -0 0 180 0 180 0.810744 -4.46544 0 180 0 180 0 -0 0 180
inside=1 lambda=0.647 phi=10 theta=30
0 -180 0 -180 0 -180 0 0 0.183792 171.067 0 0 0 -180 0 -180 0 -180
0 180 0 180 0 180 0 -0 0.816115 -4.42401 0 -0 0 180 0 180 0 180
0 -180 0 -0 0 0 0 -180 0.00339684 -10.8372 0 0 0 0 0 180 0 -180
0 180 0 0 0 -0 0 180 0.00342865 2.20226 0 -0 0 -0 0 -180 0 180
0 -180 0 -180 0 0 0 -0 0.00339684 -10.8329 0 180 0 0 0 0 0 -180
0 180 0 180 0 -0 0 0 0.00342857 2.19852 0 -180 0 -0 0 -0 0 180
0 -180 0 0 0 -180 0 -180 0.187712 171.033 0 -180 0 -180 0 0 0 -180
0 180 0 -0 0 180 0 180 0.812183 -4.45428 0 180 0 180 0 -0 0 180
inside=1 lambda=0.647 phi=10 theta=45
0 -180 0 -180 0 -180 0 0 0.185752 171.05 0 0 0 -180 0 -180 0 -180
0 180 0 180 0 180 0 -0 0.814149 -4.43911 0 -0 0 180 0 180 0 180
0 -180 0 -0 0 0 0 -180 0.00392234 -10.835 0 0 0 0 0 180 0 -180
0 180 0 0 0 -0 0 180 0.00395902 2.20035 0 -0 0 -0 0 -180 0 180
0 -180 0 -180 0 0 0 -0 0.00392234 -10.835 0 180 0 0 0 0 0 -180
0 180 0 180 0 -0 0 0 0.00395902 2.20035 0 -180 0 -0 0 -0 0 180
0 -180 0 0 0 -180 0 -180 0.185752 171.05 0 -180 0 -180 0 0 0 -180
0 180 0 -0 0 180 0 180 0.814149 -4.43911 0 180 0 180 0 -0 0 180
inside=1 lambda=0.647 phi=15 theta=0
0 180 0 -180 0 -180 0 0 0.176584 158.359 0 0 0 180 0 -180 0 -180
0 -180 0 180 0 180 0 -0 0.823178 -10.9496 0 -0 0 -180 0 180 0 180
0 180 0 -0 0 0 0 180 2.14121e-13 66.646 0 -0 0 -0 0 180 0 -180
0 180 0 0 0 -0 0 -180 4.98844e-13 -101.22 0 0 0 -0 0 -180 0 180
0 -180 0 -180 0 0 0 -0 1.51328e-13 62.7315 0 0 0 0 0 0 0 -180
0 180 0 180 0 -0 0 180 4.21505e-13 -101.065 0 -0 0 -0 0 -0 0 180
0 -180 0 0 0 -180 0 -180 0.194409 158.245 0 -180 0 -180 0 0 0 -180
0 180 0 -0 0 180 0 180 0.805223 -11.0836 0 180 0 180 0 -0 0 180
inside=1 lambda=0.647 phi=15 theta=15
0 180 0 -180 0 -180 0 0 0.177778 158.35 0 0 0 180 0 -180 0 -180
0 -180 0 180 0 180 0 -0 0.821975 -10.9584 0 -0 0 -180 0 180 0 180
0 -180 0 -0 0 0 0 -180 0.00445818 -23.18 0 0 0 -0 0 180 0 -180
0 180 0 0 0 -0 0 180 0.00451746 -4.55361 0 -0 0 -0 0 -180 0 180
0 -180 0 -180 0 0 0 -0 0.00445812 -23.1627 0 180 0 0 0 0 0 -180
0 180 0 180 0 -0 0 0 0.00451707 -4.56844 0 -180 0 -0 0 -0 0 180
0 -180 0 0 0 -180 0 -180 0.193215 158.252 0 -180 0 -180 0 0 0 -180
0 180 0 -0 0 180 0 180 0.806426 -11.0744 0 180 0 180 0 -0 0 180
inside=1 lambda=0.647 phi=15 theta=30
0 180 0 -180 0 -180 0 0 0.18104 158.327 0 0 0 180 0 -180 0 -180
0 -180 0 180 0 180 0 -0 0.818688 -10.9826 0 -0 0 -180 0 180 0 180
0 -180 0 -0 0 0 0 -180 0.00772179 -23.1763 0 0 0 0 0 180 0 -180
0 180 0 0 0 -0 0 180 0.00782432 -4.55717 0 -0 0 -0 0 -180 0 180
0 -180 0 -180 0 0 0 -0 0.00772173 -23.1663 0 180 0 0 0 0 0 -180
0 180 0 180 0 -0 0 0 0.00782393 -4.56572 0 -180 0 -0 0 -0 0 180
0 -180 0 0 0 -180 0 -180 0.189953 158.271 0 -180 0 -180 0 0 0 -180
0 180 0 -0 0 180 0 180 0.809711 -11.0495 0 180 0 180 0 -0 0 180
inside=1 lambda=0.647 phi=15 theta=45
0 -180 0 -180 0 -180 0 0 0.185496 158.298 0 0 0 180 0 -180 0 -180
0 180 0 180 0 180 0 -0 0.8142 -11.0159 0 -0 0 180 0 180 0 180
0 -180 0 -0 0 0 0 -180 0.00891633 -23.1712 0 0 0 0 0 180 0 -180
0 180 0 0 0 -0 0 180 0.00903452 -4.56166 0 -0 0 -0 0 -180 0 180
0 -180 0 -180 0 0 0 -0 0.00891633 -23.1712 0 180 0 0 0 0 0 -180
0 180 0 180 0 -0 0 0 0.00903452 -4.56166 0 -180 0 -0 0 -0 0 180
0 -180 0 0 0 180 0 -180 0.185496 158.298 0 -180 0 -180 0 0 0 -180
0 180 0 -0 0 180 0 180 0.8142 -11.0159 0 180 0 180 0 -0 0 180
inside=1 lambda=0.647 phi=20 theta=0
0 180 0 -180 0 -180 0 0 0.16867 140.586 0 0 0 180 0 -180 0 -180
0 -180 0 180 0 180 0 -0 0.830634 -20.0315 0 -0 0 -180 0 180 0 180
0 180 0 -0 0 0 0 -0 5.58589e-13 -133.814 0 180 0 -0 0 180 0 -180
0 180 0 0 0 -0 0 0 1.44329e-12 69.8974 0 -180 0 -0 0 -180 0 180
0 -180 0 -180 0 0 0 180 5.51422e-13 -135.897 0 -0 0 0 0 0 0 -180
0 180 0 180 0 -0 0 -180 1.47549e-12 71.0265 0 0 0 -0 0 -0 0 180
0 -180 0 0 0 -180 0 -180 0.200675 140.475 0 -180 0 -180 0 0 0 -180
0 180 0 -0 0 180 0 180 0.798091 -20.2651 0 180 0 180 0 -0 0 180
inside=1 lambda=0.647 phi=20 theta=15
0 180 0 -180 0 -180 0 0 0.170814 140.577 0 0 0 180 0 -180 0 -180
0 -180 0 180 0 180 0 -0 0.828454 -20.0466 0 -0 0 -180 0 180 0 180
0 180 0 -0 0 0 0 -180 0.00800569 -40.4288 0 0 0 -0 0 180 0 -180
0 180 0 0 0 -0 0 180 0.00818548 -13.8995 0 -0 0 -0 0 -180 0 180
0 -180 0 -180 0 0 0 -0 0.00800528 -40.3965 0 180 0 0 0 0 0 -180
0 180 0 180 0 -0 0 0 0.00818424 -13.9265 0 -180 0 -0 0 -0 0 180
0 -180 0 0 0 -180 0 -180 0.198531 140.481 0 -180 0 -180 0 0 0 -180
0 180 0 -0 0 180 0 180 0.80027 -20.2488 0 180 0 180 0 -0 0 180
inside=1 lambda=0.647 phi=20 theta=30
0 180 0 -180 0 -180 0 0 0.176672 140.553 0 0 0 180 0 -180 0 -180
0 -180 0 180 0 180 0 -0 0.822497 -20.0882 0 -0 0 -180 0 180 0 180
0 180 0 -0 0 0 0 -180 0.0138662 -40.4217 0 0 0 -0 0 180 0 -180
0 180 0 0 0 -0 0 180 0.0141772 -13.9067 0 -0 0 -0 0 -180 0 180
0 -180 0 -180 0 0 0 -0 0.0138658 -40.4031 0 180 0 0 0 0 0 -180
0 180 0 180 0 -0 0 0 0.0141759 -13.9222 0 -180 0 -0 0 -0 0 180
0 -180 0 0 0 -180 0 -180 0.192674 140.498 0 -180 0 -180 0 0 0 -180
0 180 0 -0 0 180 0 180 0.806225 -20.205 0 180 0 180 0 -0 0 180
inside=1 lambda=0.647 phi=20 theta=45
0 180 0 -180 0 -180 0 0 0.184673 140.524 0 0 0 180 0 -180 0 -180
0 180 0 180 0 180 0 -0 0.81436 -20.146 0 -0 0 -180 0 180 0 180
0 -180 0 -0 0 0 0 -180 0.0160111 -40.4122 0 0 0 0 0 180 0 -180
0 180 0 0 0 -0 0 180 0.0163697 -13.9151 0 -0 0 -0 0 -180 0 180
0 -180 0 -180 0 0 0 -0 0.0160111 -40.4122 0 180 0 0 0 0 0 -180
0 180 0 180 0 -0 0 0 0.0163697 -13.9151 0 -180 0 -0 0 -0 0 180
0 180 0 0 0 180 0 -180 0.184673 140.524 0 -180 0 -180 0 0 0 -180
0 180 0 -0 0 -180 0 180 0.81436 -20.146 0 180 0 180 0 -0 0 180
inside=1 lambda=0.647 phi=25 theta=0
0 180 0 -180 0 -180 0 0 0.15783 117.759 0 0 0 180 0 -180 0 -180
0 -180 0 180 0 0 0 -0 0.840745 -31.5794 0 -180 0 -180 0 180 0 0
0 180 0 -0 0 0 0 180 2.85466e-13 -162.271 0 -0 0 -0 0 180 0 -180
0 180 0 0 0 -0 0 180 7.47388e-13 58.5099 0 0 0 -0 0 -180 0 180
0 -180 0 -180 0 0 0 180 2.57004e-13 -172.14 0 -180 0 0 0 0 0 -180
0 180 0 180 0 -0 0 180 5.91058e-13 60.5444 0 180 0 -0 0 -0 0 180
0 -180 0 0 0 -180 0 -180 0.208148 117.732 0 -180 0 -180 0 0 0 -180
0 180 0 -0 0 180 0 180 0.788669 -31.9398 0 180 0 180 0 -0 0 180
inside=1 lambda=0.647 phi=25 theta=15
0 180 0 -180 0 -180 0 0 0.161201 117.755 0 0 0 180 0 -180 0 -180
0 -180 0 180 0 0 0 -0 0.837255 -31.6022 0 -180 0 -180 0 180 0 0
0 180 0 -0 0 0 0 -180 0.0125912 -62.6924 0 0 0 -0 0 180 0 -180
0 180 0 0 0 -0 0 180 0.013095 -25.6953 0 -0 0 -0 0 -180 0 180
0 -180 0 -180 0 0 0 -0 0.0125894 -62.6396 0 0 0 0 0 0 0 -180
0 180 0 180 0 -0 0 0 0.0130919 -25.7389 0 -180 0 -0 0 -0 0 180
0 -180 0 0 0 -180 0 -180 0.204779 117.732 0 -180 0 -180 0 0 0 -180
0 180 0 -0 0 180 0 180 0.792156 -31.9143 0 180 0 180 0 -0 0 180
inside=1 lambda=0.647 phi=25 theta=30
0 180 0 -180 0 -180 0 0 0.170412 117.746 0 0 0 180 0 -180 0 -180
0 -180 0 180 0 0 0 -0 0.827722 -31.6654 0 -180 0 -180 0 180 0 0
0 180 0 -0 0 0 0 -180 0.0218083 -62.6804 0 0 0 -0 0 180 0 -180
0 180 0 0 0 -0 0 180 0.0226799 -25.7082 0 -0 0 -0 0 -180 0 180
0 -180 0 -180 0 0 0 -0 0.0218066 -62.6502 0 0 0 0 0 0 0 -180
0 180 0 180 0 -0 0 0 0.0226768 -25.7332 0 -180 0 -0 0 -0 0 180
0 -180 0 0 0 180 0 -180 0.195572 117.733 0 -180 0 -180 0 0 0 -180
0 180 0 -0 0 180 0 180 0.801684 -31.8455 0 180 0 180 0 -0 0 180
inside=1 lambda=0.647 phi=25 theta=45
0 180 0 -180 0 -180 0 0 0.182993 117.738 0 0 0 180 0 -180 0 -180
0 180 0 180 0 0 0 -0 0.814701 -31.7541 0 -0 0 -180 0 180 0 180
0 -180 0 -0 0 0 0 -180 0.0251813 -62.6649 0 0 0 -0 0 0 0 -180
0 180 0 0 0 -0 0 180 0.0261867 -25.7225 0 -0 0 -0 0 -180 0 180
0 -180 0 -180 0 -0 0 -0 0.0251813 -62.6649 0 0 0 0 0 0 0 -180
0 180 0 180 0 -0 0 0 0.0261867 -25.7225 0 -180 0 -0 0 -0 0 180
0 180 0 0 0 180 0 -180 0.182993 117.738 0 -180 0 -180 0 0 0 -180
0 180 0 -0 0 -180 0 180 0.814701 -31.7541 0 180 0 0 0 -0 0 180
inside=1 lambda=0.647 phi=30 theta=0
0 180 0 180 0 -180 0 0 0.144156 89.8697 0 0 0 180 0 180 0 -180
0 -180 0 180 0 0 0 -0 0.853867 -45.4926 0 -180 0 -180 0 180 0 0
0 180 0 -0 0 0 0 180 1.36268e-14 -174.414 0 -0 0 -0 0 180 0 -180
0 180 0 0 0 -180 0 -180 1.51529e-14 -114.711 0 0 0 -0 0 -180 0 0
0 -180 0 -180 0 0 0 -0 5.09018e-14 62.4185 0 -0 0 0 0 0 0 -180
0 180 0 180 0 -0 0 0 2.39277e-14 126.78 0 0 0 -0 0 -0 0 180
0 -180 0 0 0 -180 0 -180 0.216689 89.9458 0 -180 0 -180 0 0 0 -180
0 180 0 -0 0 180 0 180 0.776714 -46.0188 0 180 0 180 0 -0 0 180
inside=1 lambda=0.647 phi=30 theta=15
0 180 0 180 0 -180 0 0 0.149016 89.8736 0 0 0 180 0 180 0 -180
0 -180 0 180 0 0 0 -0 0.848696 -45.525 0 -180 0 -180 0 180 0 0
0 180 0 -0 0 0 0 -180 0.0181606 -90.2584 0 0 0 -0 0 180 0 -180
0 180 0 0 0 -180 0 180 0.0194007 -39.7458 0 -180 0 -0 0 -180 0 0
0 -180 0 -180 0 0 0 -0 0.0181547 -90.1806 0 180 0 0 0 0 0 -180
0 180 0 180 0 -0 0 0 0.0193939 -39.8117 0 -180 0 -0 0 -0 0 180
0 -180 0 0 0 -180 0 -180 0.211834 89.9394 0 -180 0 -180 0 0 0 -180
0 180 0 -0 0 180 0 180 0.781879 -45.9805 0 180 0 0 0 -180 0 180
inside=1 lambda=0.647 phi=30 theta=30
0 180 0 -180 0 -180 0 0 0.162294 89.8852 0 0 0 180 0 180 0 -180
0 180 0 180 0 0 0 -0 0.83457 -45.6156 0 -180 0 -180 0 180 0 0
0 180 0 -0 0 0 0 -180 0.0314543 -90.2398 0 0 0 -0 0 180 0 -180
0 180 0 0 0 -180 0 180 0.0336001 -39.768 0 -180 0 -0 0 -180 0 0
0 -180 0 -180 0 0 0 -0 0.0314485 -90.1956 0 180 0 0 0 0 0 -180
0 180 0 180 0 -0 0 0 0.0335935 -39.8055 0 -180 0 -180 0 -180 0 0
0 180 0 0 0 180 0 -180 0.198565 89.923 0 -180 0 -180 0 0 0 -180
0 180 0 -0 0 180 0 180 0.795993 -45.8782 0 180 0 0 0 -180 0 0
inside=1 lambda=0.647 phi=30 theta=45
0 180 0 -180 0 -180 0 0 0.180432 89.903 0 0 0 180 0 -180 0 -180
0 180 0 180 0 0 0 -0 0.815278 -45.744 0 -180 0 180 0 180 0 0
0 180 0 -0 0 0 0 -180 0.0363178 -90.2168 0 0 0 -0 0 180 0 -180
0 180 0 0 0 -180 0 180 0.0387941 -39.7907 0 -180 0 -0 0 -180 0 0
0 180 0 -180 0 -0 0 -0 0.0363178 -90.2168 0 180 0 0 0 0 0 -180
0 180 0 180 0 -0 0 0 0.0387941 -39.7907 0 -180 0 -180 0 -180 0 0
0 180 0 0 0 180 0 -180 0.180432 89.903 0 -180 0 -180 0 0 0 -180
0 180 0 -0 0 180 0 180 0.815278 -45.744 0 180 0 0 0 -180 0 0
inside=1 lambda=0.647 phi=35 theta=0
0 180 0 180 0 -180 0 -0 0.128106 57.0969 0 0 0 180 0 180 0 -180
0 180 0 180 0 0 0 -0 0.87048 -61.6393 0 -180 0 180 0 180 0 0
0 180 0 -0 0 0 0 -0 7.02725e-14 111.395 0 180 0 -0 0 180 0 -180
0 180 0 0 0 -180 0 -180 1.56718e-13 31.6468 0 0 0 -0 0 -180 0 0
0 -180 0 -180 0 0 0 -0 4.8245e-14 123.723 0 -180 0 0 0 0 0 -180
0 180 0 0 0 -0 0 -0 2.11058e-13 22.0674 0 -0 0 -0 0 -180 0 180
0 -180 0 0 0 -180 0 -180 0.226879 56.9676 0 -180 0 -180 0 0 0 -180
0 180 0 -180 0 180 0 0 0.761776 -62.4011 0 180 0 180 0 -180 0 180
inside=1 lambda=0.647 phi=35 theta=15
0 180 0 180 0 -180 0 -0 0.134724 57.0753 0 0 0 180 0 180 0 -180
0 180 0 180 0 0 0 -0 0.863192 -61.685 0 -180 0 180 0 180 0 0
0 180 0 -0 0 0 0 -180 0.0247477 -123.561 0 0 0 -0 0 180 0 -180
0 180 0 0 0 -180 0 180 0.027347 -55.8265 0 -180 0 -0 0 -180 0 0
0 -180 0 -180 0 0 0 -0 0.0247325 -123.457 0 180 0 0 0 0 0 -180
0 180 0 180 0 -0 0 0 0.0273327 -55.9214 0 -180 0 -180 0 -180 0 0
0 -180 0 0 0 -180 0 -180 0.220272 56.9674 0 -180 0 -180 0 0 0 -180
0 180 0 -0 0 180 0 0 0.76905 -62.3438 0 180 0 0 0 -180 0 0
inside=1 lambda=0.647 phi=35 theta=30
0 180 0 180 0 -180 0 -0 0.152809 57.0297 0 0 0 180 0 180 0 -180
0 180 0 180 0 0 0 -0 0.843285 -61.8131 0 -180 0 180 0 180 0 0
0 180 0 -0 0 0 0 -180 0.0428627 -123.534 0 0 0 -0 0 180 0 -180
0 180 0 0 0 -180 0 180 0.0473597 -55.8637 0 -180 0 -0 0 -180 0 0
0 -180 0 -180 0 -0 0 -0 0.0428481 -123.475 0 180 0 0 0 0 0 -180
0 180 0 180 0 -0 0 0 0.0473463 -55.9171 0 -180 0 -180 0 -180 0 0
0 180 0 0 0 180 0 -180 0.202208 56.9719 0 -180 0 -180 0 0 0 -180
0 180 0 -0 0 180 0 0 0.78893 -62.1924 0 180 0 0 0 -180 0 0
inside=1 lambda=0.647 phi=35 theta=45
0 180 0 -180 0 -180 0 -0 0.177513 56.9912 0 0 0 180 0 180 0 -180
0 180 0 180 0 0 0 -0 0.816101 -61.9968 0 -180 0 180 0 180 0 0
0 180 0 -0 0 0 0 -180 0.0494874 -123.503 0 0 0 -0 0 180 0 -180
0 180 0 0 0 -180 0 180 0.054678 -55.8982 0 -180 0 -0 0 -180 0 0
0 180 0 -180 0 -0 0 -0 0.0494874 -123.503 0 180 0 0 0 0 0 -180
0 180 0 180 0 -0 0 0 0.054678 -55.8982 0 -180 0 -180 0 -180 0 0
0 180 0 -0 0 180 0 -180 0.177513 56.9912 0 180 0 -180 0 0 0 -180
0 180 0 -0 0 180 0 180 0.816101 -61.9968 0 180 0 0 0 -180 0 0
inside=1 lambda=0.647 phi=40 theta=0
0 180 0 180 0 -180 0 -0 0.109819 20.1739 0 0 0 180 0 180 0 -180
0 180 0 180 0 0 0 -0 0.891354 -79.853 0 -180 0 180 0 180 0 0
0 180 0 -0 0 0 0 180 1.00827e-13 87.8795 0 -0 0 -0 0 180 0 -180
0 180 0 0 0 -180 0 180 1.86023e-13 6.46877 0 0 0 -0 0 -180 0 0
0 -180 0 -180 0 0 0 180 5.32757e-14 97.0965 0 0 0 0 0 0 0 -180
0 0 0 0 0 -180 0 180 1.87432e-13 8.53074 0 -180 0 -180 0 -180 0 0
0 -180 0 0 0 -180 0 -180 0.240842 18.7408 0 -180 0 -180 0 0 0 -180
0 0 0 -180 0 0 0 0 0.743009 -80.9712 0 0 0 0 0 -180 0 0
inside=1 lambda=0.647 phi=40 theta=15
0 180 0 180 0 -180 0 -0 0.118589 19.966 0 0 0 180 0 180 0 -180
0 180 0 180 0 0 0 -0 0.881404 -79.9181 0 -180 0 180 0 180 0 0
0 180 0 -0 0 0 0 180 0.0328618 -162.812 0 0 0 -0 0 180 0 -180
0 180 0 0 0 -180 0 180 0.0373582 -73.7558 0 -180 0 -0 0 -180 0 0
0 -180 0 -180 0 -0 0 -0 0.0328308 -162.684 0 180 0 0 0 0 0 -180
0 180 0 0 0 -0 0 0 0.0373282 -73.887 0 -180 0 -180 0 -180 0 0
0 180 0 0 0 180 0 -180 0.232084 18.7779 0 -180 0 -180 0 0 0 -180
0 180 0 -0 0 180 0 0 0.75293 -80.8837 0 0 0 0 0 -180 0 0
inside=1 lambda=0.647 phi=40 theta=30
0 180 0 180 0 -180 0 -0 0.142573 19.5348 0 0 0 180 0 180 0 -180
0 180 0 180 0 0 0 -0 0.854228 -80.1008 0 -180 0 180 0 180 0 0
0 180 0 -0 0 0 0 180 0.056917 -162.775 0 0 0 -0 0 180 0 -180
0 180 0 0 0 -180 0 180 0.0646904 -73.8164 0 -180 0 -0 0 -180 0 0
0 180 0 -180 0 -0 0 -0 0.0568879 -162.704 0 180 0 0 0 0 0 -180
0 180 0 180 0 -0 0 0 0.0646638 -73.8891 0 -180 0 -180 0 -180 0 0
0 180 0 -0 0 180 0 -180 0.208122 18.9038 0 180 0 -180 0 0 0 -180
0 180 0 -0 0 180 0 0 0.780049 -80.6553 0 180 0 0 0 -180 0 0
inside=1 lambda=0.647 phi=40 theta=45
0 180 0 180 0 -180 0 -0 0.175352 19.151 0 0 0 180 0 180 0 -180
0 180 0 0 0 0 0 -0 0.817125 -80.3666 0 -180 0 180 0 180 0 0
0 180 0 -0 0 0 0 180 0.0657103 -162.735 0 0 0 -0 0 180 0 -180
0 180 0 0 0 -180 0 180 0.0746811 -73.8671 0 -180 0 -0 0 -180 0 0
0 180 0 180 0 -0 0 -0 0.0657103 -162.735 0 180 0 0 0 0 0 -180
0 180 0 180 0 -0 0 0 0.0746811 -73.8671 0 -180 0 -180 0 -180 0 0
0 180 0 -0 0 180 0 180 0.175352 19.151 0 180 0 -180 0 0 0 -180
0 180 0 -0 0 180 0 0 0.817125 -80.3666 0 180 0 0 0 -180 0 0
inside=1 lambda=0.647 phi=45 theta=0
0 180 0 180 0 -180 0 -0 0.087699 -19.2357 0 0 0 180 0 180 0 -180
0 180 0 180 0 0 0.00300045 -157.603 0.917719 -99.9351 0 -180 0 180 0 180 0 0
0 180 0 -0 0 0 0 180 1.66324e-13 -91.1006 0 180 0 -0 0 180 0 -180
0 180 0 -0 0 -180 1.69292e-13 130.345 3.0255e-13 144.22 0 180 0 -0 0 180 0 0
0 -180 0 -180 0 0 0 -0 8.86701e-14 -145.538 0 180 0 0 0 0 0 -180
0 0 0 0 0 -180 1.85605e-14 -102.339 1.7165e-13 170.831 0 0 0 -180 0 -180 0 0
0 -180 0 0 0 -180 0 -180 0.262624 -24.2744 0 -180 0 -180 0 0 0 -180
0 0 0 -180 0 0 0.0178409 37.6957 0.718976 -101.576 0 0 0 0 0 -180 0 0
inside=1 lambda=0.647 phi=45 theta=15
0 180 0 180 0 -180 0 -0 0.0992839 -20.1578 0 0 0 180 0 180 0 -180
0 180 0 180 0 0 0 -0 0.904427 -100.03 0 -180 0 180 0 180 0 0
0 180 0 -0 0 0 0 180 0.0440053 152.873 0 0 0 -0 0 180 0 -180
0 180 0 -0 0 -180 0 0 0.050133 -93.4848 0 -180 0 -0 0 180 0 0
0 180 0 180 0 -0 0 -0 0.0439565 153.029 0 180 0 0 0 0 0 -180
0 0 0 0 0 -0 0 0 0.0500661 -93.6577 0 180 0 -180 0 -180 0 0
0 180 0 -0 0 180 0 -180 0.250946 -24.1637 0 180 0 -180 0 0 0 -180
0 180 0 -180 0 180 0 0 0.732276 -101.444 0 0 0 0 0 -180 0 0
inside=1 lambda=0.647 phi=45 theta=30
0 180 0 180 0 -180 0 -0 0.131244 -21.8124 0 0 0 180 0 180 0 -180
0 180 0 180 0 0 0 -0 0.867996 -100.29 0 -180 0 180 0 180 0 0
0 180 0 -0 0 0 0 180 0.0762276 152.927 0 0 0 -0 0 180 0 -180
0 180 0 -0 0 -180 0 0 0.0867905 -93.5827 0 -180 0 -0 0 180 0 0
0 180 0 180 0 -0 0 -0 0.0761837 153.008 0 180 0 0 0 0 0 -180
0 180 0 0 0 -0 0 -0 0.0867379 -93.6767 0 180 0 -180 0 -180 0 0
0 180 0 -0 0 180 0 -180 0.218889 -23.8066 0 180 0 -180 0 0 0 -180
0 180 0 -0 0 180 0 0 0.768595 -101.098 0 0 0 0 0 -180 0 0
inside=1 lambda=0.647 phi=45 theta=45
0 180 0 180 0 -180 0 -0 0.175049 -23.0737 0 0 0 180 0 180 0 -180
0 180 0 0 0 0 0 -0 0.818269 -100.672 0 -180 0 180 0 180 0 0
0 180 0 -0 0 0 0 180 0.0880044 152.975 0 0 0 -0 0 180 0 -180
0 180 0 -0 0 -180 0 0 0.100182 -93.6542 0 -180 0 -0 0 180 0 0
0 180 0 180 0 -0 0 -0 0.0880044 152.975 0 180 0 0 0 0 0 -180
0 180 0 0 0 -0 0 -0 0.100182 -93.6542 0 180 0 -180 0 -180 0 0
0 180 0 -0 0 180 0 180 0.175049 -23.0737 0 180 0 -180 0 0 0 -180
0 180 0 -0 0 180 0 0 0.818269 -100.672 0 180 0 0 0 -180 0 0
