RSoft_BSDF_File_Version 2
1 0 5 2 1 1.00571
0.3 0.3
-1 1
-1 1
1 0.647 0.647
10 0 45 0.5
4 0 45
Begin_Dispersion_Data
0.647 1.45662 0 1 0 0
End_Dispersion_Data
inside=0 lambda=0.647 phi=0 theta=0
0 -180 0 -180 0 -180 0 0 0.182871 1.8976 0 0 0 -180 0 -180 0 -180
0 0 0 0 0 0 0 -180 1.18655 -153.017 0 -180 0 0 0 0 0 0
0 -180 0 180 0 0 0 180 4.36019e-14 -107.472 0 -0 0 0 0 180 0 -180
0 0 0 -180 0 -180 0 0 1.87525e-12 -63.4169 0 0 0 -180 0 180 0 0
0 -180 0 180 0 0 0 0 1.26714e-13 -45.0674 0 180 0 0 0 -0 0 -180
0 0 0 180 0 -180 0 0 1.90518e-12 -62.7732 0 180 0 -180 0 -180 0 0
0 -180 0 0 0 -180 0 -180 0.182871 1.8976 0 -180 0 -180 0 0 0 -180
0 0 0 -180 0 0 0 0 1.18655 -153.017 0 0 0 0 0 -180 0 0
inside=0 lambda=0.647 phi=0 theta=15
0 -180 0 -180 0 -180 0 0 0.182871 1.8976 0 0 0 -180 0 -180 0 -180
0 0 0 0 0 0 0 -180 1.18655 -153.017 0 -180 0 0 0 0 0 0
0 -180 0 180 0 0 0 180 4.36019e-14 -107.472 0 -0 0 0 0 180 0 -180
0 0 0 -180 0 -180 0 0 1.87525e-12 -63.4169 0 0 0 -180 0 180 0 0
0 -180 0 180 0 0 0 0 1.26714e-13 -45.0674 0 180 0 0 0 -0 0 -180
0 0 0 180 0 -180 0 0 1.90518e-12 -62.7732 0 180 0 -180 0 -180 0 0
0 -180 0 0 0 -180 0 -180 0.182871 1.8976 0 -180 0 -180 0 0 0 -180
0 0 0 -180 0 0 0 0 1.18655 -153.017 0 0 0 0 0 -180 0 0
inside=0 lambda=0.647 phi=0 theta=30
0 -180 0 -180 0 -180 0 0 0.182871 1.8976 0 0 0 -180 0 -180 0 -180
0 0 0 0 0 0 0 -180 1.18655 -153.017 0 -180 0 0 0 0 0 0
0 -180 0 180 0 0 0 180 4.36019e-14 -107.472 0 -0 0 0 0 180 0 -180
0 0 0 -180 0 -180 0 0 1.87525e-12 -63.4169 0 0 0 -180 0 180 0 0
0 -180 0 180 0 0 0 0 1.26714e-13 -45.0674 0 180 0 0 0 -0 0 -180
0 0 0 180 0 -180 0 0 1.90518e-12 -62.7732 0 180 0 -180 0 -180 0 0
0 -180 0 0 0 -180 0 -180 0.182871 1.8976 0 -180 0 -180 0 0 0 -180
0 0 0 -180 0 0 0 0 1.18655 -153.017 0 0 0 0 0 -180 0 0
inside=0 lambda=0.647 phi=0 theta=45
0 -180 0 -180 0 -180 0 0 0.182871 1.8976 0 0 0 -180 0 -180 0 -180
0 0 0 0 0 0 0 -180 1.18655 -153.017 0 -180 0 0 0 0 0 0
0 -180 0 180 0 0 0 180 4.36019e-14 -107.472 0 -0 0 0 0 180 0 -180
0 0 0 -180 0 -180 0 0 1.87525e-12 -63.4169 0 0 0 -180 0 180 0 0
0 -180 0 180 0 0 0 0 1.26714e-13 -45.0674 0 180 0 0 0 -0 0 -180
0 0 0 180 0 -180 0 0 1.90518e-12 -62.7732 0 180 0 -180 0 -180 0 0
0 -180 0 0 0 -180 0 -180 0.182871 1.8976 0 -180 0 -180 0 0 0 -180
0 0 0 -180 0 0 0 0 1.18655 -153.017 0 0 0 0 0 -180 0 0
inside=0 lambda=0.647 phi=5 theta=0
0 -180 0 -180 0 -180 0 0 0.181585 1.70976 0 0 0 -180 0 -180 0 -180
0 0 0 -0 0 -0 0 -180 1.18428 -157.425 0 180 0 0 0 -0 0 -0
0 -180 0 -0 0 0 0 180 2.79932e-14 18.359 0 180 0 0 0 180 0 -180
0 0 0 -0 0 180 0 0 2.02252e-12 -68.3303 0 0 0 -180 0 180 0 -0
0 -180 0 -180 0 0 0 0 1.05858e-13 -122.307 0 180 0 0 0 0 0 -180
0 0 0 -0 0 -180 0 -180 2.25598e-12 -65.9448 0 -0 0 -180 0 180 0 0
0 -180 0 0 0 -180 0 -180 0.185697 1.71232 0 -180 0 -180 0 0 0 -180
0 0 0 180 0 0 0 -0 1.18847 -157.481 0 -0 0 0 0 180 0 0
inside=0 lambda=0.647 phi=5 theta=15
0 -180 0 -180 0 -180 0 0 0.181861 1.70994 0 0 0 -180 0 -180 0 -180
0 0 0 -0 0 -0 0 -180 1.18456 -157.429 0 180 0 0 0 -0 0 -0
0 -180 0 -0 0 0 0 -180 0.00102742 -178.128 0 0 0 0 0 180 0 -180
0 0 0 -0 0 180 0 0 0.00109093 6.25844 0 180 0 -180 0 180 0 -0
0 -180 0 -180 0 0 0 -0 0.00102742 -178.128 0 180 0 0 0 0 0 -180
0 0 0 -0 0 -180 0 -0 0.00109085 6.26727 0 180 0 -180 0 180 0 0
0 -180 0 0 0 -180 0 -180 0.185422 1.71216 0 -180 0 -180 0 0 0 -180
0 0 0 180 0 0 0 -0 1.18819 -157.477 0 -0 0 0 0 180 0 0
inside=0 lambda=0.647 phi=5 theta=30
0 -180 0 -180 0 -180 0 0 0.182613 1.71041 0 0 0 -180 0 -180 0 -180
0 0 0 -0 0 -0 0 -180 1.18533 -157.439 0 180 0 0 0 -0 0 -0
0 -180 0 -0 0 0 0 -180 0.00177954 -178.128 0 0 0 0 0 180 0 -180
0 0 0 -0 0 180 0 0 0.00188951 6.26035 0 180 0 -180 0 180 0 -0
0 -180 0 -180 0 0 0 -0 0.00177954 -178.128 0 180 0 0 0 0 0 -180
0 0 0 -0 0 -180 0 -0 0.00188944 6.26545 0 180 0 180 0 180 0 -0
0 -180 0 0 0 -180 0 -180 0.184669 1.71169 0 -180 0 -180 0 0 0 -180
0 0 0 -180 0 0 0 -0 1.18742 -157.467 0 -0 0 -0 0 180 0 -0
inside=0 lambda=0.647 phi=5 theta=45
0 -180 0 -180 0 -180 0 0 0.183641 1.71106 0 0 0 -180 0 -180 0 -180
0 0 0 -0 0 -0 0 -180 1.18638 -157.453 0 180 0 0 0 -0 0 -0
0 -180 0 -0 0 0 0 -180 0.00205484 -178.128 0 0 0 0 0 180 0 -180
0 0 0 -0 0 180 0 0 0.00218178 6.26292 0 180 0 -180 0 180 0 -0
0 -180 0 -180 0 0 0 -0 0.00205484 -178.128 0 180 0 0 0 0 0 -180
0 0 0 0 0 -180 0 -0 0.00218178 6.26292 0 180 0 180 0 180 0 -0
0 -180 0 0 0 -180 0 -180 0.183641 1.71106 0 -180 0 -180 0 0 0 -180
0 0 0 -180 0 0 0 -0 1.18638 -157.453 0 -0 0 -0 0 180 0 -0
inside=0 lambda=0.647 phi=10 theta=0
0 180 0 -180 0 -180 0 0 0.176742 1.01508 0 0 0 180 0 -180 0 -180
0 0 0 -0 0 -0 0 -180 1.17741 -170.718 0 180 0 0 0 -0 0 -0
0 180 0 -0 0 0 0 180 1.17896e-14 -19.5773 0 180 0 -0 0 180 0 -180
0 0 0 -180 0 180 0 0 7.11938e-13 -81.9137 0 0 0 -180 0 0 0 -0
0 -180 0 -180 0 0 0 180 2.10988e-14 -56.4611 0 -0 0 0 0 0 0 -180
0 -0 0 -0 0 180 0 180 1.03312e-12 -82.5674 0 0 0 180 0 180 0 -0
0 -180 0 0 0 -180 0 -180 0.193843 0.958188 0 -180 0 -180 0 0 0 -180
0 -0 0 180 0 -0 0 -0 1.19457 -170.941 0 -0 0 -0 0 180 0 -0
inside=0 lambda=0.647 phi=10 theta=15
0 180 0 -180 0 -180 0 0 0.177888 1.01093 0 0 0 180 0 -180 0 -180
0 0 0 -0 0 -0 0 180 1.17856 -170.733 0 180 0 0 0 -0 0 -0
0 180 0 -0 0 0 0 -180 0.00427393 -179.558 0 0 0 -0 0 180 0 -180
0 0 0 -180 0 180 0 -0 0.00446053 -6.71921 0 180 0 -180 0 0 0 -0
0 -180 0 -180 0 0 0 -0 0.00427397 -179.56 0 180 0 0 0 0 0 -180
0 -0 0 -0 0 180 0 -0 0.00445928 -6.68155 0 0 0 180 0 180 0 -0
0 -180 0 0 0 -180 0 -180 0.192698 0.961694 0 -180 0 -180 0 0 0 -180
0 -0 0 180 0 0 0 -0 1.19342 -170.926 0 -0 0 -0 0 180 0 -0
inside=0 lambda=0.647 phi=10 theta=30
0 180 0 -180 0 -180 0 0 0.181017 0.999864 0 0 0 180 0 -180 0 -180
0 0 0 -0 0 -0 0 180 1.1817 -170.774 0 180 0 0 0 -0 0 -0
0 -180 0 -0 0 0 0 -180 0.00740268 -179.558 0 0 0 -0 0 180 0 -180
0 0 0 -180 0 180 0 -0 0.00772537 -6.7105 0 180 0 -180 0 0 0 -0
0 -180 0 -180 0 0 0 -0 0.00740273 -179.559 0 180 0 0 0 0 0 -180
0 0 0 -0 0 -180 0 -0 0.00772412 -6.68878 0 0 0 180 0 180 0 -0
0 -180 0 0 0 180 0 -180 0.189568 0.971475 0 -180 0 -180 0 0 0 -180
0 0 0 180 0 0 0 -0 1.19027 -170.886 0 -0 0 -0 0 180 0 -0
inside=0 lambda=0.647 phi=10 theta=45
0 180 0 -180 0 -180 0 0 0.185293 0.985348 0 0 0 180 0 -180 0 -180
0 0 0 -0 0 -0 0 180 1.18598 -170.83 0 180 0 0 0 -0 0 -0
0 -180 0 -0 0 0 0 -180 0.00854791 -179.559 0 0 0 0 0 180 0 -180
0 0 0 -0 0 180 0 -0 0.00891974 -6.69927 0 180 0 -180 0 0 0 -0
0 -180 0 -180 0 0 0 -0 0.00854791 -179.559 0 180 0 0 0 0 0 -180
0 0 0 -0 0 -180 0 -0 0.00891974 -6.69927 0 0 0 180 0 180 0 -0
0 180 0 0 0 180 0 -180 0.185293 0.985348 0 -180 0 -180 0 0 0 -180
0 0 0 180 0 0 0 -0 1.18598 -170.83 0 -0 0 -0 0 180 0 -0
inside=0 lambda=0.647 phi=15 theta=0
0 180 0 -180 0 -180 0 -0 0.165308 -0.198282 0 0 0 180 0 -180 0 -180
0 0 0 -0 0 -0 0 180 1.16557 166.855 0 180 0 0 0 -0 0 -0
0 180 0 -0 0 0 0 180 1.45311e-13 -107.737 0 180 0 -0 0 180 0 -180
0 0 0 -180 0 180 0 180 5.00724e-12 76.0501 0 180 0 -180 0 0 0 -0
0 -180 0 -180 0 0 0 180 1.31507e-13 -110.01 0 180 0 0 0 0 0 -180
0 -0 0 -0 0 180 0 180 5.30985e-12 76.5588 0 -0 0 180 0 180 0 -0
0 -180 0 0 0 -180 0 -180 0.205352 -0.606816 0 -180 0 -180 0 0 0 -180
0 -0 0 180 0 -0 0 -0 1.20624 166.363 0 -0 0 -0 0 180 0 -0
inside=0 lambda=0.647 phi=15 theta=15
0 180 0 -180 0 -180 0 0 0.167991 -0.231704 0 0 0 180 0 -180 0 -180
0 0 0 -0 0 -0 0 180 1.16829 166.821 0 180 0 0 0 -0 0 -0
0 180 0 -0 0 0 0 -180 0.0100174 177.813 0 0 0 -0 0 180 0 -180
0 -0 0 -180 0 180 0 -0 0.0105246 -28.372 0 180 0 -180 0 0 0 -0
0 -180 0 -180 0 0 0 -180 0.0100174 177.807 0 180 0 0 0 0 0 -180
0 -0 0 -0 0 180 0 -180 0.0105181 -28.2791 0 0 0 180 0 180 0 -0
0 -180 0 0 0 -180 0 -180 0.20267 -0.584374 0 -180 0 -180 0 0 0 -180
0 -0 0 180 0 -0 0 -0 1.20351 166.395 0 -0 0 -0 0 180 0 -0
inside=0 lambda=0.647 phi=15 theta=30
0 180 0 -180 0 -180 0 0 0.175319 -0.317753 0 0 0 180 0 -180 0 -180
0 0 0 -0 0 -0 0 180 1.17573 166.728 0 180 0 0 0 -0 0 -0
0 180 0 -0 0 0 0 -180 0.0173508 177.813 0 0 0 -0 0 180 0 -180
0 -0 0 -180 0 180 0 -0 0.0182262 -28.3483 0 180 0 180 0 0 0 -0
0 -180 0 -180 0 -0 0 -180 0.0173508 177.809 0 180 0 0 0 0 0 -180
0 -0 0 -0 0 180 0 -180 0.0182198 -28.2949 0 0 0 180 0 180 0 -0
0 180 0 0 0 180 0 -180 0.195342 -0.520072 0 -180 0 -180 0 0 0 -180
0 -0 0 180 0 -0 0 -0 1.19606 166.483 0 -0 0 -0 0 180 0 -0
inside=0 lambda=0.647 phi=15 theta=45
0 180 0 -180 0 -180 0 0 0.18533 -0.424296 0 0 0 180 0 -180 0 -180
0 -0 0 -0 0 -0 0 180 1.18589 166.604 0 180 0 0 0 -0 0 -0
0 180 0 -0 0 0 0 -180 0.020035 177.811 0 0 0 -0 0 180 0 -180
0 -0 0 -180 0 180 0 -0 0.0210418 -28.3196 0 180 0 180 0 0 0 -0
0 180 0 -180 0 -0 0 -0 0.020035 177.811 0 180 0 0 0 0 0 -180
0 -0 0 -0 0 180 0 -180 0.0210418 -28.3196 0 0 0 180 0 180 0 -0
0 180 0 0 0 180 0 -180 0.18533 -0.424296 0 -180 0 -180 0 0 0 -180
0 -0 0 180 0 0 0 -0 1.18589 166.604 0 -0 0 -0 0 180 0 -0
inside=0 lambda=0.647 phi=20 theta=0
0 180 0 180 0 -180 0 -0 0.144501 -0.862834 0 0 0 180 0 180 0 -180
0 -0 0 -0 0 -180 0 180 1.14716 134.766 0 0 0 -0 0 -0 0 -180
0 180 0 -0 0 0 0 180 2.47954e-13 -159.913 0 180 0 -0 0 180 0 -180
0 -0 0 -180 0 0 0 180 1.55287e-12 52.0432 0 -180 0 180 0 0 0 -180
0 -180 0 -180 0 0 0 180 2.48355e-13 -74.0942 0 -180 0 0 0 0 0 -180
0 -0 0 -0 0 180 0 180 1.95214e-12 60.6815 0 -0 0 180 0 180 0 -0
0 -180 0 0 0 -180 0 -180 0.216334 -1.98213 0 -180 0 -180 0 0 0 -180
0 -0 0 180 0 -0 0 -0 1.22668 133.874 0 -0 0 -0 0 180 0 -0
inside=0 lambda=0.647 phi=20 theta=15
0 180 0 -180 0 -180 0 -0 0.149312 -0.97161 0 0 0 180 0 180 0 -180
0 -0 0 -0 0 -180 0 180 1.15247 134.701 0 0 0 -0 0 -0 0 -180
0 180 0 -0 0 0 0 -180 0.0180014 175.884 0 0 0 -0 0 180 0 -180
0 -0 0 -180 0 0 0 -0 0.0204938 -59.7754 0 0 0 180 0 0 0 -180
0 -180 0 -180 0 0 0 -180 0.0179992 175.872 0 180 0 0 0 0 0 -180
0 -0 0 -0 0 180 0 -180 0.0204733 -59.598 0 0 0 180 0 180 0 -0
0 -180 0 0 0 180 0 -180 0.211524 -1.93057 0 -180 0 -180 0 0 0 -180
0 -0 0 180 0 -0 0 -0 1.22134 133.929 0 -0 0 -0 0 180 0 -0
inside=0 lambda=0.647 phi=20 theta=30
0 180 0 -180 0 -180 0 -0 0.162458 -1.23543 0 0 0 180 0 180 0 -180
0 -0 0 -0 0 -180 0 180 1.16701 134.529 0 0 0 -0 0 -0 0 -180
0 180 0 -0 0 0 0 -180 0.03118 175.883 0 0 0 -0 0 180 0 -180
0 -0 0 -180 0 0 0 -0 0.0354853 -59.7235 0 0 0 180 0 0 0 -180
0 180 0 -180 0 -0 0 -180 0.0311778 175.876 0 180 0 0 0 0 0 -180
0 -0 0 -0 0 180 0 -180 0.0354652 -59.6224 0 0 0 180 0 180 0 -0
0 180 0 0 0 180 0 -180 0.19838 -1.7775 0 -180 0 -180 0 0 0 -180
0 -0 0 180 0 -0 0 -0 1.20676 134.084 0 -0 0 -0 0 180 0 -0
inside=0 lambda=0.647 phi=20 theta=45
0 180 0 -180 0 -180 0 -0 0.180419 -1.53327 0 0 0 180 0 -180 0 -180
0 -0 0 -0 0 -180 0 180 1.18687 134.302 0 0 0 -0 0 -0 0 -180
0 180 0 -0 0 0 0 -180 0.0360032 175.88 0 0 0 -0 0 180 0 -180
0 -0 0 -180 0 0 0 -0 0.0409614 -59.6662 0 180 0 180 0 0 0 -180
0 180 0 -180 0 -0 0 -0 0.0360032 175.88 0 180 0 0 0 0 0 -180
0 -0 0 -0 0 180 0 -180 0.0409614 -59.6662 0 0 0 0 0 180 0 -180
0 180 0 -0 0 180 0 -180 0.180419 -1.53327 0 -180 0 -180 0 0 0 -180
0 -0 0 180 0 -0 0 -0 1.18687 134.302 0 -0 0 -180 0 0 0 -180
inside=0 lambda=0.647 phi=25 theta=0
0 180 0 180 0 -180 0 -0 0.116652 0.00387263 0 0 0 180 0 180 0 -180
0 -0 0 -0 0 -180 0 180 1.11774 92.0785 0 0 0 -0 0 -0 0 -180
0 180 0 -0 0 0 0 180 9.10617e-14 143.737 0 180 0 -0 0 180 0 -180
0 -0 0 180 0 0 0 -0 1.05729e-12 1.73735 0 0 0 180 0 -0 0 -180
0 -180 0 -180 0 0 0 180 9.48382e-14 -178.279 0 180 0 0 0 0 0 -180
0 -180 0 -180 0 0 0 0 1.32674e-12 4.46202 0 -0 0 0 0 0 0 -180
0 -180 0 0 0 -180 0 -180 0.2326 0.03749 0 -180 0 -180 0 0 0 -180
0 -180 0 0 0 -180 0 -180 1.25878 90.4097 0 -180 0 -180 0 0 0 -180
inside=0 lambda=0.647 phi=25 theta=15
0 180 0 180 0 -180 0 -0 0.124421 0.0046208 0 0 0 180 0 180 0 -180
0 -0 0 -0 0 -180 0 180 1.12715 91.9503 0 0 0 -0 0 -0 0 -180
0 180 0 -0 0 0 0 -180 0.0290432 -179.888 0 0 0 -0 0 180 0 -180
0 -0 0 180 0 0 0 -0 0.0364794 -103.64 0 0 0 180 0 -0 0 -180
0 -180 0 -180 0 -0 0 -180 0.029035 -179.894 0 180 0 0 0 0 0 -180
0 -180 0 -180 0 180 0 180 0.0364141 -103.353 0 -0 0 0 0 0 0 -180
0 180 0 0 0 180 0 -180 0.224848 0.0348569 0 -180 0 -180 0 0 0 -180
0 -0 0 0 0 -0 0 -180 1.24929 90.5071 0 -180 0 -180 0 0 0 -180
inside=0 lambda=0.647 phi=25 theta=30
0 180 0 -180 0 -180 0 -0 0.145652 0.0101542 0 0 0 180 0 180 0 -180
0 -0 0 -0 0 -180 0 180 1.15288 91.6141 0 0 0 -0 0 -0 0 -180
0 180 0 -0 0 0 0 -180 0.0503081 -179.89 0 0 0 -0 0 180 0 -180
0 -0 0 180 0 0 0 -0 0.0631407 -103.539 0 0 0 180 0 -0 0 -180
0 180 0 -180 0 -0 0 -180 0.0503003 -179.894 0 180 0 0 0 0 0 -180
0 -0 0 -180 0 180 0 180 0.0630794 -103.379 0 -0 0 0 0 0 0 -180
0 180 0 -0 0 180 0 -180 0.203647 0.0282824 0 -180 0 -180 0 0 0 -180
0 -0 0 180 0 -0 0 -180 1.2234 90.7831 0 -0 0 -180 0 0 0 -180
inside=0 lambda=0.647 phi=25 theta=45
0 180 0 -180 0 -180 0 -0 0.174657 0.0193922 0 0 0 180 0 180 0 -180
0 -0 0 -0 0 -180 0 180 1.1881 91.1838 0 0 0 -0 0 -0 0 -180
0 180 0 -180 0 0 0 -180 0.0580898 -179.892 0 0 0 -0 0 180 0 -180
0 -0 0 180 0 0 0 -0 0.0728639 -103.441 0 0 0 180 0 -0 0 -180
0 180 0 -180 0 -0 0 -180 0.0580898 -179.892 0 180 0 0 0 0 0 -180
0 -0 0 -0 0 180 0 180 0.0728639 -103.441 0 -0 0 0 0 0 0 -180
0 180 0 -0 0 180 0 -180 0.174657 0.0193922 0 180 0 -180 0 0 0 -180
0 -0 0 180 0 -0 0 -0 1.1881 91.1838 0 -0 0 -180 0 0 0 -180
inside=0 lambda=0.647 phi=30 theta=0
0 180 0 180 0 -180 0.00732709 -108.665 0.0724941 -1.19518 0 0 0 180 0 180 0 -180
0 -0 0 -0 0 180 0 0 1.07062 37.0357 0 -0 0 -0 0 -0 0 180
0 180 0 -0 0 0 1.86657e-13 142.968 1.84782e-13 104.473 0 -0 0 -0 0 180 0 -180
0 -180 0 180 0 -0 0 0 4.60545e-12 -53.1787 0 0 0 0 0 -0 0 180
0 -180 0 -180 0 0 4.56708e-14 44.9023 2.99949e-13 110.906 0 180 0 0 0 0 0 -180
0 -180 0 -180 0 0 0 -180 5.44101e-12 -55.4608 0 -180 0 0 0 0 0 -180
0 -180 0 0 0 -180 0.0261157 -131.442 0.287568 2.54928 0 -180 0 -180 0 0 0 -180
0 -180 0 0 0 -180 0 -180 1.29937 34.0455 0 -180 0 -180 0 0 0 -180
inside=0 lambda=0.647 phi=30 theta=15
0 180 0 180 0 -180 0 -0 0.0869188 -0.454589 0 0 0 180 0 180 0 -180
0 -0 0 -180 0 180 0 0 1.08595 36.7822 0 -0 0 -0 0 -180 0 180
0 180 0 -0 0 0 0 -180 0.05384 -176.073 0 0 0 -0 0 180 0 -180
0 -180 0 180 0 -0 0 -180 0.0596605 -160.9 0 -0 0 0 0 -0 0 180
0 -180 0 -180 0 -0 0 -180 0.0538367 -176.088 0 180 0 0 0 0 0 -180
0 -180 0 -180 0 0 0 180 0.0593987 -160.413 0 -0 0 0 0 0 0 -180
0 180 0 0 0 180 0 -180 0.273207 2.48882 0 -180 0 -180 0 0 0 -180
0 -180 0 0 0 -180 0 -180 1.28402 34.2018 0 -180 0 180 0 -0 0 180
inside=0 lambda=0.647 phi=30 theta=30
0 180 0 180 0 -180 0 -0 0.126212 0.851236 0 0 0 180 0 180 0 -180
0 -180 0 -180 0 180 0 0 1.12757 36.1381 0 -0 0 -180 0 -180 0 180
0 180 0 -0 0 0 0 180 0.0932875 -176.079 0 0 0 -0 0 180 0 -180
0 -180 0 180 0 -0 0 -180 0.103126 -160.689 0 -0 0 0 0 -0 0 180
0 180 0 180 0 -0 0 -180 0.0932864 -176.085 0 180 0 0 0 0 0 -180
0 -180 0 -180 0 0 0 180 0.102911 -160.426 0 -0 0 -0 0 -0 0 180
0 180 0 -0 0 180 0 -180 0.233841 2.2439 0 180 0 -180 0 0 0 -180
0 -180 0 0 0 -180 0 -180 1.24193 34.6595 0 -180 0 180 0 -0 0 180
inside=0 lambda=0.647 phi=30 theta=45
0 180 0 -180 0 -180 0 -0 0.180015 1.74869 0 0 0 180 0 180 0 -180
0 -180 0 -180 0 180 0 0 1.18464 35.3548 0 -0 0 -180 0 -180 0 180
0 180 0 -180 0 0 0 180 0.107728 -176.081 0 0 0 -0 0 180 0 -180
0 -180 0 180 0 -0 0 -180 0.118916 -160.515 0 -0 0 0 0 -0 0 180
0 180 0 180 0 -0 0 -180 0.107728 -176.081 0 180 0 0 0 0 0 -180
0 -180 0 -180 0 0 0 180 0.118916 -160.515 0 -0 0 -0 0 -0 0 180
0 180 0 -0 0 180 0 -180 0.180015 1.74869 0 180 0 -180 0 0 0 -180
0 -180 0 0 0 -180 0 -180 1.18464 35.3548 0 -180 0 180 0 -0 0 180
inside=0 lambda=0.647 phi=35 theta=0
0 180 0 180 0 -180 0.0238147 -106 0.0198223 82.6282 0 0 0 180 0 180 0 -180
0 -180 0 -180 0 0 0 0 0.987772 -34.4074 0 -180 0 -180 0 -180 0 0
0 180 0 -0 0 0 1.23397e-13 -18.8242 1.98839e-13 -157.08 0 0 0 -0 0 180 0 -180
0 -180 0 0 0 -180 0 -0 1.63033e-12 -123.872 0 -0 0 0 0 -180 0 0
0 -180 0 -180 0 0 2.20447e-14 -135.327 1.24047e-13 -151.416 0 -0 0 0 0 0 0 -180
0 180 0 180 0 -0 0 180 2.00183e-12 -127.099 0 0 0 -0 0 -0 0 180
0 -180 0 0 0 -180 0.0317008 -112.176 0.355514 -2.77195 0 -180 0 -180 0 0 0 -180
0 180 0 -0 0 180 0 180 1.37687 -38.6775 0 180 0 180 0 -0 0 180
inside=0 lambda=0.647 phi=35 theta=15
0 180 0 180 0 -180 0.017776 -110.966 0.031183 32.9816 0 0 0 180 0 180 0 -180
0 -180 0 -180 0 0 0 0 1.01374 -34.8433 0 -180 0 -180 0 -180 0 0
0 180 0 -0 0 0 0.000811076 80.9622 0.0886862 174.353 0 0 0 -0 0 180 0 -180
0 -180 0 0 0 -180 0 180 0.100461 129.06 0 -180 0 0 0 -180 0 0
0 180 0 180 0 -0 0.00873714 -135.598 0.0886702 174.279 0 180 0 0 0 0 0 -180
0 180 0 180 0 -0 0 0 0.0999045 129.87 0 -180 0 -0 0 -0 0 180
0 180 0 -0 0 180 0.0279944 -120.62 0.331881 -2.52135 0 -180 0 -180 0 0 0 -180
0 180 0 -0 0 180 0 180 1.35064 -38.5026 0 180 0 180 0 -0 0 180
inside=0 lambda=0.647 phi=35 theta=30
0 180 0 180 0 -180 0 -0 0.0911611 6.24334 0 0 0 180 0 180 0 -180
0 -180 0 -180 0 0 0 0 1.08477 -35.8865 0 -180 0 -180 0 -180 0 0
0 180 0 -180 0 0 0 -180 0.153817 174.42 0 0 0 -0 0 180 0 -180
0 -180 0 0 0 -180 0 180 0.173387 129.393 0 -180 0 0 0 -180 0 0
0 180 0 180 0 -0 0 -180 0.15378 174.389 0 180 0 0 0 0 0 -180
0 180 0 180 0 -0 0 0 0.172908 129.85 0 -180 0 -0 0 -0 0 0
0 180 0 -0 0 180 0 -180 0.267214 -1.68715 0 180 0 -180 0 0 0 -180
0 -180 0 -0 0 -180 0 180 1.27922 -37.9537 0 180 0 180 0 -180 0 0
inside=0 lambda=0.647 phi=35 theta=45
0 180 0 180 0 -180 0 -0 0.178808 0.318763 0 0 0 180 0 180 0 -180
0 -180 0 -180 0 0 0 -0 1.18176 -37.0347 0 -180 0 -180 0 -180 0 0
0 180 0 -180 0 0 0 180 0.177674 174.413 0 0 0 -0 0 180 0 -180
0 -180 0 0 0 -180 0 180 0.199802 129.709 0 -180 0 0 0 -180 0 0
0 180 0 180 0 -0 0 -180 0.177674 174.413 0 180 0 0 0 0 0 -180
0 -180 0 180 0 0 0 0 0.199802 129.709 0 -180 0 -180 0 -180 0 0
0 180 0 -0 0 180 0 180 0.178808 0.318763 0 180 0 -180 0 0 0 -180
0 -180 0 -0 0 -180 0 -180 1.18176 -37.0347 0 -180 0 0 0 -180 0 0
inside=0 lambda=0.647 phi=40 theta=0
0 180 0 180 0 -180 0.0612167 -108.277 0.152993 -161.195 0 0 0 180 0 180 0 -180
0 180 0 180 0 -0 0 -0 0.805409 -134.015 0 180 0 180 0 180 0 -0
0 180 0 -0 0 0 2.36653e-14 -55.6551 2.7189e-13 -36.8361 0 -180 0 -0 0 180 0 -180
0 180 0 -0 0 180 0 -180 5.27767e-13 79.6977 0 -180 0 -0 0 180 0 -0
0 -180 0 -180 0 0 3.98057e-12 58.5977 1.94324e-13 157.217 0 0 0 0 0 0 0 -180
0 0 0 0 0 -180 0 180 2.55043e-12 127.426 0 180 0 -180 0 -180 0 0
0 -180 0 0 0 -180 0.0477433 -102.543 0.49581 4.18674 0 -180 0 -180 0 0 0 -180
0 0 0 -180 0 0 0 0 1.54625 -144.205 0 0 0 0 0 -180 0 0
inside=0 lambda=0.647 phi=40 theta=15
0 180 0 180 0 -180 0.0449299 -115.238 0.111332 -156.401 0 0 0 180 0 180 0 -0
0 180 0 180 0 -0 0 -0 0.854235 -135.516 0 180 0 180 0 180 0 -0
0 180 0 -0 0 0 0.00907319 66.2807 0.161289 -172.11 0 0 0 -0 0 180 0 -180
0 180 0 -0 0 180 0 180 0.194099 23.1932 0 180 0 -0 0 180 0 -0
0 180 0 180 0 -0 0.0188923 -132.675 0.161324 -172.175 0 180 0 0 0 0 0 -180
0 0 0 0 0 -180 0 -0 0.191957 24.3877 0 180 0 -180 0 -180 0 -0
0 180 0 -0 0 180 0.0374405 -110.771 0.452994 3.85605 0 180 0 -180 0 0 0 -180
0 0 0 -180 0 0 0 0 1.49577 -143.997 0 0 0 0 0 180 0 -0
inside=0 lambda=0.647 phi=40 theta=30
0 180 0 180 0 -180 0.0130915 -131.535 0.0332916 -63.417 0 0 0 180 0 180 0 -180
0 180 0 180 0 -0 0 -0 0.988216 -138.537 0 180 0 180 0 180 0 -0
0 180 0 -180 0 0 0.00374186 59.7339 0.28028 -172.055 0 0 0 -0 0 180 0 -180
0 180 0 -0 0 180 0 180 0.333648 23.7387 0 180 0 -0 0 180 0 -0
0 180 0 180 0 -0 0.0156852 -153.419 0.28018 -172.085 0 180 0 0 0 0 0 -180
0 0 0 0 0 -180 0 -0 0.331772 24.3138 0 180 0 180 0 180 0 -0
0 180 0 -0 0 180 0.0230832 -141.407 0.335339 2.42083 0 180 0 -180 0 0 0 -180
0 180 0 -180 0 180 0 0 1.35858 -143.094 0 0 0 -0 0 180 0 -0
inside=0 lambda=0.647 phi=40 theta=45
0 180 0 180 0 -180 0 -0 0.174889 -2.61375 0 0 0 180 0 180 0 -180
0 180 0 180 0 -0 0 -0 1.17256 -141.276 0 180 0 180 0 180 0 -0
0 180 0 -180 0 0 0 180 0.324091 -172.107 0 0 0 -0 0 180 0 -180
0 180 0 -0 0 180 0 0 0.383401 24.1516 0 180 0 -0 0 180 0 -0
0 180 0 180 0 -0 0 -180 0.324091 -172.107 0 180 0 0 0 0 0 -180
0 180 0 0 0 -0 0 -0 0.383401 24.1516 0 180 0 180 0 180 0 -0
0 180 0 -0 0 180 0 180 0.174889 -2.61375 0 180 0 -180 0 0 0 -180
0 180 0 -0 0 180 0 180 1.17256 -141.276 0 180 0 -0 0 180 0 -0
inside=0 lambda=0.647 phi=45 theta=0
0 0 0 0 0 -180 0.179079 -150.781 0.981948 151.151 0 0 0 0 0 0 0 -180
0 -180 0 -180 0 0 0 0 0 0 0 -180 0 -180 0 -180 0 0
0 0 0 -180 0 0 2.06058e-13 119.169 9.80065e-14 -76.4235 0 -0 0 -180 0 0 0 -180
0 -180 0 0 0 -180 0 0 0 -180 0 0 0 0 0 -180 0 0
0 180 0 180 0 -0 4.64102e-12 -61.1442 3.33348e-12 147.9 0 180 0 -0 0 -0 0 180
0 180 0 180 0 -0 0 180 0 0 0 0 0 -0 0 -0 0 180
0 180 0 -0 0 180 0.0700721 -128.051 0.997797 -20.1413 0 180 0 180 0 -0 0 180
0 180 0 -0 0 180 0 180 0 -0 0 180 0 180 0 -0 0 180
inside=0 lambda=0.647 phi=45 theta=15
0 0 0 0 0 -180 0.11216 -159.87 0.85809 149.333 0 0 0 0 0 0 0 -180
0 -180 0 -180 0 0 0 0 0 0 0 -180 0 -180 0 -180 0 0
0 0 0 -180 0 0 0.0408698 17.2765 0.496518 155.088 0 0 0 -180 0 0 0 -180
0 -180 0 0 0 -180 0 -180 0 180 0 -180 0 0 0 -180 0 0
0 180 0 180 0 -0 0.0420134 -166.829 0.496026 154.994 0 0 0 0 0 0 0 -180
0 -180 0 -180 0 0 0 180 0 180 0 -180 0 -0 0 -0 0 180
0 180 0 -0 0 180 0.043729 -127.915 0.86609 -19.6307 0 180 0 -180 0 0 0 -180
0 -180 0 0 0 -180 0 -180 0 -0 0 -180 0 180 0 -0 0 180
inside=0 lambda=0.647 phi=45 theta=30
0 0 0 0 0 -180 0.0329155 -170.61 0.503644 143.978 0 0 0 0 0 0 0 -180
0 -180 0 -180 0 0 0 0 0 0 0 -180 0 -180 0 -180 0 0
0 0 0 -180 0 0 0.029168 -4.33561 0.862182 154.381 0 0 0 -180 0 0 0 -180
0 -180 0 0 0 -180 0 -180 0 180 0 -180 0 0 0 -180 0 0
0 180 0 180 0 -0 0.0306782 175.737 0.861515 154.352 0 0 0 0 0 0 0 -180
0 -180 0 -180 0 0 0 180 0 180 0 -180 0 -0 0 -0 0 0
0 0 0 -0 0 180 0.0173442 -125.071 0.505425 -15.4612 0 180 0 -180 0 0 0 -180
0 -180 0 0 0 -180 0 -180 0 0 0 -180 0 180 0 -0 0 0
inside=0 lambda=0.647 phi=45 theta=45
0 0 0 0 0 -180 0 -0 0.0926431 64.1432 0 0 0 180 0 180 0 -180
0 -180 0 -180 0 0 0 0 0 0 0 -180 0 -180 0 -180 0 0
0 0 0 -180 0 0 0 0 0.995699 154.143 0 0 0 -0 0 0 0 -180
0 -180 0 0 0 -180 0 -180 0 180 0 -180 0 0 0 -180 0 0
0 0 0 0 0 -0 0 -180 0.995699 154.143 0 0 0 0 0 0 0 -180
0 -180 0 -180 0 0 0 0 0 180 0 -180 0 -180 0 -180 0 0
0 0 0 -0 0 180 0 0 0.0926431 64.1432 0 180 0 -180 0 0 0 -180
0 -180 0 0 0 -180 0 -180 0 0 0 -180 0 0 0 -180 0 0
inside=1 lambda=0.647 phi=0 theta=0
0 -180 0 -180 0 -180 0 0 0.182871 -127.932 0 0 0 -180 0 -180 0 -180
0 0 0 -0 0 0 0 180 0.814594 -153.017 0 180 0 0 0 -0 0 0
0 -180 0 -0 0 0 0 180 5.70933e-13 143.222 0 -0 0 0 0 -0 0 -180
0 0 0 -0 0 -180 0 180 1.2648e-12 116.377 0 -180 0 -180 0 -0 0 0
0 -180 0 -0 0 0 0 -0 6.68919e-13 140.058 0 -0 0 0 0 180 0 -180
0 0 0 -0 0 -180 0 180 1.31399e-12 116.998 0 -180 0 -180 0 180 0 0
0 -180 0 0 0 -180 0 -180 0.182871 -127.932 0 -180 0 -180 0 0 0 -180
0 0 0 180 0 0 0 -0 0.814594 -153.017 0 -0 0 0 0 180 0 0
inside=1 lambda=0.647 phi=0 theta=15
0 -180 0 -180 0 -180 0 0 0.182871 -127.932 0 0 0 -180 0 -180 0 -180
0 0 0 -0 0 0 0 180 0.814594 -153.017 0 180 0 0 0 -0 0 0
0 -180 0 -0 0 0 0 180 5.70933e-13 143.222 0 -0 0 0 0 -0 0 -180
0 0 0 -0 0 -180 0 180 1.2648e-12 116.377 0 -180 0 -180 0 -0 0 0
0 -180 0 -0 0 0 0 -0 6.68919e-13 140.058 0 -0 0 0 0 180 0 -180
0 0 0 -0 0 -180 0 180 1.31399e-12 116.998 0 -180 0 -180 0 180 0 0
0 -180 0 0 0 -180 0 -180 0.182871 -127.932 0 -180 0 -180 0 0 0 -180
0 0 0 180 0 0 0 -0 0.814594 -153.017 0 -0 0 0 0 180 0 0
inside=1 lambda=0.647 phi=0 theta=30
0 -180 0 -180 0 -180 0 0 0.182871 -127.932 0 0 0 -180 0 -180 0 -180
0 0 0 -0 0 0 0 180 0.814594 -153.017 0 180 0 0 0 -0 0 0
0 -180 0 -0 0 0 0 180 5.70933e-13 143.222 0 -0 0 0 0 -0 0 -180
0 0 0 -0 0 -180 0 180 1.2648e-12 116.377 0 -180 0 -180 0 -0 0 0
0 -180 0 -0 0 0 0 -0 6.68919e-13 140.058 0 -0 0 0 0 180 0 -180
0 0 0 -0 0 -180 0 180 1.31399e-12 116.998 0 -180 0 -180 0 180 0 0
0 -180 0 0 0 -180 0 -180 0.182871 -127.932 0 -180 0 -180 0 0 0 -180
0 0 0 180 0 0 0 -0 0.814594 -153.017 0 -0 0 0 0 180 0 0
inside=1 lambda=0.647 phi=0 theta=45
0 -180 0 -180 0 -180 0 0 0.182871 -127.932 0 0 0 -180 0 -180 0 -180
0 0 0 -0 0 0 0 180 0.814594 -153.017 0 180 0 0 0 -0 0 0
0 -180 0 -0 0 0 0 180 5.70933e-13 143.222 0 -0 0 0 0 -0 0 -180
0 0 0 -0 0 -180 0 180 1.2648e-12 116.377 0 -180 0 -180 0 -0 0 0
0 -180 0 -0 0 0 0 -0 6.68919e-13 140.058 0 -0 0 0 0 180 0 -180
0 0 0 -0 0 -180 0 180 1.31399e-12 116.998 0 -180 0 -180 0 180 0 0
0 -180 0 0 0 -180 0 -180 0.182871 -127.932 0 -180 0 -180 0 0 0 -180
0 0 0 180 0 0 0 -0 0.814594 -153.017 0 -0 0 0 0 180 0 0
inside=1 lambda=0.647 phi=5 theta=0
0 -180 0 -180 0 -180 0 0 0.182285 -131.994 0 0 0 -180 0 -180 0 -180
0 0 0 -0 0 -0 0 180 0.815508 -155.091 0 180 0 0 0 -0 0 -0
0 -180 0 -0 0 0 0 180 1.00882e-12 136.894 0 -0 0 0 0 180 0 -180
0 0 0 -0 0 180 0 180 2.18422e-12 115.59 0 -180 0 -180 0 180 0 -0
0 -180 0 -180 0 0 0 180 1.11458e-12 139.227 0 -0 0 0 0 0 0 -180
0 -0 0 -0 0 -180 0 180 2.27156e-12 113.909 0 -0 0 180 0 180 0 0
0 -180 0 0 0 -180 0 -180 0.184205 -132.049 0 -180 0 -180 0 0 0 -180
0 -0 0 180 0 -0 0 -0 0.813566 -155.117 0 -0 0 -0 0 180 0 -0
inside=1 lambda=0.647 phi=5 theta=15
0 -180 0 -180 0 -180 0 0 0.182414 -131.998 0 0 0 -180 0 -180 0 -180
0 0 0 -0 0 -0 0 180 0.815377 -155.092 0 180 0 0 0 -0 0 -0
0 -180 0 -0 0 0 0 -180 0.000482047 42.4129 0 0 0 0 0 180 0 -180
0 0 0 -0 0 180 0 -0 0.000495253 -143.594 0 180 0 -180 0 180 0 -0
0 -180 0 -180 0 0 0 -0 0.000482047 42.4151 0 180 0 0 0 0 0 -180
0 0 0 -0 0 -180 0 -0 0.000495245 -143.596 0 180 0 180 0 180 0 -0
0 -180 0 0 0 -180 0 -180 0.184076 -132.045 0 -180 0 -180 0 0 0 -180
0 0 0 180 0 0 0 -0 0.813696 -155.115 0 -0 0 -0 0 180 0 -0
inside=1 lambda=0.647 phi=5 theta=30
0 -180 0 -180 0 -180 0 0 0.182765 -132.008 0 0 0 -180 0 -180 0 -180
0 0 0 -0 0 -0 0 180 0.815022 -155.097 0 180 0 0 0 -0 0 -0
0 -180 0 -0 0 0 0 -180 0.00083493 42.4134 0 0 0 0 0 180 0 -180
0 0 0 -0 0 180 0 -0 0.0008578 -143.594 0 180 0 -180 0 180 0 -0
0 -180 0 -180 0 0 0 -0 0.00083493 42.4146 0 180 0 0 0 0 0 -180
0 0 0 -0 0 -180 0 -0 0.000857792 -143.596 0 180 0 180 0 180 0 -0
0 -180 0 0 0 -180 0 -180 0.183725 -132.035 0 -180 0 -180 0 0 0 -180
0 0 0 180 0 0 0 -0 0.814052 -155.11 0 -0 0 -0 0 180 0 -0
inside=1 lambda=0.647 phi=5 theta=45
0 -180 0 -180 0 -180 0 0 0.183245 -132.022 0 0 0 -180 0 -180 0 -180
0 0 0 -0 0 -0 0 180 0.814537 -155.104 0 180 0 0 0 -0 0 -0
0 -180 0 -0 0 0 0 -180 0.000964094 42.414 0 0 0 0 0 180 0 -180
0 0 0 -0 0 180 0 -0 0.000990498 -143.595 0 180 0 -180 0 180 0 -0
0 -180 0 -180 0 0 0 -0 0.000964094 42.414 0 180 0 0 0 0 0 -180
0 0 0 -0 0 -180 0 -0 0.000990498 -143.595 0 180 0 180 0 180 0 -0
0 -180 0 0 0 -180 0 -180 0.183245 -132.022 0 -180 0 -180 0 0 0 -180
0 0 0 180 0 0 0 -0 0.814537 -155.104 0 -0 0 -0 0 180 0 -0
inside=1 lambda=0.647 phi=10 theta=0
0 180 0 -180 0 -180 0 0 0.18033 -144.107 0 0 0 180 0 -180 0 -180
0 0 0 -0 0 -0 0 180 0.818312 -161.291 0 180 0 0 0 -0 0 -0
0 180 0 -0 0 0 0 180 5.24875e-14 102.839 0 180 0 -0 0 180 0 -180
0 0 0 -0 0 180 0 180 1.42645e-13 77.6947 0 180 0 -180 0 180 0 -0
0 -180 0 -180 0 0 0 -0 7.78549e-14 79.4995 0 -0 0 0 0 0 0 -180
0 -0 0 -0 0 180 0 180 4.91624e-14 147.667 0 -180 0 180 0 180 0 -0
0 -180 0 0 0 -180 0 -180 0.188136 -144.312 0 -180 0 -180 0 0 0 -180
0 -0 0 180 0 -0 0 -0 0.810461 -161.396 0 -0 0 -0 0 180 0 -0
inside=1 lambda=0.647 phi=10 theta=15
0 180 0 -180 0 -180 0 0 0.180853 -144.121 0 0 0 180 0 -180 0 -180
0 0 0 -0 0 -0 0 180 0.817786 -161.298 0 180 0 0 0 -0 0 -0
0 180 0 -0 0 0 0 -180 0.00195866 30.602 0 0 0 -0 0 180 0 -180
0 0 0 -0 0 180 0 -0 0.00200181 -149.995 0 180 0 -180 0 180 0 -0
0 -180 0 -180 0 0 0 -0 0.00195865 30.6109 0 180 0 0 0 0 0 -180
0 -0 0 -0 0 180 0 -0 0.00200169 -150.005 0 180 0 180 0 180 0 -0
0 -180 0 0 0 -180 0 -180 0.187613 -144.299 0 -180 0 -180 0 0 0 -180
0 -0 0 180 0 0 0 -0 0.810987 -161.389 0 -0 0 -0 0 180 0 -0
inside=1 lambda=0.647 phi=10 theta=30
0 180 0 -180 0 -180 0 0 0.182281 -144.16 0 0 0 180 0 -180 0 -180
0 0 0 -0 0 -0 0 180 0.816349 -161.317 0 180 0 0 0 -0 0 -0
0 -180 0 -0 0 0 0 -180 0.00339249 30.6039 0 0 0 -0 0 180 0 -180
0 0 0 -0 0 180 0 -0 0.0034672 -149.997 0 180 0 -180 0 180 0 -0
0 -180 0 -180 0 0 0 -0 0.00339249 30.6091 0 180 0 0 0 0 0 -180
0 0 0 -0 0 -180 0 -0 0.00346707 -150.003 0 180 0 180 0 180 0 -0
0 -180 0 0 0 -180 0 -180 0.186184 -144.263 0 -180 0 -180 0 0 0 -180
0 0 0 180 0 0 0 -0 0.812423 -161.37 0 -0 0 -0 0 180 0 -0
inside=1 lambda=0.647 phi=10 theta=45
0 -180 0 -180 0 -180 0 0 0.184233 -144.212 0 0 0 180 0 -180 0 -180
0 0 0 -0 0 -0 0 180 0.814386 -161.343 0 180 0 0 0 -0 0 -0
0 -180 0 -0 0 0 0 -180 0.00391731 30.6065 0 0 0 0 0 180 0 -180
0 0 0 -0 0 180 0 -0 0.0040035 -150 0 180 0 -180 0 180 0 -0
0 -180 0 -180 0 0 0 -0 0.00391731 30.6065 0 180 0 0 0 0 0 -180
0 0 0 -0 0 -180 0 -0 0.0040035 -150 0 180 0 180 0 180 0 -0
0 -180 0 0 0 180 0 -180 0.184233 -144.212 0 -180 0 -180 0 0 0 -180
0 0 0 180 0 0 0 -0 0.814386 -161.343 0 -0 0 -0 0 180 0 -0
inside=1 lambda=0.647 phi=15 theta=0
0 180 0 -180 0 -180 0 0 0.176383 -164.096 0 0 0 180 0 -180 0 -180
0 0 0 -0 0 -0 0 180 0.823208 -171.565 0 180 0 0 0 -0 0 -0
0 180 0 -0 0 0 0 180 3.79114e-13 106.071 0 -0 0 -0 0 180 0 -180
0 0 0 -0 0 180 0 0 7.93849e-13 98.0869 0 -0 0 -180 0 180 0 -0
0 -180 0 -180 0 0 0 -0 2.83416e-13 103.905 0 0 0 0 0 0 0 -180
0 -0 0 -0 0 180 0 -0 6.64825e-13 98.2111 0 180 0 180 0 180 0 -0
0 -180 0 0 0 -180 0 -180 0.194335 -164.498 0 -180 0 -180 0 0 0 -180
0 -0 0 180 0 -0 0 -0 0.805235 -171.798 0 -0 0 -0 0 180 0 -0
inside=1 lambda=0.647 phi=15 theta=15
0 180 0 -180 0 -180 0 0 0.177585 -164.126 0 0 0 180 0 -180 0 -180
0 0 0 -0 0 -0 0 180 0.822003 -171.58 0 180 0 0 0 -0 0 -0
0 180 0 -0 0 0 0 -180 0.0045003 11.1962 0 0 0 -0 0 180 0 -180
0 0 0 -0 0 180 0 -0 0.00457791 -160.627 0 180 0 -180 0 180 0 -0
0 -180 0 -180 0 0 0 -0 0.00450027 11.2178 0 180 0 0 0 0 0 -180
0 -0 0 -0 0 180 0 -0 0.00457727 -160.65 0 180 0 180 0 180 0 -0
0 -180 0 0 0 -180 0 -180 0.193132 -164.473 0 -180 0 -180 0 0 0 -180
0 -0 0 180 0 -0 0 -0 0.806439 -171.782 0 -0 0 -0 0 180 0 -0
inside=1 lambda=0.647 phi=15 theta=30
0 180 0 -180 0 -180 0 0 0.18087 -164.205 0 0 0 180 0 -180 0 -180
0 0 0 -0 0 -0 0 180 0.818713 -171.622 0 180 0 0 0 -0 0 -0
0 180 0 -0 0 0 0 -180 0.00779475 11.2009 0 0 0 -0 0 180 0 -180
0 0 0 -0 0 180 0 -0 0.00792892 -160.632 0 180 0 -180 0 180 0 -0
0 -180 0 -180 0 0 0 -0 0.00779471 11.2134 0 180 0 0 0 0 0 -180
0 -0 0 -0 0 -180 0 -0 0.00792828 -160.646 0 180 0 180 0 180 0 -0
0 -180 0 0 0 180 0 -180 0.189846 -164.405 0 -180 0 -180 0 0 0 -180
0 0 0 180 0 0 0 -0 0.809727 -171.738 0 -0 0 -0 0 180 0 -0
inside=1 lambda=0.647 phi=15 theta=45
0 180 0 -180 0 -180 0 0 0.185358 -164.308 0 0 0 180 0 -180 0 -180
0 0 0 -0 0 -0 0 180 0.81422 -171.68 0 180 0 0 0 -0 0 -0
0 -180 0 -0 0 0 0 -180 0.00900058 11.2073 0 0 0 -0 0 180 0 -180
0 0 0 -0 0 180 0 -0 0.00915515 -160.639 0 180 0 -180 0 180 0 -0
0 -180 0 -180 0 -0 0 -0 0.00900058 11.2073 0 180 0 0 0 0 0 -180
0 0 0 -0 0 -180 0 -0 0.00915515 -160.639 0 180 0 180 0 180 0 -0
0 180 0 0 0 180 0 -180 0.185358 -164.308 0 -180 0 -180 0 0 0 -180
0 0 0 180 0 0 0 -0 0.81422 -171.68 0 -0 0 -0 0 180 0 -0
inside=1 lambda=0.647 phi=20 theta=0
0 180 0 -180 0 -180 0 0 0.16945 168.187 0 0 0 180 0 -180 0 -180
0 0 0 -0 0 -0 0 180 0.830521 174.176 0 180 0 0 0 -0 0 -0
0 180 0 -0 0 0 0 -0 1.00173e-12 -102.292 0 180 0 -0 0 180 0 -180
0 0 0 -180 0 180 0 -180 2.28233e-12 -96.1376 0 0 0 -180 0 0 0 -0
0 -180 0 -180 0 0 0 180 9.87105e-13 -103.478 0 -0 0 0 0 0 0 -180
0 -0 0 -0 0 180 0 0 2.33994e-12 -95.4445 0 -180 0 180 0 180 0 -0
0 -180 0 0 0 -180 0 -180 0.201967 167.638 0 -180 0 -180 0 0 0 -180
0 -0 0 180 0 -0 0 -0 0.797874 173.771 0 -0 0 -0 0 180 0 -0
inside=1 lambda=0.647 phi=20 theta=15
0 180 0 -180 0 -180 0 0 0.171628 168.143 0 0 0 180 0 -180 0 -180
0 0 0 -0 0 -0 0 180 0.828333 174.15 0 180 0 0 0 -0 0 -0
0 180 0 -0 0 0 0 -180 0.00814396 -15.629 0 0 0 -0 0 180 0 -180
0 0 0 -180 0 180 0 -0 0.00830506 -175.381 0 180 0 -180 0 0 0 -0
0 -180 0 -180 0 0 0 -0 0.00814365 -15.5871 0 180 0 0 0 0 0 -180
0 -0 0 -0 0 180 0 -180 0.00830301 -175.424 0 0 0 180 0 180 0 -0
0 -180 0 0 0 -180 0 -180 0.199788 167.669 0 -180 0 -180 0 0 0 -180
0 -0 0 180 0 -0 0 -0 0.80006 173.8 0 -0 0 -0 0 180 0 -0
inside=1 lambda=0.647 phi=20 theta=30
0 180 0 -180 0 -180 0 0 0.177578 168.029 0 0 0 180 0 -180 0 -180
0 0 0 -0 0 -0 0 180 0.822355 174.078 0 180 0 0 0 -0 0 -0
0 180 0 -0 0 0 0 -180 0.0141057 -15.6195 0 0 0 -0 0 180 0 -180
0 0 0 -180 0 180 0 -0 0.0143839 -175.392 0 180 0 -180 0 0 0 -0
0 -180 0 -180 0 0 0 -0 0.0141054 -15.5954 0 180 0 0 0 0 0 -180
0 -0 0 -0 0 180 0 -180 0.0143819 -175.417 0 0 0 180 0 180 0 -0
0 -180 0 0 0 180 0 -180 0.193836 167.756 0 -180 0 -180 0 0 0 -180
0 -0 0 180 0 0 0 -0 0.806032 173.876 0 -0 0 -0 0 180 0 -0
inside=1 lambda=0.647 phi=20 theta=45
0 180 0 -180 0 -180 0 0 0.185706 167.886 0 0 0 180 0 -180 0 -180
0 0 0 -0 0 -0 0 180 0.814192 173.978 0 180 0 0 0 -0 0 -0
0 -180 0 -0 0 0 0 -180 0.0162877 -15.6071 0 0 0 -0 0 180 0 -180
0 -0 0 -180 0 180 0 -0 0.0166079 -175.406 0 180 0 -180 0 0 0 -0
0 -180 0 -180 0 -0 0 -0 0.0162877 -15.6071 0 180 0 0 0 0 0 -180
0 -0 0 -0 0 -180 0 -180 0.0166079 -175.406 0 0 0 180 0 180 0 -0
0 180 0 0 0 180 0 -180 0.185706 167.886 0 -180 0 -180 0 0 0 -180
0 0 0 180 0 0 0 -0 0.814192 173.978 0 -0 0 -0 0 180 0 -0
inside=1 lambda=0.647 phi=25 theta=0
0 180 0 -180 0 -180 0 0 0.158642 132.71 0 0 0 180 0 -180 0 -180
0 0 0 -0 0 -0 0 180 0.840634 156.048 0 180 0 0 0 -0 0 -0
0 180 0 -0 0 0 0 180 4.94774e-13 -141.583 0 -0 0 -0 0 180 0 -180
0 -0 0 -180 0 180 0 -0 1.18582e-12 -114.117 0 -180 0 180 0 0 0 -0
0 -180 0 -180 0 0 0 180 4.08667e-13 -148.411 0 -180 0 0 0 0 0 -180
0 -0 0 -0 0 180 0 -0 9.41078e-13 -113.028 0 -0 0 180 0 180 0 -0
0 -180 0 0 0 -180 0 -180 0.20967 132.134 0 -180 0 -180 0 0 0 -180
0 -0 0 180 0 -0 0 -0 0.788407 155.429 0 -0 0 -0 0 180 0 -0
inside=1 lambda=0.647 phi=25 theta=15
0 180 0 -180 0 -180 0 0 0.16206 132.658 0 0 0 180 0 -180 0 -180
0 0 0 -0 0 -0 0 180 0.837132 156.009 0 180 0 0 0 -0 0 -0
0 180 0 -0 0 0 0 -180 0.0127765 -50.1099 0 0 0 -0 0 180 0 -180
0 -0 0 -180 0 180 0 -0 0.0132708 165.991 0 180 0 180 0 0 0 -0
0 -180 0 -180 0 0 0 -0 0.0127747 -50.0387 0 0 0 0 0 0 0 -180
0 -0 0 -0 0 180 0 -180 0.0132657 165.922 0 0 0 180 0 180 0 -0
0 -180 0 0 0 -180 0 -180 0.206252 132.162 0 -180 0 -180 0 0 0 -180
0 -0 0 180 0 -0 0 -0 0.791902 155.473 0 -0 0 -0 0 180 0 -0
inside=1 lambda=0.647 phi=25 theta=30
0 180 0 -180 0 -180 0 0 0.171398 132.528 0 0 0 180 0 -180 0 -180
0 0 0 -0 0 -0 0 180 0.827567 155.9 0 180 0 0 0 -0 0 -0
0 180 0 -0 0 0 0 -180 0.0221292 -50.0931 0 0 0 -0 0 180 0 -180
0 -0 0 -180 0 180 0 -0 0.0229834 165.971 0 180 0 180 0 0 0 -0
0 -180 0 -180 0 0 0 -0 0.0221275 -50.0523 0 0 0 0 0 0 0 -180
0 -0 0 -0 0 180 0 -180 0.0229785 165.931 0 0 0 180 0 180 0 -0
0 -180 0 0 0 180 0 -180 0.196914 132.244 0 -180 0 -180 0 0 0 -180
0 -0 0 180 0 -0 0 -0 0.801453 155.591 0 -0 0 -0 0 180 0 -0
inside=1 lambda=0.647 phi=25 theta=45
0 180 0 -180 0 -180 0 0 0.184156 132.374 0 0 0 180 0 -180 0 -180
0 0 0 -0 0 -0 0 180 0.814506 155.748 0 180 0 0 0 -0 0 -0
0 180 0 -0 0 0 0 -180 0.0255518 -50.072 0 0 0 -0 0 180 0 -180
0 -0 0 -180 0 180 0 -0 0.0265359 165.949 0 180 0 180 0 0 0 -0
0 180 0 -180 0 -0 0 -0 0.0255518 -50.072 0 180 0 0 0 0 0 -180
0 -0 0 -0 0 180 0 -180 0.0265359 165.949 0 0 0 180 0 180 0 -0
0 180 0 0 0 180 0 -180 0.184156 132.374 0 -180 0 -180 0 0 0 -180
0 0 0 180 0 0 0 -0 0.814506 155.748 0 -0 0 -0 0 180 0 -0
inside=1 lambda=0.647 phi=30 theta=0
0 180 0 180 0 -180 0 0 0.144121 89.2619 0 0 0 180 0 180 0 -180
0 0 0 -0 0 -180 0 180 0.853872 134.201 0 0 0 0 0 -0 0 -180
0 180 0 -0 0 0 0 180 1.3669e-14 -174.703 0 -0 0 -0 0 180 0 -180
0 -0 0 -180 0 0 0 0 1.50604e-14 63.8991 0 -180 0 180 0 0 0 -180
0 -180 0 -180 0 0 0 -0 5.49399e-14 53.3243 0 -0 0 0 0 0 0 -180
0 -0 0 -0 0 180 0 -180 2.94091e-14 -10.8698 0 -180 0 180 0 180 0 -0
0 -180 0 0 0 -180 0 -180 0.216493 88.5895 0 -180 0 -180 0 0 0 -180
0 -0 0 180 0 -0 0 -180 0.776749 133.302 0 -0 0 -0 0 180 0 -0
inside=1 lambda=0.647 phi=30 theta=15
0 180 0 180 0 -180 0 0 0.148969 89.1913 0 0 0 180 0 180 0 -180
0 0 0 -0 0 -180 0 180 0.848698 134.146 0 0 0 0 0 -0 0 -180
0 180 0 -0 0 0 0 -180 0.0181316 -93.2378 0 0 0 -0 0 180 0 -180
0 -0 0 -180 0 0 0 -0 0.0195928 143.905 0 0 0 180 0 0 0 -180
0 -180 0 -180 0 0 0 -0 0.0181248 -93.1306 0 180 0 0 0 0 0 -180
0 -0 0 -0 0 180 0 -180 0.0195819 143.8 0 0 0 180 0 180 0 -0
0 -180 0 0 0 -180 0 -180 0.211647 88.6162 0 -180 0 -180 0 0 0 -180
0 -0 0 180 0 -0 0 -0 0.781907 133.368 0 -0 0 -180 0 0 0 -0
inside=1 lambda=0.647 phi=30 theta=30
0 180 0 -180 0 -180 0 0 0.162215 89.0232 0 0 0 180 0 180 0 -180
0 -0 0 -0 0 -180 0 180 0.834568 133.992 0 0 0 0 0 -0 0 -180
0 180 0 -0 0 0 0 -180 0.0314036 -93.211 0 0 0 -0 0 180 0 -180
0 -0 0 -180 0 0 0 -0 0.0339306 143.871 0 0 0 180 0 0 0 -180
0 -180 0 -180 0 0 0 -0 0.0313969 -93.15 0 180 0 0 0 0 0 -180
0 -0 0 -0 0 180 0 -180 0.0339199 143.811 0 0 0 0 0 0 0 -180
0 180 0 0 0 180 0 -180 0.198406 88.6992 0 -180 0 -180 0 0 0 -180
0 -0 0 180 0 -0 0 -0 0.796005 133.543 0 -0 0 -180 0 0 0 -180
inside=1 lambda=0.647 phi=30 theta=45
0 180 0 -180 0 -180 0 0 0.180311 88.8406 0 0 0 180 0 -180 0 -180
0 -0 0 -0 0 -180 0 180 0.815279 133.773 0 0 0 -0 0 -0 0 -180
0 180 0 -0 0 0 0 -180 0.0362586 -93.1787 0 0 0 -0 0 180 0 -180
0 -0 0 -180 0 0 0 -0 0.0391729 143.836 0 0 0 180 0 0 0 -180
0 180 0 -180 0 -0 0 -0 0.0362586 -93.1787 0 180 0 0 0 0 0 -180
0 -0 0 -0 0 180 0 -180 0.0391729 143.836 0 0 0 0 0 0 0 -180
0 180 0 0 0 180 0 -180 0.180311 88.8406 0 -180 0 -180 0 0 0 -180
0 -0 0 180 0 -0 0 -0 0.815279 133.773 0 -0 0 -180 0 0 0 -180
inside=1 lambda=0.647 phi=35 theta=0
0 180 0 180 0 -180 0 -0 0.127405 38.0184 0 0 0 180 0 180 0 -180
0 -0 0 -0 0 -180 0 180 0.870559 108.842 0 0 0 -0 0 -0 0 -180
0 180 0 -0 0 0 0 -0 1.12827e-13 103.201 0 180 0 -0 0 180 0 -180
0 -0 0 -180 0 0 0 0 2.45156e-13 -159.449 0 -180 0 180 0 0 0 -180
0 -180 0 -180 0 0 0 -0 1.00573e-13 112.654 0 -180 0 0 0 0 0 -180
0 -180 0 -180 0 0 0 180 3.25024e-13 -165.484 0 180 0 0 0 0 0 -180
0 -180 0 0 0 -180 0 -180 0.224426 36.2956 0 -180 0 -180 0 0 0 -180
0 -180 0 0 0 -180 0 -180 0.762221 107.525 0 -180 0 -180 0 0 0 -180
inside=1 lambda=0.647 phi=35 theta=15
0 180 0 180 0 -180 0 -0 0.133899 37.8142 0 0 0 180 0 180 0 -180
0 -0 0 -0 0 -180 0 180 0.863286 108.764 0 0 0 -0 0 -0 0 -180
0 180 0 -0 0 0 0 -180 0.0243532 -146.452 0 0 0 -0 0 180 0 -180
0 -0 0 -180 0 0 0 -0 0.0275658 118.79 0 0 0 180 0 0 0 -180
0 -180 0 -180 0 0 0 -0 0.0243348 -146.31 0 180 0 0 0 0 0 -180
0 -0 0 -180 0 180 0 -180 0.0275425 118.637 0 0 0 0 0 0 0 -180
0 -180 0 0 0 180 0 -180 0.217932 36.3559 0 -180 0 -180 0 0 0 -180
0 -0 0 180 0 -0 0 -180 0.76946 107.624 0 -180 0 -180 0 0 0 -180
inside=1 lambda=0.647 phi=35 theta=30
0 180 0 180 0 -180 0 -0 0.151651 37.3525 0 0 0 180 0 180 0 -180
0 -0 0 -0 0 -180 0 180 0.843425 108.543 0 0 0 -0 0 -0 0 -180
0 180 0 -0 0 0 0 -180 0.0421772 -146.412 0 0 0 -0 0 180 0 -180
0 -0 0 -180 0 0 0 -0 0.0477332 118.734 0 0 0 180 0 0 0 -180
0 180 0 -180 0 -0 0 -0 0.0421595 -146.333 0 180 0 0 0 0 0 -180
0 -0 0 -0 0 180 0 -180 0.047711 118.647 0 0 0 0 0 0 0 -180
0 180 0 0 0 180 0 -180 0.200178 36.5471 0 -180 0 -180 0 0 0 -180
0 -0 0 180 0 -0 0 -180 0.789252 107.887 0 -0 0 -180 0 0 0 -180
inside=1 lambda=0.647 phi=35 theta=45
0 180 0 -180 0 -180 0 -0 0.175914 36.8862 0 0 0 180 0 180 0 -180
0 -0 0 -180 0 -180 0 180 0.816322 108.226 0 0 0 -0 0 -0 0 -180
0 180 0 -0 0 0 0 -180 0.0486935 -146.369 0 0 0 -0 0 180 0 -180
0 -0 0 -180 0 0 0 -0 0.055103 118.679 0 0 0 180 0 0 0 -180
0 180 0 -180 0 -0 0 -0 0.0486935 -146.369 0 180 0 0 0 0 0 -180
0 -0 0 -0 0 180 0 -180 0.055103 118.679 0 0 0 0 0 0 0 -180
0 180 0 -0 0 180 0 -180 0.175914 36.8862 0 180 0 -180 0 0 0 -180
0 -0 0 180 0 -0 0 -180 0.816322 108.226 0 -0 0 -180 0 0 0 -180
inside=1 lambda=0.647 phi=40 theta=0
0 180 0 180 0 -180 0 -0 0.108783 -19.537 0 0 0 180 0 180 0 -180
0 -0 0 -0 0 -180 0 180 0.891456 80.2368 0 0 0 -0 0 -0 0 -180
0 180 0 -0 0 0 0 180 1.70273e-13 55.5208 0 -0 0 -0 0 180 0 -180
0 -0 0 180 0 0 0 -0 2.98196e-13 167.234 0 180 0 180 0 -0 0 -180
0 -180 0 -180 0 0 0 180 1.03844e-13 60.5742 0 0 0 0 0 0 0 -180
0 -180 0 -180 0 0 0 -0 2.85445e-13 168.634 0 0 0 0 0 0 0 -180
0 -180 0 0 0 -180 0 -180 0.240825 -24.4846 0 -180 0 -180 0 0 0 -180
0 -180 0 0 0 -180 0 -180 0.743012 78.2882 0 -180 0 -180 0 0 0 -180
inside=1 lambda=0.647 phi=40 theta=15
0 180 0 180 0 -180 0 -0 0.11757 -20.2361 0 0 0 180 0 180 0 -180
0 -0 0 -0 0 -180 0 180 0.881479 80.1248 0 0 0 -0 0 -0 0 -180
0 180 0 -0 0 0 0 180 0.0332843 150.995 0 0 0 -0 0 180 0 -180
0 -0 0 180 0 0 0 -180 0.0378775 90.6936 0 0 0 180 0 -0 0 -180
0 180 0 -180 0 -0 0 -0 0.033253 151.166 0 180 0 0 0 0 0 -180
0 -180 0 -180 0 0 0 180 0.0378269 90.4823 0 -0 0 0 0 0 0 -180
0 180 0 -0 0 180 0 -180 0.231968 -24.3411 0 180 0 -180 0 0 0 -180
0 -180 0 0 0 -0 0 -180 0.752917 78.4419 0 -180 0 -180 0 0 0 -180
inside=1 lambda=0.647 phi=40 theta=30
0 180 0 180 0 -180 0 -0 0.141662 -21.6904 0 0 0 180 0 180 0 -180
0 -0 0 -180 0 -180 0 180 0.854242 79.8086 0 0 0 -0 0 -0 0 -180
0 180 0 -0 0 0 0 180 0.0576444 151.048 0 0 0 -0 0 180 0 -180
0 -0 0 180 0 0 0 -180 0.0655754 90.6032 0 0 0 180 0 -0 0 -180
0 180 0 180 0 -0 0 -0 0.0576146 151.143 0 180 0 0 0 0 0 -180
0 -0 0 -180 0 180 0 180 0.0655292 90.4856 0 -0 0 0 0 0 0 -180
0 180 0 -0 0 180 0 -180 0.207754 -23.8752 0 180 0 -180 0 0 0 -180
0 -0 0 0 0 -0 0 -180 0.78001 78.842 0 -180 0 -180 0 0 0 -180
inside=1 lambda=0.647 phi=40 theta=45
0 180 0 180 0 -180 0 -0 0.174681 -23.0032 0 0 0 180 0 180 0 -180
0 -0 0 -180 0 -180 0 180 0.817091 79.3463 0 0 0 -0 0 -0 0 -180
0 180 0 -0 0 0 0 180 0.0665474 151.103 0 0 0 -0 0 180 0 -180
0 -0 0 180 0 0 0 -180 0.0756882 90.5242 0 0 0 180 0 -0 0 -180
0 180 0 180 0 -0 0 -0 0.0665474 151.103 0 180 0 0 0 0 0 -180
0 -0 0 -180 0 180 0 180 0.0756882 90.5242 0 -0 0 0 0 0 0 -180
0 180 0 -0 0 180 0 180 0.174681 -23.0032 0 180 0 -180 0 0 0 -180
0 -0 0 180 0 -0 0 -180 0.817091 79.3463 0 -0 0 -180 0 0 0 -180
inside=1 lambda=0.647 phi=45 theta=0
0 180 0 180 0 -180 0 -0 0.0838881 -81.6194 0 0 0 180 0 180 0 -180
0 -0 0 -180 0 180 0.00299988 -8.87066 0.918022 48.6859 0 -0 0 -0 0 -180 0 180
0 180 0 -0 0 0 0 180 2.67876e-13 -157.575 0 0 0 -0 0 180 0 -180
0 -0 0 180 0 -0 1.65719e-13 -80.8552 4.43759e-13 -60.6462 0 -0 0 180 0 -0 0 180
0 -180 0 -180 0 -0 0 -0 1.11955e-13 166.998 0 180 0 0 0 0 0 180
0 -180 0 -180 0 0 1.83729e-14 44.8221 2.37119e-13 -38.8927 0 180 0 0 0 0 0 -180
0 -180 0 0 0 180 0 -180 0.27312 -90.7885 0 180 0 -180 0 0 0 180
0 -180 0 0 0 -180 0.0177682 -174.683 0.716801 45.9566 0 -180 0 -180 0 0 0 -180
inside=1 lambda=0.647 phi=45 theta=15
0 180 0 180 0 -180 0 -0 0.0962867 -83.4045 0 0 0 180 0 180 0 -180
0 -0 0 -180 0 180 0 0 0.904526 48.5331 0 -0 0 -0 0 -180 0 180
0 180 0 -0 0 0 0 180 0.0477967 84.6782 0 0 0 -0 0 180 0 -180
0 -0 0 180 0 -0 0 -180 0.0514273 59.1442 0 -0 0 180 0 -0 0 180
0 180 0 180 0 -0 0 -0 0.0477648 84.9137 0 180 0 0 0 0 0 -180
0 -180 0 -180 0 0 0 180 0.0513214 58.8735 0 -0 0 -0 0 -0 0 -180
0 180 0 -0 0 180 0 -180 0.260415 -90.6078 0 180 0 -180 0 0 0 -180
0 -180 0 0 0 -180 0 -180 0.730226 46.1815 0 -180 0 180 0 -0 0 180
inside=1 lambda=0.647 phi=45 theta=30
0 180 0 180 0 -180 0 -0 0.130686 -86.4957 0 0 0 180 0 180 0 -180
0 -0 0 -180 0 180 0 0 0.867567 48.1067 0 -0 0 -0 0 -180 0 180
0 180 0 -0 0 0 0 180 0.0827922 84.7532 0 0 0 -0 0 180 0 -180
0 -180 0 180 0 -0 0 -180 0.0890014 59.0053 0 -0 0 180 0 -0 0 180
0 180 0 180 0 -0 0 -0 0.082764 84.878 0 180 0 0 0 0 0 -180
0 -180 0 -180 0 0 0 180 0.0889121 58.8571 0 -0 0 -0 0 -0 0 180
0 180 0 -0 0 180 0 -180 0.225594 -90.0047 0 180 0 -180 0 0 0 -180
0 -180 0 0 0 -0 0 -180 0.76692 46.7621 0 -180 0 180 0 -0 0 180
inside=1 lambda=0.647 phi=45 theta=45
0 180 0 180 0 -180 0 -0 0.178059 -88.7422 0 0 0 180 0 180 0 -180
0 -0 0 -180 0 180 0 0 0.817179 47.4733 0 -0 0 -0 0 -180 0 180
0 180 0 -0 0 0 0 180 0.0955888 84.8238 0 0 0 -0 0 180 0 -180
0 -180 0 180 0 -0 0 -180 0.102705 58.8976 0 -0 0 180 0 -0 0 180
0 180 0 180 0 -0 0 -0 0.0955888 84.8238 0 180 0 0 0 0 0 -180
0 -180 0 -180 0 180 0 180 0.102705 58.8976 0 -0 0 -0 0 -0 0 180
0 180 0 -0 0 180 0 180 0.178059 -88.7422 0 180 0 -180 0 0 0 -180
0 -0 0 0 0 -0 0 -180 0.817179 47.4733 0 -180 0 180 0 -0 0 180
