RSoft_BSDF_File_Version 2
1 0 5 2 1 0.274286
0.3 0.3
-1 1
-1 1
1 0.647 0.647
10 0 45 0.5
4 0 45
Begin_Dispersion_Data
0.647 1.45662 0 1 0 0
End_Dispersion_Data
inside=0 lambda=0.647 phi=0 theta=0
0 -0 0 -180 0 -0 0 0 0.174303 45.0773 0 0 0 -0 0 -180 0 -0
0 -180 0 -0 0 -180 0 180 1.18843 -153.835 0 180 0 -180 0 -0 0 -180
0 0 0 0 0 -180 0 0 3.1705e-12 105.042 0 0 0 -180 0 0 0 0
0 -180 0 -0 0 0 0 -0 3.09879e-12 -20.0197 0 -180 0 0 0 -180 0 -180
0 0 0 -180 0 -180 0 -180 1.50391e-13 -97.6596 0 -180 0 -180 0 -180 0 0
0 -180 0 180 0 0 0 180 3.74247e-14 38.8478 0 180 0 0 0 -0 0 -180
0 -0 0 0 0 -0 0 -180 0.174303 45.0773 0 -180 0 -0 0 0 0 -0
0 -180 0 180 0 -180 0 -0 1.18843 -153.835 0 -0 0 -180 0 180 0 -180
inside=0 lambda=0.647 phi=0 theta=15
0 -0 0 -180 0 -0 0 0 0.174303 45.0773 0 0 0 -0 0 -180 0 -0
0 -180 0 -0 0 -180 0 180 1.18843 -153.835 0 180 0 -180 0 -0 0 -180
0 0 0 0 0 -180 0 0 3.1705e-12 105.042 0 0 0 -180 0 0 0 0
0 -180 0 -0 0 0 0 -0 3.09879e-12 -20.0197 0 -180 0 0 0 -180 0 -180
0 0 0 -180 0 -180 0 -180 1.50391e-13 -97.6596 0 -180 0 -180 0 -180 0 0
0 -180 0 180 0 0 0 180 3.74247e-14 38.8478 0 180 0 0 0 -0 0 -180
0 -0 0 0 0 -0 0 -180 0.174303 45.0773 0 -180 0 -0 0 0 0 -0
0 -180 0 180 0 -180 0 -0 1.18843 -153.835 0 -0 0 -180 0 180 0 -180
inside=0 lambda=0.647 phi=0 theta=30
0 -0 0 -180 0 -0 0 0 0.174303 45.0773 0 0 0 -0 0 -180 0 -0
0 -180 0 -0 0 -180 0 180 1.18843 -153.835 0 180 0 -180 0 -0 0 -180
0 0 0 0 0 -180 0 0 3.1705e-12 105.042 0 0 0 -180 0 0 0 0
0 -180 0 -0 0 0 0 -0 3.09879e-12 -20.0197 0 -180 0 0 0 -180 0 -180
0 0 0 -180 0 -180 0 -180 1.50391e-13 -97.6596 0 -180 0 -180 0 -180 0 0
0 -180 0 180 0 0 0 180 3.74247e-14 38.8478 0 180 0 0 0 -0 0 -180
0 -0 0 0 0 -0 0 -180 0.174303 45.0773 0 -180 0 -0 0 0 0 -0
0 -180 0 180 0 -180 0 -0 1.18843 -153.835 0 -0 0 -180 0 180 0 -180
inside=0 lambda=0.647 phi=0 theta=45
0 -0 0 -180 0 -0 0 0 0.174303 45.0773 0 0 0 -0 0 -180 0 -0
0 -180 0 -0 0 -180 0 180 1.18843 -153.835 0 180 0 -180 0 -0 0 -180
0 0 0 0 0 -180 0 0 3.1705e-12 105.042 0 0 0 -180 0 0 0 0
0 -180 0 -0 0 0 0 -0 3.09879e-12 -20.0197 0 -180 0 0 0 -180 0 -180
0 0 0 -180 0 -180 0 -180 1.50391e-13 -97.6596 0 -180 0 -180 0 -180 0 0
0 -180 0 180 0 0 0 180 3.74247e-14 38.8478 0 180 0 0 0 -0 0 -180
0 -0 0 0 0 -0 0 -180 0.174303 45.0773 0 -180 0 -0 0 0 0 -0
0 -180 0 180 0 -180 0 -0 1.18843 -153.835 0 -0 0 -180 0 180 0 -180
inside=0 lambda=0.647 phi=5 theta=0
0 -0 0 -180 0 0 0 0 0.173033 43.6479 0 0 0 -0 0 -180 0 0
0 -180 0 -0 0 -180 0 180 1.18614 -154.717 0 180 0 -180 0 -0 0 -180
0 -0 0 -180 0 -180 0 -0 1.21229e-13 -175.984 0 -0 0 180 0 0 0 0
0 -180 0 -0 0 0 0 180 1.19418e-13 -44.2557 0 -180 0 0 0 180 0 -180
0 0 0 -180 0 -180 0 180 5.88145e-14 170.091 0 180 0 -180 0 0 0 0
0 -180 0 -0 0 0 0 -180 2.36206e-13 -59.4599 0 -0 0 0 0 180 0 -180
0 -0 0 0 0 -0 0 -180 0.176921 43.5619 0 -180 0 -0 0 0 0 -0
0 -180 0 180 0 -180 0 -0 1.19043 -154.724 0 -0 0 -180 0 180 0 -180
inside=0 lambda=0.647 phi=5 theta=15
0 -0 0 -180 0 0 0 0 0.173294 43.642 0 0 0 -0 0 -180 0 0
0 -180 0 -0 0 -180 0 180 1.18643 -154.717 0 180 0 -180 0 -0 0 -180
0 -0 0 -180 0 -180 0 -180 0.00100396 -138.467 0 0 0 180 0 0 0 0
0 -180 0 -0 0 0 0 -0 0.00110874 9.31024 0 180 0 0 0 180 0 -180
0 0 0 -180 0 -180 0 -180 0.00100376 -138.479 0 0 0 -180 0 0 0 0
0 -180 0 -0 0 0 0 -0 0.00110734 9.45168 0 180 0 0 0 180 0 -180
0 -0 0 0 0 -0 0 -180 0.176661 43.5675 0 -180 0 -0 0 0 0 -0
0 -180 0 180 0 -180 0 -0 1.19014 -154.724 0 -0 0 -180 0 180 0 -180
inside=0 lambda=0.647 phi=5 theta=30
0 -0 0 -180 0 -0 0 0 0.174006 43.6259 0 0 0 -0 0 -180 0 0
0 -180 0 -0 0 -180 0 180 1.18721 -154.719 0 180 0 -180 0 -0 0 -180
0 -0 0 -180 0 -180 0 -180 0.00173883 -138.47 0 0 0 180 0 0 0 0
0 -180 0 -0 0 0 0 -0 0.00191988 9.34075 0 180 0 0 0 180 0 -180
0 0 0 -180 0 -180 0 -180 0.00173864 -138.476 0 0 0 -180 0 0 0 0
0 -180 0 -0 0 0 0 -0 0.00191848 9.4224 0 180 0 0 0 180 0 -180
0 -0 0 0 0 -0 0 -180 0.17595 43.5829 0 -180 0 -0 0 0 0 -0
0 -180 0 180 0 -180 0 -0 1.18936 -154.723 0 -0 0 -180 0 180 0 -180
inside=0 lambda=0.647 phi=5 theta=45
0 -0 0 -180 0 -0 0 0 0.174979 43.6042 0 0 0 -0 0 -180 0 0
0 -180 0 -0 0 -180 0 180 1.18828 -154.721 0 180 0 -180 0 -0 0 -180
0 0 0 -180 0 -180 0 -180 0.00200772 -138.473 0 0 0 -180 0 0 0 0
0 -180 0 -0 0 0 0 -0 0.00221607 9.38189 0 180 0 0 0 180 0 -180
0 0 0 -180 0 -180 0 -180 0.00200772 -138.473 0 0 0 -180 0 0 0 0
0 -180 0 -0 0 0 0 -0 0.00221607 9.38189 0 180 0 0 0 180 0 -180
0 -0 0 0 0 -0 0 -180 0.174979 43.6042 0 -180 0 -0 0 0 0 0
0 -180 0 180 0 -180 0 -0 1.18828 -154.721 0 -0 0 -180 0 180 0 -180
inside=0 lambda=0.647 phi=10 theta=0
0 -0 0 -180 0 0 0 0 0.168761 39.43 0 0 0 -0 0 -180 0 0
0 -180 0 -0 0 180 0 180 1.17908 -157.357 0 180 0 -180 0 -0 0 180
0 -0 0 -180 0 -180 0 -0 3.05474e-14 130.86 0 -180 0 180 0 0 0 0
0 -180 0 -0 0 -0 0 -0 5.6685e-14 -58.5707 0 180 0 0 0 180 0 180
0 0 0 -180 0 -180 0 180 4.89457e-14 -98.6251 0 -180 0 -180 0 0 0 0
0 -180 0 -0 0 0 0 0 2.44012e-14 105.899 0 -180 0 0 0 180 0 -180
0 -0 0 0 0 -0 0 -180 0.184909 39.0351 0 -180 0 -0 0 0 0 -0
0 -180 0 180 0 -180 0 -0 1.19666 -157.382 0 -0 0 -180 0 180 0 -180
inside=0 lambda=0.647 phi=10 theta=15
0 -0 0 -180 0 0 0 0 0.169848 39.4001 0 0 0 -0 0 -180 0 0
0 -180 0 -0 0 180 0 180 1.18026 -157.359 0 180 0 -180 0 -0 0 180
0 -0 0 -180 0 -180 0 -180 0.00416171 -143.047 0 0 0 180 0 0 0 0
0 -180 0 -0 0 -0 0 -0 0.0045474 6.78575 0 180 0 0 0 180 0 180
0 0 0 -180 0 -180 0 -180 0.00415869 -143.098 0 0 0 -180 0 0 0 0
0 -180 0 -0 0 0 0 -0 0.00452408 7.36665 0 180 0 0 0 180 0 -180
0 -0 0 0 0 -0 0 -180 0.183833 39.0586 0 -180 0 -0 0 0 0 0
0 -180 0 180 0 -180 0 -0 1.19548 -157.381 0 -0 0 -180 0 180 0 -180
inside=0 lambda=0.647 phi=10 theta=30
0 -0 0 -180 0 0 0 0 0.172814 39.3214 0 0 0 -0 0 -180 0 0
0 -180 0 -0 0 180 0 180 1.18347 -157.365 0 180 0 -180 0 -0 0 180
0 -0 0 -180 0 -180 0 -180 0.00720688 -143.06 0 0 0 180 0 0 0 0
0 -180 0 -0 0 -0 0 -0 0.00786701 6.91906 0 180 0 0 0 180 0 180
0 -0 0 -180 0 180 0 -180 0.00720388 -143.09 0 0 0 -180 0 0 0 0
0 -180 0 -0 0 0 0 -0 0.00784375 7.25398 0 180 0 0 0 180 0 -180
0 -0 0 0 0 -0 0 -180 0.180889 39.1247 0 -180 0 -0 0 0 0 0
0 -180 0 180 0 -180 0 -0 1.19226 -157.378 0 -0 0 -180 0 180 0 -180
inside=0 lambda=0.647 phi=10 theta=45
0 -0 0 -180 0 0 0 0 0.176857 39.2199 0 0 0 -0 0 -180 0 0
0 -180 0 -0 0 -180 0 180 1.18786 -157.373 0 180 0 -180 0 -0 0 180
0 -0 0 -180 0 -180 0 -180 0.00831988 -143.077 0 0 0 180 0 0 0 0
0 -180 0 -0 0 0 0 -0 0.00907018 7.09166 0 180 0 0 0 180 0 180
0 -0 0 -180 0 180 0 -180 0.00831988 -143.077 0 0 0 -180 0 0 0 0
0 -180 0 -0 0 0 0 -0 0.00907018 7.09166 0 180 0 0 0 180 0 180
0 -0 0 0 0 -0 0 -180 0.176857 39.2199 0 -180 0 0 0 0 0 0
0 -180 0 180 0 -180 0 -0 1.18786 -157.373 0 -0 0 -180 0 180 0 180
inside=0 lambda=0.647 phi=15 theta=0
0 -0 0 -180 0 0 0 0 0.160009 32.6479 0 0 0 -0 0 -180 0 0
0 -180 0 -0 0 180 0 180 1.16661 -161.741 0 180 0 -180 0 -0 0 180
0 -0 0 -180 0 -180 0 -0 3.58701e-14 26.5317 0 180 0 180 0 0 0 0
0 -180 0 -0 0 -0 0 -180 4.50566e-14 -132.969 0 -180 0 0 0 180 0 180
0 0 0 -180 0 -180 0 -0 8.55642e-15 -116.972 0 180 0 -180 0 0 0 0
0 -180 0 -0 0 0 0 -0 1.40977e-14 49.7889 0 -0 0 0 0 180 0 -180
0 -0 0 0 0 -0 0 -180 0.198678 31.5369 0 -180 0 -0 0 0 0 -0
0 -180 0 180 0 -180 0 -0 1.20794 -161.777 0 -0 0 -180 0 180 0 -180
inside=0 lambda=0.647 phi=15 theta=15
0 -0 0 -180 0 0 0 0 0.162625 32.5508 0 0 0 -0 0 -180 0 0
0 -180 0 -0 0 180 0 180 1.16936 -161.747 0 180 0 -180 0 -0 0 180
0 -0 0 -180 0 -180 0 -180 0.00993622 -150.596 0 0 0 180 0 0 0 0
0 -180 0 -0 0 -0 0 -0 0.0107028 2.60207 0 180 0 0 0 180 0 180
0 -0 0 -180 0 -180 0 -180 0.00992245 -150.735 0 0 0 -180 0 0 0 0
0 -180 0 -0 0 0 0 -0 0.0105759 3.97322 0 180 0 0 0 180 0 180
0 -0 0 0 0 -0 0 -180 0.196123 31.595 0 -180 0 -0 0 0 0 0
0 -180 0 180 0 -180 0 -0 1.20515 -161.779 0 -0 0 -180 0 180 0 180
inside=0 lambda=0.647 phi=15 theta=30
0 -0 0 -180 0 0 0 0 0.169758 32.3069 0 0 0 -0 0 -180 0 0
0 -180 0 -0 0 180 0 180 1.1769 -161.762 0 180 0 -180 0 -0 0 180
0 -0 0 -180 0 -180 0 -180 0.0172013 -150.64 0 0 0 180 0 0 0 0
0 -180 0 -0 0 -0 0 -0 0.018481 2.95068 0 180 0 0 0 180 0 180
0 -0 0 -180 0 180 0 -180 0.017188 -150.719 0 0 0 -180 0 0 0 0
0 -180 0 -0 0 0 0 -0 0.0183559 3.73655 0 180 0 0 0 180 0 180
0 -0 0 0 0 -0 0 -180 0.189109 31.7623 0 -180 0 0 0 0 0 0
0 -180 0 180 0 -180 0 -0 1.19756 -161.781 0 -0 0 -180 0 180 0 180
inside=0 lambda=0.647 phi=15 theta=45
0 -0 0 -180 0 0 0 0 0.179462 32.0157 0 0 0 -0 0 -180 0 0
0 -180 0 -0 0 180 0 180 1.18722 -161.776 0 180 0 -180 0 -0 0 180
0 -0 0 -180 0 -180 0 -180 0.0198528 -150.687 0 0 0 180 0 0 0 0
0 -180 0 -0 0 -0 0 -0 0.0212624 3.37118 0 180 0 0 0 180 0 180
0 -0 0 -180 0 180 0 -180 0.0198528 -150.687 0 0 0 -180 0 0 0 0
0 -180 0 -0 0 0 0 -0 0.0212624 3.37118 0 180 0 -0 0 180 0 180
0 -0 0 0 0 -0 0 -180 0.179462 32.0157 0 -180 0 0 0 0 0 0
0 -180 0 180 0 -180 0 -0 1.18722 -161.776 0 -0 0 180 0 180 0 180
inside=0 lambda=0.647 phi=20 theta=0
0 -180 0 -180 0 0 0 0 0.144003 23.787 0 0 0 -180 0 -180 0 0
0 -180 0 -0 0 180 0 180 1.14724 -167.849 0 180 0 -180 0 -0 0 180
0 -0 0 -180 0 -180 0 180 1.96132e-14 100.824 0 -0 0 180 0 0 0 0
0 -180 0 -0 0 -0 0 180 1.07376e-14 65.8019 0 0 0 0 0 180 0 180
0 -0 0 -180 0 -180 0 -0 3.40765e-14 -96.2584 0 180 0 180 0 0 0 0
0 -180 0 -0 0 0 0 -180 1.46676e-14 164.458 0 -0 0 0 0 180 0 -180
0 -0 0 0 0 -0 0 -180 0.219006 21.0721 0 -180 0 -0 0 0 0 -0
0 -180 0 180 0 -180 0 -0 1.22593 -167.839 0 -0 0 -180 0 180 0 -180
inside=0 lambda=0.647 phi=20 theta=15
0 -180 0 -180 0 0 0 0 0.149104 23.4924 0 0 0 -0 0 -180 0 0
0 -180 0 -0 0 180 0 180 1.15249 -167.863 0 180 0 -180 0 0 0 180
0 -0 0 -180 0 -180 0 -180 0.0192025 -161.035 0 0 0 180 0 0 0 0
0 -180 0 -0 0 -0 0 -0 0.0204298 -3.25606 0 180 0 0 0 180 0 180
0 -0 0 -180 0 180 0 -180 0.0191676 -161.338 0 180 0 -180 0 0 0 0
0 -180 0 -0 0 0 0 -0 0.0199774 -0.62475 0 180 0 0 0 180 0 180
0 -0 0 0 0 -0 0 -180 0.214128 21.1939 0 -180 0 -0 0 0 0 0
0 -180 0 180 0 -180 0 -0 1.22059 -167.859 0 -0 0 -180 0 180 0 180
inside=0 lambda=0.647 phi=20 theta=30
0 -180 0 -180 0 0 0 0 0.163009 22.8152 0 0 0 -0 0 -180 0 0
0 -180 0 -0 0 180 0 180 1.16681 -167.892 0 180 0 -180 0 0 0 180
0 -0 0 -180 0 -180 0 -180 0.0332246 -161.15 0 0 0 180 0 0 0 0
0 -180 0 -0 0 -0 0 -0 0.0351458 -2.48233 0 180 0 0 0 180 0 180
0 -0 0 -180 0 180 0 -180 0.0331943 -161.316 0 180 0 -180 0 0 0 0
0 -180 0 -0 0 0 0 -0 0.0347162 -1.00125 0 180 0 -0 0 180 0 180
0 -0 0 0 0 -0 0 -180 0.200622 21.5454 0 -180 0 0 0 0 0 0
0 -180 0 180 0 -180 0 -0 1.20609 -167.894 0 -0 0 180 0 180 0 180
inside=0 lambda=0.647 phi=20 theta=45
0 -180 0 -180 0 0 0 0 0.181905 22.1033 0 0 0 -0 0 -180 0 0
0 -180 0 -0 0 180 0 180 1.18641 -167.908 0 180 0 -180 0 -0 0 180
0 -0 0 -180 0 -180 0 -180 0.0383366 -161.255 0 0 0 180 0 0 0 0
0 -180 0 -0 0 -0 0 -0 0.0403015 -1.64757 0 180 0 0 0 180 0 180
0 -0 0 -180 0 180 0 -180 0.0383366 -161.255 0 0 0 -180 0 0 0 0
0 -180 0 -0 0 0 0 -0 0.0403015 -1.64757 0 180 0 -0 0 180 0 180
0 -180 0 0 0 -0 0 -180 0.181905 22.1033 0 -180 0 0 0 0 0 0
0 -180 0 180 0 -180 0 -0 1.18641 -167.908 0 -0 0 180 0 180 0 180
inside=0 lambda=0.647 phi=25 theta=0
0 -180 0 -180 0 0 0 0 0.116034 14.2724 0 0 0 -180 0 -180 0 0
0 -180 0 0 0 180 0 180 1.11782 -175.646 0 180 0 -180 0 0 0 180
0 -0 0 -180 0 -180 0 180 4.20845e-14 -93.5513 0 -0 0 180 0 0 0 0
0 -180 0 -0 0 -0 0 -180 5.71652e-14 120.67 0 180 0 0 0 180 0 180
0 -0 0 -180 0 -180 0 -0 4.85423e-14 13.2715 0 -0 0 180 0 0 0 0
0 -180 0 -0 0 -0 0 -180 4.12798e-14 -140.707 0 0 0 0 0 180 0 180
0 -0 0 0 0 0 0 -180 0.247148 7.48657 0 -180 0 -0 0 0 0 0
0 -180 0 180 0 180 0 -0 1.25413 -175.413 0 -0 0 -180 0 180 0 180
inside=0 lambda=0.647 phi=25 theta=15
0 -180 0 -180 0 0 0 0 0.125008 13.2257 0 0 0 -180 0 -180 0 0
0 -180 0 -0 0 180 0 180 1.1269 -175.681 0 180 0 -180 0 0 0 180
0 -0 0 -180 0 -180 0 -180 0.0335115 -174.32 0 0 0 180 0 0 0 0
0 -180 0 -0 0 -0 0 -0 0.0356075 -10.9798 0 180 0 0 0 180 0 180
0 -0 0 -180 0 180 0 -180 0.0334596 -174.923 0 180 0 180 0 0 0 0
0 -180 0 -0 0 0 0 -180 0.0342339 -6.33641 0 0 0 0 0 180 0 180
0 -0 0 0 0 -0 0 -180 0.238979 7.74856 0 -180 0 -0 0 0 0 0
0 -180 0 180 0 -180 0 -0 1.24471 -175.505 0 -0 0 -180 0 180 0 180
inside=0 lambda=0.647 phi=25 theta=30
0 -180 0 -180 0 0 0 0 0.149468 11.2293 0 0 0 -0 0 -180 0 0
0 -180 0 -0 0 180 0 180 1.15166 -175.737 0 180 0 -180 0 0 0 180
0 -0 0 -180 0 -180 0 -180 0.0579162 -174.592 0 0 0 180 0 0 0 0
0 -180 0 -0 0 -0 0 -0 0.0607486 -9.31273 0 180 0 0 0 0 0 180
0 -0 0 -180 0 180 0 -180 0.0578963 -174.892 0 180 0 -180 0 0 0 0
0 -180 0 -0 0 0 0 -180 0.0595813 -6.82117 0 0 0 -0 0 180 0 180
0 -180 0 0 0 -0 0 -180 0.21562 8.44296 0 -180 0 0 0 0 0 0
0 -180 0 180 0 -180 0 -0 1.21949 -175.659 0 -0 0 180 0 180 0 180
inside=0 lambda=0.647 phi=25 theta=45
0 -180 0 -180 0 0 0 0 0.182738 9.56076 0 0 0 -0 0 -180 0 0
0 -180 0 -0 0 180 0 180 1.1855 -175.743 0 180 0 -180 0 -0 0 180
0 -0 0 -180 0 -180 0 -180 0.0668276 -174.796 0 0 0 180 0 180 0 0
0 -180 0 -0 0 -0 0 -0 0.0693281 -7.81358 0 180 0 0 0 0 0 180
0 -0 0 -180 0 180 0 -180 0.0668276 -174.796 0 180 0 -180 0 0 0 0
0 -180 0 -0 0 0 0 -0 0.0693281 -7.81358 0 0 0 -0 0 180 0 180
0 -180 0 0 0 -0 0 -180 0.182738 9.56076 0 -180 0 0 0 0 0 0
0 -180 0 180 0 -180 0 -0 1.1855 -175.743 0 -0 0 180 0 180 0 180
inside=0 lambda=0.647 phi=30 theta=0
0 -180 0 180 0 0 0.0479298 -46.693 0.0640156 11.6961 0 0 0 -180 0 180 0 0
0 -180 0 0 0 180 0 -180 1.0659 175.022 0 180 0 -180 0 0 0 180
0 -0 0 -180 0 -180 2.65317e-14 -142.183 7.60312e-14 -149.236 0 -0 0 180 0 0 0 0
0 -180 0 -180 0 -0 0 -180 9.85569e-15 -32.3027 0 -180 0 0 0 0 0 180
0 -0 0 -180 0 -180 3.90121e-13 -99.1285 7.38064e-14 16.353 0 -0 0 180 0 0 0 0
0 -180 0 -0 0 -0 0 180 1.88296e-13 -136.197 0 -0 0 0 0 180 0 180
0 -0 0 0 0 0 0.289791 -99.9414 0.288369 -11.9462 0 -180 0 -0 0 0 0 0
0 -180 0 180 0 180 0 -0 1.28562 176.232 0 -0 0 -180 0 180 0 180
inside=0 lambda=0.647 phi=30 theta=15
0 -180 0 -180 0 0 0 -0 0.0827354 7.17822 0 0 0 -180 0 180 0 0
0 -180 0 0 0 180 0 180 1.08647 174.922 0 180 0 -180 0 0 0 180
0 -0 0 -180 0 -180 0 -180 0.0561471 169.632 0 0 0 180 0 0 0 0
0 -180 0 -180 0 -0 0 -0 0.061839 -21.9041 0 180 0 0 0 0 0 180
0 -0 0 -180 0 180 0 -180 0.0560289 168.316 0 180 0 180 0 0 0 0
0 -180 0 -0 0 0 0 -180 0.0564688 -13.3089 0 0 0 0 0 180 0 180
0 -180 0 0 0 -0 0 -180 0.271335 -9.37483 0 -180 0 -0 0 0 0 0
0 -180 0 180 0 -180 0 -0 1.28437 175.731 0 -0 0 -180 0 180 0 180
inside=0 lambda=0.647 phi=30 theta=30
0 -180 0 -180 0 0 0 0 0.123782 -1.48565 0 0 0 -180 0 180 0 0
0 -180 0 -0 0 180 0 180 1.12791 174.716 0 180 0 -180 0 0 0 180
0 -0 0 -180 0 -180 0 -180 0.0963634 168.899 0 0 0 180 0 180 0 0
0 -180 0 -180 0 -0 0 -0 0.101714 -17.551 0 180 0 0 0 0 0 180
0 -0 0 -180 0 180 0 -180 0.0965242 168.418 0 180 0 -180 0 0 0 0
0 -180 0 -0 0 0 0 -180 0.0989106 -13.6266 0 0 0 -0 0 180 0 180
0 -180 0 0 0 -0 0 -180 0.235075 -7.76765 0 -180 0 0 0 0 0 0
0 -180 0 180 0 -180 0 -0 1.2411 175.024 0 -0 0 180 0 180 0 180
inside=0 lambda=0.647 phi=30 theta=45
0 -180 0 -180 0 0 0 0 0.179669 -5.64037 0 0 0 -0 0 -180 0 0
0 -180 0 -0 0 180 0 180 1.18444 174.752 0 180 0 -180 0 0 0 180
0 -0 0 -180 0 -180 0 -180 0.111257 168.542 0 0 0 180 0 180 0 0
0 -180 0 -180 0 -0 0 -0 0.115335 -15.0016 0 180 0 0 0 0 0 180
0 -0 0 -180 0 180 0 -180 0.111257 168.542 0 180 0 -180 0 0 0 0
0 -180 0 -0 0 0 0 -180 0.115335 -15.0016 0 0 0 -0 0 180 0 180
0 -180 0 0 0 -0 0 -180 0.179669 -5.64037 0 -180 0 0 0 0 0 0
0 -180 0 180 0 -180 0 -0 1.18444 174.752 0 0 0 180 0 180 0 180
inside=0 lambda=0.647 phi=35 theta=0
0 -180 0 180 0 0 0.109544 -7.44732 0.0381683 106.479 0 0 0 -180 0 180 0 0
0 -180 0 0 0 0 0 -180 0.976177 163.289 0 180 0 -180 0 0 0 0
0 -0 0 -180 0 -180 7.20064e-14 -58.3552 8.58093e-14 -126.998 0 -0 0 180 0 0 0 0
0 -180 0 -180 0 -180 0 -0 1.31057e-13 31.1055 0 -0 0 0 0 0 0 0
0 -0 0 -180 0 -180 1.01711e-11 -28.7599 2.09556e-12 -137.78 0 0 0 180 0 0 0 0
0 -180 0 -0 0 -0 0 -180 1.557e-12 27.6678 0 -180 0 0 0 180 0 180
0 -0 0 0 0 0 0.282949 -46.0299 0.392068 -30.7864 0 -180 0 -0 0 0 0 0
0 -0 0 180 0 180 0 -0 1.3222 165.309 0 -0 0 -0 0 180 0 180
inside=0 lambda=0.647 phi=35 theta=15
0 -180 0 180 0 0 0.104859 -30.6833 0.0259266 67.0557 0 0 0 -180 0 180 0 0
0 -180 0 0 0 0 0 -180 1.00434 163.476 0 180 0 -180 0 0 0 0
0 -0 0 -180 0 -180 0.0912322 -57.9941 0.09032 151.722 0 0 0 180 0 0 0 0
0 -180 0 -180 0 -0 0 -0 0.112956 -28.2256 0 180 0 0 0 0 0 0
0 -0 0 -180 0 180 0.0737705 -66.8247 0.0937783 149.538 0 0 0 180 0 0 0 0
0 -180 0 -0 0 -0 0 -180 0.0981108 -21.2897 0 0 0 0 0 180 0 180
0 -0 0 -0 0 -0 0.276012 -67.9786 0.351175 -31.0017 0 180 0 -0 0 0 0 0
0 -0 0 180 0 -180 0 -0 1.31363 165.303 0 -0 0 -180 0 180 0 180
inside=0 lambda=0.647 phi=35 theta=30
0 -180 0 -180 0 0 0 -0 0.0754662 -9.7503 0 0 0 -180 0 180 0 0
0 -180 0 -0 0 180 0 180 1.08616 163.474 0 180 0 -180 0 0 0 0
0 -0 0 -180 0 -180 0 -180 0.16114 149.022 0 0 0 180 0 0 0 0
0 -180 0 -180 0 -0 0 -0 0.174818 -27.4248 0 180 0 0 0 0 0 180
0 -0 0 -180 0 180 0 -180 0.162113 148.339 0 180 0 180 0 0 0 0
0 -180 0 -0 0 0 0 -180 0.168009 -21.3834 0 0 0 -0 0 180 0 180
0 -180 0 -0 0 -0 0 -180 0.263033 -27.7363 0 180 0 -0 0 0 0 0
0 -180 0 180 0 -180 0 -0 1.27891 164.386 0 -0 0 180 0 180 0 180
inside=0 lambda=0.647 phi=35 theta=45
0 -180 0 -180 0 0 0 -0 0.168734 -23.7754 0 0 0 -0 0 180 0 0
0 -180 0 -0 0 180 0 180 1.18282 163.613 0 180 0 -180 0 0 0 0
0 -0 0 -180 0 -180 0 -180 0.186247 148.402 0 0 0 180 0 180 0 0
0 -180 0 -180 0 -0 0 -0 0.196389 -23.1508 0 180 0 0 0 0 0 180
0 -0 0 -180 0 180 0 -180 0.186247 148.402 0 180 0 -180 0 0 0 0
0 -180 0 -0 0 0 0 -180 0.196389 -23.1508 0 0 0 -0 0 180 0 180
0 -180 0 -0 0 -0 0 -180 0.168734 -23.7754 0 180 0 0 0 0 0 0
0 -180 0 180 0 -180 0 -0 1.18282 163.613 0 0 0 180 0 180 0 0
inside=0 lambda=0.647 phi=40 theta=0
0 -0 0 180 0 0 0.126522 30.4446 0.215019 113.917 0 0 0 -0 0 180 0 0
0 -180 0 0 0 0 0 -180 0.788639 149.424 0 0 0 -180 0 0 0 0
0 -0 0 -180 0 -180 3.65266e-13 99.2294 2.56833e-13 85.6899 0 -180 0 180 0 0 0 0
0 -180 0 -180 0 -180 0 0 2.10733e-13 -38.6725 0 -180 0 0 0 0 0 0
0 -0 0 180 0 180 3.28254e-12 23.9564 3.7784e-13 91.3571 0 0 0 180 0 -0 0 -0
0 -0 0 -0 0 -0 0 -180 6.47654e-13 -97.8665 0 -0 0 180 0 180 0 180
0 -0 0 0 0 -0 0.279221 21.7862 0.5462 -47.1479 0 180 0 -0 0 0 0 -0
0 -0 0 180 0 180 0 -0 1.43273 151.487 0 -0 0 -0 0 180 0 180
inside=0 lambda=0.647 phi=40 theta=15
0 -0 0 180 0 0 0.153883 0.791952 0.167343 113.739 0 0 0 -180 0 180 0 0
0 -180 0 0 0 0 0 -180 0.839681 149.557 0 0 0 -180 0 0 0 0
0 -0 0 -180 0 -180 0.171157 -34.6622 0.155806 125.999 0 0 0 180 0 0 0 0
0 -180 0 -180 0 -180 0 -0 0.221815 -38.0467 0 180 0 0 0 0 0 0
0 -0 0 180 0 180 0.112457 -18.3591 0.167824 125.889 0 0 0 180 0 0 0 0
0 -0 0 -0 0 -0 0 -0 0.185503 -29.1985 0 0 0 180 0 180 0 180
0 -0 0 -0 0 -0 0.261038 -16.2416 0.490409 -50.1996 0 180 0 0 0 0 0 0
0 -0 0 180 0 -180 0 -0 1.41457 152.41 0 -0 0 -0 0 180 0 180
inside=0 lambda=0.647 phi=40 theta=30
0 -180 0 -180 0 0 0.12617 -76.9744 0.0502813 96.9958 0 0 0 -180 0 180 0 0
0 -180 0 0 0 0 0 -180 0.984911 150.404 0 180 0 -180 0 0 0 0
0 -180 0 -180 0 -180 0.224718 -90.2004 0.297663 125.812 0 0 0 0 0 0 0 0
0 -180 0 -180 0 -180 0 -0 0.349036 -36.9918 0 180 0 0 0 0 0 0
0 -0 0 -180 0 180 0.126155 -95.1783 0.303269 125.184 0 0 0 180 0 0 0 0
0 -180 0 -0 0 0 0 -180 0.323933 -30.283 0 0 0 -0 0 180 0 180
0 -180 0 -0 0 -0 0.264308 -94.8171 0.327752 -52.8651 0 180 0 -0 0 0 0 0
0 -180 0 180 0 -180 0 -0 1.34089 152.728 0 -0 0 180 0 180 0 0
inside=0 lambda=0.647 phi=40 theta=45
0 -180 0 -180 0 0 0 -0 0.139249 -45.8164 0 0 0 -0 0 180 0 0
0 -180 0 -0 0 0 0 180 1.17731 150.942 0 180 0 -180 0 0 0 0
0 -0 0 -180 0 -180 0 -180 0.349382 124.19 0 0 0 180 0 0 0 0
0 -180 0 -180 0 -0 0 -0 0.379771 -32.1377 0 180 0 0 0 0 0 0
0 -0 0 -180 0 180 0 -180 0.349382 124.19 0 0 0 -180 0 0 0 0
0 -180 0 -0 0 0 0 -180 0.379771 -32.1377 0 0 0 -0 0 180 0 0
0 -180 0 -0 0 -0 0 -180 0.139249 -45.8164 0 180 0 0 0 0 0 0
0 -180 0 180 0 -180 0 -0 1.17731 150.942 0 0 0 0 0 180 0 0
inside=0 lambda=0.647 phi=45 theta=0
0 -0 0 -180 0 0 0.218526 82.3379 0.972997 35.3189 0 0 0 -0 0 -180 0 0
0 -180 0 0 0 0 0 -0 0 -180 0 0 0 -180 0 0 0 0
0 0 0 -180 0 -180 1.32093e-13 65.479 2.54212e-13 98.7336 0 -180 0 -180 0 0 0 0
0 -180 0 -180 0 -180 0 0 0 -0 0 -0 0 0 0 0 0 0
0 0 0 -180 0 180 1.83203e-12 -162.236 1.56941e-12 38.4418 0 -0 0 -180 0 0 0 -0
0 0 0 -0 0 -0 0 0 0 -0 0 180 0 -180 0 180 0 180
0 0 0 0 0 -180 0.720822 93.8152 0.730943 -111.672 0 -180 0 0 0 0 0 -180
0 0 0 180 0 180 0 0 0 180 0 -0 0 0 0 180 0 180
inside=0 lambda=0.647 phi=45 theta=15
0 -0 0 -180 0 -0 0.256123 42.9804 0.814686 35.306 0 0 0 -0 0 -180 0 0
0 -180 0 0 0 0 0 -0 0 -180 0 0 0 180 0 -0 0 0
0 -0 0 -180 0 -180 0.389204 -70.2336 0.399239 45.3331 0 0 0 -180 0 0 0 0
0 -180 0 -180 0 -180 0 -180 0 -180 0 0 0 -0 0 0 0 0
0 0 0 -180 0 0 0.219398 39.134 0.410987 49.1858 0 0 0 -180 0 0 0 -0
0 0 0 -0 0 -0 0 -0 0 -0 0 -0 0 -180 0 180 0 180
0 -0 0 -0 0 -180 0.515351 58.9669 0.753487 -106.527 0 180 0 0 0 0 0 -0
0 0 0 180 0 180 0 -0 0 180 0 -0 0 0 0 180 0 180
inside=0 lambda=0.647 phi=45 theta=30
0 -180 0 -180 0 -0 0.215341 -63.8719 0.477142 35.3384 0 0 0 -180 0 0 0 0
0 -180 0 0 0 0 0 -180 0 180 0 0 0 180 0 -0 0 0
0 -180 0 -180 0 -180 0.517131 -119.25 0.785871 55.3625 0 0 0 180 0 0 0 0
0 -180 0 -180 0 -180 0 -180 0 -0 0 0 0 -0 0 -0 0 0
0 -180 0 -180 0 0 0.240458 -53.4879 0.800003 55.3182 0 0 0 180 0 -0 0 0
0 180 0 -0 0 -0 0 -180 0 -0 0 -0 0 -180 0 180 0 0
0 -180 0 -180 0 -180 0.250044 -66.6985 0.540747 -107.329 0 0 0 0 0 0 0 0
0 -180 0 180 0 180 0 -0 0 180 0 -0 0 0 0 0 0 0
inside=0 lambda=0.647 phi=45 theta=45
0 -180 0 -180 0 -0 0 180 0.155519 -36.9897 0 0 0 -180 0 0 0 0
0 -180 0 0 0 0 0 180 0 180 0 0 0 -180 0 -0 0 0
0 -180 0 -180 0 180 0 -180 0.987833 53.0103 0 0 0 0 0 0 0 0
0 -180 0 -180 0 -180 0 0 0 -0 0 0 0 0 0 -0 0 0
0 -180 0 -180 0 0 0 -180 0.987833 53.0103 0 0 0 180 0 0 0 0
0 -180 0 0 0 0 0 -180 0 -0 0 -0 0 -180 0 0 0 0
0 -180 0 180 0 -180 0 -180 0.155519 -36.9897 0 0 0 -0 0 0 0 0
0 -180 0 180 0 -180 0 0 0 180 0 -0 0 0 0 0 0 0
inside=1 lambda=0.647 phi=0 theta=0
0 -0 0 -180 0 -0 0 0 0.174303 -172.747 0 0 0 -0 0 -180 0 -0
0 -180 0 -0 0 -180 0 180 0.815883 -153.835 0 180 0 -180 0 -0 0 -180
0 0 0 0 0 -180 0 0 1.18116e-12 138.879 0 0 0 -180 0 0 0 0
0 -180 0 -0 0 0 0 -0 1.38e-12 33.6143 0 -0 0 0 0 -180 0 -180
0 0 0 0 0 -180 0 0 1.52642e-13 92.8273 0 0 0 -180 0 0 0 0
0 -180 0 180 0 0 0 -0 2.81968e-14 152.444 0 -0 0 0 0 180 0 -180
0 -0 0 0 0 -0 0 -180 0.174303 -172.747 0 -180 0 -0 0 0 0 -0
0 -180 0 180 0 -180 0 -0 0.815883 -153.835 0 -0 0 -180 0 180 0 -180
inside=1 lambda=0.647 phi=0 theta=15
0 -0 0 -180 0 -0 0 0 0.174303 -172.747 0 0 0 -0 0 -180 0 -0
0 -180 0 -0 0 -180 0 180 0.815883 -153.835 0 180 0 -180 0 -0 0 -180
0 0 0 0 0 -180 0 0 1.18116e-12 138.879 0 0 0 -180 0 0 0 0
0 -180 0 -0 0 0 0 -0 1.38e-12 33.6143 0 -0 0 0 0 -180 0 -180
0 0 0 0 0 -180 0 0 1.52642e-13 92.8273 0 0 0 -180 0 0 0 0
0 -180 0 180 0 0 0 -0 2.81968e-14 152.444 0 -0 0 0 0 180 0 -180
0 -0 0 0 0 -0 0 -180 0.174303 -172.747 0 -180 0 -0 0 0 0 -0
0 -180 0 180 0 -180 0 -0 0.815883 -153.835 0 -0 0 -180 0 180 0 -180
inside=1 lambda=0.647 phi=0 theta=30
0 -0 0 -180 0 -0 0 0 0.174303 -172.747 0 0 0 -0 0 -180 0 -0
0 -180 0 -0 0 -180 0 180 0.815883 -153.835 0 180 0 -180 0 -0 0 -180
0 0 0 0 0 -180 0 0 1.18116e-12 138.879 0 0 0 -180 0 0 0 0
0 -180 0 -0 0 0 0 -0 1.38e-12 33.6143 0 -0 0 0 0 -180 0 -180
0 0 0 0 0 -180 0 0 1.52642e-13 92.8273 0 0 0 -180 0 0 0 0
0 -180 0 180 0 0 0 -0 2.81968e-14 152.444 0 -0 0 0 0 180 0 -180
0 -0 0 0 0 -0 0 -180 0.174303 -172.747 0 -180 0 -0 0 0 0 -0
0 -180 0 180 0 -180 0 -0 0.815883 -153.835 0 -0 0 -180 0 180 0 -180
inside=1 lambda=0.647 phi=0 theta=45
0 -0 0 -180 0 -0 0 0 0.174303 -172.747 0 0 0 -0 0 -180 0 -0
0 -180 0 -0 0 -180 0 180 0.815883 -153.835 0 180 0 -180 0 -0 0 -180
0 0 0 0 0 -180 0 0 1.18116e-12 138.879 0 0 0 -180 0 0 0 0
0 -180 0 -0 0 0 0 -0 1.38e-12 33.6143 0 -0 0 0 0 -180 0 -180
0 0 0 0 0 -180 0 0 1.52642e-13 92.8273 0 0 0 -180 0 0 0 0
0 -180 0 180 0 0 0 -0 2.81968e-14 152.444 0 -0 0 0 0 180 0 -180
0 -0 0 0 0 -0 0 -180 0.174303 -172.747 0 -180 0 -0 0 0 0 -0
0 -180 0 180 0 -180 0 -0 0.815883 -153.835 0 -0 0 -180 0 180 0 -180
inside=1 lambda=0.647 phi=5 theta=0
0 -0 0 -180 0 0 0 0 0.173715 -172.903 0 0 0 -0 0 -180 0 0
0 -180 0 -0 0 -180 0 180 0.816793 -154.25 0 180 0 -180 0 -0 0 -180
0 -0 0 -0 0 -180 0 -0 8.33186e-14 163.804 0 -180 0 180 0 180 0 0
0 -180 0 -0 0 0 0 0 5.51123e-14 -72.3191 0 -180 0 0 0 180 0 -180
0 0 0 -180 0 -180 0 180 1.56772e-14 158.866 0 -0 0 -180 0 0 0 0
0 -180 0 -0 0 0 0 -0 3.37358e-14 91.0162 0 -180 0 0 0 180 0 -180
0 -0 0 0 0 -0 0 -180 0.175533 -172.871 0 -180 0 -0 0 0 0 -0
0 -180 0 180 0 -180 0 -0 0.814879 -154.254 0 -0 0 -180 0 180 0 -180
inside=1 lambda=0.647 phi=5 theta=15
0 -0 0 -180 0 0 0 0 0.173836 -172.901 0 0 0 -0 0 -180 0 0
0 -180 0 -0 0 -180 0 180 0.816665 -154.25 0 180 0 -180 0 -0 0 -180
0 -0 0 -0 0 -180 0 -180 0.000469989 4.01246 0 0 0 180 0 180 0 0
0 -180 0 -0 0 0 0 -0 0.00049079 -142.706 0 180 0 0 0 180 0 -180
0 0 0 -180 0 -180 0 -0 0.000469875 4.05178 0 180 0 -180 0 0 0 0
0 -180 0 -0 0 0 0 -0 0.000490607 -142.746 0 180 0 0 0 180 0 -180
0 -0 0 0 0 -0 0 -180 0.175411 -172.873 0 -180 0 -0 0 0 0 -0
0 -180 0 180 0 -180 0 -0 0.815007 -154.254 0 -0 0 -180 0 180 0 -180
inside=1 lambda=0.647 phi=5 theta=30
0 -0 0 -180 0 0 0 0 0.174169 -172.895 0 0 0 -0 0 -180 0 0
0 -180 0 -0 0 -180 0 180 0.816315 -154.251 0 180 0 -180 0 -0 0 -180
0 -0 0 -0 0 -180 0 -180 0.000814003 4.02084 0 0 0 180 0 180 0 0
0 -180 0 -0 0 0 0 -0 0.000850006 -142.715 0 180 0 0 0 180 0 -180
0 0 0 -180 0 -180 0 -0 0.000813888 4.04354 0 180 0 -180 0 0 0 0
0 -180 0 -0 0 0 0 -0 0.000849823 -142.737 0 180 0 0 0 180 0 -180
0 -0 0 0 0 -0 0 -180 0.175078 -172.879 0 -180 0 -0 0 0 0 0
0 -180 0 180 0 -180 0 -0 0.815357 -154.253 0 -0 0 -180 0 180 0 -180
inside=1 lambda=0.647 phi=5 theta=45
0 -0 0 -180 0 0 0 0 0.174624 -172.887 0 0 0 -0 0 -180 0 0
0 -180 0 -0 0 -180 0 180 0.815836 -154.252 0 180 0 -180 0 -0 0 -180
0 -0 0 -0 0 -180 0 -180 0.000939863 4.03222 0 0 0 -180 0 180 0 0
0 -180 0 -0 0 0 0 -0 0.000981396 -142.726 0 180 0 0 0 180 0 -180
0 -0 0 -180 0 -180 0 -0 0.000939863 4.03222 0 180 0 -180 0 0 0 0
0 -180 0 -0 0 0 0 -0 0.000981396 -142.726 0 180 0 0 0 180 0 -180
0 -0 0 0 0 -0 0 -180 0.174624 -172.887 0 -180 0 0 0 0 0 0
0 -180 0 180 0 -180 0 -0 0.815836 -154.252 0 -0 0 -180 0 180 0 -180
inside=1 lambda=0.647 phi=10 theta=0
0 -0 0 -180 0 0 0 0 0.171859 -173.382 0 0 0 -0 0 -180 0 0
0 -0 0 -0 0 -180 0 180 0.819573 -155.487 0 180 0 -0 0 -0 0 -180
0 -0 0 -0 0 -180 0 180 4.04822e-14 68.1937 0 -0 0 180 0 180 0 0
0 -180 0 -0 0 0 0 180 8.71348e-14 140.656 0 -180 0 0 0 180 0 -180
0 0 0 -180 0 -180 0 180 5.5204e-15 120.901 0 -180 0 -180 0 0 0 0
0 -180 0 -0 0 0 0 0 8.44249e-14 117.961 0 -0 0 0 0 180 0 -180
0 -0 0 0 0 -0 0 -180 0.179231 -173.241 0 -180 0 -0 0 0 0 -0
0 -180 0 180 0 -180 0 -0 0.811834 -155.501 0 -0 0 -180 0 180 0 -180
inside=1 lambda=0.647 phi=10 theta=15
0 -0 0 -180 0 0 0 0 0.172354 -173.372 0 0 0 -0 0 -180 0 0
0 -0 0 -0 0 -180 0 180 0.819054 -155.488 0 180 0 -180 0 -0 0 -180
0 -0 0 -0 0 -180 0 -180 0.00190396 3.6795 0 0 0 180 0 180 0 0
0 -180 0 -0 0 0 0 -0 0.00198359 -144.041 0 180 0 0 0 180 0 -180
0 -0 0 -180 0 -180 0 -0 0.00190216 3.84038 0 180 0 -180 0 0 0 0
0 -180 0 -0 0 0 0 -0 0.00198066 -144.198 0 180 0 0 0 180 0 -180
0 -0 0 0 0 -0 0 -180 0.178738 -173.251 0 -180 0 -0 0 0 0 0
0 -180 0 180 0 -180 0 -0 0.812352 -155.5 0 -0 0 -180 0 180 0 -180
inside=1 lambda=0.647 phi=10 theta=30
0 -0 0 -180 0 0 0 0 0.173706 -173.347 0 0 0 -0 0 -180 0 0
0 -180 0 -0 0 -180 0 180 0.817637 -155.491 0 180 0 -180 0 -0 0 -180
0 -0 0 -0 0 -180 0 -180 0.00329706 3.71458 0 0 0 180 0 180 0 0
0 -180 0 -0 0 0 0 -0 0.00343458 -144.076 0 180 0 0 0 180 0 -180
0 -0 0 -180 0 180 0 -0 0.00329526 3.80742 0 180 0 -180 0 0 0 0
0 -180 0 -0 0 0 0 -0 0.00343164 -144.167 0 180 0 0 0 180 0 -180
0 -0 0 0 0 -0 0 -180 0.177392 -173.277 0 -180 0 0 0 0 0 0
0 -180 0 180 0 -180 0 -0 0.813767 -155.498 0 -0 0 -180 0 180 0 -180
inside=1 lambda=0.647 phi=10 theta=45
0 -0 0 -180 0 0 0 0 0.17555 -173.312 0 0 0 -0 0 -180 0 0
0 -180 0 -0 0 -180 0 180 0.815702 -155.495 0 180 0 -180 0 -0 0 -180
0 -0 0 -0 0 -180 0 -180 0.00380606 3.76153 0 0 0 180 0 180 0 0
0 -180 0 -0 0 0 0 -0 0.0039642 -144.122 0 180 0 0 0 180 0 -180
0 -0 0 -180 0 180 0 -0 0.00380606 3.76153 0 180 0 -180 0 0 0 0
0 -180 0 -0 0 0 0 -0 0.0039642 -144.122 0 180 0 0 0 180 0 -180
0 -0 0 0 0 -0 0 -180 0.17555 -173.312 0 -180 0 0 0 0 0 0
0 -180 0 180 0 -180 0 -0 0.815702 -155.495 0 -0 0 -180 0 180 0 -180
inside=1 lambda=0.647 phi=15 theta=0
0 -0 0 -180 0 0 0 0 0.168466 -174.213 0 0 0 -0 0 -180 0 0
0 -0 0 -0 0 180 0 180 0.824367 -157.524 0 180 0 -0 0 -0 0 180
0 -0 0 -0 0 -180 0 180 4.43783e-15 115.516 0 -0 0 180 0 180 0 0
0 -180 0 -0 0 -0 0 0 4.62429e-15 135.753 0 -0 0 0 0 180 0 180
0 0 0 -180 0 -180 0 -0 3.52363e-15 78.4928 0 0 0 -180 0 0 0 0
0 -180 0 -0 0 0 0 180 1.98079e-14 128.012 0 -0 0 0 0 180 0 -180
0 -0 0 0 0 -0 0 -180 0.185422 -173.85 0 -180 0 -0 0 0 0 -0
0 -180 0 180 0 -180 0 -0 0.80665 -157.55 0 -0 0 -180 0 180 0 -180
inside=1 lambda=0.647 phi=15 theta=15
0 -0 0 -180 0 0 0 0 0.169607 -174.19 0 0 0 -0 0 -180 0 0
0 -0 0 -0 0 180 0 180 0.823178 -157.526 0 180 0 -0 0 -0 0 180
0 -0 0 -0 0 -180 0 -180 0.00437338 3.11757 0 0 0 180 0 180 0 0
0 -180 0 -0 0 -0 0 -0 0.00454053 -146.236 0 180 0 0 0 180 0 180
0 -0 0 -180 0 -180 0 -0 0.00436454 3.49311 0 0 0 -180 0 0 0 0
0 -180 0 -0 0 0 0 -0 0.00452558 -146.588 0 180 0 0 0 180 0 -180
0 -0 0 0 0 -0 0 -180 0.184293 -173.875 0 -180 0 -0 0 0 0 0
0 -180 0 180 0 -180 0 -0 0.807835 -157.549 0 -0 0 -180 0 180 0 -180
inside=1 lambda=0.647 phi=15 theta=30
0 -0 0 -180 0 0 0 0 0.172722 -174.124 0 0 0 -0 0 -180 0 0
0 -0 0 -0 0 -180 0 180 0.819932 -157.531 0 180 0 -0 0 -0 0 180
0 -0 0 -0 0 -180 0 -180 0.00757124 3.20259 0 0 0 180 0 180 0 0
0 -180 0 -0 0 -0 0 -0 0.00785857 -146.321 0 180 0 0 0 180 0 180
0 -0 0 -180 0 180 0 -0 0.00756245 3.41893 0 0 0 -180 0 0 0 0
0 -180 0 -0 0 0 0 -0 0.00784366 -146.524 0 180 0 0 0 180 0 -180
0 -0 0 0 0 -0 0 -180 0.181202 -173.943 0 -180 0 0 0 0 0 0
0 -180 0 180 0 -180 0 -0 0.811074 -157.545 0 -0 0 -180 0 180 0 -180
inside=1 lambda=0.647 phi=15 theta=45
0 -0 0 -180 0 0 0 0 0.176968 -174.035 0 0 0 -0 0 -180 0 0
0 -0 0 -0 0 -180 0 180 0.815501 -157.538 0 180 0 -180 0 -0 0 180
0 -0 0 -0 0 -180 0 -180 0.00873721 3.31347 0 0 0 180 0 180 0 0
0 -180 0 -0 0 0 0 -0 0.00906547 -146.427 0 180 0 0 0 180 0 180
0 -0 0 -180 0 180 0 -0 0.00873721 3.31347 0 180 0 -180 0 0 0 0
0 -180 0 -0 0 0 0 -0 0.00906547 -146.427 0 180 0 0 0 180 0 180
0 -0 0 0 0 -0 0 -180 0.176968 -174.035 0 -180 0 0 0 0 0 0
0 -0 0 180 0 -180 0 -0 0.815501 -157.538 0 -0 0 -180 0 180 0 180
inside=1 lambda=0.647 phi=20 theta=0
0 -0 0 -180 0 0 0 0 0.163083 -175.453 0 0 0 -0 0 -180 0 0
0 -0 0 -0 0 180 0 180 0.831426 -160.319 0 180 0 -0 0 -0 0 180
0 -0 0 -0 0 -180 0 0 3.96629e-15 -11.7531 0 -180 0 180 0 180 0 0
0 -180 0 -0 0 -0 0 180 6.15989e-15 134.104 0 -0 0 0 0 180 0 180
0 -0 0 -180 0 -180 0 -0 2.87042e-15 99.0475 0 -0 0 180 0 0 0 0
0 -180 0 -0 0 0 0 -180 2.38606e-14 88.5298 0 -180 0 0 0 180 0 -180
0 -0 0 0 0 0 0 -180 0.194143 -174.677 0 -180 0 -0 0 0 0 0
0 -180 0 180 0 -180 0 -0 0.799162 -160.355 0 -0 0 -180 0 180 0 -180
inside=1 lambda=0.647 phi=20 theta=15
0 -0 0 -180 0 0 0 0 0.165181 -175.401 0 0 0 -0 0 -180 0 0
0 -0 0 -0 0 180 0 180 0.82926 -160.323 0 180 0 -0 0 -0 0 180
0 -0 0 -0 0 -180 0 -180 0.0079955 2.3201 0 0 0 180 0 180 0 0
0 -180 0 -0 0 -0 0 -0 0.00826801 -149.246 0 180 0 0 0 180 0 180
0 -0 0 -180 0 180 0 -0 0.00796909 3.0218 0 0 0 -180 0 0 0 0
0 -180 0 -0 0 0 0 -0 0.00822018 -149.866 0 180 0 0 0 180 0 -180
0 -0 0 0 0 -0 0 -180 0.192085 -174.732 0 -180 0 -0 0 0 0 0
0 -180 0 180 0 -180 0 -0 0.801317 -160.354 0 -0 0 -180 0 180 0 -180
inside=1 lambda=0.647 phi=20 theta=30
0 -0 0 -180 0 0 0 0 0.170903 -175.262 0 0 0 -0 0 -180 0 0
0 -0 0 -0 0 180 0 180 0.823344 -160.331 0 180 0 -0 0 -0 0 180
0 -0 0 -0 0 -180 0 -180 0.0138365 2.48714 0 0 0 180 0 180 0 0
0 -180 0 -0 0 -0 0 -0 0.0143008 -149.41 0 180 0 0 0 180 0 180
0 -0 0 -180 0 180 0 -0 0.0138106 2.88942 0 0 0 -180 0 0 0 0
0 -180 0 -0 0 0 0 -0 0.0142534 -149.767 0 180 0 0 0 180 0 180
0 -0 0 0 0 -0 0 -180 0.186442 -174.878 0 -180 0 0 0 0 0 0
0 -0 0 180 0 -180 0 -0 0.807211 -160.35 0 -0 0 -180 0 180 0 180
inside=1 lambda=0.647 phi=20 theta=45
0 -0 0 -180 0 0 0 0 0.178692 -175.071 0 0 0 -0 0 -180 0 0
0 -0 0 -0 0 180 0 180 0.815272 -160.341 0 180 0 -180 0 -0 0 180
0 -0 0 -0 0 -180 0 -180 0.0159608 2.69688 0 0 0 180 0 0 0 0
0 -180 0 -0 0 -0 0 -0 0.0164846 -149.604 0 180 0 0 0 180 0 180
0 -0 0 -180 0 180 0 -0 0.0159608 2.69688 0 0 0 -180 0 0 0 0
0 -180 0 -0 0 0 0 -0 0.0164846 -149.604 0 180 0 -0 0 180 0 180
0 -0 0 0 0 -0 0 -180 0.178692 -175.071 0 -180 0 0 0 0 0 0
0 -0 0 180 0 -180 0 -0 0.815272 -160.341 0 -0 0 180 0 180 0 180
inside=1 lambda=0.647 phi=25 theta=0
0 -0 0 -180 0 0 0 0 0.155084 -177.183 0 0 0 -0 0 -180 0 0
0 -0 0 -0 0 180 0 180 0.841116 -163.82 0 180 0 -0 0 -0 0 180
0 -0 0 -0 0 -180 0 -0 2.95131e-14 151.024 0 -180 0 180 0 180 0 0
0 -180 0 -0 0 -0 0 -0 7.07417e-14 -71.0821 0 -180 0 0 0 180 0 180
0 -0 0 -180 0 -180 0 180 3.46105e-14 -143.039 0 180 0 180 0 0 0 0
0 -180 0 -0 0 0 0 -180 2.02891e-14 53.9795 0 180 0 0 0 180 0 -180
0 -0 0 0 0 0 0 -180 0.205441 -175.68 0 -180 0 -0 0 0 0 0
0 -180 0 180 0 -180 0 -0 0.78913 -163.85 0 -0 0 -180 0 180 0 -180
inside=1 lambda=0.647 phi=25 theta=15
0 -0 0 -180 0 0 0 0 0.158499 -177.078 0 0 0 -0 0 -180 0 0
0 -0 0 -0 0 180 0 180 0.83762 -163.824 0 180 0 -0 0 -0 0 180
0 -0 0 -0 0 -180 0 -180 0.0129308 1.28409 0 0 0 180 0 180 0 0
0 -180 0 -0 0 -0 0 -0 0.0133215 -152.999 0 180 0 0 0 180 0 180
0 -0 0 -180 0 180 0 -0 0.0128719 2.45068 0 0 0 -180 0 0 0 0
0 -180 0 -0 0 0 0 -0 0.0132024 -153.961 0 180 0 0 0 180 0 180
0 -0 0 0 0 -0 0 -180 0.20213 -175.787 0 -180 0 -0 0 0 0 0
0 -180 0 180 0 -180 0 -0 0.792597 -163.851 0 -0 0 -180 0 180 0 180
inside=1 lambda=0.647 phi=25 theta=30
0 -0 0 -180 0 0 0 0 0.167806 -176.801 0 0 0 -0 0 -180 0 0
0 -0 0 -0 0 180 0 180 0.828079 -163.835 0 180 0 -0 0 -0 0 180
0 -0 0 -0 0 -180 0 -180 0.0223656 1.57933 0 0 0 180 0 0 0 0
0 -180 0 -0 0 -0 0 -0 0.0230204 -153.286 0 180 0 0 0 180 0 180
0 -0 0 -180 0 180 0 -0 0.0223098 2.24118 0 0 0 -180 0 0 0 0
0 -180 0 -0 0 0 0 -0 0.0229044 -153.836 0 180 0 -0 0 180 0 180
0 -0 0 0 0 -0 0 -180 0.19302 -176.067 0 -180 0 0 0 0 0 0
0 -0 0 180 0 -180 0 -0 0.802083 -163.852 0 -0 0 -180 0 180 0 180
inside=1 lambda=0.647 phi=25 theta=45
0 -0 0 -180 0 0 0 0 0.18046 -176.435 0 0 0 -0 0 -180 0 0
0 -0 0 -0 0 180 0 180 0.815068 -163.846 0 180 0 -0 0 -0 0 180
0 -0 0 -0 0 -180 0 -180 0.025789 1.93128 0 0 0 180 0 0 0 0
0 -180 0 -0 0 -0 0 -0 0.0265102 -153.601 0 180 0 0 0 180 0 180
0 -0 0 -180 0 180 0 -0 0.025789 1.93128 0 0 0 -180 0 0 0 0
0 -180 0 -0 0 0 0 -0 0.0265102 -153.601 0 180 0 -0 0 180 0 180
0 -0 0 0 0 -0 0 -180 0.18046 -176.435 0 -180 0 0 0 0 0 0
0 -0 0 180 0 -0 0 -0 0.815068 -163.846 0 -0 0 180 0 180 0 180
inside=1 lambda=0.647 phi=30 theta=0
0 -0 0 -180 0 0 0 0 0.143684 -179.551 0 0 0 -0 0 -180 0 0
0 -0 0 -0 0 180 0 180 0.853926 -167.955 0 180 0 -0 0 -0 0 180
0 -0 0 -0 0 -180 0 180 1.81393e-14 -45.0902 0 -0 0 180 0 180 0 0
0 -180 0 -0 0 -0 0 0 1.00326e-13 -83.0255 0 -180 0 0 0 180 0 180
0 -0 0 -180 0 -180 0 180 1.34395e-14 157.321 0 -0 0 180 0 0 0 0
0 -180 0 -0 0 0 0 0 8.59522e-14 -71.3161 0 -180 0 0 0 180 0 -180
0 -0 0 0 0 0 0 -180 0.21937 -176.777 0 -180 0 -0 0 0 0 0
0 -180 0 180 0 -180 0 -0 0.776238 -167.943 0 -0 0 -180 0 180 0 -180
inside=1 lambda=0.647 phi=30 theta=15
0 -0 0 -180 0 0 0 0 0.148837 -179.336 0 0 0 -0 0 -180 0 0
0 -0 0 -0 0 180 0 180 0.848695 -167.959 0 180 0 -0 0 -0 0 180
0 -0 0 -0 0 -180 0 -180 0.0193804 0.0124662 0 0 0 180 0 0 0 0
0 -180 0 -0 0 -0 0 -0 0.019914 -157.394 0 180 0 0 0 180 0 180
0 -0 0 -180 0 180 0 -0 0.0192752 1.8227 0 0 0 -180 0 0 0 0
0 -180 0 -0 0 0 0 -0 0.019659 -158.773 0 180 0 0 0 180 0 180
0 -0 0 0 0 -0 0 -180 0.214452 -176.975 0 -180 0 -0 0 0 0 0
0 -180 0 180 0 -180 0 -0 0.781407 -167.954 0 -0 0 -180 0 180 0 180
inside=1 lambda=0.647 phi=30 theta=30
0 -0 0 -180 0 0 0 0 0.162877 -178.797 0 0 0 -0 0 -180 0 0
0 -0 0 -0 0 180 0 180 0.834423 -167.969 0 180 0 -0 0 -0 0 180
0 -0 0 -0 0 -180 0 -180 0.0334996 0.504432 0 0 0 180 0 0 0 0
0 -180 0 -0 0 -0 0 -0 0.034367 -157.871 0 180 0 0 0 180 0 180
0 -0 0 -180 0 180 0 -0 0.0334078 1.51132 0 0 0 -180 0 0 0 0
0 -180 0 -0 0 0 0 -0 0.0341265 -158.65 0 180 0 -0 0 180 0 180
0 -0 0 0 0 -0 0 -180 0.200832 -177.478 0 -180 0 0 0 0 0 0
0 -0 0 180 0 -180 0 -0 0.795567 -167.972 0 -0 0 -180 0 180 0 180
inside=1 lambda=0.647 phi=30 theta=45
0 -0 0 -180 0 0 0 0 0.181948 -178.129 0 0 0 -0 0 -180 0 0
0 -0 0 -0 0 180 0 180 0.81497 -167.977 0 180 0 -0 0 -0 0 180
0 -0 0 -0 0 -180 0 -180 0.0386173 1.05124 0 0 0 180 0 0 0 0
0 -180 0 -0 0 -0 0 -0 0.0395317 -158.344 0 180 0 0 0 180 0 180
0 -0 0 -180 0 180 0 -0 0.0386173 1.05124 0 0 0 -180 0 0 0 0
0 -180 0 -0 0 0 0 -0 0.0395317 -158.344 0 180 0 -0 0 180 0 180
0 -0 0 0 0 -0 0 -180 0.181948 -178.129 0 -180 0 0 0 0 0 0
0 -0 0 180 0 -0 0 -0 0.81497 -167.977 0 -0 0 180 0 180 0 180
inside=1 lambda=0.647 phi=35 theta=0
0 -0 0 -180 0 0 0 0 0.127957 177.145 0 0 0 -0 0 -180 0 0
0 -0 0 -0 0 180 0 180 0.870497 -172.632 0 180 0 -0 0 -0 0 180
0 -0 0 -0 0 -180 0 180 1.84716e-14 153.717 0 -0 0 180 0 180 0 0
0 -180 0 -0 0 -0 0 0 1.61464e-14 30.9092 0 -180 0 0 0 180 0 180
0 -0 0 -180 0 -180 0 -0 5.48028e-14 -130.958 0 -0 0 180 0 0 0 0
0 -180 0 -0 0 -0 0 0 2.79504e-14 -80.1448 0 -180 0 0 0 180 0 180
0 -0 0 0 0 0 0 -180 0.235968 -177.821 0 -180 0 -0 0 0 0 0
0 -180 0 180 0 -180 0 -0 0.760085 -172.515 0 -0 0 -180 0 180 0 -180
inside=1 lambda=0.647 phi=35 theta=15
0 -0 0 -180 0 0 0 0 0.135346 177.61 0 0 0 -0 0 -180 0 0
0 -0 0 -0 0 180 0 180 0.863048 -172.637 0 180 0 -0 0 -0 0 180
0 -0 0 -0 0 -180 0 -180 0.0275869 -1.48911 0 0 0 180 0 0 0 0
0 -180 0 -0 0 -0 0 -0 0.0283326 -162.283 0 180 0 0 0 180 0 180
0 -0 0 -180 0 180 0 -0 0.0274339 1.20757 0 0 0 -180 0 0 0 0
0 -180 0 -0 0 0 0 -0 0.0278317 -164.167 0 180 0 0 0 180 0 180
0 -0 0 0 0 -0 0 -180 0.229094 -178.181 0 -180 0 -0 0 0 0 0
0 -0 0 180 0 -180 0 -0 0.767405 -172.55 0 -0 0 -180 0 180 0 180
inside=1 lambda=0.647 phi=35 theta=30
0 -0 0 -180 0 0 0 0 0.155465 178.676 0 0 0 -0 0 -180 0 0
0 -0 0 -0 0 180 0 180 0.842745 -172.644 0 180 0 -0 0 -0 0 180
0 -0 0 -0 0 -180 0 -180 0.0476458 -0.694216 0 0 0 180 0 0 0 0
0 -180 0 -0 0 -0 0 -0 0.0487965 -163.058 0 180 0 0 0 180 0 180
0 -0 0 -180 0 180 0 -0 0.047541 0.753909 0 0 0 -180 0 0 0 0
0 -180 0 -0 0 0 0 -0 0.0483528 -164.101 0 180 0 -0 0 180 0 180
0 -0 0 0 0 -0 0 -180 0.209786 -179.047 0 -180 0 0 0 0 0 0
0 -0 0 180 0 -180 0 -0 0.787503 -172.609 0 -0 0 180 0 180 0 180
inside=1 lambda=0.647 phi=35 theta=45
0 -0 0 -180 0 0 0 0 0.182787 179.862 0 0 0 -0 0 -180 0 0
0 -0 0 -0 0 180 0 180 0.815083 -172.641 0 180 0 -180 0 -0 0 180
0 -0 0 -0 0 -180 0 -180 0.0549317 0.108885 0 0 0 180 0 0 0 0
0 -180 0 -0 0 -0 0 -0 0.0560571 -163.737 0 180 0 0 0 180 0 180
0 -0 0 -180 0 180 0 -0 0.0549317 0.108885 0 0 0 -180 0 0 0 0
0 -180 0 -0 0 0 0 -0 0.0560571 -163.737 0 180 0 -0 0 180 0 180
0 -0 0 0 0 -0 0 -180 0.182787 179.862 0 -180 0 0 0 0 0 0
0 -0 0 180 0 -180 0 -0 0.815083 -172.641 0 -0 0 180 0 180 0 180
inside=1 lambda=0.647 phi=40 theta=0
0 -0 0 180 0 0 0 0 0.106851 172.105 0 0 0 -0 0 180 0 0
0 -0 0 -0 0 180 0 180 0.891644 -177.732 0 180 0 -0 0 -0 0 180
0 -0 0 -0 0 -180 0 -0 1.08691e-14 -103.463 0 -180 0 180 0 180 0 0
0 -180 0 -0 0 -0 0 -180 1.1413e-14 116.849 0 -0 0 0 0 180 0 180
0 -0 0 -180 0 -180 0 -0 2.37994e-14 95.1587 0 0 0 180 0 0 0 0
0 -180 0 -0 0 -0 0 -180 9.32529e-15 64.1596 0 0 0 0 0 180 0 180
0 -0 0 0 0 0 0 -180 0.255059 -178.517 0 -180 0 -0 0 0 0 0
0 -180 0 180 0 180 0 -0 0.740223 -177.386 0 -0 0 -180 0 180 0 180
inside=1 lambda=0.647 phi=40 theta=15
0 -0 0 -180 0 0 0 0 0.117081 173.254 0 0 0 -0 0 180 0 0
0 -0 0 -0 0 180 0 180 0.881397 -177.744 0 180 0 -0 0 -0 0 180
0 -0 0 -0 0 -180 0 -180 0.0378472 -3.2311 0 0 0 180 0 0 0 0
0 -180 0 -0 0 -0 0 -0 0.0389787 -167.442 0 180 0 0 0 180 0 180
0 -0 0 -180 0 180 0 -0 0.0376746 0.718738 0 0 0 -180 0 0 0 0
0 -180 0 -0 0 0 0 -0 0.0380207 -169.95 0 180 0 0 0 180 0 180
0 -0 0 0 0 -0 0 -180 0.246105 -179.212 0 -180 0 -0 0 0 0 0
0 -0 0 180 0 -180 0 -0 0.75017 -177.491 0 -0 0 -180 0 180 0 180
inside=1 lambda=0.647 phi=40 theta=30
0 -0 0 -180 0 0 0 0 0.144851 175.487 0 0 0 -0 0 180 0 0
0 -0 0 -0 0 180 0 180 0.853521 -177.751 0 180 0 -0 0 -0 0 180
0 -0 0 -0 0 -180 0 -180 0.0652871 -1.95438 0 0 0 180 0 0 0 0
0 -180 0 -0 0 -0 0 -0 0.0668968 -168.715 0 180 0 0 0 180 0 180
0 -0 0 -180 0 180 0 -0 0.0652657 0.0391785 0 0 0 -180 0 0 0 0
0 -180 0 -0 0 0 0 -0 0.066146 -170.056 0 180 0 -0 0 180 0 180
0 -0 0 0 0 -0 0 -180 0.219844 179.326 0 -180 0 0 0 0 0 0
0 -0 0 180 0 -180 0 -0 0.777692 -177.645 0 -0 0 180 0 180 0 180
inside=1 lambda=0.647 phi=40 theta=45
0 -0 0 -180 0 0 0 0 0.182582 177.574 0 0 0 -0 0 -180 0 0
0 -0 0 -0 0 180 0 180 0.815552 -177.727 0 180 0 -180 0 -0 0 180
0 -0 0 -0 0 -180 0 -180 0.0753345 -0.826861 0 0 0 180 0 0 0 0
0 -180 0 -0 0 -0 0 -0 0.0767431 -169.66 0 180 0 0 0 180 0 180
0 -0 0 -180 0 180 0 -0 0.0753345 -0.826861 0 0 0 -180 0 0 0 0
0 -180 0 -0 0 0 0 -0 0.0767431 -169.66 0 180 0 -0 0 180 0 180
0 -0 0 0 0 -0 0 -180 0.182582 177.574 0 -180 0 0 0 0 0 0
0 -0 0 180 0 -180 0 -0 0.815552 -177.727 0 -0 0 180 0 180 0 180
inside=1 lambda=0.647 phi=45 theta=0
0 -180 0 180 0 0 0 0 0.0806751 160.763 0 0 0 -180 0 180 0 0
0 -0 0 -0 0 180 0.0202331 80.9707 0.916325 177.031 0 180 0 -0 0 -0 0 180
0 -0 0 -180 0 -180 0 -0 1.69827e-14 143.763 0 -0 0 180 0 0 0 0
0 -0 0 -0 0 -0 1.03707e-13 -70.6471 3.55866e-14 -70.2574 0 0 0 180 0 180 0 180
0 -0 0 -180 0 -180 0 -0 2.38486e-14 116.397 0 0 0 180 0 0 0 0
0 -0 0 -0 0 -0 3.72652e-14 123.463 3.30434e-14 -78.754 0 -180 0 180 0 180 0 180
0 -0 0 0 0 0 0 -180 0.268094 -178.398 0 -180 0 -0 0 0 0 0
0 -0 0 180 0 180 0.248532 -50.9958 0.713025 178.078 0 -0 0 -0 0 180 0 180
inside=1 lambda=0.647 phi=45 theta=15
0 -0 0 180 0 0 0 0 0.0930499 166.011 0 0 0 -0 0 180 0 0
0 -0 0 -0 0 180 0 180 0.90464 176.88 0 180 0 -0 0 -0 0 180
0 -0 0 -0 0 -180 0 -180 0.0506016 -5.33091 0 0 0 180 0 0 0 0
0 -180 0 -180 0 -0 0 -0 0.0525425 -172.41 0 180 0 0 0 180 0 180
0 -0 0 -180 0 180 0 -0 0.0504295 0.603206 0 0 0 180 0 0 0 0
0 -180 0 -0 0 0 0 -0 0.0505296 -175.752 0 180 0 0 0 180 0 180
0 -0 0 0 0 -0 0 -180 0.265167 -179.638 0 -180 0 -0 0 0 0 0
0 -0 0 180 0 -180 0 -0 0.729292 177.46 0 -0 0 -180 0 180 0 180
inside=1 lambda=0.647 phi=45 theta=30
0 -0 0 -180 0 0 0 0 0.130288 171.358 0 0 0 -0 0 180 0 0
0 -0 0 -0 0 180 0 180 0.867364 176.839 0 180 0 -0 0 -0 0 180
0 -0 0 -0 0 -180 0 -180 0.0870096 -3.19842 0 0 0 180 0 0 0 0
0 -180 0 -180 0 -0 0 -0 0.0894301 -174.678 0 180 0 0 0 180 0 180
0 -0 0 -180 0 180 0 -0 0.0873217 -0.550995 0 0 0 -180 0 0 0 0
0 -180 0 -0 0 0 0 -180 0.0882394 -176.351 0 180 0 -0 0 180 0 180
0 -0 0 0 0 -0 0 -180 0.231088 177.779 0 -180 0 0 0 0 0 0
0 -0 0 180 0 -180 0 -0 0.765882 177.066 0 -0 0 180 0 180 0 180
inside=1 lambda=0.647 phi=45 theta=45
0 -0 0 -180 0 0 0 0 0.180952 175.066 0 0 0 -0 0 180 0 0
0 -0 0 -0 0 180 0 180 0.81657 176.894 0 180 0 -180 0 -0 0 180
0 -0 0 -0 0 -180 0 -180 0.100603 -1.67526 0 0 0 180 0 0 0 0
0 -180 0 -180 0 -0 0 -0 0.102443 -175.968 0 180 0 0 0 180 0 180
0 -0 0 -180 0 180 0 -0 0.100603 -1.67526 0 0 0 -180 0 0 0 0
0 -180 0 -0 0 0 0 -180 0.102443 -175.968 0 180 0 -0 0 180 0 180
0 -0 0 0 0 -0 0 -180 0.180952 175.066 0 180 0 0 0 0 0 0
0 -0 0 180 0 -180 0 -0 0.81657 176.894 0 -0 0 180 0 180 0 180
