RSoft_BSDF_File_Version 2
1 0 5 2 1 0.822857
0.3 0.3
-1 1
-1 1
1 0.647 0.647
10 0 45 0.5
4 0 45
Begin_Dispersion_Data
0.647 1.45662 0 1 0 0
End_Dispersion_Data
inside=0 lambda=0.647 phi=0 theta=0
0 0 0 -180 0 0 0 0 0.191903 -88.7711 0 0 0 0 0 -180 0 0
0 -0 0 180 0 -0 0 -0 1.18447 -43.3915 0 -0 0 -0 0 180 0 -0
0 0 0 -180 0 -180 0 -0 4.32739e-13 -163.423 0 -0 0 -180 0 -180 0 0
0 -0 0 -0 0 180 0 180 3.86075e-13 -40.3758 0 0 0 180 0 0 0 -0
0 0 0 0 0 -180 0 -0 8.15674e-13 -140.831 0 -180 0 -180 0 180 0 0
0 -0 0 180 0 180 0 0 5.93882e-13 -111.029 0 0 0 180 0 -180 0 -0
0 0 0 0 0 0 0 -180 0.191903 -88.7711 0 -180 0 0 0 0 0 0
0 -0 0 -0 0 -0 0 180 1.18447 -43.3915 0 180 0 -0 0 -0 0 -0
inside=0 lambda=0.647 phi=0 theta=15
0 0 0 -180 0 0 0 0 0.191903 -88.7711 0 0 0 0 0 -180 0 0
0 -0 0 180 0 -0 0 -0 1.18447 -43.3915 0 -0 0 -0 0 180 0 -0
0 0 0 -180 0 -180 0 -0 4.32739e-13 -163.423 0 -0 0 -180 0 -180 0 0
0 -0 0 -0 0 180 0 180 3.86075e-13 -40.3758 0 0 0 180 0 0 0 -0
0 0 0 0 0 -180 0 -0 8.15674e-13 -140.831 0 -180 0 -180 0 180 0 0
0 -0 0 180 0 180 0 0 5.93882e-13 -111.029 0 0 0 180 0 -180 0 -0
0 0 0 0 0 0 0 -180 0.191903 -88.7711 0 -180 0 0 0 0 0 0
0 -0 0 -0 0 -0 0 180 1.18447 -43.3915 0 180 0 -0 0 -0 0 -0
inside=0 lambda=0.647 phi=0 theta=30
0 0 0 -180 0 0 0 0 0.191903 -88.7711 0 0 0 0 0 -180 0 0
0 -0 0 180 0 -0 0 -0 1.18447 -43.3915 0 -0 0 -0 0 180 0 -0
0 0 0 -180 0 -180 0 -0 4.32739e-13 -163.423 0 -0 0 -180 0 -180 0 0
0 -0 0 -0 0 180 0 180 3.86075e-13 -40.3758 0 0 0 180 0 0 0 -0
0 0 0 0 0 -180 0 -0 8.15674e-13 -140.831 0 -180 0 -180 0 180 0 0
0 -0 0 180 0 180 0 0 5.93882e-13 -111.029 0 0 0 180 0 -180 0 -0
0 0 0 0 0 0 0 -180 0.191903 -88.7711 0 -180 0 0 0 0 0 0
0 -0 0 -0 0 -0 0 180 1.18447 -43.3915 0 180 0 -0 0 -0 0 -0
inside=0 lambda=0.647 phi=0 theta=45
0 0 0 -180 0 0 0 0 0.191903 -88.7711 0 0 0 0 0 -180 0 0
0 -0 0 180 0 -0 0 -0 1.18447 -43.3915 0 -0 0 -0 0 180 0 -0
0 0 0 -180 0 -180 0 -0 4.32739e-13 -163.423 0 -0 0 -180 0 -180 0 0
0 -0 0 -0 0 180 0 180 3.86075e-13 -40.3758 0 0 0 180 0 0 0 -0
0 0 0 0 0 -180 0 -0 8.15674e-13 -140.831 0 -180 0 -180 0 180 0 0
0 -0 0 180 0 180 0 0 5.93882e-13 -111.029 0 0 0 180 0 -180 0 -0
0 0 0 0 0 0 0 -180 0.191903 -88.7711 0 -180 0 0 0 0 0 0
0 -0 0 -0 0 -0 0 180 1.18447 -43.3915 0 180 0 -0 0 -0 0 -0
inside=0 lambda=0.647 phi=5 theta=0
0 0 0 -180 0 0 0 0 0.190356 -93.7462 0 0 0 0 0 -180 0 0
0 -0 0 180 0 -0 0 -0 1.18228 -45.8753 0 -0 0 -0 0 180 0 -0
0 0 0 -0 0 -180 0 -180 7.58495e-14 27.2945 0 180 0 -180 0 180 0 0
0 -0 0 0 0 180 0 0 1.4275e-13 75.1199 0 0 0 180 0 -180 0 -0
0 0 0 -180 0 -180 0 -0 3.98346e-14 143.855 0 -0 0 -180 0 0 0 0
0 -0 0 180 0 180 0 -180 1.45153e-13 76.8865 0 0 0 180 0 -0 0 -0
0 0 0 0 0 0 0 -180 0.194652 -93.771 0 -180 0 0 0 0 0 0
0 -0 0 -0 0 -0 0 180 1.18637 -45.8901 0 180 0 -0 0 -0 0 -0
inside=0 lambda=0.647 phi=5 theta=15
0 0 0 -180 0 0 0 0 0.190644 -93.7479 0 0 0 0 0 -180 0 0
0 -0 0 180 0 -0 0 -0 1.18256 -45.8763 0 -0 0 -0 0 180 0 -0
0 0 0 -0 0 -180 0 -180 0.00106941 84.6674 0 0 0 -180 0 180 0 0
0 -0 0 0 0 180 0 180 0.00103066 127.345 0 -0 0 180 0 -180 0 -0
0 0 0 -180 0 -180 0 -0 0.00106944 84.6705 0 180 0 -180 0 0 0 0
0 -0 0 180 0 180 0 0 0.0010306 127.37 0 -180 0 180 0 -0 0 -0
0 0 0 0 0 0 0 -180 0.194364 -93.7694 0 -180 0 0 0 0 0 0
0 -0 0 -0 0 -0 0 180 1.1861 -45.8891 0 180 0 -0 0 -0 0 -0
inside=0 lambda=0.647 phi=5 theta=30
0 0 0 -180 0 0 0 0 0.19143 -93.7526 0 0 0 0 0 -180 0 0
0 -0 0 180 0 -0 0 -0 1.18331 -45.879 0 -0 0 -0 0 180 0 -0
0 0 0 -0 0 -180 0 -180 0.00185228 84.668 0 0 0 -180 0 180 0 0
0 -0 0 0 0 180 0 180 0.00178514 127.351 0 -0 0 180 0 -180 0 -0
0 0 0 -180 0 -180 0 -0 0.00185231 84.6698 0 180 0 -180 0 0 0 0
0 -0 0 180 0 180 0 0 0.00178508 127.365 0 -180 0 180 0 -0 0 -0
0 0 0 0 0 0 0 -180 0.193578 -93.765 0 -180 0 0 0 0 0 0
0 -0 0 -0 0 -0 0 180 1.18535 -45.8864 0 180 0 -0 0 -0 0 -0
inside=0 lambda=0.647 phi=5 theta=45
0 0 0 -180 0 0 0 0 0.192504 -93.7589 0 0 0 0 0 -180 0 0
0 -0 0 180 0 -0 0 -0 1.18433 -45.8827 0 -0 0 -0 0 180 0 -0
0 0 0 -0 0 -180 0 -180 0.00213884 84.6689 0 0 0 -180 0 180 0 0
0 -0 0 0 0 180 0 180 0.00206126 127.358 0 -0 0 180 0 -180 0 -0
0 0 0 -180 0 -180 0 -0 0.00213884 84.6689 0 180 0 -180 0 0 0 0
0 -0 0 180 0 180 0 0 0.00206126 127.358 0 -180 0 180 0 -0 0 -0
0 0 0 0 0 0 0 -180 0.192504 -93.7589 0 -180 0 0 0 0 0 0
0 -0 0 -0 0 -0 0 180 1.18433 -45.8827 0 180 0 -0 0 -0 0 -0
inside=0 lambda=0.647 phi=10 theta=0
0 -0 0 -180 0 0 0 0 0.185371 -108.535 0 0 0 -0 0 -180 0 0
0 -0 0 180 0 -0 0 -0 1.17551 -53.3021 0 -180 0 -0 0 180 0 -0
0 0 0 -0 0 -180 0 180 5.24352e-14 87.2475 0 -180 0 -180 0 180 0 0
0 -0 0 0 0 180 0 180 2.62771e-14 49.7338 0 0 0 180 0 -180 0 -0
0 0 0 -180 0 -180 0 180 5.82667e-14 -162.875 0 -0 0 -180 0 0 0 0
0 -0 0 180 0 180 0 -0 5.00183e-14 -45.579 0 -0 0 180 0 -0 0 -0
0 0 0 0 0 0 0 -180 0.203157 -108.623 0 -180 0 0 0 0 0 0
0 -0 0 -0 0 -0 0 0 1.19227 -53.3604 0 180 0 -0 0 -0 0 -0
inside=0 lambda=0.647 phi=10 theta=15
0 -0 0 -180 0 0 0 0 0.186562 -108.542 0 0 0 -0 0 -180 0 0
0 -0 0 180 0 -0 0 -0 1.17663 -53.3063 0 -180 0 -0 0 180 0 -0
0 0 0 -0 0 -180 0 -180 0.00442712 69.9139 0 0 0 -180 0 180 0 0
0 -0 0 0 0 180 0 180 0.0042241 119.984 0 -0 0 180 0 -180 0 -0
0 0 0 -180 0 -180 0 -0 0.00442764 69.9284 0 180 0 -180 0 0 0 0
0 -0 0 180 0 180 0 0 0.00422313 120.086 0 -180 0 180 0 -0 0 -0
0 0 0 0 0 0 0 -180 0.201965 -108.618 0 -180 0 0 0 0 0 0
0 -0 0 -0 0 -0 0 0 1.19115 -53.3567 0 180 0 -0 0 -0 0 -0
inside=0 lambda=0.647 phi=10 theta=30
0 -0 0 -180 0 0 0 0 0.189816 -108.561 0 0 0 -0 0 -180 0 0
0 -0 0 180 0 -0 0 -0 1.1797 -53.3174 0 -180 0 -0 0 180 0 -0
0 0 0 -0 0 -180 0 -180 0.0076682 69.9168 0 0 0 -180 0 180 0 0
0 -0 0 0 0 180 0 180 0.00731598 120.007 0 -0 0 180 0 -180 0 -0
0 0 0 -180 0 -180 0 -0 0.00766871 69.9251 0 180 0 -180 0 0 0 0
0 -0 0 180 0 180 0 0 0.00731502 120.066 0 -180 0 180 0 -0 0 -0
0 0 0 0 0 0 0 -180 0.198709 -108.604 0 -180 0 0 0 0 0 0
0 -0 0 -0 0 -0 0 0 1.18808 -53.3465 0 180 0 -0 0 -0 0 -0
inside=0 lambda=0.647 phi=10 theta=45
0 0 0 -180 0 0 0 0 0.194262 -108.584 0 0 0 -0 0 -180 0 0
0 -0 0 0 0 -0 0 -0 1.18389 -53.3322 0 -0 0 -0 0 180 0 -0
0 0 0 -0 0 -180 0 -180 0.00885477 69.9208 0 0 0 -180 0 180 0 0
0 -0 0 0 0 180 0 180 0.0084472 120.037 0 -0 0 180 0 -180 0 -0
0 0 0 -180 0 -180 0 -0 0.00885477 69.9208 0 180 0 -180 0 0 0 0
0 -0 0 180 0 180 0 0 0.0084472 120.037 0 -180 0 180 0 -0 0 -0
0 0 0 0 0 -0 0 -180 0.194262 -108.584 0 -180 0 0 0 0 0 0
0 -0 0 -0 0 -0 0 0 1.18389 -53.3322 0 180 0 -0 0 -0 0 -0
inside=0 lambda=0.647 phi=15 theta=0
0 -0 0 -180 0 0 0 0 0.17562 -132.756 0 0 0 -0 0 -180 0 0
0 -0 0 0 0 -180 0 -0 1.16347 -65.6013 0 -180 0 -0 0 0 0 -180
0 0 0 -0 0 -180 0 -0 4.28194e-14 140.455 0 180 0 -180 0 180 0 0
0 -0 0 0 0 0 0 0 9.54412e-14 -153.765 0 180 0 180 0 -180 0 -180
0 0 0 -180 0 -180 0 -0 3.31102e-14 56.2478 0 -0 0 -180 0 0 0 0
0 -0 0 0 0 180 0 -0 1.18764e-13 -179.747 0 -180 0 180 0 -180 0 -0
0 0 0 0 0 0 0 -180 0.217971 -132.919 0 -180 0 0 0 0 0 0
0 -0 0 -180 0 -0 0 0 1.20287 -65.723 0 0 0 -0 0 -180 0 -0
inside=0 lambda=0.647 phi=15 theta=15
0 -0 0 -180 0 0 0 0 0.178455 -132.773 0 0 0 -0 0 -180 0 0
0 -0 0 0 0 -180 0 -0 1.16611 -65.6107 0 -180 0 -0 0 0 0 -180
0 0 0 -0 0 -180 0 -180 0.0105483 45.6954 0 0 0 -180 0 180 0 0
0 -0 0 0 0 0 0 0 0.0099239 107.921 0 -180 0 180 0 -180 0 -180
0 0 0 -180 0 -180 0 -0 0.0105506 45.7366 0 0 0 -180 0 0 0 0
0 -0 0 0 0 180 0 0 0.0099187 108.162 0 -180 0 180 0 -180 0 -0
0 0 0 0 0 0 0 -180 0.215132 -132.914 0 -180 0 0 0 0 0 0
0 -0 0 -180 0 -0 0 0 1.20023 -65.7163 0 0 0 -180 0 -180 0 -0
inside=0 lambda=0.647 phi=15 theta=30
0 -0 0 -180 0 0 0 0 0.186203 -132.815 0 0 0 -0 0 -180 0 0
0 -0 0 0 0 -180 0 -0 1.17332 -65.6355 0 -180 0 -0 0 0 0 -180
0 0 0 -0 0 -180 0 -180 0.0182709 45.7033 0 0 0 -180 0 0 0 0
0 -0 0 0 0 0 0 0 0.0171866 107.979 0 -180 0 180 0 -180 0 -180
0 0 0 -180 0 -180 0 -0 0.0182732 45.7268 0 0 0 -180 0 0 0 0
0 -0 0 0 0 180 0 0 0.0171814 108.117 0 -180 0 0 0 -180 0 -180
0 0 0 0 0 -0 0 -180 0.207378 -132.896 0 -180 0 0 0 0 0 0
0 -0 0 -180 0 -0 0 0 1.19302 -65.6967 0 0 0 -180 0 -180 0 -180
inside=0 lambda=0.647 phi=15 theta=45
0 -0 0 -180 0 0 0 0 0.196788 -132.862 0 0 0 -0 0 -180 0 0
0 -0 0 0 0 -180 0 -180 1.18317 -65.6674 0 -180 0 -0 0 180 0 -180
0 0 0 -0 0 -180 0 -180 0.0210987 45.7146 0 0 0 -180 0 0 0 0
0 -0 0 0 0 0 0 0 0.0198423 108.052 0 -180 0 180 0 -180 0 -180
0 0 0 -180 0 -180 0 -0 0.0210987 45.7146 0 0 0 -180 0 0 0 0
0 -0 0 0 0 180 0 0 0.0198423 108.052 0 -180 0 0 0 -180 0 -180
0 -0 0 0 0 -0 0 -180 0.196788 -132.862 0 -180 0 0 0 0 0 0
0 -0 0 -180 0 -0 0 0 1.18317 -65.6674 0 180 0 -180 0 -180 0 -180
inside=0 lambda=0.647 phi=20 theta=0
0 -0 0 -180 0 0 0 0 0.158101 -165.901 0 0 0 -0 0 -180 0 0
0 -0 0 0 0 -180 0 -180 1.14475 -82.6651 0 -180 0 -0 0 0 0 -180
0 0 0 -180 0 -180 0 0 1.54774e-13 -89.7338 0 0 0 -180 0 0 0 0
0 -0 0 0 0 0 0 -180 1.73373e-13 3.68663 0 -180 0 180 0 -180 0 -180
0 0 0 -180 0 -180 0 180 1.32907e-13 52.6904 0 180 0 -180 0 0 0 0
0 -180 0 0 0 0 0 180 1.16196e-13 -75.5937 0 -0 0 0 0 -180 0 -180
0 0 0 0 0 0 0 -180 0.239394 -166.166 0 -180 0 0 0 0 0 0
0 -180 0 -180 0 -180 0 0 1.2199 -82.8407 0 0 0 -180 0 -180 0 -180
inside=0 lambda=0.647 phi=20 theta=15
0 -0 0 -180 0 0 0 0 0.163546 -165.944 0 0 0 -0 0 -180 0 0
0 -0 0 0 0 -180 0 -180 1.14978 -82.6812 0 -180 0 -0 0 0 0 -180
0 0 0 -180 0 -180 0 -180 0.0202961 12.3953 0 0 0 -180 0 0 0 0
0 -0 0 0 0 0 0 0 0.0188968 91.3946 0 -180 0 180 0 -180 0 -180
0 0 0 -180 0 -180 0 -0 0.0202989 12.4875 0 0 0 -180 0 0 0 0
0 -180 0 0 0 0 0 -0 0.0188777 91.8538 0 -180 0 0 0 -180 0 -180
0 0 0 0 0 0 0 -180 0.233951 -166.173 0 -180 0 0 0 0 0 0
0 -180 0 -180 0 -0 0 0 1.21486 -82.8348 0 0 0 -180 0 -180 0 -180
inside=0 lambda=0.647 phi=20 theta=30
0 -0 0 -180 0 0 0 0 0.178423 -166.041 0 0 0 -0 0 -180 0 0
0 -0 0 0 0 -180 0 -180 1.16353 -82.7227 0 -180 0 -0 0 0 0 -180
0 0 0 -0 0 -180 0 -180 0.0351524 12.4121 0 0 0 -180 0 0 0 0
0 -180 0 0 0 0 0 0 0.0327212 91.5174 0 -180 0 180 0 -180 0 -180
0 0 0 -180 0 -180 0 -0 0.0351555 12.4631 0 0 0 -180 0 0 0 0
0 -180 0 0 0 180 0 0 0.0327028 91.7756 0 -180 0 0 0 -180 0 -180
0 0 0 0 0 -0 0 -180 0.219074 -166.171 0 -180 0 0 0 0 0 0
0 -0 0 -180 0 -0 0 0 1.20111 -82.8129 0 0 0 -180 0 -180 0 -180
inside=0 lambda=0.647 phi=20 theta=45
0 -0 0 -180 0 0 0 0 0.198748 -166.128 0 0 0 -0 0 -180 0 0
0 -0 0 0 0 -180 0 -180 1.18232 -82.7725 0 -180 0 -0 0 0 0 -180
0 0 0 -0 0 -180 0 -180 0.0405911 12.4356 0 0 0 -180 0 0 0 0
0 -180 0 0 0 0 0 0 0.0377718 91.657 0 -180 0 180 0 -180 0 -180
0 0 0 -180 0 -180 0 -0 0.0405911 12.4356 0 0 0 -180 0 0 0 0
0 -180 0 0 0 180 0 0 0.0377718 91.657 0 -180 0 0 0 -180 0 -180
0 -0 0 0 0 -0 0 -180 0.198748 -166.128 0 -180 0 0 0 0 0 0
0 -0 0 -180 0 -0 0 0 1.18232 -82.7725 0 0 0 -180 0 -180 0 -180
inside=0 lambda=0.647 phi=25 theta=0
0 -0 0 -180 0 0 0 0 0.127667 152.414 0 0 0 -0 0 -180 0 0
0 -0 0 0 0 -180 0 -180 1.11621 -104.359 0 -180 0 -0 0 0 0 -180
0 0 0 -180 0 -180 0 -180 3.8342e-13 124.59 0 -0 0 -180 0 0 0 0
0 -180 0 -0 0 0 0 180 5.18032e-13 -128.202 0 -180 0 0 0 180 0 -180
0 0 0 -180 0 -180 0 -0 2.92073e-13 -122.94 0 0 0 -180 0 0 0 0
0 -180 0 0 0 0 0 0 4.68494e-13 -119.111 0 180 0 0 0 -180 0 -180
0 0 0 0 0 0 0 -180 0.267217 151.859 0 -180 0 0 0 0 0 0
0 -180 0 -180 0 -180 0 0 1.24722 -104.511 0 0 0 -180 0 -180 0 -180
inside=0 lambda=0.647 phi=25 theta=15
0 -0 0 -180 0 0 0 0 0.137044 152.275 0 0 0 -0 0 -180 0 0
0 -0 0 0 0 -180 0 -180 1.12497 -104.383 0 -180 0 -0 0 0 0 -180
0 0 0 -180 0 -180 0 -180 0.035084 -29.8554 0 0 0 -180 0 0 0 0
0 -180 0 -0 0 0 0 0 0.0328514 70.4657 0 -180 0 0 0 180 0 -180
0 0 0 -180 0 -180 0 -180 0.0350582 -29.6847 0 0 0 -180 0 0 0 0
0 -180 0 0 0 0 0 -0 0.0327842 71.2908 0 180 0 0 0 -180 0 -180
0 0 0 0 0 0 0 -180 0.258017 151.789 0 -180 0 0 0 0 0 0
0 -180 0 -180 0 -180 0 0 1.23838 -104.528 0 0 0 -180 0 -180 0 -180
inside=0 lambda=0.647 phi=25 theta=30
0 -0 0 -180 0 0 0 0 0.162669 151.997 0 0 0 -0 0 -180 0 0
0 -0 0 0 0 -180 0 -180 1.14891 -104.441 0 -180 0 -0 0 0 0 -180
0 0 0 -180 0 -180 0 -180 0.0607231 -29.8323 0 0 0 -180 0 0 0 0
0 -180 0 -0 0 0 0 0 0.0568548 70.7265 0 -180 0 0 0 180 0 -180
0 0 0 -180 0 -180 0 -180 0.0607074 -29.7462 0 0 0 -180 0 0 0 0
0 -180 0 0 0 0 0 -0 0.0567967 71.164 0 180 0 0 0 -180 0 -180
0 -0 0 0 0 -0 0 -180 0.232594 151.725 0 -180 0 0 0 0 0 0
0 -180 0 -180 0 -180 0 0 1.21435 -104.534 0 0 0 -180 0 -180 0 -180
inside=0 lambda=0.647 phi=25 theta=45
0 -0 0 -180 0 0 0 0 0.197662 151.788 0 0 0 -0 0 -180 0 0
0 -180 0 0 0 -180 0 -180 1.18162 -104.501 0 -180 0 -0 0 0 0 -180
0 0 0 -180 0 -180 0 -180 0.0700963 -29.7984 0 0 0 -180 0 0 0 0
0 -180 0 -0 0 0 0 0 0.0656102 70.9722 0 -180 0 0 0 180 0 -180
0 0 0 -180 0 -180 0 -180 0.0700963 -29.7984 0 0 0 -180 0 0 0 0
0 -180 0 0 0 0 0 -0 0.0656102 70.9722 0 180 0 0 0 -180 0 -180
0 -0 0 0 0 -0 0 -180 0.197662 151.788 0 -180 0 0 0 0 0 0
0 -180 0 -180 0 -0 0 0 1.18162 -104.501 0 0 0 -180 0 -180 0 -180
inside=0 lambda=0.647 phi=30 theta=0
0 -0 0 -180 0 0 0.00463222 -81.4915 0.0766978 102.588 0 0 0 -0 0 -180 0 0
0 -0 0 0 0 180 0 -0 1.07036 -130.518 0 180 0 -0 0 0 0 180
0 -0 0 -180 0 -180 3.79167e-13 -101.892 7.31167e-14 6.76235 0 0 0 180 0 0 0 0
0 -180 0 -0 0 -0 0 180 8.93618e-14 -163 0 0 0 0 0 180 0 180
0 0 0 -180 0 -180 3.38847e-13 -173.087 7.30333e-14 178.789 0 -0 0 -180 0 0 0 0
0 -180 0 0 0 0 0 -0 1.60326e-13 56.5143 0 0 0 0 0 -180 0 -180
0 0 0 0 0 0 0.053467 153.041 0.309049 100.143 0 -180 0 0 0 0 0 0
0 -180 0 -180 0 -180 0 0 1.28991 -130.807 0 0 0 -180 0 -180 0 -180
inside=0 lambda=0.647 phi=30 theta=15
0 -180 0 -180 0 0 0 -0 0.0933828 101.855 0 0 0 -180 0 -180 0 0
0 -0 0 0 0 180 0 -180 1.08514 -130.481 0 180 0 -0 0 0 0 180
0 -0 0 -180 0 -180 0 -0 0.0583945 -81.2198 0 0 0 180 0 0 0 0
0 -180 0 -0 0 0 0 -0 0.0565931 42.2504 0 -180 0 0 0 180 0 180
0 0 0 -180 0 -180 0 -0 0.0574118 -80.7453 0 0 0 -180 0 0 0 0
0 -180 0 0 0 0 0 -180 0.0555528 45.798 0 180 0 0 0 -180 0 -180
0 -0 0 0 0 0 0 -180 0.280321 101.333 0 -180 0 0 0 0 0 0
0 -180 0 -180 0 -180 0 -0 1.28089 -130.01 0 0 0 -180 0 -180 0 -180
inside=0 lambda=0.647 phi=30 theta=30
0 -0 0 -180 0 0 0 0 0.134029 100.875 0 0 0 -0 0 -180 0 0
0 -180 0 0 0 -180 0 -180 1.12569 -130.632 0 180 0 -0 0 0 0 180
0 0 0 -180 0 -180 0 -180 0.0996996 -81.4008 0 0 0 180 0 0 0 0
0 -180 0 -0 0 0 0 -0 0.0960799 45.336 0 -180 0 0 0 180 0 -180
0 0 0 -180 0 -180 0 -180 0.0995936 -81.2991 0 0 0 -180 0 0 0 0
0 -180 0 0 0 0 0 -0 0.0958981 46.0627 0 180 0 0 0 -180 0 -180
0 -0 0 0 0 -0 0 -180 0.248222 100.181 0 -180 0 0 0 0 0 0
0 -180 0 -180 0 -180 0 -0 1.23645 -130.691 0 0 0 -180 0 -180 0 -180
inside=0 lambda=0.647 phi=30 theta=45
0 -0 0 -180 0 0 0 0 0.191292 100.312 0 0 0 -0 0 -180 0 0
0 -180 0 0 0 -180 0 -180 1.181 -130.697 0 -180 0 -180 0 0 0 180
0 0 0 -180 0 -180 0 -180 0.114999 -81.3891 0 0 0 -180 0 0 0 0
0 -180 0 -0 0 0 0 0 0.110794 45.7681 0 -180 0 0 0 180 0 -180
0 0 0 -180 0 -180 0 -180 0.114999 -81.3891 0 0 0 -180 0 0 0 0
0 -180 0 0 0 0 0 -0 0.110794 45.7681 0 180 0 0 0 -180 0 -180
0 -0 0 0 0 -0 0 -180 0.191292 100.312 0 -180 0 0 0 0 0 0
0 -180 0 -180 0 -180 0 0 1.181 -130.697 0 0 0 -180 0 -180 0 180
inside=0 lambda=0.647 phi=35 theta=0
0 -0 0 -180 0 0 0.022744 -14.9327 0.011006 -161.563 0 0 0 -0 0 -180 0 0
0 -180 0 0 0 180 0 0 0.987955 -160.928 0 180 0 -180 0 0 0 180
0 -0 0 -180 0 -180 7.12608e-13 -9.28633 2.85128e-13 -67.6644 0 -180 0 180 0 0 0 0
0 -180 0 -0 0 -0 0 0 2.69977e-13 124.776 0 -0 0 0 0 180 0 180
0 0 0 -180 0 -180 1.3077e-13 148.96 1.3359e-13 93.7481 0 -180 0 -180 0 0 0 0
0 -180 0 0 0 0 0 -180 1.4743e-13 134.632 0 -180 0 0 0 -180 0 -180
0 0 0 0 0 0 0.140339 -179.484 0.360849 39.1701 0 -180 0 0 0 0 0 0
0 -180 0 -180 0 -180 0 -0 1.36624 -160.737 0 0 0 -180 0 -180 0 -180
inside=0 lambda=0.647 phi=35 theta=15
0 -0 0 -180 0 0 0.018273 -27.0393 0.0154977 49.3752 0 0 0 -0 0 180 0 0
0 -180 0 0 0 180 0 -180 1.01351 -160.988 0 180 0 -180 0 0 0 180
0 -0 0 -180 0 -180 0.015501 48.8753 0.0956594 -142.898 0 0 0 180 0 0 0 0
0 -180 0 -0 0 -0 0 -180 0.0956244 14.5183 0 180 0 0 0 180 0 180
0 0 0 -180 0 -180 0.0147143 63.371 0.0954977 -142.489 0 180 0 -180 0 0 0 0
0 -180 0 0 0 0 0 -180 0.094977 16.7663 0 180 0 0 0 -180 0 180
0 0 0 0 0 -0 0.0594931 81.1691 0.344754 38.995 0 -180 0 0 0 0 0 0
0 -180 0 -180 0 -180 0 -180 1.34198 -161.005 0 0 0 -180 0 180 0 180
inside=0 lambda=0.647 phi=35 theta=30
0 -0 0 -180 0 0 0 -0 0.0851392 39.0298 0 0 0 -0 0 -180 0 0
0 -180 0 -0 0 180 0 -180 1.0834 -161.114 0 180 0 -180 0 0 0 180
0 0 0 -180 0 -180 0 -0 0.165718 -142.585 0 0 0 180 0 0 0 0
0 -180 0 -0 0 -0 0 -0 0.165244 14.7853 0 180 0 0 0 180 0 180
0 0 0 -180 0 180 0 -180 0.165392 -142.551 0 180 0 -180 0 0 0 0
0 -180 0 -0 0 0 0 -180 0.16461 16.1882 0 180 0 -0 0 180 0 180
0 -0 0 0 0 -0 0 -180 0.274375 38.0451 0 -180 0 0 0 0 0 0
0 -180 0 -180 0 -180 0 -0 1.27368 -161.094 0 0 0 180 0 180 0 180
inside=0 lambda=0.647 phi=35 theta=45
0 -0 0 -180 0 0 0 -0 0.180266 38.1392 0 0 0 -0 0 -180 0 0
0 -180 0 -0 0 180 0 -180 1.17831 -161.214 0 180 0 -180 0 0 0 180
0 0 0 -180 0 -180 0 -180 0.190949 -142.738 0 0 0 180 0 180 0 0
0 -180 0 -0 0 -0 0 -0 0.190181 15.7405 0 180 0 0 0 180 0 180
0 0 0 -180 0 180 0 -180 0.190949 -142.738 0 180 0 -180 0 0 0 0
0 -180 0 -0 0 0 0 -0 0.190181 15.7405 0 180 0 -0 0 180 0 180
0 -0 0 -0 0 -0 0 -180 0.180266 38.1392 0 -180 0 0 0 0 0 0
0 -180 0 -180 0 -180 0 -0 1.17831 -161.214 0 0 0 180 0 180 0 180
inside=0 lambda=0.647 phi=40 theta=0
0 -180 0 180 0 0 0.032723 25.3786 0.199139 148.886 0 0 0 -180 0 180 0 0
0 -180 0 0 0 0 0 0 0.800213 164.723 0 180 0 -180 0 0 0 0
0 -0 0 -180 0 -180 3.31431e-13 -79.6562 1.49874e-13 111.622 0 180 0 180 0 0 0 0
0 -180 0 -180 0 -0 0 -0 1.56725e-13 -6.05862 0 -180 0 0 0 0 0 180
0 -0 0 180 0 180 2.71919e-13 -85.2938 2.70319e-13 -3.26708 0 180 0 180 0 -0 0 -0
0 180 0 -0 0 -0 0 -180 1.93088e-13 41.0448 0 -0 0 -0 0 180 0 180
0 -0 0 -0 0 -0 0.174616 -78.2698 0.537087 -34.7716 0 180 0 -0 0 -0 0 -0
0 180 0 180 0 180 0 -0 1.48039 164.597 0 -0 0 180 0 180 0 180
inside=0 lambda=0.647 phi=40 theta=15
0 -180 0 -180 0 0 0.0292589 -36.1274 0.150324 150.17 0 0 0 -0 0 180 0 0
0 -180 0 0 0 180 0 -0 0.84917 164.531 0 180 0 -180 0 0 0 0
0 -0 0 -180 0 -180 0.0684358 -83.8666 0.179514 149.997 0 0 0 180 0 0 0 0
0 -180 0 -180 0 -0 0 -0 0.186533 -20.8431 0 180 0 0 0 0 0 180
0 -0 0 -180 0 180 0.059062 -140.545 0.178503 148.58 0 180 0 -180 0 0 0 0
0 -180 0 -0 0 0 0 -180 0.177071 -17.2252 0 0 0 -0 0 180 0 180
0 -0 0 -0 0 -0 0.21279 -148.85 0.463412 -35.2061 0 180 0 0 0 0 0 0
0 -180 0 -180 0 -180 0 -0 1.45168 164.74 0 -0 0 180 0 180 0 180
inside=0 lambda=0.647 phi=40 theta=30
0 -180 0 -180 0 0 0.000726472 -103.336 0.0209012 171.958 0 0 0 -0 0 180 0 0
0 -180 0 -0 0 180 0 -180 0.980492 164.217 0 180 0 -180 0 0 0 0
0 -0 0 -180 0 -180 0.00173168 -137.057 0.312549 147.407 0 0 0 180 0 0 0 0
0 180 0 -180 0 -0 0 -0 0.312025 -19.1098 0 180 0 0 0 0 0 180
0 -0 0 -180 0 180 0.00883645 -35.0144 0.312456 147.604 0 0 0 -180 0 0 0 0
0 180 0 -0 0 0 0 180 0.311768 -17.8732 0 0 0 -0 0 180 0 180
0 -0 0 -0 0 -0 0.0189411 0.109538 0.341429 -33.1461 0 180 0 0 0 0 0 0
0 -180 0 -180 0 -180 0 -180 1.3402 164.144 0 -0 0 180 0 180 0 180
inside=0 lambda=0.647 phi=40 theta=45
0 -0 0 -180 0 0 0 -0 0.161675 -35.8804 0 0 0 -0 0 180 0 0
0 -180 0 -0 0 180 0 -180 1.16035 164.043 0 180 0 -180 0 0 0 180
0 -0 0 -180 0 -180 0 -180 0.360658 147.429 0 0 0 180 0 0 0 0
0 180 0 -180 0 -0 0 -0 0.360092 -18.5395 0 180 0 0 0 0 0 180
0 -0 0 -180 0 180 0 -180 0.360658 147.429 0 0 0 -180 0 0 0 0
0 180 0 -0 0 0 0 -180 0.360092 -18.5395 0 0 0 -0 0 180 0 180
0 -0 0 -0 0 -0 0 -180 0.161675 -35.8804 0 180 0 0 0 0 0 0
0 -180 0 -180 0 -180 0 -0 1.16035 164.043 0 0 0 180 0 180 0 180
inside=0 lambda=0.647 phi=45 theta=0
0 -180 0 -180 0 0 0.0306203 40.6119 0.999477 19.9414 0 0 0 -180 0 -180 0 0
0 -180 0 0 0 0 0 -0 0 -180 0 0 0 -180 0 0 0 0
0 0 0 -180 0 -180 2.90336e-12 -35.4987 2.34085e-12 12.0181 0 180 0 -180 0 0 0 0
0 -180 0 -180 0 -180 0 -0 0 -0 0 180 0 0 0 0 0 0
0 0 0 -180 0 -180 6.16598e-13 -44.0605 2.4717e-13 25.1113 0 0 0 -180 0 0 0 0
0 180 0 -0 0 -0 0 -180 0 -180 0 180 0 -0 0 180 0 180
0 0 0 0 0 0 0.46408 69.3078 0.898307 -132.8 0 -180 0 0 0 0 0 0
0 180 0 180 0 180 0 -0 0 180 0 -0 0 180 0 180 0 180
inside=0 lambda=0.647 phi=45 theta=15
0 -0 0 180 0 0 0.0679829 -36.4429 0.865042 18.4794 0 0 0 180 0 -180 0 0
0 -180 0 0 0 0 0 -0 0 -180 0 0 0 180 0 -0 0 -0
0 0 0 -180 0 -180 0.258451 -97.0442 0.461327 30.8935 0 0 0 -180 0 0 0 0
0 -180 0 -180 0 -180 0 -0 0 -180 0 0 0 -0 0 -0 0 0
0 0 0 -180 0 0 0.112246 -44.0804 0.467772 32.1245 0 0 0 -180 0 0 0 -0
0 180 0 -0 0 -0 0 -0 0 -180 0 -0 0 -180 0 0 0 0
0 0 0 180 0 -180 0.242048 13.7497 0.844482 -130.913 0 180 0 0 0 0 0 -0
0 180 0 180 0 180 0 -0 0 180 0 -0 0 0 0 0 0 0
inside=0 lambda=0.647 phi=45 theta=30
0 -0 0 -180 0 0 0.0373366 117.12 0.52396 10.4619 0 0 0 -180 0 180 0 0
0 -180 0 0 0 0 0 180 0 180 0 0 0 180 0 -0 0 -0
0 0 0 -180 0 -180 0.199441 168.46 0.841198 33.2492 0 0 0 180 0 0 0 0
0 -180 0 -180 0 -180 0 -180 0 -180 0 0 0 -0 0 -0 0 0
0 0 0 -180 0 0 0.134702 56.0858 0.837864 32.8593 0 0 0 -180 0 180 0 0
0 180 0 -0 0 -0 0 180 0 -180 0 -0 0 -180 0 180 0 0
0 0 0 180 0 -180 0.247341 60.9755 0.507657 -125.997 0 -180 0 180 0 0 0 0
0 -180 0 180 0 180 0 -180 0 180 0 -0 0 0 0 0 0 0
inside=0 lambda=0.647 phi=45 theta=45
0 -0 0 -180 0 -0 0 180 0.191304 -57.6913 0 0 0 -180 0 -0 0 0
0 -180 0 -180 0 0 0 180 0 180 0 0 0 180 0 -0 0 0
0 0 0 -0 0 -180 0 180 0.981531 32.3087 0 0 0 0 0 0 0 0
0 180 0 -180 0 -180 0 180 0 -180 0 0 0 -0 0 -0 0 0
0 0 0 180 0 0 0 -0 0.981531 32.3087 0 0 0 -180 0 0 0 0
0 180 0 180 0 -0 0 -180 0 -180 0 -0 0 -180 0 0 0 0
0 -0 0 180 0 -180 0 -180 0.191304 -57.6913 0 -0 0 -0 0 0 0 0
0 -180 0 180 0 180 0 -180 0 180 0 -0 0 0 0 0 0 0
inside=1 lambda=0.647 phi=0 theta=0
0 0 0 -180 0 0 0 0 0.191903 -178.012 0 0 0 0 0 -180 0 0
0 -0 0 180 0 -0 0 -0 0.813167 -43.3915 0 -0 0 -0 0 180 0 -0
0 0 0 0 0 -180 0 180 6.11165e-13 -101.018 0 180 0 -180 0 0 0 0
0 -0 0 0 0 180 0 0 6.89366e-13 -5.66063 0 -0 0 180 0 0 0 -0
0 0 0 -180 0 -180 0 0 1.93663e-13 4.59934 0 0 0 -180 0 -0 0 0
0 -0 0 -0 0 180 0 0 4.90394e-13 16.9242 0 -0 0 180 0 -0 0 -0
0 0 0 0 0 0 0 -180 0.191903 -178.012 0 -180 0 0 0 0 0 0
0 -0 0 -0 0 -0 0 180 0.813167 -43.3915 0 180 0 -0 0 -0 0 -0
inside=1 lambda=0.647 phi=0 theta=15
0 0 0 -180 0 0 0 0 0.191903 -178.012 0 0 0 0 0 -180 0 0
0 -0 0 180 0 -0 0 -0 0.813167 -43.3915 0 -0 0 -0 0 180 0 -0
0 0 0 0 0 -180 0 180 6.11165e-13 -101.018 0 180 0 -180 0 0 0 0
0 -0 0 0 0 180 0 0 6.89366e-13 -5.66063 0 -0 0 180 0 0 0 -0
0 0 0 -180 0 -180 0 0 1.93663e-13 4.59934 0 0 0 -180 0 -0 0 0
0 -0 0 -0 0 180 0 0 4.90394e-13 16.9242 0 -0 0 180 0 -0 0 -0
0 0 0 0 0 0 0 -180 0.191903 -178.012 0 -180 0 0 0 0 0 0
0 -0 0 -0 0 -0 0 180 0.813167 -43.3915 0 180 0 -0 0 -0 0 -0
inside=1 lambda=0.647 phi=0 theta=30
0 0 0 -180 0 0 0 0 0.191903 -178.012 0 0 0 0 0 -180 0 0
0 -0 0 180 0 -0 0 -0 0.813167 -43.3915 0 -0 0 -0 0 180 0 -0
0 0 0 0 0 -180 0 180 6.11165e-13 -101.018 0 180 0 -180 0 0 0 0
0 -0 0 0 0 180 0 0 6.89366e-13 -5.66063 0 -0 0 180 0 0 0 -0
0 0 0 -180 0 -180 0 0 1.93663e-13 4.59934 0 0 0 -180 0 -0 0 0
0 -0 0 -0 0 180 0 0 4.90394e-13 16.9242 0 -0 0 180 0 -0 0 -0
0 0 0 0 0 0 0 -180 0.191903 -178.012 0 -180 0 0 0 0 0 0
0 -0 0 -0 0 -0 0 180 0.813167 -43.3915 0 180 0 -0 0 -0 0 -0
inside=1 lambda=0.647 phi=0 theta=45
0 0 0 -180 0 0 0 0 0.191903 -178.012 0 0 0 0 0 -180 0 0
0 -0 0 180 0 -0 0 -0 0.813167 -43.3915 0 -0 0 -0 0 180 0 -0
0 0 0 0 0 -180 0 180 6.11165e-13 -101.018 0 180 0 -180 0 0 0 0
0 -0 0 0 0 180 0 0 6.89366e-13 -5.66063 0 -0 0 180 0 0 0 -0
0 0 0 -180 0 -180 0 0 1.93663e-13 4.59934 0 0 0 -180 0 -0 0 0
0 -0 0 -0 0 180 0 0 4.90394e-13 16.9242 0 -0 0 180 0 -0 0 -0
0 0 0 0 0 0 0 -180 0.191903 -178.012 0 -180 0 0 0 0 0 0
0 -0 0 -0 0 -0 0 180 0.813167 -43.3915 0 180 0 -0 0 -0 0 -0
inside=1 lambda=0.647 phi=5 theta=0
0 0 0 -180 0 0 0 0 0.191181 -178.006 0 0 0 0 0 -180 0 0
0 -0 0 180 0 -0 0 -0 0.814105 -44.561 0 -180 0 -0 0 180 0 -0
0 0 0 -180 0 -180 0 -0 9.69404e-14 172.321 0 -0 0 -180 0 0 0 0
0 -0 0 0 0 180 0 180 4.37613e-14 -56.3378 0 180 0 180 0 -180 0 -0
0 0 0 -180 0 -180 0 0 1.86288e-13 15.5613 0 180 0 -180 0 0 0 0
0 -0 0 180 0 180 0 180 2.29169e-13 30.8024 0 -180 0 180 0 -0 0 -0
0 0 0 0 0 0 0 -180 0.193191 -178.009 0 -180 0 0 0 0 0 0
0 -0 0 -0 0 -0 0 0 0.812137 -44.5681 0 180 0 -0 0 -0 0 -0
inside=1 lambda=0.647 phi=5 theta=15
0 0 0 -180 0 0 0 0 0.191316 -178.007 0 0 0 0 0 -180 0 0
0 -0 0 180 0 -0 0 -0 0.813973 -44.5615 0 -180 0 -0 0 180 0 -0
0 0 0 -0 0 -180 0 -180 0.000500145 1.46115 0 0 0 -180 0 0 0 0
0 -0 0 0 0 180 0 180 0.000493187 -40.0101 0 -0 0 180 0 -180 0 -0
0 0 0 -180 0 -180 0 -0 0.000500161 1.46336 0 0 0 -180 0 0 0 0
0 -0 0 180 0 180 0 0 0.000493184 -40.0183 0 -180 0 180 0 -0 0 -0
0 0 0 0 0 0 0 -180 0.193057 -178.008 0 -180 0 0 0 0 0 0
0 -0 0 -0 0 -0 0 0 0.812269 -44.5676 0 180 0 -0 0 -0 0 -0
inside=1 lambda=0.647 phi=5 theta=30
0 0 0 -180 0 0 0 0 0.191684 -178.007 0 0 0 0 0 -180 0 0
0 -0 0 0 0 -0 0 -0 0.813613 -44.5628 0 -0 0 -0 0 180 0 -0
0 0 0 -0 0 -180 0 -180 0.000866283 1.46162 0 0 0 -180 0 0 0 0
0 -0 0 0 0 180 0 180 0.000854224 -40.0119 0 -0 0 180 0 -180 0 -0
0 0 0 -180 0 -180 0 -0 0.000866298 1.46289 0 0 0 -180 0 0 0 0
0 -0 0 180 0 180 0 0 0.000854221 -40.0166 0 -180 0 180 0 -0 0 -0
0 0 0 0 0 0 0 -180 0.192689 -178.008 0 -180 0 0 0 0 0 0
0 -0 0 -0 0 -0 0 0 0.812629 -44.5663 0 180 0 -0 0 -0 0 -0
inside=1 lambda=0.647 phi=5 theta=45
0 0 0 -180 0 0 0 0 0.192186 -178.008 0 0 0 0 0 -180 0 0
0 -0 0 0 0 -0 0 -0 0.813121 -44.5646 0 -0 0 -0 0 180 0 -0
0 0 0 -0 0 -180 0 -180 0.00100031 1.46226 0 0 0 -180 0 0 0 0
0 -0 0 0 0 180 0 180 0.000986371 -40.0142 0 -0 0 180 0 -180 0 -0
0 0 0 -180 0 -180 0 -0 0.00100031 1.46226 0 0 0 -180 0 0 0 0
0 -0 0 180 0 180 0 0 0.000986371 -40.0142 0 -180 0 180 0 -0 0 -0
0 0 0 0 0 0 0 -180 0.192186 -178.008 0 -180 0 0 0 0 0 0
0 -0 0 -0 0 -0 0 0 0.813121 -44.5646 0 180 0 -0 0 -0 0 -0
inside=1 lambda=0.647 phi=10 theta=0
0 0 0 -180 0 0 0 0 0.188958 -178.01 0 0 0 0 0 -180 0 0
0 -0 0 0 0 -0 0 -0 0.816963 -48.0454 0 -180 0 -0 0 0 0 -0
0 0 0 -180 0 -180 0 -0 2.57845e-14 148.785 0 -0 0 -180 0 0 0 0
0 -0 0 0 0 180 0 180 1.10587e-13 -140.204 0 0 0 180 0 -180 0 -0
0 0 0 -180 0 -180 0 -0 1.31032e-13 104.619 0 -0 0 -180 0 0 0 0
0 -0 0 0 0 180 0 -180 2.08226e-13 120.16 0 180 0 180 0 -180 0 -0
0 0 0 0 0 0 0 -180 0.197095 -178.02 0 -180 0 0 0 0 0 0
0 -0 0 -180 0 -0 0 0 0.80901 -48.0732 0 180 0 -0 0 -180 0 -0
inside=1 lambda=0.647 phi=10 theta=15
0 0 0 -180 0 0 0 0 0.189503 -178.011 0 0 0 0 0 -180 0 0
0 -0 0 0 0 -0 0 -0 0.81643 -48.0473 0 -180 0 -0 0 0 0 -0
0 0 0 -0 0 -180 0 -180 0.00202467 1.42582 0 0 0 -180 0 0 0 0
0 -0 0 0 0 180 0 0 0.00199305 -43.5377 0 -180 0 180 0 -180 0 -0
0 0 0 -180 0 -180 0 -0 0.00202492 1.43388 0 0 0 -180 0 0 0 0
0 -0 0 0 0 180 0 0 0.00199301 -43.5707 0 -180 0 180 0 -180 0 -0
0 0 0 0 0 0 0 -180 0.19655 -178.02 0 -180 0 0 0 0 0 0
0 -0 0 -180 0 -0 0 0 0.809542 -48.0713 0 180 0 -0 0 -180 0 -0
inside=1 lambda=0.647 phi=10 theta=30
0 0 0 -180 0 0 0 0 0.190992 -178.013 0 0 0 0 0 -180 0 0
0 -0 0 0 0 -0 0 -0 0.814975 -48.0524 0 -180 0 -0 0 180 0 -0
0 0 0 -0 0 -180 0 -180 0.00350693 1.42756 0 0 0 -180 0 0 0 0
0 -0 0 0 0 180 0 0 0.00345205 -43.545 0 -180 0 180 0 -180 0 -0
0 0 0 -180 0 -180 0 -0 0.00350718 1.43222 0 0 0 -180 0 0 0 0
0 -0 0 0 0 180 0 0 0.00345201 -43.564 0 -180 0 180 0 -180 0 -0
0 0 0 0 0 0 0 -180 0.19506 -178.018 0 -180 0 0 0 0 0 0
0 -0 0 -0 0 -0 0 0 0.810998 -48.0663 0 180 0 -0 0 -180 0 -0
inside=1 lambda=0.647 phi=10 theta=45
0 0 0 -180 0 0 0 0 0.193026 -178.015 0 0 0 0 0 -180 0 0
0 -0 0 0 0 -0 0 -0 0.812986 -48.0593 0 -180 0 -0 0 180 0 -0
0 0 0 -0 0 -180 0 -180 0.0040496 1.42991 0 0 0 -180 0 0 0 0
0 -0 0 0 0 180 0 0 0.00398606 -43.5546 0 -180 0 180 0 -180 0 -0
0 0 0 -180 0 -180 0 -0 0.0040496 1.42991 0 0 0 -180 0 0 0 0
0 -0 0 0 0 180 0 0 0.00398606 -43.5546 0 -180 0 180 0 -180 0 -0
0 0 0 0 0 0 0 -180 0.193026 -178.015 0 -180 0 0 0 0 0 0
0 -0 0 -0 0 -0 0 0 0.812986 -48.0593 0 180 0 -0 0 -180 0 -0
inside=1 lambda=0.647 phi=15 theta=0
0 0 0 -180 0 0 0 0 0.185035 -178.077 0 0 0 0 0 -180 0 0
0 -0 0 0 0 -180 0 -180 0.821878 -53.7717 0 -180 0 -0 0 0 0 -180
0 0 0 -180 0 -180 0 180 3.17016e-14 38.3032 0 -180 0 -180 0 0 0 0
0 -0 0 0 0 0 0 0 1.53903e-13 38.5179 0 180 0 180 0 -180 0 -180
0 0 0 -180 0 -180 0 -0 1.01636e-13 71.2198 0 -0 0 -180 0 0 0 0
0 -0 0 0 0 180 0 -180 1.99086e-13 60.2479 0 -0 0 180 0 -180 0 -0
0 0 0 0 0 0 0 -180 0.203707 -178.108 0 -180 0 0 0 0 0 0
0 -0 0 -180 0 -0 0 0 0.803673 -53.8326 0 0 0 -0 0 -180 0 -0
inside=1 lambda=0.647 phi=15 theta=15
0 0 0 -180 0 0 0 0 0.186286 -178.08 0 0 0 0 0 -180 0 0
0 -0 0 0 0 -180 0 -180 0.820659 -53.7758 0 -180 0 -0 0 0 0 -180
0 0 0 -0 0 -180 0 -180 0.00464602 1.32617 0 0 0 -180 0 0 0 0
0 -0 0 0 0 0 0 0 0.0045614 -49.3517 0 -180 0 180 0 -180 0 -180
0 0 0 -180 0 -180 0 -0 0.0046473 1.34132 0 0 0 -180 0 0 0 0
0 -0 0 0 0 180 0 0 0.00456118 -49.4281 0 -180 0 180 0 -180 0 -0
0 0 0 0 0 0 0 -180 0.202456 -178.106 0 -180 0 0 0 0 0 0
0 -0 0 -180 0 -0 0 0 0.804892 -53.8286 0 0 0 -0 0 -180 0 -0
inside=1 lambda=0.647 phi=15 theta=30
0 0 0 -180 0 0 0 0 0.189702 -178.086 0 0 0 0 0 -180 0 0
0 -0 0 0 0 -180 0 -180 0.817327 -53.787 0 -180 0 -0 0 0 0 -180
0 0 0 -0 0 -180 0 -180 0.00804763 1.32953 0 0 0 -180 0 0 0 0
0 -0 0 0 0 0 0 0 0.00790049 -49.3694 0 -180 0 180 0 -180 0 -180
0 0 0 -180 0 -180 0 -0 0.00804891 1.33827 0 0 0 -180 0 0 0 0
0 -0 0 0 0 180 0 0 0.00790026 -49.4134 0 -180 0 180 0 -180 0 -0
0 0 0 0 0 0 0 -180 0.199038 -178.101 0 -180 0 0 0 0 0 0
0 -0 0 -180 0 -0 0 0 0.808224 -53.8175 0 0 0 -180 0 -180 0 -0
inside=1 lambda=0.647 phi=15 theta=45
0 0 0 -180 0 0 0 0 0.194369 -178.094 0 0 0 0 0 -180 0 0
0 -0 0 0 0 -180 0 -180 0.812776 -53.8022 0 -180 0 -0 0 0 0 -180
0 0 0 -0 0 -180 0 -180 0.00929335 1.33397 0 0 0 -180 0 0 0 0
0 -0 0 0 0 0 0 0 0.00912256 -49.3922 0 -180 0 180 0 -180 0 -0
0 0 0 -180 0 -180 0 -0 0.00929335 1.33397 0 0 0 -180 0 0 0 0
0 -0 0 0 0 180 0 0 0.00912256 -49.3922 0 -180 0 0 0 -180 0 -0
0 0 0 0 0 0 0 -180 0.194369 -178.094 0 -180 0 0 0 0 0 0
0 -0 0 -180 0 -0 0 0 0.812776 -53.8022 0 0 0 -180 0 -180 0 -180
inside=1 lambda=0.647 phi=20 theta=0
0 -0 0 -180 0 0 0 0 0.17901 -178.29 0 0 0 -0 0 -180 0 0
0 -0 0 0 0 -180 0 -180 0.829096 -61.619 0 -180 0 -0 0 0 0 -180
0 0 0 -180 0 -180 0 -0 1.14963e-14 -159.511 0 0 0 -180 0 0 0 0
0 -0 0 0 0 0 0 -180 6.50443e-15 -8.38397 0 180 0 180 0 -180 0 -180
0 0 0 -180 0 -180 0 180 2.92896e-15 134.338 0 180 0 -180 0 0 0 0
0 -180 0 0 0 180 0 180 2.08028e-14 46.3612 0 -180 0 0 0 -180 0 -0
0 0 0 0 0 0 0 -180 0.213095 -178.354 0 -180 0 0 0 0 0 0
0 -180 0 -180 0 -0 0 0 0.795951 -61.7218 0 0 0 -180 0 -180 0 -0
inside=1 lambda=0.647 phi=20 theta=15
0 -0 0 -180 0 0 0 0 0.181292 -178.295 0 0 0 -0 0 -180 0 0
0 -0 0 0 0 -180 0 -180 0.826876 -61.6259 0 -180 0 -0 0 0 0 -180
0 0 0 -0 0 -180 0 -180 0.0084834 1.1159 0 0 0 -180 0 0 0 0
0 -0 0 0 0 0 0 0 0.00830354 -57.349 0 -180 0 180 0 -180 0 -180
0 0 0 -180 0 -180 0 -0 0.00848727 1.13561 0 0 0 -180 0 0 0 0
0 -0 0 0 0 180 0 0 0.00830271 -57.4903 0 -180 0 0 0 -180 0 -180
0 0 0 0 0 0 0 -180 0.21081 -178.351 0 -180 0 0 0 0 0 0
0 -0 0 -180 0 -0 0 0 0.798171 -61.715 0 0 0 -180 0 -180 0 -180
inside=1 lambda=0.647 phi=20 theta=30
0 0 0 -180 0 0 0 0 0.187527 -178.309 0 0 0 -0 0 -180 0 0
0 -0 0 0 0 -180 0 -180 0.82081 -61.6449 0 -180 0 -0 0 0 0 -180
0 0 0 -0 0 -180 0 -180 0.0146952 1.12026 0 0 0 -180 0 0 0 0
0 -0 0 0 0 0 0 0 0.0143818 -57.3839 0 -180 0 180 0 -180 0 -180
0 0 0 -180 0 -180 0 -0 0.014699 1.13166 0 0 0 -180 0 0 0 0
0 -0 0 0 0 180 0 0 0.0143809 -57.465 0 -180 0 0 0 -180 0 -180
0 0 0 0 0 0 0 -180 0.20457 -178.341 0 -180 0 0 0 0 0 0
0 -0 0 -180 0 -0 0 0 0.804238 -61.6965 0 0 0 -180 0 -180 0 -180
inside=1 lambda=0.647 phi=20 theta=45
0 0 0 -180 0 0 0 0 0.196047 -178.326 0 0 0 -0 0 -180 0 0
0 -0 0 0 0 -180 0 -180 0.812524 -61.6708 0 -180 0 -0 0 0 0 -180
0 0 0 -0 0 -180 0 -180 0.0169708 1.12607 0 0 0 -180 0 0 0 0
0 -0 0 0 0 0 0 0 0.0166061 -57.4269 0 -180 0 180 0 -180 0 -180
0 0 0 -180 0 -180 0 -0 0.0169708 1.12607 0 0 0 -180 0 0 0 0
0 -0 0 0 0 180 0 0 0.0166061 -57.4269 0 -180 0 0 0 -180 0 -180
0 0 0 0 0 -0 0 -180 0.196047 -178.326 0 -180 0 0 0 0 0 0
0 -0 0 -180 0 -0 0 0 0.812524 -61.6708 0 0 0 -180 0 -180 0 -180
inside=1 lambda=0.647 phi=25 theta=0
0 -0 0 -180 0 0 0 0 0.170218 -178.73 0 0 0 -0 0 -180 0 0
0 -0 0 0 0 -180 0 -180 0.838992 -71.4194 0 -180 0 -0 0 0 0 -180
0 0 0 -180 0 -180 0 -0 1.24962e-14 -79.3324 0 -0 0 -180 0 0 0 0
0 -0 0 0 0 0 0 0 9.79813e-14 18.5564 0 -180 0 180 0 -180 0 -180
0 0 0 -180 0 -180 0 -0 7.97217e-14 -106.476 0 -0 0 -180 0 0 0 0
0 -180 0 0 0 0 0 -0 7.39459e-14 10.6921 0 0 0 0 0 -180 0 -180
0 0 0 0 0 0 0 -180 0.225197 -178.827 0 -180 0 0 0 0 0 0
0 -180 0 -180 0 -180 0 0 0.785618 -71.565 0 0 0 -180 0 -180 0 -180
inside=1 lambda=0.647 phi=25 theta=15
0 -0 0 -180 0 0 0 0 0.173899 -178.739 0 0 0 -0 0 -180 0 0
0 -0 0 0 0 -180 0 -180 0.835416 -71.4295 0 -180 0 -0 0 0 0 -180
0 0 0 -0 0 -180 0 -180 0.0136955 0.762174 0 0 0 -180 0 0 0 0
0 -0 0 0 0 0 0 0 0.0133698 -67.3722 0 -180 0 180 0 -180 0 -180
0 0 0 -180 0 -180 0 -0 0.0137032 0.779851 0 0 0 -180 0 0 0 0
0 -180 0 0 0 0 0 0 0.013367 -67.6047 0 -180 0 0 0 -180 0 -180
0 0 0 0 0 0 0 -180 0.221512 -178.822 0 -180 0 0 0 0 0 0
0 -180 0 -180 0 -0 0 0 0.789193 -71.5558 0 0 0 -180 0 -180 0 -180
inside=1 lambda=0.647 phi=25 theta=30
0 -0 0 -180 0 0 0 0 0.183957 -178.76 0 0 0 -0 0 -180 0 0
0 -0 0 0 0 -180 0 -180 0.825649 -71.4568 0 -180 0 -0 0 0 0 -180
0 0 0 -0 0 -180 0 -180 0.023724 0.765545 0 0 0 -180 0 0 0 0
0 -0 0 0 0 0 0 0 0.0231558 -67.4346 0 -180 0 180 0 -180 0 -180
0 0 0 -180 0 -180 0 -0 0.0237318 0.776031 0 0 0 -180 0 0 0 0
0 -180 0 0 0 180 0 0 0.0231531 -67.567 0 -180 0 0 0 -180 0 -180
0 0 0 0 0 -0 0 -180 0.211446 -178.807 0 -180 0 0 0 0 0 0
0 -0 0 -180 0 -0 0 0 0.798962 -71.5302 0 0 0 -180 0 -180 0 -180
inside=1 lambda=0.647 phi=25 theta=45
0 0 0 -180 0 0 0 0 0.1977 -178.786 0 0 0 -0 0 -180 0 0
0 -0 0 0 0 -180 0 -180 0.812306 -71.4938 0 -180 0 -0 0 0 0 -180
0 0 0 -0 0 -180 0 -180 0.0273986 0.770722 0 0 0 -180 0 0 0 0
0 -180 0 0 0 0 0 0 0.0267362 -67.5068 0 -180 0 180 0 -180 0 -180
0 0 0 -180 0 -180 0 -0 0.0273986 0.770722 0 0 0 -180 0 0 0 0
0 -180 0 0 0 180 0 0 0.0267362 -67.5068 0 -180 0 0 0 -180 0 -180
0 0 0 0 0 -0 0 -180 0.1977 -178.786 0 -180 0 0 0 0 0 0
0 -0 0 -180 0 -0 0 0 0.812306 -71.4938 0 0 0 -180 0 -180 0 -180
inside=1 lambda=0.647 phi=30 theta=0
0 -0 0 -180 0 0 0 0 0.157752 -179.449 0 0 0 -0 0 -180 0 0
0 -0 0 0 0 -180 0 -180 0.852076 -82.9594 0 -180 0 -0 0 0 0 -180
0 0 0 -180 0 -180 0 -0 3.36124e-14 129.959 0 -0 0 -180 0 0 0 0
0 -0 0 0 0 0 0 180 5.83511e-14 -136.932 0 180 0 180 0 -180 0 -180
0 0 0 -180 0 -180 0 180 1.20912e-13 29.0147 0 -0 0 -180 0 0 0 0
0 -180 0 0 0 0 0 180 1.44889e-14 178.09 0 -0 0 0 0 -180 0 -180
0 0 0 0 0 0 0 -180 0.239768 -179.535 0 -180 0 0 0 0 0 0
0 -180 0 -180 0 -180 0 0 0.77241 -83.1354 0 0 0 -180 0 -180 0 -180
inside=1 lambda=0.647 phi=30 theta=15
0 -0 0 -180 0 0 0 0 0.163246 -179.458 0 0 0 -0 0 -180 0 0
0 -0 0 0 0 -180 0 -180 0.846738 -82.972 0 -180 0 -0 0 0 0 -180
0 0 0 -0 0 -180 0 -180 0.0204679 0.274634 0 0 0 180 0 0 0 0
0 -180 0 0 0 0 0 0 0.0199568 -79.1967 0 -180 0 180 0 -180 0 -180
0 0 0 -180 0 -180 0 -0 0.0204761 0.281787 0 0 0 -180 0 0 0 0
0 -180 0 0 0 0 0 0 0.0199478 -79.5532 0 -180 0 0 0 -180 0 -180
0 0 0 0 0 0 0 -180 0.234278 -179.529 0 -180 0 0 0 0 0 0
0 -180 0 -180 0 -0 0 0 0.777745 -83.1259 0 0 0 -180 0 -180 0 -180
inside=1 lambda=0.647 phi=30 theta=30
0 -0 0 -180 0 0 0 0 0.178257 -179.477 0 0 0 -0 0 -180 0 0
0 -0 0 0 0 -180 0 -180 0.832157 -83.0065 0 -180 0 -0 0 0 0 -180
0 0 0 -0 0 -180 0 -180 0.0354524 0.273533 0 0 0 180 0 0 0 0
0 -180 0 0 0 0 0 0 0.0345613 -79.3028 0 -180 0 180 0 -180 0 -180
0 0 0 -180 0 -180 0 -0 0.0354613 0.27927 0 0 0 -180 0 0 0 0
0 -180 0 0 0 0 0 0 0.0345529 -79.5022 0 -180 0 0 0 -180 0 -180
0 0 0 0 0 -0 0 -180 0.219271 -179.515 0 -180 0 0 0 0 0 0
0 -0 0 -180 0 -0 0 0 0.792324 -83.0968 0 0 0 -180 0 -180 0 -180
inside=1 lambda=0.647 phi=30 theta=45
0 -0 0 -180 0 0 0 0 0.198764 -179.498 0 0 0 -0 0 -180 0 0
0 -0 0 0 0 -180 0 -180 0.81224 -83.0528 0 -180 0 -0 0 0 0 -180
0 0 0 -0 0 -180 0 -180 0.0409412 0.275772 0 0 0 -180 0 0 0 0
0 -180 0 0 0 0 0 0 0.0399024 -79.4154 0 -180 0 180 0 -180 0 -180
0 0 0 -180 0 -180 0 -0 0.0409412 0.275772 0 0 0 -180 0 0 0 0
0 -180 0 0 0 180 0 0 0.0399024 -79.4154 0 -180 0 0 0 -180 0 -180
0 -0 0 0 0 -0 0 -180 0.198764 -179.498 0 -180 0 0 0 0 0 0
0 -0 0 -180 0 -0 0 0 0.81224 -83.0528 0 0 0 -180 0 -180 0 -180
inside=1 lambda=0.647 phi=35 theta=0
0 -0 0 -180 0 0 0 0 0.140591 179.562 0 0 0 -0 0 -180 0 0
0 -0 0 0 0 -180 0 -180 0.868994 -95.9787 0 -180 0 -0 0 0 0 -180
0 -0 0 -180 0 -180 0 -0 1.12396e-13 -111.348 0 -0 0 180 0 0 0 0
0 -180 0 0 0 0 0 -180 4.09262e-15 155.16 0 -180 0 0 0 -180 0 -180
0 0 0 -180 0 -180 0 0 5.38743e-14 140.711 0 -0 0 -180 0 0 0 0
0 -180 0 0 0 0 0 180 1.19882e-13 -171.237 0 180 0 0 0 -180 0 -180
0 0 0 0 0 0 0 -180 0.256423 179.616 0 -180 0 0 0 0 0 0
0 -180 0 -180 0 -180 0 0 0.756021 -96.1553 0 0 0 -180 0 -180 0 -180
inside=1 lambda=0.647 phi=35 theta=15
0 -0 0 -180 0 0 0 0 0.148363 179.569 0 0 0 -0 0 -180 0 0
0 -0 0 0 0 -180 0 -180 0.861422 -95.9931 0 -180 0 -0 0 0 0 -180
0 0 0 -0 0 -180 0 -180 0.0290101 -0.274975 0 0 0 180 0 0 0 0
0 -180 0 -0 0 0 0 0 0.0283133 -92.5157 0 -180 0 0 0 -180 0 -180
0 0 0 -180 0 -180 0 -0 0.0289977 -0.28222 0 0 0 -180 0 0 0 0
0 -180 0 0 0 0 0 -0 0.0282856 -93.0392 0 -180 0 0 0 -180 0 -180
0 0 0 0 0 0 0 -180 0.24871 179.622 0 -180 0 0 0 0 0 0
0 -180 0 -180 0 -180 0 0 0.763577 -96.1513 0 0 0 -180 0 -180 0 -180
inside=1 lambda=0.647 phi=35 theta=30
0 -0 0 -180 0 0 0 0 0.169595 179.588 0 0 0 -0 0 -180 0 0
0 -0 0 0 0 -180 0 -180 0.840736 -96.032 0 -180 0 -0 0 0 0 -180
0 0 0 -0 0 -180 0 -180 0.0502279 -0.284134 0 0 0 180 0 0 0 0
0 -180 0 -0 0 0 0 0 0.049024 -92.6934 0 -180 0 0 0 -180 0 -180
0 0 0 -180 0 -180 0 -0 0.0502226 -0.282679 0 0 0 -180 0 0 0 0
0 -180 0 0 0 0 0 -0 0.0490003 -92.9766 0 -180 0 0 0 -180 0 -180
0 0 0 0 0 -0 0 -180 0.227558 179.623 0 -180 0 0 0 0 0 0
0 -180 0 -180 0 -0 0 0 0.78424 -96.1281 0 0 0 -180 0 -180 0 -180
inside=1 lambda=0.647 phi=35 theta=45
0 -0 0 -180 0 0 0 0 0.19859 179.609 0 0 0 -0 0 -180 0 0
0 -0 0 0 0 -180 0 -180 0.812484 -96.0831 0 -180 0 -0 0 0 0 -180
0 0 0 -0 0 -180 0 -180 0.0579903 -0.284693 0 0 0 180 0 0 0 0
0 -180 0 -0 0 0 0 0 0.0565924 -92.86 0 -180 0 0 0 -180 0 -180
0 0 0 -180 0 180 0 -0 0.0579903 -0.284693 0 0 0 -180 0 0 0 0
0 -180 0 0 0 0 0 -0 0.0565924 -92.86 0 -180 0 0 0 -180 0 -180
0 -0 0 0 0 -0 0 -180 0.19859 179.609 0 -180 0 0 0 0 0 0
0 -0 0 -180 0 -0 0 0 0.812484 -96.0831 0 0 0 -180 0 -180 0 -180
inside=1 lambda=0.647 phi=40 theta=0
0 -0 0 -180 0 0 0 0 0.117803 178.37 0 0 0 -0 0 -180 0 0
0 -0 0 0 0 -180 0 -180 0.890534 -110.168 0 -180 0 -0 0 0 0 -180
0 -0 0 -180 0 -180 0 -180 1.75937e-13 -178.008 0 0 0 180 0 0 0 0
0 -180 0 -0 0 0 0 -180 1.4605e-13 -2.28528 0 -180 0 0 0 180 0 -180
0 0 0 -180 0 -180 0 -0 2.17318e-13 -31.2145 0 -180 0 -180 0 0 0 0
0 -180 0 0 0 0 0 0 2.09794e-13 -129.257 0 -0 0 0 0 -180 0 -180
0 0 0 0 0 0 0 -180 0.274656 178.822 0 -180 0 0 0 0 0 0
0 -180 0 -180 0 -180 0 -0 0.736102 -110.281 0 0 0 -180 0 -180 0 -180
inside=1 lambda=0.647 phi=40 theta=15
0 -0 0 -180 0 0 0 0 0.12837 178.433 0 0 0 -0 0 -180 0 0
0 -0 0 0 0 -180 0 -180 0.880168 -110.183 0 -180 0 -0 0 0 0 -180
0 -0 0 -0 0 -180 0 -180 0.0395975 -0.763292 0 0 0 180 0 0 0 0
0 -180 0 -0 0 0 0 0 0.0387646 -106.923 0 -180 0 0 0 180 0 -180
0 0 0 -180 0 -180 0 -0 0.0394884 -0.770288 0 0 0 -180 0 0 0 0
0 -180 0 0 0 0 0 -0 0.0386816 -107.682 0 180 0 0 0 -180 0 -180
0 0 0 0 0 -0 0 -180 0.264507 178.837 0 -180 0 0 0 0 0 0
0 -180 0 -180 0 -180 0 -0 0.746362 -110.307 0 0 0 -180 0 -180 0 -180
inside=1 lambda=0.647 phi=40 theta=30
0 -0 0 -180 0 0 0 0 0.157251 178.578 0 0 0 -0 0 -180 0 0
0 -0 0 0 0 -180 0 -180 0.85186 -110.224 0 -180 0 -0 0 0 0 -180
0 0 0 -0 0 -180 0 -180 0.0684678 -0.778421 0 0 0 180 0 0 0 0
0 -180 0 -0 0 0 0 0 0.0670892 -107.235 0 -180 0 0 0 180 0 -180
0 0 0 -180 0 180 0 -0 0.0684082 -0.768975 0 0 0 -180 0 0 0 0
0 -180 0 0 0 0 0 -0 0.0670294 -107.617 0 180 0 0 0 -180 0 -180
0 0 0 0 0 -0 0 -180 0.236009 178.807 0 -180 0 0 0 0 0 0
0 -180 0 -180 0 -0 0 0 0.774573 -110.311 0 0 0 -180 0 -180 0 -180
inside=1 lambda=0.647 phi=40 theta=45
0 -0 0 -180 0 0 0 0 0.196682 178.716 0 0 0 -0 0 -180 0 0
0 -0 0 0 0 -180 0 -180 0.813203 -110.275 0 -180 0 -0 0 0 0 -180
0 0 0 -0 0 -180 0 -180 0.0790082 -0.774077 0 0 0 180 0 0 0 0
0 -180 0 -0 0 0 0 0 0.077429 -107.471 0 -180 0 0 0 180 0 -180
0 0 0 -180 0 180 0 -0 0.0790082 -0.774077 0 0 0 -180 0 0 0 0
0 -180 0 0 0 0 0 -0 0.077429 -107.471 0 180 0 0 0 -180 0 -180
0 -0 0 0 0 -0 0 -180 0.196682 178.716 0 -180 0 0 0 0 0 0
0 -0 0 -180 0 -0 0 0 0.813203 -110.275 0 0 0 -180 0 -180 0 -180
inside=1 lambda=0.647 phi=45 theta=0
0 -0 0 -180 0 0 0 -0 0.0883487 176.925 0 0 0 -0 0 -180 0 0
0 -0 0 0 0 180 0.00156026 -42.2828 0.917698 -125.18 0 180 0 -0 0 0 0 180
0 -0 0 -180 0 -180 0 -180 1.40181e-13 -13.768 0 0 0 180 0 0 0 0
0 -180 0 -0 0 0 1.14641e-12 -143.456 2.32365e-13 178.57 0 0 0 0 0 180 0 -180
0 0 0 -180 0 -180 0 180 7.10603e-14 175.989 0 0 0 -180 0 0 0 0
0 -180 0 -0 0 0 2.99177e-13 16.0988 1.99168e-13 131.79 0 0 0 0 0 180 0 -180
0 0 0 0 0 0 0 180 0.303282 178.074 0 -180 0 0 0 0 0 0
0 -180 0 -180 0 -180 0.176598 105.037 0.707587 -125.674 0 0 0 -180 0 -180 0 -180
inside=1 lambda=0.647 phi=45 theta=15
0 -0 0 -180 0 0 0 0 0.102676 177.243 0 0 0 -0 0 -180 0 0
0 -0 0 0 0 180 0 -180 0.903834 -125.177 0 180 0 -0 0 0 0 180
0 -0 0 -0 0 -180 0 -180 0.052869 -1.09992 0 0 0 180 0 0 0 0
0 -180 0 -0 0 0 0 -0 0.0518223 -121.703 0 180 0 0 0 180 0 -180
0 0 0 -180 0 -180 0 -0 0.0522317 -1.01679 0 0 0 -180 0 0 0 0
0 -180 0 0 0 0 0 -0 0.0514964 -122.965 0 180 0 0 0 -180 0 -180
0 0 0 0 0 -0 0 -180 0.280858 178.414 0 -180 0 0 0 0 0 0
0 -180 0 -180 0 -180 0 -0 0.725818 -125.154 0 0 0 -180 0 -180 0 -180
inside=1 lambda=0.647 phi=45 theta=30
0 -0 0 -180 0 0 0 0 0.140805 177.704 0 0 0 -0 0 -180 0 0
0 -0 0 0 0 180 0 -180 0.866089 -125.223 0 180 0 -0 0 0 0 180
0 0 0 -0 0 -180 0 -180 0.0907979 -1.0685 0 0 0 180 0 0 0 0
0 -180 0 -0 0 0 0 -0 0.0895008 -122.494 0 180 0 0 0 180 0 -180
0 0 0 -180 0 180 0 -0 0.0906103 -1.01788 0 0 0 -180 0 0 0 0
0 -180 0 0 0 0 0 -0 0.0893686 -122.99 0 180 0 0 0 -180 0 -180
0 -0 0 0 0 -0 0 -180 0.244873 178.302 0 -180 0 0 0 0 0 0
0 -180 0 -180 0 -0 0 -0 0.763047 -125.289 0 0 0 -180 0 -180 0 -180
inside=1 lambda=0.647 phi=45 theta=45
0 -0 0 -180 0 0 0 0 0.192971 178.074 0 0 0 -0 0 -180 0 0
0 -180 0 0 0 180 0 -180 0.814536 -125.27 0 -180 0 -0 0 0 0 -180
0 0 0 -0 0 -180 0 -180 0.104689 -1.03714 0 0 0 180 0 0 0 0
0 -180 0 -0 0 0 0 0 0.103261 -122.821 0 -180 0 0 0 180 0 -180
0 0 0 -180 0 180 0 -0 0.104689 -1.03714 0 0 0 -180 0 0 0 0
0 -180 0 0 0 0 0 -0 0.103261 -122.821 0 180 0 0 0 -180 0 -180
0 -0 0 0 0 -0 0 -180 0.192971 178.074 0 -180 0 0 0 0 0 0
0 -180 0 -180 0 -0 0 0 0.814536 -125.27 0 0 0 180 0 -180 0 -180
