RSoft_BSDF_File_Version 2
1 0 5 2 1 0.365714
0.3 0.3
-1 1
-1 1
1 0.647 0.647
10 0 45 0.5
4 0 45
Begin_Dispersion_Data
0.647 1.45662 0 1 0 0
End_Dispersion_Data
inside=0 lambda=0.647 phi=0 theta=0
0 -180 0 -180 0 -180 0 0 0.141926 22.4666 0 0 0 -180 0 -180 0 -180
0 0 0 0 0 0 0 -180 1.19469 -135.284 0 -180 0 0 0 0 0 0
0 -180 0 180 0 0 0 -180 1.11928e-12 1.09228 0 -180 0 0 0 180 0 -180
0 0 0 180 0 -180 0 0 3.12883e-12 138.13 0 0 0 -180 0 -180 0 0
0 -180 0 0 0 0 0 -0 2.60714e-12 85.8021 0 -0 0 0 0 0 0 -180
0 0 0 180 0 -180 0 0 1.27929e-12 168.997 0 0 0 -180 0 0 0 0
0 -180 0 0 0 -180 0 -180 0.141926 22.4666 0 -180 0 -180 0 0 0 -180
0 0 0 -180 0 0 0 0 1.19469 -135.284 0 0 0 0 0 -180 0 0
inside=0 lambda=0.647 phi=0 theta=15
0 -180 0 -180 0 -180 0 0 0.141926 22.4666 0 0 0 -180 0 -180 0 -180
0 0 0 0 0 0 0 -180 1.19469 -135.284 0 -180 0 0 0 0 0 0
0 -180 0 180 0 0 0 -180 1.11928e-12 1.09228 0 -180 0 0 0 180 0 -180
0 0 0 180 0 -180 0 0 3.12883e-12 138.13 0 0 0 -180 0 -180 0 0
0 -180 0 0 0 0 0 -0 2.60714e-12 85.8021 0 -0 0 0 0 0 0 -180
0 0 0 180 0 -180 0 0 1.27929e-12 168.997 0 0 0 -180 0 0 0 0
0 -180 0 0 0 -180 0 -180 0.141926 22.4666 0 -180 0 -180 0 0 0 -180
0 0 0 -180 0 0 0 0 1.19469 -135.284 0 0 0 0 0 -180 0 0
inside=0 lambda=0.647 phi=0 theta=30
0 -180 0 -180 0 -180 0 0 0.141926 22.4666 0 0 0 -180 0 -180 0 -180
0 0 0 0 0 0 0 -180 1.19469 -135.284 0 -180 0 0 0 0 0 0
0 -180 0 180 0 0 0 -180 1.11928e-12 1.09228 0 -180 0 0 0 180 0 -180
0 0 0 180 0 -180 0 0 3.12883e-12 138.13 0 0 0 -180 0 -180 0 0
0 -180 0 0 0 0 0 -0 2.60714e-12 85.8021 0 -0 0 0 0 0 0 -180
0 0 0 180 0 -180 0 0 1.27929e-12 168.997 0 0 0 -180 0 0 0 0
0 -180 0 0 0 -180 0 -180 0.141926 22.4666 0 -180 0 -180 0 0 0 -180
0 0 0 -180 0 0 0 0 1.19469 -135.284 0 0 0 0 0 -180 0 0
inside=0 lambda=0.647 phi=0 theta=45
0 -180 0 -180 0 -180 0 0 0.141926 22.4666 0 0 0 -180 0 -180 0 -180
0 0 0 0 0 0 0 -180 1.19469 -135.284 0 -180 0 0 0 0 0 0
0 -180 0 180 0 0 0 -180 1.11928e-12 1.09228 0 -180 0 0 0 180 0 -180
0 0 0 180 0 -180 0 0 3.12883e-12 138.13 0 0 0 -180 0 -180 0 0
0 -180 0 0 0 0 0 -0 2.60714e-12 85.8021 0 -0 0 0 0 0 0 -180
0 0 0 180 0 -180 0 0 1.27929e-12 168.997 0 0 0 -180 0 0 0 0
0 -180 0 0 0 -180 0 -180 0.141926 22.4666 0 -180 0 -180 0 0 0 -180
0 0 0 -180 0 0 0 0 1.19469 -135.284 0 0 0 0 0 -180 0 0
inside=0 lambda=0.647 phi=5 theta=0
0 -180 0 -180 0 -180 0 0 0.142626 22.1461 0 0 0 -180 0 -180 0 -180
0 0 0 0 0 0 0 -180 1.19199 -136.714 0 -180 0 0 0 0 0 0
0 -180 0 -180 0 0 0 -0 1.99046e-13 8.18473 0 -180 0 0 0 0 0 -180
0 0 0 -0 0 -180 0 0 7.47234e-13 133.052 0 180 0 -180 0 180 0 0
0 -180 0 -180 0 0 0 180 1.96879e-13 -45.2454 0 -180 0 0 0 0 0 -180
0 0 0 0 0 -180 0 -0 4.76719e-13 110.249 0 -180 0 -180 0 -180 0 0
0 -180 0 0 0 -180 0 -180 0.145857 22.2136 0 -180 0 -180 0 0 0 -180
0 0 0 -180 0 0 0 0 1.19657 -136.774 0 0 0 0 0 -180 0 0
inside=0 lambda=0.647 phi=5 theta=15
0 -180 0 -180 0 -180 0 0 0.142843 22.1507 0 0 0 -180 0 -180 0 -180
0 0 0 0 0 0 0 -180 1.1923 -136.718 0 -180 0 0 0 0 0 0
0 -180 0 -180 0 0 0 -180 0.00081204 -154.548 0 0 0 0 0 0 0 -180
0 0 0 -0 0 -180 0 0 0.0012561 18.9735 0 -180 0 -180 0 180 0 0
0 -180 0 -180 0 0 0 -180 0.000812018 -154.55 0 0 0 0 0 0 0 -180
0 0 0 0 0 -180 0 -0 0.00125465 19.0544 0 180 0 -180 0 -180 0 0
0 -180 0 0 0 -180 0 -180 0.14564 22.2092 0 -180 0 -180 0 0 0 -180
0 0 0 -180 0 0 0 0 1.19627 -136.77 0 0 0 0 0 -180 0 0
inside=0 lambda=0.647 phi=5 theta=30
0 -180 0 -180 0 -180 0 0 0.143434 22.1631 0 0 0 -180 0 -180 0 -180
0 0 0 0 0 0 0 -180 1.19314 -136.729 0 -180 0 0 0 0 0 0
0 -180 0 -180 0 0 0 -180 0.00140649 -154.548 0 0 0 0 0 0 0 -180
0 0 0 -0 0 -180 0 0 0.00217509 18.9909 0 -180 0 -180 0 180 0 0
0 -180 0 -180 0 0 0 -180 0.00140647 -154.549 0 0 0 0 0 0 0 -180
0 0 0 0 0 -180 0 -0 0.00217364 19.0376 0 180 0 -180 0 -180 0 0
0 -180 0 0 0 -180 0 -180 0.14505 22.1969 0 -180 0 -180 0 0 0 -180
0 0 0 -180 0 0 0 0 1.19543 -136.759 0 0 0 0 0 -180 0 0
inside=0 lambda=0.647 phi=5 theta=45
0 -180 0 -180 0 -180 0 0 0.144242 22.18 0 0 0 -180 0 -180 0 -180
0 0 0 0 0 0 0 -180 1.19428 -136.744 0 -180 0 0 0 0 0 0
0 -180 0 -180 0 0 0 -180 0.00162406 -154.549 0 0 0 0 0 0 0 -180
0 0 0 -0 0 -180 0 0 0.00251074 19.0145 0 -180 0 -180 0 180 0 0
0 -180 0 -180 0 0 0 -180 0.00162406 -154.549 0 0 0 0 0 0 0 -180
0 0 0 0 0 -180 0 -0 0.00251074 19.0145 0 180 0 -180 0 -180 0 0
0 -180 0 0 0 -180 0 -180 0.144242 22.18 0 -180 0 -180 0 0 0 -180
0 0 0 -180 0 0 0 0 1.19428 -136.744 0 0 0 0 0 -180 0 0
inside=0 lambda=0.647 phi=10 theta=0
0 -180 0 -180 0 -180 0 0 0.143932 21.0669 0 0 0 -180 0 -180 0 -180
0 0 0 0 0 0 0 -180 1.18378 -141.006 0 180 0 0 0 0 0 0
0 -180 0 -180 0 0 0 0 6.61285e-13 -178.386 0 180 0 0 0 0 0 -180
0 0 0 -0 0 -180 0 -0 5.34099e-13 61.1295 0 180 0 -180 0 180 0 0
0 -180 0 -180 0 0 0 -0 2.42058e-13 45.1167 0 -180 0 0 0 0 0 -180
0 0 0 0 0 -180 0 -0 3.15765e-13 117.932 0 -0 0 -180 0 -180 0 0
0 -180 0 0 0 -180 0 -180 0.157957 21.2022 0 -180 0 -180 0 0 0 -180
0 0 0 -180 0 0 0 0 1.20238 -141.25 0 0 0 0 0 -180 0 0
inside=0 lambda=0.647 phi=10 theta=15
0 -180 0 -180 0 -180 0 0 0.144874 21.0759 0 0 0 -180 0 -180 0 -180
0 0 0 0 0 0 0 -180 1.18503 -141.023 0 180 0 0 0 0 0 0
0 -180 0 -180 0 0 0 -180 0.00351513 -156.898 0 0 0 0 0 0 0 -180
0 0 0 -0 0 -180 0 0 0.00511595 14.2775 0 -180 0 -180 0 180 0 0
0 -180 0 -180 0 0 0 -180 0.00351492 -156.911 0 180 0 0 0 0 0 -180
0 0 0 0 0 -180 0 -0 0.0050911 14.6112 0 180 0 -180 0 -180 0 0
0 -180 0 0 0 -180 0 -180 0.15702 21.1931 0 -180 0 -180 0 0 0 -180
0 0 0 -180 0 0 0 0 1.20113 -141.234 0 0 0 0 0 -180 0 0
inside=0 lambda=0.647 phi=10 theta=30
0 -180 0 -180 0 -180 0 0 0.147445 21.1005 0 0 0 -180 0 -180 0 -180
0 0 0 0 0 0 0 -180 1.18843 -141.069 0 -180 0 0 0 0 0 0
0 -180 0 -180 0 0 0 -180 0.00608842 -156.899 0 0 0 0 0 180 0 -180
0 0 0 -0 0 -180 0 0 0.00885123 14.3538 0 -180 0 -180 0 180 0 0
0 -180 0 -180 0 0 0 -180 0.00608822 -156.907 0 180 0 0 0 0 0 -180
0 0 0 0 0 -180 0 -0 0.00882643 14.5464 0 180 0 -180 0 -180 0 0
0 -180 0 0 0 -180 0 -180 0.154458 21.1684 0 -180 0 -180 0 0 0 -180
0 0 0 -180 0 0 0 0 1.19772 -141.191 0 0 0 0 0 -180 0 0
inside=0 lambda=0.647 phi=10 theta=45
0 -180 0 -180 0 -180 0 0 0.150954 21.1344 0 0 0 -180 0 -180 0 -180
0 0 0 0 0 0 0 -180 1.19307 -141.131 0 -180 0 0 0 0 0 0
0 -180 0 -180 0 0 0 -180 0.00703026 -156.902 0 0 0 0 0 180 0 -180
0 0 0 -0 0 -180 0 0 0.0102058 14.453 0 -180 0 -180 0 180 0 0
0 -180 0 -180 0 0 0 -180 0.00703026 -156.902 0 180 0 0 0 0 0 -180
0 0 0 0 0 -180 0 -0 0.0102058 14.453 0 180 0 -180 0 -180 0 0
0 -180 0 0 0 -180 0 -180 0.150954 21.1344 0 -180 0 -180 0 0 0 -180
0 0 0 -180 0 0 0 0 1.19307 -141.131 0 0 0 0 0 -180 0 0
inside=0 lambda=0.647 phi=15 theta=0
0 180 0 -180 0 -180 0 0 0.143285 19.0467 0 0 0 180 0 -180 0 -180
0 0 0 0 0 -0 0 -180 1.16964 -148.173 0 180 0 0 0 0 0 -0
0 -180 0 -180 0 0 0 -0 6.10887e-13 -101.995 0 0 0 0 0 0 0 -180
0 0 0 -0 0 180 0 0 4.34251e-13 151.197 0 -180 0 -180 0 180 0 -0
0 -180 0 -180 0 0 0 0 3.44071e-13 40.5051 0 0 0 0 0 0 0 -180
0 0 0 0 0 -180 0 180 6.40489e-13 -166.052 0 180 0 -180 0 -180 0 0
0 -180 0 0 0 -180 0 -180 0.178904 18.7923 0 -180 0 -180 0 0 0 -180
0 0 0 -180 0 0 0 0 1.21262 -148.731 0 0 0 0 0 -180 0 0
inside=0 lambda=0.647 phi=15 theta=15
0 180 0 -180 0 -180 0 0 0.145682 19.0197 0 0 0 180 0 -180 0 -180
0 0 0 0 0 -0 0 -180 1.17251 -148.215 0 180 0 0 0 0 0 -0
0 -180 0 -180 0 0 0 -180 0.00890491 -161.309 0 0 0 0 0 180 0 -180
0 0 0 -0 0 180 0 0 0.0118823 6.63543 0 180 0 -180 0 180 0 -0
0 -180 0 -180 0 0 0 -180 0.00890499 -161.362 0 180 0 0 0 0 0 -180
0 0 0 0 0 -180 0 -0 0.0117413 7.43294 0 180 0 -180 0 -180 0 0
0 -180 0 0 0 -180 0 -180 0.176532 18.8027 0 -180 0 -180 0 0 0 -180
0 0 0 -180 0 0 0 0 1.20973 -148.698 0 0 0 0 0 180 0 0
inside=0 lambda=0.647 phi=15 theta=30
0 -180 0 -180 0 -180 0 0 0.152225 18.9559 0 0 0 180 0 -180 0 -180
0 0 0 0 0 -0 0 -180 1.18035 -148.326 0 180 0 0 0 0 0 -0
0 -180 0 -180 0 0 0 -180 0.0154255 -161.311 0 0 0 0 0 180 0 -180
0 0 0 -0 0 180 0 0 0.020519 6.83556 0 180 0 -180 0 180 0 -0
0 -180 0 -180 0 0 0 -180 0.0154256 -161.342 0 180 0 0 0 0 0 -180
0 0 0 0 0 -180 0 -0 0.0203792 7.29456 0 180 0 -180 0 180 0 0
0 -180 0 0 0 -180 0 -180 0.170039 18.8344 0 -180 0 -180 0 0 0 -180
0 0 0 -180 0 0 0 0 1.20184 -148.605 0 0 0 -0 0 180 0 -0
inside=0 lambda=0.647 phi=15 theta=45
0 -180 0 -180 0 -180 0 0 0.161144 18.8873 0 0 0 -180 0 -180 0 -180
0 0 0 0 0 -0 0 -180 1.19108 -148.47 0 180 0 0 0 0 0 -0
0 -180 0 -180 0 0 0 -180 0.0178129 -161.322 0 0 0 0 0 180 0 -180
0 0 0 -0 0 180 0 0 0.0236072 7.08039 0 180 0 -180 0 180 0 -0
0 -180 0 -180 0 0 0 -180 0.0178129 -161.322 0 180 0 0 0 0 0 -180
0 0 0 0 0 -180 0 -0 0.0236072 7.08039 0 180 0 180 0 180 0 -0
0 -180 0 0 0 -180 0 -180 0.161144 18.8873 0 -180 0 -180 0 0 0 -180
0 0 0 -180 0 0 0 0 1.19108 -148.47 0 0 0 -0 0 180 0 -0
inside=0 lambda=0.647 phi=20 theta=0
0 180 0 -180 0 -180 0 0 0.136148 16.4004 0 0 0 180 0 -180 0 -180
0 0 0 0 0 -0 0 -180 1.14853 -158.259 0 180 0 0 0 0 0 -0
0 180 0 -0 0 0 0 180 6.62234e-13 166.52 0 -0 0 -0 0 180 0 -180
0 0 0 -0 0 180 0 180 8.59328e-13 4.17908 0 0 0 -180 0 180 0 -0
0 -180 0 -180 0 0 0 0 3.23511e-13 68.4496 0 180 0 0 0 0 0 -180
0 -0 0 -0 0 -180 0 180 5.55192e-13 -128.563 0 -180 0 180 0 180 0 0
0 -180 0 0 0 -180 0 -180 0.209014 14.2314 0 -180 0 -180 0 0 0 -180
0 -0 0 180 0 0 0 -0 1.22868 -159.245 0 0 0 -0 0 180 0 0
inside=0 lambda=0.647 phi=20 theta=15
0 180 0 -180 0 -180 0 0 0.141049 16.1542 0 0 0 180 0 -180 0 -180
0 0 0 0 0 -0 0 -180 1.15387 -158.342 0 180 0 0 0 0 0 -0
0 180 0 -180 0 0 0 -180 0.0182403 -168.296 0 0 0 -0 0 180 0 -180
0 0 0 -0 0 180 0 0 0.0222275 -3.65877 0 180 0 -180 0 180 0 -0
0 -180 0 -180 0 0 0 -180 0.0182451 -168.447 0 180 0 0 0 0 0 -180
0 0 0 -0 0 -180 0 -0 0.0217085 -2.09056 0 180 0 180 0 180 0 -0
0 -180 0 0 0 -180 0 -180 0.204181 14.3186 0 -180 0 -180 0 0 0 -180
0 0 0 -180 0 0 0 -0 1.22326 -159.195 0 0 0 -0 0 180 0 -0
inside=0 lambda=0.647 phi=20 theta=30
0 180 0 -180 0 -180 0 0 0.154438 15.5939 0 0 0 180 0 -180 0 -180
0 0 0 0 0 -0 0 -180 1.16846 -158.556 0 180 0 0 0 0 0 -0
0 -180 0 -180 0 0 0 -180 0.0316086 -168.297 0 0 0 -0 0 180 0 -180
0 0 0 -0 0 180 0 0 0.0382379 -3.21591 0 180 0 -180 0 180 0 -0
0 -180 0 -180 0 0 0 -180 0.0316137 -168.381 0 180 0 0 0 0 0 -180
0 0 0 0 0 -180 0 -0 0.0377332 -2.3192 0 180 0 180 0 180 0 -0
0 -180 0 0 0 -180 0 -180 0.190918 14.5809 0 -180 0 -180 0 0 0 -180
0 0 0 -180 0 0 0 -0 1.2085 -159.048 0 0 0 -0 0 180 0 -0
inside=0 lambda=0.647 phi=20 theta=45
0 -180 0 -180 0 -180 0 0 0.172707 15.0176 0 0 0 180 0 -180 0 -180
0 0 0 0 0 -0 0 -180 1.18844 -158.818 0 180 0 0 0 0 0 -0
0 -180 0 -180 0 0 0 -180 0.0365088 -168.323 0 0 0 0 0 180 0 -180
0 0 0 -0 0 180 0 0 0.0438264 -2.71521 0 180 0 -180 0 180 0 -0
0 -180 0 -180 0 0 0 -180 0.0365088 -168.323 0 180 0 0 0 0 0 -180
0 0 0 0 0 -180 0 -0 0.0438264 -2.71521 0 180 0 180 0 180 0 -0
0 -180 0 0 0 180 0 -180 0.172707 15.0176 0 -180 0 -180 0 0 0 -180
0 0 0 -180 0 0 0 0 1.18844 -158.818 0 0 0 -0 0 180 0 -0
inside=0 lambda=0.647 phi=25 theta=0
0 180 0 180 0 -180 0 -0 0.117017 15.6428 0 0 0 180 0 180 0 -180
0 0 0 0 0 -0 0 -180 1.11769 -171.359 0 180 0 0 0 0 0 -0
0 180 0 -0 0 0 0 -0 6.93643e-13 111.398 0 -180 0 -0 0 180 0 -180
0 0 0 -0 0 180 0 0 8.41979e-13 78.9608 0 0 0 -180 0 180 0 -0
0 -180 0 -180 0 0 0 180 4.37864e-13 -12.8127 0 -0 0 0 0 0 0 -180
0 -0 0 -0 0 180 0 0 1.29612e-12 79.9283 0 -0 0 180 0 180 0 -0
0 -180 0 0 0 -180 0 -180 0.246859 6.89245 0 -180 0 -180 0 0 0 -180
0 -0 0 180 0 -0 0 -0 1.25423 -172.806 0 -0 0 -0 0 180 0 -0
inside=0 lambda=0.647 phi=25 theta=15
0 180 0 -180 0 -180 0 -0 0.125529 14.3254 0 0 0 180 0 180 0 -180
0 0 0 0 0 -0 0 -180 1.12679 -171.515 0 180 0 0 0 0 0 -0
0 180 0 -180 0 0 0 -180 0.032962 -178.41 0 0 0 -0 0 180 0 -180
0 0 0 -0 0 180 0 -0 0.0378189 -16.2582 0 180 0 -180 0 180 0 -0
0 -180 0 -180 0 0 0 -180 0.0329872 -178.768 0 180 0 0 0 0 0 -180
0 -0 0 -0 0 -180 0 -0 0.0362815 -13.4226 0 0 0 180 0 180 0 -0
0 -180 0 0 0 -180 0 -180 0.238291 7.1543 0 -180 0 -180 0 0 0 -180
0 -0 0 180 0 0 0 -0 1.2449 -172.765 0 -0 0 -0 0 180 0 -0
inside=0 lambda=0.647 phi=25 theta=30
0 180 0 -180 0 -180 0 -0 0.149154 11.7087 0 0 0 180 0 180 0 -180
0 0 0 0 0 -0 0 -180 1.15161 -171.886 0 180 0 0 0 0 0 -0
0 180 0 -180 0 0 0 -180 0.0571832 -178.388 0 0 0 -0 0 180 0 -180
0 0 0 -0 0 180 0 -0 0.0645662 -15.3375 0 180 0 -180 0 180 0 -0
0 -180 0 -180 0 -0 0 -180 0.0572114 -178.58 0 180 0 0 0 0 0 -180
0 0 0 -0 0 -180 0 -0 0.0631501 -13.7371 0 0 0 180 0 180 0 -0
0 -180 0 0 0 180 0 -180 0.21454 7.97399 0 -180 0 -180 0 0 0 -180
0 0 0 180 0 0 0 -0 1.21968 -172.604 0 0 0 -0 0 180 0 -0
inside=0 lambda=0.647 phi=25 theta=45
0 180 0 -180 0 -180 0 0 0.181815 9.45512 0 0 0 180 0 -180 0 -180
0 0 0 0 0 -0 0 -180 1.18556 -172.293 0 180 0 0 0 0 0 -0
0 -180 0 -180 0 0 0 -180 0.0660853 -178.437 0 0 0 -0 0 180 0 -180
0 0 0 -0 0 180 0 -0 0.0735776 -14.3951 0 180 0 -180 0 0 0 -0
0 -180 0 -180 0 -0 0 -180 0.0660853 -178.437 0 180 0 0 0 0 0 -180
0 0 0 -0 0 -180 0 -0 0.0735776 -14.3951 0 0 0 180 0 180 0 -0
0 180 0 0 0 180 0 -180 0.181815 9.45512 0 -180 0 -180 0 0 0 -180
0 0 0 -180 0 0 0 0 1.18556 -172.293 0 0 0 -0 0 180 0 -0
inside=0 lambda=0.647 phi=30 theta=0
0 180 0 180 0 -180 0.0377808 -87.7867 0.0879896 30.8007 0 0 0 180 0 180 0 -180
0 0 0 0 0 -0 0 -180 1.06601 172.465 0 180 0 0 0 0 0 -0
0 180 0 -0 0 0 7.80843e-14 -124.245 6.42334e-13 90.1626 0 -0 0 -0 0 180 0 -180
0 0 0 -180 0 180 0 -0 1.09949e-12 -61.5636 0 0 0 -180 0 0 0 -0
0 -180 0 -180 0 0 1.2909e-13 -124.445 1.62975e-13 -100.917 0 -180 0 0 0 0 0 -180
0 -0 0 -0 0 180 0 180 1.48213e-12 -131.115 0 0 0 180 0 180 0 -0
0 -180 0 0 0 -180 0.15168 -129.108 0.285129 -4.23347 0 -180 0 -180 0 0 0 -180
0 -0 0 180 0 -0 0 -0 1.29678 170.693 0 -0 0 -0 0 180 0 -0
inside=0 lambda=0.647 phi=30 theta=15
0 180 0 180 0 -180 0 -0 0.0998038 22.5575 0 0 0 180 0 180 0 -180
0 0 0 0 0 -0 0 -180 1.08475 172.14 0 180 0 0 0 0 0 -0
0 180 0 -0 0 0 0 -180 0.0537432 167.451 0 0 0 -0 0 180 0 -180
0 0 0 -180 0 180 0 -0 0.06388 -31.1561 0 180 0 -180 0 0 0 -0
0 -180 0 -180 0 -0 0 -180 0.0538246 166.599 0 180 0 0 0 0 0 -180
0 -0 0 -0 0 180 0 -180 0.0593539 -26.3543 0 0 0 180 0 180 0 -0
0 -180 0 0 0 180 0 -180 0.272713 -3.09162 0 -180 0 -180 0 0 0 -180
0 -0 0 180 0 -0 0 -0 1.284 170.594 0 -0 0 -0 0 180 0 -0
inside=0 lambda=0.647 phi=30 theta=30
0 180 0 -180 0 -180 0 -0 0.132176 10.6284 0 0 0 180 0 180 0 -180
0 0 0 0 0 -0 0 -180 1.1267 171.438 0 180 0 0 0 0 0 -0
0 180 0 -180 0 0 0 -180 0.0936954 167.595 0 0 0 -0 0 180 0 -180
0 0 0 -180 0 180 0 -0 0.10681 -29.2718 0 180 0 -180 0 0 0 -0
0 -180 0 -180 0 -0 0 -180 0.0938104 167.2 0 180 0 0 0 0 0 -180
0 -0 0 -0 0 -180 0 -180 0.103503 -26.6021 0 0 0 180 0 180 0 -0
0 180 0 -0 0 180 0 -180 0.235367 -1.10579 0 -180 0 -180 0 0 0 -180
0 -0 0 180 0 0 0 -0 1.2411 170.578 0 -0 0 -0 0 180 0 -0
inside=0 lambda=0.647 phi=30 theta=45
0 180 0 -180 0 -180 0 -0 0.182864 2.96644 0 0 0 180 0 180 0 -180
0 0 0 -0 0 -0 0 180 1.18377 170.878 0 180 0 0 0 0 0 -0
0 180 0 -180 0 0 0 -180 0.108421 167.528 0 0 0 -0 0 180 0 -180
0 0 0 -180 0 180 0 -0 0.120872 -27.6086 0 180 0 -180 0 0 0 -0
0 180 0 -180 0 -0 0 -180 0.108421 167.528 0 180 0 0 0 0 0 -180
0 0 0 -0 0 -180 0 -180 0.120872 -27.6086 0 0 0 180 0 180 0 -0
0 180 0 -0 0 180 0 -180 0.182864 2.96644 0 180 0 -180 0 0 0 -180
0 0 0 180 0 0 0 -0 1.18377 170.878 0 0 0 -0 0 180 0 -0
inside=0 lambda=0.647 phi=35 theta=0
0 180 0 180 0 -180 0.11135 -79.3208 0.112804 72.038 0 0 0 180 0 180 0 -180
0 0 0 0 0 -180 0 180 0.97013 152.63 0 0 0 0 0 0 0 -180
0 180 0 -0 0 0 2.62134e-13 -65.9116 1.51868e-12 138.059 0 180 0 -0 0 180 0 -180
0 0 0 -180 0 0 0 0 7.25705e-13 47.5461 0 180 0 -180 0 0 0 -180
0 -180 0 -180 0 0 6.29154e-14 -141.345 1.14414e-12 117.867 0 0 0 0 0 0 0 -180
0 -0 0 -0 0 180 0 -0 1.19329e-12 -144.74 0 0 0 180 0 180 0 -0
0 -180 0 0 0 -180 0.167593 -104.326 0.320195 -20.659 0 -180 0 -180 0 0 0 -180
0 -0 0 180 0 -0 0 -0 1.38469 150.814 0 -0 0 -0 0 180 0 -0
inside=0 lambda=0.647 phi=35 theta=15
0 180 0 180 0 -180 0.0864096 -86.5896 0.105604 58.9468 0 0 0 180 0 180 0 -180
0 0 0 0 0 -180 0 180 1.00221 152.149 0 0 0 0 0 0 0 -180
0 180 0 -180 0 0 0.0164854 -107.226 0.0798032 146.097 0 0 0 -0 0 180 0 -180
0 0 0 -180 0 180 0 -0 0.113338 -46.7855 0 180 0 -180 0 0 0 -180
0 -180 0 -180 0 -0 0.0422549 -121.749 0.081156 144.523 0 180 0 0 0 0 0 -180
0 -0 0 -0 0 180 0 -180 0.105616 -41.4972 0 0 0 180 0 180 0 -0
0 -180 0 0 0 180 0.153317 -114.147 0.297584 -18.5156 0 -180 0 -180 0 0 0 -180
0 -0 0 180 0 -0 0 -0 1.36042 150.58 0 -0 0 -0 0 180 0 -0
inside=0 lambda=0.647 phi=35 theta=30
0 180 0 180 0 -180 0 -0 0.115491 23.3287 0 0 0 180 0 180 0 -180
0 0 0 0 0 -0 0 180 1.08672 150.997 0 0 0 0 0 0 0 -180
0 180 0 -180 0 0 0 -180 0.138109 147.348 0 0 0 -0 0 180 0 -180
0 0 0 -180 0 180 0 -0 0.188412 -45.7693 0 180 0 -180 0 0 0 -0
0 180 0 -180 0 -0 0 -180 0.138619 146.555 0 180 0 0 0 0 0 -180
0 -0 0 -0 0 180 0 -180 0.181624 -41.7852 0 0 0 180 0 180 0 -0
0 180 0 -0 0 180 0 -180 0.242096 -12.5107 0 180 0 -180 0 0 0 -180
0 -0 0 180 0 -0 0 -0 1.29252 150.171 0 -0 0 -0 0 180 0 -0
inside=0 lambda=0.647 phi=35 theta=45
0 180 0 -180 0 -180 0 -0 0.170566 -1.48529 0 0 0 180 0 180 0 -180
0 0 0 -0 0 -0 0 180 1.18959 150.236 0 180 0 0 0 0 0 -0
0 180 0 -180 0 0 0 -180 0.160259 147.325 0 0 0 -0 0 180 0 -180
0 -0 0 -180 0 180 0 -0 0.212049 -43.1678 0 180 0 180 0 0 0 -0
0 180 0 -180 0 -0 0 -180 0.160259 147.325 0 180 0 0 0 0 0 -180
0 -0 0 -0 0 180 0 -180 0.212049 -43.1678 0 0 0 180 0 180 0 -0
0 180 0 -0 0 180 0 -180 0.170566 -1.48529 0 180 0 -180 0 0 0 -180
0 0 0 180 0 0 0 -0 1.18959 150.236 0 0 0 -0 0 180 0 -0
inside=0 lambda=0.647 phi=40 theta=0
0 180 0 180 0 -180 0.213246 -65.4675 0.277951 72.901 0 0 0 180 0 180 0 -180
0 0 0 0 0 -180 0 180 0.757378 129.15 0 0 0 0 0 0 0 -180
0 180 0 -180 0 0 4.48344e-13 157.465 1.11441e-12 72.1819 0 -180 0 -0 0 0 0 -180
0 0 0 -180 0 0 0 0 1.93538e-12 20.0991 0 -0 0 -180 0 0 0 -180
0 -180 0 -180 0 0 4.77035e-13 30.471 1.31249e-12 9.57538 0 -0 0 0 0 0 0 -180
0 -0 0 -0 0 180 0 -180 2.12438e-13 43.7937 0 -0 0 180 0 180 0 -0
0 -180 0 0 0 -180 0.192581 -76.5643 0.323646 -49.4952 0 -180 0 -180 0 0 0 -180
0 -0 0 180 0 -0 0 -0 1.66142 127.174 0 -0 0 -0 0 180 0 -0
inside=0 lambda=0.647 phi=40 theta=15
0 180 0 180 0 -180 0.165559 -76.5045 0.244201 67.151 0 0 0 180 0 180 0 -180
0 0 0 0 0 -180 0 180 0.829922 127.852 0 0 0 0 0 0 0 -180
0 180 0 -180 0 0 0.0256978 -124.85 0.111337 107.694 0 0 0 -0 0 0 0 -180
0 0 0 -180 0 0 0 -0 0.238441 -67.7293 0 0 0 -180 0 0 0 -180
0 -180 0 -180 0 -0 0.0713529 -101.19 0.116388 106.196 0 0 0 0 0 0 0 -180
0 -0 0 -0 0 180 0 -180 0.231504 -60.5215 0 0 0 180 0 180 0 -0
0 -180 0 -0 0 180 0.166379 -90.4515 0.279417 -44.5577 0 180 0 -180 0 0 0 -180
0 -0 0 180 0 -0 0 -0 1.61813 126.143 0 -0 0 -0 0 180 0 -0
inside=0 lambda=0.647 phi=40 theta=30
0 180 0 180 0 -180 0.0665701 -108.338 0.179521 47.2887 0 0 0 180 0 180 0 -180
0 0 0 0 0 -180 0 180 1.01615 125.673 0 0 0 0 0 0 0 -180
0 180 0 -180 0 0 0.0546859 -135.166 0.18296 108.148 0 0 0 -0 0 0 0 -180
0 -0 0 -180 0 0 0 -0 0.410302 -66.213 0 0 0 180 0 0 0 -180
0 180 0 -180 0 -0 0.0697726 -133.945 0.187157 107.02 0 0 0 0 0 0 0 -180
0 -0 0 -0 0 180 0 -180 0.398802 -62.3193 0 0 0 0 0 0 0 -180
0 180 0 -0 0 180 0.13229 -128.895 0.200183 -28.1405 0 180 0 -180 0 0 0 -180
0 -0 0 180 0 -0 0 -0 1.47201 124.867 0 -0 0 -180 0 0 0 -180
inside=0 lambda=0.647 phi=40 theta=45
0 180 0 -180 0 -180 0 -0 0.149787 6.65331 0 0 0 180 0 180 0 -180
0 0 0 -0 0 -180 0 180 1.25043 124.347 0 0 0 -0 0 -0 0 -180
0 180 0 -180 0 0 0 -180 0.210079 108.606 0 0 0 -0 0 0 0 -180
0 -0 0 -180 0 0 0 -0 0.463192 -64.0216 0 0 0 180 0 0 0 -180
0 180 0 -180 0 -0 0 -180 0.210079 108.606 0 0 0 0 0 0 0 -180
0 -0 0 -0 0 180 0 -180 0.463192 -64.0216 0 0 0 0 0 0 0 -180
0 180 0 -0 0 180 0 -180 0.149787 6.65331 0 180 0 -180 0 0 0 -180
0 0 0 180 0 -0 0 -0 1.25043 124.347 0 -0 0 -180 0 0 0 -180
inside=0 lambda=0.647 phi=45 theta=0
0 -180 0 180 0 -180 0.795492 -46.905 0.542223 -18.6502 0 0 0 -180 0 180 0 -180
0 -0 0 -0 0 180 0 -180 0 180 0 -0 0 -0 0 -0 0 180
0 -180 0 -0 0 0 1.40339e-12 47.9583 2.14712e-12 -146.782 0 0 0 0 0 180 0 -180
0 -0 0 180 0 -0 0 -0 0 180 0 -0 0 180 0 -0 0 180
0 -180 0 -180 0 0 8.76383e-13 55.0295 1.7951e-12 35.4318 0 -0 0 0 0 0 0 -180
0 -180 0 -180 0 0 0 -0 0 -180 0 180 0 0 0 0 0 -180
0 -180 0 0 0 -180 0.71695 -67.7499 0.734349 75.1297 0 -180 0 -180 0 0 0 -180
0 -180 0 0 0 -180 0 -180 0 0 0 -180 0 -180 0 0 0 -180
inside=0 lambda=0.647 phi=45 theta=15
0 180 0 180 0 -180 0.591542 -62.5134 0.661172 -24.0096 0 0 0 -180 0 -180 0 -180
0 -0 0 -0 0 180 0 180 0 180 0 -0 0 -0 0 -0 0 180
0 180 0 -0 0 0 0.212278 132.518 0.2594 -72.7011 0 0 0 0 0 180 0 -180
0 -0 0 180 0 -0 0 0 0 -180 0 -0 0 180 0 -0 0 180
0 -180 0 -180 0 0 0.231076 -87.7951 0.269259 -76.8612 0 -180 0 0 0 0 0 -180
0 -180 0 -180 0 0 0 -180 0 -180 0 -0 0 0 0 0 0 -180
0 -180 0 0 0 -180 0.480705 -90.2946 0.838724 56.745 0 -180 0 -180 0 0 0 -180
0 -180 0 0 0 -180 0 -180 0 0 0 -180 0 -180 0 0 0 -180
inside=0 lambda=0.647 phi=45 theta=30
0 180 0 180 0 -180 0.217141 -93.1286 0.722583 -20.4871 0 0 0 -180 0 -180 0 180
0 -0 0 -0 0 180 0 180 0 180 0 -0 0 -0 0 -0 0 180
0 180 0 -0 0 0 0.177279 119.753 0.572224 -86.1949 0 0 0 0 0 -180 0 -180
0 -0 0 180 0 -0 0 -0 0 -180 0 -0 0 180 0 -0 0 180
0 -180 0 180 0 0 0.191014 -127.661 0.564468 -87.7764 0 -180 0 0 0 0 0 -180
0 -0 0 -0 0 0 0 180 0 -180 0 -0 0 0 0 0 0 180
0 180 0 0 0 -180 0.217415 -140.609 0.793973 28.4649 0 -180 0 -180 0 0 0 -180
0 -0 0 180 0 -180 0 -0 0 0 0 -180 0 -180 0 0 0 180
inside=0 lambda=0.647 phi=45 theta=45
0 180 0 180 0 -180 0 -0 0.711606 -1.89444 0 0 0 -180 0 -180 0 0
0 -0 0 -0 0 180 0 180 0 0 0 -0 0 -0 0 -0 0 180
0 180 0 -0 0 0 0 180 0.702579 -91.8944 0 0 0 0 0 -180 0 180
0 -0 0 180 0 -0 0 -0 0 -180 0 -0 0 180 0 -0 0 180
0 180 0 180 0 0 0 -0 0.702579 -91.8944 0 -180 0 0 0 0 0 180
0 -0 0 -0 0 180 0 180 0 -180 0 -0 0 -0 0 -0 0 180
0 180 0 -0 0 -180 0 180 0.711606 -1.89444 0 -180 0 -180 0 0 0 0
0 -0 0 180 0 -0 0 -0 0 0 0 -0 0 180 0 -0 0 180
inside=1 lambda=0.647 phi=0 theta=0
0 -180 0 -180 0 -180 0 0 0.141926 -113.035 0 0 0 -180 0 -180 0 -180
0 0 0 0 0 0 0 -180 0.820179 -135.284 0 -180 0 0 0 0 0 0
0 -180 0 180 0 0 0 -180 1.60444e-12 148.229 0 -180 0 0 0 180 0 -180
0 0 0 -180 0 -180 0 0 4.02946e-13 -71.0669 0 0 0 -180 0 180 0 0
0 -180 0 0 0 0 0 -0 1.17031e-12 28.3466 0 -0 0 0 0 0 0 -180
0 0 0 180 0 -180 0 0 1.40567e-12 -53.9729 0 180 0 -180 0 180 0 0
0 -180 0 0 0 -180 0 -180 0.141926 -113.035 0 -180 0 -180 0 0 0 -180
0 0 0 -180 0 0 0 0 0.820179 -135.284 0 0 0 0 0 -180 0 0
inside=1 lambda=0.647 phi=0 theta=15
0 -180 0 -180 0 -180 0 0 0.141926 -113.035 0 0 0 -180 0 -180 0 -180
0 0 0 0 0 0 0 -180 0.820179 -135.284 0 -180 0 0 0 0 0 0
0 -180 0 180 0 0 0 -180 1.60444e-12 148.229 0 -180 0 0 0 180 0 -180
0 0 0 -180 0 -180 0 0 4.02946e-13 -71.0669 0 0 0 -180 0 180 0 0
0 -180 0 0 0 0 0 -0 1.17031e-12 28.3466 0 -0 0 0 0 0 0 -180
0 0 0 180 0 -180 0 0 1.40567e-12 -53.9729 0 180 0 -180 0 180 0 0
0 -180 0 0 0 -180 0 -180 0.141926 -113.035 0 -180 0 -180 0 0 0 -180
0 0 0 -180 0 0 0 0 0.820179 -135.284 0 0 0 0 0 -180 0 0
inside=1 lambda=0.647 phi=0 theta=30
0 -180 0 -180 0 -180 0 0 0.141926 -113.035 0 0 0 -180 0 -180 0 -180
0 0 0 0 0 0 0 -180 0.820179 -135.284 0 -180 0 0 0 0 0 0
0 -180 0 180 0 0 0 -180 1.60444e-12 148.229 0 -180 0 0 0 180 0 -180
0 0 0 -180 0 -180 0 0 4.02946e-13 -71.0669 0 0 0 -180 0 180 0 0
0 -180 0 0 0 0 0 -0 1.17031e-12 28.3466 0 -0 0 0 0 0 0 -180
0 0 0 180 0 -180 0 0 1.40567e-12 -53.9729 0 180 0 -180 0 180 0 0
0 -180 0 0 0 -180 0 -180 0.141926 -113.035 0 -180 0 -180 0 0 0 -180
0 0 0 -180 0 0 0 0 0.820179 -135.284 0 0 0 0 0 -180 0 0
inside=1 lambda=0.647 phi=0 theta=45
0 -180 0 -180 0 -180 0 0 0.141926 -113.035 0 0 0 -180 0 -180 0 -180
0 0 0 0 0 0 0 -180 0.820179 -135.284 0 -180 0 0 0 0 0 0
0 -180 0 180 0 0 0 -180 1.60444e-12 148.229 0 -180 0 0 0 180 0 -180
0 0 0 -180 0 -180 0 0 4.02946e-13 -71.0669 0 0 0 -180 0 180 0 0
0 -180 0 0 0 0 0 -0 1.17031e-12 28.3466 0 -0 0 0 0 0 0 -180
0 0 0 180 0 -180 0 0 1.40567e-12 -53.9729 0 180 0 -180 0 180 0 0
0 -180 0 0 0 -180 0 -180 0.141926 -113.035 0 -180 0 -180 0 0 0 -180
0 0 0 -180 0 0 0 0 0.820179 -135.284 0 0 0 0 0 -180 0 0
inside=1 lambda=0.647 phi=5 theta=0
0 -180 0 -180 0 -180 0 0 0.142271 -114.233 0 0 0 -180 0 -180 0 -180
0 0 0 0 0 0 0 -180 0.820967 -135.957 0 -180 0 0 0 0 0 0
0 -180 0 -0 0 0 0 -0 7.46443e-13 -178.334 0 180 0 0 0 180 0 -180
0 0 0 -0 0 -180 0 180 4.30573e-13 -29.848 0 180 0 -180 0 180 0 0
0 -180 0 -180 0 0 0 0 2.37e-13 78.3076 0 -0 0 0 0 0 0 -180
0 0 0 0 0 -180 0 180 5.57442e-13 136.097 0 -180 0 -180 0 -180 0 0
0 -180 0 0 0 -180 0 -180 0.143769 -114.324 0 -180 0 -180 0 0 0 -180
0 0 0 -180 0 0 0 0 0.819131 -135.985 0 0 0 0 0 -180 0 0
inside=1 lambda=0.647 phi=5 theta=15
0 -180 0 -180 0 -180 0 0 0.142372 -114.24 0 0 0 -180 0 -180 0 -180
0 0 0 0 0 0 0 -180 0.820844 -135.959 0 -180 0 0 0 0 0 0
0 -180 0 -0 0 0 0 -180 0.000384586 53.5731 0 0 0 0 0 180 0 -180
0 0 0 -0 0 -180 0 0 0.000488118 -116.094 0 -180 0 -180 0 180 0 0
0 -180 0 -180 0 0 0 -0 0.000384542 53.5963 0 180 0 0 0 0 0 -180
0 0 0 0 0 -180 0 -0 0.000487929 -116.124 0 180 0 -180 0 -180 0 0
0 -180 0 0 0 -180 0 -180 0.143669 -114.318 0 -180 0 -180 0 0 0 -180
0 0 0 -180 0 0 0 0 0.819254 -135.983 0 0 0 0 0 -180 0 0
inside=1 lambda=0.647 phi=5 theta=30
0 -180 0 -180 0 -180 0 0 0.142646 -114.256 0 0 0 -180 0 -180 0 -180
0 0 0 0 0 0 0 -180 0.820508 -135.964 0 -180 0 0 0 0 0 0
0 -180 0 -0 0 0 0 -180 0.000666106 53.578 0 0 0 0 0 180 0 -180
0 0 0 -0 0 -180 0 0 0.000845375 -116.1 0 -180 0 -180 0 180 0 0
0 -180 0 -180 0 0 0 -0 0.000666062 53.5914 0 180 0 0 0 0 0 -180
0 0 0 0 0 -180 0 -0 0.000845186 -116.118 0 180 0 -180 0 -180 0 0
0 -180 0 0 0 -180 0 -180 0.143395 -114.301 0 -180 0 -180 0 0 0 -180
0 0 0 -180 0 0 0 0 0.81959 -135.978 0 0 0 0 0 -180 0 0
inside=1 lambda=0.647 phi=5 theta=45
0 -180 0 -180 0 -180 0 0 0.14302 -114.279 0 0 0 -180 0 -180 0 -180
0 0 0 0 0 0 0 -180 0.820049 -135.971 0 -180 0 0 0 0 0 0
0 -180 0 -0 0 0 0 -180 0.000769127 53.5847 0 0 0 0 0 180 0 -180
0 0 0 -0 0 -180 0 0 0.000976046 -116.109 0 -180 0 -180 0 180 0 0
0 -180 0 -180 0 0 0 -0 0.000769127 53.5847 0 180 0 0 0 0 0 -180
0 0 0 0 0 -180 0 -0 0.000976046 -116.109 0 180 0 -180 0 -180 0 0
0 -180 0 0 0 -180 0 -180 0.14302 -114.279 0 -180 0 -180 0 0 0 -180
0 0 0 -180 0 0 0 0 0.820049 -135.971 0 0 0 0 0 -180 0 0
inside=1 lambda=0.647 phi=10 theta=0
0 -180 0 -180 0 -180 0 0 0.143132 -117.779 0 0 0 -180 0 -180 0 -180
0 0 0 0 0 -0 0 -180 0.823385 -137.966 0 180 0 0 0 0 0 -0
0 -180 0 -0 0 0 0 180 1.2385e-13 179.922 0 -0 0 0 0 180 0 -180
0 0 0 -0 0 -180 0 180 4.13198e-13 120.809 0 -0 0 -180 0 180 0 0
0 -180 0 -180 0 0 0 180 4.96212e-13 154.779 0 180 0 0 0 0 0 -180
0 0 0 0 0 -180 0 -180 3.68553e-13 -163.091 0 -0 0 -180 0 -180 0 0
0 -180 0 0 0 -180 0 -180 0.149341 -118.113 0 -180 0 -180 0 0 0 -180
0 0 0 -180 0 0 0 0 0.815942 -138.078 0 0 0 0 0 -180 0 0
inside=1 lambda=0.647 phi=10 theta=15
0 -180 0 -180 0 -180 0 0 0.143548 -117.803 0 0 0 -180 0 -180 0 -180
0 0 0 0 0 -0 0 -180 0.822886 -137.973 0 180 0 0 0 0 0 -0
0 -180 0 -0 0 0 0 -180 0.00158941 50.4963 0 0 0 0 0 180 0 -180
0 0 0 -0 0 -180 0 0 0.00197906 -118.21 0 180 0 -180 0 180 0 0
0 -180 0 -180 0 0 0 -0 0.00158873 50.5928 0 180 0 0 0 0 0 -180
0 0 0 0 0 -180 0 -0 0.001976 -118.33 0 180 0 -180 0 -180 0 0
0 -180 0 0 0 -180 0 -180 0.148925 -118.092 0 -180 0 -180 0 0 0 -180
0 0 0 -180 0 0 0 0 0.81644 -138.071 0 0 0 0 0 -180 0 0
inside=1 lambda=0.647 phi=10 theta=30
0 -180 0 -180 0 -180 0 0 0.144685 -117.867 0 0 0 -180 0 -180 0 -180
0 0 0 0 0 -0 0 -180 0.821523 -137.994 0 180 0 0 0 0 0 -0
0 -180 0 -0 0 0 0 -180 0.00275269 50.5168 0 0 0 0 0 180 0 -180
0 0 0 -0 0 -180 0 0 0.00342668 -118.237 0 180 0 -180 0 180 0 0
0 -180 0 -180 0 0 0 -0 0.00275202 50.5725 0 180 0 0 0 0 0 -180
0 0 0 0 0 -180 0 -0 0.00342362 -118.306 0 180 0 -180 0 -180 0 0
0 -180 0 0 0 -180 0 -180 0.14779 -118.034 0 -180 0 -180 0 0 0 -180
0 0 0 -180 0 0 0 0 0.817802 -138.05 0 0 0 0 0 180 0 0
inside=1 lambda=0.647 phi=10 theta=45
0 -180 0 -180 0 -180 0 0 0.146238 -117.951 0 0 0 -180 0 -180 0 -180
0 0 0 0 0 -0 0 -180 0.819662 -138.022 0 180 0 0 0 0 0 0
0 -180 0 -0 0 0 0 -180 0.00317815 50.5447 0 0 0 0 0 180 0 -180
0 0 0 -0 0 -180 0 0 0.003955 -118.272 0 180 0 -180 0 180 0 0
0 -180 0 -180 0 0 0 -0 0.00317815 50.5447 0 180 0 0 0 0 0 -180
0 0 0 0 0 -180 0 -0 0.003955 -118.272 0 180 0 -180 0 180 0 0
0 -180 0 0 0 -180 0 -180 0.146238 -117.951 0 -180 0 -180 0 0 0 -180
0 0 0 -180 0 0 0 0 0.819662 -138.022 0 0 0 -0 0 180 0 0
inside=1 lambda=0.647 phi=15 theta=0
0 180 0 -180 0 -180 0 0 0.143973 -123.55 0 0 0 180 0 -180 0 -180
0 0 0 0 0 -0 0 -180 0.827607 -141.278 0 180 0 0 0 0 0 -0
0 -180 0 -0 0 0 0 -0 1.04404e-13 -177.827 0 -0 0 0 0 180 0 -180
0 0 0 -0 0 180 0 -180 1.71978e-13 103.665 0 -180 0 -180 0 180 0 -0
0 -180 0 -180 0 0 0 -0 3.21106e-13 -75.7569 0 180 0 0 0 0 0 -180
0 0 0 0 0 -180 0 -180 3.04183e-13 127.108 0 0 0 -180 0 -180 0 0
0 -180 0 0 0 -180 0 -180 0.158738 -124.194 0 -180 0 -180 0 0 0 -180
0 0 0 180 0 0 0 0 0.810477 -141.534 0 0 0 0 0 180 0 0
inside=1 lambda=0.647 phi=15 theta=15
0 -180 0 -180 0 -180 0 0 0.144963 -123.6 0 0 0 180 0 -180 0 -180
0 0 0 0 0 -0 0 -180 0.826457 -141.295 0 180 0 0 0 0 0 -0
0 -180 0 -0 0 0 0 -180 0.00376189 45.5455 0 0 0 0 0 180 0 -180
0 0 0 -0 0 180 0 0 0.00455291 -121.738 0 180 0 -180 0 180 0 -0
0 -180 0 -180 0 0 0 -0 0.00375869 45.7767 0 180 0 0 0 0 0 -180
0 0 0 0 0 -180 0 -0 0.00453707 -122.003 0 180 0 -180 0 180 0 0
0 -180 0 0 0 -180 0 -180 0.15775 -124.156 0 -180 0 -180 0 0 0 -180
0 0 0 -180 0 0 0 0 0.811623 -141.516 0 0 0 -0 0 180 0 0
inside=1 lambda=0.647 phi=15 theta=30
0 -180 0 -180 0 -180 0 0 0.147668 -123.729 0 0 0 180 0 -180 0 -180
0 0 0 0 0 -0 0 -180 0.823319 -141.342 0 180 0 0 0 0 0 -0
0 -180 0 -0 0 0 0 -180 0.00651475 45.5949 0 0 0 0 0 180 0 -180
0 0 0 -0 0 180 0 0 0.00787966 -121.801 0 180 0 -180 0 180 0 -0
0 -180 0 -180 0 0 0 -0 0.00651156 45.7282 0 180 0 0 0 0 0 -180
0 0 0 0 0 -180 0 -0 0.00786385 -121.953 0 180 0 180 0 180 0 0
0 -180 0 0 0 -180 0 -180 0.155051 -124.05 0 -180 0 -180 0 0 0 -180
0 0 0 -180 0 0 0 0 0.814754 -141.469 0 0 0 -0 0 180 0 -0
inside=1 lambda=0.647 phi=15 theta=45
0 -180 0 -180 0 -180 0 0 0.15136 -123.896 0 0 0 -180 0 -180 0 -180
0 0 0 0 0 -0 0 -180 0.819035 -141.405 0 180 0 0 0 0 0 -0
0 -180 0 -0 0 0 0 -180 0.00752083 45.6617 0 0 0 0 0 180 0 -180
0 0 0 -0 0 180 0 0 0.00908929 -121.88 0 180 0 -180 0 180 0 -0
0 -180 0 -180 0 0 0 -0 0.00752083 45.6617 0 180 0 0 0 0 0 -180
0 0 0 0 0 -180 0 -0 0.00908929 -121.88 0 180 0 180 0 180 0 -0
0 -180 0 0 0 -180 0 -180 0.15136 -123.896 0 -180 0 -180 0 0 0 -180
0 0 0 -180 0 0 0 0 0.819035 -141.405 0 0 0 -0 0 180 0 -0
inside=1 lambda=0.647 phi=20 theta=0
0 180 0 -180 0 -180 0 0 0.143894 -131.404 0 0 0 180 0 -180 0 -180
0 0 0 0 0 -0 0 -180 0.833938 -145.844 0 180 0 0 0 0 0 -0
0 180 0 -0 0 0 0 -0 3.33113e-13 178.569 0 -0 0 -0 0 180 0 -180
0 0 0 -0 0 180 0 -0 1.93724e-13 -31.6858 0 0 0 -180 0 180 0 -0
0 -180 0 -180 0 0 0 180 3.38547e-13 -88.1987 0 -180 0 0 0 0 0 -180
0 0 0 -0 0 -180 0 -0 7.05257e-14 30.1121 0 180 0 -180 0 180 0 0
0 -180 0 0 0 -180 0 -180 0.17202 -132.262 0 -180 0 -180 0 0 0 -180
0 -0 0 180 0 0 0 -0 0.802519 -146.299 0 0 0 -0 0 180 0 0
inside=1 lambda=0.647 phi=20 theta=15
0 180 0 -180 0 -180 0 0 0.145782 -131.479 0 0 0 180 0 -180 0 -180
0 0 0 0 0 -0 0 -180 0.831828 -145.874 0 180 0 0 0 0 0 -0
0 180 0 -0 0 0 0 -180 0.00712618 38.9442 0 0 0 -0 0 180 0 -180
0 0 0 -0 0 180 0 0 0.00834312 -126.665 0 180 0 -180 0 180 0 -0
0 -180 0 -180 0 0 0 -0 0.00711717 39.3897 0 180 0 0 0 0 0 -180
0 0 0 0 0 -180 0 -0 0.00829164 -127.128 0 180 0 180 0 180 0 0
0 -180 0 0 0 -180 0 -180 0.170142 -132.221 0 -180 0 -180 0 0 0 -180
0 0 0 -180 0 0 0 -0 0.804618 -146.268 0 0 0 -0 0 180 0 -0
inside=1 lambda=0.647 phi=20 theta=30
0 180 0 -180 0 -180 0 0 0.150938 -131.669 0 0 0 180 0 -180 0 -180
0 0 0 0 0 -0 0 -180 0.826066 -145.957 0 180 0 0 0 0 0 -0
0 -180 0 -0 0 0 0 -180 0.0123406 39.0399 0 0 0 -0 0 180 0 -180
0 0 0 -0 0 180 0 0 0.0144295 -126.785 0 180 0 -180 0 180 0 -0
0 -180 0 -180 0 0 0 -0 0.0123317 39.2961 0 180 0 0 0 0 0 -180
0 0 0 0 0 -180 0 -0 0.0143783 -127.052 0 180 0 180 0 180 0 -0
0 -180 0 0 0 -180 0 -180 0.165004 -132.096 0 -180 0 -180 0 0 0 -180
0 0 0 -180 0 0 0 -0 0.810357 -146.184 0 0 0 -0 0 180 0 -0
inside=1 lambda=0.647 phi=20 theta=45
0 -180 0 -180 0 -180 0 0 0.157976 -131.898 0 0 0 180 0 -180 0 -180
0 0 0 0 0 -0 0 -180 0.818206 -146.07 0 180 0 0 0 0 0 -0
0 -180 0 -0 0 0 0 -180 0.0142451 39.1685 0 0 0 -0 0 180 0 -180
0 0 0 -0 0 180 0 0 0.0166309 -126.93 0 180 0 -180 0 180 0 -0
0 -180 0 -180 0 -0 0 -0 0.0142451 39.1685 0 180 0 0 0 0 0 -180
0 0 0 0 0 -180 0 -0 0.0166309 -126.93 0 180 0 180 0 180 0 -0
0 -180 0 0 0 180 0 -180 0.157976 -131.898 0 -180 0 -180 0 0 0 -180
0 0 0 -180 0 0 0 0 0.818206 -146.07 0 0 0 -0 0 180 0 -0
inside=1 lambda=0.647 phi=25 theta=0
0 180 0 180 0 -180 0 0 0.141681 -141.262 0 0 0 180 0 180 0 -180
0 0 0 0 0 -0 0 -180 0.842828 -151.592 0 180 0 0 0 0 0 -0
0 180 0 -0 0 0 0 0 6.75688e-14 -115.284 0 -180 0 -0 0 180 0 -180
0 0 0 -0 0 180 0 -0 4.68564e-14 -7.08761 0 -180 0 -180 0 180 0 -0
0 -180 0 -180 0 0 0 0 4.40453e-14 39.3593 0 -0 0 0 0 0 0 -180
0 -0 0 -0 0 -180 0 -180 1.6014e-13 -98.7827 0 -0 0 180 0 180 0 0
0 -180 0 0 0 -180 0 -180 0.189089 -141.977 0 -180 0 -180 0 0 0 -180
0 -0 0 180 0 -0 0 -0 0.791784 -152.299 0 0 0 -0 0 180 0 -0
inside=1 lambda=0.647 phi=25 theta=15
0 180 0 -180 0 -180 0 0 0.144866 -141.342 0 0 0 180 0 180 0 -180
0 0 0 0 0 -0 0 -180 0.839394 -151.639 0 180 0 0 0 0 0 -0
0 180 0 -0 0 0 0 -180 0.0119442 30.9438 0 0 0 -0 0 180 0 -180
0 0 0 -0 0 180 0 0 0.0135337 -132.96 0 180 0 -180 0 180 0 -0
0 -180 0 -180 0 0 0 -0 0.0119261 31.7093 0 180 0 0 0 0 0 -180
0 0 0 -0 0 -180 0 -0 0.0134037 -133.669 0 180 0 180 0 180 0 -0
0 -180 0 0 0 -180 0 -180 0.185931 -141.959 0 -180 0 -180 0 0 0 -180
0 0 0 180 0 0 0 -0 0.795189 -152.251 0 0 0 -0 0 180 0 -0
inside=1 lambda=0.647 phi=25 theta=30
0 180 0 -180 0 -180 0 0 0.153566 -141.535 0 0 0 180 0 180 0 -180
0 0 0 0 0 -0 0 -180 0.830024 -151.767 0 180 0 0 0 0 0 -0
0 180 0 -0 0 0 0 -180 0.0206861 31.1094 0 0 0 -0 0 180 0 -180
0 0 0 -0 0 180 0 0 0.0233839 -133.166 0 180 0 -180 0 180 0 -0
0 -180 0 -180 0 -0 0 -0 0.0206684 31.5471 0 180 0 0 0 0 0 -180
0 0 0 -0 0 -180 0 -0 0.0232558 -133.574 0 180 0 180 0 180 0 -0
0 -180 0 0 0 180 0 -180 0.177284 -141.889 0 -180 0 -180 0 0 0 -180
0 0 0 -180 0 0 0 -0 0.804503 -152.12 0 0 0 -0 0 180 0 -0
inside=1 lambda=0.647 phi=25 theta=45
0 -180 0 -180 0 -180 0 0 0.165437 -141.743 0 0 0 180 0 -180 0 -180
0 0 0 -0 0 -0 0 -180 0.81725 -151.943 0 180 0 0 0 0 0 -0
0 -180 0 -0 0 0 0 -180 0.0238788 31.3291 0 0 0 -0 0 180 0 -180
0 0 0 -0 0 180 0 0 0.0269225 -133.397 0 180 0 -180 0 180 0 -0
0 -180 0 -180 0 -0 0 -0 0.0238788 31.3291 0 180 0 0 0 0 0 -180
0 0 0 0 0 -180 0 -0 0.0269225 -133.397 0 180 0 180 0 180 0 -0
0 -180 0 0 0 180 0 -180 0.165437 -141.743 0 -180 0 -180 0 0 0 -180
0 0 0 -180 0 0 0 -0 0.81725 -151.943 0 0 0 -0 0 180 0 -0
inside=1 lambda=0.647 phi=30 theta=0
0 180 0 180 0 -180 0 0 0.135961 -153.232 0 0 0 180 0 180 0 -180
0 0 0 0 0 -0 0 -180 0.854867 -158.435 0 180 0 0 0 0 0 -0
0 180 0 -0 0 0 0 0 2.57222e-13 -95.5827 0 -0 0 -0 0 180 0 -180
0 0 0 -0 0 180 0 0 1.5242e-13 -21.4668 0 180 0 -180 0 180 0 -0
0 -180 0 -180 0 0 0 -0 2.52608e-13 21.4144 0 -0 0 0 0 0 0 -180
0 -0 0 -0 0 180 0 -180 2.73379e-13 -28.9618 0 180 0 180 0 180 0 -0
0 -180 0 0 0 -180 0 -180 0.209537 -152.997 0 -180 0 -180 0 0 0 -180
0 -0 0 180 0 -0 0 -0 0.777956 -159.427 0 -0 0 -0 0 180 0 -0
inside=1 lambda=0.647 phi=30 theta=15
0 180 0 180 0 -180 0 0 0.140905 -153.247 0 0 0 180 0 180 0 -180
0 0 0 0 0 -0 0 -180 0.849685 -158.501 0 180 0 0 0 0 0 -0
0 180 0 -0 0 0 0 -180 0.0184516 21.7987 0 0 0 -0 0 180 0 -180
0 0 0 -0 0 180 0 -0 0.0203512 -140.551 0 180 0 -180 0 180 0 -0
0 -180 0 -180 0 0 0 -0 0.0184262 23.0258 0 180 0 0 0 0 0 -180
0 -0 0 -0 0 -180 0 -0 0.0200709 -141.551 0 180 0 180 0 180 0 -0
0 -180 0 0 0 -180 0 -180 0.204657 -153.05 0 -180 0 -180 0 0 0 -180
0 -0 0 180 0 0 0 -0 0.783079 -159.36 0 -0 0 -0 0 180 0 -0
inside=1 lambda=0.647 phi=30 theta=30
0 180 0 -180 0 -180 0 0 0.154419 -153.27 0 0 0 180 0 180 0 -180
0 0 0 0 0 -0 0 -180 0.835552 -158.681 0 180 0 0 0 0 0 -0
0 180 0 -0 0 0 0 -180 0.0319685 22.0657 0 0 0 -0 0 180 0 -180
0 0 0 -0 0 180 0 -0 0.0351163 -140.884 0 180 0 -180 0 180 0 -0
0 -180 0 -180 0 -0 0 -0 0.0319449 22.7601 0 180 0 0 0 0 0 -180
0 0 0 -0 0 -180 0 -0 0.0348446 -141.455 0 180 0 180 0 180 0 -0
0 -180 0 0 0 180 0 -180 0.19126 -153.163 0 -180 0 -180 0 0 0 -180
0 0 0 -180 0 0 0 -0 0.797099 -159.177 0 0 0 -0 0 180 0 -0
inside=1 lambda=0.647 phi=30 theta=45
0 180 0 -180 0 -180 0 0 0.172866 -153.251 0 0 0 180 0 180 0 -180
0 0 0 -0 0 -0 0 -180 0.816298 -158.928 0 180 0 0 0 0 0 -0
0 -180 0 -0 0 0 0 -180 0.036911 22.4136 0 0 0 -0 0 180 0 -180
0 0 0 -0 0 180 0 -0 0.0403774 -141.227 0 180 0 -180 0 180 0 -0
0 -180 0 -180 0 -0 0 -0 0.036911 22.4136 0 180 0 0 0 0 0 -180
0 0 0 -0 0 -180 0 -0 0.0403774 -141.227 0 180 0 180 0 180 0 -0
0 180 0 0 0 180 0 -180 0.172866 -153.251 0 180 0 -180 0 0 0 -180
0 0 0 -180 0 0 0 -0 0.816298 -158.928 0 0 0 -0 0 180 0 -0
inside=1 lambda=0.647 phi=35 theta=0
0 180 0 180 0 -180 0 0 0.125581 -167.828 0 0 0 180 0 180 0 -180
0 0 0 0 0 -0 0 -180 0.870763 -166.26 0 180 0 0 0 0 0 -0
0 180 0 -0 0 0 0 -0 1.87167e-13 95.5743 0 180 0 -0 0 180 0 -180
0 0 0 -0 0 180 0 -0 3.6474e-13 90.1939 0 180 0 -180 0 180 0 -0
0 -180 0 -180 0 0 0 -0 1.28105e-13 156.25 0 180 0 0 0 0 0 -180
0 -0 0 -0 0 180 0 -0 3.2314e-13 93.0768 0 180 0 180 0 180 0 -0
0 -180 0 0 0 -180 0 -180 0.232497 -164.991 0 -180 0 -180 0 0 0 -180
0 -0 0 180 0 -0 0 -0 0.760739 -167.544 0 -0 0 -0 0 180 0 -0
inside=1 lambda=0.647 phi=35 theta=15
0 180 0 180 0 -180 0 0 0.132739 -167.568 0 0 0 180 0 180 0 -180
0 0 0 0 0 -0 0 -180 0.863339 -166.349 0 180 0 0 0 0 0 -0
0 180 0 -0 0 0 0 -180 0.0267659 11.758 0 0 0 -0 0 180 0 -180
0 0 0 -0 0 180 0 -0 0.0290533 -149.302 0 180 0 -180 0 180 0 -0
0 -180 0 -180 0 0 0 -0 0.0267533 13.6422 0 0 0 0 0 0 0 -180
0 -0 0 -0 0 180 0 -0 0.028508 -150.639 0 180 0 180 0 180 0 -0
0 -180 0 0 0 -180 0 -180 0.225449 -165.185 0 -180 0 -180 0 0 0 -180
0 -0 0 180 0 0 0 -0 0.768056 -167.46 0 -0 0 -0 0 180 0 -0
inside=1 lambda=0.647 phi=35 theta=30
0 180 0 180 0 -180 0 0 0.152362 -166.976 0 0 0 180 0 180 0 -180
0 0 0 -0 0 -0 0 -180 0.843103 -166.588 0 180 0 0 0 0 0 -0
0 180 0 -0 0 0 0 -180 0.0464188 12.1692 0 0 0 -0 0 180 0 -180
0 0 0 -0 0 180 0 -0 0.0500384 -149.824 0 180 0 -180 0 180 0 -0
0 -180 0 -180 0 -0 0 -0 0.0464129 13.2168 0 0 0 0 0 0 0 -180
0 0 0 -0 0 -180 0 -0 0.0495264 -150.582 0 180 0 180 0 180 0 -0
0 -180 0 0 0 180 0 -180 0.206003 -165.678 0 -180 0 -180 0 0 0 -180
0 0 0 180 0 0 0 -0 0.788094 -167.228 0 -0 0 -0 0 180 0 -0
inside=1 lambda=0.647 phi=35 theta=45
0 180 0 -180 0 -180 0 0 0.179218 -166.308 0 0 0 180 0 180 0 -180
0 0 0 -0 0 -0 0 -180 0.815552 -166.908 0 180 0 0 0 0 0 -0
0 180 0 -0 0 0 0 -180 0.0536302 12.6909 0 0 0 -0 0 180 0 -180
0 0 0 -0 0 180 0 -0 0.0574477 -150.312 0 180 0 -180 0 180 0 -0
0 180 0 -180 0 -0 0 -0 0.0536302 12.6909 0 180 0 0 0 0 0 -180
0 0 0 -0 0 -180 0 -0 0.0574477 -150.312 0 180 0 180 0 180 0 -0
0 180 0 0 0 180 0 -180 0.179218 -166.308 0 180 0 -180 0 0 0 -180
0 0 0 -180 0 0 0 -0 0.815552 -166.908 0 0 0 -0 0 180 0 -0
inside=1 lambda=0.647 phi=40 theta=0
0 180 0 180 0 -180 0 -0 0.110506 173.503 0 0 0 180 0 180 0 -180
0 0 0 0 0 -0 0 -180 0.891286 -174.919 0 180 0 0 0 0 0 -0
0 180 0 -0 0 0 0 -0 2.58362e-13 87.2375 0 180 0 -0 0 180 0 -180
0 0 0 -0 0 180 0 0 2.60279e-13 -162.449 0 180 0 -180 0 180 0 -0
0 -180 0 -180 0 0 0 -0 5.93396e-14 14.0853 0 -0 0 0 0 0 0 -180
0 -0 0 -0 0 180 0 -0 4.53939e-14 -41.6397 0 0 0 180 0 180 0 -0
0 -180 0 0 0 -180 0 -180 0.256447 -177.626 0 -180 0 -180 0 0 0 -180
0 -0 0 180 0 -0 0 -0 0.739942 -176.467 0 -0 0 -0 0 180 0 -0
inside=1 lambda=0.647 phi=40 theta=15
0 180 0 180 0 -180 0 -0 0.120054 174.673 0 0 0 180 0 180 0 -180
0 0 0 0 0 -0 0 -180 0.881064 -175.044 0 180 0 0 0 0 0 -0
0 180 0 -0 0 0 0 -180 0.0367611 1.07167 0 0 0 -0 0 180 0 -180
0 0 0 -180 0 180 0 -0 0.0399239 -158.995 0 180 0 -180 0 180 0 -0
0 -180 0 -180 0 0 0 -0 0.0368332 3.89854 0 0 0 0 0 0 0 -180
0 -0 0 -0 0 180 0 -0 0.0389247 -160.714 0 180 0 180 0 180 0 -0
0 -180 0 0 0 -180 0 -180 0.246935 -178.065 0 -180 0 -180 0 0 0 -180
0 -0 0 180 0 0 0 -0 0.749978 -176.379 0 -0 0 -0 0 180 0 -0
inside=1 lambda=0.647 phi=40 theta=30
0 180 0 180 0 -180 0 -0 0.146643 176.99 0 0 0 180 0 180 0 -180
0 0 0 -0 0 -0 0 -180 0.853214 -175.35 0 180 0 0 0 0 0 -0
0 180 0 -0 0 0 0 -180 0.0638989 1.68744 0 0 0 -0 0 0 0 -180
0 0 0 -180 0 180 0 -0 0.068572 -159.803 0 180 0 -180 0 180 0 -0
0 -180 0 -180 0 -0 0 -0 0.0639897 3.2133 0 0 0 0 0 0 0 -180
0 -0 0 -0 0 -180 0 -0 0.0676892 -160.771 0 180 0 180 0 180 0 -0
0 -180 0 0 0 180 0 -180 0.220303 -179.215 0 180 0 -180 0 0 0 -180
0 0 0 180 0 0 0 -0 0.777522 -176.116 0 -0 0 -0 0 180 0 -0
inside=1 lambda=0.647 phi=40 theta=45
0 180 0 -180 0 -180 0 0 0.183447 179.127 0 0 0 180 0 180 0 -180
0 0 0 -0 0 -0 0 -180 0.815302 -175.738 0 180 0 0 0 0 0 -0
0 180 0 -0 0 0 0 -180 0.073932 2.43897 0 0 0 -0 0 0 0 -180
0 0 0 -180 0 180 0 -0 0.0785927 -160.477 0 180 0 -180 0 180 0 -0
0 180 0 -180 0 -0 0 -0 0.073932 2.43897 0 0 0 0 0 0 0 -180
0 0 0 -0 0 -180 0 -180 0.0785927 -160.477 0 180 0 180 0 180 0 -0
0 180 0 0 0 180 0 -180 0.183447 179.127 0 180 0 -180 0 0 0 -180
0 0 0 -180 0 0 0 -0 0.815302 -175.738 0 0 0 -0 0 180 0 -0
inside=1 lambda=0.647 phi=45 theta=0
0 180 0 180 0 -180 0 -0 0.0958841 147.438 0 0 0 180 0 180 0 -180
0 0 0 0 0 -0 0.0154227 101.274 0.915914 175.866 0 180 0 0 0 0 0 -0
0 180 0 -0 0 0 0 0 2.87532e-14 -136.997 0 -180 0 -0 0 180 0 -180
0 0 0 -180 0 180 3.82767e-13 94.1457 2.72663e-14 -57.7626 0 -0 0 -180 0 0 0 -0
0 -180 0 -180 0 0 0 -0 9.69345e-15 90.6904 0 180 0 0 0 0 0 -180
0 -0 0 -0 0 180 7.87723e-15 97.3368 5.31163e-14 -116.506 0 180 0 180 0 180 0 -0
0 -180 0 0 0 -180 0 -180 0.277792 169.292 0 -180 0 -180 0 0 0 -180
0 -0 0 180 0 -0 0.107601 -46.5203 0.714919 174.123 0 -0 0 -0 0 180 0 -0
inside=1 lambda=0.647 phi=45 theta=15
0 180 0 180 0 -180 0 -0 0.105072 151.138 0 0 0 180 0 180 0 -180
0 0 0 0 0 -0 0 -180 0.903598 175.612 0 180 0 0 0 0 0 -0
0 180 0 -0 0 0 0 -180 0.047877 -9.99827 0 0 0 -0 0 180 0 -180
0 0 0 -180 0 180 0 -0 0.0533329 -169.279 0 180 0 -180 0 0 0 -0
0 -180 0 -180 0 0 0 -0 0.0482304 -5.74378 0 0 0 0 0 0 0 -180
0 -0 0 -0 0 180 0 -0 0.051486 -171.416 0 180 0 180 0 180 0 -0
0 -180 0 0 0 180 0 -180 0.267059 168.649 0 -180 0 -180 0 0 0 -180
0 -0 0 180 0 -0 0 -0 0.728886 174.107 0 -0 0 -0 0 180 0 -0
inside=1 lambda=0.647 phi=45 theta=30
0 180 0 180 0 -180 0 -0 0.137579 157.882 0 0 0 180 0 180 0 -180
0 0 0 -0 0 -0 0 -180 0.866508 175.201 0 180 0 0 0 0 0 -0
0 180 0 -0 0 0 0 -180 0.0836985 -9.07896 0 0 0 -0 0 0 0 -180
0 0 0 -180 0 180 0 -0 0.0911442 -170.558 0 180 0 -180 0 0 0 -0
0 -180 0 -180 0 -0 0 -0 0.084094 -6.90886 0 0 0 0 0 0 0 -180
0 -0 0 -0 0 -180 0 -180 0.0897225 -171.761 0 180 0 180 0 180 0 -0
0 -180 0 0 0 180 0 -180 0.232743 166.443 0 180 0 -180 0 0 0 -180
0 0 0 180 0 0 0 -0 0.765549 174.348 0 -0 0 -0 0 180 0 -0
inside=1 lambda=0.647 phi=45 theta=45
0 180 0 -180 0 -180 0 -0 0.184767 163.026 0 0 0 180 0 180 0 -180
0 0 0 -0 0 -0 0 -180 0.815954 174.754 0 180 0 0 0 0 0 -0
0 180 0 -0 0 0 0 -180 0.0971165 -8.02934 0 0 0 -0 0 0 0 -180
0 0 0 -180 0 180 0 -0 0.104273 -171.475 0 180 0 -180 0 180 0 -0
0 180 0 -180 0 -0 0 -0 0.0971165 -8.02934 0 0 0 0 0 0 0 -180
0 0 0 -0 0 -180 0 -180 0.104273 -171.475 0 180 0 180 0 180 0 -0
0 180 0 -0 0 180 0 -180 0.184767 163.026 0 180 0 -180 0 0 0 -180
0 0 0 -180 0 0 0 -0 0.815954 174.754 0 0 0 -0 0 180 0 -0
