RSoft_BSDF_File_Version 2
1 0 5 2 1 0.822857
0.3 0.3
-1 1
-1 1
1 0.647 0.647
10 0 45 0.5
4 0 45
Begin_Dispersion_Data
0.647 1.45662 0 1 0 0
End_Dispersion_Data
inside=0 lambda=0.647 phi=0 theta=0
0 -180 0 -180 0 -180 0 0 0.152997 -10.8141 0 0 0 -180 0 -180 0 -180
0 -0 0 -0 0 -0 0 180 1.19269 131.601 0 180 0 -0 0 -0 0 -0
0 -180 0 -180 0 0 0 -180 1.27387e-13 -102.913 0 -0 0 0 0 -180 0 -180
0 -0 0 180 0 180 0 0 1.7901e-12 -157.69 0 0 0 180 0 -180 0 -0
0 -180 0 180 0 0 0 -0 7.60648e-13 6.52026 0 -0 0 0 0 -0 0 -180
0 -0 0 0 0 180 0 -180 2.68065e-12 -141.696 0 -180 0 180 0 0 0 -0
0 -180 0 0 0 -180 0 -180 0.152997 -10.8141 0 -180 0 -180 0 0 0 -180
0 -0 0 180 0 -0 0 -0 1.19269 131.601 0 -0 0 -0 0 180 0 -0
inside=0 lambda=0.647 phi=0 theta=15
0 -180 0 -180 0 -180 0 0 0.152997 -10.8141 0 0 0 -180 0 -180 0 -180
0 -0 0 -0 0 -0 0 180 1.19269 131.601 0 180 0 -0 0 -0 0 -0
0 -180 0 -180 0 0 0 -180 1.27387e-13 -102.913 0 -0 0 0 0 -180 0 -180
0 -0 0 180 0 180 0 0 1.7901e-12 -157.69 0 0 0 180 0 -180 0 -0
0 -180 0 180 0 0 0 -0 7.60648e-13 6.52026 0 -0 0 0 0 -0 0 -180
0 -0 0 0 0 180 0 -180 2.68065e-12 -141.696 0 -180 0 180 0 0 0 -0
0 -180 0 0 0 -180 0 -180 0.152997 -10.8141 0 -180 0 -180 0 0 0 -180
0 -0 0 180 0 -0 0 -0 1.19269 131.601 0 -0 0 -0 0 180 0 -0
inside=0 lambda=0.647 phi=0 theta=30
0 -180 0 -180 0 -180 0 0 0.152997 -10.8141 0 0 0 -180 0 -180 0 -180
0 -0 0 -0 0 -0 0 180 1.19269 131.601 0 180 0 -0 0 -0 0 -0
0 -180 0 -180 0 0 0 -180 1.27387e-13 -102.913 0 -0 0 0 0 -180 0 -180
0 -0 0 180 0 180 0 0 1.7901e-12 -157.69 0 0 0 180 0 -180 0 -0
0 -180 0 180 0 0 0 -0 7.60648e-13 6.52026 0 -0 0 0 0 -0 0 -180
0 -0 0 0 0 180 0 -180 2.68065e-12 -141.696 0 -180 0 180 0 0 0 -0
0 -180 0 0 0 -180 0 -180 0.152997 -10.8141 0 -180 0 -180 0 0 0 -180
0 -0 0 180 0 -0 0 -0 1.19269 131.601 0 -0 0 -0 0 180 0 -0
inside=0 lambda=0.647 phi=0 theta=45
0 -180 0 -180 0 -180 0 0 0.152997 -10.8141 0 0 0 -180 0 -180 0 -180
0 -0 0 -0 0 -0 0 180 1.19269 131.601 0 180 0 -0 0 -0 0 -0
0 -180 0 -180 0 0 0 -180 1.27387e-13 -102.913 0 -0 0 0 0 -180 0 -180
0 -0 0 180 0 180 0 0 1.7901e-12 -157.69 0 0 0 180 0 -180 0 -0
0 -180 0 180 0 0 0 -0 7.60648e-13 6.52026 0 -0 0 0 0 -0 0 -180
0 -0 0 0 0 180 0 -180 2.68065e-12 -141.696 0 -180 0 180 0 0 0 -0
0 -180 0 0 0 -180 0 -180 0.152997 -10.8141 0 -180 0 -180 0 0 0 -180
0 -0 0 180 0 -0 0 -0 1.19269 131.601 0 -0 0 -0 0 180 0 -0
inside=0 lambda=0.647 phi=5 theta=0
0 -180 0 -180 0 -180 0 0 0.147906 -10.7778 0 0 0 -180 0 -180 0 -180
0 -0 0 -0 0 -0 0 180 1.19106 128.252 0 180 0 -0 0 -0 0 -0
0 -180 0 -0 0 0 0 0 7.12248e-13 -167.022 0 -0 0 0 0 180 0 -180
0 -0 0 -180 0 180 0 -180 2.18731e-12 59.9237 0 180 0 180 0 0 0 -0
0 -180 0 -180 0 0 0 180 6.50426e-13 -42.0263 0 -180 0 0 0 0 0 -180
0 -0 0 -0 0 180 0 0 9.83806e-13 44.2198 0 -180 0 180 0 180 0 -0
0 -180 0 0 0 -180 0 -180 0.150499 -11.0613 0 -180 0 -180 0 0 0 -180
0 -0 0 180 0 -0 0 -0 1.19573 128.159 0 -0 0 -0 0 180 0 -0
inside=0 lambda=0.647 phi=5 theta=15
0 -180 0 -180 0 -180 0 0 0.14808 -10.7971 0 0 0 -180 0 -180 0 -180
0 -0 0 -0 0 -0 0 180 1.19137 128.245 0 180 0 -0 0 -0 0 -0
0 -180 0 -0 0 0 0 -180 0.000676698 155.94 0 0 0 0 0 180 0 -180
0 -0 0 -180 0 180 0 -0 0.00138703 -84.5543 0 180 0 180 0 0 0 -0
0 -180 0 -180 0 0 0 -0 0.000676674 155.922 0 180 0 0 0 0 0 -180
0 -0 0 -0 0 180 0 -180 0.00138531 -84.4561 0 0 0 180 0 180 0 -0
0 -180 0 0 0 -180 0 -180 0.150325 -11.0425 0 -180 0 -180 0 0 0 -180
0 -0 0 180 0 -0 0 -0 1.19542 128.165 0 -0 0 -0 0 180 0 -0
inside=0 lambda=0.647 phi=5 theta=30
0 -180 0 -180 0 -180 0 0 0.148554 -10.8495 0 0 0 -180 0 -180 0 -180
0 -0 0 -0 0 -0 0 180 1.19223 128.228 0 180 0 -0 0 -0 0 -0
0 -180 0 -0 0 0 0 -180 0.00117207 155.936 0 0 0 0 0 180 0 -180
0 -0 0 -180 0 180 0 -0 0.00240176 -84.5332 0 180 0 180 0 0 0 -0
0 -180 0 -180 0 0 0 -0 0.00117204 155.926 0 180 0 0 0 0 0 -180
0 -0 0 -0 0 180 0 -180 0.00240005 -84.4765 0 0 0 180 0 180 0 -0
0 -180 0 0 0 -180 0 -180 0.149851 -10.9912 0 -180 0 -180 0 0 0 -180
0 -0 0 180 0 -0 0 -0 1.19456 128.182 0 -0 0 -0 0 180 0 -0
inside=0 lambda=0.647 phi=5 theta=45
0 -180 0 -180 0 -180 0 0 0.149202 -10.9206 0 0 0 -180 0 -180 0 -180
0 -0 0 -0 0 -0 0 180 1.19339 128.205 0 180 0 -0 0 -0 0 -0
0 -180 0 -0 0 0 0 -180 0.00135338 155.931 0 0 0 0 0 180 0 -180
0 -0 0 -180 0 180 0 -0 0.00277232 -84.5047 0 180 0 180 0 0 0 -0
0 -180 0 -180 0 0 0 -0 0.00135338 155.931 0 180 0 0 0 0 0 -180
0 -0 0 -0 0 180 0 -180 0.00277232 -84.5047 0 0 0 180 0 180 0 -0
0 -180 0 0 0 -180 0 -180 0.149202 -10.9206 0 -180 0 -180 0 0 0 -180
0 -0 0 180 0 -0 0 -0 1.19339 128.205 0 -0 0 -0 0 180 0 -0
inside=0 lambda=0.647 phi=10 theta=0
0 180 0 -180 0 -180 0 0 0.133439 -9.61228 0 0 0 180 0 -180 0 -180
0 -0 0 -0 0 -180 0 180 1.18554 118.159 0 0 0 -0 0 -0 0 -180
0 -180 0 -0 0 0 0 180 2.73011e-13 -77.5389 0 -0 0 0 0 180 0 -180
0 -0 0 -180 0 0 0 -180 3.46226e-13 171.434 0 180 0 180 0 0 0 -180
0 -180 0 -180 0 0 0 -0 8.76437e-13 -11.9376 0 -0 0 0 0 0 0 -180
0 -0 0 -0 0 180 0 0 8.83827e-13 -142.388 0 180 0 180 0 180 0 -0
0 -180 0 0 0 -180 0 -180 0.142395 -10.6371 0 -180 0 -180 0 0 0 -180
0 -0 0 180 0 -0 0 -180 1.20525 117.765 0 -0 0 -0 0 180 0 -0
inside=0 lambda=0.647 phi=10 theta=15
0 -180 0 -180 0 -180 0 0 0.134039 -9.6844 0 0 0 180 0 -180 0 -180
0 -0 0 -0 0 -180 0 180 1.18686 118.131 0 0 0 -0 0 -0 0 -180
0 -180 0 -0 0 0 0 -180 0.00235531 157.697 0 0 0 0 0 180 0 -180
0 -0 0 -180 0 0 0 -0 0.00586075 -94.9751 0 0 0 180 0 0 0 -180
0 -180 0 -180 0 0 0 -0 0.00235435 157.614 0 180 0 0 0 0 0 -180
0 -0 0 -0 0 180 0 -180 0.00583213 -94.5871 0 0 0 180 0 0 0 -0
0 -180 0 0 0 -180 0 -180 0.141795 -10.5716 0 -180 0 -180 0 0 0 -180
0 -0 0 180 0 -0 0 -0 1.20393 117.79 0 -0 0 -0 0 0 0 -0
inside=0 lambda=0.647 phi=10 theta=30
0 -180 0 -180 0 -180 0 0 0.135679 -9.8787 0 0 0 -180 0 -180 0 -180
0 -0 0 -0 0 -180 0 180 1.19046 118.057 0 0 0 -0 0 -0 0 -180
0 -180 0 -0 0 0 0 -180 0.00407931 157.682 0 0 0 0 0 180 0 -180
0 -0 0 -180 0 0 0 -0 0.0101397 -94.8877 0 0 0 180 0 0 0 -180
0 -180 0 -180 0 0 0 -0 0.00407835 157.634 0 180 0 0 0 0 0 -180
0 -0 0 -0 0 180 0 -180 0.0101111 -94.6639 0 0 0 180 0 0 0 -0
0 -180 0 0 0 -180 0 -180 0.140158 -10.3906 0 -180 0 -180 0 0 0 -180
0 -0 0 180 0 -0 0 -0 1.20031 117.86 0 -0 0 -180 0 0 0 -180
inside=0 lambda=0.647 phi=10 theta=45
0 -180 0 -180 0 -180 0 0 0.137919 -10.138 0 0 0 -180 0 -180 0 -180
0 -0 0 -0 0 -180 0 180 1.19538 117.958 0 0 0 -0 0 -0 0 -180
0 -180 0 -0 0 0 0 -180 0.00470991 157.658 0 0 0 0 0 180 0 -180
0 -0 0 -180 0 0 0 -0 0.0116913 -94.7731 0 0 0 180 0 0 0 -180
0 -180 0 -180 0 0 0 -0 0.00470991 157.658 0 180 0 0 0 0 0 -180
0 -0 0 -0 0 180 0 -180 0.0116913 -94.7731 0 0 0 0 0 0 0 -180
0 -180 0 0 0 -180 0 -180 0.137919 -10.138 0 -180 0 -180 0 0 0 -180
0 -0 0 180 0 -0 0 -0 1.19538 117.958 0 -0 0 -180 0 0 0 -180
inside=0 lambda=0.647 phi=15 theta=0
0 180 0 -180 0 -180 0 0 0.114994 -4.1978 0 0 0 180 0 -180 0 -180
0 -0 0 -0 0 -180 0 180 1.17399 101.207 0 0 0 -0 0 -0 0 -180
0 180 0 -0 0 0 0 180 1.89343e-13 90.5666 0 -180 0 -0 0 180 0 -180
0 -0 0 -180 0 0 0 -180 4.961e-13 160.938 0 -180 0 180 0 0 0 -180
0 -180 0 -180 0 0 0 -0 4.4347e-13 -17.6275 0 -180 0 0 0 0 0 -180
0 -180 0 -180 0 0 0 180 9.03901e-13 -148.887 0 -180 0 0 0 0 0 -180
0 -180 0 0 0 -180 0 -180 0.1314 -5.06047 0 -180 0 -180 0 0 0 -180
0 -180 0 0 0 -180 0 -180 1.22182 100.195 0 -180 0 -180 0 0 0 -180
inside=0 lambda=0.647 phi=15 theta=15
0 180 0 -180 0 -180 0 0 0.116106 -4.25952 0 0 0 180 0 -180 0 -180
0 -0 0 -0 0 -180 0 180 1.17717 101.134 0 0 0 -0 0 -0 0 -180
0 180 0 -0 0 0 0 -180 0.00433092 172.092 0 0 0 -0 0 180 0 -180
0 -0 0 -180 0 0 0 -180 0.0144177 -113.442 0 0 0 180 0 0 0 -180
0 -180 0 -180 0 0 0 -180 0.00431879 171.916 0 180 0 0 0 0 0 -180
0 -180 0 -180 0 0 0 -180 0.0142555 -112.599 0 0 0 0 0 0 0 -180
0 -180 0 0 0 -180 0 -180 0.130319 -5.00533 0 -180 0 -180 0 0 0 -180
0 -180 0 0 0 -180 0 -180 1.21858 100.258 0 -180 0 -180 0 0 0 -180
inside=0 lambda=0.647 phi=15 theta=30
0 180 0 -180 0 -180 0 0 0.119137 -4.42433 0 0 0 180 0 -180 0 -180
0 -0 0 -180 0 -180 0 0 1.18586 100.937 0 0 0 -0 0 -0 0 -180
0 -180 0 -0 0 0 0 -180 0.00749876 172.06 0 0 0 -0 0 180 0 -180
0 -0 0 -180 0 0 0 -180 0.0249007 -113.237 0 0 0 180 0 0 0 -180
0 -180 0 -180 0 0 0 -180 0.0074867 171.959 0 180 0 0 0 0 0 -180
0 -0 0 -180 0 180 0 -180 0.0247395 -112.752 0 0 0 0 0 0 0 -180
0 -180 0 0 0 -180 0 -180 0.127348 -4.85346 0 -180 0 -180 0 0 0 -180
0 -0 0 0 0 -0 0 -180 1.20977 100.432 0 -180 0 -180 0 0 0 -180
inside=0 lambda=0.647 phi=15 theta=45
0 180 0 -180 0 -180 0 0 0.123257 -4.64209 0 0 0 180 0 -180 0 -180
0 -0 0 -180 0 -180 0 0 1.19779 100.679 0 0 0 -0 0 -180 0 -180
0 -180 0 -0 0 0 0 -180 0.00865292 172.012 0 0 0 0 0 180 0 -180
0 -0 0 -180 0 0 0 -180 0.0286531 -112.982 0 0 0 180 0 0 0 -180
0 -180 0 -180 0 0 0 -0 0.00865292 172.012 0 180 0 0 0 0 0 -180
0 -0 0 -180 0 180 0 -180 0.0286531 -112.982 0 0 0 0 0 0 0 -180
0 180 0 0 0 180 0 -180 0.123257 -4.64209 0 -180 0 -180 0 0 0 -180
0 -0 0 0 0 -0 0 -180 1.19779 100.679 0 -180 0 -180 0 0 0 -180
inside=0 lambda=0.647 phi=20 theta=0
0 180 0 -180 0 -180 0 0 0.105189 5.94044 0 0 0 180 0 -180 0 -180
0 -0 0 -180 0 -180 0 0 1.1529 77.2706 0 0 0 -0 0 -180 0 -180
0 180 0 -0 0 0 0 -0 5.30622e-14 126.228 0 180 0 -0 0 180 0 -180
0 -180 0 180 0 0 0 180 3.03125e-13 9.36796 0 180 0 0 0 -0 0 -180
0 -180 0 -180 0 0 0 -0 6.45949e-14 176.87 0 180 0 0 0 0 0 -180
0 -180 0 -180 0 0 0 180 1.6794e-13 12.4894 0 0 0 0 0 0 0 -180
0 -180 0 0 0 -180 0 -180 0.141619 9.70546 0 -180 0 -180 0 0 0 -180
0 -180 0 0 0 -180 0 -180 1.24377 75.076 0 -180 0 -180 0 0 0 -180
inside=0 lambda=0.647 phi=20 theta=15
0 180 0 -180 0 -180 0 0 0.107677 6.26633 0 0 0 180 0 -180 0 -180
0 -0 0 -180 0 -180 0 0 1.15885 77.0998 0 0 0 -0 0 -180 0 -180
0 180 0 -0 0 0 0 -180 0.00981517 -159.382 0 0 0 -0 0 180 0 -180
0 -180 0 180 0 0 0 -180 0.0284779 -140.979 0 0 0 0 0 -0 0 -180
0 -180 0 -180 0 0 0 -180 0.00976583 -159.406 0 180 0 0 0 0 0 -180
0 -180 0 -180 0 0 0 180 0.0278341 -139.548 0 -0 0 0 0 0 0 -180
0 -180 0 0 0 -180 0 -180 0.139252 9.51057 0 -180 0 -180 0 0 0 -180
0 -180 0 0 0 -180 0 -180 1.23754 75.2003 0 -180 0 -180 0 0 0 -180
inside=0 lambda=0.647 phi=20 theta=30
0 180 0 -180 0 -180 0 0 0.114452 7.0919 0 0 0 180 0 -180 0 -180
0 -0 0 -180 0 -180 0 0 1.17522 76.6521 0 0 0 -0 0 -180 0 -180
0 180 0 -0 0 0 0 -180 0.0169917 -159.393 0 0 0 -0 0 180 0 -180
0 -180 0 180 0 0 0 -180 0.0489998 -140.596 0 0 0 0 0 -0 0 -180
0 -180 0 -180 0 0 0 -180 0.0169431 -159.406 0 180 0 0 0 0 0 -180
0 -180 0 -180 0 0 0 180 0.0483675 -139.775 0 -0 0 0 0 0 0 -180
0 -180 0 0 0 180 0 -180 0.13271 8.94594 0 -180 0 -180 0 0 0 -180
0 -180 0 0 0 -180 0 -180 1.22064 75.5567 0 -180 0 -180 0 0 0 -180
inside=0 lambda=0.647 phi=20 theta=45
0 180 0 -180 0 -180 0 0 0.123637 8.08378 0 0 0 180 0 -180 0 -180
0 -180 0 -180 0 -180 0 0 1.1978 76.0819 0 0 0 -180 0 -180 0 -180
0 -180 0 -180 0 0 0 -180 0.0195974 -159.403 0 0 0 -0 0 180 0 -180
0 -180 0 180 0 0 0 -180 0.0561678 -140.147 0 0 0 0 0 -0 0 -180
0 -180 0 -180 0 -0 0 -180 0.0195974 -159.403 0 180 0 0 0 0 0 -180
0 -180 0 -180 0 0 0 180 0.0561678 -140.147 0 -0 0 0 0 0 0 -180
0 180 0 0 0 180 0 -180 0.123637 8.08378 0 -180 0 -180 0 0 0 -180
0 -180 0 0 0 -180 0 -180 1.1978 76.0819 0 -180 0 -180 0 0 0 -180
inside=0 lambda=0.647 phi=25 theta=0
0 180 0 180 0 -180 0 -0 0.101053 11.4422 0 0 0 180 0 180 0 -180
0 -180 0 -180 0 180 0 0 1.11966 46.1782 0 -0 0 -180 0 -180 0 180
0 180 0 -0 0 0 0 -0 2.71628e-13 18.284 0 -180 0 -0 0 180 0 -180
0 -180 0 180 0 -0 0 180 1.65252e-13 4.08456 0 180 0 0 0 -0 0 180
0 -180 0 -180 0 0 0 -0 2.35123e-13 149.496 0 -0 0 0 0 0 0 -180
0 -180 0 -180 0 0 0 0 8.52101e-13 116.417 0 180 0 0 0 0 0 -180
0 -180 0 0 0 -180 0 -180 0.208218 15.9406 0 -180 0 -180 0 0 0 -180
0 -180 0 0 0 -180 0 -180 1.26592 42.121 0 -180 0 -180 0 0 0 -180
inside=0 lambda=0.647 phi=25 theta=15
0 180 0 180 0 -180 0 -0 0.108328 11.892 0 0 0 180 0 180 0 -180
0 -180 0 -180 0 180 0 0 1.12905 45.8267 0 -0 0 -180 0 -180 0 180
0 180 0 -0 0 0 0 -180 0.0274414 -159.629 0 0 0 -0 0 180 0 -180
0 -180 0 180 0 -0 0 -180 0.0486897 -176.953 0 -0 0 0 0 -0 0 180
0 -180 0 -180 0 0 0 -180 0.0273686 -159.657 0 180 0 0 0 0 0 -180
0 -180 0 -180 0 0 0 180 0.0464947 -174.655 0 -0 0 0 0 0 0 -180
0 -180 0 0 0 -180 0 -180 0.201253 15.7343 0 -180 0 -180 0 0 0 -180
0 -180 0 0 0 -180 0 -180 1.25563 42.3203 0 -180 0 -180 0 0 0 -180
inside=0 lambda=0.647 phi=25 theta=30
0 180 0 -180 0 -180 0 -0 0.128188 12.9892 0 0 0 180 0 180 0 -180
0 -180 0 -180 0 180 0 0 1.15497 44.9377 0 -0 0 -180 0 -180 0 180
0 180 0 -180 0 0 0 -180 0.0475476 -159.621 0 0 0 -0 0 180 0 -180
0 -180 0 180 0 -0 0 -180 0.0830227 -176.266 0 -0 0 0 0 -0 0 180
0 -180 0 -180 0 -0 0 -180 0.0474791 -159.633 0 180 0 0 0 0 0 -180
0 -180 0 -180 0 0 0 180 0.08093 -174.953 0 -0 0 0 0 0 0 -180
0 180 0 0 0 180 0 -180 0.181941 15.1402 0 -180 0 -180 0 0 0 -180
0 -180 0 0 0 -180 0 -180 1.22799 42.9214 0 -180 0 -180 0 0 0 -180
inside=0 lambda=0.647 phi=25 theta=45
0 180 0 -180 0 -180 0 0 0.155189 14.1899 0 0 0 180 0 -180 0 -180
0 -180 0 -180 0 180 0 0 1.19107 43.861 0 -0 0 -180 0 -180 0 180
0 180 0 -180 0 0 0 -180 0.0548837 -159.618 0 0 0 -0 0 180 0 -180
0 -180 0 180 0 0 0 -180 0.0944136 -175.515 0 0 0 0 0 -0 0 -180
0 180 0 -180 0 -0 0 -180 0.0548837 -159.618 0 180 0 0 0 0 0 -180
0 -180 0 -180 0 0 0 180 0.0944136 -175.515 0 -0 0 0 0 0 0 -180
0 180 0 0 0 180 0 -180 0.155189 14.1899 0 -180 0 -180 0 0 0 -180
0 -180 0 0 0 -180 0 -180 1.19107 43.861 0 -180 0 180 0 -0 0 180
inside=0 lambda=0.647 phi=30 theta=0
0 180 0 180 0 -180 0.029228 -93.8993 0.0750529 22.9375 0 0 0 180 0 180 0 -180
0 -180 0 -180 0 180 0 0 1.06851 7.41196 0 -0 0 -180 0 -180 0 180
0 180 0 -0 0 0 1.05759e-13 -170.385 8.17841e-13 85.2397 0 0 0 -0 0 180 0 -180
0 -180 0 0 0 -0 0 -180 5.36766e-13 -116.733 0 -180 0 0 0 -180 0 180
0 -180 0 -180 0 0 2.70353e-14 -118.195 7.3968e-13 113.09 0 0 0 0 0 0 0 -180
0 180 0 180 0 -0 0 0 1.91614e-12 -102.162 0 0 0 -0 0 -0 0 180
0 -180 0 0 0 -180 0.116782 -130.477 0.291218 2.21237 0 -180 0 -180 0 0 0 -180
0 180 0 -0 0 180 0 180 1.29579 1.53262 0 180 0 180 0 -0 0 180
inside=0 lambda=0.647 phi=30 theta=15
0 180 0 180 0 -180 0 -0 0.0893538 16.9779 0 0 0 180 0 180 0 -180
0 -180 0 -180 0 180 0 0 1.08484 6.76721 0 -0 0 -180 0 -180 0 180
0 180 0 -0 0 0 0 -180 0.0556673 177.673 0 0 0 -0 0 180 0 -180
0 -180 0 180 0 -0 0 -180 0.0772451 142.524 0 -0 0 0 0 -180 0 180
0 -180 0 -180 0 -0 0 -180 0.0556279 177.337 0 180 0 0 0 0 0 -180
0 180 0 180 0 0 0 180 0.0706423 146.714 0 -180 0 -0 0 -0 0 180
0 -180 0 0 0 180 0 -180 0.277606 2.71576 0 -180 0 -180 0 0 0 -180
0 180 0 -0 0 -180 0 180 1.28126 1.69676 0 180 0 180 0 -0 0 180
inside=0 lambda=0.647 phi=30 theta=30
0 180 0 180 0 -180 0 -0 0.127569 9.5674 0 0 0 180 0 180 0 -180
0 -180 0 -180 0 180 0 0 1.12468 5.24136 0 -0 0 -180 0 -180 0 180
0 180 0 -180 0 0 0 -180 0.0968073 177.736 0 0 0 -0 0 180 0 -180
0 -180 0 180 0 -0 0 -180 0.128771 143.924 0 -0 0 0 0 -180 0 180
0 180 0 -180 0 -0 0 -180 0.0968044 177.588 0 180 0 0 0 0 0 -180
0 -180 0 -180 0 0 0 180 0.123077 146.35 0 -180 0 -0 0 -0 0 180
0 180 0 -0 0 180 0 -180 0.237827 3.52427 0 180 0 -180 0 0 0 -180
0 -180 0 0 0 -180 0 180 1.23775 2.36136 0 -180 0 180 0 -0 0 180
inside=0 lambda=0.647 phi=30 theta=45
0 180 0 -180 0 -180 0 -0 0.182441 5.45923 0 0 0 180 0 180 0 -180
0 -180 0 -180 0 180 0 0 1.18042 3.62099 0 -0 0 -180 0 -180 0 180
0 180 0 -180 0 0 0 -180 0.111884 177.731 0 0 0 -0 0 180 0 -180
0 -180 0 180 0 -0 0 -180 0.144452 145.381 0 -0 0 0 0 -180 0 180
0 180 0 -180 0 -0 0 -180 0.111884 177.731 0 180 0 0 0 0 0 -180
0 -180 0 -180 0 0 0 180 0.144452 145.381 0 -180 0 -0 0 -0 0 180
0 180 0 -0 0 180 0 -180 0.182441 5.45923 0 180 0 -180 0 0 0 -180
0 -180 0 0 0 -180 0 -180 1.18042 3.62099 0 -180 0 180 0 -0 0 180
inside=0 lambda=0.647 phi=35 theta=0
0 180 0 180 0 -180 0.0892718 -84.4665 0.103003 57.6205 0 0 0 180 0 180 0 -180
0 -180 0 -180 0 0 0 -0 0.97552 -40.1868 0 -180 0 -180 0 -180 0 0
0 180 0 -0 0 0 1.04425e-13 113.929 8.82419e-13 -41.2932 0 0 0 -0 0 180 0 -180
0 -180 0 0 0 -180 0 180 3.48341e-12 39.8459 0 180 0 0 0 -180 0 0
0 -180 0 -180 0 0 3.04919e-13 -97.642 8.06237e-13 9.88861 0 -0 0 0 0 0 0 -180
0 180 0 180 0 -0 0 -0 2.40876e-12 49.5342 0 -0 0 -0 0 -0 0 180
0 -180 0 0 0 -180 0.126315 -102.747 0.277053 -19.5768 0 -180 0 -180 0 0 0 -180
0 180 0 -0 0 180 0 180 1.40956 -48.4244 0 180 0 180 0 -0 0 180
inside=0 lambda=0.647 phi=35 theta=15
0 180 0 180 0 -180 0.0683885 -91.6978 0.101558 46.7264 0 0 0 180 0 180 0 -180
0 -180 0 -180 0 0 0 -0 1.00508 -41.4459 0 -180 0 -180 0 -180 0 0
0 180 0 -0 0 0 0.00883718 -136.269 0.0645653 143.199 0 0 0 -0 0 180 0 -180
0 -180 0 0 0 -180 0 180 0.138202 98.1035 0 -180 0 0 0 -180 0 0
0 -180 0 -180 0 -0 0.0332704 -122.822 0.0653574 142.039 0 180 0 0 0 0 0 -180
0 180 0 180 0 -0 0 0 0.125324 104.72 0 -180 0 -0 0 -0 0 180
0 -180 0 0 0 180 0.114905 -113.069 0.258787 -17.5851 0 -180 0 -180 0 0 0 -180
0 180 0 -0 0 180 0 180 1.38072 -48.4609 0 180 0 180 0 -0 0 180
inside=0 lambda=0.647 phi=35 theta=30
0 180 0 180 0 -180 0 -0 0.114484 19.6869 0 0 0 180 0 180 0 -180
0 -180 0 -180 0 0 0 -0 1.08648 -44.2343 0 -180 0 -180 0 -180 0 0
0 180 0 -180 0 0 0 -180 0.111283 144.547 0 0 0 -0 0 180 0 -180
0 180 0 0 0 -180 0 180 0.228491 99.7386 0 -180 0 -0 0 -180 0 0
0 180 0 -180 0 -0 0 -180 0.111577 143.909 0 180 0 0 0 0 0 -180
0 180 0 180 0 -0 0 0 0.216414 103.811 0 -180 0 -0 0 -0 0 180
0 180 0 -0 0 180 0 -180 0.213817 -11.7552 0 180 0 -180 0 0 0 -180
0 180 0 -0 0 180 0 180 1.30305 -48.111 0 180 0 0 0 -180 0 0
inside=0 lambda=0.647 phi=35 theta=45
0 180 0 -180 0 -180 0 -0 0.157606 -1.00024 0 0 0 180 0 180 0 -180
0 -180 0 180 0 0 0 -0 1.19347 -46.7159 0 -180 0 180 0 180 0 0
0 180 0 -180 0 0 0 -180 0.128984 144.628 0 0 0 -0 0 180 0 -180
0 180 0 0 0 -180 0 180 0.254048 102.231 0 -180 0 -0 0 -180 0 0
0 180 0 -180 0 -0 0 -180 0.128984 144.628 0 180 0 0 0 0 0 -180
0 180 0 180 0 -0 0 0 0.254048 102.231 0 -180 0 -180 0 -180 0 0
0 180 0 -0 0 180 0 -180 0.157606 -1.00024 0 180 0 -180 0 0 0 -180
0 -180 0 -0 0 180 0 180 1.19347 -46.7159 0 180 0 0 0 -180 0 0
inside=0 lambda=0.647 phi=40 theta=0
0 180 0 180 0 -180 0.224886 -76.343 0.127236 -4.80851 0 0 0 180 0 180 0 -180
0 180 0 180 0 0 0 -0 0.780786 -96.8129 0 -180 0 180 0 180 0 0
0 180 0 -0 0 0 1.75524e-13 -167.468 5.6766e-13 -1.52796 0 180 0 -0 0 180 0 -180
0 180 0 -0 0 -180 0 -180 1.36484e-13 17.9629 0 -180 0 -0 0 180 0 0
0 -180 0 -180 0 0 8.79298e-13 -109.672 4.71472e-13 128.408 0 180 0 0 0 0 0 -180
0 0 0 0 0 -180 0 -180 1.92609e-12 -10.8878 0 -180 0 -180 0 -180 0 0
0 -180 0 0 0 -180 0.2223 -82.9723 0.284681 28.4819 0 -180 0 -180 0 0 0 -180
0 0 0 -180 0 0 0 0 1.67562 -118.803 0 0 0 0 0 -180 0 0
inside=0 lambda=0.647 phi=40 theta=15
0 180 0 180 0 -180 0.167871 -85.5825 0.146897 -3.04714 0 0 0 180 0 180 0 -180
0 180 0 180 0 0 0 -0 0.837004 -101.889 0 -180 0 180 0 180 0 0
0 180 0 -0 0 0 0.0315244 116.278 0.0546137 -124.959 0 0 0 -0 0 180 0 -180
0 180 0 -0 0 -180 0 180 0.301993 28.7354 0 -180 0 -0 0 180 0 0
0 -180 0 -180 0 -0 0.0745124 -109.966 0.0537405 -125.587 0 180 0 0 0 0 0 -180
0 0 0 0 0 -180 0 -0 0.26249 35.8735 0 180 0 -180 0 -180 0 0
0 -180 0 0 0 180 0.177263 -94.9703 0.289536 28.3086 0 -180 0 -180 0 0 0 -180
0 0 0 -180 0 0 0 0 1.60522 -119.975 0 0 0 0 0 -180 0 0
inside=0 lambda=0.647 phi=40 theta=30
0 180 0 180 0 -180 0.0527487 -111.434 0.186029 4.68329 0 0 0 180 0 180 0 -180
0 180 0 180 0 0 0 -0 0.992219 -110.796 0 -180 0 180 0 180 0 0
0 180 0 -0 0 0 0.0224583 147.157 0.110741 -124.164 0 0 0 -0 0 180 0 -180
0 180 0 -0 0 -180 0 180 0.483654 29.4199 0 -180 0 -0 0 180 0 0
0 180 0 180 0 -0 0.0663005 -139.363 0.108424 -124.181 0 180 0 0 0 0 0 -180
0 180 0 0 0 -0 0 -0 0.446561 32.9512 0 180 0 -180 0 -180 0 0
0 180 0 -0 0 180 0.114502 -132.95 0.274411 23.9267 0 180 0 -180 0 0 0 -180
0 180 0 -0 0 180 0 0 1.42742 -120.215 0 180 0 0 0 -180 0 0
inside=0 lambda=0.647 phi=40 theta=45
0 180 0 180 0 -180 0 -0 0.229492 15.0018 0 0 0 180 0 180 0 -180
0 180 0 180 0 0 0 -0 1.20527 -117.455 0 -180 0 180 0 180 0 0
0 180 0 -180 0 0 0 180 0.134426 -126.029 0 0 0 -0 0 180 0 -180
0 180 0 -0 0 -180 0 180 0.52307 30.921 0 -180 0 -0 0 180 0 0
0 180 0 180 0 -0 0 -180 0.134426 -126.029 0 180 0 0 0 0 0 -180
0 180 0 180 0 -0 0 -0 0.52307 30.921 0 180 0 -180 0 -180 0 0
0 180 0 -0 0 180 0 180 0.229492 15.0018 0 180 0 -180 0 0 0 -180
0 180 0 -0 0 180 0 180 1.20527 -117.455 0 180 0 0 0 -180 0 0
inside=0 lambda=0.647 phi=45 theta=0
0 0 0 0 0 -180 0.259368 -140.606 0.961742 146.734 0 0 0 0 0 0 0 -180
0 0 0 0 0 -180 0 -180 0 -180 0 0 0 0 0 0 0 -180
0 0 0 -180 0 0 1.20567e-12 18.5156 3.02854e-12 -170.049 0 -0 0 -180 0 0 0 -180
0 0 0 -180 0 0 0 0 0 0 0 180 0 -180 0 0 0 -180
0 180 0 180 0 -0 1.84794e-12 34.4206 3.59349e-12 37.3781 0 -0 0 -0 0 -0 0 180
0 -0 0 -0 0 180 0 180 0 0 0 0 0 180 0 180 0 -0
0 180 0 -0 0 180 0.044905 39.9919 0.999096 -51.8131 0 180 0 180 0 -0 0 180
0 -0 0 180 0 -0 0 -0 0 180 0 -0 0 -0 0 180 0 -0
inside=0 lambda=0.647 phi=45 theta=15
0 0 0 0 0 -180 0.185428 -157.211 0.91367 141.138 0 0 0 0 0 0 0 -180
0 0 0 0 0 -180 0 -180 0 -180 0 0 0 0 0 0 0 -180
0 0 0 -180 0 0 0.0541232 -36.6836 0.312933 113.643 0 0 0 -180 0 0 0 -180
0 0 0 -180 0 0 0 180 0 -0 0 0 0 -180 0 0 0 -180
0 180 0 180 0 -0 0.0575844 -100.797 0.388786 115.161 0 0 0 0 0 0 0 -180
0 -0 0 -0 0 180 0 -0 0 -0 0 0 0 180 0 180 0 -0
0 180 0 -0 0 180 0.139769 13.1832 0.924646 -88.0766 0 180 0 -180 0 0 0 -180
0 -0 0 180 0 -0 0 -0 0 180 0 -0 0 -0 0 180 0 -0
inside=0 lambda=0.647 phi=45 theta=30
0 0 0 0 0 -180 0.0621366 178.586 0.935729 139.489 0 0 0 0 0 0 0 -180
0 0 0 0 0 -180 0 -180 0 180 0 0 0 -0 0 -0 0 -180
0 0 0 -180 0 0 0.0406657 -85.0379 0.303825 69.9963 0 0 0 -180 0 0 0 -180
0 0 0 -180 0 0 0 0 0 -180 0 0 0 180 0 0 0 -180
0 0 0 0 0 -180 0.0909216 -126.555 0.392399 71.4808 0 0 0 0 0 0 0 -180
0 -0 0 -0 0 180 0 -180 0 -0 0 -0 0 180 0 180 0 -180
0 0 0 -180 0 0 0.164932 -47.8803 0.917903 -175.517 0 0 0 -180 0 0 0 -180
0 0 0 180 0 -0 0 -0 0 180 0 -0 0 -0 0 180 0 -180
inside=0 lambda=0.647 phi=45 theta=45
0 0 0 -180 0 -180 0 -180 0.963496 145.784 0 0 0 0 0 0 0 -180
0 0 0 0 0 -180 0 180 0 0 0 0 0 -0 0 -0 0 -180
0 0 0 -180 0 0 0 -180 0.267722 55.7836 0 0 0 -180 0 0 0 -180
0 0 0 -180 0 0 0 0 0 -180 0 0 0 180 0 -0 0 -180
0 0 0 -180 0 -180 0 -180 0.267722 55.7836 0 0 0 0 0 0 0 -180
0 0 0 0 0 180 0 -180 0 -180 0 -0 0 0 0 0 0 -180
0 0 0 -180 0 0 0 -180 0.963496 145.784 0 0 0 -180 0 0 0 -180
0 0 0 180 0 -0 0 0 0 0 0 -0 0 -180 0 0 0 -180
inside=1 lambda=0.647 phi=0 theta=0
0 -180 0 -180 0 -180 0 0 0.152997 94.0156 0 0 0 -180 0 -180 0 -180
0 -0 0 -0 0 -0 0 180 0.818812 131.601 0 180 0 -0 0 -0 0 -0
0 -180 0 0 0 0 0 180 8.37409e-13 -17.8396 0 180 0 0 0 0 0 -180
0 -0 0 -180 0 180 0 0 9.5836e-13 57.0116 0 180 0 180 0 -180 0 -0
0 -180 0 -0 0 0 0 -180 1.53951e-13 -54.3416 0 180 0 0 0 180 0 -180
0 -0 0 180 0 180 0 -0 1.65987e-12 42.4901 0 -0 0 180 0 180 0 -0
0 -180 0 0 0 -180 0 -180 0.152997 94.0156 0 -180 0 -180 0 0 0 -180
0 -0 0 180 0 -0 0 -0 0.818812 131.601 0 -0 0 -0 0 180 0 -0
inside=1 lambda=0.647 phi=0 theta=15
0 -180 0 -180 0 -180 0 0 0.152997 94.0156 0 0 0 -180 0 -180 0 -180
0 -0 0 -0 0 -0 0 180 0.818812 131.601 0 180 0 -0 0 -0 0 -0
0 -180 0 0 0 0 0 180 8.37409e-13 -17.8396 0 180 0 0 0 0 0 -180
0 -0 0 -180 0 180 0 0 9.5836e-13 57.0116 0 180 0 180 0 -180 0 -0
0 -180 0 -0 0 0 0 -180 1.53951e-13 -54.3416 0 180 0 0 0 180 0 -180
0 -0 0 180 0 180 0 -0 1.65987e-12 42.4901 0 -0 0 180 0 180 0 -0
0 -180 0 0 0 -180 0 -180 0.152997 94.0156 0 -180 0 -180 0 0 0 -180
0 -0 0 180 0 -0 0 -0 0.818812 131.601 0 -0 0 -0 0 180 0 -0
inside=1 lambda=0.647 phi=0 theta=30
0 -180 0 -180 0 -180 0 0 0.152997 94.0156 0 0 0 -180 0 -180 0 -180
0 -0 0 -0 0 -0 0 180 0.818812 131.601 0 180 0 -0 0 -0 0 -0
0 -180 0 0 0 0 0 180 8.37409e-13 -17.8396 0 180 0 0 0 0 0 -180
0 -0 0 -180 0 180 0 0 9.5836e-13 57.0116 0 180 0 180 0 -180 0 -0
0 -180 0 -0 0 0 0 -180 1.53951e-13 -54.3416 0 180 0 0 0 180 0 -180
0 -0 0 180 0 180 0 -0 1.65987e-12 42.4901 0 -0 0 180 0 180 0 -0
0 -180 0 0 0 -180 0 -180 0.152997 94.0156 0 -180 0 -180 0 0 0 -180
0 -0 0 180 0 -0 0 -0 0.818812 131.601 0 -0 0 -0 0 180 0 -0
inside=1 lambda=0.647 phi=0 theta=45
0 -180 0 -180 0 -180 0 0 0.152997 94.0156 0 0 0 -180 0 -180 0 -180
0 -0 0 -0 0 -0 0 180 0.818812 131.601 0 180 0 -0 0 -0 0 -0
0 -180 0 0 0 0 0 180 8.37409e-13 -17.8396 0 180 0 0 0 0 0 -180
0 -0 0 -180 0 180 0 0 9.5836e-13 57.0116 0 180 0 180 0 -180 0 -0
0 -180 0 -0 0 0 0 -180 1.53951e-13 -54.3416 0 180 0 0 0 180 0 -180
0 -0 0 180 0 180 0 -0 1.65987e-12 42.4901 0 -0 0 180 0 180 0 -0
0 -180 0 0 0 -180 0 -180 0.152997 94.0156 0 -180 0 -180 0 0 0 -180
0 -0 0 180 0 -0 0 -0 0.818812 131.601 0 -0 0 -0 0 180 0 -0
inside=1 lambda=0.647 phi=5 theta=0
0 -180 0 -180 0 -180 0 0 0.150592 90.8685 0 0 0 -180 0 -180 0 -180
0 -0 0 -0 0 -0 0 180 0.819945 130.025 0 0 0 -0 0 -0 0 -0
0 -180 0 -180 0 0 0 -180 2.61452e-13 24.1565 0 0 0 0 0 0 0 -180
0 -0 0 -180 0 180 0 -180 1.91209e-13 -108.714 0 0 0 180 0 0 0 -0
0 -180 0 -180 0 0 0 0 4.61121e-14 177.335 0 -0 0 0 0 0 0 -180
0 -0 0 -0 0 180 0 180 3.89428e-13 -126.549 0 180 0 180 0 180 0 -0
0 -180 0 0 0 -180 0 -180 0.151842 90.9157 0 -180 0 -180 0 0 0 -180
0 -0 0 180 0 -0 0 -0 0.818133 129.982 0 -0 0 -0 0 180 0 -0
inside=1 lambda=0.647 phi=5 theta=15
0 -180 0 -180 0 -180 0 0 0.150676 90.8716 0 0 0 -180 0 -180 0 -180
0 -0 0 -0 0 -0 0 180 0.819824 130.022 0 0 0 -0 0 -0 0 -0
0 -180 0 -180 0 0 0 -180 0.000317495 -91.7936 0 0 0 0 0 0 0 -180
0 -0 0 -180 0 180 0 -0 0.000513383 157.912 0 0 0 180 0 0 0 -0
0 -180 0 -180 0 0 0 -180 0.00031745 -91.7393 0 0 0 0 0 0 0 -180
0 -0 0 -0 0 180 0 -180 0.000513176 157.875 0 0 0 180 0 180 0 -0
0 -180 0 0 0 -180 0 -180 0.151758 90.9125 0 -180 0 -180 0 0 0 -180
0 -0 0 180 0 -0 0 -0 0.818254 129.985 0 -0 0 -0 0 180 0 -0
inside=1 lambda=0.647 phi=5 theta=30
0 -180 0 -180 0 -180 0 0 0.150905 90.8802 0 0 0 -180 0 -180 0 -180
0 -0 0 -0 0 -0 0 180 0.819492 130.015 0 0 0 -0 0 -0 0 -0
0 -180 0 -180 0 0 0 -180 0.000549901 -91.7821 0 0 0 0 0 0 0 -180
0 -0 0 -180 0 180 0 -0 0.000889129 157.904 0 180 0 180 0 0 0 -0
0 -180 0 -180 0 0 0 -180 0.000549856 -91.7508 0 0 0 0 0 0 0 -180
0 -0 0 -0 0 180 0 -180 0.000888922 157.883 0 0 0 180 0 180 0 -0
0 -180 0 0 0 -180 0 -180 0.151529 90.9038 0 -180 0 -180 0 0 0 -180
0 -0 0 180 0 -0 0 -0 0.818586 129.993 0 -0 0 -0 0 0 0 -0
inside=1 lambda=0.647 phi=5 theta=45
0 -180 0 -180 0 -180 0 0 0.151217 90.892 0 0 0 -180 0 -180 0 -180
0 -0 0 -0 0 -0 0 180 0.819039 130.004 0 0 0 -0 0 -0 0 -0
0 -180 0 -180 0 0 0 -180 0.000634945 -91.7664 0 0 0 0 0 0 0 -180
0 -0 0 -180 0 180 0 -0 0.00102656 157.893 0 180 0 180 0 0 0 -0
0 -180 0 -180 0 0 0 -180 0.000634945 -91.7664 0 0 0 0 0 0 0 -180
0 -0 0 -0 0 180 0 -180 0.00102656 157.893 0 0 0 180 0 180 0 -0
0 -180 0 0 0 -180 0 -180 0.151217 90.892 0 -180 0 -180 0 0 0 -180
0 -0 0 180 0 -0 0 -0 0.819039 130.004 0 -0 0 -0 0 0 0 -0
inside=1 lambda=0.647 phi=10 theta=0
0 -180 0 -180 0 -180 0 0 0.14353 81.2343 0 0 0 -180 0 -180 0 -180
0 -0 0 -0 0 -180 0 180 0.823337 125.314 0 0 0 -0 0 -0 0 -180
0 -180 0 -180 0 0 0 -0 2.94306e-13 149.021 0 180 0 0 0 0 0 -180
0 -0 0 -180 0 0 0 -180 1.16581e-12 -143.916 0 -180 0 180 0 0 0 -180
0 -180 0 -180 0 0 0 0 3.29745e-13 118.827 0 0 0 0 0 0 0 -180
0 -0 0 -180 0 180 0 180 1.26679e-12 -145.767 0 0 0 180 0 0 0 -0
0 -180 0 0 0 -180 0 -180 0.148196 81.4051 0 -180 0 -180 0 0 0 -180
0 -0 0 0 0 -0 0 -180 0.816084 125.138 0 -0 0 -0 0 0 0 -0
inside=1 lambda=0.647 phi=10 theta=15
0 -180 0 -180 0 -180 0 0 0.143843 81.2454 0 0 0 -180 0 -180 0 -180
0 -0 0 -0 0 -180 0 180 0.82285 125.303 0 0 0 -0 0 -0 0 -180
0 -180 0 -180 0 0 0 -180 0.00119186 -102.239 0 0 0 0 0 0 0 -180
0 -0 0 -180 0 0 0 -0 0.00206428 153.612 0 0 0 180 0 0 0 -180
0 -180 0 -180 0 0 0 -180 0.00119097 -102.011 0 0 0 0 0 0 0 -180
0 -0 0 -0 0 180 0 -180 0.00206085 153.464 0 0 0 180 0 0 0 -0
0 -180 0 0 0 -180 0 -180 0.147883 81.3933 0 -180 0 -180 0 0 0 -180
0 -0 0 180 0 -0 0 -180 0.81657 125.149 0 -0 0 -180 0 0 0 -0
inside=1 lambda=0.647 phi=10 theta=30
0 -180 0 -180 0 -180 0 0 0.144697 81.276 0 0 0 -180 0 -180 0 -180
0 -0 0 -0 0 -180 0 180 0.821522 125.27 0 0 0 -0 0 -0 0 -180
0 -180 0 -180 0 0 0 -180 0.00206404 -102.19 0 0 0 0 0 0 0 -180
0 -0 0 -180 0 0 0 -0 0.00357414 153.58 0 0 0 180 0 0 0 -180
0 -180 0 -180 0 0 0 -180 0.00206315 -102.059 0 0 0 0 0 0 0 -180
0 -0 0 -0 0 180 0 -180 0.00357071 153.494 0 0 0 180 0 0 0 -0
0 -180 0 0 0 -180 0 -180 0.14703 81.3613 0 -180 0 -180 0 0 0 -180
0 -0 0 180 0 -0 0 -180 0.817896 125.182 0 -0 0 -180 0 0 0 -180
inside=1 lambda=0.647 phi=10 theta=45
0 -180 0 -180 0 -180 0 0 0.145864 81.3183 0 0 0 -180 0 -180 0 -180
0 -0 0 -0 0 -180 0 180 0.819708 125.226 0 0 0 -0 0 -0 0 -180
0 -180 0 -180 0 0 0 -180 0.00238284 -102.124 0 0 0 0 0 0 0 -180
0 -0 0 -180 0 0 0 -0 0.00412505 153.536 0 0 0 180 0 0 0 -180
0 -180 0 -180 0 0 0 -180 0.00238284 -102.124 0 0 0 0 0 0 0 -180
0 -0 0 -0 0 180 0 -180 0.00412505 153.536 0 0 0 0 0 0 0 -180
0 -180 0 0 0 -180 0 -180 0.145864 81.3183 0 -180 0 -180 0 0 0 -180
0 -0 0 180 0 -0 0 -0 0.819708 125.226 0 -0 0 -180 0 0 0 -180
inside=1 lambda=0.647 phi=15 theta=0
0 -180 0 -180 0 -180 0 0 0.132585 64.5164 0 0 0 -180 0 -180 0 -180
0 -0 0 -0 0 -180 0 180 0.828936 117.517 0 0 0 -0 0 -0 0 -180
0 -180 0 -0 0 0 0 -0 3.25225e-13 -18.7978 0 180 0 0 0 180 0 -180
0 -0 0 -180 0 0 0 0 4.20849e-13 7.72016 0 -0 0 180 0 0 0 -180
0 -180 0 -180 0 0 0 180 3.08094e-13 174.42 0 -0 0 0 0 0 0 -180
0 -180 0 -180 0 180 0 180 8.89739e-13 34.3297 0 180 0 0 0 0 0 -0
0 -180 0 0 0 -180 0 -180 0.141877 64.7472 0 -180 0 -180 0 0 0 -180
0 -180 0 0 0 -180 0 -180 0.812581 117.102 0 -180 0 -180 0 0 0 -180
inside=1 lambda=0.647 phi=15 theta=15
0 -180 0 -180 0 -180 0 0 0.133209 64.5292 0 0 0 -180 0 -180 0 -180
0 -0 0 -180 0 -180 0 180 0.827837 117.489 0 0 0 -0 0 -0 0 -180
0 -180 0 -0 0 0 0 -180 0.00240647 -121.665 0 0 0 0 0 180 0 -180
0 -0 0 -180 0 0 0 -0 0.00469883 146.608 0 0 0 180 0 0 0 -180
0 -180 0 -180 0 0 0 -0 0.00240001 -121.119 0 180 0 0 0 0 0 -180
0 -0 0 -180 0 180 0 -180 0.0046803 146.269 0 0 0 0 0 0 0 -180
0 -180 0 0 0 -180 0 -180 0.141256 64.7291 0 -180 0 -180 0 0 0 -180
0 -0 0 0 0 -0 0 -180 0.813674 117.13 0 -180 0 -180 0 0 0 -180
inside=1 lambda=0.647 phi=15 theta=30
0 -180 0 -180 0 -180 0 0 0.134912 64.5661 0 0 0 -180 0 -180 0 -180
0 -0 0 -180 0 -180 0 180 0.824837 117.415 0 0 0 -0 0 -0 0 -180
0 -180 0 -0 0 0 0 -180 0.00416576 -121.546 0 0 0 0 0 180 0 -180
0 -0 0 -180 0 0 0 -0 0.00813125 146.529 0 0 0 180 0 0 0 -180
0 -180 0 -180 0 0 0 -0 0.00415932 -121.231 0 180 0 0 0 0 0 -180
0 -0 0 -180 0 180 0 -180 0.00811275 146.334 0 0 0 0 0 0 0 -180
0 -180 0 0 0 -180 0 -180 0.139559 64.6816 0 -180 0 -180 0 0 0 -180
0 -0 0 0 0 -0 0 -180 0.81666 117.207 0 -180 0 -180 0 0 0 -180
inside=1 lambda=0.647 phi=15 theta=45
0 -180 0 -180 0 -180 0 0 0.137237 64.6212 0 0 0 -180 0 -180 0 -180
0 -0 0 -180 0 -180 0 180 0.820745 117.311 0 0 0 -0 0 -0 0 -180
0 -180 0 -0 0 0 0 -180 0.0048065 -121.387 0 0 0 0 0 180 0 -180
0 -0 0 -180 0 0 0 -180 0.00937815 146.428 0 0 0 180 0 0 0 -180
0 -180 0 -180 0 0 0 -0 0.0048065 -121.387 0 180 0 0 0 0 0 -180
0 -0 0 -180 0 180 0 -180 0.00937815 146.428 0 0 0 0 0 0 0 -180
0 -180 0 0 0 -180 0 -180 0.137237 64.6212 0 -180 0 -180 0 0 0 -180
0 -0 0 180 0 -0 0 -180 0.820745 117.311 0 -0 0 -180 0 0 0 -180
inside=1 lambda=0.647 phi=20 theta=0
0 180 0 -180 0 -180 0 0 0.119964 39.8202 0 0 0 180 0 -180 0 -180
0 -0 0 -180 0 -180 0 180 0.836622 106.726 0 0 0 -0 0 -180 0 -180
0 -180 0 -0 0 0 0 180 2.30204e-13 -86.6264 0 180 0 0 0 180 0 -180
0 -0 0 -180 0 0 0 -0 1.19217e-12 13.7214 0 180 0 180 0 0 0 -180
0 -180 0 -180 0 0 0 180 3.35419e-13 -82.8116 0 0 0 0 0 0 0 -180
0 -180 0 -180 0 0 0 180 1.00898e-12 23.0479 0 -180 0 0 0 0 0 -180
0 -180 0 0 0 -180 0 -180 0.134077 39.4547 0 -180 0 -180 0 0 0 -180
0 -180 0 0 0 -180 0 -180 0.807307 105.934 0 -180 0 -180 0 0 0 -180
inside=1 lambda=0.647 phi=20 theta=15
0 -180 0 -180 0 -180 0 0 0.120914 39.781 0 0 0 180 0 -180 0 -180
0 -0 0 -180 0 -180 0 180 0.834646 106.675 0 0 0 -0 0 -180 0 -180
0 -180 0 -0 0 0 0 -180 0.00379933 -153.814 0 0 0 0 0 180 0 -180
0 -0 0 -180 0 0 0 -180 0.00854878 137.03 0 0 0 180 0 0 0 -180
0 -180 0 -180 0 0 0 -0 0.00376717 -152.846 0 180 0 0 0 0 0 -180
0 -180 0 -180 0 0 0 -180 0.00848419 136.422 0 0 0 0 0 0 0 -180
0 -180 0 0 0 -180 0 -180 0.133138 39.4653 0 -180 0 -180 0 0 0 -180
0 -180 0 0 0 -180 0 -180 0.809258 105.989 0 -180 0 -180 0 0 0 -180
inside=1 lambda=0.647 phi=20 theta=30
0 -180 0 -180 0 -180 0 0 0.123507 39.6854 0 0 0 180 0 -180 0 -180
0 -0 0 -180 0 -180 0 0 0.829256 106.533 0 0 0 -0 0 -180 0 -180
0 -180 0 -0 0 0 0 -180 0.00656861 -153.598 0 0 0 0 0 180 0 -180
0 -0 0 -180 0 0 0 -180 0.0147797 136.88 0 0 0 180 0 0 0 -180
0 -180 0 -180 0 0 0 -0 0.00653659 -153.04 0 180 0 0 0 0 0 -180
0 -180 0 -180 0 180 0 -180 0.0147154 136.529 0 0 0 0 0 0 0 -180
0 -180 0 0 0 -180 0 -180 0.130567 39.5041 0 -180 0 -180 0 0 0 -180
0 -0 0 0 0 -0 0 -180 0.814598 106.137 0 -180 0 -180 0 0 0 -180
inside=1 lambda=0.647 phi=20 theta=45
0 -180 0 -180 0 -180 0 0 0.127043 39.5806 0 0 0 -180 0 -180 0 -180
0 -0 0 -180 0 -180 0 0 0.821915 106.336 0 0 0 -0 0 -180 0 -180
0 -180 0 -0 0 0 0 -180 0.00756619 -153.313 0 0 0 0 0 180 0 -180
0 -0 0 -180 0 0 0 -180 0.017027 136.693 0 0 0 180 0 0 0 -180
0 -180 0 -180 0 0 0 -0 0.00756619 -153.313 0 180 0 0 0 0 0 -180
0 -0 0 -180 0 180 0 -180 0.017027 136.693 0 0 0 0 0 0 0 -180
0 -180 0 0 0 -180 0 -180 0.127043 39.5806 0 -180 0 -180 0 0 0 -180
0 -0 0 0 0 -0 0 -180 0.821915 106.336 0 -180 0 -180 0 0 0 -180
inside=1 lambda=0.647 phi=25 theta=0
0 180 0 -180 0 -180 0 0 0.109692 6.81801 0 0 0 180 0 -180 0 -180
0 -0 0 -180 0 -180 0 0 0.846279 93.0967 0 0 0 -0 0 -180 0 -180
0 180 0 -0 0 0 0 180 2.77324e-13 116.001 0 -180 0 -0 0 180 0 -180
0 -0 0 180 0 0 0 -0 1.41744e-13 124.905 0 0 0 180 0 -0 0 -180
0 -180 0 -180 0 0 0 180 1.57291e-13 151.345 0 180 0 0 0 0 0 -180
0 -180 0 -180 0 0 0 -0 1.45886e-13 91.9424 0 180 0 0 0 0 0 -180
0 -180 0 0 0 -180 0 -180 0.130307 3.77572 0 -180 0 -180 0 0 0 -180
0 -180 0 0 0 -180 0 -180 0.799455 91.7252 0 -180 0 -180 0 0 0 -180
inside=1 lambda=0.647 phi=25 theta=15
0 180 0 -180 0 -180 0 0 0.111073 6.5495 0 0 0 180 0 180 0 -180
0 -0 0 -180 0 -180 0 0 0.843106 93.0086 0 0 0 -0 0 -180 0 -180
0 180 0 -0 0 0 0 -180 0.00605971 160.076 0 0 0 -0 0 180 0 -180
0 -0 0 180 0 0 0 -180 0.0139219 124.827 0 0 0 180 0 0 0 -180
0 -180 0 -180 0 0 0 -0 0.00594846 161.214 0 180 0 0 0 0 0 -180
0 -180 0 -180 0 0 0 180 0.0137434 123.885 0 0 0 0 0 0 0 -180
0 -180 0 0 0 -180 0 -180 0.128937 3.92243 0 -180 0 -180 0 0 0 -180
0 -180 0 0 0 -180 0 -180 0.802554 91.8212 0 -180 0 -180 0 0 0 -180
inside=1 lambda=0.647 phi=25 theta=30
0 180 0 -180 0 -180 0 0 0.114852 5.869 0 0 0 180 0 -180 0 -180
0 -0 0 -180 0 -180 0 0 0.834464 92.7654 0 0 0 -0 0 -180 0 -180
0 -180 0 -0 0 0 0 -180 0.0104525 160.342 0 0 0 -0 0 180 0 -180
0 -0 0 180 0 0 0 -180 0.0240325 124.574 0 0 0 180 0 0 0 -180
0 -180 0 -180 0 0 0 -0 0.0103421 160.996 0 180 0 0 0 0 0 -180
0 -180 0 -180 0 0 0 180 0.0238557 124.032 0 0 0 0 0 0 0 -180
0 -180 0 0 0 180 0 -180 0.125178 4.36106 0 -180 0 -180 0 0 0 -180
0 -180 0 0 0 -0 0 -180 0.811051 92.0802 0 -180 0 -180 0 0 0 -180
inside=1 lambda=0.647 phi=25 theta=45
0 -180 0 -180 0 -180 0 0 0.12002 5.055 0 0 0 180 0 -180 0 -180
0 -0 0 -180 0 -180 0 0 0.822721 92.4268 0 0 0 -0 0 -180 0 -180
0 -180 0 -0 0 0 0 -180 0.0120045 160.681 0 0 0 -0 0 180 0 -180
0 -180 0 180 0 0 0 -180 0.0276398 124.276 0 0 0 180 0 0 0 -180
0 -180 0 -180 0 -0 0 -0 0.0120045 160.681 0 180 0 0 0 0 0 -180
0 -180 0 -180 0 180 0 180 0.0276398 124.276 0 0 0 0 0 0 0 -180
0 -180 0 0 0 180 0 -180 0.12002 5.055 0 -180 0 -180 0 0 0 -180
0 -0 0 0 0 -0 0 -180 0.822721 92.4268 0 -180 0 -180 0 0 0 -180
inside=1 lambda=0.647 phi=30 theta=0
0 180 0 180 0 -180 0 -0 0.105144 -32.3764 0 0 0 180 0 180 0 -180
0 -0 0 -180 0 -180 0 0 0.858097 76.8539 0 0 0 -0 0 -180 0 -180
0 180 0 -0 0 0 0 -0 7.87304e-13 43.6871 0 -180 0 -0 0 180 0 -180
0 -0 0 180 0 0 0 180 1.79253e-12 164.01 0 -0 0 180 0 -0 0 -180
0 -180 0 -180 0 0 0 0 7.56024e-13 40.7014 0 0 0 0 0 0 0 -180
0 -180 0 -180 0 0 0 180 1.83053e-12 166.501 0 0 0 0 0 0 0 -180
0 -180 0 0 0 -180 0 -180 0.142176 -40.6636 0 -180 0 -180 0 0 0 -180
0 -180 0 0 0 -180 0 -180 0.787535 74.6357 0 -180 0 -180 0 0 0 -180
inside=1 lambda=0.647 phi=30 theta=15
0 180 0 180 0 -180 0 -0 0.107549 -33.1687 0 0 0 180 0 180 0 -180
0 -0 0 -180 0 -180 0 0 0.853279 76.7138 0 0 0 -0 0 -180 0 -180
0 180 0 -0 0 0 0 -180 0.0113535 112.416 0 0 0 -0 0 180 0 -180
0 -180 0 180 0 0 0 -180 0.0213619 109.64 0 0 0 180 0 -0 0 -180
0 -180 0 -180 0 -0 0 -0 0.0111059 113.481 0 180 0 0 0 0 0 -180
0 -180 0 -180 0 0 0 180 0.0209415 108.333 0 -0 0 0 0 0 0 -180
0 -180 0 0 0 180 0 -180 0.139671 -40.297 0 -180 0 -180 0 0 0 -180
0 -180 0 0 0 -180 0 -180 0.792168 74.7941 0 -180 0 -180 0 0 0 -180
inside=1 lambda=0.647 phi=30 theta=30
0 180 0 -180 0 -180 0 -0 0.11421 -35.1225 0 0 0 180 0 180 0 -180
0 -0 0 -180 0 -180 0 0 0.840183 76.3259 0 0 0 -0 0 -180 0 -180
0 180 0 -0 0 0 0 -180 0.0195645 112.676 0 0 0 -0 0 180 0 -180
0 -180 0 180 0 0 0 -180 0.0367926 109.249 0 0 0 0 0 -0 0 -180
0 -180 0 -180 0 -0 0 -0 0.0193204 113.285 0 180 0 0 0 0 0 -180
0 -180 0 -180 0 0 0 180 0.03638 108.5 0 -0 0 0 0 0 0 -180
0 180 0 0 0 180 0 -180 0.132812 -39.182 0 -180 0 -180 0 0 0 -180
0 -180 0 0 0 -180 0 -180 0.804899 75.2191 0 -180 0 -180 0 0 0 -180
inside=1 lambda=0.647 phi=30 theta=45
0 180 0 -180 0 -180 0 0 0.123462 -37.3588 0 0 0 180 0 180 0 -180
0 -180 0 -180 0 -180 0 0 0.822451 75.782 0 0 0 -0 0 -180 0 -180
0 180 0 -0 0 0 0 -180 0.0224452 112.997 0 0 0 -0 0 180 0 -180
0 -180 0 180 0 0 0 -180 0.0422184 108.82 0 0 0 0 0 -0 0 -180
0 180 0 -180 0 -0 0 -0 0.0224452 112.997 0 180 0 0 0 0 0 -180
0 -180 0 -180 0 0 0 180 0.0422184 108.82 0 -0 0 0 0 0 0 -180
0 180 0 0 0 180 0 -180 0.123462 -37.3588 0 180 0 -180 0 0 0 -180
0 -180 0 0 0 -0 0 -180 0.822451 75.782 0 -180 0 -180 0 0 0 -180
inside=1 lambda=0.647 phi=35 theta=0
0 180 0 180 0 -180 0 -0 0.103763 -73.8153 0 0 0 180 0 180 0 -180
0 -0 0 -180 0 180 0 0 0.872974 58.2844 0 -0 0 -0 0 -180 0 180
0 180 0 -0 0 0 0 -0 7.45588e-13 -162.608 0 -0 0 -0 0 180 0 -180
0 -180 0 180 0 0 0 -180 1.08907e-12 -36.5838 0 0 0 0 0 -0 0 -180
0 -180 0 -180 0 0 0 180 6.19373e-13 -171.701 0 180 0 0 0 0 0 -180
0 -180 0 -180 0 0 0 -0 1.43264e-12 -32.9878 0 -0 0 0 0 0 0 -180
0 -180 0 0 0 -180 0 -180 0.177942 -86.238 0 -180 0 -180 0 0 0 -180
0 -180 0 0 0 -180 0 -180 0.76969 54.9573 0 -180 0 -180 0 0 0 -180
inside=1 lambda=0.647 phi=35 theta=15
0 180 0 180 0 -180 0 -0 0.108474 -75.2875 0 0 0 180 0 180 0 -180
0 -0 0 -180 0 180 0 0 0.865855 58.0782 0 -0 0 -0 0 -180 0 180
0 180 0 -0 0 0 0 -180 0.021351 72.493 0 0 0 -0 0 180 0 -180
0 -180 0 180 0 0 0 -180 0.0315003 91.0223 0 -0 0 0 0 -0 0 -180
0 -180 0 -180 0 -0 0 -0 0.0209313 73.8797 0 180 0 0 0 0 0 -180
0 -180 0 -180 0 0 0 180 0.0306344 89.334 0 -0 0 0 0 0 0 -180
0 -180 0 0 0 180 0 -180 0.172895 -85.8318 0 -180 0 -180 0 0 0 -180
0 -180 0 0 0 -180 0 -180 0.776403 55.2013 0 -180 0 -180 0 0 0 -180
inside=1 lambda=0.647 phi=35 theta=30
0 180 0 180 0 -180 0 -0 0.121676 -78.6561 0 0 0 180 0 180 0 -180
0 -180 0 -180 0 180 0 0 0.846559 57.5072 0 -0 0 -0 0 -180 0 180
0 180 0 -0 0 0 0 -180 0.0368085 72.8372 0 0 0 -0 0 180 0 -180
0 -180 0 180 0 0 0 -180 0.0540899 90.4492 0 -0 0 0 0 -0 0 -180
0 180 0 -180 0 -0 0 -0 0.0364011 73.6202 0 180 0 0 0 0 0 -180
0 -180 0 -180 0 0 0 180 0.0532545 89.4854 0 -0 0 0 0 0 0 -180
0 180 0 -0 0 180 0 -180 0.159057 -84.504 0 180 0 -180 0 0 0 -180
0 -180 0 0 0 -180 0 -180 0.794908 55.8512 0 -180 0 180 0 0 0 -180
inside=1 lambda=0.647 phi=35 theta=45
0 180 0 -180 0 -180 0 -0 0.140217 -82.0674 0 0 0 180 0 180 0 -180
0 -180 0 -180 0 180 0 0 0.820541 56.6997 0 0 0 -0 0 -180 0 -180
0 180 0 -0 0 0 0 -180 0.0422579 73.249 0 0 0 -0 0 180 0 -180
0 -180 0 180 0 0 0 -180 0.0618994 89.8662 0 0 0 0 0 -0 0 -180
0 180 0 -180 0 -0 0 -0 0.0422579 73.249 0 180 0 0 0 0 0 -180
0 -180 0 -180 0 0 0 180 0.0618994 89.8662 0 -0 0 0 0 0 0 -180
0 180 0 -0 0 180 0 -180 0.140217 -82.0674 0 180 0 -180 0 0 0 -180
0 -180 0 0 0 -0 0 -180 0.820541 56.6997 0 -180 0 180 0 0 0 -180
inside=1 lambda=0.647 phi=40 theta=0
0 180 0 180 0 -180 0 -0 0.0973891 -116.568 0 0 0 180 0 180 0 -180
0 -180 0 -180 0 180 0 0 0.892515 37.7069 0 -0 0 -180 0 -180 0 180
0 180 0 -0 0 0 0 180 2.36989e-13 -76.752 0 0 0 -0 0 180 0 -180
0 -180 0 180 0 -0 0 0 1.04131e-13 -81.2918 0 180 0 0 0 -0 0 180
0 -180 0 -180 0 0 0 -0 1.03388e-13 -14.9236 0 180 0 0 0 0 0 -180
0 -180 0 180 0 0 0 180 2.17764e-13 159.075 0 0 0 0 0 -0 0 -180
0 -180 0 0 0 -180 0 -180 0.229927 -127.924 0 -180 0 -180 0 0 0 -180
0 -180 0 -0 0 -180 0 180 0.745033 33.1683 0 -180 0 -180 0 -0 0 -180
inside=1 lambda=0.647 phi=40 theta=15
0 180 0 180 0 -180 0 -0 0.105882 -118.427 0 0 0 180 0 180 0 -180
0 -180 0 -180 0 180 0 0 0.882266 37.4274 0 -0 0 -180 0 -180 0 180
0 180 0 -0 0 0 0 -180 0.0354959 37.7063 0 0 0 -0 0 180 0 -180
0 -180 0 180 0 -0 0 -180 0.0446279 69.0194 0 -0 0 0 0 -0 0 180
0 -180 0 -180 0 -0 0 -0 0.0349064 39.9126 0 180 0 0 0 0 0 -180
0 -180 0 -180 0 0 0 180 0.0430451 66.8973 0 -0 0 -0 0 -0 0 180
0 -180 0 0 0 180 0 -180 0.221075 -127.757 0 -180 0 -180 0 0 0 -180
0 -180 0 0 0 -180 0 180 0.754522 33.5105 0 -180 0 180 0 -0 0 180
inside=1 lambda=0.647 phi=40 theta=30
0 180 0 180 0 -180 0 -0 0.129721 -122.182 0 0 0 180 0 180 0 -180
0 -180 0 -180 0 180 0 0 0.854562 36.6637 0 -0 0 -180 0 -180 0 180
0 180 0 -0 0 0 0 -180 0.0612666 38.2653 0 0 0 -0 0 180 0 -180
0 -180 0 180 0 -0 0 -180 0.0763355 68.1816 0 -0 0 0 0 -0 0 180
0 180 0 -180 0 -0 0 -0 0.0607158 39.4833 0 180 0 0 0 0 0 -180
0 -180 0 -180 0 0 0 180 0.0748536 66.9745 0 -0 0 -0 0 -0 0 180
0 180 0 -0 0 180 0 -180 0.19659 -127.036 0 180 0 -180 0 0 0 -180
0 -180 0 0 0 -180 0 180 0.78079 34.417 0 -180 0 180 0 -0 0 180
inside=1 lambda=0.647 phi=40 theta=45
0 180 0 180 0 -180 0 -0 0.163015 -125.284 0 0 0 180 0 180 0 -180
0 -180 0 -180 0 180 0 0 0.817334 35.5788 0 -0 0 -180 0 -180 0 180
0 180 0 -0 0 0 0 -180 0.0704247 38.904 0 0 0 -0 0 180 0 -180
0 -180 0 180 0 -0 0 -180 0.0871129 67.4023 0 -0 0 0 0 -0 0 180
0 180 0 -180 0 -0 0 -0 0.0704247 38.904 0 180 0 0 0 0 0 -180
0 -180 0 -180 0 0 0 180 0.0871129 67.4023 0 -0 0 -0 0 -0 0 180
0 180 0 -0 0 180 0 180 0.163015 -125.284 0 180 0 -180 0 0 0 -180
0 -180 0 0 0 -180 0 -180 0.817334 35.5788 0 -180 0 180 0 -0 0 180
inside=1 lambda=0.647 phi=45 theta=0
0 180 0 180 0 -180 0 -0 0.0828961 -165.942 0 0 0 180 0 180 0 -180
0 -180 0 -180 0 180 0.0120425 -54.589 0.917439 15.5167 0 -0 0 -180 0 -180 0 180
0 180 0 -0 0 0 0 -0 2.93281e-13 153.255 0 -0 0 -0 0 180 0 -180
0 -180 0 180 0 -0 7.47248e-14 108.401 2.66052e-13 -159.464 0 -180 0 0 0 -0 0 180
0 -180 0 -180 0 0 0 180 1.30659e-13 139.698 0 180 0 0 0 0 0 -180
0 180 0 180 0 -0 3.36951e-14 -88.2402 1.54872e-13 120.079 0 -180 0 -0 0 -0 0 180
0 -180 0 0 0 -180 0 -180 0.278693 -166.54 0 -180 0 -180 0 0 0 -180
0 180 0 -0 0 180 0.0797568 149.692 0.715134 9.92765 0 180 0 180 0 -0 0 180
inside=1 lambda=0.647 phi=45 theta=15
0 180 0 180 0 -180 0 -0 0.0946756 -166.53 0 0 0 180 0 180 0 -180
0 -180 0 -180 0 180 0 0 0.904067 15.1193 0 -0 0 -180 0 -180 0 180
0 180 0 -0 0 0 0 -180 0.050603 4.92148 0 0 0 -0 0 180 0 -180
0 -180 0 180 0 -0 0 -180 0.0603897 44.5969 0 -0 0 0 0 -0 0 180
0 -180 0 -180 0 -0 0 -0 0.0500088 8.57803 0 0 0 0 0 0 0 -180
0 180 0 180 0 0 0 180 0.057715 41.9048 0 -0 0 -0 0 -0 0 180
0 -180 0 0 0 180 0 -180 0.266367 -166.717 0 -180 0 -180 0 0 0 -180
0 -180 0 -0 0 -180 0 180 0.728458 10.3105 0 180 0 180 0 -0 0 180
inside=1 lambda=0.647 phi=45 theta=30
0 180 0 180 0 -180 0 -0 0.130499 -167.358 0 0 0 180 0 180 0 -180
0 -180 0 -180 0 180 0 0 0.865909 14.1757 0 -0 0 -180 0 -180 0 180
0 180 0 -0 0 0 0 -180 0.0876376 5.88456 0 0 0 -0 0 180 0 -180
0 -180 0 180 0 -0 0 -180 0.102726 43.3235 0 -0 0 0 0 -0 0 180
0 180 0 -180 0 -0 0 -0 0.0871541 7.82447 0 0 0 0 0 0 0 -180
0 -180 0 -180 0 0 0 180 0.100377 41.7866 0 -0 0 -0 0 -0 0 180
0 180 0 -0 0 180 0 -180 0.230253 -167.312 0 180 0 -180 0 0 0 -180
0 -180 0 0 0 -180 0 180 0.764448 11.4384 0 -180 0 180 0 -0 0 180
inside=1 lambda=0.647 phi=45 theta=45
0 180 0 180 0 -180 0 -0 0.180298 -167.645 0 0 0 180 0 180 0 -180
0 -180 0 180 0 180 0 0 0.814685 12.8651 0 -0 0 -180 0 -180 0 180
0 180 0 -0 0 0 0 -180 0.100979 6.89966 0 0 0 -0 0 180 0 -180
0 -180 0 180 0 -0 0 -180 0.116903 42.2584 0 -0 0 0 0 -0 0 180
0 180 0 -180 0 -0 0 -0 0.100979 6.89966 0 180 0 0 0 0 0 -180
0 -180 0 -180 0 0 0 180 0.116903 42.2584 0 -0 0 -0 0 -0 0 180
0 180 0 -0 0 180 0 180 0.180298 -167.645 0 180 0 -180 0 0 0 -180
0 -180 0 0 0 -180 0 180 0.814685 12.8651 0 -180 0 180 0 -0 0 180
