RSoft_BSDF_File_Version 2
1 0 5 2 1 0.274286
0.3 0.3
-1 1
-1 1
1 0.647 0.647
10 0 45 0.5
4 0 45
Begin_Dispersion_Data
0.647 1.45662 0 1 0 0
End_Dispersion_Data
inside=0 lambda=0.647 phi=0 theta=0
0 -180 0 -180 0 -180 0 0 0.180732 14.5796 0 0 0 -180 0 -180 0 -180
0 -0 0 -0 0 -0 0 180 1.18703 -171.435 0 180 0 -0 0 -0 0 -0
0 -180 0 -180 0 0 0 -180 2.34593e-13 46.8281 0 -180 0 0 0 -180 0 -180
0 -0 0 -0 0 180 0 -180 2.9141e-13 8.92996 0 -0 0 180 0 -0 0 -0
0 -180 0 180 0 0 0 180 1.52806e-13 -152.224 0 180 0 0 0 180 0 -180
0 -0 0 180 0 180 0 -180 6.53006e-13 -18.5839 0 0 0 180 0 180 0 -0
0 -180 0 0 0 -180 0 -180 0.180732 14.5796 0 -180 0 -180 0 0 0 -180
0 -0 0 180 0 -0 0 -0 1.18703 -171.435 0 -0 0 -0 0 180 0 -0
inside=0 lambda=0.647 phi=0 theta=15
0 -180 0 -180 0 -180 0 0 0.180732 14.5796 0 0 0 -180 0 -180 0 -180
0 -0 0 -0 0 -0 0 180 1.18703 -171.435 0 180 0 -0 0 -0 0 -0
0 -180 0 -180 0 0 0 -180 2.34593e-13 46.8281 0 -180 0 0 0 -180 0 -180
0 -0 0 -0 0 180 0 -180 2.9141e-13 8.92996 0 -0 0 180 0 -0 0 -0
0 -180 0 180 0 0 0 180 1.52806e-13 -152.224 0 180 0 0 0 180 0 -180
0 -0 0 180 0 180 0 -180 6.53006e-13 -18.5839 0 0 0 180 0 180 0 -0
0 -180 0 0 0 -180 0 -180 0.180732 14.5796 0 -180 0 -180 0 0 0 -180
0 -0 0 180 0 -0 0 -0 1.18703 -171.435 0 -0 0 -0 0 180 0 -0
inside=0 lambda=0.647 phi=0 theta=30
0 -180 0 -180 0 -180 0 0 0.180732 14.5796 0 0 0 -180 0 -180 0 -180
0 -0 0 -0 0 -0 0 180 1.18703 -171.435 0 180 0 -0 0 -0 0 -0
0 -180 0 -180 0 0 0 -180 2.34593e-13 46.8281 0 -180 0 0 0 -180 0 -180
0 -0 0 -0 0 180 0 -180 2.9141e-13 8.92996 0 -0 0 180 0 -0 0 -0
0 -180 0 180 0 0 0 180 1.52806e-13 -152.224 0 180 0 0 0 180 0 -180
0 -0 0 180 0 180 0 -180 6.53006e-13 -18.5839 0 0 0 180 0 180 0 -0
0 -180 0 0 0 -180 0 -180 0.180732 14.5796 0 -180 0 -180 0 0 0 -180
0 -0 0 180 0 -0 0 -0 1.18703 -171.435 0 -0 0 -0 0 180 0 -0
inside=0 lambda=0.647 phi=0 theta=45
0 -180 0 -180 0 -180 0 0 0.180732 14.5796 0 0 0 -180 0 -180 0 -180
0 -0 0 -0 0 -0 0 180 1.18703 -171.435 0 180 0 -0 0 -0 0 -0
0 -180 0 -180 0 0 0 -180 2.34593e-13 46.8281 0 -180 0 0 0 -180 0 -180
0 -0 0 -0 0 180 0 -180 2.9141e-13 8.92996 0 -0 0 180 0 -0 0 -0
0 -180 0 180 0 0 0 180 1.52806e-13 -152.224 0 180 0 0 0 180 0 -180
0 -0 0 180 0 180 0 -180 6.53006e-13 -18.5839 0 0 0 180 0 180 0 -0
0 -180 0 0 0 -180 0 -180 0.180732 14.5796 0 -180 0 -180 0 0 0 -180
0 -0 0 180 0 -0 0 -0 1.18703 -171.435 0 -0 0 -0 0 180 0 -0
inside=0 lambda=0.647 phi=5 theta=0
0 -180 0 -180 0 -180 0 0 0.179084 13.679 0 0 0 -180 0 -180 0 -180
0 -0 0 -0 0 -0 0 180 1.18484 -172.388 0 180 0 -0 0 -0 0 -0
0 -180 0 -180 0 0 0 180 2.73019e-14 -89.9606 0 -180 0 0 0 0 0 -180
0 -0 0 -0 0 180 0 -0 1.39536e-13 -44.5238 0 0 0 180 0 180 0 -0
0 -180 0 -180 0 0 0 -0 9.59762e-15 -0.131995 0 180 0 0 0 0 0 -180
0 -0 0 -0 0 180 0 0 2.11034e-13 -92.1832 0 0 0 180 0 180 0 -0
0 -180 0 0 0 -180 0 -180 0.183126 13.4365 0 -180 0 -180 0 0 0 -180
0 -0 0 180 0 -0 0 -0 1.18905 -172.399 0 -0 0 -0 0 180 0 -0
inside=0 lambda=0.647 phi=5 theta=15
0 -180 0 -180 0 -180 0 0 0.179355 13.6624 0 0 0 -180 0 -180 0 -180
0 -0 0 -0 0 -0 0 180 1.18512 -172.389 0 180 0 -0 0 -0 0 -0
0 -180 0 -180 0 0 0 -180 0.00102176 -173.176 0 0 0 0 0 0 0 -180
0 -0 0 -0 0 180 0 -0 0.00112395 -12.6647 0 180 0 180 0 180 0 -0
0 -180 0 -180 0 0 0 -180 0.00102179 -173.202 0 0 0 0 0 0 0 -180
0 -0 0 -0 0 180 0 -0 0.00112173 -12.493 0 180 0 180 0 180 0 -0
0 -180 0 0 0 -180 0 -180 0.182856 13.4524 0 -180 0 -180 0 0 0 -180
0 -0 0 180 0 -0 0 -0 1.18877 -172.398 0 -0 0 -0 0 180 0 -0
inside=0 lambda=0.647 phi=5 theta=30
0 -180 0 -180 0 -180 0 0 0.180095 13.6173 0 0 0 -180 0 -180 0 -180
0 -0 0 -0 0 -0 0 180 1.18589 -172.391 0 180 0 -0 0 -0 0 -0
0 -180 0 -180 0 0 0 -180 0.00176975 -173.181 0 0 0 0 0 0 0 -180
0 -0 0 -0 0 180 0 -0 0.00194591 -12.6277 0 180 0 180 0 180 0 -0
0 -180 0 -180 0 0 0 -180 0.00176978 -173.196 0 0 0 0 0 0 0 -180
0 -0 0 -0 0 180 0 -0 0.00194368 -12.5286 0 180 0 180 0 180 0 -0
0 -180 0 0 0 -180 0 -180 0.182116 13.4961 0 -180 0 -180 0 0 0 -180
0 -0 0 180 0 -0 0 -0 1.188 -172.396 0 -0 0 -0 0 180 0 -0
inside=0 lambda=0.647 phi=5 theta=45
0 -180 0 -180 0 -180 0 0 0.181106 13.5563 0 0 0 -180 0 -180 0 -180
0 -0 0 -0 0 -0 0 180 1.18694 -172.394 0 180 0 -0 0 -0 0 -0
0 -180 0 -180 0 0 0 -180 0.00204355 -173.189 0 0 0 0 0 0 0 -180
0 -0 0 -0 0 180 0 -0 0.00224565 -12.5778 0 180 0 180 0 180 0 -0
0 -180 0 -180 0 0 0 -180 0.00204355 -173.189 0 0 0 0 0 0 0 -180
0 -0 0 -0 0 180 0 -0 0.00224565 -12.5778 0 180 0 180 0 180 0 -0
0 -180 0 0 0 -180 0 -180 0.181106 13.5563 0 -180 0 -180 0 0 0 -180
0 -0 0 180 0 -0 0 -0 1.18694 -172.394 0 -0 0 -0 0 180 0 -0
inside=0 lambda=0.647 phi=10 theta=0
0 -180 0 -180 0 -180 0 0 0.173567 11.07 0 0 0 -180 0 -180 0 -180
0 -0 0 -0 0 -0 0 180 1.17808 -175.247 0 180 0 -0 0 -0 0 -0
0 -180 0 -180 0 0 0 180 5.49588e-14 -73.0016 0 -0 0 0 0 0 0 -180
0 -0 0 -0 0 180 0 -180 3.40699e-13 97.9001 0 0 0 180 0 180 0 -0
0 -180 0 -180 0 0 0 180 2.00735e-14 -160.097 0 180 0 0 0 0 0 -180
0 -0 0 -0 0 180 0 0 2.74236e-13 90.5158 0 -0 0 180 0 180 0 -0
0 -180 0 0 0 -180 0 -180 0.19025 9.98438 0 -180 0 -180 0 0 0 -180
0 -0 0 180 0 -0 0 -0 1.19542 -175.284 0 -0 0 -0 0 180 0 -0
inside=0 lambda=0.647 phi=10 theta=15
0 -180 0 -180 0 -180 0 0 0.174687 10.9904 0 0 0 -180 0 -180 0 -180
0 -0 0 -0 0 -0 0 180 1.17924 -175.25 0 180 0 -0 0 -0 0 -0
0 -180 0 -180 0 0 0 -180 0.00421496 -176.946 0 0 0 0 0 0 0 -180
0 -0 0 -0 0 180 0 -0 0.00461601 -15.154 0 180 0 180 0 180 0 -0
0 -180 0 -180 0 0 0 -180 0.00421582 -177.057 0 0 0 0 0 0 0 -180
0 -0 0 -0 0 180 0 -0 0.00457949 -14.4491 0 180 0 180 0 180 0 -0
0 -180 0 0 0 -180 0 -180 0.189135 10.051 0 -180 0 -180 0 0 0 -180
0 -0 0 180 0 -0 0 -0 1.19426 -175.282 0 -0 0 -0 0 180 0 -0
inside=0 lambda=0.647 phi=10 theta=30
0 -180 0 -180 0 -180 0 0 0.177745 10.7783 0 0 0 -180 0 -180 0 -180
0 -0 0 -0 0 -0 0 180 1.18241 -175.258 0 180 0 -0 0 -0 0 -0
0 -180 0 -180 0 0 0 -180 0.00730078 -176.969 0 0 0 0 0 0 0 -180
0 -0 0 -0 0 180 0 -0 0.00798067 -14.9935 0 180 0 180 0 180 0 -0
0 -180 0 -180 0 0 0 -180 0.00730164 -177.033 0 0 0 0 0 0 0 -180
0 -0 0 -0 0 180 0 -0 0.00794423 -14.5868 0 180 0 180 0 180 0 -0
0 -180 0 0 0 -180 0 -180 0.186087 10.2369 0 -180 0 -180 0 0 0 -180
0 -0 0 180 0 -0 0 -0 1.19108 -175.277 0 -0 0 -0 0 180 0 -0
inside=0 lambda=0.647 phi=10 theta=45
0 -180 0 -180 0 -180 0 0 0.181918 10.5011 0 0 0 -180 0 -180 0 -180
0 -0 0 -0 0 -0 0 180 1.18675 -175.269 0 180 0 -0 0 -0 0 -0
0 -180 0 -180 0 0 0 -180 0.00843068 -177.001 0 0 0 0 0 0 0 -180
0 -0 0 -0 0 180 0 -0 0.00919362 -14.7844 0 180 0 180 0 180 0 -0
0 -180 0 -180 0 0 0 -180 0.00843068 -177.001 0 0 0 0 0 0 0 -180
0 -0 0 -0 0 180 0 -0 0.00919362 -14.7844 0 180 0 180 0 180 0 -0
0 -180 0 0 0 -180 0 -180 0.181918 10.5011 0 -180 0 -180 0 0 0 -180
0 -0 0 180 0 -0 0 -0 1.18675 -175.269 0 -0 0 -0 0 180 0 -0
inside=0 lambda=0.647 phi=15 theta=0
0 -180 0 -180 0 -180 0 0 0.162486 7.10962 0 0 0 -180 0 -180 0 -180
0 -0 0 -0 0 -0 0 180 1.16613 179.984 0 180 0 -0 0 -0 0 -0
0 -180 0 -180 0 0 0 -180 1.4973e-13 77.226 0 -0 0 0 0 0 0 -180
0 -0 0 -180 0 180 0 180 6.5244e-13 -90.8039 0 0 0 180 0 0 0 -0
0 -180 0 -180 0 0 0 180 1.54118e-13 100.13 0 0 0 0 0 0 0 -180
0 -0 0 -0 0 180 0 0 6.38986e-13 -88.6336 0 -180 0 180 0 180 0 -0
0 -180 0 0 0 -180 0 -180 0.201891 4.1403 0 -180 0 -180 0 0 0 -180
0 -0 0 180 0 -0 0 -0 1.20713 179.935 0 -0 0 -0 0 180 0 -0
inside=0 lambda=0.647 phi=15 theta=15
0 -180 0 -180 0 -180 0 0 0.16513 6.86233 0 0 0 -180 0 -180 0 -180
0 -0 0 -0 0 -0 0 180 1.16887 179.976 0 180 0 -0 0 -0 0 -0
0 -180 0 -180 0 0 0 -180 0.00995756 176.696 0 0 0 0 0 0 0 -180
0 -0 0 -180 0 180 0 -0 0.0109053 -19.2813 0 180 0 180 0 0 0 -0
0 -180 0 -180 0 0 0 -180 0.00996572 176.428 0 180 0 0 0 0 0 -180
0 -0 0 -0 0 180 0 -180 0.0107126 -17.6266 0 0 0 180 0 180 0 -0
0 -180 0 0 0 -180 0 -180 0.199264 4.30297 0 -180 0 -180 0 0 0 -180
0 -0 0 180 0 -0 0 -0 1.20437 179.933 0 -0 0 -0 0 180 0 -0
inside=0 lambda=0.647 phi=15 theta=30
0 -180 0 -180 0 -180 0 0 0.172353 6.23109 0 0 0 -180 0 -180 0 -180
0 -0 0 -0 0 -0 0 180 1.17636 179.958 0 180 0 -0 0 -0 0 -0
0 -180 0 -180 0 0 0 -180 0.0172494 176.641 0 0 0 0 0 0 0 -180
0 -0 0 -180 0 180 0 -0 0.0188039 -18.8684 0 180 0 180 0 0 0 -0
0 -180 0 -180 0 0 0 -180 0.0172576 176.488 0 180 0 0 0 0 0 -180
0 -0 0 -0 0 180 0 -180 0.0186133 -17.917 0 0 0 180 0 180 0 -0
0 -180 0 0 0 -180 0 -180 0.19207 4.76727 0 -180 0 -180 0 0 0 -180
0 -0 0 180 0 -0 0 -0 1.19685 179.933 0 -0 0 -0 0 180 0 -0
inside=0 lambda=0.647 phi=15 theta=45
0 -180 0 -180 0 -180 0 0 0.182219 5.45801 0 0 0 -180 0 -180 0 -180
0 -0 0 -0 0 -0 0 180 1.1866 179.941 0 180 0 -0 0 -0 0 -0
0 -180 0 -180 0 0 0 -180 0.0199223 176.566 0 0 0 0 0 180 0 -180
0 -0 0 -180 0 180 0 -0 0.0215954 -18.3624 0 180 0 180 0 0 0 -0
0 -180 0 -180 0 0 0 -180 0.0199223 176.566 0 180 0 0 0 0 0 -180
0 -0 0 -0 0 180 0 -180 0.0215954 -18.3624 0 0 0 180 0 180 0 -0
0 -180 0 0 0 -180 0 -180 0.182219 5.45801 0 -180 0 -180 0 0 0 -180
0 -0 0 180 0 -0 0 -0 1.1866 179.941 0 -0 0 -0 0 180 0 -0
inside=0 lambda=0.647 phi=20 theta=0
0 -180 0 -180 0 -180 0 0 0.143208 2.83106 0 0 0 -180 0 -180 0 -180
0 -0 0 -0 0 -0 0 180 1.14738 173.298 0 180 0 -0 0 -0 0 -0
0 -180 0 -180 0 0 0 0 3.73545e-13 -129.985 0 -180 0 0 0 0 0 -180
0 -0 0 -180 0 180 0 -180 8.41447e-13 69.6777 0 0 0 180 0 0 0 -0
0 -180 0 -180 0 0 0 -0 7.12063e-14 53.9021 0 -0 0 0 0 0 0 -180
0 -0 0 -0 0 180 0 180 2.16162e-13 57.9779 0 -180 0 180 0 180 0 -0
0 -180 0 0 0 -180 0 -180 0.217602 -4.29608 0 -180 0 -180 0 0 0 -180
0 -0 0 180 0 -0 0 -0 1.22633 173.305 0 -0 0 -0 0 180 0 -0
inside=0 lambda=0.647 phi=20 theta=15
0 -180 0 -180 0 -180 0 0 0.14815 2.10304 0 0 0 -180 0 -180 0 -180
0 -0 0 -0 0 -0 0 180 1.15266 173.28 0 180 0 -0 0 -0 0 -0
0 -180 0 -180 0 0 0 -180 0.0188665 167.564 0 0 0 0 0 0 0 -180
0 -0 0 -180 0 180 0 -0 0.0209915 -25.0824 0 180 0 180 0 0 0 -0
0 -180 0 -180 0 0 0 -180 0.0189135 167.039 0 180 0 0 0 0 0 -180
0 -0 0 -0 0 180 0 -180 0.0203389 -21.9704 0 0 0 180 0 180 0 -0
0 -180 0 0 0 -180 0 -180 0.212647 -3.96715 0 -180 0 -180 0 0 0 -180
0 -0 0 180 0 -0 0 -0 1.221 173.285 0 -0 0 -0 0 180 0 -0
inside=0 lambda=0.647 phi=20 theta=30
0 -180 0 -180 0 -180 0 0 0.161723 0.38385 0 0 0 -180 0 -180 0 -180
0 -0 0 -0 0 -0 0 180 1.16708 173.246 0 180 0 -0 0 -0 0 -0
0 -180 0 -180 0 0 0 -180 0.032691 167.465 0 0 0 0 0 180 0 -180
0 -0 0 -180 0 180 0 -0 0.0360251 -24.2013 0 180 0 180 0 0 0 -0
0 -180 0 -180 0 0 0 -180 0.0327389 167.171 0 180 0 0 0 0 0 -180
0 -0 0 -0 0 180 0 -180 0.035399 -22.4294 0 0 0 180 0 180 0 -0
0 -180 0 0 0 -180 0 -180 0.199033 -3.00857 0 -180 0 -180 0 0 0 -180
0 -0 0 180 0 -0 0 -0 1.2065 173.248 0 -0 0 -0 0 180 0 -0
inside=0 lambda=0.647 phi=20 theta=45
0 -180 0 -180 0 -180 0 0 0.180365 -1.49377 0 0 0 -180 0 -180 0 -180
0 -0 0 -0 0 -0 0 180 1.18678 173.23 0 180 0 -0 0 -0 0 -0
0 -180 0 -180 0 0 0 -180 0.0377744 167.326 0 0 0 0 0 180 0 -180
0 -0 0 -180 0 180 0 -0 0.0411928 -23.2136 0 180 0 180 0 0 0 -0
0 -180 0 -180 0 0 0 -180 0.0377744 167.326 0 180 0 0 0 0 0 -180
0 -0 0 -0 0 180 0 -180 0.0411928 -23.2136 0 0 0 180 0 180 0 -0
0 -180 0 0 0 -180 0 -180 0.180365 -1.49377 0 -180 0 -180 0 0 0 -180
0 -0 0 180 0 -0 0 -0 1.18678 173.23 0 -0 0 -0 0 180 0 -0
inside=0 lambda=0.647 phi=25 theta=0
0 -180 0 -180 0 -180 0 0 0.113274 1.9124 0 0 0 -180 0 -180 0 -180
0 -0 0 -0 0 -0 0 180 1.11818 164.704 0 180 0 -0 0 -0 0 -0
0 -180 0 -180 0 0 0 -0 8.35693e-14 -172.921 0 -0 0 0 0 0 0 -180
0 -0 0 -180 0 180 0 180 6.65795e-14 64.5804 0 0 0 180 0 0 0 -0
0 -180 0 -180 0 0 0 180 3.91734e-14 -26.1006 0 -0 0 0 0 0 0 -180
0 -0 0 -0 0 180 0 -0 5.28326e-14 -32.8692 0 0 0 180 0 180 0 -0
0 -180 0 0 0 -180 0 -180 0.236547 -15.8117 0 -180 0 -180 0 0 0 -180
0 -0 0 180 0 -0 0 -0 1.25755 164.936 0 -0 0 -0 0 180 0 -0
inside=0 lambda=0.647 phi=25 theta=15
0 -180 0 -180 0 -180 0 0 0.121023 -0.582663 0 0 0 -180 0 180 0 -180
0 -0 0 -0 0 -0 0 180 1.12755 164.654 0 180 0 -0 0 -0 0 -0
0 -180 0 -180 0 0 0 -180 0.0318314 155.208 0 0 0 0 0 180 0 -180
0 -0 0 -180 0 180 0 -0 0.0371465 -32.7631 0 180 0 180 0 0 0 -0
0 -180 0 -180 0 0 0 -180 0.0320378 154.279 0 180 0 0 0 0 0 -180
0 -0 0 -0 0 180 0 -180 0.0353258 -27.5647 0 0 0 180 0 180 0 -0
0 -180 0 0 0 -180 0 -180 0.228327 -15.1778 0 -180 0 -180 0 0 0 -180
0 -0 0 180 0 -0 0 -0 1.24808 164.85 0 -0 0 -0 0 180 0 -0
inside=0 lambda=0.647 phi=25 theta=30
0 -180 0 -180 0 -180 0 0 0.142951 -5.66073 0 0 0 -180 0 -180 0 -180
0 -0 0 -0 0 -0 0 180 1.15306 164.581 0 180 0 -0 0 -0 0 -0
0 -180 0 -180 0 0 0 -180 0.0551812 155.074 0 0 0 0 0 180 0 -180
0 -0 0 -180 0 180 0 -0 0.0631906 -31.0251 0 180 0 180 0 0 0 -0
0 -180 0 -180 0 0 0 -180 0.0553896 154.58 0 180 0 0 0 0 0 -180
0 -0 0 -0 0 180 0 -180 0.0615939 -28.135 0 0 0 180 0 180 0 -0
0 -180 0 0 0 -180 0 -180 0.205402 -13.3354 0 -180 0 -180 0 0 0 -180
0 -0 0 180 0 -0 0 -0 1.22251 164.69 0 -0 0 -0 0 180 0 -0
inside=0 lambda=0.647 phi=25 theta=45
0 -180 0 -180 0 -180 0 0 0.173929 -10.2077 0 0 0 -180 0 -180 0 -180
0 -0 0 -0 0 -0 0 180 1.18779 164.584 0 180 0 -0 0 -0 0 -0
0 -180 0 -180 0 0 0 -180 0.0638293 154.858 0 0 0 0 0 180 0 -180
0 -0 0 -180 0 180 0 -0 0.0718689 -29.317 0 180 0 180 0 0 0 -0
0 -180 0 -180 0 0 0 -180 0.0638293 154.858 0 180 0 0 0 0 0 -180
0 -0 0 -0 0 180 0 -180 0.0718689 -29.317 0 0 0 180 0 180 0 -0
0 -180 0 0 0 -180 0 -180 0.173929 -10.2077 0 -180 0 -180 0 0 0 -180
0 -0 0 180 0 -0 0 -0 1.18779 164.584 0 -0 0 -0 0 180 0 -0
inside=0 lambda=0.647 phi=30 theta=0
0 -180 0 180 0 -180 0.0525754 -67.9286 0.0756879 22.7141 0 0 0 -180 0 180 0 -180
0 -0 0 0 0 -0 0 180 1.0639 154.424 0 180 0 -0 0 0 0 -0
0 -180 0 -180 0 0 6.13027e-13 -159.641 3.3098e-13 168.339 0 -0 0 0 0 0 0 -180
0 -0 0 -180 0 180 0 180 3.63793e-13 169.838 0 -0 0 180 0 0 0 -0
0 -180 0 -180 0 0 5.03762e-14 153.797 1.77712e-13 -126.459 0 -180 0 0 0 0 0 -180
0 -0 0 -0 0 180 0 0 2.41624e-13 -119.578 0 -180 0 180 0 180 0 -0
0 -180 0 0 0 -180 0.21715 -116.666 0.2596 -32.9797 0 -180 0 -180 0 0 0 -180
0 -0 0 180 0 -0 0 -0 1.30276 155.27 0 -0 0 -0 0 180 0 -0
inside=0 lambda=0.647 phi=30 theta=15
0 -180 0 -180 0 -180 0 -0 0.0871187 11.4558 0 0 0 180 0 180 0 -180
0 -0 0 -0 0 -0 0 180 1.08657 154.238 0 180 0 -0 0 0 0 -0
0 -180 0 -180 0 0 0 -180 0.0504812 138.52 0 0 0 0 0 0 0 -180
0 -0 0 -180 0 180 0 -0 0.0656922 -43.0813 0 180 0 180 0 0 0 -0
0 -180 0 -180 0 0 0 -180 0.0512946 136.872 0 0 0 0 0 0 0 -180
0 -0 0 -0 0 180 0 -180 0.0597745 -34.9498 0 0 0 180 0 180 0 -0
0 -180 0 0 0 -180 0 -180 0.244272 -30.5511 0 -180 0 -180 0 0 0 -180
0 -0 0 180 0 -0 0 -0 1.2946 154.9 0 -0 0 -0 0 180 0 -0
inside=0 lambda=0.647 phi=30 theta=30
0 -180 0 -180 0 -180 0 -0 0.113633 -8.09184 0 0 0 180 0 180 0 -180
0 -0 0 -0 0 -0 0 180 1.13083 153.926 0 180 0 -0 0 -0 0 -0
0 -180 0 -180 0 0 0 -180 0.0873511 138.532 0 0 0 0 0 0 0 -180
0 -0 0 -180 0 180 0 -0 0.10842 -39.5297 0 180 0 180 0 0 0 -0
0 -180 0 -180 0 0 0 -180 0.0881186 137.794 0 180 0 0 0 0 0 -180
0 -0 0 -0 0 180 0 -180 0.104905 -35.2672 0 0 0 180 0 180 0 -0
0 -180 0 0 0 180 0 -180 0.209086 -26.875 0 -180 0 -180 0 0 0 -180
0 -0 0 180 0 -0 0 -0 1.25035 154.292 0 -0 0 -0 0 180 0 -0
inside=0 lambda=0.647 phi=30 theta=45
0 -180 0 -180 0 -180 0 0 0.159553 -20.3571 0 0 0 180 0 180 0 -180
0 -0 0 -0 0 -0 0 180 1.19075 153.971 0 180 0 -0 0 -0 0 -0
0 -180 0 -180 0 0 0 -180 0.101234 138.261 0 0 0 0 0 180 0 -180
0 -0 0 -180 0 180 0 -0 0.122625 -36.8379 0 180 0 180 0 0 0 -0
0 -180 0 -180 0 0 0 -180 0.101234 138.261 0 180 0 0 0 0 0 -180
0 -0 0 -0 0 180 0 -180 0.122625 -36.8379 0 0 0 180 0 180 0 -0
0 -180 0 0 0 180 0 -180 0.159553 -20.3571 0 180 0 -180 0 0 0 -180
0 -0 0 180 0 -0 0 -0 1.19075 153.971 0 -0 0 -0 0 180 0 -0
inside=0 lambda=0.647 phi=35 theta=0
0 -180 0 180 0 -180 0.14623 -48.5 0.102588 69.3341 0 0 0 -180 0 180 0 -180
0 -0 0 0 0 -0 0 180 0.962406 141.565 0 0 0 -0 0 0 0 -0
0 -180 0 -180 0 0 5.02897e-14 22.3467 1.2296e-13 -14.6124 0 180 0 0 0 0 0 -180
0 -0 0 -180 0 180 0 -0 2.79985e-13 -71.8794 0 -0 0 180 0 0 0 -0
0 -180 0 -180 0 -0 7.67151e-13 -82.8829 2.32059e-13 59.6927 0 -0 0 0 0 0 0 180
0 -0 0 -0 0 180 0 180 1.44342e-13 -113.611 0 -0 0 180 0 180 0 -0
0 -180 0 0 0 -180 0.231373 -78.9643 0.314668 -54.2332 0 180 0 -180 0 0 0 -180
0 -0 0 180 0 -0 0 -0 1.37717 143.499 0 -0 0 -0 0 180 0 -0
inside=0 lambda=0.647 phi=35 theta=15
0 -180 0 180 0 -180 0.118784 -61.7221 0.0895983 57.5267 0 0 0 -180 0 180 0 -180
0 -0 0 0 0 -0 0 180 0.997709 141.597 0 0 0 -0 0 0 0 -0
0 -180 0 -180 0 0 0.0598463 -99.0103 0.0796707 117.104 0 0 0 0 0 0 0 -180
0 -0 0 -180 0 180 0 -0 0.11853 -51.2709 0 180 0 180 0 0 0 -0
0 -180 0 -180 0 -0 0.0619787 -97.2418 0.0835948 115.505 0 0 0 0 0 0 0 -180
0 -0 0 -0 0 180 0 -180 0.10827 -44.4247 0 0 0 180 0 180 0 -0
0 -180 0 0 0 180 0.217602 -93.4933 0.281286 -52.7531 0 180 0 -180 0 0 0 -180
0 -0 0 180 0 -0 0 -0 1.35975 143.153 0 -0 0 -0 0 180 0 -0
inside=0 lambda=0.647 phi=35 theta=30
0 -180 0 -180 0 -180 0 -0 0.0830989 9.73124 0 0 0 180 0 180 0 -180
0 -0 0 -0 0 -0 0 180 1.09228 141.243 0 0 0 -0 0 0 0 -0
0 -180 0 -180 0 0 0 -180 0.136937 115.882 0 0 0 -0 0 0 0 -180
0 -0 0 -180 0 180 0 -0 0.192932 -50.0278 0 180 0 180 0 0 0 -0
0 -180 0 -180 0 -0 0 -180 0.139534 114.981 0 0 0 0 0 0 0 -180
0 -0 0 -0 0 180 0 -180 0.185368 -44.285 0 0 0 180 0 180 0 -0
0 -180 0 -0 0 180 0 -180 0.208471 -45.753 0 180 0 -180 0 0 0 -180
0 -0 0 180 0 -0 0 -0 1.30477 142.135 0 -0 0 -0 0 180 0 -0
inside=0 lambda=0.647 phi=35 theta=45
0 -180 0 -180 0 -180 0 -0 0.132444 -31.0249 0 0 0 180 0 180 0 -180
0 -0 0 -0 0 -0 0 180 1.19949 141.318 0 180 0 -0 0 -0 0 -0
0 -180 0 -180 0 0 0 -180 0.158915 115.632 0 0 0 -0 0 0 0 -180
0 -0 0 -180 0 180 0 -0 0.217007 -46.1543 0 180 0 180 0 0 0 -0
0 -180 0 -180 0 -0 0 -180 0.158915 115.632 0 0 0 0 0 0 0 -180
0 -0 0 -0 0 180 0 -180 0.217007 -46.1543 0 0 0 180 0 180 0 -0
0 -180 0 -0 0 180 0 -180 0.132444 -31.0249 0 180 0 -180 0 0 0 -180
0 -0 0 180 0 -0 0 -0 1.19949 141.318 0 -0 0 -0 0 180 0 -0
inside=0 lambda=0.647 phi=40 theta=0
0 -180 0 180 0 -180 0.258527 -24.1271 0.257686 71.4358 0 0 0 -180 0 180 0 -180
0 0 0 0 0 -180 0 -180 0.748902 125.652 0 0 0 0 0 0 0 -180
0 -180 0 -180 0 0 2.35758e-13 59.5116 7.43423e-14 101.772 0 -180 0 0 0 0 0 -180
0 -0 0 -180 0 0 0 -0 2.37644e-13 59.6815 0 0 0 180 0 0 0 -180
0 -0 0 -180 0 -0 3.66424e-12 147.867 3.10383e-12 -118.088 0 -180 0 180 0 0 0 180
0 -0 0 -0 0 180 0 0 3.12864e-12 53.5815 0 0 0 180 0 180 0 -0
0 -180 0 0 0 180 0.269064 -35.5127 0.429405 -79.8952 0 180 0 -180 0 0 0 180
0 -0 0 180 0 -0 0 -0 1.55799 129.892 0 -0 0 -0 0 180 0 -0
inside=0 lambda=0.647 phi=40 theta=15
0 -180 0 180 0 -180 0.218106 -43.1032 0.226418 68.6868 0 0 0 -180 0 180 0 -180
0 -0 0 0 0 -180 0 -180 0.816663 126.01 0 0 0 0 0 0 0 -180
0 -180 0 -180 0 0 0.103801 -97.4422 0.139363 87.9036 0 0 0 0 0 0 0 -180
0 -0 0 -180 0 0 0 -0 0.230997 -63.7453 0 0 0 180 0 0 0 -180
0 -180 0 -180 0 -0 0.10731 -66.0134 0.148863 87.613 0 0 0 180 0 0 0 -180
0 -0 0 -0 0 180 0 -180 0.22033 -54.151 0 0 0 180 0 180 0 -0
0 -180 0 -0 0 180 0.233247 -57.9293 0.36466 -81.4424 0 180 0 -0 0 0 0 -180
0 -0 0 180 0 -0 0 -0 1.54071 129.328 0 -0 0 -0 0 180 0 -0
inside=0 lambda=0.647 phi=40 theta=30
0 -180 0 -180 0 -180 0.106407 -96.5015 0.134551 53.886 0 0 0 180 0 180 0 -180
0 -0 0 0 0 -0 0 180 1.00285 126.378 0 0 0 -0 0 -0 0 -180
0 -180 0 -180 0 0 0.152975 -125.158 0.248962 84.5981 0 0 0 0 0 0 0 -180
0 -0 0 -180 0 0 0 -0 0.395825 -60.8531 0 0 0 180 0 0 0 -180
0 -180 0 -180 0 -0 0.106432 -114.585 0.256706 84.4285 0 0 0 0 0 0 0 -180
0 -0 0 -0 0 180 0 -180 0.380451 -55.737 0 0 0 180 0 180 0 -0
0 -180 0 -0 0 180 0.205343 -113.51 0.220379 -78.2723 0 180 0 -180 0 0 0 -180
0 -0 0 180 0 -0 0 -0 1.43337 128.154 0 -0 0 -0 0 0 0 -0
inside=0 lambda=0.647 phi=40 theta=45
0 -180 0 -180 0 -180 0 -0 0.0827571 -38.3102 0 0 0 180 0 180 0 -180
0 -0 0 -0 0 -0 0 180 1.23328 126.456 0 0 0 -0 0 -0 0 -180
0 -180 0 -180 0 0 0 -180 0.287779 83.4095 0 0 0 -0 0 0 0 -180
0 -0 0 -180 0 180 0 -0 0.444592 -57.5174 0 0 0 180 0 0 0 -180
0 -180 0 -180 0 -0 0 -180 0.287779 83.4095 0 0 0 0 0 0 0 -180
0 -0 0 -0 0 180 0 -180 0.444592 -57.5174 0 0 0 180 0 0 0 -180
0 -180 0 -0 0 180 0 -180 0.0827571 -38.3102 0 180 0 -180 0 0 0 -180
0 -0 0 180 0 -0 0 -0 1.23328 126.456 0 -0 0 -0 0 0 0 -180
inside=0 lambda=0.647 phi=45 theta=0
0 -180 0 180 0 -180 0.700721 4.28482 0.672459 -19.0121 0 0 0 -180 0 180 0 -180
0 0 0 -0 0 180 0 -180 0 180 0 -0 0 0 0 -0 0 180
0 -180 0 -0 0 0 1.28819e-12 -178.994 1.44859e-12 27.106 0 -180 0 0 0 180 0 -180
0 0 0 180 0 -0 0 0 0 -180 0 -180 0 -180 0 -0 0 180
0 -0 0 -180 0 0 3.87117e-12 -101.825 4.12953e-12 39.8412 0 -0 0 180 0 0 0 -180
0 -0 0 -180 0 0 0 180 0 -180 0 0 0 180 0 0 0 -180
0 -0 0 0 0 -180 0.849412 6.64293 0.594385 -167.492 0 -180 0 -0 0 0 0 -180
0 -0 0 180 0 -180 0 -0 0 0 0 -180 0 -0 0 180 0 -180
inside=0 lambda=0.647 phi=45 theta=15
0 -180 0 180 0 -180 0.563808 -21.6976 0.632488 -9.44351 0 0 0 -180 0 180 0 -180
0 0 0 0 0 180 0 -180 0 180 0 -0 0 0 0 -0 0 0
0 -180 0 -0 0 0 0.321137 -158.875 0.326289 -2.70309 0 0 0 0 0 0 0 -180
0 0 0 -180 0 -0 0 0 0 -180 0 0 0 -180 0 -0 0 0
0 -0 0 -180 0 180 0.300061 -35.2378 0.351747 -4.10569 0 0 0 180 0 180 0 -180
0 -0 0 -0 0 0 0 -180 0 -180 0 -0 0 180 0 0 0 -180
0 -180 0 0 0 -0 0.619053 -17.1987 0.698255 177.926 0 -180 0 -0 0 0 0 -180
0 -0 0 180 0 -180 0 -0 0 0 0 -180 0 -180 0 0 0 180
inside=0 lambda=0.647 phi=45 theta=30
0 -180 0 180 0 -180 0.209419 -80.3708 0.451261 4.44613 0 0 0 -180 0 -180 0 -180
0 0 0 0 0 -180 0 180 0 180 0 0 0 -0 0 -0 0 0
0 -180 0 -0 0 0 0.353428 178.521 0.789013 -9.64561 0 0 0 0 0 -0 0 -180
0 0 0 -180 0 0 0 0 0 -180 0 0 0 180 0 -0 0 0
0 -180 0 -180 0 180 0.274009 -94.1028 0.791477 -10.8883 0 -0 0 180 0 0 0 180
0 -0 0 -0 0 0 0 -180 0 -180 0 -0 0 0 0 0 0 -180
0 -180 0 0 0 -0 0.27099 -89.1511 0.514808 149.979 0 -0 0 -0 0 0 0 180
0 -0 0 180 0 -180 0 -0 0 0 0 -0 0 -180 0 0 0 0
inside=0 lambda=0.647 phi=45 theta=45
0 180 0 180 0 -180 0 0 0.181848 73.5805 0 0 0 -180 0 -180 0 180
0 0 0 0 0 -180 0 180 0 180 0 0 0 -0 0 -0 0 180
0 180 0 -0 0 0 0 -180 0.983327 -16.4195 0 0 0 0 0 -0 0 -180
0 -0 0 -180 0 0 0 -0 0 -180 0 0 0 180 0 -0 0 -180
0 180 0 -180 0 0 0 -0 0.983327 -16.4195 0 -0 0 0 0 0 0 -180
0 -0 0 -0 0 180 0 -180 0 -180 0 -0 0 0 0 0 0 -180
0 180 0 0 0 -180 0 180 0.181848 73.5805 0 -180 0 -180 0 0 0 180
0 0 0 180 0 -0 0 0 0 180 0 -0 0 -180 0 0 0 180
inside=1 lambda=0.647 phi=0 theta=0
0 -180 0 -180 0 -180 0 0 0.180732 -177.45 0 0 0 -180 0 -180 0 -180
0 -0 0 -0 0 -0 0 180 0.814922 -171.435 0 180 0 -0 0 -0 0 -0
0 -180 0 180 0 0 0 180 2.81694e-13 -45.1154 0 180 0 0 0 180 0 -180
0 -0 0 0 0 180 0 -180 2.1056e-13 145.89 0 -0 0 180 0 0 0 -0
0 -180 0 0 0 0 0 -0 1.02383e-13 -52.3276 0 -0 0 0 0 0 0 -180
0 -0 0 -0 0 180 0 -180 2.95315e-13 -174.397 0 -180 0 180 0 -180 0 -0
0 -180 0 0 0 -180 0 -180 0.180732 -177.45 0 -180 0 -180 0 0 0 -180
0 -0 0 180 0 -0 0 -0 0.814922 -171.435 0 -0 0 -0 0 180 0 -0
inside=1 lambda=0.647 phi=0 theta=15
0 -180 0 -180 0 -180 0 0 0.180732 -177.45 0 0 0 -180 0 -180 0 -180
0 -0 0 -0 0 -0 0 180 0.814922 -171.435 0 180 0 -0 0 -0 0 -0
0 -180 0 180 0 0 0 180 2.81694e-13 -45.1154 0 180 0 0 0 180 0 -180
0 -0 0 0 0 180 0 -180 2.1056e-13 145.89 0 -0 0 180 0 0 0 -0
0 -180 0 0 0 0 0 -0 1.02383e-13 -52.3276 0 -0 0 0 0 0 0 -180
0 -0 0 -0 0 180 0 -180 2.95315e-13 -174.397 0 -180 0 180 0 -180 0 -0
0 -180 0 0 0 -180 0 -180 0.180732 -177.45 0 -180 0 -180 0 0 0 -180
0 -0 0 180 0 -0 0 -0 0.814922 -171.435 0 -0 0 -0 0 180 0 -0
inside=1 lambda=0.647 phi=0 theta=30
0 -180 0 -180 0 -180 0 0 0.180732 -177.45 0 0 0 -180 0 -180 0 -180
0 -0 0 -0 0 -0 0 180 0.814922 -171.435 0 180 0 -0 0 -0 0 -0
0 -180 0 180 0 0 0 180 2.81694e-13 -45.1154 0 180 0 0 0 180 0 -180
0 -0 0 0 0 180 0 -180 2.1056e-13 145.89 0 -0 0 180 0 0 0 -0
0 -180 0 0 0 0 0 -0 1.02383e-13 -52.3276 0 -0 0 0 0 0 0 -180
0 -0 0 -0 0 180 0 -180 2.95315e-13 -174.397 0 -180 0 180 0 -180 0 -0
0 -180 0 0 0 -180 0 -180 0.180732 -177.45 0 -180 0 -180 0 0 0 -180
0 -0 0 180 0 -0 0 -0 0.814922 -171.435 0 -0 0 -0 0 180 0 -0
inside=1 lambda=0.647 phi=0 theta=45
0 -180 0 -180 0 -180 0 0 0.180732 -177.45 0 0 0 -180 0 -180 0 -180
0 -0 0 -0 0 -0 0 180 0.814922 -171.435 0 180 0 -0 0 -0 0 -0
0 -180 0 180 0 0 0 180 2.81694e-13 -45.1154 0 180 0 0 0 180 0 -180
0 -0 0 0 0 180 0 -180 2.1056e-13 145.89 0 -0 0 180 0 0 0 -0
0 -180 0 0 0 0 0 -0 1.02383e-13 -52.3276 0 -0 0 0 0 0 0 -180
0 -0 0 -0 0 180 0 -180 2.95315e-13 -174.397 0 -180 0 180 0 -180 0 -0
0 -180 0 0 0 -180 0 -180 0.180732 -177.45 0 -180 0 -180 0 0 0 -180
0 -0 0 180 0 -0 0 -0 0.814922 -171.435 0 -0 0 -0 0 180 0 -0
inside=1 lambda=0.647 phi=5 theta=0
0 -180 0 -180 0 -180 0 0 0.179968 -177.921 0 0 0 -180 0 -180 0 -180
0 -0 0 -0 0 -0 0 180 0.815861 -171.884 0 180 0 -0 0 -0 0 -0
0 -180 0 -0 0 0 0 -0 5.40688e-14 134.828 0 180 0 0 0 180 0 -180
0 -0 0 -0 0 180 0 -180 1.46318e-13 87.8913 0 -0 0 180 0 180 0 -0
0 -180 0 -180 0 0 0 -0 2.76232e-14 106.671 0 -0 0 0 0 0 0 -180
0 -0 0 -0 0 180 0 -180 1.17613e-13 91.9715 0 -180 0 180 0 180 0 -0
0 -180 0 0 0 -180 0 -180 0.18186 -177.82 0 -180 0 -180 0 0 0 -180
0 -0 0 180 0 -0 0 -0 0.813928 -171.889 0 -0 0 -0 0 180 0 -0
inside=1 lambda=0.647 phi=5 theta=15
0 -180 0 -180 0 -180 0 0 0.180095 -177.914 0 0 0 -180 0 -180 0 -180
0 -0 0 -0 0 -0 0 180 0.815732 -171.884 0 180 0 -0 0 -0 0 -0
0 -180 0 -0 0 0 0 -180 0.000475075 2.03035 0 0 0 0 0 180 0 -180
0 -0 0 -0 0 180 0 -0 0.000499885 -157.336 0 180 0 180 0 180 0 -0
0 -180 0 -180 0 0 0 -0 0.000475061 2.09428 0 180 0 0 0 0 0 -180
0 -0 0 -0 0 180 0 -0 0.000499636 -157.38 0 180 0 180 0 180 0 -0
0 -180 0 0 0 -180 0 -180 0.181733 -177.827 0 -180 0 -180 0 0 0 -180
0 -0 0 180 0 -0 0 -0 0.814057 -171.889 0 -0 0 -0 0 180 0 -0
inside=1 lambda=0.647 phi=5 theta=30
0 -180 0 -180 0 -180 0 0 0.180441 -177.896 0 0 0 -180 0 -180 0 -180
0 -0 0 -0 0 -0 0 180 0.815378 -171.885 0 180 0 -0 0 -0 0 -0
0 -180 0 -0 0 0 0 -180 0.000822849 2.04392 0 0 0 0 0 180 0 -180
0 -0 0 -0 0 180 0 -0 0.000865734 -157.346 0 180 0 180 0 180 0 -0
0 -180 0 -180 0 0 0 -0 0.000822834 2.08083 0 180 0 0 0 0 0 -180
0 -0 0 -0 0 180 0 -0 0.000865486 -157.371 0 180 0 180 0 180 0 -0
0 -180 0 0 0 -180 0 -180 0.181387 -177.845 0 -180 0 -180 0 0 0 -180
0 -0 0 180 0 -0 0 -0 0.814411 -171.888 0 -0 0 -0 0 180 0 -0
inside=1 lambda=0.647 phi=5 theta=45
0 -180 0 -180 0 -180 0 0 0.180914 -177.871 0 0 0 -180 0 -180 0 -180
0 -0 0 -0 0 -0 0 180 0.814894 -171.886 0 180 0 -0 0 -0 0 -0
0 -180 0 -0 0 0 0 -180 0.000950136 2.0624 0 0 0 0 0 180 0 -180
0 -0 0 -0 0 180 0 -0 0.00099952 -157.358 0 180 0 180 0 180 0 -0
0 -180 0 -180 0 0 0 -0 0.000950136 2.0624 0 180 0 0 0 0 0 -180
0 -0 0 -0 0 180 0 -0 0.00099952 -157.358 0 180 0 180 0 180 0 -0
0 -180 0 0 0 -180 0 -180 0.180914 -177.871 0 -180 0 -180 0 0 0 -180
0 -0 0 180 0 -0 0 -0 0.814894 -171.886 0 -0 0 -0 0 180 0 -0
inside=1 lambda=0.647 phi=10 theta=0
0 -180 0 -180 0 -180 0 0 0.177563 -179.346 0 0 0 -180 0 -180 0 -180
0 -0 0 -0 0 -0 0 180 0.81873 -173.222 0 180 0 -0 0 -0 0 -0
0 -180 0 -0 0 0 0 -0 5.14655e-14 -83.1182 0 -0 0 0 0 180 0 -180
0 -0 0 -0 0 180 0 180 4.98398e-13 107.912 0 -180 0 180 0 180 0 -0
0 -180 0 -180 0 0 0 180 6.38333e-14 68.4524 0 0 0 0 0 0 0 -180
0 -0 0 -0 0 180 0 0 2.2381e-13 105.529 0 -0 0 180 0 180 0 -0
0 -180 0 0 0 -180 0 -180 0.185214 -178.917 0 -180 0 -180 0 0 0 -180
0 -0 0 180 0 -0 0 -0 0.810919 -173.242 0 -0 0 -0 0 180 0 -0
inside=1 lambda=0.647 phi=10 theta=15
0 -180 0 -180 0 -180 0 0 0.178077 -179.317 0 0 0 -180 0 -180 0 -180
0 -0 0 -0 0 -0 0 180 0.818207 -173.223 0 180 0 -0 0 -0 0 -0
0 -180 0 -0 0 0 0 -180 0.00191936 1.12482 0 0 0 0 0 180 0 -180
0 -0 0 -0 0 180 0 -0 0.00201827 -158.856 0 180 0 180 0 180 0 -0
0 -180 0 -180 0 0 0 -0 0.00191924 1.38374 0 180 0 0 0 0 0 -180
0 -0 0 -0 0 180 0 -0 0.0020143 -159.032 0 180 0 180 0 180 0 -0
0 -180 0 0 0 -180 0 -180 0.184702 -178.945 0 -180 0 -180 0 0 0 -180
0 -0 0 180 0 -0 0 -0 0.811442 -173.24 0 -0 0 -0 0 180 0 -0
inside=1 lambda=0.647 phi=10 theta=30
0 -180 0 -180 0 -180 0 0 0.179478 -179.238 0 0 0 -180 0 -180 0 -180
0 -0 0 -0 0 -0 0 180 0.816777 -173.227 0 180 0 -0 0 -0 0 -0
0 -180 0 -0 0 0 0 -180 0.00332437 1.18043 0 0 0 0 0 180 0 -180
0 -0 0 -0 0 180 0 -0 0.00349425 -158.895 0 180 0 180 0 180 0 -0
0 -180 0 -180 0 0 0 -0 0.00332426 1.32987 0 180 0 0 0 0 0 -180
0 -0 0 -0 0 180 0 -0 0.00349028 -158.997 0 180 0 180 0 180 0 -0
0 -180 0 0 0 -180 0 -180 0.183304 -179.023 0 -180 0 -180 0 0 0 -180
0 -0 0 180 0 -0 0 -0 0.812871 -173.237 0 -0 0 -0 0 180 0 -0
inside=1 lambda=0.647 phi=10 theta=45
0 -180 0 -180 0 -180 0 0 0.181392 -179.13 0 0 0 -180 0 -180 0 -180
0 -0 0 -0 0 -0 0 180 0.814824 -173.232 0 180 0 -0 0 -0 0 -0
0 -180 0 -0 0 0 0 -180 0.00383859 1.25559 0 0 0 0 0 180 0 -180
0 -0 0 -0 0 180 0 -0 0.0040325 -158.947 0 180 0 180 0 180 0 -0
0 -180 0 -180 0 0 0 -0 0.00383859 1.25559 0 180 0 0 0 0 0 -180
0 -0 0 -0 0 180 0 -0 0.0040325 -158.947 0 180 0 180 0 180 0 -0
0 -180 0 0 0 -180 0 -180 0.181392 -179.13 0 -180 0 -180 0 0 0 -180
0 -0 0 180 0 -0 0 -0 0.814824 -173.232 0 -0 0 -0 0 180 0 -0
inside=1 lambda=0.647 phi=15 theta=0
0 -180 0 -180 0 -180 0 0 0.173189 178.234 0 0 0 -180 0 -180 0 -180
0 -0 0 -0 0 -0 0 180 0.823682 -175.428 0 180 0 -0 0 -0 0 -0
0 -180 0 -0 0 0 0 -0 1.232e-14 -151.842 0 -0 0 0 0 180 0 -180
0 -0 0 -0 0 180 0 -180 8.83066e-15 3.31091 0 -180 0 180 0 180 0 -0
0 -180 0 -180 0 0 0 180 2.47879e-14 -129.81 0 -0 0 0 0 0 0 -180
0 -0 0 -0 0 180 0 -0 3.10758e-14 -118.967 0 -0 0 180 0 180 0 -0
0 -180 0 0 0 -180 0 -180 0.190698 179.303 0 -180 0 -180 0 0 0 -180
0 -0 0 180 0 -0 0 -0 0.805821 -175.466 0 -0 0 -0 0 180 0 -0
inside=1 lambda=0.647 phi=15 theta=15
0 -180 0 -180 0 -180 0 0 0.174365 178.308 0 0 0 -180 0 -180 0 -180
0 -0 0 -0 0 -0 0 180 0.822484 -175.431 0 180 0 -0 0 -0 0 -0
0 -180 0 -0 0 0 0 -180 0.00438648 -0.355662 0 0 0 0 0 180 0 -180
0 -0 0 -0 0 180 0 -0 0.00461132 -161.355 0 180 0 180 0 180 0 -0
0 -180 0 -180 0 0 0 -0 0.00438692 0.23898 0 0 0 0 0 0 0 -180
0 -0 0 -0 0 180 0 -0 0.00459131 -161.75 0 180 0 180 0 180 0 -0
0 -180 0 0 0 -180 0 -180 0.189529 179.234 0 -180 0 -180 0 0 0 -180
0 -0 0 180 0 -0 0 -0 0.807016 -175.464 0 -0 0 -0 0 180 0 -0
inside=1 lambda=0.647 phi=15 theta=30
0 -180 0 -180 0 -180 0 0 0.177576 178.509 0 0 0 -180 0 -180 0 -180
0 -0 0 -0 0 -0 0 180 0.819213 -175.438 0 180 0 -0 0 -0 0 -0
0 -180 0 -0 0 0 0 -180 0.00759774 -0.225464 0 0 0 0 0 180 0 -180
0 -0 0 -0 0 180 0 -0 0.00797921 -161.449 0 180 0 180 0 180 0 -0
0 -180 0 -180 0 0 0 -0 0.0075982 0.117334 0 0 0 0 0 0 0 -180
0 -0 0 -0 0 180 0 -0 0.00795924 -161.677 0 180 0 180 0 180 0 -0
0 -180 0 0 0 -180 0 -180 0.186332 179.042 0 -180 0 -180 0 0 0 -180
0 -0 0 180 0 -0 0 -0 0.810282 -175.457 0 -0 0 -0 0 180 0 -0
inside=1 lambda=0.647 phi=15 theta=45
0 -180 0 -180 0 -180 0 0 0.181958 178.778 0 0 0 -180 0 -180 0 -180
0 -0 0 -0 0 -0 0 180 0.814746 -175.448 0 180 0 -0 0 -0 0 -0
0 -180 0 -0 0 0 0 -180 0.00877337 -0.0519296 0 0 0 0 0 0 0 -180
0 -0 0 -0 0 180 0 -0 0.00920179 -161.569 0 180 0 180 0 180 0 -0
0 -180 0 -180 0 0 0 -0 0.00877337 -0.0519296 0 0 0 0 0 0 0 -180
0 -0 0 -0 0 180 0 -0 0.00920179 -161.569 0 180 0 180 0 180 0 -0
0 -180 0 0 0 -180 0 -180 0.181958 178.778 0 -180 0 -180 0 0 0 -180
0 -0 0 180 0 -0 0 -0 0.814746 -175.448 0 -0 0 -0 0 180 0 -0
inside=1 lambda=0.647 phi=20 theta=0
0 -180 0 -180 0 -180 0 0 0.166338 174.734 0 0 0 -180 0 -180 0 -180
0 -0 0 -0 0 -0 0 180 0.830968 -178.467 0 180 0 -0 0 -0 0 -0
0 -180 0 -0 0 0 0 -0 2.46229e-14 111.641 0 -0 0 0 0 180 0 -180
0 -0 0 -0 0 180 0 0 8.16227e-14 84.4617 0 180 0 180 0 180 0 -0
0 -180 0 -180 0 0 0 -0 2.12327e-14 92.3343 0 -0 0 0 0 0 0 -180
0 -0 0 -0 0 180 0 -180 5.28316e-14 84.4551 0 -0 0 180 0 180 0 -0
0 -180 0 0 0 -180 0 -180 0.198147 176.915 0 -180 0 -180 0 0 0 -180
0 -0 0 180 0 -0 0 -0 0.79851 -178.517 0 -0 0 -0 0 180 0 -0
inside=1 lambda=0.647 phi=20 theta=15
0 -180 0 -180 0 -180 0 0 0.168477 174.892 0 0 0 -180 0 -180 0 -180
0 -0 0 -0 0 -0 0 180 0.82879 -178.471 0 180 0 -0 0 -0 0 -0
0 -180 0 -0 0 0 0 -180 0.00795422 -2.36489 0 0 0 0 0 180 0 -180
0 -0 0 -0 0 180 0 -0 0.0083728 -164.777 0 180 0 180 0 180 0 -0
0 -180 0 -180 0 0 0 -0 0.00796059 -1.27723 0 0 0 0 0 0 0 -180
0 -0 0 -0 0 180 0 -0 0.00830968 -165.477 0 180 0 180 0 180 0 -0
0 -180 0 0 0 -180 0 -180 0.196028 176.777 0 -180 0 -180 0 0 0 -180
0 -0 0 180 0 -0 0 -0 0.80068 -178.514 0 -0 0 -0 0 180 0 -0
inside=1 lambda=0.647 phi=20 theta=30
0 -180 0 -180 0 -180 0 0 0.174317 175.312 0 0 0 -180 0 -180 0 -180
0 -0 0 -0 0 -0 0 180 0.822842 -178.481 0 180 0 -0 0 -0 0 -0
0 -180 0 -0 0 0 0 -180 0.0137794 -2.12065 0 0 0 0 0 0 0 -180
0 -0 0 -0 0 180 0 -0 0.0144761 -164.961 0 180 0 180 0 180 0 -0
0 -180 0 -180 0 0 0 -0 0.013786 -1.4957 0 0 0 0 0 0 0 -180
0 -0 0 -0 0 180 0 -0 0.0144134 -165.364 0 180 0 180 0 180 0 -0
0 -180 0 0 0 -180 0 -180 0.190228 176.396 0 -180 0 -180 0 0 0 -180
0 -0 0 180 0 -0 0 -0 0.806613 -178.507 0 -0 0 -0 0 180 0 -0
inside=1 lambda=0.647 phi=20 theta=45
0 -180 0 -180 0 -180 0 0 0.182282 175.864 0 0 0 -180 0 -180 0 -180
0 -0 0 -0 0 -0 0 180 0.814724 -178.495 0 180 0 -0 0 -0 0 -0
0 -180 0 -0 0 0 0 -180 0.0159149 -1.80175 0 0 0 0 0 0 0 -180
0 -0 0 -0 0 180 0 -0 0.0166778 -165.18 0 180 0 180 0 180 0 -0
0 -180 0 -180 0 0 0 -0 0.0159149 -1.80175 0 0 0 0 0 0 0 -180
0 -0 0 -0 0 180 0 -0 0.0166778 -165.18 0 180 0 180 0 180 0 -0
0 -180 0 0 0 -180 0 -180 0.182282 175.864 0 -180 0 -180 0 0 0 -180
0 -0 0 180 0 -0 0 -0 0.814724 -178.495 0 -0 0 -0 0 180 0 -0
inside=1 lambda=0.647 phi=25 theta=0
0 -180 0 -180 0 -180 0 0 0.15641 169.975 0 0 0 -180 0 -180 0 -180
0 -0 0 -0 0 -0 0 180 0.840938 177.713 0 180 0 -0 0 -0 0 -0
0 -180 0 -0 0 0 0 -0 1.22687e-14 76.6691 0 180 0 0 0 180 0 -180
0 -0 0 -180 0 180 0 -180 1.31719e-13 84.3187 0 -180 0 180 0 0 0 -0
0 -180 0 -180 0 0 0 180 3.57211e-14 153.843 0 -180 0 0 0 0 0 -180
0 -0 0 -0 0 180 0 0 1.53046e-13 84.2074 0 -0 0 180 0 180 0 -0
0 -180 0 0 0 -180 0 -180 0.207313 174.034 0 -180 0 -180 0 0 0 -180
0 -0 0 180 0 -0 0 -0 0.788812 177.673 0 -0 0 -0 0 180 0 -0
inside=1 lambda=0.647 phi=25 theta=15
0 -180 0 -180 0 -180 0 0 0.159831 170.293 0 0 0 -180 0 -180 0 -180
0 -0 0 -0 0 -0 0 180 0.837437 177.708 0 180 0 -0 0 -0 0 -0
0 -180 0 -0 0 0 0 -180 0.0127074 -4.8322 0 0 0 0 0 0 0 -180
0 -0 0 -180 0 180 0 -0 0.0134351 -169.04 0 180 0 180 0 180 0 -0
0 -180 0 -180 0 0 0 -0 0.0127405 -3.06984 0 0 0 0 0 0 0 -180
0 -0 0 -0 0 180 0 -180 0.0132808 -170.131 0 180 0 180 0 180 0 -0
0 -180 0 0 0 -180 0 -180 0.203931 173.788 0 -180 0 -180 0 0 0 -180
0 -0 0 180 0 -0 0 -0 0.792296 177.673 0 -0 0 -0 0 180 0 -0
inside=1 lambda=0.647 phi=25 theta=30
0 -180 0 -180 0 -180 0 0 0.169178 171.113 0 0 0 -180 0 -180 0 -180
0 -0 0 -0 0 -0 0 180 0.827881 177.696 0 180 0 -0 0 -0 0 -0
0 -180 0 -0 0 0 0 -180 0.0220225 -4.42447 0 0 0 0 0 0 0 -180
0 -0 0 -180 0 180 0 -0 0.0232018 -169.361 0 180 0 180 0 180 0 -0
0 -180 0 -180 0 0 0 -0 0.0220569 -3.41895 0 0 0 0 0 0 0 -180
0 -0 0 -0 0 180 0 -180 0.0230508 -169.987 0 180 0 180 0 180 0 -0
0 -180 0 0 0 -180 0 -180 0.194657 173.108 0 -180 0 -180 0 0 0 -180
0 -0 0 180 0 -0 0 -0 0.801819 177.675 0 -0 0 -0 0 180 0 -0
inside=1 lambda=0.647 phi=25 theta=45
0 -180 0 -180 0 -180 0 0 0.181934 172.145 0 0 0 -180 0 -180 0 -180
0 -0 0 -0 0 -0 0 180 0.814843 177.683 0 180 0 -0 0 -0 0 -0
0 -180 0 -0 0 0 0 -180 0.02545 -3.90714 0 0 0 0 0 0 0 -180
0 -0 0 -180 0 180 0 -0 0.0266982 -169.718 0 180 0 180 0 180 0 -0
0 -180 0 -180 0 0 0 -0 0.02545 -3.90714 0 0 0 0 0 0 0 -180
0 -0 0 -0 0 180 0 -180 0.0266982 -169.718 0 180 0 180 0 180 0 -0
0 -180 0 0 0 -180 0 -180 0.181934 172.145 0 -180 0 -180 0 0 0 -180
0 -0 0 180 0 -0 0 -0 0.814843 177.683 0 -0 0 -0 0 180 0 -0
inside=1 lambda=0.647 phi=30 theta=0
0 -180 0 -180 0 -180 0 0 0.142838 163.587 0 0 0 -180 0 -180 0 -180
0 -0 0 -0 0 -0 0 180 0.854032 173.182 0 180 0 -0 0 -0 0 -0
0 -180 0 -0 0 0 0 0 1.9953e-13 -118.167 0 180 0 0 0 180 0 -180
0 -0 0 -180 0 180 0 0 7.73806e-14 37.1718 0 -180 0 180 0 0 0 -0
0 -180 0 -180 0 0 0 180 3.38749e-14 -161.408 0 180 0 0 0 0 0 -180
0 -0 0 -0 0 180 0 0 7.21058e-14 -87.6445 0 -0 0 180 0 180 0 -0
0 -180 0 0 0 -180 0 -180 0.217868 170.828 0 -180 0 -180 0 0 0 -180
0 -0 0 180 0 -0 0 -0 0.776506 173.191 0 -0 0 -0 0 180 0 -0
inside=1 lambda=0.647 phi=30 theta=15
0 -180 0 -180 0 -180 0 0 0.147857 164.226 0 0 0 -180 0 -180 0 -180
0 -0 0 -0 0 -0 0 180 0.848823 173.176 0 180 0 -0 0 -0 0 -0
0 -180 0 -0 0 0 0 -180 0.0187155 -7.65684 0 0 0 0 0 0 0 -180
0 -0 0 -180 0 180 0 -0 0.019973 -174.023 0 180 0 180 0 0 0 -0
0 -180 0 -180 0 0 0 -0 0.0188353 -5.00371 0 0 0 0 0 0 0 -180
0 -0 0 -0 0 180 0 -180 0.0196497 -175.598 0 180 0 180 0 180 0 -0
0 -180 0 0 0 -180 0 -180 0.212896 170.416 0 -180 0 -180 0 0 0 -180
0 -0 0 180 0 -0 0 -0 0.781684 173.182 0 -0 0 -0 0 180 0 -0
inside=1 lambda=0.647 phi=30 theta=30
0 -180 0 -180 0 -180 0 0 0.161603 165.796 0 0 0 -180 0 -180 0 -180
0 -0 0 -0 0 -0 0 180 0.834608 173.165 0 180 0 -0 0 -0 0 -0
0 -180 0 -0 0 0 0 -180 0.0324647 -7.02273 0 0 0 0 0 0 0 -180
0 -0 0 -180 0 180 0 -0 0.0344376 -174.554 0 180 0 180 0 0 0 -0
0 -180 0 -180 0 0 0 -0 0.0325891 -5.52885 0 0 0 0 0 0 0 -180
0 -0 0 -0 0 180 0 -180 0.0341295 -175.451 0 180 0 180 0 180 0 -0
0 -180 0 0 0 -180 0 -180 0.199218 169.28 0 -180 0 -180 0 0 0 -180
0 -0 0 180 0 -0 0 -0 0.795847 173.166 0 -0 0 -0 0 180 0 -0
inside=1 lambda=0.647 phi=30 theta=45
0 -180 0 -180 0 -180 0 0 0.180422 167.643 0 0 0 -180 0 -180 0 -180
0 -0 0 -0 0 -0 0 180 0.815216 173.159 0 180 0 -0 0 -0 0 -0
0 -180 0 -0 0 0 0 -180 0.0375631 -6.2487 0 0 0 0 0 0 0 -180
0 -0 0 -180 0 180 0 -0 0.0395705 -175.094 0 180 0 180 0 180 0 -0
0 -180 0 -180 0 0 0 -0 0.0375631 -6.2487 0 0 0 0 0 0 0 -180
0 -0 0 -0 0 180 0 -180 0.0395705 -175.094 0 180 0 180 0 180 0 -0
0 -180 0 0 0 -180 0 -180 0.180422 167.643 0 -180 0 -180 0 0 0 -180
0 -0 0 180 0 -0 0 -0 0.815216 173.159 0 -0 0 -0 0 180 0 -0
inside=1 lambda=0.647 phi=35 theta=0
0 -180 0 180 0 -180 0 0 0.125371 154.734 0 0 0 -180 0 180 0 -180
0 -0 0 -0 0 -0 0 180 0.870787 168.032 0 180 0 -0 0 -0 0 -0
0 -180 0 -0 0 0 0 -0 7.35794e-14 36.4748 0 180 0 0 0 180 0 -180
0 -0 0 -180 0 180 0 -180 2.06209e-13 96.5783 0 0 0 180 0 0 0 -0
0 -180 0 -180 0 0 0 -0 3.86764e-14 129.274 0 0 0 0 0 0 0 -180
0 -0 0 -0 0 180 0 -180 9.26222e-14 68.4027 0 180 0 180 0 180 0 -0
0 -180 0 0 0 -180 0 -180 0.229396 167.541 0 -180 0 -180 0 0 0 -180
0 -0 0 180 0 -0 0 -0 0.761315 168.155 0 -0 0 -0 0 180 0 -0
inside=1 lambda=0.647 phi=35 theta=15
0 -180 0 -180 0 -180 0 0 0.132219 156.077 0 0 0 -180 0 180 0 -180
0 -0 0 -0 0 -0 0 180 0.86343 168.023 0 180 0 -0 0 -0 0 -0
0 -180 0 -0 0 0 0 -180 0.0260059 -10.7006 0 0 0 0 0 0 0 -180
0 -0 0 -180 0 180 0 -0 0.0282164 -179.563 0 180 0 180 0 0 0 -0
0 -180 0 -180 0 0 0 -0 0.0263603 -6.89143 0 0 0 0 0 0 0 -180
0 -0 0 -0 0 180 0 -180 0.0275983 178.277 0 0 0 180 0 180 0 -0
0 -180 0 0 0 -180 0 -180 0.222522 166.873 0 -180 0 -180 0 0 0 -180
0 -0 0 180 0 -0 0 -0 0.768625 168.124 0 -0 0 -0 0 180 0 -0
inside=1 lambda=0.647 phi=35 theta=30
0 -180 0 -180 0 -180 0 0 0.15112 159.134 0 0 0 -180 0 180 0 -180
0 -0 0 -0 0 -0 0 180 0.843363 168.013 0 180 0 -0 0 -0 0 -0
0 -180 0 -0 0 0 0 -180 0.0451962 -9.75985 0 0 0 0 0 0 0 -180
0 -0 0 -180 0 180 0 -0 0.048537 179.588 0 180 0 180 0 0 0 -0
0 -180 0 -180 0 0 0 -0 0.045562 -7.66404 0 0 0 0 0 0 0 -180
0 -0 0 -0 0 180 0 -180 0.0479777 178.37 0 0 0 180 0 180 0 -0
0 -180 0 0 0 -180 0 -180 0.20347 165.058 0 -180 0 -180 0 0 0 -180
0 -0 0 180 0 -0 0 -0 0.788629 168.066 0 -0 0 -0 0 180 0 -0
inside=1 lambda=0.647 phi=35 theta=45
0 -180 0 -180 0 -180 0 0 0.17724 162.384 0 0 0 -180 0 -180 0 -180
0 -0 0 -0 0 -0 0 180 0.815986 168.024 0 180 0 -0 0 -0 0 -0
0 -180 0 -0 0 0 0 -180 0.0524166 -8.66933 0 0 0 0 0 0 0 -180
0 -0 0 -180 0 180 0 -0 0.0556821 178.806 0 180 0 180 0 0 0 -0
0 -180 0 -180 0 0 0 -0 0.0524166 -8.66933 0 0 0 0 0 0 0 -180
0 -0 0 -0 0 180 0 -180 0.0556821 178.806 0 0 0 180 0 180 0 -0
0 -180 0 0 0 -180 0 -180 0.17724 162.384 0 -180 0 -180 0 0 0 -180
0 -0 0 180 0 -0 0 -0 0.815986 168.024 0 -0 0 -0 0 180 0 -0
inside=1 lambda=0.647 phi=40 theta=0
0 -180 0 180 0 -180 0 0 0.104783 141.355 0 0 0 -180 0 180 0 -180
0 -0 0 -0 0 -0 0 180 0.891842 162.4 0 180 0 -0 0 -0 0 -0
0 -180 0 -180 0 0 0 0 1.9809e-13 62.6933 0 -0 0 0 0 0 0 -180
0 -0 0 -180 0 180 0 0 1.89829e-13 -43.7301 0 -0 0 180 0 0 0 -0
0 -180 0 -180 0 0 0 -0 7.27122e-14 109.234 0 -0 0 0 0 0 0 -180
0 -0 0 -0 0 180 0 180 8.29335e-14 -150.35 0 -180 0 180 0 180 0 -0
0 -180 0 0 0 -180 0 -180 0.241324 164.562 0 -180 0 -180 0 0 0 -180
0 -0 0 180 0 -0 0 -0 0.742917 162.725 0 -0 0 -0 0 180 0 -0
inside=1 lambda=0.647 phi=40 theta=15
0 -180 0 180 0 -180 0 0 0.113304 144.439 0 0 0 -180 0 180 0 -180
0 -0 0 -0 0 -0 0 180 0.881834 162.371 0 180 0 -0 0 -0 0 -0
0 -180 0 -0 0 0 0 -180 0.0345346 -13.7783 0 0 0 0 0 0 0 -180
0 -0 0 -180 0 180 0 -0 0.0384866 174.575 0 180 0 180 0 0 0 -0
0 -180 0 -180 0 0 0 -0 0.0354587 -8.46879 0 0 0 0 0 0 0 -180
0 -0 0 -0 0 180 0 -180 0.0373455 171.709 0 0 0 180 0 180 0 -0
0 -180 0 0 0 -180 0 -180 0.232379 163.469 0 -180 0 -180 0 0 0 -180
0 -0 0 180 0 -0 0 -0 0.752843 162.64 0 -0 0 -0 0 180 0 -0
inside=1 lambda=0.647 phi=40 theta=30
0 -180 0 -180 0 -180 0 0 0.137531 150.671 0 0 0 -180 0 180 0 -180
0 -0 0 -0 0 -0 0 180 0.85456 162.35 0 180 0 -0 0 -0 0 -0
0 -180 0 -0 0 0 0 -180 0.0602436 -12.4294 0 0 0 0 0 0 0 -180
0 -0 0 -180 0 180 0 -0 0.0659491 173.221 0 180 0 180 0 0 0 -0
0 -180 0 -180 0 0 0 -0 0.0611791 -9.62226 0 0 0 0 0 0 0 -180
0 -0 0 -0 0 180 0 -180 0.0650164 171.631 0 0 0 180 0 180 0 -0
0 -180 0 0 0 -180 0 -180 0.206987 160.644 0 -180 0 -180 0 0 0 -180
0 -0 0 180 0 -0 0 -0 0.78008 162.493 0 -0 0 -0 0 180 0 -0
inside=1 lambda=0.647 phi=40 theta=45
0 -180 0 -180 0 -180 0 0 0.171941 156.397 0 0 0 -180 0 180 0 -180
0 -0 0 -0 0 -0 0 180 0.817328 162.389 0 180 0 -0 0 -0 0 -0
0 -180 0 -0 0 0 0 -180 0.0701584 -10.9697 0 0 0 0 0 0 0 -180
0 -0 0 -180 0 180 0 -0 0.0755258 172.125 0 180 0 180 0 0 0 -0
0 -180 0 -180 0 0 0 -0 0.0701584 -10.9697 0 0 0 0 0 0 0 -180
0 -0 0 -0 0 180 0 -180 0.0755258 172.125 0 0 0 180 0 180 0 -0
0 -180 0 0 0 -180 0 -180 0.171941 156.397 0 180 0 -180 0 0 0 -180
0 -0 0 180 0 -0 0 -0 0.817328 162.389 0 -0 0 -0 0 180 0 -0
inside=1 lambda=0.647 phi=45 theta=0
0 -180 0 180 0 -180 0 0 0.0880556 117.093 0 0 0 -180 0 180 0 -180
0 -0 0 -0 0 -0 0.021392 67.3113 0.915514 156.63 0 180 0 -0 0 -0 0 -0
0 -180 0 -180 0 0 0 -180 1.15158e-13 56.8307 0 180 0 0 0 0 0 -180
0 -0 0 -180 0 180 8.45885e-13 -114.621 3.473e-13 -109.064 0 0 0 180 0 0 0 -0
0 -180 0 -180 0 0 0 -180 6.24143e-14 129.115 0 -0 0 0 0 0 0 -180
0 -0 0 -0 0 180 5.59206e-14 8.84892 3.02192e-13 -133.377 0 0 0 180 0 180 0 -0
0 -180 0 0 0 -180 0 -180 0.24851 162.493 0 -180 0 -180 0 0 0 -180
0 -0 0 180 0 -0 0.184251 -65.2404 0.719132 157.321 0 -0 0 -0 0 180 0 -0
inside=1 lambda=0.647 phi=45 theta=15
0 -180 0 180 0 -180 0 0 0.0937018 125.896 0 0 0 -180 0 180 0 -180
0 -0 0 -0 0 -0 0 180 0.904718 156.407 0 180 0 -0 0 -0 0 -0
0 -180 0 -0 0 0 0 -180 0.0441397 -16.643 0 0 0 0 0 0 0 -180
0 -0 0 -180 0 180 0 -0 0.0513525 168.788 0 180 0 180 0 0 0 -0
0 -180 0 -180 0 0 0 -0 0.0463807 -9.28964 0 0 0 0 0 0 0 -180
0 -0 0 -0 0 180 0 -180 0.0490992 165.066 0 0 0 180 0 180 0 -0
0 -180 0 0 0 -180 0 -180 0.241915 160.729 0 -180 0 -180 0 0 0 -180
0 -0 0 180 0 -0 0 -0 0.734036 156.932 0 -0 0 -0 0 180 0 -0
inside=1 lambda=0.647 phi=45 theta=30
0 -180 0 -180 0 -180 0 0 0.121277 139.47 0 0 0 -180 0 180 0 -180
0 -0 0 -0 0 -0 0 180 0.868722 156.313 0 180 0 -0 0 -0 0 -0
0 -180 0 -0 0 0 0 -180 0.0775925 -14.7651 0 0 0 0 0 0 0 -180
0 -0 0 -180 0 180 0 -0 0.0872651 166.538 0 180 0 180 0 0 0 -0
0 -180 0 -180 0 0 0 -0 0.0797554 -11.1629 0 0 0 0 0 0 0 -180
0 -0 0 -0 0 180 0 -180 0.0858019 164.519 0 0 0 180 0 180 0 -0
0 -180 0 0 0 -180 0 -180 0.209452 156.318 0 -180 0 -180 0 0 0 -180
0 -0 0 180 0 -0 0 -0 0.770089 156.592 0 -0 0 -0 0 180 0 -0
inside=1 lambda=0.647 phi=45 theta=45
0 -180 0 -180 0 -180 0 0 0.16421 149.71 0 0 0 -180 0 180 0 -180
0 -0 0 -0 0 -0 0 180 0.81947 156.385 0 180 0 -0 0 -0 0 -0
0 -180 0 -0 0 0 0 -180 0.0909918 -12.907 0 0 0 0 0 0 0 -180
0 -0 0 -180 0 180 0 -0 0.0997512 165.034 0 180 0 180 0 0 0 -0
0 -180 0 -180 0 0 0 -0 0.0909918 -12.907 0 0 0 0 0 0 0 -180
0 -0 0 -0 0 180 0 -180 0.0997512 165.034 0 0 0 180 0 180 0 -0
0 -180 0 0 0 -180 0 -180 0.16421 149.71 0 180 0 -180 0 0 0 -180
0 -0 0 180 0 -0 0 -0 0.81947 156.385 0 -0 0 -0 0 180 0 -0
