RSoft_BSDF_File_Version 2
1 0 5 2 1 0.914286
0.3 0.3
-1 1
-1 1
1 0.647 0.647
10 0 45 0.5
4 0 45
Begin_Dispersion_Data
0.647 1.45662 0 1 0 0
End_Dispersion_Data
inside=0 lambda=0.647 phi=0 theta=0
0 -180 0 -180 0 -180 0 0 0.171952 14.5516 0 0 0 -180 0 -180 0 -180
0 -0 0 -0 0 -0 0 180 1.18893 -158.007 0 180 0 -0 0 -0 0 -0
0 -180 0 -0 0 0 0 -0 1.81532e-12 -21.648 0 -0 0 0 0 0 0 -180
0 0 0 180 0 -180 0 -0 3.88721e-12 106.148 0 0 0 -180 0 -180 0 0
0 -180 0 -180 0 0 0 -0 1.68713e-12 42.2037 0 -0 0 0 0 -180 0 -180
0 0 0 0 0 -180 0 0 3.72849e-12 128.866 0 0 0 -180 0 0 0 0
0 -180 0 0 0 -180 0 -180 0.171952 14.5516 0 -180 0 -180 0 0 0 -180
0 -0 0 180 0 -0 0 -0 1.18893 -158.007 0 -0 0 -0 0 180 0 -0
inside=0 lambda=0.647 phi=0 theta=15
0 -180 0 -180 0 -180 0 0 0.171952 14.5516 0 0 0 -180 0 -180 0 -180
0 -0 0 -0 0 -0 0 180 1.18893 -158.007 0 180 0 -0 0 -0 0 -0
0 -180 0 -0 0 0 0 -0 1.81532e-12 -21.648 0 -0 0 0 0 0 0 -180
0 0 0 180 0 -180 0 -0 3.88721e-12 106.148 0 0 0 -180 0 -180 0 0
0 -180 0 -180 0 0 0 -0 1.68713e-12 42.2037 0 -0 0 0 0 -180 0 -180
0 0 0 0 0 -180 0 0 3.72849e-12 128.866 0 0 0 -180 0 0 0 0
0 -180 0 0 0 -180 0 -180 0.171952 14.5516 0 -180 0 -180 0 0 0 -180
0 -0 0 180 0 -0 0 -0 1.18893 -158.007 0 -0 0 -0 0 180 0 -0
inside=0 lambda=0.647 phi=0 theta=30
0 -180 0 -180 0 -180 0 0 0.171952 14.5516 0 0 0 -180 0 -180 0 -180
0 -0 0 -0 0 -0 0 180 1.18893 -158.007 0 180 0 -0 0 -0 0 -0
0 -180 0 -0 0 0 0 -0 1.81532e-12 -21.648 0 -0 0 0 0 0 0 -180
0 0 0 180 0 -180 0 -0 3.88721e-12 106.148 0 0 0 -180 0 -180 0 0
0 -180 0 -180 0 0 0 -0 1.68713e-12 42.2037 0 -0 0 0 0 -180 0 -180
0 0 0 0 0 -180 0 0 3.72849e-12 128.866 0 0 0 -180 0 0 0 0
0 -180 0 0 0 -180 0 -180 0.171952 14.5516 0 -180 0 -180 0 0 0 -180
0 -0 0 180 0 -0 0 -0 1.18893 -158.007 0 -0 0 -0 0 180 0 -0
inside=0 lambda=0.647 phi=0 theta=45
0 -180 0 -180 0 -180 0 0 0.171952 14.5516 0 0 0 -180 0 -180 0 -180
0 -0 0 -0 0 -0 0 180 1.18893 -158.007 0 180 0 -0 0 -0 0 -0
0 -180 0 -0 0 0 0 -0 1.81532e-12 -21.648 0 -0 0 0 0 0 0 -180
0 0 0 180 0 -180 0 -0 3.88721e-12 106.148 0 0 0 -180 0 -180 0 0
0 -180 0 -180 0 0 0 -0 1.68713e-12 42.2037 0 -0 0 0 0 -180 0 -180
0 0 0 0 0 -180 0 0 3.72849e-12 128.866 0 0 0 -180 0 0 0 0
0 -180 0 0 0 -180 0 -180 0.171952 14.5516 0 -180 0 -180 0 0 0 -180
0 -0 0 180 0 -0 0 -0 1.18893 -158.007 0 -0 0 -0 0 180 0 -0
inside=0 lambda=0.647 phi=5 theta=0
0 -180 0 -180 0 -180 0 0 0.173181 13.0071 0 0 0 -180 0 -180 0 -180
0 0 0 -0 0 -0 0 180 1.18611 -161.561 0 180 0 0 0 -0 0 -0
0 -180 0 -180 0 0 0 -0 2.53028e-13 -49.1765 0 -180 0 0 0 0 0 -180
0 0 0 -0 0 180 0 0 1.24903e-12 109.617 0 180 0 -180 0 180 0 -0
0 -180 0 -180 0 0 0 180 2.48954e-13 -89.8273 0 -180 0 0 0 0 0 -180
0 -0 0 -0 0 180 0 -0 9.11318e-13 100.555 0 -180 0 180 0 180 0 -0
0 -180 0 0 0 -180 0 -180 0.177228 12.8483 0 -180 0 -180 0 0 0 -180
0 -0 0 180 0 -0 0 -0 1.19036 -161.686 0 -0 0 -0 0 180 0 -0
inside=0 lambda=0.647 phi=5 theta=15
0 -180 0 -180 0 -180 0 0 0.173452 12.9962 0 0 0 -180 0 -180 0 -180
0 0 0 -0 0 -0 0 180 1.18639 -161.569 0 180 0 0 0 -0 0 -0
0 -180 0 -180 0 0 0 -180 0.00102558 -173.526 0 0 0 0 0 0 0 -180
0 0 0 -0 0 180 0 -0 0.00155599 -28.5725 0 180 0 -180 0 180 0 -0
0 -180 0 -180 0 0 0 -180 0.00102553 -173.528 0 180 0 0 0 0 0 -180
0 -0 0 -0 0 180 0 -0 0.00155172 -28.4536 0 180 0 180 0 180 0 -0
0 -180 0 0 0 -180 0 -180 0.176957 12.8587 0 -180 0 -180 0 0 0 -180
0 -0 0 180 0 -0 0 -0 1.19008 -161.678 0 -0 0 -0 0 180 0 -0
inside=0 lambda=0.647 phi=5 theta=30
0 -180 0 -180 0 -180 0 0 0.174193 12.9665 0 0 0 -180 0 -180 0 -180
0 0 0 -0 0 -0 0 180 1.18717 -161.592 0 180 0 0 0 -0 0 -0
0 -180 0 -180 0 0 0 -180 0.00177634 -173.526 0 0 0 0 0 0 0 -180
0 0 0 -0 0 180 0 -0 0.00269346 -28.547 0 180 0 -180 0 180 0 -0
0 -180 0 -180 0 0 0 -180 0.00177629 -173.528 0 180 0 0 0 0 0 -180
0 -0 0 -0 0 -180 0 -0 0.00268919 -28.4784 0 180 0 180 0 180 0 -0
0 -180 0 0 0 -180 0 -180 0.176216 12.8871 0 -180 0 -180 0 0 0 -180
0 -0 0 180 0 -0 0 -0 1.1893 -161.655 0 -0 0 -0 0 180 0 -0
inside=0 lambda=0.647 phi=5 theta=45
0 -180 0 -180 0 -180 0 0 0.175205 12.9266 0 0 0 -180 0 -180 0 -180
0 0 0 -0 0 -0 0 180 1.18823 -161.624 0 180 0 0 0 -0 0 -0
0 -180 0 -180 0 0 0 -180 0.00205111 -173.527 0 0 0 0 0 180 0 -180
0 0 0 -0 0 180 0 -0 0.00310766 -28.5125 0 180 0 -180 0 180 0 -0
0 -180 0 -180 0 0 0 -180 0.00205111 -173.527 0 180 0 0 0 0 0 -180
0 0 0 -0 0 -180 0 -0 0.00310766 -28.5125 0 180 0 180 0 180 0 -0
0 -180 0 0 0 -180 0 -180 0.175205 12.9266 0 -180 0 -180 0 0 0 -180
0 0 0 180 0 0 0 -0 1.18823 -161.624 0 -0 0 -0 0 180 0 -0
inside=0 lambda=0.647 phi=10 theta=0
0 -180 0 -180 0 -180 0 0 0.173455 8.25094 0 0 0 -180 0 -180 0 -180
0 0 0 -0 0 -0 0 180 1.17811 -172.233 0 180 0 0 0 -0 0 -0
0 -180 0 -0 0 0 0 180 6.37901e-13 119.614 0 180 0 0 0 180 0 -180
0 -0 0 -0 0 180 0 -0 6.13007e-13 36.8763 0 0 0 180 0 180 0 -0
0 -180 0 -180 0 0 0 -0 2.50792e-13 -17.8687 0 -180 0 0 0 0 0 -180
0 -0 0 -0 0 180 0 -0 3.11628e-13 85.871 0 -0 0 180 0 180 0 -0
0 -180 0 0 0 -180 0 -180 0.190361 7.30438 0 -180 0 -180 0 0 0 -180
0 -0 0 180 0 -0 0 -0 1.1954 -172.72 0 -0 0 -0 0 180 0 -0
inside=0 lambda=0.647 phi=10 theta=15
0 -180 0 -180 0 -180 0 0 0.174588 8.1807 0 0 0 -180 0 -180 0 -180
0 0 0 -0 0 -0 0 180 1.17926 -172.267 0 180 0 0 0 -0 0 -0
0 -180 0 -180 0 0 0 -180 0.00429167 178.418 0 0 0 0 0 180 0 -180
0 -0 0 -0 0 180 0 -0 0.00629271 -39.0608 0 180 0 180 0 180 0 -0
0 -180 0 -180 0 0 0 -180 0.00429168 178.399 0 180 0 0 0 0 0 -180
0 -0 0 -0 0 180 0 -0 0.00622106 -38.5484 0 180 0 180 0 180 0 -0
0 -180 0 0 0 -180 0 -180 0.189228 7.36164 0 -180 0 -180 0 0 0 -180
0 -0 0 180 0 -0 0 -0 1.19423 -172.689 0 -0 0 -0 0 180 0 -0
inside=0 lambda=0.647 phi=10 theta=30
0 -180 0 -180 0 -180 0 0 0.177681 7.99426 0 0 0 -180 0 -180 0 -180
0 -0 0 -0 0 -0 0 180 1.1824 -172.359 0 180 0 0 0 -0 0 -0
0 -180 0 -180 0 0 0 -180 0.00743343 178.416 0 0 0 0 0 180 0 -180
0 -0 0 -0 0 180 0 -0 0.0108711 -38.947 0 180 0 180 0 180 0 -0
0 -180 0 -180 0 0 0 -180 0.00743344 178.406 0 180 0 0 0 0 0 -180
0 -0 0 -0 0 180 0 -0 0.0107995 -38.6512 0 180 0 180 0 180 0 -0
0 -180 0 0 0 -180 0 -180 0.186135 7.52217 0 -180 0 -180 0 0 0 -180
0 -0 0 180 0 -0 0 -0 1.19105 -172.602 0 -0 0 -0 0 180 0 -0
inside=0 lambda=0.647 phi=10 theta=45
0 -180 0 -180 0 -180 0 0 0.181908 7.75176 0 0 0 -180 0 -180 0 -180
0 -0 0 -0 0 -0 0 180 1.18672 -172.482 0 180 0 -0 0 -0 0 -0
0 -180 0 -180 0 0 0 -180 0.00858341 178.412 0 0 0 0 0 180 0 -180
0 -0 0 -0 0 180 0 -0 0.0125105 -38.7963 0 180 0 180 0 180 0 -0
0 -180 0 -180 0 0 0 -180 0.00858341 178.412 0 180 0 0 0 0 0 -180
0 -0 0 -0 0 180 0 -0 0.0125105 -38.7963 0 180 0 180 0 180 0 -0
0 -180 0 0 0 -180 0 -180 0.181908 7.75176 0 -180 0 -180 0 0 0 -180
0 -0 0 180 0 -0 0 -0 1.18672 -172.482 0 -0 0 -0 0 180 0 -0
inside=0 lambda=0.647 phi=15 theta=0
0 180 0 -180 0 -180 0 0 0.163381 0.693162 0 0 0 180 0 -180 0 -180
0 -0 0 -0 0 -0 0 180 1.16595 169.887 0 180 0 -0 0 -0 0 -0
0 -180 0 -0 0 0 0 -0 5.99083e-13 171.832 0 0 0 0 0 180 0 -180
0 -0 0 -180 0 180 0 -0 4.95506e-13 114.488 0 180 0 180 0 0 0 -0
0 -180 0 -180 0 0 0 -0 3.40072e-13 -45.4427 0 180 0 0 0 0 0 -180
0 -0 0 -0 0 180 0 180 6.42279e-13 153.17 0 180 0 180 0 180 0 -0
0 -180 0 0 0 -180 0 -180 0.201162 -2.65297 0 -180 0 -180 0 0 0 -180
0 -0 0 180 0 -0 0 -0 1.20731 168.862 0 -0 0 -0 0 180 0 -0
inside=0 lambda=0.647 phi=15 theta=15
0 180 0 -180 0 -180 0 0 0.165888 0.416186 0 0 0 180 0 -180 0 -180
0 -0 0 -0 0 -0 0 180 1.16868 169.811 0 180 0 -0 0 -0 0 -0
0 -180 0 -0 0 0 0 -180 0.00969508 164.651 0 0 0 0 0 180 0 -180
0 -0 0 -180 0 180 0 -0 0.014689 -55.7115 0 180 0 180 0 0 0 -0
0 -180 0 -180 0 0 0 -180 0.0097016 164.571 0 180 0 0 0 0 0 -180
0 -0 0 -0 0 180 0 -180 0.0143053 -54.4012 0 0 0 180 0 180 0 -0
0 -180 0 0 0 -180 0 -180 0.198615 -2.47095 0 -180 0 -180 0 0 0 -180
0 -0 0 180 0 -0 0 -0 1.2045 168.923 0 -0 0 -0 0 180 0 -0
inside=0 lambda=0.647 phi=15 theta=30
0 -180 0 -180 0 -180 0 0 0.17276 -0.294035 0 0 0 180 0 -180 0 -180
0 -0 0 -0 0 -0 0 180 1.17617 169.609 0 180 0 -0 0 -0 0 -0
0 -180 0 -180 0 0 0 -180 0.0167955 164.649 0 0 0 0 0 180 0 -180
0 -0 0 -180 0 180 0 -0 0.0252775 -55.4024 0 180 0 180 0 0 0 -0
0 -180 0 -180 0 0 0 -180 0.016802 164.603 0 180 0 0 0 0 0 -180
0 -0 0 -0 0 180 0 -180 0.0248955 -54.6468 0 0 0 180 0 180 0 -0
0 -180 0 0 0 -180 0 -180 0.191664 -1.94869 0 -180 0 -180 0 0 0 -180
0 -0 0 180 0 -0 0 -0 1.19684 169.096 0 -0 0 -0 0 180 0 -0
inside=0 lambda=0.647 phi=15 theta=45
0 -180 0 -180 0 -180 0 0 0.182192 -1.16787 0 0 0 180 0 -180 0 -180
0 -0 0 -0 0 -0 0 180 1.18647 169.346 0 180 0 -0 0 -0 0 -0
0 -180 0 -180 0 0 0 -180 0.019398 164.634 0 0 0 0 0 180 0 -180
0 -0 0 -180 0 180 0 -0 0.028954 -55.0087 0 180 0 180 0 0 0 -0
0 -180 0 -180 0 0 0 -180 0.019398 164.634 0 180 0 0 0 0 0 -180
0 -0 0 -0 0 180 0 -180 0.028954 -55.0087 0 0 0 180 0 180 0 -0
0 -180 0 0 0 180 0 -180 0.182192 -1.16787 0 -180 0 -180 0 0 0 -180
0 -0 0 180 0 -0 0 -0 1.18647 169.346 0 -0 0 -0 0 180 0 -0
inside=0 lambda=0.647 phi=20 theta=0
0 180 0 -180 0 -180 0 0 0.133971 -6.26228 0 0 0 180 0 -180 0 -180
0 -0 0 -0 0 -0 0 180 1.14888 144.547 0 180 0 -0 0 -0 0 -0
0 180 0 -0 0 0 0 180 7.30364e-13 50.9001 0 -180 0 -0 0 180 0 -180
0 -0 0 -180 0 180 0 0 1.18476e-12 -59.7301 0 -0 0 180 0 0 0 -0
0 -180 0 -180 0 0 0 -0 3.60647e-13 -30.9023 0 180 0 0 0 0 0 -180
0 -0 0 -0 0 180 0 0 9.13765e-13 -156.051 0 -180 0 180 0 180 0 -0
0 -180 0 0 0 -180 0 -180 0.187896 -15.7043 0 -180 0 -180 0 0 0 -180
0 -0 0 180 0 -0 0 -0 1.23405 142.793 0 -0 0 -0 0 180 0 -0
inside=0 lambda=0.647 phi=20 theta=15
0 180 0 -180 0 -180 0 0 0.13738 -7.12914 0 0 0 180 0 -180 0 -180
0 -0 0 -0 0 -0 0 180 1.15445 144.4 0 180 0 -0 0 -0 0 -0
0 180 0 -0 0 0 0 -180 0.0144897 145.631 0 0 0 -0 0 180 0 -180
0 -0 0 -180 0 180 0 -0 0.029043 -78.9422 0 180 0 180 0 0 0 -0
0 -180 0 -180 0 0 0 -180 0.0145382 145.338 0 180 0 0 0 0 0 -180
0 -0 0 -0 0 180 0 -180 0.027759 -76.3344 0 0 0 180 0 180 0 -0
0 -180 0 0 0 -180 0 -180 0.184149 -15.2351 0 -180 0 -180 0 0 0 -180
0 -0 0 180 0 -0 0 -0 1.22821 142.881 0 -0 0 -0 0 180 0 -0
inside=0 lambda=0.647 phi=20 theta=30
0 180 0 -180 0 -180 0 0 0.146892 -9.27091 0 0 0 180 0 -180 0 -180
0 -0 0 -0 0 -0 0 180 1.16979 144.02 0 180 0 -0 0 -0 0 -0
0 -180 0 -0 0 0 0 -180 0.0251211 145.642 0 0 0 -0 0 180 0 -180
0 -0 0 -180 0 180 0 -0 0.0496807 -78.2781 0 180 0 180 0 0 0 -0
0 -180 0 -180 0 0 0 -180 0.0251694 145.476 0 180 0 0 0 0 0 -180
0 -0 0 -0 0 180 0 -180 0.0484177 -76.7786 0 0 0 180 0 180 0 -0
0 -180 0 0 0 180 0 -180 0.17397 -13.8708 0 -180 0 -180 0 0 0 -180
0 -0 0 180 0 -0 0 -0 1.21236 143.144 0 -0 0 -0 0 180 0 -0
inside=0 lambda=0.647 phi=20 theta=45
0 180 0 -180 0 -180 0 0 0.160267 -11.7609 0 0 0 180 0 -180 0 -180
0 -0 0 -0 0 -0 0 180 1.19095 143.553 0 180 0 -0 0 -0 0 -0
0 -180 0 -180 0 0 0 -180 0.0290387 145.595 0 0 0 -0 0 180 0 -180
0 -0 0 -180 0 180 0 -0 0.0565569 -77.4739 0 180 0 180 0 0 0 -0
0 -180 0 -180 0 -0 0 -180 0.0290387 145.595 0 180 0 0 0 0 0 -180
0 -0 0 -0 0 180 0 -180 0.0565569 -77.4739 0 0 0 180 0 180 0 -0
0 180 0 0 0 180 0 -180 0.160267 -11.7609 0 -180 0 -180 0 0 0 -180
0 -0 0 180 0 -0 0 -0 1.19095 143.553 0 -0 0 -0 0 180 0 -0
inside=0 lambda=0.647 phi=25 theta=0
0 180 0 180 0 -180 0 -0 0.0975197 -2.70754 0 0 0 180 0 180 0 -180
0 -0 0 -0 0 -180 0 180 1.12006 111.444 0 0 0 -0 0 -0 0 -180
0 180 0 -0 0 0 0 -0 4.99447e-13 -81.1497 0 180 0 -0 0 180 0 -180
0 -0 0 -180 0 0 0 -0 2.66602e-12 12.144 0 -0 0 180 0 0 0 -180
0 -180 0 -180 0 0 0 180 9.69999e-13 -176.187 0 180 0 0 0 0 0 -180
0 -180 0 -180 0 180 0 -0 3.49886e-12 15.4554 0 -180 0 0 0 0 0 -0
0 -180 0 0 0 -180 0 -180 0.126235 -18.1453 0 -180 0 -180 0 0 0 -180
0 -180 0 0 0 -0 0 -180 1.28393 108.127 0 -0 0 -180 0 0 0 -0
inside=0 lambda=0.647 phi=25 theta=15
0 180 0 180 0 -180 0 -0 0.0991439 -3.92339 0 0 0 180 0 180 0 -180
0 -0 0 -0 0 -180 0 180 1.13055 111.106 0 0 0 -0 0 -0 0 -180
0 180 0 -0 0 0 0 -180 0.00940888 134.74 0 0 0 -0 0 180 0 -180
0 -0 0 -180 0 0 0 -0 0.0557026 -112.768 0 0 0 180 0 0 0 -180
0 -180 0 -180 0 0 0 -180 0.00952891 132.858 0 180 0 0 0 0 0 -180
0 -0 0 -0 0 180 0 -180 0.0520475 -108.8 0 0 0 0 0 0 0 -180
0 -180 0 0 0 -180 0 -180 0.124242 -17.1403 0 -180 0 -180 0 0 0 -180
0 -0 0 180 0 -0 0 -180 1.27241 108.239 0 -0 0 -180 0 0 0 -180
inside=0 lambda=0.647 phi=25 theta=30
0 180 0 -180 0 -180 0 -0 0.10394 -6.98638 0 0 0 180 0 180 0 -180
0 -0 0 -0 0 -180 0 180 1.15958 110.283 0 0 0 -0 0 -0 0 -180
0 180 0 -0 0 0 0 -180 0.016396 134.898 0 0 0 -0 0 180 0 -180
0 -0 0 -180 0 0 0 -0 0.0943853 -111.69 0 0 0 180 0 0 0 -180
0 -180 0 -180 0 -0 0 -180 0.0165107 133.857 0 180 0 0 0 0 0 -180
0 -0 0 -0 0 180 0 -180 0.090893 -109.419 0 0 0 0 0 0 0 -180
0 -180 0 0 0 180 0 -180 0.118648 -14.4704 0 -180 0 -180 0 0 0 -180
0 -0 0 180 0 -0 0 -180 1.24144 108.635 0 -0 0 -180 0 0 0 -180
inside=0 lambda=0.647 phi=25 theta=45
0 180 0 -180 0 -180 0 0 0.111086 -10.8235 0 0 0 180 0 -180 0 -180
0 -0 0 -0 0 -180 0 180 1.20005 109.357 0 0 0 -0 0 -0 0 -180
0 -180 0 -180 0 0 0 -180 0.0190273 134.625 0 0 0 -0 0 180 0 -180
0 -0 0 -180 0 0 0 -0 0.106609 -110.443 0 0 0 180 0 0 0 -180
0 -180 0 -180 0 -0 0 -180 0.0190273 134.625 0 180 0 0 0 0 0 -180
0 -0 0 -0 0 180 0 -180 0.106609 -110.443 0 0 0 0 0 0 0 -180
0 180 0 0 0 180 0 -180 0.111086 -10.8235 0 -180 0 -180 0 0 0 -180
0 -0 0 180 0 -0 0 -0 1.20005 109.357 0 -0 0 -180 0 0 0 -180
inside=0 lambda=0.647 phi=30 theta=0
0 180 0 180 0 -180 0.0369943 -88.9195 0.0761804 4.60717 0 0 0 180 0 180 0 -180
0 -0 0 -0 0 -180 0 0 1.06719 70.6211 0 0 0 -0 0 -0 0 -180
0 180 0 -0 0 0 8.5599e-14 78.5199 6.94618e-13 -104.417 0 0 0 -0 0 180 0 -180
0 -0 0 180 0 0 0 -180 2.46047e-12 170.144 0 -0 0 180 0 -0 0 -180
0 -180 0 -180 0 0 1.08723e-13 -123.276 4.10724e-13 5.35947 0 -0 0 0 0 0 0 -180
0 -180 0 -180 0 0 0 0 2.83851e-12 140.483 0 -0 0 0 0 0 0 -180
0 -180 0 0 0 -180 0.161076 -120.437 0.157711 28.6551 0 -180 0 -180 0 0 0 -180
0 -180 0 0 0 -180 0 -180 1.33577 63.6262 0 -180 0 -180 0 0 0 -180
inside=0 lambda=0.647 phi=30 theta=15
0 180 0 180 0 -180 0 -0 0.0844133 6.52687 0 0 0 180 0 180 0 -180
0 -0 0 -0 0 -180 0 0 1.08628 69.7453 0 0 0 -0 0 -0 0 -180
0 180 0 -0 0 0 0 -180 0.0278555 -131.223 0 0 0 -0 0 180 0 -180
0 -0 0 180 0 0 0 -180 0.101242 -160.859 0 0 0 180 0 -0 0 -180
0 -180 0 -180 0 0 0 -180 0.0270309 -130.926 0 180 0 0 0 0 0 -180
0 -180 0 -180 0 0 0 180 0.0895817 -156.03 0 -0 0 0 0 0 0 -180
0 -180 0 0 0 -180 0 -180 0.155857 28.2901 0 -180 0 -180 0 0 0 -180
0 -180 0 0 0 -180 0 -180 1.3187 63.707 0 -180 0 -180 0 0 0 -180
inside=0 lambda=0.647 phi=30 theta=30
0 180 0 180 0 -180 0 -0 0.0999627 12.8499 0 0 0 180 0 180 0 -180
0 -0 0 -0 0 -180 0 0 1.13149 67.7244 0 0 0 -0 0 -0 0 -180
0 180 0 -180 0 0 0 -180 0.0486188 -132.114 0 0 0 -0 0 180 0 -180
0 -180 0 180 0 0 0 -180 0.166754 -159.608 0 0 0 180 0 -0 0 -180
0 -180 0 -180 0 -0 0 -180 0.0479374 -131.929 0 180 0 0 0 0 0 -180
0 -180 0 -180 0 0 0 180 0.156505 -156.736 0 -0 0 0 0 0 0 -180
0 180 0 0 0 180 0 -180 0.143483 24.8944 0 -180 0 -180 0 0 0 -180
0 -180 0 0 0 -180 0 -180 1.26502 64.2773 0 -180 0 -180 0 0 0 -180
inside=0 lambda=0.647 phi=30 theta=45
0 180 0 -180 0 -180 0 -0 0.122323 19.7936 0 0 0 180 0 180 0 -180
0 -0 0 -180 0 -180 0 0 1.19636 65.6972 0 0 0 -0 0 -180 0 -180
0 180 0 -180 0 0 0 -180 0.0559483 -132.285 0 0 0 -0 0 180 0 -180
0 -180 0 180 0 0 0 -180 0.184964 -158.027 0 0 0 0 0 -0 0 -180
0 180 0 -180 0 -0 0 -180 0.0559483 -132.285 0 180 0 0 0 0 0 -180
0 -180 0 -180 0 0 0 180 0.184964 -158.027 0 -0 0 0 0 0 0 -180
0 180 0 -0 0 180 0 -180 0.122323 19.7936 0 180 0 -180 0 0 0 -180
0 -0 0 0 0 -0 0 -180 1.19636 65.6972 0 -180 0 -180 0 0 0 -180
inside=0 lambda=0.647 phi=35 theta=0
0 180 0 180 0 -180 0.10703 -82.0817 0.0267179 127.914 0 0 0 180 0 180 0 -180
0 -180 0 -180 0 180 0 0 0.977079 21.2216 0 -0 0 -180 0 -180 0 180
0 180 0 -0 0 0 2.16608e-13 13.8627 1.41054e-12 -133.501 0 180 0 -0 0 180 0 -180
0 -180 0 180 0 -0 0 -180 8.33398e-13 110.39 0 0 0 0 0 -0 0 180
0 -180 0 -180 0 0 1.68623e-13 -140.833 1.02551e-12 -148.114 0 180 0 0 0 0 0 -180
0 180 0 180 0 0 0 -180 2.04505e-12 86.8204 0 -0 0 -0 0 -0 0 -180
0 -180 0 0 0 -180 0.187956 -105.688 0.354481 7.22163 0 -180 0 -180 0 0 0 -180
0 180 0 -0 0 180 0 180 1.36347 10.6964 0 -180 0 180 0 -0 0 180
inside=0 lambda=0.647 phi=35 theta=15
0 180 0 180 0 -180 0.0836356 -88.5409 0.0227737 54.39 0 0 0 180 0 180 0 -180
0 -180 0 -180 0 180 0 0 1.00218 19.5693 0 -0 0 -180 0 -180 0 180
0 180 0 -0 0 0 0.00603611 -61.3452 0.0910443 -173.116 0 0 0 -0 0 180 0 -180
0 -180 0 180 0 -0 0 -180 0.161203 144.504 0 -0 0 0 0 -0 0 180
0 -180 0 -180 0 -0 0.0442151 -125.648 0.091108 -173.873 0 180 0 0 0 0 0 -180
0 -180 0 -180 0 0 0 180 0.130695 151.891 0 -0 0 -0 0 -0 0 180
0 -180 0 0 0 180 0.169311 -114.832 0.331443 7.31382 0 -180 0 -180 0 0 0 -180
0 -180 0 0 0 -180 0 180 1.33534 10.6267 0 -180 0 180 0 -0 0 180
inside=0 lambda=0.647 phi=35 theta=30
0 180 0 180 0 -180 0 -0 0.0888237 8.32785 0 0 0 180 0 180 0 -180
0 -180 0 -180 0 180 0 0 1.07268 15.9111 0 -0 0 -180 0 -180 0 180
0 180 0 -180 0 0 0 -180 0.159371 -172.367 0 0 0 -0 0 180 0 -180
0 -180 0 180 0 -0 0 -180 0.255668 145.674 0 -0 0 0 0 -0 0 180
0 180 0 -180 0 -0 0 -180 0.158884 -172.568 0 180 0 0 0 0 0 -180
0 -180 0 -180 0 0 0 180 0.226423 150.51 0 -0 0 -0 0 -0 0 180
0 180 0 -0 0 180 0 -180 0.269709 7.09614 0 180 0 -180 0 0 0 -180
0 -180 0 0 0 -180 0 -180 1.26383 10.9845 0 -180 0 180 0 -0 0 180
inside=0 lambda=0.647 phi=35 theta=45
0 180 0 -180 0 -180 0 -0 0.179649 6.18915 0 0 0 180 0 180 0 -180
0 -180 0 -180 0 180 0 0 1.16474 12.7231 0 -0 0 -180 0 -180 0 180
0 180 0 -180 0 0 0 -180 0.184211 -172.543 0 0 0 -0 0 180 0 -180
0 -180 0 180 0 -0 0 -180 0.271813 148.452 0 -0 0 0 0 -0 0 180
0 180 0 -180 0 -0 0 -180 0.184211 -172.543 0 180 0 0 0 0 0 -180
0 -180 0 -180 0 0 0 180 0.271813 148.452 0 -0 0 -0 0 -0 0 180
0 180 0 -0 0 180 0 -180 0.179649 6.18915 0 180 0 -180 0 0 0 -180
0 -180 0 0 0 -180 0 -180 1.16474 12.7231 0 -180 0 180 0 -0 0 180
inside=0 lambda=0.647 phi=40 theta=0
0 180 0 180 0 -180 0.192281 -59.8026 0.273007 95.5293 0 0 0 180 0 180 0 -180
0 -180 0 -180 0 0 0 -0 0.763811 -36.5474 0 -180 0 -180 0 -180 0 0
0 180 0 -180 0 0 2.22339e-13 -100.834 9.81453e-13 86.3913 0 -180 0 -0 0 0 0 -180
0 -180 0 0 0 -180 0 -0 1.82692e-12 -143.849 0 180 0 0 0 -180 0 0
0 -180 0 -180 0 0 3.69747e-13 31.5181 1.32352e-12 25.1936 0 -0 0 0 0 0 0 -180
0 180 0 180 0 -0 0 0 4.24747e-13 66.1644 0 180 0 -0 0 -0 0 180
0 -180 0 0 0 -180 0.18046 -68.927 0.349498 -45.0318 0 -180 0 -180 0 0 0 -180
0 180 0 -0 0 180 0 180 1.6478 -49.1008 0 180 0 180 0 -0 0 180
inside=0 lambda=0.647 phi=40 theta=15
0 180 0 180 0 -180 0.149194 -73.8814 0.235867 91.2516 0 0 0 180 0 180 0 -180
0 -180 0 -180 0 0 0 -0 0.823504 -41.6032 0 -180 0 -180 0 -180 0 0
0 180 0 -180 0 0 0.0205575 -118.9 0.12132 118.93 0 0 0 -0 0 0 0 -180
0 -180 0 0 0 -180 0 180 0.323016 89.1005 0 -180 0 0 0 -180 0 0
0 -180 0 -180 0 -0 0.0664364 -97.6576 0.127653 117.627 0 0 0 0 0 0 0 -180
0 180 0 180 0 -0 0 0 0.257162 106.295 0 -180 0 -0 0 -0 0 180
0 -180 0 -0 0 180 0.159313 -84.18 0.282913 -44.1696 0 180 0 -180 0 0 0 -180
0 180 0 -0 0 180 0 180 1.60387 -51.498 0 180 0 180 0 -0 0 180
inside=0 lambda=0.647 phi=40 theta=30
0 180 0 180 0 -180 0.0615799 -107.404 0.149597 76.8587 0 0 0 180 0 180 0 -180
0 -180 0 -180 0 0 0 -0 0.995945 -49.594 0 -180 0 -180 0 -180 0 0
0 180 0 -180 0 0 0.0485038 -127.207 0.194042 118.185 0 0 0 -0 0 0 0 -180
0 -180 0 0 0 -180 0 180 0.511513 92.7919 0 -180 0 0 0 -180 0 0
0 180 0 -180 0 -0 0.0676452 -132.282 0.19975 116.932 0 0 0 0 0 0 0 -180
0 180 0 180 0 -0 0 0 0.45401 101.599 0 -180 0 -0 0 -0 0 0
0 180 0 -0 0 180 0.127687 -123.798 0.159799 -33.0574 0 180 0 -180 0 0 0 -180
0 180 0 -0 0 180 0 180 1.45505 -54.2918 0 180 0 180 0 -180 0 0
inside=0 lambda=0.647 phi=40 theta=45
0 180 0 -180 0 -180 0 -0 0.0839387 21.959 0 0 0 180 0 180 0 -180
0 -180 0 -180 0 0 0 -0 1.22976 -54.1888 0 -180 0 180 0 180 0 0
0 180 0 -180 0 0 0 -180 0.222082 118.091 0 0 0 -0 0 0 0 -180
0 180 0 0 0 -180 0 180 0.544779 97.1971 0 -180 0 -0 0 -180 0 0
0 180 0 -180 0 -0 0 -180 0.222082 118.091 0 0 0 0 0 0 0 -180
0 180 0 180 0 -0 0 0 0.544779 97.1971 0 -180 0 -180 0 -180 0 0
0 180 0 -0 0 180 0 -180 0.0839387 21.959 0 180 0 -180 0 0 0 -180
0 -180 0 -0 0 180 0 -180 1.22976 -54.1888 0 180 0 0 0 -180 0 0
inside=0 lambda=0.647 phi=45 theta=0
0 180 0 180 0 -0 0.834426 -64.8117 0.472447 -77.0981 0 180 0 180 0 180 0 -0
0 180 0 180 0 -0 0 -0 0 -0 0 180 0 180 0 180 0 -0
0 180 0 -0 0 0 6.76658e-13 -34.7799 1.33185e-12 148.237 0 -0 0 -0 0 180 0 -180
0 180 0 -0 0 180 0 180 0 -180 0 180 0 -0 0 180 0 -0
0 -180 0 -180 0 0 1.50336e-12 52.1061 2.2408e-12 36.0934 0 -0 0 0 0 0 0 -180
0 0 0 0 0 -180 0 0 0 0 0 -180 0 -180 0 -180 0 0
0 -180 0 0 0 -180 0.467559 -97.3108 0.896689 14.017 0 -180 0 -180 0 0 0 -180
0 0 0 -180 0 0 0 0 0 -180 0 0 0 0 0 -180 0 0
inside=0 lambda=0.647 phi=45 theta=15
0 180 0 180 0 -0 0.632763 -84.8725 0.635368 -81.4715 0 180 0 180 0 180 0 -0
0 180 0 180 0 -0 0 -0 0 -0 0 180 0 180 0 180 0 -0
0 180 0 -0 0 180 0.18254 91.6674 0.214695 -136.919 0 180 0 -0 0 180 0 -0
0 180 0 -0 0 180 0 180 0 -0 0 180 0 -0 0 180 0 -0
0 180 0 180 0 -0 0.201625 -100.22 0.2534 -139.623 0 180 0 0 0 0 0 -180
0 0 0 0 0 -180 0 -0 0 -0 0 180 0 180 0 180 0 -0
0 180 0 -0 0 180 0.294823 -119.194 0.917681 0.939994 0 180 0 -180 0 0 0 -180
0 0 0 -180 0 0 0 0 0 -180 0 0 0 -0 0 180 0 -0
inside=0 lambda=0.647 phi=45 theta=30
0 180 0 180 0 -0 0.235405 -116.104 0.726522 -80.0665 0 180 0 180 0 180 0 -0
0 180 0 180 0 -0 0 -0 0 -180 0 180 0 180 0 180 0 -0
0 180 0 -0 0 180 0.147115 67.9206 0.544388 -143.9 0 180 0 -0 0 180 0 -0
0 180 0 -0 0 180 0 180 0 -0 0 180 0 -0 0 180 0 -0
0 180 0 180 0 -0 0.168206 -141.396 0.566828 -145.239 0 180 0 0 0 0 0 -180
0 180 0 180 0 -180 0 -0 0 -0 0 180 0 180 0 180 0 -0
0 180 0 -0 0 180 0.117457 -168.93 0.81024 -24.4563 0 180 0 -180 0 0 0 -0
0 180 0 -0 0 0 0 180 0 -180 0 0 0 -0 0 180 0 -0
inside=0 lambda=0.647 phi=45 theta=45
0 180 0 180 0 -180 0 -0 0.693775 -58.7645 0 180 0 180 0 180 0 -0
0 180 0 180 0 -0 0 -0 0 -180 0 180 0 180 0 180 0 -0
0 180 0 -0 0 0 0 180 0.720192 -148.764 0 0 0 -0 0 180 0 -0
0 180 0 -0 0 180 0 180 0 -0 0 180 0 -180 0 180 0 -0
0 180 0 180 0 -0 0 -0 0.720192 -148.764 0 180 0 0 0 0 0 -0
0 180 0 180 0 -180 0 -0 0 -0 0 180 0 180 0 180 0 -0
0 180 0 -0 0 180 0 180 0.693775 -58.7645 0 180 0 -180 0 180 0 -0
0 180 0 -0 0 180 0 180 0 -180 0 180 0 -0 0 180 0 -0
inside=1 lambda=0.647 phi=0 theta=0
0 -180 0 -180 0 -180 0 0 0.171952 -150.566 0 0 0 -180 0 -180 0 -180
0 -0 0 -0 0 -0 0 180 0.816225 -158.007 0 180 0 -0 0 -0 0 -0
0 -180 0 0 0 0 0 180 9.6298e-13 39.0712 0 180 0 0 0 -0 0 -180
0 -0 0 180 0 180 0 0 2.48938e-12 -75.8141 0 0 0 180 0 180 0 -0
0 -180 0 0 0 0 0 0 6.65243e-13 0.605382 0 0 0 0 0 180 0 -180
0 -0 0 0 0 180 0 -0 1.85443e-12 -73.5462 0 180 0 180 0 180 0 -0
0 -180 0 0 0 -180 0 -180 0.171952 -150.566 0 -180 0 -180 0 0 0 -180
0 -0 0 180 0 -0 0 -0 0.816225 -158.007 0 -0 0 -0 0 180 0 -0
inside=1 lambda=0.647 phi=0 theta=15
0 -180 0 -180 0 -180 0 0 0.171952 -150.566 0 0 0 -180 0 -180 0 -180
0 -0 0 -0 0 -0 0 180 0.816225 -158.007 0 180 0 -0 0 -0 0 -0
0 -180 0 0 0 0 0 180 9.6298e-13 39.0712 0 180 0 0 0 -0 0 -180
0 -0 0 180 0 180 0 0 2.48938e-12 -75.8141 0 0 0 180 0 180 0 -0
0 -180 0 0 0 0 0 0 6.65243e-13 0.605382 0 0 0 0 0 180 0 -180
0 -0 0 0 0 180 0 -0 1.85443e-12 -73.5462 0 180 0 180 0 180 0 -0
0 -180 0 0 0 -180 0 -180 0.171952 -150.566 0 -180 0 -180 0 0 0 -180
0 -0 0 180 0 -0 0 -0 0.816225 -158.007 0 -0 0 -0 0 180 0 -0
inside=1 lambda=0.647 phi=0 theta=30
0 -180 0 -180 0 -180 0 0 0.171952 -150.566 0 0 0 -180 0 -180 0 -180
0 -0 0 -0 0 -0 0 180 0.816225 -158.007 0 180 0 -0 0 -0 0 -0
0 -180 0 0 0 0 0 180 9.6298e-13 39.0712 0 180 0 0 0 -0 0 -180
0 -0 0 180 0 180 0 0 2.48938e-12 -75.8141 0 0 0 180 0 180 0 -0
0 -180 0 0 0 0 0 0 6.65243e-13 0.605382 0 0 0 0 0 180 0 -180
0 -0 0 0 0 180 0 -0 1.85443e-12 -73.5462 0 180 0 180 0 180 0 -0
0 -180 0 0 0 -180 0 -180 0.171952 -150.566 0 -180 0 -180 0 0 0 -180
0 -0 0 180 0 -0 0 -0 0.816225 -158.007 0 -0 0 -0 0 180 0 -0
inside=1 lambda=0.647 phi=0 theta=45
0 -180 0 -180 0 -180 0 0 0.171952 -150.566 0 0 0 -180 0 -180 0 -180
0 -0 0 -0 0 -0 0 180 0.816225 -158.007 0 180 0 -0 0 -0 0 -0
0 -180 0 0 0 0 0 180 9.6298e-13 39.0712 0 180 0 0 0 -0 0 -180
0 -0 0 180 0 180 0 0 2.48938e-12 -75.8141 0 0 0 180 0 180 0 -0
0 -180 0 0 0 0 0 0 6.65243e-13 0.605382 0 0 0 0 0 180 0 -180
0 -0 0 0 0 180 0 -0 1.85443e-12 -73.5462 0 180 0 180 0 180 0 -0
0 -180 0 0 0 -180 0 -180 0.171952 -150.566 0 -180 0 -180 0 0 0 -180
0 -0 0 180 0 -0 0 -0 0.816225 -158.007 0 -0 0 -0 0 180 0 -0
inside=1 lambda=0.647 phi=5 theta=0
0 -180 0 -180 0 -180 0 0 0.172602 -153.189 0 0 0 -180 0 -180 0 -180
0 -0 0 -0 0 -0 0 180 0.816956 -159.68 0 180 0 -0 0 -0 0 -0
0 -180 0 -0 0 0 0 -0 7.9409e-13 134.7 0 -180 0 0 0 180 0 -180
0 -0 0 -0 0 180 0 180 2.69792e-13 -45.1831 0 0 0 180 0 180 0 -0
0 -180 0 -180 0 0 0 0 2.04455e-13 49.4843 0 -0 0 0 0 0 0 -180
0 -0 0 -0 0 180 0 180 8.14181e-13 115.103 0 -180 0 180 0 180 0 -0
0 -180 0 0 0 -180 0 -180 0.174485 -153.239 0 -180 0 -180 0 0 0 -180
0 -0 0 180 0 -0 0 -0 0.815033 -159.739 0 -0 0 -0 0 180 0 -0
inside=1 lambda=0.647 phi=5 theta=15
0 -180 0 -180 0 -180 0 0 0.172728 -153.192 0 0 0 -180 0 -180 0 -180
0 -0 0 -0 0 -0 0 180 0.816827 -159.684 0 180 0 -0 0 -0 0 -0
0 -180 0 -0 0 0 0 -180 0.000486629 14.1012 0 0 0 0 0 180 0 -180
0 -0 0 -0 0 180 0 -0 0.000605202 -122.389 0 180 0 180 0 180 0 -0
0 -180 0 -180 0 0 0 -0 0.000486505 14.1523 0 180 0 0 0 0 0 -180
0 -0 0 -0 0 180 0 -0 0.000604702 -122.437 0 180 0 180 0 180 0 -0
0 -180 0 0 0 -180 0 -180 0.174359 -153.236 0 -180 0 -180 0 0 0 -180
0 -0 0 180 0 -0 0 -0 0.815162 -159.735 0 -0 0 -0 0 180 0 -0
inside=1 lambda=0.647 phi=5 theta=30
0 -180 0 -180 0 -180 0 0 0.173073 -153.202 0 0 0 -180 0 -180 0 -180
0 -0 0 -0 0 -0 0 180 0.816475 -159.694 0 180 0 -0 0 -0 0 -0
0 -180 0 -0 0 0 0 -180 0.000842821 14.112 0 0 0 0 0 180 0 -180
0 -0 0 -0 0 180 0 -0 0.00104806 -122.399 0 180 0 180 0 180 0 -0
0 -180 0 -180 0 0 0 -0 0.000842696 14.1415 0 180 0 0 0 0 0 -180
0 -0 0 -0 0 180 0 -0 0.00104756 -122.427 0 180 0 180 0 180 0 -0
0 -180 0 0 0 -180 0 -180 0.174014 -153.227 0 -180 0 -180 0 0 0 -180
0 -0 0 180 0 -0 0 -0 0.815513 -159.724 0 -0 0 -0 0 180 0 -0
inside=1 lambda=0.647 phi=5 theta=45
0 -180 0 -180 0 -180 0 0 0.173544 -153.214 0 0 0 -180 0 -180 0 -180
0 -0 0 -0 0 -0 0 180 0.815994 -159.709 0 180 0 -0 0 -0 0 -0
0 -180 0 -0 0 0 0 -180 0.000973134 14.1268 0 0 0 0 0 180 0 -180
0 -0 0 -0 0 180 0 -0 0.0012099 -122.413 0 180 0 180 0 180 0 -0
0 -180 0 -180 0 0 0 -0 0.000973134 14.1268 0 180 0 0 0 0 0 -180
0 -0 0 -0 0 180 0 -0 0.0012099 -122.413 0 180 0 180 0 180 0 -0
0 -180 0 0 0 -180 0 -180 0.173544 -153.214 0 -180 0 -180 0 0 0 -180
0 -0 0 180 0 -0 0 -0 0.815994 -159.709 0 -0 0 -0 0 180 0 -0
inside=1 lambda=0.647 phi=10 theta=0
0 -180 0 -180 0 -180 0 0 0.173787 -160.974 0 0 0 -180 0 -180 0 -180
0 -0 0 -0 0 -0 0 180 0.819291 -164.671 0 180 0 -0 0 -0 0 -0
0 -180 0 -0 0 0 0 180 2.87924e-13 130.733 0 -0 0 0 0 180 0 -180
0 -0 0 -0 0 180 0 0 9.77669e-13 99.9172 0 -0 0 180 0 180 0 -0
0 -180 0 -180 0 0 0 180 6.34843e-13 109.233 0 0 0 0 0 0 0 -180
0 -0 0 -0 0 180 0 -180 7.85295e-13 130.213 0 -180 0 180 0 180 0 -0
0 -180 0 0 0 -180 0 -180 0.181499 -161.101 0 -180 0 -180 0 0 0 -180
0 -0 0 180 0 -0 0 -0 0.811491 -164.905 0 -0 0 -0 0 180 0 -0
inside=1 lambda=0.647 phi=10 theta=15
0 -180 0 -180 0 -180 0 0 0.174304 -160.983 0 0 0 -180 0 -180 0 -180
0 -0 0 -0 0 -0 0 180 0.818767 -164.687 0 180 0 -0 0 -0 0 -0
0 -180 0 -0 0 0 0 -180 0.00197818 7.56337 0 0 0 0 0 180 0 -180
0 -0 0 -0 0 180 0 -0 0.00244119 -127.9 0 180 0 180 0 180 0 -0
0 -180 0 -180 0 0 0 -0 0.00197639 7.77929 0 180 0 0 0 0 0 -180
0 -0 0 -0 0 180 0 -0 0.00243324 -128.094 0 180 0 180 0 180 0 -0
0 -180 0 0 0 -180 0 -180 0.180982 -161.093 0 -180 0 -180 0 0 0 -180
0 -0 0 180 0 -0 0 -0 0.812012 -164.889 0 -0 0 -0 0 180 0 -0
inside=1 lambda=0.647 phi=10 theta=30
0 -180 0 -180 0 -180 0 0 0.175715 -161.009 0 0 0 -180 0 -180 0 -180
0 -0 0 -0 0 -0 0 180 0.817337 -164.729 0 180 0 -0 0 -0 0 -0
0 -180 0 -0 0 0 0 -180 0.00342564 7.6094 0 0 0 0 0 180 0 -180
0 -0 0 -0 0 180 0 -0 0.00422526 -127.942 0 180 0 180 0 180 0 -0
0 -180 0 -180 0 0 0 -0 0.00342385 7.73404 0 180 0 0 0 0 0 -180
0 -0 0 -0 0 180 0 -0 0.00421731 -128.054 0 180 0 180 0 180 0 -0
0 -180 0 0 0 -180 0 -180 0.179571 -161.073 0 -180 0 -180 0 0 0 -180
0 -0 0 180 0 -0 0 -0 0.813437 -164.846 0 -0 0 -0 0 180 0 -0
inside=1 lambda=0.647 phi=10 theta=45
0 -180 0 -180 0 -180 0 0 0.177643 -161.042 0 0 0 -180 0 -180 0 -180
0 -0 0 -0 0 -0 0 180 0.815385 -164.788 0 180 0 -0 0 -0 0 -0
0 -180 0 -0 0 0 0 -180 0.00395455 7.67191 0 0 0 0 0 180 0 -180
0 -0 0 -0 0 180 0 -0 0.00487426 -127.999 0 180 0 180 0 180 0 -0
0 -180 0 -180 0 0 0 -0 0.00395455 7.67191 0 180 0 0 0 0 0 -180
0 -0 0 -0 0 180 0 -0 0.00487426 -127.999 0 180 0 180 0 180 0 -0
0 -180 0 0 0 -180 0 -180 0.177643 -161.042 0 -180 0 -180 0 0 0 -180
0 -0 0 180 0 -0 0 -0 0.815385 -164.788 0 -0 0 -0 0 180 0 -0
inside=1 lambda=0.647 phi=15 theta=0
0 -180 0 -180 0 -180 0 0 0.173304 -173.771 0 0 0 -180 0 -180 0 -180
0 -0 0 -0 0 -0 0 180 0.823665 -172.911 0 180 0 -0 0 -0 0 -0
0 -180 0 -0 0 0 0 -0 1.55085e-13 118.749 0 -0 0 0 0 180 0 -180
0 -0 0 -0 0 180 0 180 3.5249e-13 86.6265 0 -180 0 180 0 180 0 -0
0 -180 0 -180 0 0 0 -0 3.1385e-13 -147.364 0 180 0 0 0 0 0 -180
0 -0 0 -0 0 180 0 180 4.69995e-13 94.1083 0 -0 0 180 0 180 0 -0
0 -180 0 0 0 -180 0 -180 0.191041 -173.776 0 -180 0 -180 0 0 0 -180
0 -0 0 180 0 -0 0 -0 0.805766 -173.42 0 -0 0 -0 0 180 0 -0
inside=1 lambda=0.647 phi=15 theta=15
0 -180 0 -180 0 -180 0 0 0.174492 -173.776 0 0 0 -180 0 -180 0 -180
0 -0 0 -0 0 -0 0 180 0.822459 -172.944 0 180 0 -0 0 -0 0 -0
0 -180 0 -0 0 0 0 -180 0.00450122 -3.0954 0 0 0 0 0 180 0 -180
0 -0 0 -0 0 180 0 -0 0.00555358 -136.925 0 180 0 180 0 180 0 -0
0 -180 0 -180 0 0 0 -0 0.00449414 -2.56479 0 180 0 0 0 0 0 -180
0 -0 0 -0 0 180 0 -0 0.0055136 -137.374 0 180 0 180 0 180 0 -0
0 -180 0 0 0 -180 0 -180 0.189853 -173.78 0 -180 0 -180 0 0 0 -180
0 -0 0 180 0 -0 0 -0 0.806959 -173.385 0 -0 0 -0 0 180 0 -0
inside=1 lambda=0.647 phi=15 theta=30
0 -180 0 -180 0 -180 0 0 0.177738 -173.787 0 0 0 -180 0 -180 0 -180
0 -0 0 -0 0 -0 0 180 0.81917 -173.036 0 180 0 -0 0 -0 0 -0
0 -180 0 -0 0 0 0 -180 0.00779364 -2.98098 0 0 0 0 0 180 0 -180
0 -0 0 -0 0 180 0 -0 0.0096033 -137.028 0 180 0 180 0 180 0 -0
0 -180 0 -180 0 0 0 -0 0.00778657 -2.67488 0 180 0 0 0 0 0 -180
0 -0 0 -0 0 180 0 -0 0.00956336 -137.287 0 180 0 180 0 180 0 -0
0 -180 0 0 0 -180 0 -180 0.186607 -173.789 0 -180 0 -180 0 0 0 -180
0 -0 0 180 0 -0 0 -0 0.810221 -173.29 0 -0 0 -0 0 180 0 -0
inside=1 lambda=0.647 phi=15 theta=45
0 -180 0 -180 0 -180 0 0 0.182172 -173.793 0 0 0 -180 0 -180 0 -180
0 -0 0 -0 0 -0 0 180 0.814689 -173.162 0 180 0 -0 0 -0 0 -0
0 -180 0 -0 0 0 0 -180 0.00899518 -2.82685 0 0 0 0 0 180 0 -180
0 -0 0 -0 0 180 0 -0 0.0110652 -137.162 0 180 0 180 0 180 0 -0
0 -180 0 -180 0 0 0 -0 0.00899518 -2.82685 0 180 0 0 0 0 0 -180
0 -0 0 -0 0 180 0 -0 0.0110652 -137.162 0 180 0 180 0 180 0 -0
0 -180 0 0 0 -180 0 -180 0.182172 -173.793 0 -180 0 -180 0 0 0 -180
0 -0 0 180 0 -0 0 -0 0.814689 -173.162 0 -0 0 -0 0 180 0 -0
inside=1 lambda=0.647 phi=20 theta=0
0 -180 0 -180 0 -180 0 0 0.167963 168.395 0 0 0 -180 0 -180 0 -180
0 -0 0 -0 0 -0 0 180 0.830736 175.708 0 180 0 -0 0 -0 0 -0
0 -180 0 -0 0 0 0 -0 3.41113e-13 101.861 0 -0 0 0 0 180 0 -180
0 -0 0 -180 0 180 0 -0 1.85859e-13 -72.7957 0 0 0 180 0 0 0 -0
0 -180 0 -180 0 0 0 180 3.39752e-13 -164.644 0 -180 0 0 0 0 0 -180
0 -0 0 -0 0 180 0 -180 8.38562e-14 -15.1564 0 180 0 180 0 180 0 -0
0 -180 0 0 0 -180 0 -180 0.199352 169.085 0 -180 0 -180 0 0 0 -180
0 -0 0 180 0 -0 0 -0 0.79831 174.85 0 -0 0 -0 0 180 0 -0
inside=1 lambda=0.647 phi=20 theta=15
0 -180 0 -180 0 -180 0 0 0.170063 168.432 0 0 0 -180 0 -180 0 -180
0 -0 0 -0 0 -0 0 180 0.828544 175.653 0 180 0 -0 0 -0 0 -0
0 -180 0 -0 0 0 0 -180 0.00787281 -17.7298 0 0 0 0 0 180 0 -180
0 -0 0 -180 0 180 0 -0 0.00997539 -149.136 0 180 0 180 0 0 0 -0
0 -180 0 -180 0 0 0 -0 0.00786015 -16.6632 0 0 0 0 0 0 0 -180
0 -0 0 -0 0 180 0 -180 0.00984949 -149.974 0 0 0 180 0 180 0 -0
0 -180 0 0 0 -180 0 -180 0.197248 169.03 0 -180 0 -180 0 0 0 -180
0 -0 0 180 0 -0 0 -0 0.800463 174.91 0 -0 0 -0 0 180 0 -0
inside=1 lambda=0.647 phi=20 theta=30
0 -180 0 -180 0 -180 0 0 0.175803 168.539 0 0 0 -180 0 -180 0 -180
0 -0 0 -0 0 -0 0 180 0.82257 175.5 0 180 0 -0 0 -0 0 -0
0 -180 0 -0 0 0 0 -180 0.0136311 -17.4959 0 0 0 0 0 180 0 -180
0 -0 0 -180 0 180 0 -0 0.0172252 -149.34 0 180 0 180 0 0 0 -0
0 -180 0 -180 0 0 0 -0 0.0136186 -16.8817 0 0 0 0 0 0 0 -180
0 -0 0 -0 0 180 0 -180 0.0170997 -149.823 0 0 0 180 0 180 0 -0
0 -180 0 0 0 -180 0 -180 0.1915 168.885 0 -180 0 -180 0 0 0 -180
0 -0 0 180 0 -0 0 -0 0.806357 175.071 0 -0 0 -0 0 180 0 -0
inside=1 lambda=0.647 phi=20 theta=45
0 -180 0 -180 0 -180 0 0 0.183649 168.703 0 0 0 -180 0 -180 0 -180
0 -0 0 -0 0 -0 0 180 0.814444 175.288 0 180 0 -0 0 -0 0 -0
0 -180 0 -0 0 0 0 -180 0.0157324 -17.1849 0 0 0 0 0 180 0 -180
0 -0 0 -180 0 180 0 -0 0.0198138 -149.595 0 180 0 180 0 0 0 -0
0 -180 0 -180 0 0 0 -0 0.0157324 -17.1849 0 180 0 0 0 0 0 -180
0 -0 0 -0 0 180 0 -180 0.0198138 -149.595 0 0 0 180 0 180 0 -0
0 -180 0 0 0 -180 0 -180 0.183649 168.703 0 -180 0 -180 0 0 0 -180
0 -0 0 180 0 -0 0 -0 0.814444 175.288 0 -0 0 -0 0 180 0 -0
inside=1 lambda=0.647 phi=25 theta=0
0 180 0 -180 0 -180 0 0 0.154793 144.986 0 0 0 180 0 -180 0 -180
0 -0 0 -0 0 -0 0 180 0.841154 161.321 0 180 0 -0 0 -0 0 -0
0 -180 0 -0 0 0 0 0 5.57643e-14 140.915 0 -180 0 0 0 180 0 -180
0 -0 0 -180 0 180 0 -180 4.1543e-14 -27.1577 0 -180 0 180 0 0 0 -0
0 -180 0 -180 0 0 0 0 4.7996e-14 -74.5346 0 -0 0 0 0 0 0 -180
0 -0 0 -0 0 180 0 -180 2.35641e-13 -132.923 0 -180 0 180 0 180 0 -0
0 -180 0 0 0 -180 0 -180 0.200592 147.492 0 -180 0 -180 0 0 0 -180
0 -0 0 180 0 -0 0 -0 0.789941 160.057 0 -0 0 -0 0 180 0 -0
inside=1 lambda=0.647 phi=25 theta=15
0 180 0 -180 0 -180 0 0 0.157842 145.152 0 0 0 180 0 -180 0 -180
0 -0 0 -0 0 -0 0 180 0.837679 161.241 0 180 0 -0 0 -0 0 -0
0 -180 0 -0 0 0 0 -180 0.0113726 -36.5763 0 0 0 0 0 0 0 -180
0 -0 0 -180 0 180 0 -0 0.0157112 -163.937 0 180 0 180 0 0 0 -0
0 -180 0 -180 0 0 0 -0 0.0113743 -34.6063 0 0 0 0 0 0 0 -180
0 -0 0 -0 0 180 0 -180 0.0153985 -165.343 0 0 0 180 0 180 0 -0
0 -180 0 0 0 -180 0 -180 0.197512 147.317 0 -180 0 -180 0 0 0 -180
0 -0 0 180 0 -0 0 -0 0.793327 160.147 0 -0 0 -0 0 180 0 -0
inside=1 lambda=0.647 phi=25 theta=30
0 -180 0 -180 0 -180 0 0 0.166189 145.603 0 0 0 180 0 -180 0 -180
0 -0 0 -0 0 -0 0 180 0.828217 161.018 0 180 0 -0 0 -0 0 -0
0 -180 0 -0 0 0 0 -180 0.0196983 -36.1347 0 0 0 0 0 0 0 -180
0 -0 0 -180 0 180 0 -0 0.0270714 -164.305 0 180 0 180 0 0 0 -0
0 -180 0 -180 0 0 0 -0 0.0197009 -35.0047 0 0 0 0 0 0 0 -180
0 -0 0 -0 0 180 0 -180 0.0267614 -165.115 0 0 0 180 0 180 0 -0
0 -180 0 0 0 -180 0 -180 0.189099 146.848 0 -180 0 -180 0 0 0 -180
0 -0 0 180 0 -0 0 -0 0.80261 160.387 0 -0 0 -0 0 180 0 -0
inside=1 lambda=0.647 phi=25 theta=45
0 -180 0 -180 0 -180 0 0 0.177627 146.221 0 0 0 -180 0 -180 0 -180
0 -0 0 -0 0 -0 0 180 0.815369 160.707 0 180 0 -0 0 -0 0 -0
0 -180 0 -0 0 0 0 -180 0.0227472 -35.5588 0 0 0 0 0 0 0 -180
0 -0 0 -180 0 180 0 -0 0.0310658 -164.745 0 180 0 180 0 0 0 -0
0 -180 0 -180 0 0 0 -0 0.0227472 -35.5588 0 0 0 0 0 0 0 -180
0 -0 0 -0 0 180 0 -180 0.0310658 -164.745 0 0 0 180 0 180 0 -0
0 -180 0 0 0 -180 0 -180 0.177627 146.221 0 -180 0 -180 0 0 0 -180
0 -0 0 180 0 -0 0 -0 0.815369 160.707 0 -0 0 -0 0 180 0 -0
inside=1 lambda=0.647 phi=30 theta=0
0 180 0 180 0 -180 0 0 0.13339 114.528 0 0 0 180 0 180 0 -180
0 -0 0 -0 0 -180 0 180 0.855169 144.105 0 0 0 -0 0 -0 0 -180
0 180 0 -180 0 0 0 180 2.5192e-13 143.089 0 -0 0 -0 0 0 0 -180
0 -0 0 -180 0 180 0 -0 2.78631e-13 -102.398 0 0 0 180 0 0 0 -0
0 -180 0 -180 0 0 0 -0 2.45546e-13 -106.157 0 -0 0 0 0 0 0 -180
0 -0 0 -0 0 180 0 -180 5.4075e-13 -106.544 0 0 0 180 0 180 0 -0
0 -180 0 0 0 -180 0 -180 0.187354 120.566 0 -180 0 -180 0 0 0 -180
0 -0 0 180 0 -0 0 -0 0.781529 142.335 0 -0 0 -0 0 180 0 -0
inside=1 lambda=0.647 phi=30 theta=15
0 180 0 -180 0 -180 0 0 0.136925 114.965 0 0 0 180 0 180 0 -180
0 -0 0 -0 0 -180 0 180 0.850143 143.992 0 0 0 -0 0 -0 0 -180
0 -180 0 -0 0 0 0 -180 0.0133575 -61.0705 0 0 0 -0 0 0 0 -180
0 -0 0 -180 0 180 0 -0 0.0228633 179.509 0 0 0 180 0 0 0 -0
0 -180 0 -180 0 0 0 -0 0.0134337 -57.425 0 0 0 0 0 0 0 -180
0 -0 0 -0 0 180 0 -180 0.0221675 177.311 0 0 0 180 0 180 0 -0
0 -180 0 0 0 -180 0 -180 0.183683 120.168 0 -180 0 -180 0 0 0 -180
0 -0 0 180 0 -0 0 -0 0.78637 142.461 0 -0 0 -0 0 180 0 -0
inside=1 lambda=0.647 phi=30 theta=30
0 -180 0 -180 0 -180 0 0 0.146652 116.118 0 0 0 180 0 -180 0 -180
0 -0 0 -0 0 -180 0 180 0.836483 143.682 0 0 0 -0 0 -0 0 -180
0 -180 0 -0 0 0 0 -180 0.0231659 -60.2306 0 0 0 0 0 0 0 -180
0 -0 0 -180 0 180 0 -0 0.0392573 178.885 0 0 0 180 0 0 0 -0
0 -180 0 -180 0 0 0 -0 0.0232456 -58.1547 0 0 0 0 0 0 0 -180
0 -0 0 -0 0 180 0 -180 0.038574 177.623 0 0 0 180 0 180 0 -0
0 -180 0 0 0 -180 0 -180 0.173674 119.094 0 -180 0 -180 0 0 0 -180
0 -0 0 180 0 -0 0 -0 0.799665 142.799 0 -0 0 -180 0 180 0 -0
inside=1 lambda=0.647 phi=30 theta=45
0 -180 0 -180 0 -180 0 0 0.160091 117.626 0 0 0 180 0 -180 0 -180
0 -0 0 -0 0 -180 0 180 0.817985 143.247 0 0 0 -0 0 -0 0 -0
0 -180 0 -0 0 0 0 -180 0.0267977 -59.1643 0 0 0 0 0 0 0 -180
0 -0 0 -180 0 180 0 -0 0.0448897 178.178 0 180 0 180 0 0 0 -0
0 -180 0 -180 0 0 0 -0 0.0267977 -59.1643 0 0 0 0 0 0 0 -180
0 -0 0 -0 0 180 0 -180 0.0448897 178.178 0 0 0 180 0 180 0 -0
0 -180 0 0 0 180 0 -180 0.160091 117.626 0 -180 0 -180 0 0 0 -180
0 -0 0 180 0 -0 0 -0 0.817985 143.247 0 -0 0 -180 0 0 0 -0
inside=1 lambda=0.647 phi=35 theta=0
0 180 0 180 0 -180 0 0 0.109063 74.5275 0 0 0 180 0 180 0 -180
0 -0 0 -0 0 -180 0 180 0.872476 124.335 0 0 0 -0 0 -0 0 -180
0 180 0 -0 0 0 0 -0 3.13877e-13 -57.5996 0 180 0 -0 0 180 0 -180
0 -0 0 -180 0 0 0 -180 8.97691e-13 28.785 0 0 0 180 0 0 0 -180
0 -180 0 -180 0 0 0 -0 2.01899e-13 -28.3474 0 180 0 0 0 0 0 -180
0 -180 0 -180 0 180 0 -180 8.88774e-13 31.1071 0 0 0 0 0 0 0 -0
0 -180 0 0 0 -180 0 -180 0.153727 84.7723 0 -180 0 -180 0 0 0 -180
0 -180 0 0 0 -0 0 -180 0.772876 121.769 0 -0 0 -180 0 0 0 -0
inside=1 lambda=0.647 phi=35 theta=15
0 180 0 180 0 -180 0 0 0.111883 75.2148 0 0 0 180 0 180 0 -180
0 -0 0 -0 0 -180 0 180 0.865598 124.168 0 0 0 -0 0 -0 0 -180
0 180 0 -0 0 0 0 -180 0.0112709 -98.4326 0 0 0 -0 0 180 0 -180
0 -0 0 -180 0 0 0 -0 0.0320744 161.879 0 0 0 180 0 0 0 -180
0 -180 0 -180 0 0 0 -0 0.0114028 -90.4348 0 0 0 0 0 0 0 -180
0 -0 0 -0 0 180 0 -180 0.030573 158.714 0 0 0 0 0 0 0 -180
0 -180 0 0 0 -180 0 -180 0.150629 84.0349 0 -180 0 -180 0 0 0 -180
0 -0 0 180 0 -0 0 -180 0.779345 121.949 0 -0 0 -180 0 0 0 -180
inside=1 lambda=0.647 phi=35 theta=30
0 180 0 -180 0 -180 0 0 0.119743 77.062 0 0 0 180 0 180 0 -180
0 -0 0 -0 0 -180 0 180 0.846975 123.713 0 0 0 -0 0 -0 0 -180
0 -180 0 -0 0 0 0 -180 0.0195659 -96.5252 0 0 0 -0 0 0 0 -180
0 -0 0 -180 0 0 0 -0 0.0547436 160.897 0 0 0 180 0 0 0 -180
0 -180 0 -180 0 0 0 -0 0.019712 -92.0237 0 0 0 0 0 0 0 -180
0 -0 0 -0 0 180 0 -180 0.0532917 159.084 0 0 0 0 0 0 0 -180
0 -180 0 0 0 180 0 -180 0.142176 82.1016 0 -180 0 -180 0 0 0 -180
0 -0 0 180 0 -0 0 -180 0.797181 122.435 0 -0 0 -180 0 0 0 -180
inside=1 lambda=0.647 phi=35 theta=45
0 -180 0 -180 0 -180 0 0 0.130805 79.5643 0 0 0 180 0 -180 0 -180
0 -0 0 -0 0 -180 0 180 0.821888 123.083 0 0 0 -0 0 -0 0 -180
0 -180 0 -0 0 0 0 -180 0.0226779 -94.1881 0 0 0 -0 0 0 0 -180
0 -0 0 -180 0 0 0 -0 0.0622442 159.843 0 0 0 180 0 0 0 -180
0 -180 0 -180 0 -0 0 -0 0.0226779 -94.1881 0 0 0 0 0 0 0 -180
0 -0 0 -0 0 180 0 -180 0.0622442 159.843 0 0 0 0 0 0 0 -180
0 -180 0 0 0 180 0 -180 0.130805 79.5643 0 -180 0 -180 0 0 0 -180
0 -0 0 180 0 -0 0 -0 0.821888 123.083 0 -0 0 -180 0 0 0 -180
inside=1 lambda=0.647 phi=40 theta=0
0 180 0 180 0 -180 0 -0 0.092158 24.8968 0 0 0 180 0 180 0 -180
0 -0 0 -0 0 -180 0 180 0.892962 102.449 0 0 0 -0 0 -0 0 -180
0 180 0 -0 0 0 0 0 3.3157e-13 -91.3883 0 180 0 -0 0 180 0 -180
0 -0 0 -180 0 0 0 -0 2.83224e-13 80.4788 0 180 0 180 0 0 0 -180
0 -180 0 -180 0 0 0 -0 5.37524e-14 104.311 0 -0 0 0 0 0 0 -180
0 -180 0 -180 0 0 0 -180 2.1464e-13 -147.229 0 -0 0 0 0 0 0 -180
0 -180 0 0 0 -180 0 -180 0.110488 26.9015 0 -180 0 -180 0 0 0 -180
0 -180 0 0 0 -180 0 -180 0.760856 98.4746 0 -180 0 -180 0 0 0 -180
inside=1 lambda=0.647 phi=40 theta=15
0 180 0 180 0 -180 0 -0 0.0933305 24.6226 0 0 0 180 0 180 0 -180
0 -0 0 -0 0 -180 0 180 0.883613 102.178 0 0 0 -0 0 -0 0 -180
0 180 0 -0 0 0 0 -180 0.00851037 160.455 0 0 0 -0 0 180 0 -180
0 -0 0 -180 0 0 0 -180 0.0451139 142.749 0 0 0 180 0 0 0 -180
0 -180 0 -180 0 0 0 -0 0.00654068 173.106 0 180 0 0 0 0 0 -180
0 -180 0 -180 0 0 0 -180 0.0419468 138.701 0 0 0 0 0 0 0 -180
0 -180 0 0 0 -180 0 -180 0.109545 26.2399 0 -180 0 -180 0 0 0 -180
0 -180 0 0 0 -0 0 -180 0.76921 98.7447 0 -180 0 -180 0 0 0 -180
inside=1 lambda=0.647 phi=40 theta=30
0 180 0 180 0 -180 0 -0 0.0967513 24.076 0 0 0 180 0 180 0 -180
0 -0 0 -0 0 -180 0 180 0.858496 101.462 0 0 0 -0 0 -0 0 -180
0 180 0 -0 0 0 0 -180 0.0138786 163.184 0 0 0 -0 0 180 0 -180
0 -0 0 -180 0 0 0 -180 0.0762658 141.339 0 0 0 180 0 0 0 -180
0 -180 0 -180 0 -0 0 -0 0.0120195 170.345 0 180 0 0 0 0 0 -180
0 -0 0 -180 0 180 0 -180 0.0732767 139.023 0 0 0 0 0 0 0 -180
0 -180 0 0 0 180 0 -180 0.106395 24.9342 0 180 0 -180 0 0 0 -180
0 -0 0 180 0 -0 0 -180 0.792447 99.4891 0 -180 0 -180 0 0 0 -180
inside=1 lambda=0.647 phi=40 theta=45
0 180 0 -180 0 -180 0 0 0.101616 24.0547 0 0 0 180 0 180 0 -180
0 -0 0 -180 0 -180 0 180 0.825026 100.488 0 0 0 -0 0 -0 0 -180
0 -180 0 -0 0 0 0 -180 0.014886 166.773 0 0 0 -0 0 180 0 -180
0 -0 0 -180 0 0 0 -180 0.0860083 139.929 0 0 0 180 0 0 0 -180
0 -180 0 -180 0 -0 0 -0 0.014886 166.773 0 180 0 0 0 0 0 -180
0 -0 0 -180 0 180 0 -180 0.0860083 139.929 0 0 0 0 0 0 0 -180
0 180 0 0 0 180 0 -180 0.101616 24.0547 0 180 0 -180 0 0 0 -180
0 -0 0 180 0 -0 0 -180 0.825026 100.488 0 -0 0 -180 0 0 0 -180
inside=1 lambda=0.647 phi=45 theta=0
0 180 0 180 0 -180 0 -0 0.0848148 -26.2498 0 0 0 180 0 180 0 -180
0 -0 0 -0 0 -180 0.0149492 3.79394 0.91691 79.0972 0 0 0 -0 0 -0 0 -180
0 180 0 -0 0 0 0 0 2.15059e-13 -58.6476 0 -180 0 -0 0 180 0 -180
0 -0 0 180 0 0 3.74572e-13 -1.10611 9.81785e-14 -16.8704 0 -180 0 180 0 -0 0 -180
0 -180 0 -180 0 0 0 -0 5.15634e-14 26.2231 0 180 0 0 0 0 0 -180
0 -180 0 -180 0 0 7.76117e-15 5.16361 1.50963e-13 156.101 0 0 0 0 0 0 0 -180
0 -180 0 0 0 -180 0 -180 0.129192 -59.0993 0 -180 0 -180 0 0 0 -180
0 -180 0 0 0 -180 0.108264 -147.797 0.73802 72.9602 0 -180 0 -180 0 0 0 -180
inside=1 lambda=0.647 phi=45 theta=15
0 180 0 180 0 -180 0 -0 0.0847856 -29.6706 0 0 0 180 0 180 0 -180
0 -0 0 -0 0 -180 0 180 0.904925 78.593 0 0 0 -0 0 -0 0 -180
0 180 0 -0 0 0 0 -180 0.0277671 79.7817 0 0 0 -0 0 180 0 -180
0 -0 0 180 0 0 0 -180 0.0643717 120.463 0 0 0 180 0 -0 0 -180
0 -180 0 -180 0 -0 0 -0 0.0238078 81.6468 0 180 0 0 0 0 0 -180
0 -180 0 -180 0 0 0 180 0.0581415 115.898 0 0 0 0 0 0 0 -180
0 -180 0 0 0 180 0 -180 0.12715 -57.6965 0 180 0 -180 0 0 0 -180
0 -180 0 0 0 -180 0 -180 0.749666 73.3 0 -180 0 -180 0 0 0 -180
inside=1 lambda=0.647 phi=45 theta=30
0 180 0 180 0 -180 0 -0 0.0913192 -38.9909 0 0 0 180 0 180 0 -180
0 -0 0 -180 0 -180 0 180 0.869988 77.472 0 0 0 -0 0 -0 0 -180
0 180 0 -0 0 0 0 -180 0.0463569 80.4553 0 0 0 -0 0 180 0 -180
0 -0 0 180 0 0 0 -180 0.10737 118.568 0 0 0 180 0 -0 0 -180
0 180 0 -180 0 -0 0 -0 0.0427251 81.5889 0 180 0 0 0 0 0 -180
0 -180 0 -180 0 0 0 180 0.101752 115.924 0 -0 0 0 0 0 0 -180
0 180 0 -0 0 180 0 -180 0.11784 -54.8099 0 180 0 -180 0 0 0 -180
0 -180 0 0 0 -0 0 -180 0.780292 74.445 0 -180 0 -180 0 0 0 -180
inside=1 lambda=0.647 phi=45 theta=45
0 180 0 180 0 -180 0 -0 0.103875 -48.5906 0 0 0 180 0 180 0 -180
0 -0 0 -180 0 -180 0 0 0.824147 75.9867 0 0 0 -0 0 -180 0 -180
0 180 0 -0 0 0 0 -180 0.0512862 81.0682 0 0 0 -0 0 180 0 -180
0 -180 0 180 0 0 0 -180 0.119984 116.843 0 0 0 180 0 -0 0 -180
0 180 0 -180 0 -0 0 -0 0.0512862 81.0682 0 180 0 0 0 0 0 -180
0 -180 0 -180 0 180 0 180 0.119984 116.843 0 -0 0 0 0 0 0 -180
0 180 0 -0 0 180 0 180 0.103875 -48.5906 0 180 0 -180 0 0 0 -180
0 -0 0 0 0 -0 0 -180 0.824147 75.9867 0 -180 0 -180 0 0 0 -180
