RSoft_BSDF_File_Version 2
1 0 5 2 1 1.28
0.3 0.3
-1 1
-1 1
1 0.647 0.647
10 0 45 0.5
4 0 45
Begin_Dispersion_Data
0.647 1.45662 0 1 0 0
End_Dispersion_Data
inside=0 lambda=0.647 phi=0 theta=0
0 -180 0 -180 0 -180 0 0 0.185865 -0.0150181 0 0 0 -180 0 -180 0 -180
0 180 0 180 0 180 0 -0 1.18587 -7.48558 0 -0 0 180 0 180 0 180
0 -180 0 -0 0 0 0 -0 1.55168e-15 -98.2165 0 -0 0 0 0 180 0 -180
0 180 0 0 0 -0 0 0 1.74751e-13 -97.47 0 0 0 -0 0 -180 0 180
0 -180 0 -0 0 0 0 -0 1.48959e-15 -97.2828 0 180 0 0 0 180 0 -180
0 180 0 0 0 -0 0 0 1.68203e-13 -97.4455 0 -180 0 -0 0 -180 0 180
0 -180 0 0 0 -180 0 -180 0.185865 -0.0150181 0 -180 0 -180 0 0 0 -180
0 180 0 -0 0 180 0 180 1.18587 -7.48558 0 180 0 180 0 -0 0 180
inside=0 lambda=0.647 phi=0 theta=15
0 -180 0 -180 0 -180 0 0 0.185865 -0.0150181 0 0 0 -180 0 -180 0 -180
0 180 0 180 0 180 0 -0 1.18587 -7.48558 0 -0 0 180 0 180 0 180
0 -180 0 -0 0 0 0 -0 1.55168e-15 -98.2165 0 -0 0 0 0 180 0 -180
0 180 0 0 0 -0 0 0 1.74751e-13 -97.47 0 0 0 -0 0 -180 0 180
0 -180 0 -0 0 0 0 -0 1.48959e-15 -97.2828 0 180 0 0 0 180 0 -180
0 180 0 0 0 -0 0 0 1.68203e-13 -97.4455 0 -180 0 -0 0 -180 0 180
0 -180 0 0 0 -180 0 -180 0.185865 -0.0150181 0 -180 0 -180 0 0 0 -180
0 180 0 -0 0 180 0 180 1.18587 -7.48558 0 180 0 180 0 -0 0 180
inside=0 lambda=0.647 phi=0 theta=30
0 -180 0 -180 0 -180 0 0 0.185865 -0.0150181 0 0 0 -180 0 -180 0 -180
0 180 0 180 0 180 0 -0 1.18587 -7.48558 0 -0 0 180 0 180 0 180
0 -180 0 -0 0 0 0 -0 1.55168e-15 -98.2165 0 -0 0 0 0 180 0 -180
0 180 0 0 0 -0 0 0 1.74751e-13 -97.47 0 0 0 -0 0 -180 0 180
0 -180 0 -0 0 0 0 -0 1.48959e-15 -97.2828 0 180 0 0 0 180 0 -180
0 180 0 0 0 -0 0 0 1.68203e-13 -97.4455 0 -180 0 -0 0 -180 0 180
0 -180 0 0 0 -180 0 -180 0.185865 -0.0150181 0 -180 0 -180 0 0 0 -180
0 180 0 -0 0 180 0 180 1.18587 -7.48558 0 180 0 180 0 -0 0 180
inside=0 lambda=0.647 phi=0 theta=45
0 -180 0 -180 0 -180 0 0 0.185865 -0.0150181 0 0 0 -180 0 -180 0 -180
0 180 0 180 0 180 0 -0 1.18587 -7.48558 0 -0 0 180 0 180 0 180
0 -180 0 -0 0 0 0 -0 1.55168e-15 -98.2165 0 -0 0 0 0 180 0 -180
0 180 0 0 0 -0 0 0 1.74751e-13 -97.47 0 0 0 -0 0 -180 0 180
0 -180 0 -0 0 0 0 -0 1.48959e-15 -97.2828 0 180 0 0 0 180 0 -180
0 180 0 0 0 -0 0 0 1.68203e-13 -97.4455 0 -180 0 -0 0 -180 0 180
0 -180 0 0 0 -180 0 -180 0.185865 -0.0150181 0 -180 0 -180 0 0 0 -180
0 180 0 -0 0 180 0 180 1.18587 -7.48558 0 180 0 180 0 -0 0 180
inside=0 lambda=0.647 phi=5 theta=0
0 180 0 -180 0 -180 0 0 0.18377 -0.0265756 0 0 0 180 0 -180 0 -180
0 180 0 180 0 180 0 -0 1.18379 -13.2434 0 -0 0 180 0 180 0 180
0 -180 0 -0 0 0 0 180 1.28807e-15 75.2536 0 -0 0 0 0 180 0 -180
0 180 0 0 0 -0 0 -180 8.32478e-14 75.5627 0 180 0 -0 0 -180 0 180
0 -180 0 -180 0 0 0 180 6.19056e-16 56.4726 0 -0 0 0 0 0 0 -180
0 180 0 180 0 -0 0 -180 3.99136e-14 58.2266 0 0 0 -0 0 -0 0 180
0 -180 0 0 0 -180 0 -180 0.187931 -0.0270867 0 -180 0 -180 0 0 0 -180
0 180 0 -0 0 180 0 180 1.18796 -13.2453 0 180 0 180 0 -0 0 180
inside=0 lambda=0.647 phi=5 theta=15
0 -180 0 -180 0 -180 0 0 0.184048 -0.0266106 0 0 0 180 0 -180 0 -180
0 180 0 180 0 180 0 -0 1.18407 -13.2435 0 -0 0 180 0 180 0 180
0 -180 0 -0 0 0 0 -180 0.00104043 179.95 0 0 0 0 0 180 0 -180
0 180 0 0 0 -0 0 180 0.00104078 166.214 0 -0 0 -0 0 -180 0 180
0 -180 0 -180 0 0 0 -0 0.00104043 179.95 0 180 0 0 0 0 0 -180
0 180 0 180 0 -0 0 0 0.00104078 166.214 0 -180 0 -0 0 -0 0 180
0 -180 0 0 0 -180 0 -180 0.187652 -0.0270531 0 -180 0 -180 0 0 0 -180
0 180 0 -0 0 180 0 180 1.18768 -13.2452 0 180 0 180 0 -0 0 180
inside=0 lambda=0.647 phi=5 theta=30
0 -180 0 -180 0 -180 0 0 0.18481 -0.0267055 0 0 0 -180 0 -180 0 -180
0 180 0 180 0 180 0 -0 1.18484 -13.2439 0 -0 0 180 0 180 0 180
0 -180 0 -0 0 0 0 -180 0.00180207 179.95 0 0 0 0 0 180 0 -180
0 180 0 0 0 -0 0 180 0.00180268 166.214 0 -0 0 -0 0 -180 0 180
0 -180 0 -180 0 0 0 -0 0.00180207 179.95 0 180 0 0 0 0 0 -180
0 180 0 180 0 -0 0 0 0.00180268 166.214 0 -180 0 -0 0 -0 0 180
0 -180 0 0 0 -180 0 -180 0.186891 -0.026961 0 -180 0 -180 0 0 0 -180
0 180 0 -0 0 180 0 180 1.18692 -13.2448 0 180 0 180 0 -0 0 180
inside=0 lambda=0.647 phi=5 theta=45
0 -180 0 -180 0 -180 0 0 0.18585 -0.026834 0 0 0 -180 0 -180 0 -180
0 180 0 180 0 180 0 -0 1.18588 -13.2443 0 -0 0 180 0 180 0 180
0 -180 0 -0 0 0 0 -180 0.00208086 179.95 0 0 0 0 0 180 0 -180
0 180 0 0 0 -0 0 180 0.00208155 166.214 0 -0 0 -0 0 -180 0 180
0 -180 0 -180 0 0 0 -0 0.00208086 179.95 0 180 0 0 0 0 0 -180
0 180 0 180 0 -0 0 0 0.00208155 166.214 0 -180 0 -0 0 -0 0 180
0 -180 0 0 0 -180 0 -180 0.18585 -0.026834 0 -180 0 -180 0 0 0 -180
0 180 0 -0 0 180 0 180 1.18588 -13.2443 0 180 0 180 0 -0 0 180
inside=0 lambda=0.647 phi=10 theta=0
0 180 0 -180 0 -180 0 0 0.177195 -0.0515904 0 0 0 180 0 -180 0 -180
0 180 0 180 0 180 0 -0 1.17731 -30.6257 0 -0 0 180 0 180 0 180
0 180 0 -0 0 0 0 -0 4.09229e-15 -120.9 0 180 0 -0 0 180 0 -180
0 180 0 0 0 -0 0 0 1.17849e-13 -120.381 0 -180 0 -0 0 -180 0 180
0 -180 0 -180 0 0 0 180 2.94974e-15 -120.921 0 180 0 0 0 0 0 -180
0 180 0 180 0 -0 0 -180 8.27308e-14 -120.356 0 -180 0 -0 0 -0 0 180
0 -180 0 0 0 -180 0 -180 0.194314 -0.0555434 0 -180 0 -180 0 0 0 -180
0 180 0 -0 0 180 0 180 1.19445 -30.6332 0 180 0 180 0 -0 0 180
inside=0 lambda=0.647 phi=10 theta=15
0 180 0 -180 0 -180 0 0 0.178342 -0.0518789 0 0 0 180 0 -180 0 -180
0 180 0 180 0 180 0 -0 1.17846 -30.6262 0 -0 0 180 0 180 0 180
0 180 0 -0 0 0 0 -180 0.00427962 179.904 0 0 0 -0 0 180 0 -180
0 180 0 0 0 -0 0 180 0.00428576 148.853 0 -0 0 -0 0 -180 0 180
0 -180 0 -180 0 0 0 -180 0.00427962 179.904 0 180 0 0 0 0 0 -180
0 180 0 180 0 -0 0 0 0.00428576 148.853 0 -180 0 -0 0 -0 0 180
0 -180 0 0 0 -180 0 -180 0.193167 -0.0553004 0 -180 0 -180 0 0 0 -180
0 180 0 -0 0 180 0 180 1.1933 -30.6327 0 180 0 180 0 -0 0 180
inside=0 lambda=0.647 phi=10 theta=30
0 180 0 -180 0 -180 0 0 0.181475 -0.0526485 0 0 0 180 0 -180 0 -180
0 180 0 180 0 180 0 -0 1.1816 -30.6276 0 -0 0 180 0 180 0 180
0 180 0 -0 0 0 0 -180 0.00741252 179.904 0 0 0 -0 0 180 0 -180
0 180 0 0 0 -0 0 180 0.00742315 148.853 0 -0 0 -0 0 -180 0 180
0 -180 0 -180 0 0 0 -0 0.00741252 179.904 0 180 0 0 0 0 0 -180
0 180 0 180 0 -0 0 0 0.00742315 148.853 0 -180 0 -0 0 -0 0 180
0 -180 0 0 0 180 0 -180 0.190034 -0.0546218 0 -180 0 -180 0 0 0 -180
0 180 0 -0 0 180 0 180 1.19017 -30.6313 0 180 0 180 0 -0 0 180
inside=0 lambda=0.647 phi=10 theta=45
0 180 0 -180 0 -180 0 0 0.185754 -0.0536578 0 0 0 180 0 -180 0 -180
0 180 0 180 0 180 0 -0 1.18588 -30.6295 0 -0 0 180 0 180 0 180
0 -180 0 -0 0 0 0 -180 0.00855924 179.904 0 0 0 -0 0 180 0 -180
0 180 0 0 0 -0 0 180 0.00857151 148.853 0 -0 0 -0 0 -180 0 180
0 -180 0 -180 0 -0 0 -0 0.00855924 179.904 0 180 0 0 0 0 0 -180
0 180 0 180 0 -0 0 0 0.00857151 148.853 0 -180 0 -0 0 -0 0 180
0 180 0 0 0 180 0 -180 0.185754 -0.0536578 0 -180 0 -180 0 0 0 -180
0 180 0 -0 0 180 0 180 1.18588 -30.6295 0 180 0 180 0 -0 0 180
inside=0 lambda=0.647 phi=15 theta=0
0 180 0 -180 0 -180 0 -0 0.165294 -0.0471336 0 0 0 180 0 -180 0 -180
0 180 0 180 0 0 0 -0 1.16558 -59.9938 0 -180 0 180 0 180 0 0
0 180 0 -0 0 0 0 -0 1.61705e-15 -150.217 0 180 0 -0 0 180 0 -180
0 180 0 0 0 -180 0 -0 2.67865e-14 -149.226 0 -180 0 -0 0 -180 0 0
0 -180 0 -180 0 0 0 -0 1.35891e-15 -150.174 0 -0 0 0 0 0 0 -180
0 180 0 180 0 -0 0 -0 2.31043e-14 -149.231 0 0 0 -0 0 -0 0 180
0 -180 0 0 0 -180 0 -180 0.205701 -0.0568313 0 -180 0 -180 0 0 0 -180
0 180 0 -0 0 180 0 0 1.20615 -60.0111 0 180 0 180 0 -0 0 180
inside=0 lambda=0.647 phi=15 theta=15
0 180 0 -180 0 -180 0 -0 0.168 -0.047929 0 0 0 180 0 -180 0 -180
0 180 0 180 0 0 0 -0 1.16829 -59.995 0 -180 0 180 0 180 0 0
0 180 0 -0 0 0 0 -180 0.010102 179.904 0 0 0 -0 0 180 0 -180
0 180 0 0 0 -180 0 180 0.0101434 119.489 0 -180 0 -0 0 -180 0 0
0 -180 0 -180 0 0 0 -180 0.010102 179.904 0 180 0 0 0 0 0 -180
0 180 0 180 0 -0 0 0 0.0101434 119.489 0 -180 0 -0 0 -180 0 180
0 -180 0 0 0 180 0 -180 0.202995 -0.0563023 0 -180 0 -180 0 0 0 -180
0 180 0 -0 0 180 0 0 1.20343 -60.01 0 180 0 0 0 -180 0 180
inside=0 lambda=0.647 phi=15 theta=30
0 180 0 -180 0 -180 0 0 0.175396 -0.0499769 0 0 0 180 0 -180 0 -180
0 180 0 180 0 0 0 -0 1.17572 -59.9982 0 -180 0 180 0 180 0 0
0 180 0 -0 0 0 0 -180 0.0174971 179.904 0 0 0 -0 0 180 0 -180
0 180 0 0 0 -180 0 180 0.0175689 119.489 0 -180 0 -0 0 -180 0 0
0 -180 0 -180 0 -0 0 -180 0.0174971 179.904 0 180 0 0 0 0 0 -180
0 180 0 180 0 -0 0 0 0.0175689 119.489 0 -180 0 -180 0 -180 0 0
0 180 0 0 0 180 0 -180 0.195599 -0.0547825 0 -180 0 -180 0 0 0 -180
0 180 0 -0 0 180 0 180 1.19601 -60.0069 0 180 0 0 0 -180 0 0
inside=0 lambda=0.647 phi=15 theta=45
0 180 0 -180 0 -180 0 0 0.185497 -0.0525105 0 0 0 180 0 -180 0 -180
0 180 0 180 0 0 0 -0 1.18586 -60.0026 0 -180 0 180 0 180 0 0
0 180 0 -180 0 0 0 -180 0.0202039 179.904 0 0 0 -0 0 180 0 -180
0 180 0 0 0 -180 0 180 0.0202868 119.489 0 -180 0 -0 0 -180 0 0
0 180 0 -180 0 -0 0 -180 0.0202039 179.904 0 180 0 0 0 0 0 -180
0 180 0 180 0 -0 0 0 0.0202868 119.489 0 -180 0 -180 0 -180 0 0
0 180 0 0 0 180 0 -180 0.185497 -0.0525105 0 -180 0 -180 0 0 0 -180
0 180 0 -0 0 180 0 180 1.18586 -60.0026 0 180 0 0 0 -180 0 0
inside=0 lambda=0.647 phi=20 theta=0
0 180 0 180 0 -180 0 -0 0.146556 0.0180316 0 0 0 180 0 180 0 -180
0 180 0 180 0 0 0 -180 1.14681 -102.082 0 -180 0 180 0 180 0 0
0 180 0 -0 0 0 0 180 9.30407e-16 -11.9695 0 0 0 -0 0 180 0 -180
0 180 0 -0 0 -180 0 180 1.32304e-14 -10.9753 0 -0 0 -0 0 180 0 0
0 -180 0 -180 0 0 0 180 9.98172e-16 -11.9394 0 180 0 0 0 0 0 -180
0 0 0 0 0 -180 0 180 1.18034e-14 -11.6569 0 180 0 -180 0 -180 0 0
0 -180 0 0 0 -180 0 -180 0.223877 0.0285118 0 -180 0 -180 0 0 0 -180
0 0 0 -180 0 0 0 0 1.22454 -102.118 0 0 0 0 0 -180 0 0
inside=0 lambda=0.647 phi=20 theta=15
0 180 0 -180 0 -180 0 -0 0.151736 0.0190664 0 0 0 180 0 180 0 -180
0 180 0 180 0 0 0 -180 1.15202 -102.084 0 -180 0 180 0 180 0 0
0 180 0 -0 0 0 0 -180 0.0193302 -179.952 0 0 0 -0 0 180 0 -180
0 180 0 -0 0 -180 0 0 0.019434 77.3539 0 -180 0 -0 0 180 0 0
0 -180 0 -180 0 -0 0 -180 0.0193302 -179.952 0 180 0 0 0 0 0 -180
0 0 0 0 0 -180 0 -0 0.0194339 77.3541 0 180 0 -180 0 -180 0 0
0 -180 0 0 0 180 0 -180 0.218698 0.0280406 0 -180 0 -180 0 0 0 -180
0 0 0 -180 0 0 0 0 1.21933 -102.115 0 0 0 0 0 -180 0 0
inside=0 lambda=0.647 phi=20 theta=30
0 180 0 -180 0 -180 0 -0 0.165886 0.0215648 0 0 0 180 0 180 0 -180
0 180 0 0 0 0 0 -180 1.16624 -102.091 0 -180 0 180 0 180 0 0
0 180 0 -180 0 0 0 -180 0.0334809 -179.952 0 0 0 -0 0 180 0 -180
0 180 0 -0 0 -180 0 0 0.0336606 77.3539 0 -180 0 -0 0 180 0 0
0 180 0 -180 0 -0 0 -180 0.0334809 -179.952 0 180 0 0 0 0 0 -180
0 0 0 0 0 -0 0 -0 0.0336606 77.3541 0 180 0 -180 0 -180 0 0
0 180 0 0 0 180 0 -180 0.204547 0.0266323 0 -180 0 -180 0 0 0 -180
0 180 0 -180 0 180 0 0 1.20511 -102.109 0 0 0 0 0 -180 0 0
inside=0 lambda=0.647 phi=20 theta=45
0 180 0 -180 0 -180 0 -0 0.185217 0.0243622 0 0 0 180 0 -180 0 -180
0 180 0 0 0 0 0 -180 1.18567 -102.1 0 -180 0 180 0 0 0 0
0 180 0 -180 0 0 0 -180 0.0386604 -179.952 0 0 0 -0 0 180 0 -180
0 180 0 -0 0 -180 0 0 0.0388679 77.354 0 -180 0 -0 0 180 0 0
0 180 0 -180 0 -0 0 -180 0.0386604 -179.952 0 180 0 0 0 0 0 -180
0 180 0 0 0 -0 0 -0 0.0388679 77.354 0 180 0 -180 0 -180 0 0
0 180 0 -0 0 180 0 -180 0.185217 0.0243622 0 -180 0 -180 0 0 0 -180
0 180 0 -180 0 180 0 0 1.18567 -102.1 0 0 0 0 0 -180 0 0
inside=0 lambda=0.647 phi=25 theta=0
0 180 0 180 0 -180 0 -0 0.1176 0.014366 0 0 0 180 0 180 0 -180
0 0 0 0 0 -0 0 -180 1.11761 -158.289 0 180 0 0 0 0 0 -0
0 180 0 -0 0 0 0 180 3.36067e-16 111.918 0 -0 0 -0 0 180 0 -180
0 0 0 -0 0 180 0 0 1.24044e-14 111.883 0 -0 0 -180 0 180 0 -0
0 -180 0 -180 0 0 0 180 2.91571e-16 112.88 0 -0 0 0 0 0 0 -180
0 0 0 0 0 -180 0 0 9.64953e-15 112.11 0 -0 0 -180 0 -180 0 0
0 -180 0 0 0 -180 0 -180 0.252295 0.0510898 0 -180 0 -180 0 0 0 -180
0 0 0 -180 0 0 0 -0 1.25241 -158.351 0 0 0 0 0 -180 0 0
inside=0 lambda=0.647 phi=25 theta=15
0 180 0 180 0 -180 0 -0 0.126623 0.0192633 0 0 0 180 0 180 0 -180
0 0 0 0 0 -0 0 -180 1.12664 -158.294 0 180 0 0 0 0 0 -0
0 180 0 -0 0 0 0 -180 0.0336738 -179.917 0 0 0 -0 0 180 0 -180
0 0 0 -0 0 180 0 0 0.0337018 21.1375 0 180 0 -180 0 180 0 -0
0 -180 0 -180 0 -0 0 -180 0.0336738 -179.917 0 180 0 0 0 0 0 -180
0 0 0 0 0 -180 0 -0 0.0337017 21.138 0 180 0 180 0 180 0 -0
0 180 0 0 0 180 0 -180 0.243272 0.0499004 0 -180 0 -180 0 0 0 -180
0 0 0 -180 0 0 0 -0 1.24338 -158.347 0 0 0 -0 0 180 0 -0
inside=0 lambda=0.647 phi=25 theta=30
0 180 0 -180 0 -180 0 -0 0.151274 0.0296703 0 0 0 180 0 180 0 -180
0 0 0 0 0 -0 0 -180 1.15131 -158.306 0 180 0 0 0 0 0 -0
0 180 0 -180 0 0 0 -180 0.0583247 -179.917 0 0 0 -0 0 180 0 -180
0 0 0 -0 0 180 0 0 0.0583732 21.1377 0 180 0 -180 0 180 0 -0
0 180 0 -180 0 -0 0 -180 0.0583247 -179.917 0 180 0 0 0 0 0 -180
0 0 0 0 0 -180 0 -0 0.0583731 21.138 0 180 0 180 0 180 0 -0
0 180 0 -0 0 180 0 -180 0.218621 0.0461495 0 -180 0 -180 0 0 0 -180
0 0 0 -180 0 0 0 0 1.21871 -158.337 0 0 0 -0 0 180 0 -0
inside=0 lambda=0.647 phi=25 theta=45
0 180 0 -180 0 -180 0 -0 0.184948 0.0394091 0 0 0 180 0 180 0 -180
0 0 0 0 0 -0 0 -180 1.18501 -158.322 0 180 0 0 0 0 0 -0
0 180 0 -180 0 0 0 -180 0.0673475 -179.917 0 0 0 -0 0 180 0 -180
0 0 0 -0 0 180 0 0 0.0674035 21.1379 0 180 0 -180 0 180 0 -0
0 180 0 -180 0 -0 0 -180 0.0673475 -179.917 0 180 0 0 0 0 0 -180
0 0 0 0 0 -180 0 -0 0.0674035 21.1379 0 180 0 180 0 180 0 -0
0 180 0 -0 0 180 0 -180 0.184948 0.0394091 0 180 0 -180 0 0 0 -180
0 0 0 -180 0 0 0 0 1.18501 -158.322 0 0 0 -0 0 180 0 -0
inside=0 lambda=0.647 phi=30 theta=0
0 180 0 180 0 -180 0.000228928 -112.418 0.0710332 0.101245 0 0 0 180 0 180 0 -180
0 0 0 0 0 -180 0 180 1.07086 128.578 0 0 0 0 0 0 0 -180
0 180 0 -0 0 0 2.21169e-16 140.293 6.54978e-17 87.1248 0 -0 0 -0 0 180 0 -180
0 -0 0 -180 0 0 0 0 2.09289e-16 -125.096 0 180 0 180 0 0 0 -180
0 -180 0 -180 0 0 1.09018e-15 -119.22 1.15466e-15 -154.615 0 -0 0 0 0 0 0 -180
0 -0 0 -0 0 180 0 -180 1.35614e-14 29.2346 0 -180 0 180 0 180 0 -0
0 -180 0 0 0 -180 0.000850577 -130.66 0.29549 -0.0775668 0 -180 0 -180 0 0 0 -180
0 -0 0 180 0 -0 0 -0 1.29621 128.492 0 -0 0 -0 0 180 0 -0
inside=0 lambda=0.647 phi=30 theta=15
0 180 0 180 0 -180 0 -0 0.0860689 0.0600439 0 0 0 180 0 180 0 -180
0 0 0 0 0 -180 0 180 1.08596 128.571 0 0 0 0 0 0 0 -180
0 180 0 -0 0 0 0 -180 0.0561144 179.866 0 0 0 -0 0 180 0 -180
0 -0 0 -180 0 0 0 -0 0.0563379 -51.9188 0 0 0 180 0 0 0 -180
0 180 0 -180 0 -0 0 -180 0.0561144 179.866 0 180 0 0 0 0 0 -180
0 -0 0 -0 0 180 0 -180 0.0563379 -51.918 0 0 0 180 0 180 0 -0
0 180 0 -0 0 180 0 -180 0.280454 -0.0745197 0 -180 0 -180 0 0 0 -180
0 -0 0 180 0 -0 0 -0 1.28111 128.497 0 -0 0 -0 0 180 0 -180
inside=0 lambda=0.647 phi=30 theta=30
0 180 0 180 0 -180 0 -0 0.127147 -0.00269968 0 0 0 180 0 180 0 -180
0 0 0 -0 0 -180 0 180 1.1272 128.554 0 0 0 0 0 -0 0 -180
0 180 0 -180 0 0 0 180 0.0971931 179.866 0 0 0 -0 0 180 0 -180
0 -0 0 -180 0 0 0 -0 0.0975801 -51.9185 0 0 0 180 0 0 0 -180
0 180 0 180 0 -0 0 -180 0.0971931 179.866 0 180 0 0 0 0 0 -180
0 -0 0 -0 0 180 0 -180 0.09758 -51.918 0 0 0 0 0 0 0 -180
0 180 0 -0 0 180 0 -180 0.239376 -0.0642962 0 180 0 -180 0 0 0 -180
0 -0 0 180 0 -0 0 -0 1.23987 128.511 0 -0 0 -180 0 0 0 -180
inside=0 lambda=0.647 phi=30 theta=45
0 180 0 -180 0 -180 0 -0 0.183261 -0.0429288 0 0 0 180 0 180 0 -180
0 -0 0 -0 0 -180 0 180 1.18353 128.531 0 0 0 -0 0 -0 0 -180
0 180 0 -180 0 0 0 180 0.112229 179.866 0 0 0 -0 0 180 0 -180
0 -0 0 -180 0 0 0 -0 0.112676 -51.9182 0 0 0 180 0 0 0 -180
0 180 0 180 0 -0 0 -180 0.112229 179.866 0 180 0 0 0 0 0 -180
0 -0 0 -0 0 180 0 -180 0.112676 -51.9182 0 0 0 0 0 0 0 -180
0 180 0 -0 0 180 0 -180 0.183261 -0.0429288 0 180 0 -180 0 0 0 -180
0 -0 0 180 0 -0 0 -0 1.18353 128.531 0 -0 0 -180 0 0 0 -180
inside=0 lambda=0.647 phi=35 theta=0
0 180 0 180 0 -180 0.000767228 -111.483 0.0113016 -177.894 0 0 0 180 0 180 0 -180
0 -0 0 -0 0 180 0 0 0.988448 32.0802 0 -0 0 -0 0 -0 0 180
0 180 0 -0 0 0 6.81103e-16 -21.3417 1.24136e-16 -60.1581 0 180 0 -0 0 180 0 -180
0 -0 0 180 0 -0 0 0 2.48049e-15 122.714 0 -0 0 180 0 -0 0 180
0 -180 0 -180 0 0 1.03052e-14 -128.467 9.36486e-16 -59.335 0 180 0 0 0 0 0 -180
0 -180 0 -180 0 0 0 0 1.46815e-14 121.566 0 -0 0 0 0 0 0 -180
0 -180 0 0 0 -180 0.00107886 -112.28 0.369008 0.0856023 0 -180 0 -180 0 0 0 -180
0 -180 0 0 0 -180 0 180 1.36955 31.9123 0 -180 0 -180 0 0 0 -180
inside=0 lambda=0.647 phi=35 theta=15
0 180 0 180 0 -180 0.000570006 -115.962 0.0141858 -1.41704 0 0 0 180 0 180 0 -180
0 -0 0 -0 0 180 0 0 1.01398 32.0649 0 -0 0 -0 0 -0 0 180
0 180 0 -180 0 0 4.16983e-05 70.3013 0.0950755 -179.854 0 0 0 -0 0 180 0 -180
0 -0 0 180 0 -0 0 -180 0.0952797 -148.526 0 -0 0 180 0 -0 0 180
0 180 0 180 0 -0 0.000292601 -138.459 0.0950755 -179.854 0 180 0 0 0 0 0 -180
0 -180 0 -180 0 0 0 180 0.0952793 -148.524 0 -0 0 -0 0 -0 0 180
0 180 0 -0 0 180 0.000945972 -120.398 0.343532 0.0811582 0 -180 0 -180 0 0 0 -180
0 -180 0 0 0 -180 0 -180 1.34402 31.9205 0 -180 0 180 0 -0 0 180
inside=0 lambda=0.647 phi=35 theta=30
0 180 0 180 0 -180 0 -0 0.0837816 -0.119148 0 0 0 180 0 180 0 -180
0 -0 0 -0 0 180 0 0 1.08372 32.027 0 -0 0 -0 0 -0 0 180
0 180 0 -180 0 0 0 180 0.164676 -179.854 0 0 0 -0 0 180 0 -180
0 -180 0 180 0 -0 0 -180 0.165029 -148.525 0 -0 0 0 0 -0 0 180
0 180 0 180 0 -0 0 -180 0.164676 -179.854 0 180 0 0 0 0 0 -180
0 -180 0 -180 0 0 0 180 0.165029 -148.524 0 -0 0 -0 0 -0 0 180
0 180 0 -0 0 180 0 -180 0.273932 0.064759 0 180 0 -180 0 0 0 -180
0 -180 0 0 0 -180 0 -180 1.27427 31.9447 0 -180 0 180 0 -0 0 180
inside=0 lambda=0.647 phi=35 theta=45
0 180 0 180 0 -180 0 -0 0.178857 0.0216722 0 0 0 180 0 180 0 -180
0 -0 0 -180 0 180 0 0 1.179 31.9825 0 -0 0 -0 0 -180 0 180
0 180 0 -180 0 0 0 180 0.190151 -179.854 0 0 0 -0 0 180 0 -180
0 -180 0 180 0 -0 0 -180 0.190559 -148.525 0 -0 0 0 0 -0 0 180
0 180 0 180 0 -0 0 -180 0.190151 -179.854 0 180 0 0 0 0 0 -180
0 -180 0 -180 0 0 0 180 0.190559 -148.525 0 -0 0 -0 0 -0 0 180
0 180 0 -0 0 180 0 180 0.178857 0.0216722 0 180 0 -180 0 0 0 -180
0 -0 0 0 0 -0 0 -180 1.179 31.9825 0 -180 0 180 0 -0 0 180
inside=0 lambda=0.647 phi=40 theta=0
0 180 0 180 0 -180 0.00189215 -115.885 0.195889 -179.674 0 0 0 180 0 180 0 -180
0 180 0 180 0 -0 0 -0 0.801372 -108.706 0 180 0 180 0 180 0 -0
0 180 0 -0 0 0 1.20652e-13 -14.4299 3.3259e-14 161.16 0 -0 0 -0 0 180 0 -180
0 180 0 -0 0 180 0 -0 3.3617e-13 167.018 0 -0 0 -0 0 180 0 -0
0 -180 0 -180 0 0 3.28524e-13 -125.062 1.30816e-14 160.92 0 -0 0 0 0 0 0 -180
0 0 0 0 0 -180 0 -0 5.21857e-14 159.895 0 -0 0 -180 0 -180 0 0
0 -180 0 0 0 -180 0.00156524 -104.601 0.518948 0.0856699 0 -180 0 -180 0 0 0 -180
0 0 0 -180 0 0 0 0 1.52363 -109.029 0 0 0 0 0 -180 0 0
inside=0 lambda=0.647 phi=40 theta=15
0 180 0 180 0 -180 0.00139019 -122.284 0.148005 -179.618 0 0 0 180 0 180 0 -180
0 180 0 180 0 -0 0 -0 0.849754 -108.745 0 180 0 180 0 180 0 -0
0 180 0 -180 0 0 0.000282531 58.2961 0.178709 -179.848 0 0 0 -0 0 180 0 -180
0 180 0 -0 0 180 0 180 0.180572 70.6087 0 180 0 -0 0 180 0 -0
0 180 0 180 0 -0 0.000604647 -138.196 0.178709 -179.848 0 180 0 0 0 0 0 -180
0 180 0 0 0 -0 0 -0 0.180571 70.6108 0 180 0 -180 0 -180 0 0
0 180 0 -0 0 180 0.00123163 -112.227 0.471064 0.0789695 0 180 0 -180 0 0 0 -180
0 180 0 -0 0 180 0 0 1.47525 -109.018 0 0 0 0 0 -180 0 0
inside=0 lambda=0.647 phi=40 theta=30
0 180 0 180 0 -180 0.000404687 -136.779 0.0171903 -177.858 0 0 0 180 0 180 0 -180
0 180 0 180 0 -0 0 -0 0.981934 -108.832 0 180 0 180 0 180 0 -0
0 180 0 -180 0 0 0.000117745 45.3474 0.309535 -179.848 0 0 0 -0 0 180 0 -180
0 180 0 -0 0 180 0 180 0.312759 70.6097 0 180 0 -0 0 180 0 -0
0 180 0 180 0 -0 0.000505583 -156.721 0.309535 -179.848 0 180 0 0 0 0 0 -180
0 180 0 180 0 -0 0 -0 0.312758 70.6107 0 180 0 -180 0 -180 0 0
0 180 0 -0 0 180 0.000755292 -141.509 0.34024 0.0510178 0 180 0 -180 0 0 0 -180
0 180 0 -0 0 180 0 180 1.34306 -108.982 0 180 0 0 0 -180 0 -0
inside=0 lambda=0.647 phi=40 theta=45
0 180 0 180 0 -180 0 -0 0.16153 -0.0602354 0 0 0 180 0 180 0 -180
0 180 0 180 0 0 0 -0 1.1625 -108.919 0 180 0 180 0 180 0 -0
0 180 0 -180 0 0 0 180 0.357421 -179.848 0 0 0 -0 0 180 0 -180
0 180 0 -0 0 -180 0 180 0.361142 70.6104 0 -180 0 -0 0 180 0 -0
0 180 0 180 0 -0 0 -180 0.357421 -179.848 0 180 0 0 0 0 0 -180
0 180 0 180 0 -0 0 -0 0.361142 70.6104 0 180 0 -180 0 -180 0 -0
0 180 0 -0 0 180 0 180 0.16153 -0.0602354 0 180 0 -180 0 0 0 -180
0 180 0 -0 0 180 0 180 1.1625 -108.919 0 180 0 0 0 180 0 -0
inside=0 lambda=0.647 phi=45 theta=0
0 0 0 0 0 -180 0.00394368 -166.624 0.999991 126.624 0 0 0 0 0 0 0 -180
0 -180 0 -180 0 0 0 0 0 0 0 -180 0 -180 0 -180 0 0
0 0 0 -180 0 0 2.40121e-15 132.169 2.33292e-15 140.35 0 -0 0 -180 0 0 0 -180
0 -180 0 0 0 -180 0 -180 0 -180 0 0 0 0 0 -180 0 0
0 180 0 180 0 -0 4.15973e-13 172.057 3.33337e-12 138.158 0 180 0 -0 0 -0 0 180
0 180 0 180 0 -0 0 0 0 -0 0 -0 0 -0 0 -0 0 180
0 180 0 -0 0 180 0.00205394 -132.686 0.999998 -26.7576 0 180 0 180 0 -0 0 180
0 180 0 -0 0 180 0 180 0 -0 0 180 0 180 0 -0 0 180
inside=0 lambda=0.647 phi=45 theta=15
0 0 0 0 0 -180 0.00258288 -173.134 0.873636 124.655 0 0 0 0 0 0 0 -180
0 -180 0 -180 0 0 0 0 0 0 0 -180 0 -180 0 -180 0 0
0 0 0 -180 0 0 0.00107191 -0.543928 0.48657 139.933 0 0 0 -180 0 0 0 -180
0 -180 0 0 0 -180 0 -180 0 180 0 -180 0 0 0 -180 0 0
0 180 0 180 0 -0 0.00105875 -178.561 0.48657 139.933 0 0 0 0 0 0 0 -180
0 -180 0 -180 0 0 0 180 0 180 0 -180 0 -0 0 -0 0 180
0 180 0 -0 0 180 0.00139058 -130.934 0.87364 -24.789 0 180 0 -180 0 0 0 -180
0 -180 0 0 0 -180 0 180 0 -0 0 -180 0 180 0 -0 0 180
inside=0 lambda=0.647 phi=45 theta=30
0 0 0 0 0 -180 0.000790739 -177.616 0.538281 114.612 0 0 0 0 0 0 0 -180
0 -180 0 -180 0 0 0 0 0 0 0 -180 0 -180 0 -180 0 0
0 0 0 -180 0 0 0.000831266 -23.101 0.842765 139.933 0 0 0 -180 0 0 0 -180
0 -180 0 0 0 -180 0 -180 0 180 0 -180 0 0 0 -180 0 0
0 180 0 180 0 -0 0.000822645 168.501 0.842764 139.933 0 0 0 0 0 0 0 -180
0 -180 0 -180 0 0 0 0 0 180 0 -180 0 -0 0 -0 0 0
0 0 0 -0 0 0 0.000667458 -127.184 0.538281 -14.7471 0 180 0 -180 0 0 0 -180
0 -180 0 0 0 -180 0 -180 0 -0 0 -180 0 180 0 -180 0 0
inside=0 lambda=0.647 phi=45 theta=45
0 0 0 0 0 -180 0 -180 0.230212 49.9325 0 0 0 0 0 0 0 -180
0 -180 0 -180 0 0 0 0 0 0 0 -180 0 -180 0 -180 0 0
0 0 0 -180 0 0 0 0 0.97314 139.933 0 0 0 -180 0 0 0 -180
0 -180 0 0 0 -180 0 -180 0 180 0 -180 0 0 0 -180 0 0
0 0 0 0 0 -180 0 -180 0.97314 139.933 0 0 0 0 0 0 0 -180
0 -180 0 -180 0 0 0 0 0 180 0 -180 0 -180 0 -180 0 0
0 0 0 -180 0 0 0 0 0.230212 49.9325 0 0 0 -180 0 0 0 -180
0 -180 0 0 0 -180 0 -180 0 0 0 -180 0 0 0 -180 0 0
inside=1 lambda=0.647 phi=0 theta=0
0 -180 0 -180 0 -180 0 0 0.185865 165.044 0 0 0 -180 0 -180 0 -180
0 180 0 180 0 180 0 -0 0.814129 -7.48558 0 -0 0 180 0 180 0 180
0 -180 0 180 0 0 0 180 5.32387e-14 -105.17 0 180 0 0 0 -0 0 -180
0 180 0 -180 0 -0 0 -180 1.19972e-13 82.5155 0 -180 0 -0 0 0 0 180
0 -180 0 180 0 0 0 -0 5.12487e-14 -105.193 0 180 0 0 0 -0 0 -180
0 180 0 -180 0 -0 0 0 1.15476e-13 82.5143 0 -180 0 -0 0 0 0 180
0 -180 0 0 0 -180 0 -180 0.185865 165.044 0 -180 0 -180 0 0 0 -180
0 180 0 -0 0 180 0 180 0.814129 -7.48558 0 180 0 180 0 -0 0 180
inside=1 lambda=0.647 phi=0 theta=15
0 -180 0 -180 0 -180 0 0 0.185865 165.044 0 0 0 -180 0 -180 0 -180
0 180 0 180 0 180 0 -0 0.814129 -7.48558 0 -0 0 180 0 180 0 180
0 -180 0 180 0 0 0 180 5.32387e-14 -105.17 0 180 0 0 0 -0 0 -180
0 180 0 -180 0 -0 0 -180 1.19972e-13 82.5155 0 -180 0 -0 0 0 0 180
0 -180 0 180 0 0 0 -0 5.12487e-14 -105.193 0 180 0 0 0 -0 0 -180
0 180 0 -180 0 -0 0 0 1.15476e-13 82.5143 0 -180 0 -0 0 0 0 180
0 -180 0 0 0 -180 0 -180 0.185865 165.044 0 -180 0 -180 0 0 0 -180
0 180 0 -0 0 180 0 180 0.814129 -7.48558 0 180 0 180 0 -0 0 180
inside=1 lambda=0.647 phi=0 theta=30
0 -180 0 -180 0 -180 0 0 0.185865 165.044 0 0 0 -180 0 -180 0 -180
0 180 0 180 0 180 0 -0 0.814129 -7.48558 0 -0 0 180 0 180 0 180
0 -180 0 180 0 0 0 180 5.32387e-14 -105.17 0 180 0 0 0 -0 0 -180
0 180 0 -180 0 -0 0 -180 1.19972e-13 82.5155 0 -180 0 -0 0 0 0 180
0 -180 0 180 0 0 0 -0 5.12487e-14 -105.193 0 180 0 0 0 -0 0 -180
0 180 0 -180 0 -0 0 0 1.15476e-13 82.5143 0 -180 0 -0 0 0 0 180
0 -180 0 0 0 -180 0 -180 0.185865 165.044 0 -180 0 -180 0 0 0 -180
0 180 0 -0 0 180 0 180 0.814129 -7.48558 0 180 0 180 0 -0 0 180
inside=1 lambda=0.647 phi=0 theta=45
0 -180 0 -180 0 -180 0 0 0.185865 165.044 0 0 0 -180 0 -180 0 -180
0 180 0 180 0 180 0 -0 0.814129 -7.48558 0 -0 0 180 0 180 0 180
0 -180 0 180 0 0 0 180 5.32387e-14 -105.17 0 180 0 0 0 -0 0 -180
0 180 0 -180 0 -0 0 -180 1.19972e-13 82.5155 0 -180 0 -0 0 0 0 180
0 -180 0 180 0 0 0 -0 5.12487e-14 -105.193 0 180 0 0 0 -0 0 -180
0 180 0 -180 0 -0 0 0 1.15476e-13 82.5143 0 -180 0 -0 0 0 0 180
0 -180 0 0 0 -180 0 -180 0.185865 165.044 0 -180 0 -180 0 0 0 -180
0 180 0 -0 0 180 0 180 0.814129 -7.48558 0 180 0 180 0 -0 0 180
inside=1 lambda=0.647 phi=5 theta=0
0 -180 0 -180 0 -180 0 0 0.184885 159.634 0 0 0 -180 0 -180 0 -180
0 180 0 180 0 180 0 -0 0.815105 -10.1935 0 -0 0 180 0 180 0 180
0 -180 0 -0 0 0 0 180 6.7292e-15 -111.131 0 -0 0 0 0 180 0 -180
0 180 0 0 0 -0 0 -180 1.52934e-14 79.4726 0 0 0 -0 0 -180 0 180
0 -180 0 -180 0 0 0 -0 1.05686e-13 -110.807 0 180 0 0 0 0 0 -180
0 180 0 180 0 -0 0 0 2.40786e-13 79.7977 0 -180 0 -0 0 -0 0 180
0 -180 0 0 0 -180 0 -180 0.186834 159.632 0 -180 0 -180 0 0 0 -180
0 180 0 -0 0 180 0 180 0.813155 -10.1944 0 180 0 180 0 -0 0 180
inside=1 lambda=0.647 phi=5 theta=15
0 -180 0 -180 0 -180 0 0 0.185015 159.634 0 0 0 -180 0 -180 0 -180
0 180 0 180 0 180 0 -0 0.814974 -10.1935 0 -0 0 180 0 180 0 180
0 -180 0 -0 0 0 0 -180 0.000487316 -20.5201 0 0 0 0 0 180 0 -180
0 180 0 0 0 -0 0 180 0.000487373 -9.81886 0 -0 0 -0 0 -180 0 180
0 -180 0 -180 0 0 0 -0 0.000487316 -20.5201 0 180 0 0 0 0 0 -180
0 180 0 180 0 -0 0 0 0.000487373 -9.81886 0 -180 0 -0 0 -0 0 180
0 -180 0 0 0 -180 0 -180 0.186704 159.632 0 -180 0 -180 0 0 0 -180
0 180 0 -0 0 180 0 180 0.813286 -10.1943 0 180 0 180 0 -0 0 180
inside=1 lambda=0.647 phi=5 theta=30
0 -180 0 -180 0 -180 0 0 0.185372 159.633 0 0 0 -180 0 -180 0 -180
0 180 0 180 0 180 0 -0 0.814617 -10.1937 0 -0 0 180 0 180 0 180
0 -180 0 -0 0 0 0 -180 0.000844056 -20.5201 0 0 0 0 0 180 0 -180
0 180 0 0 0 -0 0 180 0.000844155 -9.81886 0 -0 0 -0 0 -180 0 180
0 -180 0 -180 0 0 0 -0 0.000844056 -20.5201 0 180 0 0 0 0 0 -180
0 180 0 180 0 -0 0 0 0.000844155 -9.81886 0 -180 0 -0 0 -0 0 180
0 -180 0 0 0 -180 0 -180 0.186347 159.632 0 -180 0 -180 0 0 0 -180
0 180 0 -0 0 180 0 180 0.813643 -10.1942 0 180 0 180 0 -0 0 180
inside=1 lambda=0.647 phi=5 theta=45
0 -180 0 -180 0 -180 0 0 0.185859 159.633 0 0 0 -180 0 -180 0 -180
0 180 0 180 0 180 0 -0 0.81413 -10.1939 0 -0 0 180 0 180 0 180
0 -180 0 -0 0 0 0 -180 0.000974632 -20.5201 0 0 0 0 0 180 0 -180
0 180 0 0 0 -0 0 180 0.000974747 -9.81886 0 -0 0 -0 0 -180 0 180
0 -180 0 -180 0 0 0 -0 0.000974632 -20.5201 0 180 0 0 0 0 0 -180
0 180 0 180 0 -0 0 0 0.000974747 -9.81886 0 -180 0 -0 0 -0 0 180
0 -180 0 0 0 -180 0 -180 0.185859 159.633 0 -180 0 -180 0 0 0 -180
0 180 0 -0 0 180 0 180 0.81413 -10.1939 0 180 0 180 0 -0 0 180
inside=1 lambda=0.647 phi=10 theta=0
0 -180 0 -180 0 -180 0 0 0.181896 143.442 0 0 0 -180 0 -180 0 -180
0 180 0 180 0 180 0 -0 0.818072 -18.2966 0 -0 0 180 0 180 0 180
0 -180 0 -180 0 0 0 180 1.34618e-15 52.4426 0 180 0 0 0 0 0 -180
0 180 0 0 0 -0 0 -180 3.13147e-15 -107.75 0 -180 0 -0 0 -180 0 180
0 -180 0 -180 0 0 0 180 9.30983e-16 -129.232 0 -0 0 0 0 0 0 -180
0 180 0 180 0 -0 0 -180 2.1606e-15 69.4604 0 0 0 -0 0 -0 0 180
0 -180 0 0 0 -180 0 -180 0.189763 143.437 0 -180 0 -180 0 0 0 -180
0 180 0 -0 0 180 0 180 0.810202 -18.3001 0 180 0 180 0 -0 0 180
inside=1 lambda=0.647 phi=10 theta=15
0 -180 0 -180 0 -180 0 0 0.182423 143.442 0 0 0 -180 0 -180 0 -180
0 180 0 180 0 180 0 -0 0.817545 -18.2968 0 -0 0 180 0 180 0 180
0 -180 0 -0 0 0 0 -180 0.00196681 -36.6984 0 0 0 0 0 0 0 -180
0 180 0 0 0 -0 0 180 0.00196743 -17.932 0 -0 0 -0 0 -180 0 180
0 -180 0 -180 0 0 0 -0 0.00196681 -36.6984 0 0 0 0 0 0 0 -180
0 180 0 180 0 -0 0 0 0.00196743 -17.932 0 -180 0 -0 0 -0 0 180
0 -180 0 0 0 -180 0 -180 0.189236 143.437 0 -180 0 -180 0 0 0 -180
0 180 0 -0 0 180 0 180 0.810729 -18.2999 0 180 0 180 0 -0 0 180
inside=1 lambda=0.647 phi=10 theta=30
0 -180 0 -180 0 -180 0 0 0.183863 143.441 0 0 0 -180 0 -180 0 -180
0 180 0 180 0 180 0 -0 0.816104 -18.2975 0 -0 0 180 0 180 0 180
0 -180 0 -0 0 0 0 -180 0.00340661 -36.6984 0 0 0 0 0 0 0 -180
0 180 0 0 0 -0 0 180 0.00340769 -17.932 0 -0 0 -0 0 -180 0 180
0 -180 0 -180 0 0 0 -0 0.00340661 -36.6984 0 0 0 0 0 0 0 -180
0 180 0 180 0 -0 0 0 0.00340769 -17.932 0 -180 0 -0 0 -0 0 180
0 -180 0 0 0 -180 0 -180 0.187797 143.438 0 -180 0 -180 0 0 0 -180
0 180 0 -0 0 180 0 180 0.81217 -18.2992 0 180 0 180 0 -0 0 180
inside=1 lambda=0.647 phi=10 theta=45
0 -180 0 -180 0 -180 0 0 0.18583 143.439 0 0 0 -180 0 -180 0 -180
0 180 0 180 0 180 0 -0 0.814137 -18.2984 0 -0 0 180 0 180 0 180
0 -180 0 -0 0 0 0 -180 0.00393362 -36.6984 0 0 0 0 0 0 0 -180
0 180 0 0 0 -0 0 180 0.00393486 -17.932 0 -0 0 -0 0 -180 0 180
0 -180 0 -180 0 0 0 -0 0.00393362 -36.6984 0 0 0 0 0 0 0 -180
0 180 0 180 0 -0 0 0 0.00393486 -17.932 0 -180 0 -0 0 -0 0 180
0 -180 0 0 0 -180 0 -180 0.18583 143.439 0 -180 0 -180 0 0 0 -180
0 180 0 -0 0 180 0 180 0.814137 -18.2984 0 180 0 180 0 -0 0 180
inside=1 lambda=0.647 phi=15 theta=0
0 180 0 -180 0 -180 0 0 0.176764 116.586 0 0 0 180 0 -180 0 -180
0 180 0 180 0 180 0 -0 0.82315 -31.7333 0 -0 0 180 0 180 0 180
0 -180 0 -180 0 0 0 -0 5.33279e-15 22.6565 0 0 0 0 0 0 0 -180
0 180 0 0 0 -0 0 0 1.27924e-14 -121.493 0 0 0 -0 0 -180 0 180
0 -180 0 -180 0 0 0 180 4.94664e-15 22.5776 0 -0 0 0 0 0 0 -180
0 180 0 180 0 -0 0 -180 1.2154e-14 -121.294 0 0 0 -0 0 -0 0 180
0 -180 0 0 0 -180 0 -180 0.194728 116.574 0 -180 0 -180 0 0 0 -180
0 180 0 -0 0 180 0 180 0.805171 -31.7412 0 180 0 180 0 -0 0 180
inside=1 lambda=0.647 phi=15 theta=15
0 180 0 -180 0 -180 0 0 0.177967 116.585 0 0 0 180 0 -180 0 -180
0 180 0 180 0 180 0 -0 0.821946 -31.7339 0 -0 0 180 0 180 0 180
0 -180 0 -180 0 0 0 -180 0.0044911 -63.5384 0 0 0 0 0 0 0 -180
0 180 0 0 0 -0 0 180 0.00449489 -31.3821 0 -0 0 -0 0 -180 0 180
0 -180 0 -180 0 0 0 -180 0.0044911 -63.5383 0 0 0 0 0 0 0 -180
0 180 0 180 0 -0 0 0 0.00449489 -31.3822 0 -180 0 -0 0 -0 0 180
0 -180 0 0 0 -180 0 -180 0.193525 116.575 0 -180 0 -180 0 0 0 -180
0 180 0 -0 0 180 0 180 0.806376 -31.7406 0 180 0 180 0 -0 0 180
inside=1 lambda=0.647 phi=15 theta=30
0 180 0 -180 0 -180 0 0 0.181255 116.583 0 0 0 180 0 -180 0 -180
0 180 0 180 0 180 0 -0 0.818656 -31.7353 0 -0 0 180 0 180 0 180
0 -180 0 -180 0 0 0 -180 0.00777881 -63.5383 0 0 0 0 0 0 0 -180
0 180 0 0 0 -0 0 180 0.00778538 -31.3821 0 -0 0 -0 0 -180 0 180
0 -180 0 -180 0 0 0 -180 0.00777881 -63.5383 0 0 0 0 0 0 0 -180
0 180 0 180 0 -0 0 0 0.00778537 -31.3821 0 -180 0 -0 0 -0 0 180
0 -180 0 0 0 -180 0 -180 0.190237 116.577 0 -180 0 -180 0 0 0 -180
0 180 0 -0 0 180 0 180 0.809666 -31.7392 0 180 0 180 0 -0 0 180
inside=1 lambda=0.647 phi=15 theta=45
0 -180 0 -180 0 -180 0 0 0.185746 116.58 0 0 0 -180 0 -180 0 -180
0 180 0 180 0 180 0 -0 0.814161 -31.7372 0 -0 0 180 0 180 0 180
0 -180 0 -180 0 0 0 -180 0.0089822 -63.5383 0 0 0 0 0 0 0 -180
0 180 0 0 0 -0 0 180 0.00898978 -31.3821 0 -0 0 -0 0 -180 0 180
0 -180 0 -180 0 0 0 -180 0.0089822 -63.5383 0 0 0 0 0 0 0 -180
0 180 0 180 0 -0 0 0 0.00898978 -31.3821 0 -180 0 -0 0 -0 0 180
0 -180 0 0 0 -180 0 -180 0.185746 116.58 0 -180 0 -180 0 0 0 -180
0 180 0 -0 0 180 0 180 0.814161 -31.7372 0 180 0 180 0 -0 0 180
inside=1 lambda=0.647 phi=20 theta=0
0 180 0 -180 0 -180 0 0 0.169286 79.252 0 0 0 180 0 -180 0 -180
0 180 0 180 0 0 0 -0 0.830545 -50.4015 0 -180 0 180 0 180 0 0
0 180 0 -180 0 0 0 180 2.925e-15 -19.9061 0 -0 0 -0 0 0 0 -180
0 180 0 0 0 -180 0 -180 7.02524e-15 -140.493 0 0 0 -0 0 -180 0 0
0 -180 0 -180 0 0 0 180 2.66084e-15 -21.5879 0 180 0 0 0 0 0 -180
0 180 0 180 0 -0 0 -180 6.74063e-15 -141.129 0 -180 0 -0 0 -0 0 180
0 -180 0 0 0 -180 0 -180 0.201885 79.2328 0 -180 0 -180 0 0 0 -180
0 180 0 -0 0 180 0 0 0.797888 -50.4155 0 180 0 180 0 -0 0 180
inside=1 lambda=0.647 phi=20 theta=15
0 180 0 -180 0 -180 0 0 0.17147 79.2505 0 0 0 180 0 -180 0 -180
0 180 0 180 0 0 0 -0 0.828358 -50.4024 0 -180 0 180 0 180 0 0
0 180 0 -180 0 0 0 -180 0.0081498 -100.867 0 0 0 -0 0 0 0 -180
0 180 0 0 0 -180 0 180 0.0081645 -50.06 0 -180 0 -0 0 -180 0 0
0 -180 0 -180 0 0 0 -180 0.0081498 -100.867 0 0 0 0 0 0 0 -180
0 180 0 180 0 -0 0 0 0.0081645 -50.0601 0 -180 0 -0 0 -180 0 180
0 -180 0 0 0 -180 0 -180 0.199701 79.2339 0 -180 0 -180 0 0 0 -180
0 180 0 -0 0 180 0 0 0.800076 -50.4145 0 180 0 0 0 -180 0 0
inside=1 lambda=0.647 phi=20 theta=30
0 180 0 -180 0 -180 0 0 0.177436 79.2466 0 0 0 180 0 -180 0 -180
0 180 0 180 0 0 0 -0 0.822381 -50.4049 0 -180 0 180 0 180 0 0
0 180 0 -180 0 0 0 -180 0.0141159 -100.867 0 0 0 -0 0 0 0 -180
0 180 0 0 0 -180 0 180 0.0141413 -50.06 0 -180 0 -0 0 -180 0 0
0 -180 0 -180 0 0 0 -180 0.0141159 -100.867 0 0 0 0 0 0 0 -180
0 180 0 180 0 -0 0 0 0.0141413 -50.0601 0 -180 0 -180 0 -180 0 0
0 -180 0 0 0 -180 0 -180 0.193735 79.237 0 -180 0 -180 0 0 0 -180
0 180 0 -0 0 180 0 180 0.806052 -50.4119 0 180 0 0 0 -180 0 0
inside=1 lambda=0.647 phi=20 theta=45
0 180 0 -180 0 -180 0 0 0.185586 79.2416 0 0 0 180 0 -180 0 -180
0 180 0 180 0 0 0 -0 0.814217 -50.4084 0 -180 0 180 0 180 0 0
0 -180 0 -180 0 0 0 -180 0.0162996 -100.867 0 0 0 0 0 0 0 -180
0 180 0 0 0 -180 0 180 0.016329 -50.06 0 -180 0 -0 0 -180 0 0
0 -180 0 -180 0 0 0 -180 0.0162996 -100.867 0 0 0 0 0 0 0 -180
0 180 0 180 0 -0 0 0 0.016329 -50.06 0 -180 0 -180 0 -180 0 0
0 180 0 0 0 180 0 -180 0.185586 79.2416 0 -180 0 -180 0 0 0 -180
0 180 0 -0 0 180 0 180 0.814217 -50.4084 0 180 0 0 0 -180 0 0
inside=1 lambda=0.647 phi=25 theta=0
0 180 0 180 0 -180 0 0 0.159215 31.7094 0 0 0 180 0 180 0 -180
0 180 0 180 0 0 0 -0 0.840556 -74.1588 0 -180 0 180 0 180 0 0
0 180 0 -0 0 0 0 -0 3.94586e-15 -71.031 0 -0 0 -0 0 180 0 -180
0 180 0 0 0 -180 0 -0 8.7093e-15 -163.269 0 -0 0 -0 0 -180 0 0
0 -180 0 -180 0 0 0 -0 5.01386e-15 108.371 0 -0 0 0 0 0 0 -180
0 0 0 0 0 -180 0 -0 1.17866e-14 16.7403 0 0 0 -180 0 -180 0 0
0 -180 0 0 0 -180 0 -180 0.211541 31.6715 0 -180 0 -180 0 0 0 -180
0 0 0 -180 0 0 0 0 0.788082 -74.1817 0 0 0 0 0 -180 0 0
inside=1 lambda=0.647 phi=25 theta=15
0 180 0 -180 0 -180 0 0 0.16272 31.7061 0 0 0 180 0 180 0 -180
0 180 0 180 0 0 0 -0 0.837041 -74.1603 0 -180 0 180 0 180 0 0
0 180 0 -0 0 0 0 -180 0.0130814 -148.444 0 0 0 -0 0 180 0 -180
0 180 0 0 0 -180 0 180 0.0131188 -73.8143 0 -180 0 -0 0 -180 0 0
0 -180 0 -180 0 0 0 -180 0.0130814 -148.444 0 180 0 0 0 0 0 -180
0 180 0 0 0 -0 0 0 0.0131188 -73.8144 0 -180 0 -180 0 -180 0 0
0 -180 0 0 0 -180 0 -180 0.208035 31.6734 0 -180 0 -180 0 0 0 -180
0 180 0 -180 0 180 0 0 0.791597 -74.1801 0 0 0 0 0 -180 0 0
inside=1 lambda=0.647 phi=25 theta=30
0 180 0 -180 0 -180 0 0 0.172296 31.6978 0 0 0 180 0 -180 0 -180
0 180 0 0 0 0 0 -0 0.827437 -74.1643 0 -180 0 180 0 180 0 0
0 180 0 -0 0 0 0 -180 0.0226577 -148.444 0 0 0 -0 0 180 0 -180
0 180 0 0 0 -180 0 180 0.0227224 -73.8143 0 -180 0 -0 0 -180 0 0
0 -180 0 -180 0 -0 0 -0 0.0226577 -148.444 0 180 0 0 0 0 0 -180
0 180 0 0 0 -0 0 0 0.0227224 -73.8144 0 -180 0 -180 0 -180 0 0
0 180 0 0 0 180 0 -180 0.198459 31.6791 0 -180 0 -180 0 0 0 -180
0 180 0 -0 0 180 0 0 0.8012 -74.1757 0 0 0 0 0 -180 0 0
inside=1 lambda=0.647 phi=25 theta=45
0 180 0 -180 0 -180 0 0 0.185378 31.6878 0 0 0 180 0 -180 0 -180
0 180 0 0 0 0 0 -0 0.814319 -74.1699 0 -180 0 180 0 0 0 0
0 180 0 -0 0 0 0 -180 0.0261628 -148.444 0 0 0 -0 0 180 0 -180
0 180 0 0 0 -180 0 180 0.0262375 -73.8144 0 -180 0 -0 0 -180 0 0
0 180 0 -180 0 -0 0 -0 0.0261628 -148.444 0 180 0 0 0 0 0 -180
0 180 0 180 0 -0 0 0 0.0262375 -73.8144 0 -180 0 -180 0 -180 0 0
0 180 0 0 0 180 0 -180 0.185378 31.6878 0 -180 0 -180 0 0 0 -180
0 180 0 -0 0 180 0 0 0.814319 -74.1699 0 0 0 0 0 -180 0 0
inside=1 lambda=0.647 phi=30 theta=0
0 180 0 180 0 -180 0 -0 0.146207 -25.6646 0 0 0 180 0 180 0 -180
0 180 0 0 0 0 0 -0 0.853607 -102.823 0 -180 0 180 0 0 0 0
0 180 0 -0 0 0 0 180 1.36597e-14 52.1165 0 180 0 -0 0 180 0 -180
0 180 0 -0 0 -180 0 180 2.65159e-14 -12.0784 0 180 0 -0 0 180 0 0
0 -180 0 -180 0 0 0 -0 6.82954e-14 -127.919 0 180 0 0 0 0 0 -180
0 0 0 0 0 -180 0 -0 1.46148e-13 168.372 0 180 0 -180 0 -180 0 0
0 -180 0 0 0 -180 0 -180 0.224221 -25.7479 0 -180 0 -180 0 0 0 -180
0 0 0 -180 0 0 0 0 0.77536 -102.859 0 0 0 0 0 -180 0 0
inside=1 lambda=0.647 phi=30 theta=15
0 180 0 180 0 -180 0 -0 0.151433 -25.6728 0 0 0 180 0 180 0 -180
0 180 0 0 0 0 0 -0 0.848366 -102.825 0 -180 0 180 0 0 0 0
0 180 0 -0 0 0 0 -180 0.0195035 154.095 0 0 0 -0 0 180 0 -180
0 180 0 -0 0 -180 0 0 0.0195623 -102.464 0 -180 0 -0 0 180 0 0
0 180 0 -180 0 -0 0 -0 0.0195035 154.095 0 180 0 0 0 0 0 -180
0 0 0 0 0 -180 0 -0 0.0195623 -102.464 0 180 0 -180 0 -180 0 0
0 180 0 0 0 180 0 -180 0.218995 -25.7442 0 -180 0 -180 0 0 0 -180
0 0 0 -180 0 180 0 0 0.780602 -102.856 0 0 0 0 0 -180 0 0
inside=1 lambda=0.647 phi=30 theta=30
0 180 0 180 0 -180 0 -0 0.16571 -25.6928 0 0 0 180 0 180 0 -180
0 180 0 0 0 0 0 -180 0.834046 -102.831 0 -180 0 180 0 0 0 0
0 180 0 -0 0 0 0 -180 0.0337811 154.095 0 0 0 -0 0 180 0 -180
0 180 0 -0 0 -180 0 0 0.0338829 -102.464 0 -180 0 -0 0 180 0 0
0 180 0 -180 0 -0 0 -0 0.0337811 154.095 0 180 0 0 0 0 0 -180
0 0 0 0 0 -0 0 -0 0.0338829 -102.464 0 180 0 -180 0 -180 0 0
0 180 0 -0 0 180 0 -180 0.204717 -25.7331 0 180 0 -180 0 0 0 -180
0 180 0 -180 0 180 0 0 0.794922 -102.849 0 0 0 0 0 -180 0 0
inside=1 lambda=0.647 phi=30 theta=45
0 180 0 -180 0 -180 0 -0 0.185214 -25.715 0 0 0 180 0 180 0 -180
0 180 0 0 0 0 0 -180 0.814484 -102.84 0 -180 0 180 0 0 0 0
0 180 0 -0 0 0 0 -180 0.039007 154.095 0 0 0 -0 0 180 0 -180
0 180 0 -0 0 -180 0 0 0.0391246 -102.464 0 -180 0 -0 0 180 0 0
0 180 0 -180 0 -0 0 -0 0.039007 154.095 0 180 0 0 0 0 0 -180
0 180 0 0 0 -0 0 -0 0.0391246 -102.464 0 180 0 -180 0 -180 0 0
0 180 0 -0 0 180 0 -180 0.185214 -25.715 0 180 0 -180 0 0 0 -180
0 180 0 -180 0 180 0 0 0.814484 -102.84 0 0 0 0 0 -180 0 0
inside=1 lambda=0.647 phi=35 theta=0
0 180 0 180 0 -180 0 -0 0.129635 -92.3766 0 0 0 180 0 180 0 -180
0 180 0 0 0 -0 0 -180 0.870306 -136.173 0 180 0 180 0 0 0 -0
0 180 0 -0 0 0 0 180 8.27221e-14 -8.58191 0 -180 0 -0 0 180 0 -180
0 0 0 -0 0 180 0 180 1.49324e-13 -45.8621 0 -0 0 -180 0 180 0 -0
0 -180 0 -180 0 0 0 -0 1.06278e-13 -8.60455 0 -0 0 0 0 0 0 -180
0 0 0 0 0 -180 0 -0 2.2111e-13 -45.5795 0 -0 0 -180 0 -180 0 0
0 -180 0 0 0 -180 0 -180 0.240564 -92.5226 0 -180 0 -180 0 0 0 -180
0 0 0 -180 0 0 0 -0 0.759203 -136.225 0 0 0 0 0 -180 0 0
inside=1 lambda=0.647 phi=35 theta=15
0 180 0 180 0 -180 0 -0 0.137066 -92.3938 0 0 0 180 0 180 0 -180
0 180 0 0 0 -0 0 -180 0.862863 -136.176 0 180 0 180 0 0 0 -0
0 180 0 -0 0 0 0 180 0.0277326 87.3063 0 0 0 -0 0 180 0 -180
0 0 0 -0 0 180 0 0 0.0277762 -135.813 0 180 0 -180 0 180 0 -0
0 180 0 180 0 -0 0 -0 0.0277326 87.3064 0 180 0 0 0 0 0 -180
0 0 0 0 0 -180 0 -0 0.0277762 -135.813 0 180 0 180 0 180 0 0
0 180 0 -0 0 180 0 -180 0.233134 -92.5172 0 180 0 -180 0 0 0 -180
0 0 0 -180 0 0 0 -0 0.766646 -136.221 0 0 0 -0 0 180 0 -0
inside=1 lambda=0.647 phi=35 theta=30
0 180 0 180 0 -180 0 -0 0.157367 -92.4324 0 0 0 180 0 180 0 -180
0 180 0 0 0 -0 0 -180 0.84253 -136.185 0 180 0 180 0 0 0 -0
0 180 0 -0 0 0 0 180 0.0480343 87.3063 0 0 0 -0 0 180 0 -180
0 0 0 -0 0 180 0 0 0.0481098 -135.813 0 180 0 -180 0 180 0 -0
0 180 0 180 0 -0 0 -0 0.0480343 87.3064 0 180 0 0 0 0 0 -180
0 0 0 0 0 -180 0 -0 0.0481098 -135.813 0 180 0 180 0 180 0 -0
0 180 0 -0 0 180 0 -180 0.212832 -92.5004 0 180 0 -180 0 0 0 -180
0 0 0 -180 0 180 0 0 0.786979 -136.211 0 0 0 -0 0 180 0 -0
inside=1 lambda=0.647 phi=35 theta=45
0 180 0 180 0 -180 0 -0 0.1851 -92.4715 0 0 0 180 0 180 0 -180
0 0 0 0 0 -0 0 -180 0.814754 -136.197 0 180 0 180 0 0 0 -0
0 180 0 -0 0 0 0 180 0.0554652 87.3064 0 0 0 -0 0 180 0 -180
0 0 0 -0 0 180 0 0 0.0555525 -135.813 0 180 0 -180 0 180 0 -0
0 180 0 180 0 -0 0 -0 0.0554652 87.3064 0 180 0 0 0 0 0 -180
0 0 0 0 0 -180 0 -0 0.0555525 -135.813 0 180 0 180 0 180 0 -0
0 180 0 -0 0 180 0 180 0.1851 -92.4715 0 180 0 -180 0 0 0 -180
0 0 0 -180 0 180 0 0 0.814754 -136.197 0 0 0 -0 0 180 0 -0
inside=1 lambda=0.647 phi=40 theta=0
0 180 0 180 0 -180 0 -0 0.108517 -167.913 0 0 0 180 0 180 0 -180
0 0 0 0 0 -0 0 -180 0.891483 -173.954 0 180 0 0 0 0 0 -0
0 180 0 -0 0 0 0 180 2.93904e-14 101.811 0 -0 0 -0 0 180 0 -180
0 0 0 -0 0 180 0 0 5.71627e-14 96.0376 0 -180 0 -180 0 180 0 -0
0 -180 0 -180 0 0 0 180 2.68066e-14 101.875 0 -0 0 0 0 0 0 -180
0 -0 0 -0 0 180 0 0 6.30452e-14 96.1297 0 -180 0 180 0 180 0 -0
0 -180 0 0 0 -180 0 -180 0.260981 -168.057 0 -180 0 -180 0 0 0 -180
0 -0 0 180 0 -0 0 -0 0.739013 -174.02 0 -0 0 -0 0 180 0 -0
inside=1 lambda=0.647 phi=40 theta=15
0 180 0 180 0 -180 0 -0 0.11873 -167.935 0 0 0 180 0 180 0 -180
0 0 0 0 0 -0 0 -180 0.881269 -173.957 0 180 0 0 0 0 0 -0
0 180 0 -0 0 0 0 180 0.0381162 11.8398 0 0 0 -0 0 180 0 -180
0 0 0 -0 0 180 0 0 0.0381182 -173.63 0 180 0 -180 0 180 0 -0
0 180 0 -180 0 -0 0 -0 0.0381163 11.8401 0 180 0 0 0 0 0 -180
0 0 0 -0 0 -180 0 -0 0.0381182 -173.63 0 180 0 180 0 180 0 -0
0 180 0 0 0 180 0 -180 0.250768 -168.053 0 -180 0 -180 0 0 0 -180
0 0 0 180 0 0 0 -0 0.749226 -174.015 0 -0 0 -0 0 180 0 -0
inside=1 lambda=0.647 phi=40 theta=30
0 180 0 180 0 -180 0 -0 0.146633 -167.977 0 0 0 180 0 180 0 -180
0 0 0 0 0 -0 0 -180 0.853365 -173.968 0 180 0 0 0 0 0 -0
0 180 0 -0 0 0 0 180 0.0660193 11.8399 0 0 0 -0 0 180 0 -180
0 0 0 -0 0 180 0 0 0.0660227 -173.63 0 180 0 -180 0 180 0 -0
0 180 0 180 0 -0 0 -0 0.0660193 11.8401 0 180 0 0 0 0 0 -180
0 0 0 0 0 -180 0 -0 0.0660227 -173.63 0 180 0 180 0 180 0 -0
0 180 0 -0 0 180 0 -180 0.222865 -168.04 0 180 0 -180 0 0 0 -180
0 0 0 -180 0 0 0 -0 0.77713 -174.001 0 0 0 -0 0 180 0 -0
inside=1 lambda=0.647 phi=40 theta=45
0 180 0 180 0 -180 0 -0 0.184749 -168.015 0 0 0 180 0 180 0 -180
0 0 0 -0 0 -0 0 -180 0.815247 -173.984 0 180 0 0 0 0 0 -0
0 180 0 -0 0 0 0 180 0.0762325 11.84 0 0 0 -0 0 180 0 -180
0 0 0 -0 0 180 0 0 0.0762365 -173.63 0 180 0 -180 0 180 0 -0
0 180 0 180 0 -0 0 -0 0.0762325 11.84 0 180 0 0 0 0 0 -180
0 0 0 0 0 -180 0 -0 0.0762365 -173.63 0 180 0 180 0 180 0 -0
0 180 0 -0 0 180 0 180 0.184749 -168.015 0 180 0 -180 0 0 0 -180
0 0 0 -180 0 0 0 -0 0.815247 -173.984 0 0 0 -0 0 180 0 -0
inside=1 lambda=0.647 phi=45 theta=0
0 180 0 180 0 -180 0 -0 0.0818387 108.184 0 0 0 180 0 180 0 -180
0 0 0 0 0 -180 9.4518e-05 90.0475 0.918222 144.123 0 0 0 0 0 0 0 -180
0 180 0 -0 0 0 0 -0 6.37409e-15 -168.73 0 180 0 -0 0 180 0 -180
0 0 0 -180 0 0 1.31058e-17 -154.583 1.4408e-14 -125.923 0 0 0 -180 0 0 0 -180
0 -180 0 -180 0 0 0 -0 2.20678e-14 -169.818 0 -180 0 0 0 0 0 -180
0 -0 0 -0 0 180 4.91631e-15 151.867 6.34729e-14 -126.191 0 -180 0 180 0 180 0 -0
0 -180 0 0 0 -180 0 -180 0.285692 108.163 0 -180 0 -180 0 0 0 -180
0 -0 0 180 0 -0 0.00059235 -78.4411 0.7141 144.044 0 -0 0 -0 0 180 0 -0
inside=1 lambda=0.647 phi=45 theta=15
0 180 0 180 0 -180 0 -0 0.0954942 108.18 0 0 0 180 0 180 0 -180
0 0 0 -0 0 -180 0 180 0.904549 144.119 0 0 0 0 0 0 0 -180
0 180 0 -0 0 0 0 180 0.0509635 -71.847 0 0 0 -0 0 180 0 -180
0 0 0 -180 0 0 0 -0 0.0510314 144.401 0 0 0 -180 0 0 0 -180
0 -180 0 -180 0 -0 0 -0 0.0509635 -71.8466 0 0 0 0 0 0 0 -180
0 -0 0 -0 0 180 0 -180 0.0510313 144.4 0 0 0 180 0 180 0 -0
0 -180 0 0 0 180 0 -180 0.272037 108.163 0 -180 0 -180 0 0 0 -180
0 -0 0 180 0 0 0 -0 0.727773 144.051 0 -0 0 -180 0 180 0 -180
inside=1 lambda=0.647 phi=45 theta=30
0 180 0 180 0 -180 0 -0 0.132802 108.172 0 0 0 180 0 180 0 -180
0 0 0 -0 0 -180 0 180 0.867191 144.107 0 0 0 0 0 0 0 -180
0 180 0 -0 0 0 0 180 0.0882714 -71.8469 0 0 0 -0 0 180 0 -180
0 0 0 -180 0 0 0 -0 0.0883889 144.4 0 0 0 -180 0 0 0 -180
0 180 0 -180 0 -0 0 -0 0.0882714 -71.8467 0 0 0 0 0 0 0 -180
0 -0 0 -0 0 -180 0 -180 0.0883889 144.4 0 0 0 0 0 0 0 -180
0 180 0 -0 0 180 0 -180 0.234729 108.164 0 180 0 -180 0 0 0 -180
0 0 0 180 0 0 0 -0 0.76513 144.068 0 -0 0 -180 0 0 0 -180
inside=1 lambda=0.647 phi=45 theta=45
0 180 0 180 0 -180 0 -0 0.183765 108.167 0 0 0 180 0 180 0 -180
0 0 0 -0 0 -180 0 180 0.816161 144.089 0 0 0 0 0 -0 0 -180
0 180 0 -0 0 0 0 180 0.101927 -71.8468 0 0 0 -0 0 0 0 -180
0 -0 0 -180 0 0 0 -0 0.102063 144.4 0 0 0 -180 0 0 0 -180
0 180 0 180 0 -0 0 -0 0.101927 -71.8468 0 0 0 0 0 0 0 -180
0 -0 0 -0 0 -180 0 -180 0.102063 144.4 0 0 0 0 0 0 0 -180
0 180 0 -0 0 180 0 180 0.183765 108.167 0 180 0 -180 0 0 0 -180
0 0 0 180 0 0 0 -0 0.816161 144.089 0 -0 0 -180 0 0 0 -180
