RSoft_BSDF_File_Version 2
1 0 5 2 1 0.0914286
0.3 0.3
-1 1
-1 1
1 0.647 0.647
10 0 45 0.5
4 0 45
Begin_Dispersion_Data
0.647 1.45662 0 1 0 0
End_Dispersion_Data
inside=0 lambda=0.647 phi=0 theta=0
0 -0 0 -180 0 -0 0 0 0.125839 125.841 0 0 0 -0 0 -180 0 -0
0 0 0 -180 0 0 0 0 1.19731 68.72 0 0 0 0 0 -180 0 0
0 0 0 0 0 -180 0 180 3.78751e-13 -43.972 0 180 0 -180 0 0 0 0
0 0 0 -180 0 -180 0 180 9.91924e-13 62.6624 0 180 0 -180 0 -180 0 0
0 0 0 -180 0 -180 0 -0 6.06431e-13 -152.509 0 -0 0 -180 0 -180 0 0
0 0 0 -0 0 -180 0 0 1.00025e-12 -63.5036 0 -0 0 -180 0 180 0 0
0 -0 0 0 0 -0 0 -180 0.125839 125.841 0 -180 0 -0 0 0 0 -0
0 0 0 0 0 0 0 -180 1.19731 68.72 0 -180 0 0 0 0 0 0
inside=0 lambda=0.647 phi=0 theta=15
0 -0 0 -180 0 -0 0 0 0.125839 125.841 0 0 0 -0 0 -180 0 -0
0 0 0 -180 0 0 0 0 1.19731 68.72 0 0 0 0 0 -180 0 0
0 0 0 0 0 -180 0 180 3.78751e-13 -43.972 0 180 0 -180 0 0 0 0
0 0 0 -180 0 -180 0 180 9.91924e-13 62.6624 0 180 0 -180 0 -180 0 0
0 0 0 -180 0 -180 0 -0 6.06431e-13 -152.509 0 -0 0 -180 0 -180 0 0
0 0 0 -0 0 -180 0 0 1.00025e-12 -63.5036 0 -0 0 -180 0 180 0 0
0 -0 0 0 0 -0 0 -180 0.125839 125.841 0 -180 0 -0 0 0 0 -0
0 0 0 0 0 0 0 -180 1.19731 68.72 0 -180 0 0 0 0 0 0
inside=0 lambda=0.647 phi=0 theta=30
0 -0 0 -180 0 -0 0 0 0.125839 125.841 0 0 0 -0 0 -180 0 -0
0 0 0 -180 0 0 0 0 1.19731 68.72 0 0 0 0 0 -180 0 0
0 0 0 0 0 -180 0 180 3.78751e-13 -43.972 0 180 0 -180 0 0 0 0
0 0 0 -180 0 -180 0 180 9.91924e-13 62.6624 0 180 0 -180 0 -180 0 0
0 0 0 -180 0 -180 0 -0 6.06431e-13 -152.509 0 -0 0 -180 0 -180 0 0
0 0 0 -0 0 -180 0 0 1.00025e-12 -63.5036 0 -0 0 -180 0 180 0 0
0 -0 0 0 0 -0 0 -180 0.125839 125.841 0 -180 0 -0 0 0 0 -0
0 0 0 0 0 0 0 -180 1.19731 68.72 0 -180 0 0 0 0 0 0
inside=0 lambda=0.647 phi=0 theta=45
0 -0 0 -180 0 -0 0 0 0.125839 125.841 0 0 0 -0 0 -180 0 -0
0 0 0 -180 0 0 0 0 1.19731 68.72 0 0 0 0 0 -180 0 0
0 0 0 0 0 -180 0 180 3.78751e-13 -43.972 0 180 0 -180 0 0 0 0
0 0 0 -180 0 -180 0 180 9.91924e-13 62.6624 0 180 0 -180 0 -180 0 0
0 0 0 -180 0 -180 0 -0 6.06431e-13 -152.509 0 -0 0 -180 0 -180 0 0
0 0 0 -0 0 -180 0 0 1.00025e-12 -63.5036 0 -0 0 -180 0 180 0 0
0 -0 0 0 0 -0 0 -180 0.125839 125.841 0 -180 0 -0 0 0 0 -0
0 0 0 0 0 0 0 -180 1.19731 68.72 0 -180 0 0 0 0 0 0
inside=0 lambda=0.647 phi=5 theta=0
0 -0 0 -180 0 0 0 0 0.124471 125.064 0 0 0 -0 0 -180 0 0
0 0 0 -180 0 0 0 0 1.19494 68.4205 0 0 0 0 0 -180 0 0
0 0 0 -180 0 -180 0 -0 1.19112e-13 -63.377 0 -180 0 -180 0 0 0 0
0 0 0 180 0 -180 0 -0 5.0284e-14 -129.531 0 180 0 -180 0 -0 0 0
0 0 0 -180 0 -180 0 180 6.50238e-14 -54.1676 0 180 0 -180 0 0 0 0
0 0 0 -180 0 -180 0 0 7.85746e-14 171.596 0 180 0 -180 0 0 0 0
0 -0 0 0 0 -0 0 -180 0.127858 125.222 0 -180 0 -0 0 0 0 -0
0 0 0 0 0 0 0 -180 1.19958 68.4159 0 -180 0 0 0 0 0 0
inside=0 lambda=0.647 phi=5 theta=15
0 -0 0 -180 0 0 0 0 0.124698 125.075 0 0 0 -0 0 -180 0 0
0 0 0 -180 0 0 0 0 1.19525 68.4201 0 0 0 0 0 -180 0 0
0 0 0 -180 0 -180 0 -180 0.000803225 -52.1123 0 0 0 -180 0 0 0 0
0 0 0 180 0 -180 0 -180 0.00117146 -116.337 0 0 0 -180 0 -0 0 0
0 0 0 -180 0 -180 0 -180 0.000803532 -52.0906 0 0 0 -180 0 0 0 0
0 0 0 -180 0 -180 0 180 0.00117123 -116.307 0 -0 0 -180 0 0 0 0
0 -0 0 0 0 -0 0 -180 0.127631 125.212 0 -180 0 -0 0 0 0 0
0 0 0 0 0 0 0 -180 1.19927 68.4162 0 -180 0 0 0 0 0 0
inside=0 lambda=0.647 phi=5 theta=30
0 -0 0 -180 0 0 0 0 0.125317 125.104 0 0 0 -0 0 -180 0 0
0 0 0 -180 0 0 0 0 1.1961 68.4193 0 0 0 0 0 -180 0 0
0 0 0 -180 0 -180 0 -180 0.00139134 -52.1077 0 0 0 -180 0 0 0 0
0 0 0 180 0 -180 0 -180 0.00202895 -116.33 0 0 0 -180 0 -0 0 0
0 0 0 -180 0 -180 0 -180 0.00139165 -52.0952 0 0 0 -180 0 0 0 0
0 0 0 -180 0 -180 0 180 0.00202871 -116.313 0 -0 0 -180 0 0 0 0
0 -0 0 0 0 -0 0 -180 0.12701 125.183 0 -180 0 0 0 0 0 0
0 0 0 0 0 0 0 -180 1.19842 68.417 0 -180 0 0 0 0 0 0
inside=0 lambda=0.647 phi=5 theta=45
0 -0 0 -180 0 0 0 0 0.126163 125.144 0 0 0 -0 0 -180 0 0
0 0 0 -180 0 0 0 0 1.19726 68.4181 0 0 0 0 0 -180 0 0
0 0 0 -180 0 -180 0 -180 0.00160676 -52.1014 0 0 0 -180 0 0 0 0
0 0 0 180 0 -180 0 -180 0.00234269 -116.322 0 0 0 -180 0 -0 0 0
0 0 0 -180 0 -180 0 -180 0.00160676 -52.1014 0 0 0 -180 0 0 0 0
0 0 0 -180 0 -180 0 180 0.00234269 -116.322 0 -0 0 -180 0 0 0 0
0 -0 0 0 0 -0 0 -180 0.126163 125.144 0 -180 0 0 0 0 0 0
0 0 0 0 0 0 0 -180 1.19726 68.4181 0 -180 0 0 0 0 0 0
inside=0 lambda=0.647 phi=10 theta=0
0 -0 0 -180 0 0 0 0 0.120153 122.716 0 0 0 -0 0 -180 0 0
0 180 0 -180 0 0 0 0 1.18757 67.5245 0 0 0 180 0 -180 0 0
0 -0 0 -180 0 -180 0 -180 2.80231e-14 -119.757 0 0 0 180 0 0 0 0
0 0 0 180 0 -180 0 -180 3.91819e-14 168.365 0 -0 0 -180 0 -0 0 0
0 0 0 -180 0 -180 0 180 5.13737e-14 -4.43042 0 -180 0 -180 0 0 0 0
0 0 0 -180 0 -180 0 -0 4.33904e-14 -28.9984 0 0 0 -180 0 0 0 0
0 -0 0 0 0 -0 0 -180 0.134172 123.389 0 -180 0 -0 0 0 0 -0
0 0 0 0 0 0 0 -180 1.20665 67.5045 0 -180 0 0 0 0 0 0
inside=0 lambda=0.647 phi=10 theta=15
0 -0 0 -180 0 0 0 0 0.121088 122.764 0 0 0 -0 0 -180 0 0
0 180 0 -180 0 0 0 0 1.18885 67.5228 0 0 0 180 0 -180 0 0
0 -0 0 -180 0 -180 0 -180 0.0033337 -53.9904 0 0 0 180 0 0 0 0
0 0 0 180 0 -180 0 -180 0.00481484 -117.282 0 0 0 -180 0 -0 0 0
0 0 0 -180 0 -180 0 -180 0.00333856 -53.9042 0 0 0 -180 0 0 0 0
0 0 0 -180 0 -180 0 180 0.00481089 -117.166 0 -0 0 -180 0 0 0 0
0 -0 0 0 0 -0 0 -180 0.133228 123.346 0 -180 0 0 0 0 0 0
0 0 0 0 0 0 0 -180 1.20538 67.5055 0 -180 0 0 0 0 0 0
inside=0 lambda=0.647 phi=10 theta=30
0 -0 0 -180 0 0 0 0 0.123644 122.892 0 0 0 -0 0 -180 0 0
0 180 0 -180 0 0 0 0 1.19235 67.5185 0 0 0 180 0 -180 0 0
0 -0 0 -180 0 -180 0 -180 0.00577603 -53.9722 0 0 0 180 0 0 0 0
0 0 0 180 0 -180 0 -180 0.0083381 -117.256 0 0 0 -180 0 -0 0 0
0 0 0 -180 0 -180 0 -180 0.00578088 -53.9225 0 0 0 -180 0 0 0 0
0 0 0 -180 0 -180 0 180 0.00833417 -117.189 0 -0 0 -180 0 0 0 0
0 -0 0 0 0 -0 0 -180 0.130653 123.228 0 -180 0 0 0 0 0 0
0 180 0 0 0 0 0 -180 1.20189 67.5084 0 -180 0 0 0 0 0 0
inside=0 lambda=0.647 phi=10 theta=45
0 -0 0 -180 0 0 0 0 0.127144 123.063 0 0 0 -0 0 -180 0 0
0 180 0 -180 0 0 0 0 1.19712 67.5131 0 0 0 180 0 -180 0 0
0 -0 0 -180 0 -180 0 -180 0.00667245 -53.9474 0 0 0 180 0 0 0 0
0 0 0 180 0 -180 0 -180 0.00962574 -117.221 0 0 0 -180 0 -0 0 0
0 -0 0 -180 0 180 0 -180 0.00667245 -53.9474 0 0 0 -180 0 0 0 0
0 0 0 -180 0 -180 0 180 0.00962574 -117.221 0 -0 0 -180 0 0 0 0
0 -0 0 0 0 -0 0 -180 0.127144 123.063 0 -180 0 0 0 0 0 0
0 180 0 0 0 180 0 -180 1.19712 67.5131 0 -180 0 0 0 0 0 0
inside=0 lambda=0.647 phi=15 theta=0
0 -180 0 -180 0 0 0 0 0.112155 118.711 0 0 0 -180 0 -180 0 0
0 180 0 -180 0 0 0 0 1.17438 66.0405 0 0 0 180 0 -180 0 0
0 -0 0 -180 0 -180 0 180 3.76622e-14 130.047 0 180 0 180 0 0 0 0
0 0 0 180 0 -180 0 180 4.63163e-14 90.5962 0 180 0 -180 0 -0 0 0
0 0 0 -180 0 -180 0 -0 8.31707e-15 -18.0497 0 0 0 -180 0 0 0 0
0 0 0 -180 0 -180 0 180 1.26743e-14 -125.093 0 -180 0 -180 0 0 0 0
0 -0 0 0 0 -0 0 -180 0.145626 120.413 0 -180 0 -0 0 0 0 -0
0 0 0 0 0 0 0 -180 1.21937 65.9891 0 -180 0 0 0 0 0 0
inside=0 lambda=0.647 phi=15 theta=15
0 -180 0 -180 0 0 0 0 0.114374 118.845 0 0 0 -180 0 -180 0 0
0 180 0 -180 0 0 0 0 1.1774 66.0351 0 0 0 180 0 -180 0 0
0 -0 0 -180 0 -180 0 -180 0.00799336 -57.0652 0 0 0 180 0 0 0 0
0 0 0 180 0 -180 0 -180 0.0113569 -118.85 0 0 0 -180 0 -0 0 0
0 0 0 -180 0 -180 0 -180 0.00801753 -56.8732 0 0 0 -180 0 0 0 0
0 0 0 -180 0 -180 0 180 0.0113354 -118.597 0 -0 0 -180 0 0 0 0
0 -0 0 0 0 -0 0 -180 0.143357 120.312 0 -180 0 0 0 0 0 0
0 0 0 0 0 0 0 -180 1.21636 65.9904 0 -180 0 0 0 0 0 0
inside=0 lambda=0.647 phi=15 theta=30
0 -180 0 -180 0 0 0 0 0.120453 119.192 0 0 0 -0 0 -180 0 0
0 180 0 -180 0 0 0 0 1.18565 66.0218 0 0 0 180 0 -180 0 0
0 -0 0 -180 0 -180 0 -180 0.013855 -57.0254 0 0 0 180 0 0 0 0
0 0 0 180 0 -180 0 -180 0.0196627 -118.788 0 0 0 -180 0 -0 0 0
0 -0 0 -180 0 180 0 -180 0.013879 -56.9154 0 0 0 -180 0 0 0 0
0 0 0 -180 0 -180 0 180 0.0196416 -118.642 0 -0 0 -180 0 0 0 0
0 -180 0 0 0 -0 0 -180 0.137181 120.032 0 -180 0 0 0 0 0 0
0 180 0 0 0 180 0 -180 1.20814 65.9958 0 -180 0 0 0 0 0 0
inside=0 lambda=0.647 phi=15 theta=45
0 -180 0 -180 0 0 0 0 0.128793 119.628 0 0 0 -0 0 -180 0 0
0 180 0 -180 0 0 0 0 1.1969 66.0068 0 0 0 180 0 -180 0 0
0 -0 0 -180 0 -180 0 -180 0.0160129 -56.971 0 0 0 180 0 0 0 0
0 0 0 180 0 -180 0 -180 0.0226924 -118.711 0 0 0 -180 0 -0 0 0
0 -0 0 -180 0 180 0 -180 0.0160129 -56.971 0 0 0 -180 0 0 0 0
0 0 0 -180 0 -180 0 180 0.0226924 -118.711 0 -0 0 -180 0 0 0 0
0 -180 0 0 0 -0 0 -180 0.128793 119.628 0 -180 0 0 0 0 0 0
0 180 0 0 0 180 0 -180 1.1969 66.0068 0 -180 0 0 0 0 0 0
inside=0 lambda=0.647 phi=20 theta=0
0 -180 0 -180 0 0 0 0 0.0989581 112.752 0 0 0 -180 0 -180 0 0
0 180 0 -180 0 0 0 0 1.15364 63.9828 0 0 0 180 0 -180 0 0
0 -0 0 -180 0 -180 0 0 2.55718e-14 -162.351 0 -0 0 180 0 0 0 0
0 180 0 180 0 -180 0 -0 9.22452e-15 -171.516 0 -0 0 -0 0 -0 0 0
0 0 0 -180 0 -180 0 -0 2.79888e-14 12.0313 0 -180 0 -180 0 0 0 0
0 0 0 -180 0 -180 0 180 1.4262e-14 102.565 0 180 0 -180 0 0 0 0
0 -0 0 0 0 0 0 -180 0.163953 116.421 0 -180 0 -0 0 0 0 0
0 0 0 0 0 0 0 -180 1.23943 63.8768 0 -180 0 0 0 0 0 0
inside=0 lambda=0.647 phi=20 theta=15
0 -180 0 -180 0 0 0 0 0.10323 113.101 0 0 0 -180 0 -180 0 0
0 180 0 -180 0 0 0 0 1.15941 63.9688 0 0 0 180 0 -180 0 0
0 -0 0 -180 0 -180 0 -180 0.0156098 -61.2528 0 0 0 180 0 0 0 0
0 180 0 180 0 -180 0 -180 0.0216692 -121.031 0 0 0 -0 0 -0 0 0
0 0 0 -180 0 -180 0 -180 0.0156849 -60.9146 0 0 0 -180 0 0 0 0
0 0 0 -180 0 -180 0 180 0.0215918 -120.598 0 -0 0 -180 0 0 0 0
0 -180 0 0 0 -0 0 -180 0.159494 116.226 0 -180 0 0 0 0 0 0
0 180 0 0 0 0 0 -180 1.23372 63.8755 0 -180 0 0 0 0 0 0
inside=0 lambda=0.647 phi=20 theta=30
0 -180 0 -180 0 0 0 0 0.114958 113.936 0 0 0 -180 0 -180 0 0
0 180 0 -180 0 0 0 0 1.17516 63.9353 0 0 0 180 0 -180 0 0
0 -0 0 -180 0 -180 0 -180 0.0270713 -61.1871 0 0 0 180 0 0 0 0
0 180 0 180 0 -180 0 -180 0.0375028 -120.91 0 0 0 -0 0 -0 0 0
0 -0 0 -180 0 180 0 -180 0.0271443 -60.9969 0 0 0 -180 0 0 0 0
0 0 0 -180 0 -180 0 180 0.0374296 -120.667 0 -0 0 -180 0 0 0 0
0 -180 0 0 0 -0 0 -180 0.147416 115.684 0 -180 0 0 0 0 0 0
0 180 0 0 0 180 0 -180 1.21807 63.8798 0 -180 0 0 0 0 0 0
inside=0 lambda=0.647 phi=20 theta=45
0 -180 0 -180 0 0 0 0 0.131104 114.88 0 0 0 -0 0 -180 0 0
0 180 0 -180 0 0 0 0 1.19664 63.9005 0 0 0 180 0 -180 0 0
0 -0 0 -180 0 -180 0 -180 0.0313046 -61.0959 0 0 0 180 0 0 0 0
0 0 0 180 0 -180 0 -180 0.0432629 -120.776 0 0 0 -180 0 -0 0 0
0 -0 0 -180 0 180 0 -180 0.0313046 -61.0959 0 0 0 -180 0 0 0 0
0 0 0 -180 0 -180 0 180 0.0432629 -120.776 0 -0 0 -180 0 0 0 0
0 -180 0 0 0 -0 0 -180 0.131104 114.88 0 -180 0 0 0 0 0 0
0 180 0 0 0 180 0 -180 1.19664 63.9005 0 -180 0 0 0 0 0 0
inside=0 lambda=0.647 phi=25 theta=0
0 -180 0 -180 0 0 0 0 0.0776809 103.592 0 0 0 -180 0 -180 0 0
0 180 0 -180 0 -0 0 0 1.12202 61.3779 0 0 0 180 0 -180 0 -0
0 -0 0 -180 0 -180 0 180 3.88964e-14 36.0666 0 -0 0 180 0 0 0 0
0 180 0 180 0 -180 0 180 5.4277e-14 -11.1923 0 -0 0 -0 0 -0 0 0
0 0 0 -180 0 -180 0 -0 2.47544e-14 75.2715 0 -0 0 -180 0 0 0 0
0 0 0 -180 0 -180 0 0 3.86348e-14 48.9352 0 -0 0 -180 0 0 0 0
0 -180 0 0 0 0 0 -180 0.19258 111.645 0 -180 0 -180 0 0 0 0
0 0 0 0 0 0 0 -180 1.27006 61.1904 0 -180 0 0 0 0 0 0
inside=0 lambda=0.647 phi=25 theta=15
0 -180 0 -180 0 0 0 0 0.0850822 104.677 0 0 0 -180 0 -180 0 0
0 180 0 -180 0 -0 0 0 1.132 61.3424 0 0 0 180 0 -180 0 -0
0 -0 0 -180 0 -180 0 -180 0.0277982 -66.4291 0 0 0 180 0 0 0 0
0 180 0 180 0 -180 0 -180 0.037447 -123.812 0 0 0 -0 0 -0 0 0
0 0 0 -180 0 180 0 -180 0.0279796 -65.8967 0 0 0 -180 0 0 0 0
0 0 0 -180 0 -180 0 180 0.0372039 -123.158 0 -0 0 -180 0 0 0 0
0 -180 0 0 0 -0 0 -180 0.184491 111.272 0 -180 0 0 0 0 0 0
0 180 0 0 0 0 0 -180 1.26026 61.1711 0 -180 0 0 0 0 0 0
inside=0 lambda=0.647 phi=25 theta=30
0 -180 0 -180 0 0 0 0 0.105579 106.863 0 0 0 -180 0 -180 0 0
0 180 0 -180 0 -0 0 0 1.15924 61.2642 0 0 0 180 0 -180 0 -0
0 -0 0 -180 0 -180 0 -180 0.0482386 -66.3466 0 0 0 180 0 0 0 0
0 180 0 180 0 -180 0 -180 0.0647594 -123.6 0 0 0 -0 0 -0 0 0
0 -0 0 -180 0 180 0 -180 0.0484065 -66.0627 0 0 0 -180 0 0 0 0
0 0 0 -180 0 -180 0 180 0.0645542 -123.249 0 -0 0 -180 0 0 0 0
0 -180 0 0 0 -0 0 -180 0.162885 110.302 0 -180 0 0 0 0 0 0
0 180 0 0 0 180 0 -180 1.23334 61.1571 0 -180 0 0 0 0 0 0
inside=0 lambda=0.647 phi=25 theta=45
0 -180 0 -180 0 0 0 0 0.134001 108.844 0 0 0 -180 0 -180 0 0
0 180 0 -180 0 0 0 0 1.19635 61.1906 0 0 0 180 0 -180 0 0
0 -0 0 -180 0 -180 0 -180 0.0558073 -66.2214 0 0 0 180 0 0 0 0
0 180 0 180 0 -180 0 -180 0.0746637 -123.4 0 0 0 -0 0 -0 0 0
0 -0 0 -180 0 180 0 -180 0.0558073 -66.2214 0 0 0 -180 0 0 0 0
0 180 0 -180 0 -0 0 180 0.0746637 -123.4 0 -0 0 -180 0 0 0 0
0 -180 0 0 0 -180 0 -180 0.134001 108.844 0 -180 0 0 0 0 0 0
0 180 0 0 0 180 0 -180 1.19635 61.1906 0 -180 0 0 0 0 0 0
inside=0 lambda=0.647 phi=30 theta=0
0 -180 0 180 0 0 0.0291649 -80.1924 0.0442236 84.6847 0 0 0 -180 0 180 0 0
0 180 0 -180 0 -0 0 180 1.0705 58.296 0 0 0 180 0 -180 0 -0
0 -0 0 -180 0 -180 8.47192e-14 126.473 5.40624e-14 -16.9808 0 -180 0 180 0 0 0 0
0 180 0 180 0 180 0 180 2.13918e-14 -111.559 0 180 0 -0 0 -0 0 -0
0 -0 0 -180 0 -180 1.32002e-13 -157.003 8.41598e-14 62.6351 0 -180 0 180 0 0 0 0
0 0 0 -180 0 -180 0 0 1.46719e-13 84.893 0 180 0 -180 0 0 0 0
0 -180 0 0 0 0 0.211434 -118.902 0.234962 107.416 0 -180 0 -180 0 0 0 0
0 -0 0 0 0 0 0 -180 1.31173 58.0142 0 -180 0 -0 0 0 0 0
inside=0 lambda=0.647 phi=30 theta=15
0 -180 0 180 0 0 0 -0 0.0556633 88.5676 0 0 0 -180 0 180 0 0
0 180 0 -180 0 -0 0 180 1.08913 58.2177 0 0 0 180 0 -180 0 -0
0 -0 0 -180 0 -180 0 -180 0.0479284 -72.3431 0 0 0 180 0 0 0 0
0 180 0 180 0 180 0 -180 0.0623713 -127.254 0 0 0 -0 0 -0 0 -0
0 -0 0 -180 0 180 0 -180 0.0483259 -71.4477 0 0 0 -180 0 0 0 0
0 0 0 -180 0 -180 0 180 0.0613414 -126.256 0 -0 0 -180 0 0 0 0
0 -180 0 0 0 -0 0 -180 0.224881 106.046 0 -180 0 -180 0 0 0 0
0 180 0 0 0 0 0 -180 1.30138 57.9741 0 -180 0 0 0 0 0 0
inside=0 lambda=0.647 phi=30 theta=30
0 -180 0 -180 0 0 0 -0 0.0889912 96.8978 0 0 0 -180 0 -180 0 0
0 180 0 -180 0 -0 0 0 1.13436 58.007 0 0 0 180 0 -180 0 -0
0 -0 0 -180 0 -180 0 -180 0.0832119 -72.3596 0 0 0 180 0 0 0 0
0 180 0 180 0 180 0 -180 0.107445 -126.827 0 0 0 -0 0 -0 0 -0
0 -0 0 -180 0 180 0 -180 0.0835264 -71.9775 0 0 0 -180 0 0 0 0
0 0 0 -180 0 -180 0 180 0.106917 -126.376 0 -0 0 -180 0 0 0 0
0 -180 0 0 0 -0 0 -180 0.186595 104.026 0 -180 0 0 0 0 0 0
0 180 0 0 0 180 0 -180 1.25726 57.8128 0 -180 0 0 0 0 0 0
inside=0 lambda=0.647 phi=30 theta=45
0 -180 0 -180 0 0 0 0 0.137172 101.468 0 0 0 -180 0 -180 0 0
0 180 0 -180 0 -0 0 0 1.19596 57.8576 0 0 0 180 0 -180 0 -0
0 -0 0 -180 0 -180 0 -180 0.096279 -72.2279 0 0 0 180 0 0 0 0
0 180 0 180 0 -180 0 -180 0.123785 -126.563 0 0 0 -0 0 -0 0 0
0 -0 0 -180 0 180 0 -180 0.096279 -72.2279 0 0 0 -180 0 0 0 0
0 180 0 -180 0 -0 0 180 0.123785 -126.563 0 -0 0 -180 0 0 0 0
0 -180 0 0 0 -180 0 -180 0.137172 101.468 0 -180 0 0 0 0 0 0
0 180 0 0 0 180 0 -180 1.19596 57.8576 0 -180 0 -0 0 0 0 -0
inside=0 lambda=0.647 phi=35 theta=0
0 -180 0 180 0 0 0.0689863 -69.4624 0.0371466 -43.9904 0 0 0 -180 0 180 0 0
0 180 0 -0 0 -0 0 180 0.98324 54.486 0 -0 0 180 0 -0 0 -0
0 -0 0 -180 0 -180 1.16985e-13 -146.118 4.92651e-14 -0.558169 0 -180 0 180 0 0 0 0
0 180 0 180 0 180 0 -180 1.09445e-13 -78.4582 0 -180 0 -0 0 -0 0 -0
0 -0 0 -180 0 -180 3.15478e-12 -121.36 1.08375e-12 123.768 0 -0 0 180 0 0 0 0
0 -0 0 -180 0 -180 0 180 7.87744e-13 -48.5279 0 180 0 180 0 0 0 0
0 -0 0 0 0 0 0.225417 -88.3276 0.300153 100.243 0 -180 0 -0 0 0 0 0
0 -0 0 0 0 0 0 -180 1.38528 53.6612 0 -180 0 -0 0 0 0 0
inside=0 lambda=0.647 phi=35 theta=15
0 -180 0 180 0 0 0.0578187 -78.8106 0.0230758 -7.93609 0 0 0 -180 0 180 0 0
0 180 0 -0 0 -0 0 180 1.01169 54.4255 0 -0 0 180 0 -0 0 -0
0 -0 0 -180 0 -180 0.0249386 -157.646 0.0837225 -79.0496 0 0 0 180 0 0 0 0
0 180 0 180 0 180 0 -180 0.104614 -130.312 0 0 0 -0 0 -0 0 -0
0 -0 0 -180 0 -180 0.0467159 -117.971 0.0835693 -78.113 0 0 0 180 0 0 0 0
0 0 0 -180 0 -180 0 -180 0.103142 -130.441 0 -0 0 180 0 0 0 0
0 -180 0 0 0 -0 0.212357 -99.9146 0.280655 99.8089 0 -180 0 -0 0 0 0 0
0 -180 0 0 0 0 0 -180 1.36102 53.7656 0 -180 0 -0 0 0 0 0
inside=0 lambda=0.647 phi=35 theta=30
0 -180 0 180 0 0 0 -0 0.0578772 77.1013 0 0 0 -180 0 180 0 0
0 180 0 -180 0 -0 0 180 1.0914 54.1413 0 0 0 180 0 -180 0 -0
0 -0 0 -180 0 -180 0 -180 0.146466 -79.0133 0 0 0 180 0 0 0 0
0 180 0 180 0 180 0 -180 0.18045 -130.546 0 0 0 -0 0 -0 0 -0
0 -0 0 -180 0 180 0 -180 0.146921 -78.5339 0 180 0 -180 0 0 0 0
0 180 0 -180 0 -180 0 180 0.178983 -130.025 0 -0 0 -180 0 0 0 0
0 -180 0 0 0 -0 0 -180 0.225477 97.0407 0 -180 0 180 0 0 0 0
0 180 0 0 0 180 0 -180 1.29745 53.8051 0 -180 0 -0 0 0 0 -0
inside=0 lambda=0.647 phi=35 theta=45
0 -180 0 -180 0 0 0 0 0.139428 92.3834 0 0 0 -0 0 -180 0 0
0 180 0 -180 0 -0 0 0 1.19479 53.8324 0 0 0 180 0 -180 0 -0
0 -0 0 -180 0 -180 0 -180 0.169341 -78.977 0 0 0 180 0 0 0 0
0 180 0 180 0 180 0 -180 0.207622 -130.258 0 0 0 -0 0 -0 0 -0
0 -0 0 -180 0 180 0 -180 0.169341 -78.977 0 0 0 -180 0 0 0 0
0 180 0 -180 0 -0 0 180 0.207622 -130.258 0 -0 0 180 0 0 0 -0
0 -180 0 0 0 -0 0 -180 0.139428 92.3834 0 -180 0 0 0 0 0 0
0 180 0 0 0 180 0 -180 1.19479 53.8324 0 -180 0 -0 0 0 0 -0
inside=0 lambda=0.647 phi=40 theta=0
0 -180 0 180 0 180 0.110449 -65.4302 0.204826 -77.7689 0 0 0 -180 0 180 0 180
0 180 0 -0 0 -0 0 180 0.792703 50.0865 0 -0 0 180 0 -0 0 -0
0 -0 0 -180 0 -180 3.70828e-13 -26.1712 2.30772e-13 -92.5959 0 180 0 180 0 0 0 0
0 180 0 180 0 180 0 -0 2.15916e-13 -149.605 0 180 0 -0 0 -0 0 -0
0 -0 0 -180 0 -180 1.11353e-12 -100.479 3.18386e-13 -66.814 0 -180 0 180 0 0 0 0
0 -0 0 -180 0 -180 0 180 2.21245e-13 124.529 0 -180 0 180 0 0 0 0
0 -0 0 0 0 0 0.252279 -67.2446 0.44718 91.6931 0 -180 0 -0 0 0 0 0
0 -0 0 0 0 0 0 -0 1.54843 48.2406 0 -180 0 -0 0 0 0 0
inside=0 lambda=0.647 phi=40 theta=15
0 -180 0 180 0 180 0.0965266 -74.5733 0.160898 -75.0189 0 0 0 -180 0 180 0 180
0 180 0 -0 0 -0 0 180 0.845072 49.9044 0 -0 0 180 0 -0 0 -0
0 -0 0 -180 0 -180 0.0343235 175.934 0.164745 -86.1802 0 0 0 180 0 180 0 0
0 180 0 180 0 180 0 -180 0.19352 -134.43 0 -0 0 -0 0 -0 0 -0
0 -0 0 -180 0 -180 0.0686677 -102.75 0.164222 -85.7074 0 180 0 180 0 0 0 0
0 0 0 -180 0 -180 0 -180 0.193257 -134.603 0 -0 0 180 0 0 0 0
0 -180 0 0 0 -0 0.227884 -78.8301 0.408275 91.2381 0 -180 0 -0 0 0 0 0
0 -0 0 0 0 180 0 -180 1.50193 48.3872 0 -180 0 -0 0 0 0 0
inside=0 lambda=0.647 phi=40 theta=30
0 -180 0 180 0 180 0.0425297 -116.076 0.0492551 -41.2653 0 0 0 -180 0 180 0 0
0 180 0 -0 0 -0 0 180 0.990751 49.5034 0 -0 0 180 0 -0 0 -0
0 -0 0 -180 0 -180 0.0545998 166.312 0.289448 -85.844 0 0 0 180 0 180 0 0
0 180 0 180 0 180 0 -180 0.337857 -134.362 0 0 0 -0 0 -0 0 -0
0 -0 0 -180 0 180 0.0855492 -136.19 0.288744 -85.4828 0 180 0 -180 0 0 0 0
0 0 0 -180 0 -0 0 180 0.334106 -134.506 0 -0 0 180 0 0 0 -0
0 -180 0 0 0 -0 0.179953 -123.477 0.296679 89.2353 0 -180 0 0 0 0 0 0
0 180 0 0 0 180 0 -180 1.37262 48.7807 0 -180 0 -0 0 0 0 -0
inside=0 lambda=0.647 phi=40 theta=45
0 -180 0 -180 0 180 0 -0 0.134201 79.2169 0 0 0 -0 0 -180 0 0
0 180 0 -180 0 -0 0 180 1.18723 48.8132 0 -0 0 180 0 -180 0 -0
0 -0 0 -180 0 -180 0 180 0.336229 -86.2746 0 0 0 180 0 180 0 0
0 180 0 180 0 180 0 -180 0.389052 -134.514 0 0 0 -0 0 -0 0 -0
0 -0 0 180 0 180 0 -180 0.336229 -86.2746 0 180 0 -180 0 0 0 0
0 180 0 -180 0 -0 0 180 0.389052 -134.514 0 -0 0 180 0 0 0 -0
0 -180 0 -0 0 -0 0 -180 0.134201 79.2169 0 -180 0 180 0 0 0 0
0 180 0 180 0 180 0 -180 1.18723 48.8132 0 -180 0 -0 0 -0 0 -0
inside=0 lambda=0.647 phi=45 theta=0
0 -0 0 180 0 180 0.204901 -84.4857 0.976299 -144.41 0 180 0 -0 0 180 0 180
0 180 0 -0 0 -0 0 180 0 180 0 -0 0 180 0 -0 0 -0
0 -180 0 -0 0 -0 1.50367e-14 -20.7679 8.46367e-14 -84.7326 0 180 0 0 0 180 0 180
0 180 0 180 0 180 0 -0 0 -180 0 -180 0 -0 0 -0 0 -0
0 -0 0 -180 0 -180 1.35113e-13 5.34698 5.20506e-13 -154.011 0 180 0 180 0 0 0 0
0 -0 0 -180 0 -180 0 -180 0 180 0 0 0 180 0 0 0 0
0 -0 0 0 0 0 0.351916 -61.8012 0.942865 51.2265 0 -180 0 -0 0 0 0 0
0 -0 0 0 0 0 0 -0 0 0 0 -180 0 -0 0 0 0 0
inside=0 lambda=0.647 phi=45 theta=15
0 -180 0 0 0 180 0.158413 -95.4619 0.852497 -145.533 0 180 0 -0 0 180 0 180
0 180 0 -0 0 -0 0 180 0 180 0 -0 0 0 0 -0 0 -0
0 -180 0 -0 0 -0 0.116057 94.5454 0.477487 -135.134 0 0 0 180 0 180 0 180
0 180 0 180 0 180 0 0 0 -180 0 -0 0 -0 0 -0 0 -0
0 -0 0 -180 0 180 0.115116 -105.317 0.478477 -135.862 0 180 0 180 0 0 0 0
0 0 0 -180 0 -180 0 -180 0 -180 0 -180 0 180 0 0 0 -0
0 -180 0 0 0 -0 0.288337 -71.1135 0.829833 52.2635 0 -180 0 0 0 0 0 180
0 0 0 0 0 0 0 -0 0 0 0 -180 0 -0 0 0 0 -0
inside=0 lambda=0.647 phi=45 theta=30
0 -180 0 0 0 180 0.0544477 -107.698 0.503096 -151.776 0 180 0 -0 0 180 0 180
0 180 0 -0 0 -0 0 180 0 0 0 -0 0 180 0 -180 0 -0
0 -0 0 -180 0 -0 0.133119 65.4117 0.850952 -135.397 0 0 0 180 0 180 0 180
0 180 0 180 0 180 0 -0 0 -180 0 -0 0 -0 0 -180 0 -0
0 -0 0 180 0 180 0.126292 -140.797 0.846139 -135.912 0 180 0 -180 0 0 0 180
0 0 0 -180 0 -180 0 180 0 180 0 -180 0 180 0 -0 0 -0
0 -180 0 -0 0 -0 0.154507 -98.656 0.493012 57.6299 0 -180 0 0 0 0 0 180
0 180 0 0 0 0 0 -180 0 0 0 -180 0 -0 0 -0 0 -0
inside=0 lambda=0.647 phi=45 theta=45
0 -180 0 180 0 180 0 -0 0.124056 133.503 0 0 0 -0 0 180 0 180
0 180 0 -0 0 -0 0 0 0 0 0 -0 0 0 0 -180 0 -0
0 -0 0 -180 0 -0 0 180 0.992275 -136.497 0 0 0 180 0 180 0 180
0 0 0 180 0 180 0 -0 0 180 0 -0 0 -180 0 -180 0 -0
0 -0 0 180 0 180 0 -180 0.992275 -136.497 0 180 0 -0 0 0 0 180
0 0 0 -0 0 -180 0 180 0 180 0 -180 0 180 0 -0 0 -0
0 -180 0 -0 0 -0 0 180 0.124056 133.503 0 180 0 180 0 0 0 180
0 180 0 0 0 0 0 -0 0 0 0 -180 0 -0 0 -0 0 -0
inside=1 lambda=0.647 phi=0 theta=0
0 0 0 -180 0 0 0 0 0.125839 -168.401 0 0 0 0 0 -180 0 0
0 180 0 -180 0 180 0 0 0.82198 68.72 0 0 0 180 0 -180 0 180
0 0 0 180 0 -180 0 180 4.57811e-13 -45.036 0 180 0 -180 0 180 0 0
0 0 0 -0 0 -180 0 180 2.52799e-13 16.2084 0 180 0 -180 0 0 0 0
0 0 0 -0 0 -180 0 -180 7.09187e-13 116.925 0 -180 0 -180 0 -180 0 0
0 0 0 -0 0 -180 0 180 4.74274e-13 -139.583 0 180 0 -180 0 -0 0 0
0 0 0 0 0 0 0 -180 0.125839 -168.401 0 -180 0 0 0 0 0 0
0 180 0 0 0 180 0 -180 0.82198 68.72 0 -180 0 180 0 0 0 180
inside=1 lambda=0.647 phi=0 theta=15
0 0 0 -180 0 0 0 0 0.125839 -168.401 0 0 0 0 0 -180 0 0
0 180 0 -180 0 180 0 0 0.82198 68.72 0 0 0 180 0 -180 0 180
0 0 0 180 0 -180 0 180 4.57811e-13 -45.036 0 180 0 -180 0 180 0 0
0 0 0 -0 0 -180 0 180 2.52799e-13 16.2084 0 180 0 -180 0 0 0 0
0 0 0 -0 0 -180 0 -180 7.09187e-13 116.925 0 -180 0 -180 0 -180 0 0
0 0 0 -0 0 -180 0 180 4.74274e-13 -139.583 0 180 0 -180 0 -0 0 0
0 0 0 0 0 0 0 -180 0.125839 -168.401 0 -180 0 0 0 0 0 0
0 180 0 0 0 180 0 -180 0.82198 68.72 0 -180 0 180 0 0 0 180
inside=1 lambda=0.647 phi=0 theta=30
0 0 0 -180 0 0 0 0 0.125839 -168.401 0 0 0 0 0 -180 0 0
0 180 0 -180 0 180 0 0 0.82198 68.72 0 0 0 180 0 -180 0 180
0 0 0 180 0 -180 0 180 4.57811e-13 -45.036 0 180 0 -180 0 180 0 0
0 0 0 -0 0 -180 0 180 2.52799e-13 16.2084 0 180 0 -180 0 0 0 0
0 0 0 -0 0 -180 0 -180 7.09187e-13 116.925 0 -180 0 -180 0 -180 0 0
0 0 0 -0 0 -180 0 180 4.74274e-13 -139.583 0 180 0 -180 0 -0 0 0
0 0 0 0 0 0 0 -180 0.125839 -168.401 0 -180 0 0 0 0 0 0
0 180 0 0 0 180 0 -180 0.82198 68.72 0 -180 0 180 0 0 0 180
inside=1 lambda=0.647 phi=0 theta=45
0 0 0 -180 0 0 0 0 0.125839 -168.401 0 0 0 0 0 -180 0 0
0 180 0 -180 0 180 0 0 0.82198 68.72 0 0 0 180 0 -180 0 180
0 0 0 180 0 -180 0 180 4.57811e-13 -45.036 0 180 0 -180 0 180 0 0
0 0 0 -0 0 -180 0 180 2.52799e-13 16.2084 0 180 0 -180 0 0 0 0
0 0 0 -0 0 -180 0 -180 7.09187e-13 116.925 0 -180 0 -180 0 -180 0 0
0 0 0 -0 0 -180 0 180 4.74274e-13 -139.583 0 180 0 -180 0 -0 0 0
0 0 0 0 0 0 0 -180 0.125839 -168.401 0 -180 0 0 0 0 0 0
0 180 0 0 0 180 0 -180 0.82198 68.72 0 -180 0 180 0 0 0 180
inside=1 lambda=0.647 phi=5 theta=0
0 -0 0 -180 0 0 0 0 0.125199 -168.318 0 0 0 -0 0 -180 0 0
0 180 0 -180 0 0 0 0 0.822878 68.579 0 0 0 180 0 -180 0 0
0 0 0 -180 0 -180 0 -180 7.11923e-14 -121.668 0 0 0 -180 0 0 0 0
0 0 0 180 0 -180 0 -180 5.35012e-14 153.294 0 0 0 -180 0 -0 0 0
0 0 0 -180 0 -180 0 -180 1.26997e-14 -124.792 0 -0 0 -180 0 0 0 0
0 0 0 -180 0 -180 0 -180 1.69679e-14 -68.0298 0 0 0 -180 0 0 0 0
0 0 0 0 0 0 0 -180 0.126784 -168.396 0 -180 0 0 0 0 0 0
0 180 0 0 0 0 0 -180 0.821051 68.5769 0 -180 0 180 0 0 0 0
inside=1 lambda=0.647 phi=5 theta=15
0 -0 0 -180 0 0 0 0 0.125305 -168.323 0 0 0 -0 0 -180 0 0
0 180 0 -180 0 0 0 0 0.822755 68.5788 0 0 0 180 0 -180 0 0
0 0 0 -180 0 -180 0 -180 0.000376177 7.48402 0 0 0 -180 0 0 0 0
0 0 0 180 0 -180 0 -180 0.000455504 72.5056 0 0 0 -180 0 -0 0 0
0 0 0 -180 0 -180 0 -180 0.000376322 7.47014 0 0 0 -180 0 0 0 0
0 0 0 -180 0 -180 0 180 0.000455488 72.4889 0 -0 0 -180 0 0 0 0
0 -0 0 0 0 0 0 -180 0.126678 -168.39 0 -180 0 0 0 0 0 0
0 180 0 0 0 180 0 -180 0.821173 68.577 0 -180 0 0 0 0 0 0
inside=1 lambda=0.647 phi=5 theta=30
0 -0 0 -180 0 0 0 0 0.125595 -168.337 0 0 0 -0 0 -180 0 0
0 180 0 -180 0 0 0 0 0.822421 68.5784 0 0 0 180 0 -180 0 0
0 0 0 -180 0 -180 0 -180 0.000651611 7.48108 0 0 0 -180 0 0 0 0
0 0 0 180 0 -180 0 -180 0.00078895 72.502 0 0 0 -180 0 -0 0 0
0 0 0 -180 0 -180 0 -180 0.000651756 7.47306 0 0 0 -180 0 0 0 0
0 0 0 -180 0 -180 0 180 0.000788934 72.4924 0 -0 0 -180 0 0 0 0
0 -0 0 0 0 -0 0 -180 0.126388 -168.376 0 -180 0 0 0 0 0 0
0 180 0 0 0 180 0 -180 0.821508 68.5774 0 -180 0 0 0 0 0 0
inside=1 lambda=0.647 phi=5 theta=45
0 -0 0 -180 0 0 0 0 0.125991 -168.357 0 0 0 -0 0 -180 0 0
0 180 0 -180 0 0 0 0 0.821964 68.5779 0 0 0 180 0 -180 0 0
0 0 0 -180 0 -180 0 -180 0.000752499 7.47706 0 0 0 -180 0 0 0 0
0 0 0 180 0 -180 0 -180 0.000910992 72.4972 0 0 0 -180 0 -0 0 0
0 0 0 -180 0 -180 0 -180 0.000752499 7.47706 0 0 0 -180 0 0 0 0
0 0 0 -180 0 -180 0 180 0.000910992 72.4972 0 -0 0 -180 0 0 0 0
0 -0 0 0 0 -0 0 -180 0.125991 -168.357 0 -180 0 0 0 0 0 0
0 180 0 0 0 180 0 -180 0.821964 68.5779 0 -180 0 0 0 0 0 0
inside=1 lambda=0.647 phi=10 theta=0
0 -0 0 -180 0 0 0 0 0.123246 -168.065 0 0 0 -0 0 -180 0 0
0 180 0 -180 0 0 0 0 0.825608 68.1587 0 0 0 180 0 -180 0 0
0 -0 0 -180 0 -180 0 -0 6.47582e-14 145.751 0 180 0 180 0 0 0 0
0 0 0 180 0 -180 0 -0 3.66495e-14 35.1822 0 180 0 -180 0 -0 0 0
0 0 0 -180 0 -180 0 180 2.13566e-14 133.621 0 -180 0 -180 0 0 0 0
0 0 0 -180 0 -180 0 -180 3.26839e-14 -14.7907 0 180 0 -180 0 0 0 0
0 0 0 0 0 0 0 -180 0.129659 -168.384 0 -180 0 0 0 0 0 0
0 180 0 0 0 0 0 -180 0.81823 68.1499 0 -180 0 180 0 0 0 0
inside=1 lambda=0.647 phi=10 theta=15
0 -0 0 -180 0 0 0 0 0.123674 -168.087 0 0 0 -0 0 -180 0 0
0 180 0 -180 0 0 0 0 0.825114 68.1581 0 0 0 180 0 -180 0 0
0 -0 0 -180 0 -180 0 -180 0.00152406 7.52925 0 0 0 180 0 0 0 0
0 0 0 180 0 -180 0 -180 0.00184012 72.1001 0 0 0 -180 0 -0 0 0
0 0 0 -180 0 -180 0 -180 0.00152636 7.47352 0 0 0 -180 0 0 0 0
0 0 0 -180 0 -180 0 180 0.00183985 72.0338 0 -0 0 -180 0 0 0 0
0 -0 0 0 0 -0 0 -180 0.129229 -168.363 0 -180 0 0 0 0 0 0
0 180 0 0 0 180 0 -180 0.818725 68.1504 0 -180 0 0 0 0 0 0
inside=1 lambda=0.647 phi=10 theta=30
0 -0 0 -180 0 0 0 0 0.124846 -168.147 0 0 0 -0 0 -180 0 0
0 180 0 -180 0 0 0 0 0.823764 68.1564 0 0 0 180 0 -180 0 0
0 -0 0 -180 0 -180 0 -180 0.00264061 7.51731 0 0 0 180 0 0 0 0
0 0 0 180 0 -180 0 -180 0.00318708 72.0855 0 0 0 -180 0 -0 0 0
0 0 0 -180 0 -180 0 -180 0.00264291 7.48514 0 0 0 -180 0 0 0 0
0 0 0 -180 0 -180 0 180 0.00318681 72.0472 0 -0 0 -180 0 0 0 0
0 -0 0 0 0 -0 0 -180 0.128053 -168.307 0 -180 0 0 0 0 0 0
0 180 0 0 0 180 0 -180 0.820075 68.152 0 -180 0 0 0 0 0 0
inside=1 lambda=0.647 phi=10 theta=45
0 -0 0 -180 0 0 0 0 0.126449 -168.228 0 0 0 -0 0 -180 0 0
0 180 0 -180 0 0 0 0 0.82192 68.1541 0 0 0 180 0 -180 0 0
0 -0 0 -180 0 -180 0 -180 0.00305045 7.50115 0 0 0 180 0 0 0 0
0 0 0 180 0 -180 0 -180 0.00367996 72.066 0 0 0 -180 0 -0 0 0
0 -0 0 -180 0 180 0 -180 0.00305045 7.50115 0 0 0 -180 0 0 0 0
0 0 0 -180 0 -180 0 180 0.00367996 72.066 0 -0 0 -180 0 0 0 0
0 -0 0 0 0 -0 0 -180 0.126449 -168.228 0 -180 0 0 0 0 0 0
0 180 0 0 0 180 0 -180 0.82192 68.1541 0 -180 0 0 0 0 0 0
inside=1 lambda=0.647 phi=15 theta=0
0 -0 0 -180 0 0 0 0 0.119868 -167.63 0 0 0 -0 0 -180 0 0
0 180 0 -180 0 0 0 0 0.83029 67.4679 0 0 0 180 0 -180 0 0
0 -0 0 -180 0 -180 0 -180 4.88913e-15 -173.584 0 -180 0 180 0 0 0 0
0 0 0 180 0 -180 0 -0 1.46198e-15 -20.4409 0 -180 0 -180 0 -0 0 0
0 0 0 -180 0 -180 0 -0 7.79054e-15 135.797 0 0 0 -180 0 0 0 0
0 0 0 -180 0 -180 0 -0 5.00987e-15 23.665 0 180 0 -180 0 0 0 0
0 0 0 0 0 0 0 -180 0.134586 -168.38 0 -180 0 0 0 0 0 0
0 180 0 0 0 0 0 -180 0.813417 67.4468 0 -180 0 180 0 0 0 0
inside=1 lambda=0.647 phi=15 theta=15
0 -0 0 -180 0 0 0 0 0.120849 -167.685 0 0 0 -0 0 -180 0 0
0 180 0 -180 0 0 0 0 0.82916 67.4663 0 0 0 180 0 -180 0 0
0 -0 0 -180 0 -180 0 -180 0.00350306 7.59543 0 0 0 180 0 0 0 0
0 0 0 180 0 -180 0 -180 0.00420945 71.4331 0 0 0 -180 0 -0 0 0
0 0 0 -180 0 -180 0 -180 0.00351457 7.46928 0 0 0 -180 0 0 0 0
0 0 0 -180 0 -180 0 180 0.00420804 71.2856 0 -0 0 -180 0 0 0 0
0 -0 0 0 0 -0 0 -180 0.133595 -168.334 0 -180 0 0 0 0 0 0
0 180 0 0 0 180 0 -180 0.814548 67.448 0 -180 0 0 0 0 0 0
inside=1 lambda=0.647 phi=15 theta=30
0 -0 0 -180 0 0 0 0 0.123532 -167.832 0 0 0 -0 0 -180 0 0
0 180 0 -180 0 0 0 0 0.826074 67.462 0 0 0 180 0 -180 0 0
0 -0 0 -180 0 -180 0 -180 0.00607193 7.56793 0 0 0 180 0 0 0 0
0 0 0 180 0 -180 0 -180 0.0072904 71.3988 0 0 0 -180 0 -0 0 0
0 -0 0 -180 0 180 0 -180 0.00608342 7.49521 0 0 0 -180 0 0 0 0
0 0 0 -180 0 -180 0 180 0.007289 71.3138 0 -0 0 -180 0 0 0 0
0 -0 0 0 0 -0 0 -180 0.130891 -168.206 0 -180 0 0 0 0 0 0
0 180 0 0 0 180 0 -180 0.817638 67.4514 0 -180 0 0 0 0 0 0
inside=1 lambda=0.647 phi=15 theta=45
0 -0 0 -180 0 0 0 0 0.127206 -168.023 0 0 0 -0 0 -180 0 0
0 180 0 -180 0 0 0 0 0.821857 67.4565 0 0 0 180 0 -180 0 0
0 -0 0 -180 0 -180 0 -180 0.00701802 7.53118 0 0 0 180 0 0 0 0
0 0 0 180 0 -180 0 -180 0.00841739 71.3548 0 0 0 -180 0 -0 0 0
0 -0 0 -180 0 180 0 -180 0.00701802 7.53118 0 0 0 -180 0 0 0 0
0 0 0 -180 0 -180 0 180 0.00841739 71.3548 0 -0 0 -180 0 0 0 0
0 -0 0 0 0 -0 0 -180 0.127206 -168.023 0 -180 0 0 0 0 0 0
0 180 0 0 0 180 0 -180 0.821857 67.4565 0 -180 0 0 0 0 0 0
inside=1 lambda=0.647 phi=20 theta=0
0 -0 0 -180 0 0 0 0 0.11487 -166.985 0 0 0 -0 0 -180 0 0
0 180 0 -180 0 0 0 0 0.83713 66.521 0 0 0 180 0 -180 0 0
0 -0 0 -180 0 -180 0 -0 7.17748e-15 106.413 0 -180 0 180 0 0 0 0
0 180 0 180 0 -180 0 -0 3.99051e-15 43.2172 0 -180 0 -0 0 -0 0 0
0 0 0 -180 0 -180 0 -0 2.05366e-15 -166.751 0 -0 0 -180 0 0 0 0
0 0 0 -180 0 -180 0 180 9.52614e-15 -75.3452 0 0 0 -180 0 0 0 0
0 -0 0 0 0 0 0 -180 0.141772 -168.407 0 -180 0 -0 0 0 0 0
0 180 0 0 0 0 0 -180 0.806434 66.4805 0 -180 0 180 0 0 0 0
inside=1 lambda=0.647 phi=20 theta=15
0 -0 0 -180 0 0 0 0 0.116656 -167.098 0 0 0 -0 0 -180 0 0
0 180 0 -180 0 0 0 0 0.835076 66.5176 0 0 0 180 0 -180 0 0
0 -0 0 -180 0 -180 0 -180 0.00641691 7.66965 0 0 0 180 0 0 0 0
0 180 0 180 0 -180 0 -180 0.00766064 70.5182 0 0 0 -0 0 -0 0 0
0 -0 0 -180 0 -180 0 -180 0.00645269 7.44348 0 0 0 -180 0 0 0 0
0 0 0 -180 0 -180 0 180 0.00765579 70.2594 0 -0 0 -180 0 0 0 0
0 -0 0 0 0 -0 0 -180 0.139952 -168.326 0 -180 0 0 0 0 0 0
0 180 0 0 0 180 0 -180 0.808493 66.4825 0 -180 0 0 0 0 0 0
inside=1 lambda=0.647 phi=20 theta=30
0 -0 0 -180 0 0 0 0 0.121546 -167.392 0 0 0 -0 0 -180 0 0
0 180 0 -180 0 0 0 0 0.829464 66.5089 0 0 0 180 0 -180 0 0
0 -0 0 -180 0 -180 0 -180 0.0111288 7.61911 0 0 0 180 0 0 0 0
0 0 0 180 0 -180 0 -180 0.0132664 70.4537 0 0 0 -0 0 -0 0 0
0 -0 0 -180 0 180 0 -180 0.0111644 7.48916 0 0 0 -180 0 0 0 0
0 0 0 -180 0 -180 0 180 0.0132617 70.305 0 -0 0 -180 0 0 0 0
0 -0 0 0 0 -0 0 -180 0.134995 -168.096 0 -180 0 0 0 0 0 0
0 180 0 0 0 180 0 -180 0.814117 66.4885 0 -180 0 0 0 0 0 0
inside=1 lambda=0.647 phi=20 theta=45
0 -0 0 -180 0 0 0 0 0.128254 -167.76 0 0 0 -0 0 -180 0 0
0 180 0 -180 0 0 0 0 0.821794 66.498 0 0 0 180 0 -180 0 0
0 -0 0 -180 0 -180 0 -180 0.0128716 7.55293 0 0 0 180 0 0 0 0
0 0 0 180 0 -180 0 -180 0.0153158 70.3746 0 0 0 -180 0 -0 0 0
0 -0 0 -180 0 180 0 -180 0.0128716 7.55293 0 0 0 -180 0 0 0 0
0 0 0 -180 0 -180 0 180 0.0153158 70.3746 0 -0 0 -180 0 0 0 0
0 -0 0 0 0 -0 0 -180 0.128254 -167.76 0 -180 0 0 0 0 0 0
0 180 0 0 0 180 0 -180 0.821794 66.498 0 -180 0 0 0 0 0 0
inside=1 lambda=0.647 phi=25 theta=0
0 -0 0 -180 0 0 0 -0 0.107954 -166.07 0 0 0 -0 0 -180 0 0
0 180 0 -180 0 -0 0 0 0.846441 65.3385 0 0 0 180 0 -180 0 -0
0 -0 0 -180 0 -180 0 -180 3.93674e-14 -122.979 0 180 0 180 0 0 0 0
0 180 0 180 0 -180 0 -180 6.11813e-14 159.323 0 180 0 -0 0 -0 0 0
0 0 0 -180 0 -180 0 180 3.61395e-14 -44.4926 0 180 0 -180 0 0 0 0
0 0 0 -180 0 -180 0 0 2.63053e-14 -47.6815 0 0 0 -180 0 0 0 0
0 -0 0 0 0 0 0 -180 0.15153 -168.493 0 -180 0 -0 0 0 0 0
0 180 0 0 0 0 0 -180 0.797019 65.27 0 -180 0 180 0 0 0 0
inside=1 lambda=0.647 phi=25 theta=15
0 -0 0 -180 0 0 0 -0 0.110833 -166.285 0 0 0 -0 0 -180 0 0
0 180 0 -180 0 -0 0 0 0.843137 65.3323 0 0 0 180 0 -180 0 -0
0 -0 0 -180 0 -180 0 -180 0.0104208 7.73559 0 0 0 180 0 0 0 0
0 180 0 180 0 -180 0 -180 0.0123395 69.3749 0 0 0 -0 0 -0 0 0
0 -0 0 -180 0 180 0 -180 0.0105065 7.37811 0 0 0 -180 0 0 0 0
0 0 0 -180 0 -180 0 180 0.0123263 68.976 0 -0 0 -180 0 0 0 0
0 -0 0 0 0 -0 0 -180 0.148565 -168.368 0 -180 0 0 0 0 0 0
0 180 0 0 0 180 0 -180 0.800338 65.2725 0 -180 0 0 0 0 0 0
inside=1 lambda=0.647 phi=25 theta=30
0 -0 0 -180 0 0 0 0 0.118725 -166.821 0 0 0 -0 0 -180 0 0
0 180 0 -180 0 -0 0 0 0.834106 65.3164 0 0 0 180 0 -180 0 0
0 -0 0 -180 0 -180 0 -180 0.0180857 7.65306 0 0 0 180 0 0 0 0
0 180 0 180 0 -180 0 -180 0.0213661 69.2663 0 0 0 -0 0 -0 0 0
0 -0 0 -180 0 180 0 -180 0.0181702 7.44918 0 0 0 -180 0 0 0 0
0 0 0 -180 0 -180 0 180 0.0213534 69.0388 0 -0 0 -180 0 0 0 0
0 -0 0 0 0 -0 0 -180 0.140504 -168.007 0 -180 0 0 0 0 0 0
0 180 0 0 0 180 0 -180 0.809398 65.2814 0 -180 0 0 0 0 0 0
inside=1 lambda=0.647 phi=25 theta=45
0 -0 0 -180 0 0 0 0 0.129573 -167.457 0 0 0 -0 0 -180 0 0
0 180 0 -180 0 0 0 0 0.821759 65.2972 0 0 0 180 0 -180 0 0
0 -0 0 -180 0 -180 0 -180 0.0209348 7.54829 0 0 0 180 0 0 0 0
0 0 0 180 0 -180 0 -180 0.0246633 69.1413 0 0 0 -0 0 -0 0 0
0 -0 0 -180 0 180 0 -180 0.0209348 7.54829 0 0 0 -180 0 0 0 0
0 0 0 -180 0 -0 0 180 0.0246633 69.1413 0 -0 0 -180 0 0 0 0
0 -0 0 0 0 -0 0 -180 0.129573 -167.457 0 -180 0 0 0 0 0 0
0 180 0 0 0 180 0 -180 0.821759 65.2972 0 -180 0 0 0 0 0 0
inside=1 lambda=0.647 phi=30 theta=0
0 -0 0 -180 0 0 0 -0 0.0987058 -164.748 0 0 0 -0 0 -180 0 0
0 180 0 -180 0 -0 0 0 0.858666 63.9474 0 0 0 180 0 -180 0 -0
0 -0 0 -180 0 -180 0 180 2.41713e-14 -10.1665 0 -0 0 180 0 0 0 0
0 180 0 180 0 -180 0 -0 3.35004e-14 135.995 0 180 0 -0 0 -0 0 0
0 0 0 -180 0 -180 0 180 3.15879e-14 -67.0839 0 -0 0 -180 0 0 0 0
0 0 0 -180 0 -180 0 -0 4.13652e-14 164.28 0 180 0 -180 0 0 0 0
0 -0 0 0 0 0 0 -180 0.164297 -168.673 0 -180 0 -0 0 0 0 0
0 180 0 0 0 0 0 -180 0.784806 63.8403 0 -180 0 180 0 0 0 0
inside=1 lambda=0.647 phi=30 theta=15
0 -0 0 -180 0 0 0 -0 0.103008 -165.152 0 0 0 -0 0 -180 0 0
0 180 0 -180 0 -0 0 0 0.853731 63.9365 0 0 0 180 0 -180 0 -0
0 -0 0 -180 0 -180 0 -180 0.015732 7.77559 0 0 0 180 0 0 0 0
0 180 0 180 0 -180 0 -180 0.0184519 68.0302 0 0 0 -0 0 -0 0 0
0 -0 0 -180 0 180 0 -180 0.0159066 7.25215 0 0 0 -180 0 0 0 0
0 0 0 -180 0 -180 0 180 0.0184202 67.4622 0 -0 0 -180 0 0 0 0
0 -0 0 0 0 -0 0 -180 0.159797 -168.494 0 -180 0 0 0 0 0 0
0 180 0 0 0 180 0 -180 0.789774 63.8425 0 -180 0 0 0 0 0 0
inside=1 lambda=0.647 phi=30 theta=30
0 -0 0 -180 0 0 0 -0 0.114831 -166.104 0 0 0 -0 0 -180 0 0
0 180 0 -180 0 -0 0 0 0.840243 63.9094 0 0 0 180 0 -180 0 -0
0 -0 0 -180 0 -180 0 -180 0.0273274 7.64963 0 0 0 180 0 0 0 0
0 180 0 180 0 -180 0 -180 0.0319419 67.8581 0 0 0 -0 0 -0 0 0
0 -0 0 -180 0 180 0 -180 0.027497 7.35538 0 0 0 -180 0 0 0 0
0 0 0 -180 0 -180 0 180 0.0319125 67.5387 0 -0 0 -180 0 0 0 0
0 -0 0 0 0 -0 0 -180 0.147601 -167.971 0 -180 0 0 0 0 0 0
0 180 0 0 0 180 0 -180 0.803325 63.8537 0 -180 0 -0 0 0 0 0
inside=1 lambda=0.647 phi=30 theta=45
0 -0 0 -180 0 0 0 -0 0.131129 -167.14 0 0 0 -0 0 -180 0 0
0 180 0 -180 0 -0 0 0 0.821799 63.8779 0 0 0 180 0 -180 0 0
0 -0 0 -180 0 -180 0 -180 0.0316597 7.49693 0 0 0 180 0 0 0 0
0 180 0 180 0 -180 0 -180 0.0368637 67.6758 0 0 0 -0 0 -0 0 0
0 -0 0 -180 0 180 0 -180 0.0316597 7.49693 0 0 0 -180 0 0 0 0
0 180 0 -180 0 -0 0 180 0.0368637 67.6758 0 -0 0 -180 0 0 0 0
0 -0 0 -0 0 -0 0 -180 0.131129 -167.14 0 -180 0 0 0 0 0 0
0 180 0 0 0 180 0 -180 0.821799 63.8779 0 -180 0 -0 0 0 0 0
inside=1 lambda=0.647 phi=35 theta=0
0 -0 0 180 0 0 0 -0 0.0865791 -162.706 0 0 0 -0 0 180 0 0
0 180 0 -180 0 -0 0 0 0.874416 62.3816 0 0 0 180 0 -180 0 -0
0 -0 0 -180 0 -180 0 0 1.5467e-14 -95.9508 0 -0 0 180 0 0 0 0
0 180 0 180 0 -180 0 -0 1.51201e-14 -92.2765 0 180 0 -0 0 -0 0 0
0 0 0 -180 0 -180 0 -0 6.03303e-14 -19.988 0 180 0 -180 0 0 0 0
0 0 0 -180 0 -180 0 -180 1.4853e-14 121.085 0 180 0 -180 0 0 0 0
0 -0 0 0 0 0 0 -180 0.180682 -168.988 0 -180 0 -0 0 0 0 0
0 180 0 0 0 0 0 -180 0.7693 62.2259 0 -180 0 180 0 0 0 0
inside=1 lambda=0.647 phi=35 theta=15
0 -0 0 180 0 0 0 -0 0.0926821 -163.496 0 0 0 -0 0 180 0 0
0 180 0 -180 0 -0 0 0 0.867398 62.3631 0 0 0 180 0 -180 0 -0
0 -0 0 -180 0 -180 0 -180 0.022644 7.77366 0 0 0 180 0 0 0 0
0 180 0 180 0 -180 0 -180 0.0262805 66.5211 0 0 0 -0 0 -0 0 0
0 -0 0 -180 0 180 0 -180 0.022963 7.04183 0 0 0 -180 0 0 0 0
0 0 0 -180 0 -180 0 -180 0.0262094 65.7504 0 -0 0 -180 0 0 0 0
0 -0 0 0 0 -0 0 -180 0.174142 -168.743 0 -180 0 0 0 0 0 0
0 180 0 0 0 180 0 -180 0.776386 62.2245 0 -180 0 0 0 0 0 0
inside=1 lambda=0.647 phi=35 theta=30
0 -0 0 -180 0 0 0 -0 0.109532 -165.196 0 0 0 -0 0 180 0 0
0 180 0 -180 0 -0 0 0 0.848215 62.3189 0 0 0 180 0 -180 0 -0
0 -0 0 -180 0 -180 0 -180 0.0393759 7.58816 0 0 0 180 0 0 0 0
0 180 0 180 0 -180 0 -180 0.0454735 66.2561 0 0 0 -0 0 -0 0 0
0 -0 0 -180 0 180 0 -180 0.0396778 7.18759 0 0 0 -180 0 0 0 0
0 0 0 -180 0 -0 0 180 0.0454122 65.8335 0 -0 0 -180 0 0 0 0
0 -0 0 0 0 -0 0 -180 0.156529 -168.026 0 -180 0 0 0 0 0 0
0 180 0 0 0 180 0 -180 0.795691 62.2351 0 -180 0 -0 0 0 0 0
inside=1 lambda=0.647 phi=35 theta=45
0 -0 0 -180 0 0 0 -0 0.132861 -166.833 0 0 0 -0 0 -180 0 0
0 180 0 -180 0 -0 0 0 0.82198 62.2698 0 0 0 180 0 -180 0 -0
0 -0 0 -180 0 -180 0 -180 0.0456574 7.37821 0 0 0 180 0 0 0 0
0 180 0 180 0 -180 0 -180 0.0524657 66.0041 0 0 0 -0 0 -0 0 0
0 -0 0 -180 0 180 0 -180 0.0456574 7.37821 0 0 0 -180 0 0 0 0
0 180 0 -180 0 -0 0 180 0.0524657 66.0041 0 -0 0 -180 0 0 0 0
0 -0 0 -0 0 -0 0 -180 0.132861 -166.833 0 -180 0 0 0 0 0 0
0 180 0 0 0 180 0 -180 0.82198 62.2698 0 -180 0 -0 0 0 0 -0
inside=1 lambda=0.647 phi=40 theta=0
0 -0 0 180 0 0 0 -0 0.0709732 -159.099 0 0 0 -0 0 180 0 0
0 180 0 -180 0 -0 0 0 0.894517 60.6863 0 0 0 180 0 -180 0 -0
0 -0 0 -180 0 -180 0 -180 1.21326e-14 9.15844 0 -180 0 180 0 0 0 0
0 180 0 180 0 180 0 180 8.63826e-15 7.76257 0 -180 0 -0 0 -0 0 -0
0 0 0 -180 0 -180 0 -180 2.6358e-14 -154.259 0 -180 0 -180 0 0 0 0
0 0 0 -180 0 -180 0 0 7.80641e-15 -63.0095 0 -0 0 -180 0 0 0 0
0 -0 0 0 0 0 0 -180 0.201584 -169.5 0 -180 0 -0 0 0 0 0
0 180 0 0 0 0 0 -180 0.749828 60.4789 0 -180 0 180 0 0 0 0
inside=1 lambda=0.647 phi=40 theta=15
0 -0 0 180 0 0 0 -0 0.0792366 -160.812 0 0 0 -0 0 180 0 0
0 180 0 -180 0 -0 0 0 0.884866 60.653 0 0 0 180 0 -180 0 -0
0 -0 0 -180 0 -180 0 -180 0.0315444 7.72129 0 0 0 180 0 0 0 0
0 180 0 180 0 180 0 -180 0.0362134 64.904 0 0 0 -0 0 -0 0 -0
0 -0 0 -180 0 180 0 -180 0.0320876 6.71783 0 0 0 -180 0 0 0 0
0 0 0 -180 0 -180 0 -180 0.0360555 63.8817 0 -0 0 -180 0 0 0 0
0 -0 0 0 0 -0 0 -180 0.19228 -169.16 0 -180 0 0 0 0 0 0
0 180 0 0 0 180 0 -180 0.759626 60.4611 0 -180 0 -0 0 0 0 0
inside=1 lambda=0.647 phi=40 theta=30
0 -0 0 -180 0 0 0 -0 0.102375 -163.999 0 0 0 -0 0 180 0 0
0 180 0 -180 0 -0 0 0 0.858486 60.582 0 0 0 180 0 -180 0 -0
0 -0 0 -180 0 -180 0 -180 0.0549268 7.44962 0 0 0 180 0 0 0 0
0 180 0 180 0 -180 0 -180 0.0626048 64.4932 0 0 0 -0 0 -0 0 0
0 -0 0 -180 0 180 0 -180 0.0554176 6.92715 0 0 0 -180 0 0 0 0
0 0 0 -180 0 -0 0 180 0.0624848 63.9578 0 -0 0 -180 0 0 0 0
0 -0 0 -0 0 -0 0 -180 0.167591 -168.208 0 -180 0 0 0 0 0 0
0 180 0 0 0 180 0 -180 0.786232 60.4614 0 -180 0 -0 0 0 0 0
inside=1 lambda=0.647 phi=40 theta=45
0 -0 0 -180 0 0 0 -0 0.134677 -166.564 0 0 0 -0 0 180 0 0
0 180 0 -180 0 -0 0 0 0.822405 60.5086 0 0 0 180 0 -180 0 -0
0 -0 0 -180 0 -180 0 -180 0.063739 7.1732 0 0 0 180 0 0 0 0
0 180 0 180 0 -180 0 -180 0.0722028 64.1582 0 0 0 -0 0 -0 0 0
0 -0 0 -180 0 180 0 -180 0.063739 7.1732 0 0 0 -180 0 0 0 0
0 180 0 -180 0 -0 0 180 0.0722028 64.1582 0 -0 0 -180 0 0 0 0
0 -0 0 -0 0 -0 0 -180 0.134677 -166.564 0 180 0 0 0 0 0 0
0 180 0 0 0 180 0 -180 0.822405 60.5086 0 -180 0 -0 0 0 0 -0
inside=1 lambda=0.647 phi=45 theta=0
0 -0 0 180 0 0 0 -0 0.0520779 -149.851 0 0 0 -0 0 180 0 0
0 180 0 -180 0 -0 0.0134745 -14.3323 0.919185 58.9656 0 0 0 180 0 -180 0 -0
0 -0 0 -180 0 -180 0 180 1.98962e-14 -91.5131 0 0 0 180 0 0 0 0
0 180 0 180 0 180 6.29431e-14 153.635 1.58058e-14 -178.977 0 -0 0 -0 0 -0 0 -0
0 -0 0 -180 0 -180 0 -0 1.86091e-14 -45.4763 0 180 0 180 0 0 0 0
0 0 0 -180 0 -180 1.04654e-14 50.306 2.32142e-14 119.447 0 180 0 -180 0 0 0 0
0 -0 0 0 0 0 0 -180 0.230584 -170.19 0 -180 0 -0 0 0 0 0
0 -180 0 0 0 0 0.131448 -137.503 0.723736 58.7656 0 -180 0 -180 0 0 0 0
inside=1 lambda=0.647 phi=45 theta=15
0 -0 0 180 0 0 0 -0 0.0621362 -155.62 0 0 0 -0 0 180 0 0
0 180 0 -180 0 -0 0 0 0.907114 58.8633 0 0 0 180 0 -180 0 -0
0 -0 0 -180 0 -180 0 -180 0.0429274 7.63851 0 0 0 180 0 0 0 0
0 180 0 180 0 180 0 -180 0.0488138 63.3021 0 0 0 -0 0 -0 0 -0
0 -0 0 -180 0 180 0 -180 0.0438273 6.21993 0 0 0 -180 0 0 0 0
0 0 0 -180 0 -180 0 -180 0.0484252 61.9182 0 -0 0 -180 0 0 0 0
0 -0 0 0 0 -0 0 -180 0.215272 -169.83 0 -180 0 0 0 0 0 0
0 180 0 0 0 180 0 -180 0.738751 58.6244 0 -180 0 -0 0 0 0 0
inside=1 lambda=0.647 phi=45 theta=30
0 -0 0 180 0 0 0 -0 0.0927603 -162.295 0 0 0 -0 0 180 0 0
0 180 0 -180 0 -0 0 0 0.871691 58.742 0 0 0 180 0 -180 0 -0
0 -0 0 -180 0 -180 0 -180 0.0748979 7.21894 0 0 0 180 0 0 0 0
0 180 0 180 0 180 0 -180 0.0841935 62.6096 0 0 0 -0 0 -0 0 -0
0 -0 0 -180 0 180 0 -180 0.0756407 6.55827 0 0 0 -180 0 0 0 0
0 180 0 -180 0 -0 0 180 0.0839687 61.952 0 -0 0 -180 0 0 0 0
0 -0 0 -0 0 -0 0 -180 0.181171 -168.553 0 180 0 0 0 0 0 0
0 180 0 0 0 180 0 -180 0.774617 58.5757 0 -180 0 -0 0 0 0 -0
inside=1 lambda=0.647 phi=45 theta=45
0 -0 0 -180 0 0 0 -0 0.136432 -166.356 0 0 0 -0 0 180 0 0
0 180 0 -180 0 -0 0 0 0.823226 58.6361 0 0 0 180 0 -180 0 -0
0 -0 0 -180 0 -180 0 -180 0.0869704 6.8664 0 0 0 180 0 0 0 0
0 180 0 180 0 -180 0 -180 0.0970482 62.1756 0 0 0 -0 0 -0 0 0
0 -0 0 -180 0 180 0 -180 0.0869704 6.8664 0 0 0 -180 0 0 0 0
0 180 0 -180 0 -0 0 180 0.0970482 62.1756 0 -0 0 -180 0 0 0 0
0 -0 0 -0 0 -0 0 -180 0.136432 -166.356 0 180 0 0 0 0 0 0
0 180 0 0 0 180 0 -180 0.823226 58.6361 0 -180 0 -0 0 0 0 -0
