RSoft_BSDF_File_Version 2
1 0 5 2 1 0.182857
0.3 0.3
-1 1
-1 1
1 0.647 0.647
10 0 45 0.5
4 0 45
Begin_Dispersion_Data
0.647 1.45662 0 1 0 0
End_Dispersion_Data
inside=0 lambda=0.647 phi=0 theta=0
0 -180 0 -180 0 -180 0 0 0.110811 -16.1013 0 0 0 -180 0 -180 0 -180
0 -0 0 -180 0 -0 0 0 1.19947 113.012 0 0 0 -0 0 -180 0 -0
0 -180 0 0 0 0 0 -180 1.89169e-12 168.742 0 -0 0 0 0 0 0 -180
0 -0 0 0 0 180 0 -180 1.61965e-12 36.6996 0 -0 0 180 0 180 0 -0
0 -180 0 -0 0 0 0 0 1.88313e-12 -131.16 0 0 0 0 0 -0 0 -180
0 -0 0 -0 0 180 0 -0 1.74864e-12 95.936 0 -0 0 180 0 -0 0 -0
0 -180 0 0 0 -180 0 -180 0.110811 -16.1013 0 -180 0 -180 0 0 0 -180
0 -0 0 0 0 -0 0 -180 1.19947 113.012 0 -180 0 -0 0 0 0 -0
inside=0 lambda=0.647 phi=0 theta=15
0 -180 0 -180 0 -180 0 0 0.110811 -16.1013 0 0 0 -180 0 -180 0 -180
0 -0 0 -180 0 -0 0 0 1.19947 113.012 0 0 0 -0 0 -180 0 -0
0 -180 0 0 0 0 0 -180 1.89169e-12 168.742 0 -0 0 0 0 0 0 -180
0 -0 0 0 0 180 0 -180 1.61965e-12 36.6996 0 -0 0 180 0 180 0 -0
0 -180 0 -0 0 0 0 0 1.88313e-12 -131.16 0 0 0 0 0 -0 0 -180
0 -0 0 -0 0 180 0 -0 1.74864e-12 95.936 0 -0 0 180 0 -0 0 -0
0 -180 0 0 0 -180 0 -180 0.110811 -16.1013 0 -180 0 -180 0 0 0 -180
0 -0 0 0 0 -0 0 -180 1.19947 113.012 0 -180 0 -0 0 0 0 -0
inside=0 lambda=0.647 phi=0 theta=30
0 -180 0 -180 0 -180 0 0 0.110811 -16.1013 0 0 0 -180 0 -180 0 -180
0 -0 0 -180 0 -0 0 0 1.19947 113.012 0 0 0 -0 0 -180 0 -0
0 -180 0 0 0 0 0 -180 1.89169e-12 168.742 0 -0 0 0 0 0 0 -180
0 -0 0 0 0 180 0 -180 1.61965e-12 36.6996 0 -0 0 180 0 180 0 -0
0 -180 0 -0 0 0 0 0 1.88313e-12 -131.16 0 0 0 0 0 -0 0 -180
0 -0 0 -0 0 180 0 -0 1.74864e-12 95.936 0 -0 0 180 0 -0 0 -0
0 -180 0 0 0 -180 0 -180 0.110811 -16.1013 0 -180 0 -180 0 0 0 -180
0 -0 0 0 0 -0 0 -180 1.19947 113.012 0 -180 0 -0 0 0 0 -0
inside=0 lambda=0.647 phi=0 theta=45
0 -180 0 -180 0 -180 0 0 0.110811 -16.1013 0 0 0 -180 0 -180 0 -180
0 -0 0 -180 0 -0 0 0 1.19947 113.012 0 0 0 -0 0 -180 0 -0
0 -180 0 0 0 0 0 -180 1.89169e-12 168.742 0 -0 0 0 0 0 0 -180
0 -0 0 0 0 180 0 -180 1.61965e-12 36.6996 0 -0 0 180 0 180 0 -0
0 -180 0 -0 0 0 0 0 1.88313e-12 -131.16 0 0 0 0 0 -0 0 -180
0 -0 0 -0 0 180 0 -0 1.74864e-12 95.936 0 -0 0 180 0 -0 0 -0
0 -180 0 0 0 -180 0 -180 0.110811 -16.1013 0 -180 0 -180 0 0 0 -180
0 -0 0 0 0 -0 0 -180 1.19947 113.012 0 -180 0 -0 0 0 0 -0
inside=0 lambda=0.647 phi=5 theta=0
0 -180 0 -180 0 -180 0 0 0.109154 -15.5576 0 0 0 -180 0 -180 0 -180
0 -0 0 -180 0 -180 0 180 1.19711 112.278 0 0 0 -0 0 -180 0 -180
0 -180 0 -0 0 0 0 -0 2.60924e-13 151.785 0 0 0 0 0 180 0 -180
0 -0 0 -180 0 0 0 -0 5.88009e-13 23.5284 0 0 0 180 0 0 0 -180
0 -180 0 -180 0 0 0 0 2.21035e-13 107.394 0 0 0 0 0 0 0 -180
0 -0 0 -180 0 180 0 -180 3.80013e-13 -3.90135 0 180 0 180 0 0 0 -0
0 -180 0 0 0 -180 0 -180 0.110617 -15.9682 0 -180 0 -180 0 0 0 -180
0 -180 0 0 0 -0 0 -180 1.20209 112.276 0 -180 0 -180 0 0 0 -0
inside=0 lambda=0.647 phi=5 theta=15
0 -180 0 -180 0 -180 0 0 0.109252 -15.5853 0 0 0 -180 0 -180 0 -180
0 -0 0 -180 0 -180 0 180 1.19744 112.278 0 0 0 -0 0 -0 0 -180
0 -180 0 -0 0 0 0 -180 0.000438382 144.391 0 0 0 0 0 180 0 -180
0 -0 0 -180 0 0 0 -180 0.00124334 -72.9527 0 0 0 180 0 0 0 -180
0 -180 0 -180 0 0 0 -180 0.000438201 144.339 0 180 0 0 0 0 0 -180
0 -0 0 -180 0 180 0 -180 0.00124297 -72.8998 0 0 0 0 0 0 0 -0
0 -180 0 0 0 -180 0 -180 0.110519 -15.9409 0 -180 0 -180 0 0 0 -180
0 -0 0 0 0 -0 0 -180 1.20175 112.276 0 -180 0 -180 0 0 0 -180
inside=0 lambda=0.647 phi=5 theta=30
0 -180 0 -180 0 -180 0 0 0.10952 -15.661 0 0 0 -180 0 -180 0 -180
0 -0 0 -180 0 -180 0 180 1.19835 112.277 0 0 0 -0 0 -0 0 -180
0 -180 0 -0 0 0 0 -180 0.000759236 144.381 0 0 0 0 0 180 0 -180
0 -0 0 -180 0 0 0 -180 0.00215338 -72.9412 0 0 0 180 0 0 0 -180
0 -180 0 -180 0 0 0 -0 0.000759055 144.35 0 180 0 0 0 0 0 -180
0 -0 0 -180 0 180 0 -180 0.00215302 -72.9107 0 0 0 0 0 0 0 -180
0 -180 0 0 0 -180 0 -180 0.110252 -15.8663 0 -180 0 -180 0 0 0 -180
0 -0 0 0 0 -0 0 -180 1.20084 112.276 0 -180 0 -180 0 0 0 -180
inside=0 lambda=0.647 phi=5 theta=45
0 -180 0 -180 0 -180 0 0 0.109886 -15.7639 0 0 0 -180 0 -180 0 -180
0 -0 0 -180 0 -180 0 0 1.1996 112.277 0 0 0 -0 0 -0 0 -180
0 -180 0 -0 0 0 0 -180 0.000876587 144.365 0 0 0 0 0 180 0 -180
0 -0 0 -180 0 0 0 -180 0.0024863 -72.9259 0 0 0 180 0 0 0 -180
0 -180 0 -180 0 0 0 -0 0.000876587 144.365 0 180 0 0 0 0 0 -180
0 -0 0 -180 0 180 0 -180 0.0024863 -72.9259 0 0 0 0 0 0 0 -180
0 -180 0 0 0 -180 0 -180 0.109886 -15.7639 0 -180 0 -180 0 0 0 -180
0 -0 0 0 0 -0 0 -180 1.1996 112.277 0 -0 0 -180 0 0 0 -180
inside=0 lambda=0.647 phi=10 theta=0
0 -180 0 -180 0 -180 0 0 0.10453 -13.7806 0 0 0 -180 0 -180 0 -180
0 -0 0 -0 0 -180 0 180 1.18969 110.072 0 0 0 -0 0 -0 0 -180
0 -180 0 -0 0 0 0 -180 6.36295e-13 -34.6754 0 0 0 0 0 180 0 -180
0 -0 0 -180 0 0 0 -180 7.33151e-13 -63.1468 0 -0 0 180 0 0 0 -180
0 -180 0 -180 0 0 0 -180 2.37599e-13 -168.368 0 -180 0 0 0 0 0 -180
0 -180 0 -180 0 180 0 -180 2.71866e-13 23.4127 0 -180 0 0 0 0 0 -0
0 -180 0 0 0 -180 0 -180 0.109969 -15.4413 0 -180 0 -180 0 0 0 -180
0 -180 0 0 0 -180 0 -180 1.21028 110.058 0 -180 0 -180 0 0 0 -180
inside=0 lambda=0.647 phi=10 theta=15
0 -180 0 -180 0 -180 0 0 0.104896 -13.8963 0 0 0 -180 0 -180 0 -180
0 -0 0 -0 0 -180 0 180 1.19107 110.071 0 0 0 -0 0 -0 0 -180
0 -180 0 -0 0 0 0 -180 0.00166845 144.708 0 0 0 0 0 180 0 -180
0 -0 0 -180 0 0 0 -0 0.00514759 -75.4265 0 0 0 180 0 0 0 -180
0 -180 0 -180 0 0 0 -180 0.00166527 144.485 0 180 0 0 0 0 0 -180
0 -0 0 -180 0 180 0 -180 0.00514137 -75.2192 0 0 0 0 0 0 0 -180
0 -180 0 0 0 -180 0 -180 0.109607 -15.334 0 -180 0 -180 0 0 0 -180
0 -0 0 0 0 -0 0 -180 1.2089 110.059 0 -180 0 -180 0 0 0 -180
inside=0 lambda=0.647 phi=10 theta=30
0 -180 0 -180 0 -180 0 0 0.105896 -14.2088 0 0 0 -180 0 -180 0 -180
0 -0 0 -180 0 -180 0 180 1.19483 110.067 0 0 0 -0 0 -0 0 -180
0 -180 0 -180 0 0 0 -180 0.00288884 144.664 0 0 0 0 0 180 0 -180
0 -0 0 -180 0 0 0 -0 0.00891338 -75.3789 0 0 0 180 0 0 0 -180
0 -180 0 -180 0 0 0 -180 0.00288566 144.536 0 180 0 0 0 0 0 -180
0 -0 0 -180 0 180 0 -180 0.00890719 -75.2594 0 0 0 0 0 0 0 -180
0 -180 0 0 0 -180 0 -180 0.108617 -15.0384 0 -180 0 -180 0 0 0 -180
0 -0 0 180 0 -0 0 -180 1.20513 110.06 0 -0 0 -180 0 0 0 -180
inside=0 lambda=0.647 phi=10 theta=45
0 -180 0 -180 0 -180 0 0 0.107259 -14.6278 0 0 0 -180 0 -180 0 -180
0 -0 0 -180 0 -180 0 180 1.19998 110.063 0 0 0 -0 0 -0 0 -180
0 -180 0 -180 0 0 0 -180 0.003334 144.602 0 0 0 0 0 180 0 -180
0 -0 0 -180 0 0 0 -180 0.0102886 -75.3173 0 0 0 180 0 0 0 -180
0 -180 0 -180 0 0 0 -180 0.003334 144.602 0 180 0 0 0 0 0 -180
0 -0 0 -180 0 180 0 -180 0.0102886 -75.3173 0 0 0 0 0 0 0 -180
0 -180 0 0 0 -180 0 -180 0.107259 -14.6278 0 -180 0 -180 0 0 0 -180
0 -0 0 180 0 -0 0 -180 1.19998 110.063 0 -0 0 -180 0 0 0 -180
inside=0 lambda=0.647 phi=15 theta=0
0 180 0 -180 0 -180 0 0 0.0980958 -10.4072 0 0 0 180 0 -180 0 -180
0 -0 0 -0 0 -180 0 180 1.17613 106.387 0 0 0 -0 0 -0 0 -180
0 -180 0 -0 0 0 0 -0 6.16442e-13 49.5543 0 180 0 0 0 180 0 -180
0 -0 0 -180 0 0 0 -0 6.13458e-13 21.6598 0 180 0 180 0 0 0 -180
0 -180 0 -180 0 0 0 0 3.60177e-13 -172.583 0 180 0 0 0 0 0 -180
0 -180 0 -180 0 0 0 0 7.25825e-13 96.0291 0 0 0 0 0 0 0 -180
0 -180 0 0 0 -180 0 -180 0.108699 -14.0773 0 -180 0 -180 0 0 0 -180
0 -180 0 0 0 -180 0 -180 1.2252 106.333 0 -180 0 -180 0 0 0 -180
inside=0 lambda=0.647 phi=15 theta=15
0 180 0 -180 0 -180 0 0 0.0988167 -10.6752 0 0 0 180 0 -180 0 -180
0 -0 0 -0 0 -180 0 180 1.17942 106.381 0 0 0 -0 0 -0 0 -180
0 -180 0 -0 0 0 0 -180 0.00340446 146.132 0 0 0 0 0 180 0 -180
0 -0 0 -180 0 0 0 -0 0.0122844 -79.6133 0 0 0 180 0 0 0 -180
0 -180 0 -180 0 0 0 -180 0.00338542 145.579 0 180 0 0 0 0 0 -180
0 -180 0 -180 0 180 0 -180 0.0122496 -79.1629 0 0 0 0 0 0 0 -180
0 -180 0 0 0 -180 0 -180 0.108009 -13.8486 0 -180 0 -180 0 0 0 -180
0 -180 0 0 0 -0 0 -180 1.22191 106.334 0 -180 0 -180 0 0 0 -180
inside=0 lambda=0.647 phi=15 theta=30
0 180 0 -180 0 -180 0 0 0.100784 -11.3878 0 0 0 180 0 -180 0 -180
0 -0 0 -0 0 -180 0 180 1.18838 106.366 0 0 0 -0 0 -0 0 -180
0 -180 0 -180 0 0 0 -180 0.00589211 146.037 0 0 0 0 0 180 0 -180
0 -0 0 -180 0 0 0 -0 0.0212615 -79.4988 0 0 0 180 0 0 0 -180
0 -180 0 -180 0 0 0 -180 0.0058732 145.72 0 180 0 0 0 0 0 -180
0 -0 0 -180 0 180 0 -180 0.0212272 -79.2401 0 0 0 0 0 0 0 -180
0 -180 0 0 0 -180 0 -180 0.106103 -13.2143 0 -180 0 -180 0 0 0 -180
0 -0 0 180 0 -0 0 -180 1.21292 106.339 0 -0 0 -180 0 0 0 -180
inside=0 lambda=0.647 phi=15 theta=45
0 -180 0 -180 0 -180 0 0 0.103458 -12.3206 0 0 0 180 0 -180 0 -180
0 -0 0 -180 0 -180 0 180 1.20064 106.35 0 0 0 -0 0 -0 0 -180
0 -180 0 -180 0 0 0 -180 0.0067941 145.89 0 0 0 0 0 180 0 -180
0 -0 0 -180 0 0 0 -180 0.0245293 -79.3603 0 0 0 180 0 0 0 -180
0 -180 0 -180 0 0 0 -180 0.0067941 145.89 0 180 0 0 0 0 0 -180
0 -0 0 -180 0 180 0 -180 0.0245293 -79.3603 0 0 0 0 0 0 0 -180
0 -180 0 0 0 180 0 -180 0.103458 -12.3206 0 -180 0 -180 0 0 0 -180
0 -0 0 180 0 -0 0 -180 1.20064 106.35 0 -0 0 -180 0 0 0 -180
inside=0 lambda=0.647 phi=20 theta=0
0 180 0 -180 0 -180 0 -0 0.092081 -5.27943 0 0 0 180 0 -180 0 -180
0 -0 0 -0 0 -180 0 180 1.1544 101.213 0 0 0 -0 0 -0 0 -180
0 180 0 -0 0 0 0 0 7.34255e-13 -28.4344 0 -0 0 -0 0 180 0 -180
0 -0 0 -180 0 0 0 0 1.11741e-12 -95.1258 0 -0 0 180 0 0 0 -180
0 -180 0 -180 0 0 0 -0 2.78704e-13 -121.158 0 180 0 0 0 0 0 -180
0 -180 0 -180 0 0 0 0 5.82693e-13 123.217 0 180 0 0 0 0 0 -180
0 -180 0 0 0 -180 0 -180 0.106746 -10.893 0 -180 0 -180 0 0 0 -180
0 -180 0 0 0 -180 0 -180 1.24925 101.044 0 -180 0 -180 0 0 0 -180
inside=0 lambda=0.647 phi=20 theta=15
0 180 0 -180 0 -180 0 0 0.0931004 -5.71787 0 0 0 180 0 -180 0 -180
0 -0 0 -0 0 -180 0 180 1.16074 101.192 0 0 0 -0 0 -0 0 -180
0 180 0 -180 0 0 0 -180 0.00508783 151.189 0 0 0 -0 0 180 0 -180
0 -0 0 -180 0 0 0 -0 0.0238037 -85.6092 0 0 0 180 0 0 0 -180
0 -180 0 -180 0 0 0 -180 0.00500853 150.059 0 180 0 0 0 0 0 -180
0 -180 0 -180 0 180 0 -180 0.0236722 -84.8459 0 0 0 0 0 0 0 -180
0 -180 0 0 0 -180 0 -180 0.10587 -10.555 0 -180 0 -180 0 0 0 -180
0 -180 0 0 0 -0 0 -180 1.24287 101.045 0 -180 0 -180 0 0 0 -180
inside=0 lambda=0.647 phi=20 theta=30
0 180 0 -180 0 -180 0 0 0.095898 -6.85144 0 0 0 180 0 -180 0 -180
0 -0 0 -0 0 -180 0 180 1.17806 101.141 0 0 0 -0 0 -0 0 -180
0 180 0 -180 0 0 0 -180 0.00880367 151.039 0 0 0 -0 0 180 0 -180
0 -0 0 -180 0 0 0 -0 0.0411586 -85.3859 0 0 0 180 0 0 0 -180
0 -180 0 -180 0 0 0 -180 0.00872601 150.402 0 180 0 0 0 0 0 -180
0 -0 0 -180 0 180 0 -180 0.0410344 -84.9524 0 0 0 0 0 0 0 -180
0 -180 0 0 0 180 0 -180 0.103348 -9.61698 0 -180 0 -180 0 0 0 -180
0 -0 0 180 0 -0 0 -180 1.22546 101.056 0 -0 0 -180 0 0 0 -180
inside=0 lambda=0.647 phi=20 theta=45
0 180 0 -180 0 -180 0 0 0.0996884 -8.28195 0 0 0 180 0 -180 0 -180
0 -0 0 -180 0 -180 0 180 1.20174 101.089 0 0 0 -0 0 -0 0 -180
0 -180 0 -180 0 0 0 -180 0.0101323 150.766 0 0 0 -0 0 180 0 -180
0 -0 0 -180 0 0 0 -180 0.047444 -85.1413 0 0 0 180 0 0 0 -180
0 -180 0 -180 0 -0 0 -180 0.0101323 150.766 0 180 0 0 0 0 0 -180
0 -0 0 -180 0 180 0 -180 0.047444 -85.1413 0 0 0 0 0 0 0 -180
0 180 0 0 0 180 0 -180 0.0996884 -8.28195 0 -180 0 -180 0 0 0 -180
0 -0 0 180 0 -0 0 -180 1.20174 101.089 0 -0 0 -180 0 0 0 -180
inside=0 lambda=0.647 phi=25 theta=0
0 180 0 180 0 -180 0 -0 0.0896904 0.306776 0 0 0 180 0 180 0 -180
0 -0 0 -0 0 -180 0 180 1.12089 94.5447 0 0 0 -0 0 -0 0 -180
0 180 0 -0 0 0 0 -0 7.48521e-13 -99.8971 0 0 0 -0 0 180 0 -180
0 -0 0 180 0 0 0 -0 3.70189e-13 -123.876 0 -0 0 180 0 -0 0 -180
0 -180 0 -180 0 0 0 180 8.46769e-13 173.131 0 180 0 0 0 0 0 -180
0 -180 0 -180 0 0 0 -0 6.46592e-13 -24.6539 0 -180 0 0 0 0 0 -180
0 -180 0 0 0 -180 0 -180 0.104927 -3.85513 0 -180 0 -180 0 0 0 -180
0 -180 0 0 0 -180 0 -180 1.28714 94.0898 0 -180 0 -180 0 0 0 -180
inside=0 lambda=0.647 phi=25 theta=15
0 180 0 180 0 -180 0 -0 0.0907783 -0.109386 0 0 0 180 0 180 0 -180
0 -0 0 -0 0 -180 0 180 1.132 94.4763 0 0 0 -0 0 -0 0 -180
0 180 0 -180 0 0 0 -180 0.00606626 168.767 0 0 0 -0 0 180 0 -180
0 -0 0 -180 0 0 0 -0 0.0419062 -93.5608 0 0 0 180 0 -0 0 -180
0 -180 0 -180 0 0 0 -180 0.00576946 167.093 0 180 0 0 0 0 0 -180
0 -180 0 -180 0 0 0 -180 0.0414683 -92.4384 0 -0 0 0 0 0 0 -180
0 -180 0 0 0 -180 0 -180 0.104379 -3.6441 0 -180 0 -180 0 0 0 -180
0 -180 0 0 0 -0 0 -180 1.27589 94.0839 0 -180 0 -180 0 0 0 -180
inside=0 lambda=0.647 phi=25 theta=30
0 180 0 -180 0 -180 0 -0 0.0939399 -1.05347 0 0 0 180 0 180 0 -180
0 -0 0 -0 0 -180 0 180 1.16233 94.3269 0 0 0 -0 0 -0 0 -180
0 180 0 -180 0 0 0 -180 0.0105373 168.547 0 0 0 -0 0 180 0 -180
0 -0 0 -180 0 0 0 -0 0.0722906 -93.1641 0 0 0 180 0 -0 0 -180
0 -180 0 -180 0 -0 0 -180 0.0102567 167.651 0 180 0 0 0 0 0 -180
0 -0 0 -180 0 180 0 -180 0.0719195 -92.5424 0 -0 0 0 0 0 0 -180
0 180 0 0 0 180 0 -180 0.102186 -3.02611 0 -180 0 -180 0 0 0 -180
0 -0 0 180 0 -0 0 -180 1.24532 94.1017 0 -0 0 -180 0 0 0 -180
inside=0 lambda=0.647 phi=25 theta=45
0 180 0 -180 0 -180 0 -0 0.0982833 -2.10728 0 0 0 180 0 -180 0 -180
0 -0 0 -180 0 -180 0 180 1.20376 94.1846 0 0 0 -0 0 -0 0 -180
0 180 0 -180 0 0 0 -180 0.0120773 168.169 0 0 0 -0 0 180 0 -180
0 -0 0 -180 0 0 0 -180 0.0832117 -92.7892 0 0 0 180 0 -0 0 -180
0 180 0 -180 0 -0 0 -180 0.0120773 168.169 0 180 0 0 0 0 0 -180
0 -0 0 -180 0 180 0 -180 0.0832117 -92.7892 0 -0 0 0 0 0 0 -180
0 180 0 -0 0 180 0 -180 0.0982833 -2.10728 0 -180 0 -180 0 0 0 -180
0 -0 0 180 0 -0 0 -180 1.20376 94.1846 0 -0 0 -180 0 0 0 -180
inside=0 lambda=0.647 phi=30 theta=0
0 180 0 180 0 -180 0.0356494 -99.0582 0.0929304 3.21156 0 0 0 180 0 180 0 -180
0 -0 0 -0 0 -180 0 180 1.0659 86.4463 0 0 0 -0 0 -0 0 -180
0 180 0 -0 0 0 1.96713e-13 -94.3602 7.1875e-13 -63.2833 0 0 0 -0 0 180 0 -180
0 -0 0 180 0 0 0 -180 1.18411e-12 -144.361 0 -0 0 180 0 -0 0 -180
0 -180 0 -180 0 0 1.10683e-13 -163.809 5.10915e-13 40.118 0 -0 0 0 0 0 0 -180
0 -180 0 -180 0 0 0 0 1.0971e-12 126.05 0 -0 0 0 0 0 0 -180
0 -180 0 0 0 -180 0.148303 -128.042 0.106377 9.73945 0 -180 0 -180 0 0 0 -180
0 -180 0 0 0 -180 0 -180 1.34569 85.3271 0 -180 0 -180 0 0 0 -180
inside=0 lambda=0.647 phi=30 theta=15
0 180 0 180 0 -180 0 -0 0.09544 2.38616 0 0 0 180 0 180 0 -180
0 -0 0 -0 0 -180 0 180 1.08753 86.2398 0 0 0 -0 0 -0 0 -180
0 180 0 -0 0 0 0 -180 0.00892829 -142.822 0 0 0 -0 0 180 0 -180
0 -0 0 180 0 0 0 -0 0.0714913 -103.779 0 0 0 180 0 -0 0 -180
0 -180 0 -180 0 0 0 -180 0.00810095 -140.624 0 180 0 0 0 0 0 -180
0 -180 0 -180 0 0 0 -180 0.0696284 -102.28 0 -0 0 0 0 0 0 -180
0 -180 0 0 0 -180 0 -180 0.108218 9.91605 0 -180 0 -180 0 0 0 -180
0 -180 0 0 0 -180 0 -180 1.3297 85.2695 0 -180 0 -180 0 0 0 -180
inside=0 lambda=0.647 phi=30 theta=30
0 180 0 180 0 -180 0 -0 0.0978703 3.34102 0 0 0 180 0 180 0 -180
0 -0 0 -0 0 -180 0 180 1.13855 85.7799 0 0 0 -0 0 -0 0 -180
0 180 0 -180 0 0 0 -180 0.0158308 -145.037 0 0 0 -0 0 180 0 -180
0 -0 0 180 0 0 0 -0 0.122102 -103.027 0 0 0 180 0 -0 0 -180
0 -180 0 -180 0 -0 0 -180 0.0151442 -144.07 0 180 0 0 0 0 0 -180
0 -180 0 -180 0 180 0 -180 0.121067 -102.236 0 -0 0 0 0 0 0 -180
0 180 0 0 0 180 0 -180 0.107521 7.79006 0 -180 0 -180 0 0 0 -180
0 -0 0 180 0 -0 0 -180 1.27798 85.2335 0 -0 0 -180 0 0 0 -180
inside=0 lambda=0.647 phi=30 theta=45
0 180 0 -180 0 -180 0 -0 0.103051 5.52061 0 0 0 180 0 180 0 -180
0 -0 0 -0 0 -180 0 180 1.20812 85.4223 0 0 0 -0 0 -0 0 -180
0 180 0 -180 0 0 0 -180 0.0181243 -145.272 0 0 0 -0 0 180 0 -180
0 -0 0 -180 0 0 0 -180 0.1402 -102.512 0 0 0 180 0 -0 0 -180
0 180 0 -180 0 -0 0 -180 0.0181243 -145.272 0 180 0 0 0 0 0 -180
0 -0 0 -180 0 180 0 -180 0.1402 -102.512 0 -0 0 0 0 0 0 -180
0 180 0 -0 0 180 0 -180 0.103051 5.52061 0 180 0 -180 0 0 0 -180
0 -0 0 180 0 -0 0 -0 1.20812 85.4223 0 -0 0 -180 0 0 0 -180
inside=0 lambda=0.647 phi=35 theta=0
0 180 0 180 0 -180 0.105428 -93.7294 0.101072 -8.77617 0 0 0 180 0 180 0 -180
0 -0 0 -0 0 -180 0 180 0.972648 76.405 0 0 0 -0 0 -0 0 -180
0 180 0 -0 0 0 1.8805e-13 87.9184 1.57564e-12 -4.66378 0 180 0 -0 0 180 0 -180
0 -0 0 180 0 0 0 -0 1.18423e-12 -77.2413 0 180 0 180 0 -0 0 -180
0 -180 0 -180 0 0 8.10594e-14 -121.801 1.37488e-12 -21.9087 0 -0 0 0 0 0 0 -180
0 -180 0 -180 0 0 0 -0 1.03504e-12 137.431 0 -0 0 0 0 0 0 -180
0 -180 0 0 0 -180 0.178995 -105.419 0.136491 30.0621 0 -180 0 -180 0 0 0 -180
0 -180 0 0 0 -180 0 -180 1.44745 73.8037 0 -180 0 -180 0 0 0 -180
inside=0 lambda=0.647 phi=35 theta=15
0 180 0 180 0 -180 0.0812491 -99.529 0.103549 -5.90279 0 0 0 180 0 180 0 -180
0 -0 0 -0 0 -180 0 180 1.00735 76.0795 0 0 0 -0 0 -0 0 -180
0 180 0 -0 0 0 0.0144785 -178.301 0.026118 -110.757 0 0 0 -0 0 180 0 -180
0 -0 0 180 0 0 0 -0 0.122841 -114.741 0 0 0 180 0 -0 0 -180
0 -180 0 -180 0 0 0.0450157 -130.294 0.0249148 -108.69 0 180 0 0 0 0 0 -180
0 -180 0 -180 0 0 0 -180 0.119932 -114.789 0 -0 0 0 0 0 0 -180
0 -180 0 0 0 180 0.160492 -114.67 0.13603 28.1524 0 -180 0 -180 0 0 0 -180
0 -180 0 0 0 -180 0 -180 1.41765 73.8094 0 -180 0 -180 0 0 0 -180
inside=0 lambda=0.647 phi=35 theta=30
0 180 0 180 0 -180 0 -0 0.110441 0.465038 0 0 0 180 0 180 0 -180
0 -0 0 -0 0 -180 0 180 1.10101 75.1088 0 0 0 -0 0 -0 0 -180
0 180 0 -180 0 0 0 -180 0.0481266 -112.715 0 0 0 -0 0 180 0 -180
0 -0 0 180 0 0 0 -0 0.208967 -115.373 0 0 0 180 0 -0 0 -180
0 180 0 -180 0 -0 0 -180 0.047188 -111.184 0 180 0 0 0 0 0 -180
0 -180 0 -180 0 180 0 180 0.20586 -114.488 0 -0 0 0 0 0 0 -180
0 180 0 -0 0 180 0 -180 0.131728 22.1271 0 -180 0 -180 0 0 0 -180
0 -0 0 0 0 -0 0 -180 1.33732 73.8506 0 -180 0 -180 0 0 0 -180
inside=0 lambda=0.647 phi=35 theta=45
0 180 0 -180 0 -180 0 -0 0.119363 11.8179 0 0 0 180 0 180 0 -180
0 -0 0 -0 0 -180 0 180 1.2188 74.2342 0 0 0 -0 0 -0 0 -180
0 180 0 -180 0 0 0 180 0.0552415 -113.481 0 0 0 -0 0 180 0 -180
0 -0 0 180 0 0 0 -180 0.238717 -114.746 0 0 0 180 0 -0 0 -180
0 180 0 180 0 -0 0 -180 0.0552415 -113.481 0 180 0 0 0 0 0 -180
0 -0 0 -180 0 180 0 180 0.238717 -114.746 0 -0 0 0 0 0 0 -180
0 180 0 -0 0 180 0 -180 0.119363 11.8179 0 180 0 -180 0 0 0 -180
0 -0 0 180 0 -0 0 -0 1.2188 74.2342 0 -0 0 -180 0 0 0 -180
inside=0 lambda=0.647 phi=40 theta=0
0 180 0 180 0 -180 0.214048 -88.8217 0.16497 -48.0645 0 0 0 180 0 180 0 -180
0 -0 0 -0 0 180 0 180 0.778922 63.7926 0 -0 0 -0 0 -0 0 180
0 180 0 -0 0 0 1.38364e-12 76.8937 1.09558e-12 -47.8762 0 180 0 -0 0 180 0 -180
0 -0 0 180 0 -0 0 0 1.01197e-12 -73.1113 0 -180 0 180 0 -0 0 180
0 -180 0 -180 0 0 2.60171e-13 -33.3281 1.2126e-12 -118.09 0 -180 0 0 0 0 0 -180
0 -180 0 -180 0 0 0 180 4.19451e-13 -13.879 0 -180 0 0 0 0 0 -180
0 -180 0 0 0 -180 0.237859 -90.7428 0.265175 49.496 0 -180 0 -180 0 0 0 -180
0 -180 0 0 0 -180 0 -180 1.68094 57.5012 0 -180 0 -180 0 0 0 -180
inside=0 lambda=0.647 phi=40 theta=15
0 180 0 180 0 -180 0.168343 -96.1062 0.157571 -41.9973 0 0 0 180 0 180 0 -180
0 -0 0 -0 0 180 0 180 0.845271 62.8588 0 -0 0 -0 0 -0 0 180
0 180 0 -0 0 0 0.0315953 129.954 0.0889873 -103.006 0 0 0 -0 0 180 0 -180
0 -0 0 180 0 -0 0 -0 0.231976 -129.751 0 -0 0 180 0 -0 0 180
0 -180 0 -180 0 0 0.0811471 -120.375 0.0875324 -102.552 0 180 0 0 0 0 0 -180
0 -180 0 -180 0 0 0 -180 0.230155 -130.416 0 -0 0 0 0 0 0 -180
0 -180 0 0 0 -180 0.197642 -100.357 0.254636 45.952 0 -180 0 -180 0 0 0 -180
0 -180 0 0 0 -180 0 -180 1.62534 57.3897 0 -180 0 -180 0 0 0 -180
inside=0 lambda=0.647 phi=40 theta=30
0 180 0 180 0 -180 0.05826 -121.502 0.14663 -20.1835 0 0 0 180 0 180 0 -180
0 -0 0 -0 0 -180 0 180 1.0221 60.6633 0 -0 0 -0 0 -0 0 180
0 180 0 -0 0 0 0.0357482 151.29 0.163283 -104.459 0 0 0 -0 0 180 0 -180
0 -0 0 180 0 0 0 -0 0.402116 -130.793 0 0 0 180 0 -0 0 180
0 180 0 180 0 -0 0.0781587 -145.343 0.160685 -103.969 0 180 0 0 0 0 0 -180
0 -180 0 -180 0 0 0 180 0.3931 -130.926 0 -0 0 0 0 0 0 -180
0 180 0 -0 0 180 0.135758 -136.188 0.212607 34.7098 0 180 0 -180 0 0 0 -180
0 -0 0 0 0 -0 0 -180 1.46846 57.6511 0 -180 0 -180 0 0 0 -180
inside=0 lambda=0.647 phi=40 theta=45
0 180 0 180 0 -180 0 -0 0.160227 11.2515 0 0 0 180 0 180 0 -180
0 -0 0 -0 0 -180 0 180 1.24918 58.4186 0 0 0 -0 0 -0 0 180
0 180 0 -180 0 0 0 180 0.190452 -106.378 0 0 0 -0 0 180 0 -180
0 -0 0 180 0 0 0 -0 0.455413 -130.987 0 0 0 180 0 -0 0 180
0 180 0 180 0 -0 0 -180 0.190452 -106.378 0 180 0 0 0 0 0 -180
0 -0 0 -0 0 180 0 180 0.455413 -130.987 0 -0 0 0 0 0 0 180
0 180 0 -0 0 180 0 180 0.160227 11.2515 0 180 0 -180 0 0 0 -180
0 -0 0 180 0 -0 0 -0 1.24918 58.4186 0 -0 0 -180 0 0 0 180
inside=0 lambda=0.647 phi=45 theta=0
0 180 0 180 0 -0 0.553973 -106.521 0.810938 -154.7 0 180 0 180 0 180 0 -0
0 -0 0 -0 0 180 0 180 0 180 0 -0 0 -0 0 -0 0 180
0 180 0 -0 0 180 1.17532e-12 -10.1393 9.39301e-13 113.481 0 -180 0 -0 0 180 0 -0
0 -0 0 180 0 -0 0 -0 0 0 0 -180 0 180 0 -0 0 180
0 -180 0 -180 0 0 5.34478e-13 -7.386 1.64855e-12 -12.7058 0 -180 0 0 0 0 0 -180
0 -180 0 -180 0 0 0 -0 0 -180 0 0 0 0 0 0 0 -180
0 -180 0 0 0 -180 0.374735 -102.689 0.93495 10.9858 0 -180 0 -180 0 0 0 -180
0 -180 0 0 0 -180 0 -180 0 0 0 -180 0 -180 0 0 0 -180
inside=0 lambda=0.647 phi=45 theta=15
0 180 0 180 0 -180 0.411171 -118.597 0.742324 -153.166 0 180 0 180 0 180 0 -0
0 -0 0 -0 0 180 0 180 0 180 0 -0 0 -0 0 -0 0 180
0 180 0 -0 0 180 0.169874 62.0853 0.455629 -158.826 0 0 0 -0 0 180 0 -0
0 -0 0 180 0 -0 0 -0 0 180 0 -0 0 180 0 -0 0 180
0 180 0 180 0 -0 0.175762 -133.01 0.45316 -160.732 0 180 0 0 0 0 0 -180
0 -180 0 -180 0 0 0 180 0 180 0 -180 0 -0 0 -0 0 180
0 180 0 -0 0 180 0.259802 -111.336 0.840316 8.12284 0 180 0 -180 0 0 0 -180
0 -180 0 0 0 -180 0 -180 0 0 0 -180 0 180 0 -0 0 180
inside=0 lambda=0.647 phi=45 theta=30
0 180 0 0 0 -180 0.147565 -136.601 0.464249 -146.119 0 180 0 180 0 180 0 -0
0 -0 0 -0 0 180 0 180 0 0 0 -0 0 -180 0 -180 0 180
0 180 0 -180 0 0 0.14767 38.7634 0.844871 -161.71 0 0 0 -0 0 180 0 -0
0 -0 0 180 0 -0 0 -0 0 180 0 -0 0 0 0 -0 0 180
0 180 0 180 0 -0 0.152924 -161.677 0.832377 -162.552 0 180 0 0 0 0 0 -180
0 -180 0 -180 0 0 0 180 0 180 0 -180 0 -0 0 -0 0 180
0 180 0 -0 0 180 0.0965203 -131.681 0.508331 -1.75119 0 180 0 -180 0 0 0 -0
0 -0 0 0 0 -180 0 -180 0 0 0 -180 0 180 0 -0 0 180
inside=0 lambda=0.647 phi=45 theta=45
0 0 0 180 0 -180 0 -0 0.143491 -74.1643 0 0 0 180 0 180 0 -0
0 -0 0 -0 0 180 0 0 0 0 0 -0 0 -180 0 -180 0 180
0 180 0 -180 0 0 0 180 0.989652 -164.164 0 0 0 -0 0 180 0 -0
0 -0 0 180 0 -0 0 -0 0 180 0 -0 0 0 0 -180 0 180
0 180 0 180 0 -0 0 -180 0.989652 -164.164 0 180 0 0 0 0 0 -0
0 -0 0 -0 0 0 0 180 0 180 0 -180 0 -0 0 -0 0 180
0 0 0 -0 0 180 0 180 0.143491 -74.1643 0 180 0 -180 0 0 0 -0
0 -0 0 0 0 -180 0 -0 0 0 0 -180 0 180 0 -0 0 180
inside=1 lambda=0.647 phi=0 theta=0
0 -180 0 -180 0 -180 0 0 0.110811 62.1254 0 0 0 -180 0 -180 0 -180
0 -180 0 -180 0 -180 0 0 0.823464 113.012 0 0 0 -180 0 -180 0 -180
0 -180 0 180 0 0 0 -180 1.09796e-12 -98.5075 0 -180 0 0 0 180 0 -180
0 -180 0 0 0 0 0 -0 9.19494e-13 -177.656 0 -0 0 0 0 0 0 -180
0 -180 0 180 0 0 0 0 4.18592e-13 -111.092 0 0 0 0 0 180 0 -180
0 -180 0 -0 0 0 0 -0 2.58446e-13 174.6 0 0 0 0 0 0 0 -180
0 -180 0 0 0 -180 0 -180 0.110811 62.1254 0 -180 0 -180 0 0 0 -180
0 -180 0 0 0 -180 0 -180 0.823464 113.012 0 -180 0 -180 0 0 0 -180
inside=1 lambda=0.647 phi=0 theta=15
0 -180 0 -180 0 -180 0 0 0.110811 62.1254 0 0 0 -180 0 -180 0 -180
0 -180 0 -180 0 -180 0 0 0.823464 113.012 0 0 0 -180 0 -180 0 -180
0 -180 0 180 0 0 0 -180 1.09796e-12 -98.5075 0 -180 0 0 0 180 0 -180
0 -180 0 0 0 0 0 -0 9.19494e-13 -177.656 0 -0 0 0 0 0 0 -180
0 -180 0 180 0 0 0 0 4.18592e-13 -111.092 0 0 0 0 0 180 0 -180
0 -180 0 -0 0 0 0 -0 2.58446e-13 174.6 0 0 0 0 0 0 0 -180
0 -180 0 0 0 -180 0 -180 0.110811 62.1254 0 -180 0 -180 0 0 0 -180
0 -180 0 0 0 -180 0 -180 0.823464 113.012 0 -180 0 -180 0 0 0 -180
inside=1 lambda=0.647 phi=0 theta=30
0 -180 0 -180 0 -180 0 0 0.110811 62.1254 0 0 0 -180 0 -180 0 -180
0 -180 0 -180 0 -180 0 0 0.823464 113.012 0 0 0 -180 0 -180 0 -180
0 -180 0 180 0 0 0 -180 1.09796e-12 -98.5075 0 -180 0 0 0 180 0 -180
0 -180 0 0 0 0 0 -0 9.19494e-13 -177.656 0 -0 0 0 0 0 0 -180
0 -180 0 180 0 0 0 0 4.18592e-13 -111.092 0 0 0 0 0 180 0 -180
0 -180 0 -0 0 0 0 -0 2.58446e-13 174.6 0 0 0 0 0 0 0 -180
0 -180 0 0 0 -180 0 -180 0.110811 62.1254 0 -180 0 -180 0 0 0 -180
0 -180 0 0 0 -180 0 -180 0.823464 113.012 0 -180 0 -180 0 0 0 -180
inside=1 lambda=0.647 phi=0 theta=45
0 -180 0 -180 0 -180 0 0 0.110811 62.1254 0 0 0 -180 0 -180 0 -180
0 -180 0 -180 0 -180 0 0 0.823464 113.012 0 0 0 -180 0 -180 0 -180
0 -180 0 180 0 0 0 -180 1.09796e-12 -98.5075 0 -180 0 0 0 180 0 -180
0 -180 0 0 0 0 0 -0 9.19494e-13 -177.656 0 -0 0 0 0 0 0 -180
0 -180 0 180 0 0 0 0 4.18592e-13 -111.092 0 0 0 0 0 180 0 -180
0 -180 0 -0 0 0 0 -0 2.58446e-13 174.6 0 0 0 0 0 0 0 -180
0 -180 0 0 0 -180 0 -180 0.110811 62.1254 0 -180 0 -180 0 0 0 -180
0 -180 0 0 0 -180 0 -180 0.823464 113.012 0 -180 0 -180 0 0 0 -180
inside=1 lambda=0.647 phi=5 theta=0
0 -180 0 -180 0 -180 0 0 0.110024 61.1814 0 0 0 -180 0 -180 0 -180
0 -180 0 -180 0 -180 0 0 0.824368 112.666 0 0 0 -180 0 -180 0 -180
0 -180 0 -180 0 0 0 0 6.96717e-13 -42.1987 0 0 0 0 0 0 0 -180
0 -180 0 -180 0 0 0 0 4.75152e-13 -149.038 0 0 0 0 0 0 0 -180
0 -180 0 -180 0 0 0 180 2.86919e-13 -158.587 0 -180 0 0 0 0 0 -180
0 -180 0 -180 0 0 0 0 4.74669e-13 22.5534 0 180 0 0 0 0 0 -180
0 -180 0 0 0 -180 0 -180 0.110721 61.3722 0 -180 0 -180 0 0 0 -180
0 -180 0 0 0 -180 0 -180 0.822641 112.666 0 -180 0 -180 0 0 0 -180
inside=1 lambda=0.647 phi=5 theta=15
0 -180 0 -180 0 -180 0 0 0.110071 61.1942 0 0 0 -180 0 -180 0 -180
0 -180 0 -180 0 -180 0 0 0.824252 112.666 0 0 0 -180 0 -180 0 -180
0 -180 0 -180 0 0 0 -180 0.000204994 -101.598 0 0 0 0 0 0 0 -180
0 -180 0 -180 0 0 0 -180 0.000435266 117.42 0 0 0 0 0 0 0 -180
0 -180 0 -180 0 0 0 -180 0.000204919 -101.531 0 0 0 0 0 0 0 -180
0 -180 0 -180 0 0 0 -180 0.000435196 117.402 0 0 0 0 0 0 0 -180
0 -180 0 0 0 -180 0 -180 0.110674 61.3595 0 -180 0 -180 0 0 0 -180
0 -180 0 0 0 -180 0 -180 0.822757 112.666 0 -180 0 -180 0 0 0 -180
inside=1 lambda=0.647 phi=5 theta=30
0 -180 0 -180 0 -180 0 0 0.110198 61.2292 0 0 0 -180 0 -180 0 -180
0 -180 0 -180 0 -180 0 0 0.823936 112.666 0 0 0 -180 0 -180 0 -180
0 -180 0 -180 0 0 0 -180 0.000355033 -101.584 0 0 0 0 0 0 0 -180
0 -180 0 -180 0 0 0 -180 0.000753877 117.416 0 0 0 0 0 0 0 -180
0 -180 0 -180 0 0 0 -180 0.000354958 -101.545 0 0 0 0 0 0 0 -180
0 -180 0 -180 0 0 0 -180 0.000753807 117.406 0 0 0 0 0 0 0 -180
0 -180 0 0 0 -180 0 -180 0.110547 61.3247 0 -180 0 -180 0 0 0 -180
0 -180 0 0 0 -180 0 -180 0.823073 112.666 0 -180 0 -180 0 0 0 -180
inside=1 lambda=0.647 phi=5 theta=45
0 -180 0 -180 0 -180 0 0 0.110373 61.277 0 0 0 -180 0 -180 0 -180
0 -180 0 -180 0 -180 0 0 0.823505 112.666 0 0 0 -180 0 -180 0 -180
0 -180 0 -180 0 0 0 -180 0.000409914 -101.565 0 0 0 0 0 0 0 -180
0 -180 0 -180 0 0 0 -180 0.000870461 117.411 0 0 0 0 0 0 0 -180
0 -180 0 -180 0 0 0 -180 0.000409914 -101.565 0 0 0 0 0 0 0 -180
0 -180 0 -180 0 0 0 -180 0.000870461 117.411 0 0 0 0 0 0 0 -180
0 -180 0 0 0 -180 0 -180 0.110373 61.277 0 -180 0 -180 0 0 0 -180
0 -180 0 0 0 -180 0 -180 0.823505 112.666 0 -180 0 -180 0 0 0 -180
inside=1 lambda=0.647 phi=10 theta=0
0 -180 0 -180 0 -180 0 0 0.107751 58.3307 0 0 0 -180 0 -180 0 -180
0 -0 0 -180 0 -180 0 0 0.827107 111.635 0 0 0 -0 0 -180 0 -180
0 -180 0 -0 0 0 0 0 6.71051e-14 168.394 0 -180 0 0 0 180 0 -180
0 -0 0 -180 0 0 0 0 2.13217e-13 2.4322 0 -180 0 180 0 0 0 -180
0 -180 0 -180 0 0 0 180 3.65109e-13 -82.7262 0 -0 0 0 0 0 0 -180
0 -180 0 -180 0 0 0 180 3.59359e-13 115.824 0 180 0 0 0 0 0 -180
0 -180 0 0 0 -180 0 -180 0.110438 59.0948 0 -180 0 -180 0 0 0 -180
0 -180 0 0 0 -180 0 -180 0.820149 111.63 0 -180 0 -180 0 0 0 -180
inside=1 lambda=0.647 phi=10 theta=15
0 -180 0 -180 0 -180 0 0 0.107931 58.3825 0 0 0 -180 0 -180 0 -180
0 -0 0 -180 0 -180 0 0 0.826641 111.634 0 0 0 -0 0 -180 0 -180
0 -180 0 -0 0 0 0 -180 0.000798331 -103.919 0 0 0 0 0 180 0 -180
0 -0 0 -180 0 0 0 -180 0.00175454 116.508 0 0 0 180 0 0 0 -180
0 -180 0 -180 0 0 0 -0 0.00079707 -103.643 0 180 0 0 0 0 0 -180
0 -180 0 -180 0 0 0 -180 0.0017534 116.437 0 0 0 0 0 0 0 -180
0 -180 0 0 0 -180 0 -180 0.110259 59.0442 0 -180 0 -180 0 0 0 -180
0 -180 0 0 0 -180 0 -180 0.820615 111.63 0 -180 0 -180 0 0 0 -180
inside=1 lambda=0.647 phi=10 theta=30
0 -180 0 -180 0 -180 0 0 0.108424 58.5237 0 0 0 -180 0 -180 0 -180
0 -0 0 -180 0 -180 0 0 0.825367 111.633 0 0 0 -0 0 -180 0 -180
0 -180 0 -0 0 0 0 -180 0.0013823 -103.86 0 0 0 0 0 180 0 -180
0 -0 0 -180 0 0 0 -180 0.00303853 116.492 0 0 0 180 0 0 0 -180
0 -180 0 -180 0 0 0 -0 0.00138104 -103.701 0 180 0 0 0 0 0 -180
0 -180 0 -180 0 0 0 -180 0.00303738 116.451 0 0 0 0 0 0 0 -180
0 -180 0 0 0 -180 0 -180 0.109768 58.9057 0 -180 0 -180 0 0 0 -180
0 -180 0 0 0 -180 0 -180 0.821888 111.631 0 -180 0 -180 0 0 0 -180
inside=1 lambda=0.647 phi=10 theta=45
0 -180 0 -180 0 -180 0 0 0.109097 58.7153 0 0 0 -180 0 -180 0 -180
0 -180 0 -180 0 -180 0 0 0.823627 111.632 0 0 0 -0 0 -180 0 -180
0 -180 0 -0 0 0 0 -180 0.00159542 -103.781 0 0 0 0 0 180 0 -180
0 -180 0 -180 0 0 0 -180 0.00350793 116.471 0 0 0 180 0 0 0 -180
0 -180 0 -180 0 0 0 -0 0.00159542 -103.781 0 180 0 0 0 0 0 -180
0 -180 0 -180 0 180 0 -180 0.00350793 116.471 0 0 0 0 0 0 0 -180
0 -180 0 0 0 -180 0 -180 0.109097 58.7153 0 -180 0 -180 0 0 0 -180
0 -180 0 0 0 -0 0 -180 0.823627 111.632 0 -180 0 -180 0 0 0 -180
inside=1 lambda=0.647 phi=15 theta=0
0 -180 0 -180 0 -180 0 0 0.104255 53.5249 0 0 0 -180 0 -180 0 -180
0 -0 0 -180 0 -180 0 0 0.831762 109.932 0 0 0 -0 0 -180 0 -180
0 -180 0 -0 0 0 0 0 4.68536e-14 -41.4242 0 -0 0 0 0 180 0 -180
0 -0 0 -180 0 0 0 0 1.0964e-13 -18.3958 0 180 0 180 0 0 0 -180
0 -180 0 -180 0 0 0 0 3.41674e-13 78.5076 0 -0 0 0 0 0 0 -180
0 -180 0 -180 0 0 0 180 2.25484e-13 16.1808 0 -0 0 0 0 0 0 -180
0 -180 0 0 0 -180 0 -180 0.109924 55.2353 0 -180 0 -180 0 0 0 -180
0 -180 0 0 0 -180 0 -180 0.815911 109.917 0 -180 0 -180 0 0 0 -180
inside=1 lambda=0.647 phi=15 theta=15
0 -180 0 -180 0 -180 0 0 0.104638 53.6428 0 0 0 -180 0 -180 0 -180
0 -0 0 -180 0 -180 0 0 0.8307 109.931 0 0 0 -0 0 -180 0 -180
0 -180 0 -0 0 0 0 -180 0.00171352 -107.943 0 0 0 0 0 180 0 -180
0 -0 0 -180 0 0 0 -180 0.00399986 115.011 0 0 0 180 0 0 0 -180
0 -180 0 -180 0 0 0 -0 0.0017066 -107.295 0 180 0 0 0 0 0 -180
0 -180 0 -180 0 0 0 -180 0.00399388 114.853 0 0 0 0 0 0 0 -180
0 -180 0 0 0 -180 0 -180 0.109548 55.1236 0 -180 0 -180 0 0 0 -180
0 -180 0 0 0 -180 0 -180 0.816972 109.918 0 -180 0 -180 0 0 0 -180
inside=1 lambda=0.647 phi=15 theta=30
0 -180 0 -180 0 -180 0 0 0.105681 53.9622 0 0 0 -180 0 -180 0 -180
0 -0 0 -180 0 -180 0 0 0.827797 109.927 0 0 0 -0 0 -180 0 -180
0 -180 0 -0 0 0 0 -180 0.00296553 -107.807 0 0 0 0 0 180 0 -180
0 -0 0 -180 0 0 0 -180 0.0069257 114.973 0 0 0 180 0 0 0 -180
0 -180 0 -180 0 0 0 -0 0.00295863 -107.434 0 180 0 0 0 0 0 -180
0 -180 0 -180 0 180 0 -180 0.00691973 114.881 0 0 0 0 0 0 0 -180
0 -180 0 0 0 -180 0 -180 0.108517 54.8166 0 -180 0 -180 0 0 0 -180
0 -180 0 0 0 -0 0 -180 0.819872 109.92 0 -180 0 -180 0 0 0 -180
inside=1 lambda=0.647 phi=15 theta=45
0 -180 0 -180 0 -180 0 0 0.107102 54.3925 0 0 0 -180 0 -180 0 -180
0 -0 0 -180 0 -180 0 0 0.823834 109.923 0 0 0 -0 0 -180 0 -180
0 -180 0 -0 0 0 0 -180 0.00342041 -107.621 0 0 0 0 0 180 0 -180
0 -0 0 -180 0 0 0 -180 0.00799362 114.925 0 0 0 180 0 0 0 -180
0 -180 0 -180 0 0 0 -0 0.00342041 -107.621 0 180 0 0 0 0 0 -180
0 -0 0 -180 0 180 0 -180 0.00799362 114.925 0 0 0 0 0 0 0 -180
0 -180 0 0 0 -180 0 -180 0.107102 54.3925 0 -180 0 -180 0 0 0 -180
0 -0 0 0 0 -0 0 -180 0.823834 109.923 0 -180 0 -180 0 0 0 -180
inside=1 lambda=0.647 phi=20 theta=0
0 -180 0 -180 0 -180 0 0 0.0999994 46.7182 0 0 0 -180 0 -180 0 -180
0 -0 0 -180 0 -180 0 180 0.838484 107.585 0 0 0 -0 0 -180 0 -180
0 -180 0 -0 0 0 0 -0 3.25284e-13 -31.7052 0 0 0 0 0 180 0 -180
0 -0 0 -180 0 0 0 -180 1.86675e-13 -146.283 0 -0 0 180 0 0 0 -180
0 -180 0 -180 0 0 0 180 3.34191e-13 61.3014 0 -0 0 0 0 0 0 -180
0 -180 0 -180 0 0 0 -180 7.25935e-14 -86.9659 0 0 0 0 0 0 0 -180
0 -180 0 0 0 -180 0 -180 0.109133 49.6863 0 -180 0 -180 0 0 0 -180
0 -180 0 0 0 -180 0 -180 0.809797 107.547 0 -180 0 -180 0 0 0 -180
inside=1 lambda=0.647 phi=20 theta=15
0 -180 0 -180 0 -180 0 0 0.10062 46.927 0 0 0 -180 0 -180 0 -180
0 -0 0 -180 0 -180 0 180 0.83656 107.581 0 0 0 -0 0 -180 0 -180
0 -180 0 -0 0 0 0 -180 0.00283584 -113.977 0 0 0 0 0 180 0 -180
0 -0 0 -180 0 0 0 -180 0.00724697 112.964 0 0 0 180 0 0 0 -180
0 -180 0 -180 0 0 0 -0 0.00281122 -112.75 0 180 0 0 0 0 0 -180
0 -180 0 -180 0 0 0 -180 0.00722714 112.684 0 0 0 0 0 0 0 -180
0 -180 0 0 0 -180 0 -180 0.108534 49.495 0 -180 0 -180 0 0 0 -180
0 -180 0 0 0 -180 0 -180 0.811716 107.548 0 -180 0 -180 0 0 0 -180
inside=1 lambda=0.647 phi=20 theta=30
0 -180 0 -180 0 -180 0 0 0.102312 47.4884 0 0 0 -180 0 -180 0 -180
0 -0 0 -180 0 -180 0 180 0.831306 107.572 0 0 0 -0 0 -180 0 -180
0 -180 0 -0 0 0 0 -180 0.00490381 -113.721 0 0 0 0 0 180 0 -180
0 -0 0 -180 0 0 0 -180 0.0125443 112.889 0 0 0 180 0 0 0 -180
0 -180 0 -180 0 0 0 -0 0.00487933 -113.015 0 180 0 0 0 0 0 -180
0 -180 0 -180 0 180 0 -180 0.0125247 112.727 0 0 0 0 0 0 0 -180
0 -180 0 0 0 -180 0 -180 0.106886 48.9683 0 -180 0 -180 0 0 0 -180
0 -0 0 0 0 -0 0 -180 0.816962 107.553 0 -180 0 -180 0 0 0 -180
inside=1 lambda=0.647 phi=20 theta=45
0 -180 0 -180 0 -180 0 0 0.10461 48.2371 0 0 0 -180 0 -180 0 -180
0 -0 0 -180 0 -180 0 0 0.824132 107.562 0 0 0 -0 0 -180 0 -180
0 -180 0 -0 0 0 0 -180 0.00564891 -113.37 0 0 0 0 0 180 0 -180
0 -0 0 -180 0 0 0 -180 0.0144734 112.8 0 0 0 180 0 0 0 -180
0 -180 0 -180 0 0 0 -0 0.00564891 -113.37 0 180 0 0 0 0 0 -180
0 -0 0 -180 0 180 0 -180 0.0144734 112.8 0 0 0 0 0 0 0 -180
0 -180 0 0 0 -180 0 -180 0.10461 48.2371 0 -180 0 -180 0 0 0 -180
0 -0 0 0 0 -0 0 -180 0.824132 107.562 0 -180 0 -180 0 0 0 -180
inside=1 lambda=0.647 phi=25 theta=0
0 180 0 -180 0 -180 0 0 0.0956456 37.9416 0 0 0 180 0 -180 0 -180
0 -0 0 -0 0 -180 0 180 0.847513 104.631 0 0 0 -0 0 -0 0 -180
0 -180 0 -0 0 0 0 180 6.14463e-14 29.5445 0 -180 0 0 0 180 0 -180
0 -0 0 -180 0 0 0 180 5.18676e-14 -123.278 0 180 0 180 0 0 0 -180
0 -180 0 -180 0 0 0 0 2.7833e-14 -145.326 0 -180 0 0 0 0 0 -180
0 -180 0 -180 0 0 0 180 1.3448e-13 150.072 0 -180 0 0 0 0 0 -180
0 -180 0 0 0 -180 0 -180 0.10804 42.2725 0 -180 0 -180 0 0 0 -180
0 -180 0 0 0 -180 0 -180 0.80161 104.546 0 -180 0 -180 0 0 0 -180
inside=1 lambda=0.647 phi=25 theta=15
0 180 0 -180 0 -180 0 0 0.0964984 38.2527 0 0 0 180 0 -180 0 -180
0 -0 0 -180 0 -180 0 180 0.844433 104.623 0 0 0 -0 0 -0 0 -180
0 -180 0 -0 0 0 0 -180 0.00400276 -122.633 0 0 0 -0 0 180 0 -180
0 -0 0 -180 0 0 0 -180 0.011615 110.412 0 0 0 180 0 0 0 -180
0 -180 0 -180 0 0 0 -0 0.00393172 -120.546 0 180 0 0 0 0 0 -180
0 -180 0 -180 0 0 0 -180 0.0115632 109.975 0 0 0 0 0 0 0 -180
0 -180 0 0 0 -180 0 -180 0.107251 41.9952 0 -180 0 -180 0 0 0 -180
0 -180 0 0 0 -180 0 -180 0.804679 104.549 0 -180 0 -180 0 0 0 -180
inside=1 lambda=0.647 phi=25 theta=30
0 -180 0 -180 0 -180 0 0 0.0988224 39.0819 0 0 0 180 0 -180 0 -180
0 -0 0 -180 0 -180 0 180 0.836022 104.603 0 0 0 -0 0 -180 0 -180
0 -180 0 -0 0 0 0 -180 0.00691141 -122.201 0 0 0 0 0 180 0 -180
0 -0 0 -180 0 0 0 -180 0.0200965 110.279 0 0 0 180 0 0 0 -180
0 -180 0 -180 0 0 0 -0 0.00684124 -121.007 0 180 0 0 0 0 0 -180
0 -180 0 -180 0 180 0 -180 0.0200459 110.029 0 0 0 0 0 0 0 -180
0 -180 0 0 0 -180 0 -180 0.105052 41.2334 0 -180 0 -180 0 0 0 -180
0 -0 0 0 0 -0 0 -180 0.81307 104.56 0 -180 0 -180 0 0 0 -180
inside=1 lambda=0.647 phi=25 theta=45
0 -180 0 -180 0 -180 0 0 0.101968 40.1745 0 0 0 180 0 -180 0 -180
0 -0 0 -180 0 -180 0 0 0.824541 104.579 0 0 0 -0 0 -180 0 -180
0 -180 0 -0 0 0 0 -180 0.00794281 -121.611 0 0 0 0 0 180 0 -180
0 -0 0 -180 0 0 0 -180 0.0231752 110.134 0 0 0 180 0 0 0 -180
0 -180 0 -180 0 0 0 -0 0.00794281 -121.611 0 180 0 0 0 0 0 -180
0 -0 0 -180 0 180 0 -180 0.0231752 110.134 0 0 0 0 0 0 0 -180
0 -180 0 0 0 180 0 -180 0.101968 40.1745 0 -180 0 -180 0 0 0 -180
0 -0 0 0 0 -0 0 -180 0.824541 104.579 0 -180 0 -180 0 0 0 -180
inside=1 lambda=0.647 phi=30 theta=0
0 180 0 180 0 -180 0 -0 0.092009 27.4385 0 0 0 180 0 180 0 -180
0 -0 0 -0 0 -180 0 180 0.85922 101.123 0 0 0 -0 0 -0 0 -180
0 180 0 -0 0 0 0 -180 2.76725e-13 44.2074 0 -0 0 -0 0 180 0 -180
0 -0 0 -180 0 0 0 -180 1.34969e-13 -118.438 0 -0 0 180 0 0 0 -180
0 -180 0 -180 0 0 0 -180 1.8122e-13 -160.693 0 -0 0 0 0 0 0 -180
0 -180 0 -180 0 0 0 180 2.17862e-13 -104.053 0 0 0 0 0 0 0 -180
0 -180 0 0 0 -180 0 -180 0.106713 32.726 0 -180 0 -180 0 0 0 -180
0 -180 0 0 0 -180 0 -180 0.791075 100.952 0 -180 0 -180 0 0 0 -180
inside=1 lambda=0.647 phi=30 theta=15
0 180 0 180 0 -180 0 0 0.093043 27.8256 0 0 0 180 0 180 0 -180
0 -0 0 -0 0 -180 0 180 0.854644 101.107 0 0 0 -0 0 -0 0 -180
0 180 0 -0 0 0 0 -180 0.00502633 -135.168 0 0 0 -0 0 180 0 -180
0 -0 0 -180 0 0 0 -180 0.0172828 107.409 0 0 0 180 0 0 0 -180
0 -180 0 -180 0 0 0 -0 0.00484158 -131.857 0 180 0 0 0 0 0 -180
0 -180 0 -180 0 0 0 -180 0.0171648 106.784 0 0 0 0 0 0 0 -180
0 -180 0 0 0 -180 0 -180 0.105841 32.3842 0 -180 0 -180 0 0 0 -180
0 -180 0 0 0 -180 0 -180 0.795627 100.958 0 -180 0 -180 0 0 0 -180
inside=1 lambda=0.647 phi=30 theta=30
0 180 0 -180 0 -180 0 0 0.0958669 28.8447 0 0 0 180 0 180 0 -180
0 -0 0 -180 0 -180 0 180 0.842151 101.065 0 0 0 -0 0 -0 0 -180
0 -180 0 -0 0 0 0 -180 0.00865401 -134.483 0 0 0 -0 0 180 0 -180
0 -0 0 -180 0 0 0 -180 0.0298826 107.189 0 0 0 180 0 0 0 -180
0 -180 0 -180 0 0 0 -0 0.00847364 -132.611 0 180 0 0 0 0 0 -180
0 -180 0 -180 0 180 0 -180 0.0297703 106.834 0 0 0 0 0 0 0 -180
0 -180 0 0 0 180 0 -180 0.103325 31.4539 0 -180 0 -180 0 0 0 -180
0 -0 0 0 0 -0 0 -180 0.808076 100.979 0 -180 0 -180 0 0 0 -180
inside=1 lambda=0.647 phi=30 theta=45
0 -180 0 -180 0 -180 0 0 0.0996696 30.1711 0 0 0 180 0 -180 0 -180
0 -0 0 -180 0 -180 0 180 0.825103 101.017 0 0 0 -0 0 -180 0 -180
0 -180 0 -0 0 0 0 -180 0.00989835 -133.562 0 0 0 -0 0 180 0 -180
0 -0 0 -180 0 0 0 -180 0.0344374 106.971 0 0 0 180 0 0 0 -180
0 -180 0 -180 0 -0 0 -0 0.00989835 -133.562 0 180 0 0 0 0 0 -180
0 -0 0 -180 0 180 0 -180 0.0344374 106.971 0 0 0 0 0 0 0 -180
0 -180 0 0 0 180 0 -180 0.0996696 30.1711 0 -180 0 -180 0 0 0 -180
0 -0 0 180 0 -0 0 -180 0.825103 101.017 0 -180 0 -180 0 0 0 -180
inside=1 lambda=0.647 phi=35 theta=0
0 180 0 180 0 -180 0 -0 0.0899165 15.8332 0 0 0 180 0 180 0 -180
0 -0 0 -0 0 -180 0 180 0.874157 97.1311 0 0 0 -0 0 -0 0 -180
0 180 0 -0 0 0 0 -0 1.99639e-13 -147.802 0 0 0 -0 0 180 0 -180
0 -0 0 -180 0 0 0 -180 2.11117e-13 -15.1434 0 0 0 180 0 0 0 -180
0 -180 0 -180 0 0 0 -0 2.88978e-14 -167.115 0 180 0 0 0 0 0 -180
0 -180 0 -180 0 0 0 -180 1.31756e-13 -6.98353 0 0 0 0 0 0 0 -180
0 -180 0 0 0 -180 0 -180 0.105426 20.664 0 -180 0 -180 0 0 0 -180
0 -180 0 0 0 -180 0 -180 0.777814 96.8095 0 -180 0 -180 0 0 0 -180
inside=1 lambda=0.647 phi=35 theta=15
0 180 0 180 0 -180 0 -0 0.0910415 16.1953 0 0 0 180 0 180 0 -180
0 -0 0 -0 0 -180 0 180 0.867682 97.0974 0 0 0 -0 0 -0 0 -180
0 180 0 -0 0 0 0 -180 0.0058004 -154.128 0 0 0 -0 0 180 0 -180
0 -0 0 -180 0 0 0 -180 0.0245151 104.02 0 0 0 180 0 0 0 -180
0 -180 0 -180 0 0 0 -0 0.00534223 -149.421 0 180 0 0 0 0 0 -180
0 -180 0 -180 0 0 0 -180 0.0242661 103.173 0 0 0 0 0 0 0 -180
0 -180 0 0 0 -180 0 -180 0.104665 20.3393 0 -180 0 -180 0 0 0 -180
0 -180 0 0 0 -180 0 -180 0.784243 96.8194 0 -180 0 -180 0 0 0 -180
inside=1 lambda=0.647 phi=35 theta=30
0 180 0 180 0 -180 0 -0 0.0941579 17.122 0 0 0 180 0 180 0 -180
0 -0 0 -180 0 -180 0 180 0.85001 97.0174 0 0 0 -0 0 -0 0 -180
0 180 0 -0 0 0 0 -180 0.00992732 -153.113 0 0 0 -0 0 180 0 -180
0 -0 0 -180 0 0 0 -180 0.0423403 103.669 0 0 0 180 0 0 0 -180
0 -180 0 -180 0 -0 0 -0 0.00948839 -150.506 0 180 0 0 0 0 0 -180
0 -180 0 -180 0 180 0 -180 0.0421142 103.195 0 0 0 0 0 0 0 -180
0 -180 0 0 0 180 0 -180 0.10222 19.4732 0 -180 0 -180 0 0 0 -180
0 -0 0 0 0 -0 0 -180 0.801831 96.8572 0 -180 0 -180 0 0 0 -180
inside=1 lambda=0.647 phi=35 theta=45
0 180 0 -180 0 -180 0 -0 0.0983453 18.3104 0 0 0 180 0 180 0 -180
0 -0 0 -180 0 -180 0 180 0.8259 96.9279 0 0 0 -0 0 -0 0 -180
0 -180 0 -0 0 0 0 -180 0.0112389 -151.822 0 0 0 -0 0 180 0 -180
0 -0 0 -180 0 0 0 -180 0.0487506 103.357 0 0 0 180 0 0 0 -180
0 -180 0 -180 0 -0 0 -0 0.0112389 -151.822 0 180 0 0 0 0 0 -180
0 -0 0 -180 0 180 0 -180 0.0487506 103.357 0 0 0 0 0 0 0 -180
0 180 0 -0 0 180 0 -180 0.0983453 18.3104 0 180 0 -180 0 0 0 -180
0 -0 0 180 0 -0 0 -180 0.8259 96.9279 0 -0 0 -180 0 0 0 -180
inside=1 lambda=0.647 phi=40 theta=0
0 180 0 180 0 -180 0 -0 0.090052 4.19042 0 0 0 180 0 180 0 -180
0 -0 0 -0 0 -180 0 180 0.893135 92.7475 0 0 0 -0 0 -0 0 -180
0 180 0 -0 0 0 0 -0 2.77719e-13 -111.677 0 180 0 -0 0 180 0 -180
0 -0 0 -180 0 0 0 -0 2.48232e-13 107.646 0 0 0 180 0 0 0 -180
0 -180 0 -180 0 0 0 -0 2.31796e-14 -21.4994 0 -0 0 0 0 0 0 -180
0 -180 0 -180 0 0 0 -180 3.73239e-14 -52.0361 0 -0 0 0 0 0 0 -180
0 -180 0 0 0 -180 0 -180 0.104835 5.60021 0 -180 0 -180 0 0 0 -180
0 -180 0 0 0 -180 0 -180 0.761325 92.1796 0 -180 0 -180 0 0 0 -180
inside=1 lambda=0.647 phi=40 theta=15
0 180 0 180 0 -180 0 -0 0.0911024 4.33679 0 0 0 180 0 180 0 -180
0 -0 0 -0 0 -180 0 180 0.884271 92.6798 0 0 0 -0 0 -0 0 -180
0 180 0 -0 0 0 0 -180 0.00668221 176.708 0 0 0 -0 0 180 0 -180
0 -0 0 -180 0 0 0 -180 0.0337065 100.321 0 0 0 180 0 0 0 -180
0 -180 0 -180 0 0 0 -0 0.00561522 -179.093 0 180 0 0 0 0 0 -180
0 -180 0 -180 0 0 0 -180 0.0331962 99.2214 0 0 0 0 0 0 0 -180
0 -180 0 0 0 180 0 -180 0.104485 5.49661 0 -180 0 -180 0 0 0 -180
0 -180 0 0 0 -0 0 -180 0.770105 92.1908 0 -180 0 -180 0 0 0 -180
inside=1 lambda=0.647 phi=40 theta=30
0 180 0 180 0 -180 0 -0 0.0942824 4.59367 0 0 0 180 0 180 0 -180
0 -0 0 -180 0 -180 0 180 0.860079 92.5326 0 0 0 -0 0 -0 0 -180
0 180 0 -0 0 0 0 -180 0.011305 177.98 0 0 0 -0 0 180 0 -180
0 -0 0 -180 0 0 0 -180 0.0580993 99.7674 0 0 0 180 0 0 0 -180
0 -180 0 -180 0 -0 0 -0 0.0103159 -179.749 0 180 0 0 0 0 0 -180
0 -180 0 -180 0 180 0 -180 0.0576729 99.1643 0 0 0 0 0 0 0 -180
0 180 0 -0 0 180 0 -180 0.102526 5.21254 0 180 0 -180 0 0 0 -180
0 -0 0 0 0 -0 0 -180 0.794148 92.2526 0 -180 0 -180 0 0 0 -180
inside=1 lambda=0.647 phi=40 theta=45
0 180 0 -180 0 -180 0 -0 0.0986777 4.88155 0 0 0 180 0 180 0 -180
0 -0 0 -180 0 -180 0 180 0.827079 92.3756 0 0 0 -0 0 -0 0 -180
0 180 0 -0 0 0 0 -180 0.0125541 179.24 0 0 0 -0 0 180 0 -180
0 -0 0 -180 0 0 0 -180 0.0668176 99.3372 0 0 0 180 0 0 0 -180
0 180 0 -180 0 -0 0 -0 0.0125541 179.24 0 180 0 0 0 0 0 -180
0 -0 0 -180 0 180 0 -180 0.0668176 99.3372 0 0 0 0 0 0 0 -180
0 180 0 -0 0 180 0 -180 0.0986777 4.88155 0 180 0 -180 0 0 0 -180
0 -0 0 180 0 -0 0 -180 0.827079 92.3756 0 -0 0 -180 0 0 0 -180
inside=1 lambda=0.647 phi=45 theta=0
0 180 0 180 0 -180 0 -0 0.0945764 -6.08608 0 0 0 180 0 180 0 -180
0 -0 0 -0 0 -180 0.0145755 24.2358 0.916153 88.1612 0 0 0 -0 0 -0 0 -180
0 180 0 -0 0 0 0 0 2.01035e-13 -38.4227 0 -180 0 -0 0 180 0 -180
0 -0 0 180 0 0 3.70583e-13 3.66606 6.13057e-14 -178.58 0 -180 0 180 0 -0 0 -180
0 -180 0 -180 0 0 0 -0 3.04778e-14 -2.82687 0 180 0 0 0 0 0 -180
0 -180 0 -180 0 0 6.07716e-15 21.8275 2.76616e-14 142.485 0 180 0 0 0 0 0 -180
0 -180 0 0 0 -180 0 -180 0.105701 -13.6413 0 -180 0 -180 0 0 0 -180
0 -180 0 0 0 -180 0.102892 -124.043 0.740179 87.2088 0 -180 0 -180 0 0 0 -180
inside=1 lambda=0.647 phi=45 theta=15
0 180 0 180 0 -180 0 -0 0.0936642 -6.51978 0 0 0 180 0 180 0 -180
0 -0 0 -0 0 -180 0 180 0.905445 87.9701 0 0 0 -0 0 -0 0 -180
0 180 0 -0 0 0 0 -180 0.00921825 139.297 0 0 0 -0 0 180 0 -180
0 -0 0 180 0 0 0 -180 0.0454885 96.4441 0 0 0 180 0 -0 0 -180
0 -180 0 -180 0 -0 0 -0 0.00721079 137.155 0 180 0 0 0 0 0 -180
0 -180 0 -180 0 0 0 -180 0.044389 95.0565 0 0 0 0 0 0 0 -180
0 -180 0 0 0 180 0 -180 0.106598 -12.4008 0 -180 0 -180 0 0 0 -180
0 -180 0 0 0 -0 0 -180 0.75267 87.1524 0 -180 0 -180 0 0 0 -180
inside=1 lambda=0.647 phi=45 theta=30
0 180 0 180 0 -180 0 -0 0.0964814 -7.77227 0 0 0 180 0 180 0 -180
0 -0 0 -0 0 -180 0 180 0.873071 87.6976 0 0 0 -0 0 -0 0 -180
0 180 0 -0 0 0 0 -180 0.0153976 140.618 0 0 0 -0 0 180 0 -180
0 -0 0 180 0 0 0 -180 0.0780591 95.533 0 0 0 180 0 0 0 -180
0 180 0 -180 0 -0 0 -0 0.0136433 139.763 0 180 0 0 0 0 0 -180
0 -180 0 -180 0 180 0 -180 0.0772903 94.7943 0 0 0 0 0 0 0 -180
0 180 0 -0 0 180 0 -180 0.105337 -11.2013 0 180 0 -180 0 0 0 -180
0 -0 0 180 0 -0 0 -180 0.784801 87.2346 0 -180 0 -180 0 0 0 -180
inside=1 lambda=0.647 phi=45 theta=45
0 180 0 180 0 -180 0 -0 0.101236 -9.58282 0 0 0 180 0 180 0 -180
0 -0 0 -180 0 -180 0 180 0.828881 87.437 0 0 0 -0 0 -0 0 -180
0 180 0 -0 0 0 0 180 0.0168658 140.781 0 0 0 -0 0 180 0 -180
0 -0 0 180 0 0 0 -180 0.0896357 94.957 0 0 0 180 0 0 0 -180
0 180 0 180 0 -0 0 -0 0.0168658 140.781 0 180 0 0 0 0 0 -180
0 -0 0 -180 0 180 0 180 0.0896357 94.957 0 0 0 0 0 0 0 -180
0 180 0 -0 0 180 0 180 0.101236 -9.58282 0 180 0 -180 0 0 0 -180
0 -0 0 180 0 -0 0 -180 0.828881 87.437 0 -0 0 -180 0 0 0 -180
