RSoft_BSDF_File_Version 2
1 0 5 2 1 0.0914286
0.3 0.3
-1 1
-1 1
1 0.647 0.647
10 0 45 0.5
4 0 45
Begin_Dispersion_Data
0.647 1.45662 0 1 0 0
End_Dispersion_Data
inside=0 lambda=0.647 phi=0 theta=0
0 0 0 -180 0 0 0 0 0.161769 141.117 0 0 0 0 0 -180 0 0
0 0 0 -180 0 0 0 0 1.19101 72.0491 0 0 0 0 0 -180 0 0
0 0 0 -0 0 -180 0 0 6.91361e-13 164.37 0 0 0 -180 0 -180 0 0
0 0 0 -180 0 -180 0 0 8.14476e-13 98.921 0 0 0 -180 0 -180 0 0
0 0 0 -0 0 -180 0 -0 8.78842e-14 147.259 0 -0 0 -180 0 -0 0 0
0 0 0 -180 0 -180 0 -0 2.99239e-13 134.522 0 -0 0 -180 0 -0 0 0
0 0 0 0 0 0 0 -180 0.161769 141.117 0 -180 0 0 0 0 0 0
0 0 0 0 0 0 0 -180 1.19101 72.0491 0 -180 0 0 0 0 0 0
inside=0 lambda=0.647 phi=0 theta=15
0 0 0 -180 0 0 0 0 0.161769 141.117 0 0 0 0 0 -180 0 0
0 0 0 -180 0 0 0 0 1.19101 72.0491 0 0 0 0 0 -180 0 0
0 0 0 -0 0 -180 0 0 6.91361e-13 164.37 0 0 0 -180 0 -180 0 0
0 0 0 -180 0 -180 0 0 8.14476e-13 98.921 0 0 0 -180 0 -180 0 0
0 0 0 -0 0 -180 0 -0 8.78842e-14 147.259 0 -0 0 -180 0 -0 0 0
0 0 0 -180 0 -180 0 -0 2.99239e-13 134.522 0 -0 0 -180 0 -0 0 0
0 0 0 0 0 0 0 -180 0.161769 141.117 0 -180 0 0 0 0 0 0
0 0 0 0 0 0 0 -180 1.19101 72.0491 0 -180 0 0 0 0 0 0
inside=0 lambda=0.647 phi=0 theta=30
0 0 0 -180 0 0 0 0 0.161769 141.117 0 0 0 0 0 -180 0 0
0 0 0 -180 0 0 0 0 1.19101 72.0491 0 0 0 0 0 -180 0 0
0 0 0 -0 0 -180 0 0 6.91361e-13 164.37 0 0 0 -180 0 -180 0 0
0 0 0 -180 0 -180 0 0 8.14476e-13 98.921 0 0 0 -180 0 -180 0 0
0 0 0 -0 0 -180 0 -0 8.78842e-14 147.259 0 -0 0 -180 0 -0 0 0
0 0 0 -180 0 -180 0 -0 2.99239e-13 134.522 0 -0 0 -180 0 -0 0 0
0 0 0 0 0 0 0 -180 0.161769 141.117 0 -180 0 0 0 0 0 0
0 0 0 0 0 0 0 -180 1.19101 72.0491 0 -180 0 0 0 0 0 0
inside=0 lambda=0.647 phi=0 theta=45
0 0 0 -180 0 0 0 0 0.161769 141.117 0 0 0 0 0 -180 0 0
0 0 0 -180 0 0 0 0 1.19101 72.0491 0 0 0 0 0 -180 0 0
0 0 0 -0 0 -180 0 0 6.91361e-13 164.37 0 0 0 -180 0 -180 0 0
0 0 0 -180 0 -180 0 0 8.14476e-13 98.921 0 0 0 -180 0 -180 0 0
0 0 0 -0 0 -180 0 -0 8.78842e-14 147.259 0 -0 0 -180 0 -0 0 0
0 0 0 -180 0 -180 0 -0 2.99239e-13 134.522 0 -0 0 -180 0 -0 0 0
0 0 0 0 0 0 0 -180 0.161769 141.117 0 -180 0 0 0 0 0 0
0 0 0 0 0 0 0 -180 1.19101 72.0491 0 -180 0 0 0 0 0 0
inside=0 lambda=0.647 phi=5 theta=0
0 0 0 -180 0 0 0 0 0.159907 140.484 0 0 0 0 0 -180 0 0
0 0 0 -180 0 0 0 0 1.18881 71.7595 0 0 0 0 0 -180 0 0
0 0 0 -180 0 -180 0 -180 1.111e-13 -120.479 0 180 0 -180 0 0 0 0
0 0 0 180 0 -180 0 -180 1.7208e-13 -140.459 0 180 0 -180 0 -0 0 0
0 0 0 -180 0 -180 0 -0 2.05851e-14 58.811 0 -180 0 -180 0 0 0 0
0 0 0 -180 0 -180 0 -0 1.8279e-14 -95.1654 0 -180 0 -180 0 0 0 0
0 0 0 0 0 0 0 -180 0.163832 140.527 0 -180 0 0 0 0 0 0
0 0 0 0 0 0 0 -180 1.19317 71.7607 0 -180 0 0 0 0 0 0
inside=0 lambda=0.647 phi=5 theta=15
0 0 0 -180 0 0 0 0 0.16017 140.487 0 0 0 0 0 -180 0 0
0 0 0 -180 0 0 0 0 1.1891 71.7596 0 0 0 0 0 -180 0 0
0 0 0 -180 0 -180 0 -180 0.000948717 -39.1985 0 0 0 -180 0 0 0 0
0 0 0 180 0 -180 0 -180 0.00109668 -110.315 0 0 0 -180 0 -0 0 0
0 0 0 -180 0 -180 0 -180 0.000948932 -39.1885 0 0 0 -180 0 0 0 0
0 0 0 -180 0 -180 0 180 0.00109657 -110.294 0 -0 0 -180 0 0 0 0
0 0 0 0 0 0 0 -180 0.163569 140.524 0 -180 0 0 0 0 0 0
0 0 0 0 0 0 0 -180 1.19287 71.7606 0 -180 0 0 0 0 0 0
inside=0 lambda=0.647 phi=5 theta=30
0 0 0 -180 0 0 0 0 0.160888 140.495 0 0 0 0 0 -180 0 0
0 0 0 -180 0 0 0 0 1.1899 71.7598 0 0 0 0 0 -180 0 0
0 0 0 -180 0 -180 0 -180 0.00164331 -39.1964 0 0 0 -180 0 0 0 0
0 0 0 180 0 -180 0 -180 0.00189946 -110.311 0 0 0 -180 0 -0 0 0
0 0 0 -180 0 -180 0 -180 0.00164352 -39.1906 0 0 0 -180 0 0 0 0
0 0 0 -180 0 -180 0 180 0.00189935 -110.299 0 -0 0 -180 0 0 0 0
0 0 0 0 0 0 0 -180 0.16285 140.517 0 -180 0 0 0 0 0 0
0 0 0 0 0 0 0 -180 1.19208 71.7603 0 -180 0 0 0 0 0 0
inside=0 lambda=0.647 phi=5 theta=45
0 0 0 -180 0 0 0 0 0.161869 140.506 0 0 0 0 0 -180 0 0
0 0 0 -180 0 0 0 0 1.19099 71.76 0 0 0 0 0 -180 0 0
0 0 0 -180 0 -180 0 -180 0.00189765 -39.1935 0 0 0 -180 0 0 0 0
0 0 0 180 0 -180 0 -180 0.00219325 -110.305 0 0 0 -180 0 -0 0 0
0 0 0 -180 0 -180 0 -180 0.00189765 -39.1935 0 0 0 -180 0 0 0 0
0 0 0 -180 0 -180 0 180 0.00219325 -110.305 0 -0 0 -180 0 0 0 0
0 0 0 0 0 0 0 -180 0.161869 140.506 0 -180 0 0 0 0 0 0
0 0 0 0 0 0 0 -180 1.19099 71.76 0 -180 0 0 0 0 0 0
inside=0 lambda=0.647 phi=10 theta=0
0 -0 0 -180 0 0 0 0 0.154086 138.584 0 0 0 -0 0 -180 0 0
0 0 0 -180 0 0 0 0 1.18195 70.8933 0 0 0 0 0 -180 0 0
0 0 0 -180 0 -180 0 -0 3.01738e-14 115.191 0 0 0 -180 0 0 0 0
0 0 0 180 0 -180 0 -0 5.23725e-14 98.6146 0 0 0 -180 0 -0 0 0
0 0 0 -180 0 -180 0 -180 3.45092e-13 -82.6416 0 0 0 -180 0 0 0 0
0 0 0 -180 0 -180 0 -180 2.84908e-13 164.35 0 0 0 -180 0 0 0 0
0 0 0 0 0 0 0 -180 0.170269 138.768 0 -180 0 0 0 0 0 0
0 0 0 0 0 0 0 -180 1.19988 70.8976 0 -180 0 0 0 0 0 0
inside=0 lambda=0.647 phi=10 theta=15
0 -0 0 -180 0 0 0 0 0.155167 138.596 0 0 0 -0 0 -180 0 0
0 0 0 -180 0 0 0 0 1.18316 70.8934 0 0 0 0 0 -180 0 0
0 0 0 -180 0 -180 0 -180 0.00391475 -40.9721 0 0 0 -180 0 0 0 0
0 0 0 180 0 -180 0 -180 0.00451141 -111.204 0 0 0 -180 0 -0 0 0
0 0 0 -180 0 -180 0 -180 0.0039182 -40.9318 0 0 0 -180 0 0 0 0
0 0 0 -180 0 -180 0 -180 0.00450951 -111.123 0 -0 0 -180 0 0 0 0
0 0 0 0 0 0 0 -180 0.169182 138.756 0 -180 0 0 0 0 0 0
0 0 0 0 0 0 0 -180 1.19868 70.8971 0 -180 0 0 0 0 0 0
inside=0 lambda=0.647 phi=10 theta=30
0 -0 0 -180 0 0 0 0 0.158122 138.63 0 0 0 -0 0 -180 0 0
0 0 0 -180 0 0 0 0 1.18644 70.8937 0 0 0 0 0 -180 0 0
0 0 0 -180 0 -180 0 -180 0.00678192 -40.9637 0 0 0 -180 0 0 0 0
0 0 0 180 0 -180 0 -180 0.00781333 -111.186 0 0 0 -180 0 -0 0 0
0 0 0 -180 0 -180 0 -180 0.00678536 -40.9404 0 0 0 -180 0 0 0 0
0 0 0 -180 0 -180 0 180 0.00781143 -111.139 0 -0 0 -180 0 0 0 0
0 0 0 0 0 0 0 -180 0.166213 138.722 0 -180 0 0 0 0 0 0
0 0 0 0 0 0 0 -180 1.1954 70.8958 0 -180 0 0 0 0 0 0
inside=0 lambda=0.647 phi=10 theta=45
0 -0 0 -180 0 0 0 0 0.162164 138.676 0 0 0 -0 0 -180 0 0
0 0 0 -180 0 0 0 0 1.19092 70.8945 0 0 0 0 0 -180 0 0
0 0 0 -180 0 -180 0 -180 0.00783314 -40.9521 0 0 0 -180 0 0 0 0
0 0 0 180 0 -180 0 -180 0.00902098 -111.162 0 0 0 -180 0 -0 0 0
0 0 0 -180 0 -180 0 -180 0.00783314 -40.9521 0 0 0 -180 0 0 0 0
0 0 0 -180 0 -180 0 180 0.00902098 -111.162 0 -0 0 -180 0 0 0 0
0 -0 0 0 0 -0 0 -180 0.162164 138.676 0 -180 0 0 0 0 0 0
0 0 0 0 0 0 0 -180 1.19092 70.8945 0 -180 0 0 0 0 0 0
inside=0 lambda=0.647 phi=15 theta=0
0 -0 0 -180 0 0 0 0 0.143513 135.401 0 0 0 -0 0 -180 0 0
0 180 0 -180 0 0 0 0 1.1696 69.4582 0 0 0 180 0 -180 0 0
0 0 0 -180 0 -180 0 -0 3.00945e-14 110.643 0 0 0 -180 0 0 0 0
0 0 0 180 0 -180 0 -0 3.07618e-14 61.154 0 180 0 -180 0 -0 0 0
0 0 0 -180 0 -180 0 180 2.81912e-14 154.498 0 180 0 -180 0 0 0 0
0 0 0 -180 0 -180 0 0 1.70072e-14 56.2994 0 -0 0 -180 0 0 0 0
0 0 0 0 0 0 0 -180 0.181901 135.876 0 -180 0 0 0 0 0 0
0 0 0 0 0 0 0 -180 1.21194 69.467 0 -180 0 0 0 0 0 0
inside=0 lambda=0.647 phi=15 theta=15
0 -0 0 -180 0 0 0 0 0.146069 135.435 0 0 0 -0 0 -180 0 0
0 180 0 -180 0 0 0 0 1.17244 69.4575 0 0 0 180 0 -180 0 0
0 0 0 -180 0 -180 0 -180 0.00929592 -43.9022 0 0 0 -180 0 0 0 0
0 0 0 180 0 -180 0 -180 0.0106568 -112.68 0 0 0 -180 0 -0 0 0
0 0 0 -180 0 -180 0 -180 0.00931354 -43.8094 0 0 0 -180 0 0 0 0
0 0 0 -180 0 -180 0 -180 0.0106465 -112.501 0 -0 0 -180 0 0 0 0
0 0 0 0 0 0 0 -180 0.17931 135.844 0 -180 0 0 0 0 0 0
0 0 0 0 0 0 0 -180 1.20912 69.465 0 -180 0 0 0 0 0 0
inside=0 lambda=0.647 phi=15 theta=30
0 -0 0 -180 0 0 0 0 0.153061 135.525 0 0 0 -0 0 -180 0 0
0 0 0 -180 0 0 0 0 1.18021 69.4566 0 0 0 0 0 -180 0 0
0 0 0 -180 0 -180 0 -180 0.0161087 -43.8833 0 0 0 -180 0 0 0 0
0 0 0 180 0 -180 0 -180 0.0184547 -112.635 0 0 0 -180 0 -0 0 0
0 0 0 -180 0 -180 0 -180 0.0161262 -43.8303 0 0 0 -180 0 0 0 0
0 0 0 -180 0 -180 0 -180 0.0184445 -112.533 0 -0 0 -180 0 0 0 0
0 -0 0 0 0 -0 0 -180 0.172248 135.759 0 -180 0 0 0 0 0 0
0 0 0 0 0 0 0 -180 1.20138 69.4606 0 -180 0 0 0 0 0 0
inside=0 lambda=0.647 phi=15 theta=45
0 -0 0 -180 0 0 0 0 0.162637 135.643 0 0 0 -0 0 -180 0 0
0 0 0 -180 0 0 0 0 1.1908 69.4573 0 0 0 0 0 -180 0 0
0 0 0 -180 0 -180 0 -180 0.0186115 -43.8572 0 0 0 -180 0 0 0 0
0 0 0 180 0 -180 0 -180 0.021304 -112.581 0 0 0 -180 0 -0 0 0
0 0 0 -180 0 -180 0 -180 0.0186115 -43.8572 0 0 0 -180 0 0 0 0
0 0 0 -180 0 -180 0 180 0.021304 -112.581 0 -0 0 -180 0 0 0 0
0 -0 0 0 0 -0 0 -180 0.162637 135.643 0 -180 0 0 0 0 0 0
0 0 0 0 0 0 0 -180 1.1908 69.4573 0 -180 0 0 0 0 0 0
inside=0 lambda=0.647 phi=20 theta=0
0 -0 0 -180 0 0 0 0 0.126541 130.871 0 0 0 -0 0 -180 0 0
0 180 0 -180 0 0 0 0 1.15001 67.4672 0 0 0 180 0 -180 0 0
0 -0 0 -180 0 -180 0 -180 3.92708e-14 142.806 0 -0 0 180 0 0 0 0
0 0 0 180 0 -180 0 180 5.82082e-14 -30.6121 0 -180 0 -180 0 -0 0 0
0 0 0 -180 0 -180 0 180 5.85382e-14 149.089 0 -180 0 -180 0 0 0 0
0 0 0 -180 0 -180 0 0 5.02151e-14 -59.7258 0 -180 0 -180 0 0 0 0
0 0 0 0 0 0 0 -180 0.200413 131.92 0 -180 0 0 0 0 0 0
0 0 0 0 0 0 0 -180 1.23094 67.4833 0 -180 0 0 0 0 0 0
inside=0 lambda=0.647 phi=20 theta=15
0 -0 0 -180 0 0 0 0 0.131437 130.957 0 0 0 -0 0 -180 0 0
0 180 0 -180 0 0 0 0 1.15545 67.4639 0 0 0 180 0 -180 0 0
0 -0 0 -180 0 -180 0 -180 0.0179078 -47.9481 0 0 0 180 0 0 0 0
0 0 0 180 0 -180 0 -180 0.0203749 -114.734 0 0 0 -180 0 -0 0 0
0 0 0 -180 0 -180 0 -180 0.0179649 -47.7767 0 0 0 -180 0 0 0 0
0 0 0 -180 0 -180 0 -180 0.0203378 -114.421 0 -0 0 -180 0 0 0 0
0 0 0 0 0 0 0 -180 0.195385 131.85 0 -180 0 0 0 0 0 0
0 0 0 0 0 0 0 -180 1.22555 67.4762 0 -180 0 0 0 0 0 0
inside=0 lambda=0.647 phi=20 theta=30
0 -0 0 -180 0 0 0 0 0.144842 131.169 0 0 0 -0 0 -180 0 0
0 180 0 -180 0 0 0 0 1.17031 67.4576 0 0 0 180 0 -180 0 0
0 0 0 -180 0 -180 0 -180 0.0310456 -47.9157 0 0 0 180 0 0 0 0
0 0 0 180 0 -180 0 -180 0.0352792 -114.646 0 0 0 -180 0 -0 0 0
0 0 0 -180 0 -180 0 -180 0.0311007 -47.8201 0 0 0 -180 0 0 0 0
0 0 0 -180 0 -180 0 -180 0.0352443 -114.471 0 -0 0 -180 0 0 0 0
0 -0 0 0 0 -0 0 -180 0.181732 131.669 0 -180 0 0 0 0 0 0
0 0 0 0 0 0 0 -180 1.2108 67.463 0 -180 0 0 0 0 0 0
inside=0 lambda=0.647 phi=20 theta=45
0 -0 0 -180 0 0 0 0 0.163229 131.427 0 0 0 -0 0 -180 0 0
0 0 0 -180 0 0 0 0 1.19058 67.4556 0 0 0 180 0 -180 0 0
0 0 0 -180 0 -180 0 -180 0.0358838 -47.8704 0 0 0 -180 0 0 0 0
0 0 0 180 0 -180 0 -180 0.0407187 -114.55 0 0 0 -180 0 -0 0 0
0 0 0 -180 0 -180 0 -180 0.0358838 -47.8704 0 0 0 -180 0 0 0 0
0 0 0 -180 0 -180 0 180 0.0407187 -114.55 0 -0 0 -180 0 0 0 0
0 -0 0 0 0 -0 0 -180 0.163229 131.427 0 -180 0 0 0 0 0 0
0 0 0 0 0 180 0 -180 1.19058 67.4556 0 -180 0 0 0 0 0 0
inside=0 lambda=0.647 phi=25 theta=0
0 -0 0 -180 0 0 0 0 0.0999313 124.684 0 0 0 -0 0 -180 0 0
0 180 0 -180 0 0 0 0 1.11979 64.9425 0 0 0 180 0 -180 0 0
0 -0 0 -180 0 -180 0 -0 2.19407e-14 -172.601 0 -0 0 180 0 0 0 0
0 0 0 180 0 -180 0 -0 2.04081e-14 170.204 0 -0 0 -180 0 -0 0 0
0 0 0 -180 0 -180 0 180 6.90551e-14 51.0419 0 180 0 -180 0 0 0 0
0 0 0 -180 0 -180 0 0 2.86114e-14 -108.848 0 -180 0 -180 0 0 0 0
0 0 0 0 0 0 0 -180 0.22917 127.049 0 -180 0 0 0 0 0 0
0 0 0 0 0 0 0 -180 1.25984 64.9815 0 -180 0 0 0 0 0 0
inside=0 lambda=0.647 phi=25 theta=15
0 -0 0 -180 0 0 0 0 0.108428 124.951 0 0 0 -0 0 -180 0 0
0 180 0 -180 0 0 0 0 1.12923 64.9306 0 0 0 180 0 -180 0 0
0 -0 0 -180 0 -180 0 -180 0.031333 -53.0462 0 0 0 180 0 0 0 0
0 0 0 180 0 -180 0 -180 0.0352954 -117.36 0 0 0 -180 0 -0 0 0
0 0 0 -180 0 -180 0 -180 0.0314821 -52.7566 0 0 0 -180 0 0 0 0
0 0 0 -180 0 -180 0 -180 0.0351792 -116.862 0 -0 0 -180 0 0 0 0
0 0 0 0 0 0 0 -180 0.220193 126.884 0 -180 0 0 0 0 0 0
0 0 0 0 0 0 0 -180 1.25059 64.9545 0 -180 0 0 0 0 0 0
inside=0 lambda=0.647 phi=25 theta=30
0 -0 0 -180 0 0 0 0 0.131737 125.503 0 0 0 -0 0 -180 0 0
0 180 0 -180 0 0 0 0 1.15501 64.9085 0 0 0 180 0 -180 0 0
0 -0 0 -180 0 -180 0 -180 0.0543572 -53.0031 0 0 0 180 0 0 0 0
0 0 0 180 0 -180 0 -180 0.0611016 -117.197 0 0 0 -180 0 -0 0 0
0 0 0 -180 0 -180 0 -180 0.0544915 -52.8522 0 0 0 -180 0 0 0 0
0 0 0 -180 0 -180 0 -180 0.0610048 -116.938 0 -0 0 -180 0 0 0 0
0 -0 0 0 0 -0 0 -180 0.196122 126.511 0 -180 0 0 0 0 0 0
0 0 0 0 0 0 0 -180 1.22514 64.9134 0 -180 0 0 0 0 0 0
inside=0 lambda=0.647 phi=25 theta=45
0 -0 0 -180 0 0 0 0 0.163773 126.046 0 0 0 -0 0 -180 0 0
0 180 0 -180 0 0 0 0 1.19014 64.8976 0 0 0 180 0 -180 0 0
0 0 0 -180 0 -180 0 -180 0.0628562 -52.9381 0 0 0 180 0 0 0 0
0 0 0 180 0 -180 0 -180 0.0705083 -117.05 0 0 0 -180 0 -0 0 0
0 0 0 -180 0 180 0 -180 0.0628562 -52.9381 0 0 0 -180 0 0 0 0
0 0 0 -180 0 -180 0 180 0.0705083 -117.05 0 -0 0 -180 0 0 0 0
0 -0 0 0 0 -0 0 -180 0.163773 126.046 0 -180 0 0 0 0 0 0
0 180 0 0 0 180 0 -180 1.19014 64.8976 0 -180 0 0 0 0 0 0
inside=0 lambda=0.647 phi=30 theta=0
0 -180 0 180 0 0 0.0217352 -76.5031 0.0577076 115.256 0 0 0 -180 0 180 0 0
0 180 0 -180 0 0 0 180 1.07066 61.9317 0 0 0 180 0 -180 0 0
0 -0 0 -180 0 -180 6.58558e-14 12.991 3.4411e-15 177.905 0 180 0 180 0 0 0 0
0 0 0 180 0 -180 0 -0 2.38586e-14 99.8908 0 180 0 -180 0 -0 0 0
0 0 0 -180 0 -180 1.02097e-12 29.1313 1.48191e-13 -151.934 0 180 0 -180 0 0 0 0
0 0 0 -180 0 -180 0 -0 2.62354e-14 -126.027 0 -0 0 -180 0 0 0 0
0 0 0 0 0 0 0.210913 -111.497 0.271922 122.428 0 -180 0 0 0 0 0 0
0 0 0 0 0 0 0 -180 1.29855 62.046 0 -180 0 0 0 0 0 0
inside=0 lambda=0.647 phi=30 theta=15
0 -180 0 -180 0 0 0 -0 0.0712941 115.997 0 0 0 -0 0 -180 0 0
0 180 0 -180 0 0 0 180 1.08757 61.9032 0 0 0 180 0 -180 0 -0
0 -0 0 -180 0 -180 0 -180 0.0528188 -59.0629 0 0 0 180 0 0 0 0
0 0 0 180 0 -180 0 -180 0.05884 -120.636 0 0 0 -0 0 -0 0 0
0 0 0 -180 0 -180 0 -180 0.0532214 -58.5009 0 0 0 -180 0 0 0 0
0 0 0 -180 0 -180 0 -180 0.0583314 -119.756 0 -0 0 -180 0 0 0 0
0 -0 0 0 0 0 0 -180 0.260301 121.394 0 -180 0 0 0 0 0 0
0 0 0 0 0 0 0 -180 1.28904 62.0198 0 -180 0 0 0 0 0 0
inside=0 lambda=0.647 phi=30 theta=30
0 -0 0 -180 0 0 0 0 0.110024 118.231 0 0 0 -0 0 -180 0 0
0 180 0 -180 0 0 0 0 1.13055 61.8222 0 0 0 180 0 -180 0 0
0 -0 0 -180 0 -180 0 -180 0.0917846 -59.065 0 0 0 180 0 0 0 0
0 0 0 180 0 -180 0 -180 0.101741 -120.261 0 0 0 -180 0 -0 0 0
0 0 0 -180 0 -180 0 -180 0.0920614 -58.8466 0 0 0 -180 0 0 0 0
0 0 0 -180 0 -180 0 -180 0.101496 -119.912 0 -0 0 -180 0 0 0 0
0 -0 0 0 0 -0 0 -180 0.218287 120.37 0 -180 0 0 0 0 0 0
0 180 0 0 0 180 0 -180 1.24733 61.8241 0 -180 0 0 0 0 0 0
inside=0 lambda=0.647 phi=30 theta=45
0 -0 0 -180 0 0 0 0 0.163778 119.499 0 0 0 -0 0 -180 0 0
0 180 0 -180 0 0 0 0 1.1891 61.7884 0 0 0 180 0 -180 0 0
0 0 0 -180 0 -180 0 -180 0.106175 -58.9927 0 0 0 180 0 0 0 0
0 0 0 180 0 -180 0 -180 0.117384 -120.06 0 0 0 -180 0 -0 0 0
0 0 0 -180 0 180 0 -180 0.106175 -58.9927 0 0 0 -180 0 0 0 0
0 0 0 -180 0 -180 0 180 0.117384 -120.06 0 -0 0 -180 0 0 0 0
0 -0 0 0 0 -0 0 -180 0.163778 119.499 0 -180 0 0 0 0 0 0
0 180 0 0 0 180 0 -180 1.1891 61.7884 0 -180 0 0 0 0 0 0
inside=0 lambda=0.647 phi=35 theta=0
0 -180 0 180 0 0 0.0499713 -62.9044 0.0218591 -46.9959 0 0 0 -180 0 180 0 0
0 180 0 -0 0 -0 0 180 0.985871 58.308 0 -0 0 180 0 -0 0 -0
0 -0 0 -180 0 -180 8.93052e-14 8.30147 3.34162e-14 90.6494 0 -0 0 180 0 0 0 0
0 180 0 180 0 180 0 -0 7.0117e-14 77.8273 0 -0 0 -0 0 -0 0 -0
0 0 0 -180 0 -180 3.40974e-13 -101.484 9.41391e-14 -23.4667 0 -180 0 -180 0 0 0 0
0 0 0 -180 0 -180 0 180 1.29646e-13 138.712 0 180 0 -180 0 0 0 0
0 0 0 0 0 0 0.215709 -77.135 0.336518 115.046 0 -180 0 0 0 0 0 0
0 0 0 0 0 0 0 -180 1.36876 58.0691 0 -180 0 0 0 0 0 0
inside=0 lambda=0.647 phi=35 theta=15
0 -180 0 180 0 0 0.0423721 -73.8765 0.00840508 51.7351 0 0 0 -180 0 180 0 0
0 180 0 -180 0 -0 0 180 1.0127 58.2985 0 -0 0 180 0 -0 0 -0
0 -0 0 -180 0 -180 0.0227528 -154.78 0.0903311 -66.1694 0 0 0 180 0 0 0 0
0 180 0 180 0 180 0 -180 0.0994272 -123.851 0 0 0 -0 0 -0 0 -0
0 0 0 -180 0 -180 0.042643 -106.767 0.09019 -65.4325 0 0 0 -180 0 0 0 0
0 0 0 -180 0 -180 0 -180 0.0982059 -123.669 0 -0 0 -180 0 0 0 0
0 -0 0 0 0 0 0.207705 -89.9185 0.315148 114.988 0 -180 0 0 0 0 0 0
0 0 0 0 0 0 0 -180 1.34491 58.1788 0 -180 0 0 0 0 0 0
inside=0 lambda=0.647 phi=35 theta=30
0 -0 0 -180 0 0 0 -0 0.0702071 107.313 0 0 0 -0 0 -180 0 0
0 180 0 -180 0 0 0 180 1.08724 58.2097 0 0 0 180 0 -180 0 -0
0 -0 0 -180 0 -180 0 180 0.157473 -65.9723 0 0 0 180 0 0 0 0
0 0 0 180 0 -180 0 -180 0.171506 -123.795 0 0 0 -0 0 -0 0 -0
0 0 0 -180 0 -180 0 -180 0.157982 -65.6685 0 0 0 -180 0 0 0 0
0 0 0 -180 0 -180 0 180 0.170839 -123.351 0 -0 0 -180 0 0 0 0
0 -0 0 0 0 -0 0 -180 0.254836 113.395 0 -180 0 0 0 0 0 0
0 180 0 0 0 180 0 -180 1.28399 58.2154 0 -180 0 0 0 0 0 0
inside=0 lambda=0.647 phi=35 theta=45
0 -0 0 -180 0 0 0 0 0.161542 111.673 0 0 0 -0 0 -180 0 0
0 180 0 -180 0 0 0 0 1.18603 58.118 0 0 0 180 0 -180 0 -0
0 0 0 -180 0 -180 0 -180 0.18218 -65.9507 0 0 0 180 0 0 0 0
0 0 0 180 0 -180 0 -180 0.197851 -123.558 0 0 0 -180 0 -0 0 0
0 0 0 -180 0 180 0 -180 0.18218 -65.9507 0 0 0 -180 0 0 0 0
0 0 0 -180 0 -180 0 180 0.197851 -123.558 0 -0 0 -180 0 0 0 0
0 -0 0 0 0 -0 0 -180 0.161542 111.673 0 -180 0 0 0 0 0 0
0 180 0 0 0 180 0 -180 1.18603 58.118 0 -180 0 0 0 0 0 -0
inside=0 lambda=0.647 phi=40 theta=0
0 -0 0 180 0 0 0.0778466 -57.1583 0.20228 -70.8364 0 0 0 -0 0 180 0 0
0 180 0 -0 0 -0 0 -180 0.796758 54.1808 0 -0 0 180 0 -0 0 -0
0 -0 0 -180 0 -180 1.24697e-12 -48.4135 7.81085e-13 23.1342 0 -0 0 180 0 0 0 0
0 180 0 180 0 180 0 -0 7.13908e-13 -17.1519 0 0 0 -0 0 -0 0 -0
0 0 0 -180 0 -180 2.04804e-12 -60.1624 9.83173e-13 -137.063 0 180 0 -180 0 0 0 0
0 0 0 -180 0 -180 0 -180 9.08739e-13 -56.0346 0 -0 0 -180 0 0 0 0
0 0 0 0 0 0 0.231021 -53.8574 0.481122 106.121 0 -180 0 0 0 0 0 0
0 0 0 0 0 0 0 -0 1.52342 53.4014 0 -180 0 0 0 0 0 0
inside=0 lambda=0.647 phi=40 theta=15
0 -180 0 180 0 0 0.068926 -67.8031 0.155476 -69.6991 0 0 0 -0 0 180 0 0
0 180 0 -0 0 -0 0 180 0.846765 54.1244 0 -0 0 180 0 -0 0 -0
0 -0 0 -180 0 -180 0.0328289 -173.303 0.173122 -73.8941 0 0 0 180 0 0 0 0
0 180 0 180 0 180 0 -180 0.185799 -127.819 0 0 0 -0 0 -0 0 -0
0 0 0 -180 0 -180 0.058832 -89.0337 0.17251 -73.4804 0 180 0 -180 0 0 0 0
0 0 0 -180 0 -180 0 -180 0.184865 -127.71 0 -0 0 -180 0 0 0 0
0 -0 0 0 0 0 0.215158 -66.3484 0.438849 106.152 0 -180 0 0 0 0 0 0
0 0 0 0 0 0 0 -0 1.47684 53.5555 0 -180 0 0 0 0 0 0
inside=0 lambda=0.647 phi=40 theta=30
0 -180 0 180 0 0 0.0313607 -119.52 0.029646 -47.8981 0 0 0 -0 0 180 0 0
0 180 0 -0 0 -0 0 180 0.984749 54.0361 0 -0 0 180 0 -0 0 -0
0 -0 0 -180 0 -180 0.0543066 166.437 0.302169 -73.4997 0 0 0 180 0 180 0 0
0 180 0 180 0 180 0 -180 0.322619 -127.593 0 0 0 -0 0 -0 0 -0
0 0 0 -180 0 -180 0.081413 -126.83 0.301988 -73.1618 0 180 0 -180 0 0 0 0
0 0 0 -180 0 -180 0 -180 0.320399 -127.455 0 -0 0 -180 0 0 0 0
0 -0 0 0 0 -0 0.183161 -115.253 0.321268 105.808 0 -180 0 0 0 0 0 0
0 180 0 0 0 180 0 -180 1.3506 53.9403 0 -180 0 0 0 0 0 -0
inside=0 lambda=0.647 phi=40 theta=45
0 -0 0 -180 0 0 0 0 0.147927 101.729 0 0 0 -0 0 -180 0 0
0 180 0 -180 0 0 0 180 1.17256 53.7975 0 0 0 180 0 -180 0 -0
0 -0 0 -180 0 -180 0 180 0.350935 -73.6976 0 0 0 180 0 180 0 0
0 0 0 180 0 -180 0 -180 0.372655 -127.526 0 0 0 -0 0 -0 0 -0
0 -0 0 180 0 180 0 -180 0.350935 -73.6976 0 180 0 -180 0 0 0 0
0 0 0 -180 0 -0 0 180 0.372655 -127.526 0 -0 0 -180 0 0 0 -0
0 -0 0 0 0 -0 0 -180 0.147927 101.729 0 -180 0 0 0 0 0 0
0 180 0 180 0 180 0 -180 1.17256 53.7975 0 -180 0 0 0 0 0 -0
inside=0 lambda=0.647 phi=45 theta=0
0 -0 0 180 0 180 0.143465 -73.9792 0.988452 -134.821 0 180 0 -0 0 180 0 180
0 180 0 -0 0 -0 0 180 0 180 0 -0 0 180 0 -0 0 -0
0 -0 0 -0 0 -0 1.33573e-12 2.09264 4.37488e-12 92.4804 0 -0 0 180 0 180 0 180
0 180 0 180 0 180 0 -0 0 0 0 0 0 -0 0 -0 0 -0
0 0 0 -180 0 -180 6.11786e-13 -2.47391 3.35824e-13 126.765 0 -180 0 -180 0 0 0 0
0 0 0 -180 0 -180 0 -180 0 -0 0 -180 0 -180 0 0 0 0
0 0 0 0 0 0 0.31406 -45.1715 0.954773 67.3445 0 -180 0 0 0 0 0 0
0 0 0 0 0 0 0 -0 0 0 0 -180 0 0 0 0 0 0
inside=0 lambda=0.647 phi=45 theta=15
0 -0 0 180 0 180 0.110873 -86.6037 0.864389 -136.424 0 180 0 -0 0 180 0 180
0 180 0 -0 0 -0 0 180 0 180 0 -0 0 180 0 -0 0 -0
0 -0 0 -0 0 -0 0.0987654 113.261 0.47707 -122.959 0 0 0 180 0 180 0 180
0 180 0 180 0 180 0 0 0 -180 0 -0 0 -0 0 -0 0 -0
0 0 0 -180 0 -180 0.0943421 -87.8041 0.478057 -123.335 0 180 0 -180 0 0 0 0
0 0 0 -180 0 -180 0 -180 0 -180 0 -180 0 -180 0 0 0 -0
0 -0 0 0 0 -0 0.269493 -55.3565 0.838431 69.2271 0 -180 0 0 0 0 0 0
0 0 0 0 0 0 0 -0 0 0 0 -180 0 -0 0 0 0 -0
inside=0 lambda=0.647 phi=45 theta=30
0 -180 0 0 0 180 0.0296751 -108.165 0.524505 -145.199 0 180 0 -0 0 180 0 180
0 180 0 -0 0 -0 0 180 0 0 0 -0 0 0 0 -180 0 -0
0 -0 0 -180 0 -0 0.129163 82.3378 0.84188 -122.737 0 0 0 180 0 180 0 180
0 180 0 180 0 180 0 0 0 -180 0 -0 0 -0 0 -0 0 -0
0 0 0 180 0 180 0.114331 -125.176 0.839624 -123.042 0 180 0 -180 0 0 0 0
0 0 0 -180 0 -180 0 180 0 -180 0 -180 0 180 0 0 0 -0
0 -180 0 -0 0 -0 0.165336 -88.678 0.511808 78.13 0 -180 0 0 0 0 0 180
0 180 0 0 0 0 0 -0 0 0 0 -180 0 -0 0 -0 0 -0
inside=0 lambda=0.647 phi=45 theta=45
0 -180 0 180 0 0 0 -0 0.190175 146.634 0 180 0 -0 0 180 0 180
0 180 0 -0 0 -0 0 0 0 0 0 -0 0 0 0 -180 0 -0
0 -0 0 -180 0 -180 0 0 0.98175 -123.366 0 0 0 180 0 180 0 180
0 180 0 180 0 180 0 -0 0 -180 0 -0 0 -180 0 -180 0 -0
0 -0 0 0 0 180 0 -180 0.98175 -123.366 0 180 0 -180 0 0 0 180
0 180 0 -0 0 -180 0 180 0 -180 0 -180 0 180 0 -0 0 -0
0 -180 0 -0 0 -0 0 180 0.190175 146.634 0 180 0 0 0 180 0 180
0 180 0 0 0 0 0 -0 0 0 0 -180 0 -0 0 -0 0 -0
inside=1 lambda=0.647 phi=0 theta=0
0 0 0 -180 0 0 0 0 0.161769 -177.019 0 0 0 0 0 -180 0 0
0 0 0 -180 0 0 0 0 0.817653 72.0491 0 0 0 0 0 -180 0 0
0 0 0 -0 0 -180 0 -0 1.00131e-13 82.0064 0 180 0 -180 0 -180 0 0
0 0 0 -180 0 -180 0 -0 2.60501e-13 -52.6035 0 180 0 -180 0 -180 0 0
0 0 0 -180 0 -180 0 -180 1.53326e-13 120.011 0 -0 0 -180 0 -180 0 0
0 0 0 -180 0 -180 0 -0 2.06198e-13 -15.8111 0 -0 0 -180 0 -180 0 0
0 0 0 0 0 0 0 -180 0.161769 -177.019 0 -180 0 0 0 0 0 0
0 0 0 0 0 0 0 -180 0.817653 72.0491 0 -180 0 0 0 0 0 0
inside=1 lambda=0.647 phi=0 theta=15
0 0 0 -180 0 0 0 0 0.161769 -177.019 0 0 0 0 0 -180 0 0
0 0 0 -180 0 0 0 0 0.817653 72.0491 0 0 0 0 0 -180 0 0
0 0 0 -0 0 -180 0 -0 1.00131e-13 82.0064 0 180 0 -180 0 -180 0 0
0 0 0 -180 0 -180 0 -0 2.60501e-13 -52.6035 0 180 0 -180 0 -180 0 0
0 0 0 -180 0 -180 0 -180 1.53326e-13 120.011 0 -0 0 -180 0 -180 0 0
0 0 0 -180 0 -180 0 -0 2.06198e-13 -15.8111 0 -0 0 -180 0 -180 0 0
0 0 0 0 0 0 0 -180 0.161769 -177.019 0 -180 0 0 0 0 0 0
0 0 0 0 0 0 0 -180 0.817653 72.0491 0 -180 0 0 0 0 0 0
inside=1 lambda=0.647 phi=0 theta=30
0 0 0 -180 0 0 0 0 0.161769 -177.019 0 0 0 0 0 -180 0 0
0 0 0 -180 0 0 0 0 0.817653 72.0491 0 0 0 0 0 -180 0 0
0 0 0 -0 0 -180 0 -0 1.00131e-13 82.0064 0 180 0 -180 0 -180 0 0
0 0 0 -180 0 -180 0 -0 2.60501e-13 -52.6035 0 180 0 -180 0 -180 0 0
0 0 0 -180 0 -180 0 -180 1.53326e-13 120.011 0 -0 0 -180 0 -180 0 0
0 0 0 -180 0 -180 0 -0 2.06198e-13 -15.8111 0 -0 0 -180 0 -180 0 0
0 0 0 0 0 0 0 -180 0.161769 -177.019 0 -180 0 0 0 0 0 0
0 0 0 0 0 0 0 -180 0.817653 72.0491 0 -180 0 0 0 0 0 0
inside=1 lambda=0.647 phi=0 theta=45
0 0 0 -180 0 0 0 0 0.161769 -177.019 0 0 0 0 0 -180 0 0
0 0 0 -180 0 0 0 0 0.817653 72.0491 0 0 0 0 0 -180 0 0
0 0 0 -0 0 -180 0 -0 1.00131e-13 82.0064 0 180 0 -180 0 -180 0 0
0 0 0 -180 0 -180 0 -0 2.60501e-13 -52.6035 0 180 0 -180 0 -180 0 0
0 0 0 -180 0 -180 0 -180 1.53326e-13 120.011 0 -0 0 -180 0 -180 0 0
0 0 0 -180 0 -180 0 -0 2.06198e-13 -15.8111 0 -0 0 -180 0 -180 0 0
0 0 0 0 0 0 0 -180 0.161769 -177.019 0 -180 0 0 0 0 0 0
0 0 0 0 0 0 0 -180 0.817653 72.0491 0 -180 0 0 0 0 0 0
inside=1 lambda=0.647 phi=5 theta=0
0 0 0 -180 0 0 0 0 0.160897 -176.994 0 0 0 0 0 -180 0 0
0 0 0 -180 0 0 0 0 0.818597 71.9128 0 0 0 0 0 -180 0 0
0 0 0 -180 0 -180 0 -180 1.03277e-13 49.8478 0 -180 0 -180 0 0 0 0
0 0 0 -180 0 -180 0 -180 1.5342e-13 -7.2732 0 -0 0 -180 0 0 0 0
0 0 0 -180 0 -180 0 -180 6.55791e-14 -129.692 0 180 0 -180 0 0 0 0
0 0 0 -180 0 -180 0 -0 4.15551e-14 -81.7857 0 180 0 -180 0 0 0 0
0 0 0 0 0 0 0 -180 0.162735 -177.013 0 -180 0 0 0 0 0 0
0 0 0 0 0 0 0 -180 0.816697 71.9133 0 -180 0 0 0 0 0 0
inside=1 lambda=0.647 phi=5 theta=15
0 0 0 -180 0 0 0 0 0.16102 -176.995 0 0 0 0 0 -180 0 0
0 0 0 -180 0 0 0 0 0.81847 71.9128 0 0 0 0 0 -180 0 0
0 0 0 -180 0 -180 0 -180 0.000444165 2.06149 0 0 0 -180 0 0 0 0
0 0 0 -180 0 -180 0 -180 0.000473278 73.4572 0 0 0 -180 0 0 0 0
0 0 0 -180 0 -180 0 -180 0.000444267 2.05661 0 0 0 -180 0 0 0 0
0 0 0 -180 0 -180 0 -180 0.000473281 73.4473 0 -0 0 -180 0 0 0 0
0 0 0 0 0 0 0 -180 0.162612 -177.012 0 -180 0 0 0 0 0 0
0 0 0 0 0 0 0 -180 0.816824 71.9133 0 -180 0 0 0 0 0 0
inside=1 lambda=0.647 phi=5 theta=30
0 0 0 -180 0 0 0 0 0.161356 -176.999 0 0 0 0 0 -180 0 0
0 0 0 -180 0 0 0 0 0.818122 71.9129 0 0 0 0 0 -180 0 0
0 0 0 -180 0 -180 0 -180 0.000769355 2.06045 0 0 0 -180 0 0 0 0
0 0 0 -180 0 -180 0 -180 0.000819742 73.4551 0 0 0 -180 0 0 0 0
0 0 0 -180 0 -180 0 -180 0.000769456 2.05764 0 0 0 -180 0 0 0 0
0 0 0 -180 0 -180 0 -180 0.000819745 73.4493 0 -0 0 -180 0 0 0 0
0 0 0 0 0 0 0 -180 0.162275 -177.008 0 -180 0 0 0 0 0 0
0 0 0 0 0 0 0 -180 0.817172 71.9132 0 -180 0 0 0 0 0 0
inside=1 lambda=0.647 phi=5 theta=45
0 0 0 -180 0 0 0 0 0.161816 -177.003 0 0 0 0 0 -180 0 0
0 0 0 -180 0 0 0 0 0.817647 71.913 0 0 0 0 0 -180 0 0
0 0 0 -180 0 -180 0 -180 0.000888433 2.05904 0 0 0 -180 0 0 0 0
0 0 0 -180 0 -180 0 -180 0.000946558 73.4522 0 0 0 -180 0 0 0 0
0 0 0 -180 0 -180 0 -180 0.000888433 2.05904 0 0 0 -180 0 0 0 0
0 0 0 -180 0 -180 0 -180 0.000946558 73.4522 0 0 0 -180 0 0 0 0
0 0 0 0 0 0 0 -180 0.161816 -177.003 0 -180 0 0 0 0 0 0
0 0 0 0 0 0 0 -180 0.817647 71.913 0 -180 0 0 0 0 0 0
inside=1 lambda=0.647 phi=10 theta=0
0 -0 0 -180 0 0 0 0 0.158246 -176.917 0 0 0 -0 0 -180 0 0
0 0 0 -180 0 0 0 0 0.821468 71.5065 0 0 0 0 0 -180 0 0
0 0 0 -180 0 -180 0 0 5.82732e-14 -66.1788 0 180 0 -180 0 0 0 0
0 0 0 -180 0 -180 0 0 8.61923e-15 -132.01 0 180 0 -180 0 0 0 0
0 0 0 -180 0 -180 0 -180 1.26519e-13 -150.697 0 -0 0 -180 0 0 0 0
0 0 0 -180 0 -180 0 -180 1.13307e-13 103.462 0 0 0 -180 0 0 0 0
0 0 0 0 0 0 0 -180 0.165671 -176.995 0 -180 0 0 0 0 0 0
0 0 0 0 0 0 0 -180 0.813793 71.5086 0 -180 0 0 0 0 0 0
inside=1 lambda=0.647 phi=10 theta=15
0 -0 0 -180 0 0 0 0 0.158743 -176.923 0 0 0 -0 0 -180 0 0
0 0 0 -180 0 0 0 0 0.820954 71.5066 0 0 0 0 0 -180 0 0
0 0 0 -180 0 -180 0 -180 0.00179478 2.08505 0 0 0 -180 0 0 0 0
0 0 0 -180 0 -180 0 -180 0.00191112 73.0634 0 0 0 -180 0 -0 0 0
0 0 0 -180 0 -180 0 -180 0.0017964 2.06516 0 0 0 -180 0 0 0 0
0 0 0 -180 0 -180 0 -180 0.00191116 73.0236 0 -0 0 -180 0 0 0 0
0 0 0 0 0 0 0 -180 0.165172 -176.99 0 -180 0 0 0 0 0 0
0 0 0 0 0 0 0 -180 0.814307 71.5084 0 -180 0 0 0 0 0 0
inside=1 lambda=0.647 phi=10 theta=30
0 0 0 -180 0 0 0 0 0.1601 -176.937 0 0 0 -0 0 -180 0 0
0 0 0 -180 0 0 0 0 0.81955 71.5069 0 0 0 0 0 -180 0 0
0 0 0 -180 0 -180 0 -180 0.00310925 2.08078 0 0 0 -180 0 0 0 0
0 0 0 -180 0 -180 0 -180 0.00331017 73.0546 0 0 0 -180 0 -0 0 0
0 0 0 -180 0 -180 0 -180 0.00311088 2.0693 0 0 0 -180 0 0 0 0
0 0 0 -180 0 -180 0 -180 0.00331021 73.0316 0 -0 0 -180 0 0 0 0
0 0 0 0 0 0 0 -180 0.163812 -176.976 0 -180 0 0 0 0 0 0
0 0 0 0 0 0 0 -180 0.815712 71.5079 0 -180 0 0 0 0 0 0
inside=1 lambda=0.647 phi=10 theta=45
0 0 0 -180 0 0 0 0 0.161956 -176.957 0 0 0 0 0 -180 0 0
0 0 0 -180 0 0 0 0 0.817631 71.5074 0 0 0 0 0 -180 0 0
0 0 0 -180 0 -180 0 -180 0.0035912 2.075 0 0 0 -180 0 0 0 0
0 0 0 -180 0 -180 0 -180 0.00382228 73.0429 0 0 0 -180 0 -0 0 0
0 0 0 -180 0 -180 0 -180 0.0035912 2.075 0 0 0 -180 0 0 0 0
0 0 0 -180 0 -180 0 -180 0.00382228 73.0429 0 -0 0 -180 0 0 0 0
0 0 0 0 0 0 0 -180 0.161956 -176.957 0 -180 0 0 0 0 0 0
0 0 0 0 0 0 0 -180 0.817631 71.5074 0 -180 0 0 0 0 0 0
inside=1 lambda=0.647 phi=15 theta=0
0 -0 0 -180 0 0 0 0 0.153704 -176.786 0 0 0 -0 0 -180 0 0
0 180 0 -180 0 0 0 0 0.826382 70.8386 0 0 0 180 0 -180 0 0
0 0 0 -180 0 -180 0 -0 3.73195e-14 154.612 0 180 0 -180 0 0 0 0
0 0 0 180 0 -180 0 -0 2.41182e-14 -19.2313 0 180 0 -180 0 -0 0 0
0 0 0 -180 0 -180 0 180 1.12655e-13 -175.534 0 -0 0 -180 0 0 0 0
0 0 0 -180 0 -180 0 180 1.1544e-14 11.0056 0 -0 0 -180 0 0 0 0
0 0 0 0 0 0 0 -180 0.17069 -176.971 0 -180 0 0 0 0 0 0
0 0 0 0 0 0 0 -180 0.808839 70.843 0 -180 0 0 0 0 0 0
inside=1 lambda=0.647 phi=15 theta=15
0 -0 0 -180 0 0 0 0 0.154839 -176.799 0 0 0 -0 0 -180 0 0
0 0 0 -180 0 0 0 0 0.825207 70.8387 0 0 0 180 0 -180 0 0
0 0 0 -180 0 -180 0 -180 0.00410739 2.12214 0 0 0 -180 0 0 0 0
0 0 0 -180 0 -180 0 -180 0.00436877 72.4165 0 0 0 -180 0 -0 0 0
0 0 0 -180 0 -180 0 -180 0.00411559 2.07595 0 0 0 -180 0 0 0 0
0 0 0 -180 0 -180 0 -180 0.00436895 72.3272 0 -0 0 -180 0 0 0 0
0 0 0 0 0 0 0 -180 0.169549 -176.96 0 -180 0 0 0 0 0 0
0 0 0 0 0 0 0 -180 0.810015 70.8425 0 -180 0 0 0 0 0 0
inside=1 lambda=0.647 phi=15 theta=30
0 -0 0 -180 0 0 0 0 0.15794 -176.835 0 0 0 -0 0 -180 0 0
0 0 0 -180 0 0 0 0 0.821999 70.8391 0 0 0 0 0 -180 0 0
0 0 0 -180 0 -180 0 -180 0.0071174 2.11197 0 0 0 -180 0 0 0 0
0 0 0 -180 0 -180 0 -180 0.00756698 72.3956 0 0 0 -180 0 -0 0 0
0 0 0 -180 0 -180 0 -180 0.00712558 2.08536 0 0 0 -180 0 0 0 0
0 0 0 -180 0 -180 0 -180 0.00756716 72.3441 0 -0 0 -180 0 0 0 0
0 0 0 0 0 0 0 -180 0.166433 -176.928 0 -180 0 0 0 0 0 0
0 0 0 0 0 0 0 -180 0.813227 70.8413 0 -180 0 0 0 0 0 0
inside=1 lambda=0.647 phi=15 theta=45
0 -0 0 -180 0 0 0 0 0.162183 -176.882 0 0 0 -0 0 -180 0 0
0 0 0 -180 0 0 0 0 0.817614 70.84 0 0 0 0 0 -180 0 0
0 0 0 -180 0 -180 0 -180 0.0082233 2.09848 0 0 0 -180 0 0 0 0
0 0 0 -180 0 -180 0 -180 0.00873769 72.3689 0 0 0 -180 0 -0 0 0
0 0 0 -180 0 -180 0 -180 0.0082233 2.09848 0 0 0 -180 0 0 0 0
0 0 0 -180 0 -180 0 -180 0.00873769 72.3689 0 -0 0 -180 0 0 0 0
0 -0 0 0 0 -0 0 -180 0.162183 -176.882 0 -180 0 0 0 0 0 0
0 0 0 0 0 0 0 -180 0.817614 70.84 0 -180 0 0 0 0 0 0
inside=1 lambda=0.647 phi=20 theta=0
0 -0 0 -180 0 0 0 0 0.147073 -176.591 0 0 0 -0 0 -180 0 0
0 180 0 -180 0 0 0 0 0.833544 69.9229 0 0 0 180 0 -180 0 0
0 -0 0 -180 0 -180 0 180 1.87739e-14 69.1932 0 -0 0 180 0 0 0 0
0 0 0 180 0 -180 0 180 1.96081e-14 102.861 0 -0 0 -180 0 -0 0 0
0 0 0 -180 0 -180 0 -0 5.91836e-14 -48.6475 0 180 0 -180 0 0 0 0
0 0 0 -180 0 -180 0 -180 4.39566e-14 177.309 0 180 0 -180 0 0 0 0
0 0 0 0 0 0 0 -180 0.177993 -176.948 0 -180 0 0 0 0 0 0
0 0 0 0 0 0 0 -180 0.801654 69.9303 0 -180 0 0 0 0 0 0
inside=1 lambda=0.647 phi=20 theta=15
0 -0 0 -180 0 0 0 0 0.149134 -176.619 0 0 0 -0 0 -180 0 0
0 180 0 -180 0 0 0 0 0.83141 69.9228 0 0 0 180 0 -180 0 0
0 -0 0 -180 0 -180 0 -180 0.00747871 2.16968 0 0 0 180 0 0 0 0
0 0 0 180 0 -180 0 -180 0.00794252 71.5311 0 0 0 -180 0 -0 0 0
0 0 0 -180 0 -180 0 -180 0.00750464 2.08395 0 0 0 -180 0 0 0 0
0 0 0 -180 0 -180 0 -180 0.00794294 71.3728 0 -0 0 -180 0 0 0 0
0 0 0 0 0 0 0 -180 0.175909 -176.928 0 -180 0 0 0 0 0 0
0 0 0 0 0 0 0 -180 0.803793 69.9292 0 -180 0 0 0 0 0 0
inside=1 lambda=0.647 phi=20 theta=30
0 -0 0 -180 0 0 0 0 0.15477 -176.692 0 0 0 -0 0 -180 0 0
0 180 0 -180 0 0 0 0 0.82558 69.923 0 0 0 180 0 -180 0 0
0 0 0 -180 0 -180 0 -180 0.0129641 2.15018 0 0 0 180 0 0 0 0
0 0 0 -180 0 -180 0 -180 0.0137569 71.491 0 0 0 -180 0 -0 0 0
0 0 0 -180 0 -180 0 -180 0.0129899 2.10098 0 0 0 -180 0 0 0 0
0 0 0 -180 0 -180 0 -180 0.0137573 71.4002 0 -0 0 -180 0 0 0 0
0 -0 0 0 0 -0 0 -180 0.170227 -176.869 0 -180 0 0 0 0 0 0
0 0 0 0 0 0 0 -180 0.809635 69.9265 0 -180 0 0 0 0 0 0
inside=1 lambda=0.647 phi=20 theta=45
0 -0 0 -180 0 0 0 0 0.162487 -176.784 0 0 0 -0 0 -180 0 0
0 0 0 -180 0 0 0 0 0.81761 69.9242 0 0 0 180 0 -180 0 0
0 0 0 -180 0 -180 0 -180 0.0149851 2.12497 0 0 0 -180 0 0 0 0
0 0 0 -180 0 -180 0 -180 0.0158852 71.4425 0 0 0 -180 0 -0 0 0
0 0 0 -180 0 -180 0 -180 0.0149851 2.12497 0 0 0 -180 0 0 0 0
0 0 0 -180 0 -180 0 -180 0.0158852 71.4425 0 -0 0 -180 0 0 0 0
0 -0 0 0 0 -0 0 -180 0.162487 -176.784 0 -180 0 0 0 0 0 0
0 0 0 0 0 180 0 -180 0.81761 69.9242 0 -180 0 0 0 0 0 0
inside=1 lambda=0.647 phi=25 theta=0
0 -0 0 -180 0 0 0 -0 0.138054 -176.317 0 0 0 -0 0 -180 0 0
0 180 0 -180 0 0 0 0 0.843264 68.7792 0 0 0 180 0 -180 0 0
0 -0 0 -180 0 -180 0 180 1.51981e-14 -147.516 0 180 0 180 0 0 0 0
0 0 0 180 0 -180 0 -0 1.97219e-14 -39.2404 0 0 0 -180 0 -0 0 0
0 0 0 -180 0 -180 0 -0 3.87657e-15 174.56 0 -0 0 -180 0 0 0 0
0 0 0 -180 0 -180 0 180 6.92809e-15 -39.9051 0 180 0 -180 0 0 0 0
0 0 0 0 0 0 0 -180 0.187876 -176.938 0 -180 0 0 0 0 0 0
0 0 0 0 0 0 0 -180 0.791971 68.7902 0 -180 0 0 0 0 0 0
inside=1 lambda=0.647 phi=25 theta=15
0 -0 0 -180 0 0 0 -0 0.141366 -176.37 0 0 0 -0 0 -180 0 0
0 180 0 -180 0 0 0 0 0.839834 68.7785 0 0 0 180 0 -180 0 0
0 -0 0 -180 0 -180 0 -180 0.012053 2.22391 0 0 0 180 0 0 0 0
0 0 0 180 0 -180 0 -180 0.0127764 70.4281 0 0 0 -180 0 -0 0 0
0 0 0 -180 0 -180 0 -180 0.0121166 2.08246 0 0 0 -180 0 0 0 0
0 0 0 -180 0 -180 0 -180 0.0127769 70.1804 0 -0 0 -180 0 0 0 0
0 0 0 0 0 0 0 -180 0.184505 -176.905 0 -180 0 0 0 0 0 0
0 0 0 0 0 0 0 -180 0.795416 68.7876 0 -180 0 0 0 0 0 0
inside=1 lambda=0.647 phi=25 theta=30
0 -0 0 -180 0 0 0 0 0.150428 -176.505 0 0 0 -0 0 -180 0 0
0 180 0 -180 0 0 0 0 0.830461 68.7775 0 0 0 180 0 -180 0 0
0 -0 0 -180 0 -180 0 -180 0.020904 2.19026 0 0 0 180 0 0 0 0
0 0 0 180 0 -180 0 -180 0.0221289 70.3591 0 0 0 -180 0 -0 0 0
0 0 0 -180 0 -180 0 -180 0.0209666 2.10984 0 0 0 -180 0 0 0 0
0 0 0 -180 0 -180 0 -180 0.0221295 70.2185 0 -0 0 -180 0 0 0 0
0 -0 0 0 0 -0 0 -180 0.175326 -176.809 0 -180 0 0 0 0 0 0
0 0 0 0 0 180 0 -180 0.804818 68.7823 0 -180 0 0 0 0 0 0
inside=1 lambda=0.647 phi=25 theta=45
0 -0 0 -180 0 0 0 0 0.162849 -176.667 0 0 0 -0 0 -180 0 0
0 180 0 -180 0 0 0 0 0.817646 68.7784 0 0 0 180 0 -180 0 0
0 0 0 -180 0 -180 0 -180 0.0241761 2.14851 0 0 0 180 0 0 0 0
0 0 0 -180 0 -180 0 -180 0.0255523 70.2813 0 0 0 -180 0 -0 0 0
0 0 0 -180 0 180 0 -180 0.0241761 2.14851 0 0 0 -180 0 0 0 0
0 0 0 -180 0 -180 0 -180 0.0255523 70.2813 0 -0 0 -180 0 0 0 0
0 -0 0 0 0 -0 0 -180 0.162849 -176.667 0 -180 0 0 0 0 0 0
0 180 0 0 0 180 0 -180 0.817646 68.7784 0 -180 0 0 0 0 0 0
inside=1 lambda=0.647 phi=30 theta=0
0 -0 0 -180 0 0 0 -0 0.126221 -175.925 0 0 0 -0 0 -180 0 0
0 180 0 -180 0 0 0 0 0.855979 67.4329 0 0 0 180 0 -180 0 0
0 -0 0 -180 0 -180 0 0 4.36882e-15 4.47986 0 -0 0 180 0 0 0 0
0 0 0 180 0 -180 0 -0 1.14331e-14 138.224 0 0 0 -180 0 -0 0 0
0 0 0 -180 0 -180 0 180 1.11624e-14 -16.0415 0 -180 0 -180 0 0 0 0
0 0 0 -180 0 -180 0 -0 9.92553e-15 25.7495 0 0 0 -180 0 0 0 0
0 0 0 0 0 0 0 -180 0.20076 -176.954 0 -180 0 0 0 0 0 0
0 0 0 0 0 0 0 -180 0.779419 67.4491 0 -180 0 0 0 0 0 0
inside=1 lambda=0.647 phi=30 theta=15
0 -0 0 -180 0 0 0 -0 0.131159 -176.027 0 0 0 -0 0 -180 0 0
0 180 0 -180 0 0 0 0 0.850863 67.4309 0 0 0 180 0 -180 0 0
0 -0 0 -180 0 -180 0 -180 0.0180314 2.28113 0 0 0 180 0 0 0 0
0 0 0 180 0 -180 0 -180 0.0190724 69.1357 0 0 0 -180 0 -0 0 0
0 0 0 -180 0 -180 0 -180 0.0181653 2.06321 0 0 0 -180 0 0 0 0
0 0 0 -180 0 -180 0 -180 0.0190722 68.776 0 -0 0 -180 0 0 0 0
0 0 0 0 0 -0 0 -180 0.195687 -176.904 0 -180 0 0 0 0 0 0
0 0 0 0 0 0 0 -180 0.784568 67.4434 0 -180 0 0 0 0 0 0
inside=1 lambda=0.647 phi=30 theta=30
0 -0 0 -180 0 0 0 -0 0.144681 -176.269 0 0 0 -0 0 -180 0 0
0 180 0 -180 0 0 0 0 0.83688 67.4271 0 0 0 180 0 -180 0 0
0 -0 0 -180 0 -180 0 -180 0.031294 2.2262 0 0 0 180 0 0 0 0
0 0 0 180 0 -180 0 -180 0.0330318 69.0236 0 0 0 -180 0 -0 0 0
0 0 0 -180 0 180 0 -180 0.0314229 2.10454 0 0 0 -180 0 0 0 0
0 0 0 -180 0 -180 0 -180 0.0330322 68.8231 0 -0 0 -180 0 0 0 0
0 -0 0 0 0 -0 0 -180 0.181911 -176.759 0 -180 0 0 0 0 0 0
0 0 0 0 0 180 0 -180 0.798612 67.4328 0 -180 0 0 0 0 0 0
inside=1 lambda=0.647 phi=30 theta=45
0 -0 0 -180 0 0 0 0 0.163237 -176.538 0 0 0 -0 0 -180 0 0
0 180 0 -180 0 0 0 0 0.817761 67.4267 0 0 0 180 0 -180 0 0
0 -0 0 -180 0 -180 0 -180 0.0362157 2.16209 0 0 0 180 0 0 0 0
0 0 0 -180 0 -180 0 -180 0.0381409 68.9081 0 0 0 -180 0 -0 0 0
0 -0 0 -180 0 180 0 -180 0.0362157 2.16209 0 0 0 -180 0 0 0 0
0 0 0 -180 0 -180 0 -180 0.0381409 68.9081 0 -0 0 -180 0 0 0 0
0 -0 0 0 0 -0 0 -180 0.163237 -176.538 0 -180 0 0 0 0 0 0
0 180 0 0 0 180 0 -180 0.817761 67.4267 0 -180 0 0 0 0 0 0
inside=1 lambda=0.647 phi=35 theta=0
0 -0 0 -180 0 0 0 -0 0.110991 -175.333 0 0 0 -0 0 -180 0 0
0 180 0 -180 0 0 0 0 0.872289 65.9162 0 0 0 180 0 -180 0 0
0 -0 0 -180 0 -180 0 -0 1.5438e-14 -17.6916 0 180 0 180 0 0 0 0
0 0 0 180 0 -180 0 -0 8.28777e-15 -43.8433 0 180 0 -180 0 -0 0 0
0 0 0 -180 0 -180 0 -0 3.34351e-14 110.839 0 -0 0 -180 0 0 0 0
0 0 0 -180 0 -180 0 180 1.84387e-14 36.5398 0 180 0 -180 0 0 0 0
0 0 0 0 0 0 0 -180 0.217236 -177.015 0 -180 0 0 0 0 0 0
0 0 0 0 0 0 0 -180 0.763494 65.9426 0 -180 0 0 0 0 0 0
inside=1 lambda=0.647 phi=35 theta=15
0 -0 0 -180 0 0 0 -0 0.117995 -175.535 0 0 0 -0 0 180 0 0
0 180 0 -180 0 0 0 0 0.865026 65.9113 0 0 0 180 0 -180 0 0
0 -0 0 -180 0 -180 0 -180 0.0256847 2.33922 0 0 0 180 0 0 0 0
0 0 0 180 0 -180 0 -180 0.027106 67.6921 0 0 0 -180 0 -0 0 0
0 0 0 -180 0 -180 0 -180 0.0259399 2.01606 0 0 0 -180 0 0 0 0
0 0 0 -180 0 -180 0 -180 0.0271014 67.1907 0 -0 0 -180 0 0 0 0
0 -0 0 0 0 -0 0 -180 0.209935 -176.941 0 -180 0 0 0 0 0 0
0 0 0 0 0 0 0 -180 0.770827 65.9297 0 -180 0 0 0 0 0 0
inside=1 lambda=0.647 phi=35 theta=30
0 -0 0 -180 0 0 0 -0 0.137204 -175.972 0 0 0 -0 0 -180 0 0
0 180 0 -180 0 0 0 0 0.84517 65.9023 0 0 0 180 0 -180 0 0
0 -0 0 -180 0 -180 0 -180 0.0446178 2.2515 0 0 0 180 0 0 0 0
0 0 0 180 0 -180 0 -180 0.0469392 67.5139 0 0 0 -180 0 -0 0 0
0 0 0 -180 0 180 0 -180 0.0448552 2.0771 0 0 0 -180 0 0 0 0
0 0 0 -180 0 -180 0 -180 0.0469372 67.2439 0 -0 0 -180 0 0 0 0
0 -0 0 0 0 -0 0 -180 0.190216 -176.733 0 -180 0 0 0 0 0 0
0 0 0 0 0 180 0 -180 0.790805 65.9084 0 -180 0 0 0 0 0 0
inside=1 lambda=0.647 phi=35 theta=45
0 -0 0 -180 0 0 0 -0 0.163598 -176.404 0 0 0 -0 0 -180 0 0
0 180 0 -180 0 0 0 0 0.818015 65.8988 0 0 0 180 0 -180 0 0
0 -0 0 -180 0 -180 0 -180 0.0516719 2.15811 0 0 0 180 0 0 0 0
0 0 0 -180 0 -180 0 -180 0.0541963 67.3513 0 0 0 -180 0 -0 0 0
0 -0 0 -180 0 180 0 -180 0.0516719 2.15811 0 0 0 -180 0 0 0 0
0 0 0 -180 0 -180 0 -180 0.0541963 67.3513 0 -0 0 -180 0 0 0 0
0 -0 0 -0 0 -0 0 -180 0.163598 -176.404 0 -180 0 0 0 0 0 0
0 180 0 0 0 180 0 -180 0.818015 65.8988 0 -180 0 0 0 0 0 0
inside=1 lambda=0.647 phi=40 theta=0
0 -0 0 180 0 0 0 -0 0.0916014 -174.307 0 0 0 -0 0 180 0 0
0 180 0 -180 0 0 0 0 0.893008 64.2699 0 0 0 180 0 -180 0 0
0 -0 0 -180 0 -180 0 -180 5.67862e-14 -34.5078 0 180 0 180 0 0 0 0
0 0 0 180 0 -180 0 -180 1.09418e-14 -81.227 0 180 0 -180 0 -0 0 0
0 0 0 -180 0 -180 0 0 7.90686e-14 132.968 0 180 0 -180 0 0 0 0
0 0 0 -180 0 -180 0 180 1.0184e-13 177.599 0 -180 0 -180 0 0 0 0
0 0 0 0 0 0 0 -180 0.238195 -177.155 0 -180 0 0 0 0 0 0
0 0 0 0 0 0 0 -180 0.743509 64.324 0 -180 0 0 0 0 0 0
inside=1 lambda=0.647 phi=40 theta=15
0 -0 0 180 0 0 0 -0 0.101181 -174.755 0 0 0 -0 0 180 0 0
0 180 0 -180 0 0 0 0 0.883039 64.2584 0 0 0 180 0 -180 0 0
0 -0 0 -180 0 -180 0 -180 0.0353664 2.40184 0 0 0 180 0 0 0 0
0 0 0 180 0 -180 0 -180 0.037249 66.1537 0 0 0 -180 0 -0 0 0
0 0 0 -180 0 180 0 -180 0.035828 1.92694 0 0 0 -180 0 0 0 0
0 0 0 -180 0 -180 0 -180 0.0372286 65.4626 0 -0 0 -180 0 0 0 0
0 -0 0 0 0 -0 0 -180 0.227914 -177.039 0 -180 0 0 0 0 0 0
0 0 0 0 0 0 0 -180 0.753635 64.2902 0 -180 0 0 0 0 0 0
inside=1 lambda=0.647 phi=40 theta=30
0 -0 0 -180 0 0 0 -0 0.127546 -175.587 0 0 0 -0 0 180 0 0
0 180 0 -180 0 0 0 0 0.855784 64.2392 0 0 0 180 0 -180 0 0
0 -0 0 -180 0 -180 0 -180 0.0615208 2.25992 0 0 0 180 0 0 0 0
0 0 0 180 0 -180 0 -180 0.0644835 65.8658 0 0 0 -180 0 -0 0 0
0 -0 0 -180 0 180 0 -180 0.0619234 2.01949 0 0 0 -180 0 0 0 0
0 0 0 -180 0 -180 0 -180 0.0644744 65.5163 0 -0 0 -180 0 0 0 0
0 -0 0 -0 0 -0 0 -180 0.200539 -176.743 0 -180 0 0 0 0 0 0
0 180 0 0 0 180 0 -180 0.781125 64.2456 0 -180 0 0 0 0 0 0
inside=1 lambda=0.647 phi=40 theta=45
0 -0 0 -180 0 0 0 -0 0.163847 -176.276 0 0 0 -0 0 -180 0 0
0 180 0 -180 0 0 0 0 0.818501 64.2304 0 0 0 180 0 -180 0 0
0 -0 0 -180 0 -180 0 -180 0.0713013 2.12898 0 0 0 180 0 0 0 0
0 0 0 -180 0 -180 0 -180 0.0744454 65.645 0 0 0 -180 0 -0 0 0
0 -0 0 -180 0 180 0 -180 0.0713013 2.12898 0 0 0 -180 0 0 0 0
0 0 0 -180 0 -180 0 -180 0.0744454 65.645 0 -0 0 -180 0 0 0 0
0 -0 0 -0 0 -0 0 -180 0.163847 -176.276 0 -180 0 0 0 0 0 0
0 180 0 0 0 180 0 -180 0.818501 64.2304 0 -180 0 0 0 0 0 0
inside=1 lambda=0.647 phi=45 theta=0
0 -0 0 180 0 0 0 -0 0.0670618 -171.426 0 0 0 -0 0 180 0 0
0 180 0 -180 0 0 0.0104172 -10.2121 0.918714 62.5706 0 0 0 180 0 -180 0 0
0 -0 0 -180 0 -180 0 -0 3.64799e-14 7.75496 0 -180 0 180 0 0 0 0
0 0 0 180 0 -180 8.32558e-14 -0.525727 1.8842e-14 26.0674 0 -180 0 -180 0 -0 0 0
0 0 0 -180 0 -180 0 180 6.38148e-14 141.142 0 -180 0 -180 0 0 0 0
0 0 0 -180 0 -180 1.24952e-13 -115.582 6.9598e-14 36.9773 0 180 0 -180 0 0 0 0
0 0 0 0 0 0 0 -180 0.267094 -177.22 0 -180 0 0 0 0 0 0
0 0 0 0 0 0 0.13298 -132.696 0.7167 62.7521 0 -180 0 0 0 0 0 0
inside=1 lambda=0.647 phi=45 theta=15
0 -0 0 180 0 0 0 -0 0.0798445 -173.265 0 0 0 -0 0 180 0 0
0 180 0 -180 0 0 0 0 0.905873 62.5219 0 0 0 180 0 -180 0 0
0 -0 0 -180 0 -180 0 -180 0.0475089 2.49823 0 0 0 180 0 0 0 0
0 0 0 180 0 -180 0 -180 0.0500162 64.6394 0 0 0 -0 0 -0 0 0
0 0 0 -180 0 180 0 -180 0.0483543 1.76325 0 0 0 -180 0 0 0 0
0 0 0 -180 0 -180 0 -180 0.049934 63.641 0 -0 0 -180 0 0 0 0
0 -0 0 0 0 -0 0 -180 0.250711 -177.25 0 -180 0 0 0 0 0 0
0 0 0 0 0 180 0 -180 0.732224 62.597 0 -180 0 0 0 0 0 0
inside=1 lambda=0.647 phi=45 theta=30
0 -0 0 -180 0 0 0 -0 0.11509 -175.053 0 0 0 -0 0 180 0 0
0 180 0 -180 0 0 0 0 0.869344 62.4802 0 0 0 180 0 -180 0 0
0 -0 0 -180 0 -180 0 -180 0.0828553 2.2464 0 0 0 180 0 0 0 0
0 0 0 180 0 -180 0 -180 0.0865037 64.1217 0 0 0 -0 0 -0 0 0
0 -0 0 -180 0 180 0 -180 0.0834979 1.92406 0 0 0 -180 0 0 0 0
0 0 0 -180 0 -180 0 -180 0.0864773 63.6814 0 -0 0 -180 0 0 0 0
0 -0 0 -0 0 -0 0 -180 0.213256 -176.807 0 -180 0 0 0 0 0 0
0 180 0 0 0 180 0 -180 0.769234 62.4875 0 -180 0 0 0 0 0 0
inside=1 lambda=0.647 phi=45 theta=45
0 -0 0 -180 0 0 0 -0 0.163851 -176.16 0 0 0 -0 0 180 0 0
0 180 0 -180 0 0 0 0 0.819364 62.4629 0 0 0 180 0 -180 0 0
0 -0 0 -180 0 -180 0 -180 0.0961028 2.06784 0 0 0 180 0 0 0 0
0 0 0 180 0 -180 0 -180 0.0998507 63.829 0 0 0 -0 0 -0 0 0
0 -0 0 -180 0 180 0 -180 0.0961028 2.06784 0 0 0 -180 0 0 0 0
0 0 0 -180 0 -0 0 180 0.0998507 63.829 0 -0 0 -180 0 0 0 0
0 -0 0 -0 0 -0 0 -180 0.163851 -176.16 0 180 0 0 0 0 0 0
0 180 0 0 0 180 0 -180 0.819364 62.4629 0 -180 0 0 0 0 0 0
