RSoft_BSDF_File_Version 2
1 0 5 2 1 0.548571
0.3 0.3
-1 1
-1 1
1 0.647 0.647
10 0 45 0.5
4 0 45
Begin_Dispersion_Data
0.647 1.45662 0 1 0 0
End_Dispersion_Data
inside=0 lambda=0.647 phi=0 theta=0
0 -180 0 -180 0 -180 0 0 0.1856 -0.0593148 0 0 0 -180 0 -180 0 -180
0 180 0 180 0 180 0 -0 1.18593 -54.6346 0 -0 0 180 0 180 0 180
0 -180 0 -0 0 0 0 -0 9.35582e-15 -144.823 0 -0 0 0 0 180 0 -180
0 180 0 0 0 -0 0 0 7.37809e-14 -143.285 0 0 0 -0 0 -180 0 180
0 -180 0 -0 0 0 0 -0 8.97432e-15 -144.717 0 180 0 0 0 180 0 -180
0 180 0 0 0 -0 0 0 7.10203e-14 -143.251 0 -180 0 -0 0 -180 0 180
0 -180 0 0 0 -180 0 -180 0.1856 -0.0593148 0 -180 0 -180 0 0 0 -180
0 180 0 -0 0 180 0 180 1.18593 -54.6346 0 180 0 180 0 -0 0 180
inside=0 lambda=0.647 phi=0 theta=15
0 -180 0 -180 0 -180 0 0 0.1856 -0.0593148 0 0 0 -180 0 -180 0 -180
0 180 0 180 0 180 0 -0 1.18593 -54.6346 0 -0 0 180 0 180 0 180
0 -180 0 -0 0 0 0 -0 9.35582e-15 -144.823 0 -0 0 0 0 180 0 -180
0 180 0 0 0 -0 0 0 7.37809e-14 -143.285 0 0 0 -0 0 -180 0 180
0 -180 0 -0 0 0 0 -0 8.97432e-15 -144.717 0 180 0 0 0 180 0 -180
0 180 0 0 0 -0 0 0 7.10203e-14 -143.251 0 -180 0 -0 0 -180 0 180
0 -180 0 0 0 -180 0 -180 0.1856 -0.0593148 0 -180 0 -180 0 0 0 -180
0 180 0 -0 0 180 0 180 1.18593 -54.6346 0 180 0 180 0 -0 0 180
inside=0 lambda=0.647 phi=0 theta=30
0 -180 0 -180 0 -180 0 0 0.1856 -0.0593148 0 0 0 -180 0 -180 0 -180
0 180 0 180 0 180 0 -0 1.18593 -54.6346 0 -0 0 180 0 180 0 180
0 -180 0 -0 0 0 0 -0 9.35582e-15 -144.823 0 -0 0 0 0 180 0 -180
0 180 0 0 0 -0 0 0 7.37809e-14 -143.285 0 0 0 -0 0 -180 0 180
0 -180 0 -0 0 0 0 -0 8.97432e-15 -144.717 0 180 0 0 0 180 0 -180
0 180 0 0 0 -0 0 0 7.10203e-14 -143.251 0 -180 0 -0 0 -180 0 180
0 -180 0 0 0 -180 0 -180 0.1856 -0.0593148 0 -180 0 -180 0 0 0 -180
0 180 0 -0 0 180 0 180 1.18593 -54.6346 0 180 0 180 0 -0 0 180
inside=0 lambda=0.647 phi=0 theta=45
0 -180 0 -180 0 -180 0 0 0.1856 -0.0593148 0 0 0 -180 0 -180 0 -180
0 180 0 180 0 180 0 -0 1.18593 -54.6346 0 -0 0 180 0 180 0 180
0 -180 0 -0 0 0 0 -0 9.35582e-15 -144.823 0 -0 0 0 0 180 0 -180
0 180 0 0 0 -0 0 0 7.37809e-14 -143.285 0 0 0 -0 0 -180 0 180
0 -180 0 -0 0 0 0 -0 8.97432e-15 -144.717 0 180 0 0 0 180 0 -180
0 180 0 0 0 -0 0 0 7.10203e-14 -143.251 0 -180 0 -0 0 -180 0 180
0 -180 0 0 0 -180 0 -180 0.1856 -0.0593148 0 -180 0 -180 0 0 0 -180
0 180 0 -0 0 180 0 180 1.18593 -54.6346 0 180 0 180 0 -0 0 180
inside=0 lambda=0.647 phi=5 theta=0
0 180 0 -180 0 -180 0 0 0.183508 -0.0566847 0 0 0 180 0 -180 0 -180
0 180 0 180 0 0 0 -0 1.18385 -57.1026 0 -180 0 180 0 180 0 0
0 -180 0 -0 0 0 0 180 4.6208e-15 31.5084 0 -0 0 0 0 180 0 -180
0 180 0 0 0 -0 0 -180 3.52372e-14 33.1172 0 0 0 -0 0 -180 0 180
0 -180 0 -180 0 0 0 180 2.21816e-15 13.8928 0 -0 0 0 0 0 0 -180
0 180 0 180 0 -0 0 -180 1.69133e-14 15.5883 0 0 0 -0 0 -0 0 180
0 -180 0 0 0 -180 0 -180 0.18766 -0.0575927 0 -180 0 -180 0 0 0 -180
0 180 0 -0 0 180 0 180 1.18802 -57.1033 0 180 0 180 0 -0 0 180
inside=0 lambda=0.647 phi=5 theta=15
0 -180 0 -180 0 -180 0 0 0.183786 -0.0567468 0 0 0 180 0 -180 0 -180
0 180 0 180 0 0 0 -0 1.18413 -57.1026 0 -180 0 180 0 180 0 0
0 -180 0 -0 0 0 0 -180 0.00103789 179.902 0 0 0 0 0 180 0 -180
0 180 0 0 0 -0 0 180 0.00104173 122.696 0 -180 0 -0 0 -180 0 180
0 -180 0 -180 0 0 0 -0 0.00103789 179.902 0 180 0 0 0 0 0 -180
0 180 0 180 0 -0 0 0 0.00104173 122.696 0 -180 0 -0 0 -0 0 180
0 -180 0 0 0 -180 0 -180 0.187382 -0.0575331 0 -180 0 -180 0 0 0 -180
0 180 0 -0 0 180 0 180 1.18774 -57.1033 0 180 0 180 0 -0 0 180
inside=0 lambda=0.647 phi=5 theta=30
0 -180 0 -180 0 -180 0 0 0.184546 -0.0569155 0 0 0 -180 0 -180 0 -180
0 180 0 180 0 180 0 -0 1.1849 -57.1028 0 -180 0 180 0 180 0 180
0 -180 0 -0 0 0 0 -180 0.00179768 179.902 0 0 0 0 0 180 0 -180
0 180 0 0 0 -0 0 180 0.00180433 122.696 0 -180 0 -0 0 -180 0 180
0 -180 0 -180 0 0 0 -0 0.00179768 179.902 0 180 0 0 0 0 0 -180
0 180 0 180 0 -0 0 0 0.00180433 122.696 0 -180 0 -0 0 -0 0 180
0 -180 0 0 0 -180 0 -180 0.186622 -0.0573695 0 -180 0 -180 0 0 0 -180
0 180 0 -0 0 180 0 180 1.18698 -57.1031 0 180 0 180 0 -0 0 180
inside=0 lambda=0.647 phi=5 theta=45
0 -180 0 -180 0 -180 0 0 0.185584 -0.0571438 0 0 0 -180 0 -180 0 -180
0 180 0 180 0 180 0 -0 1.18594 -57.1029 0 -180 0 180 0 180 0 180
0 -180 0 -0 0 0 0 -180 0.00207578 179.902 0 0 0 0 0 180 0 -180
0 180 0 0 0 -0 0 180 0.00208347 122.696 0 -0 0 -0 0 -180 0 180
0 -180 0 -180 0 0 0 -0 0.00207578 179.902 0 180 0 0 0 0 0 -180
0 180 0 180 0 -0 0 0 0.00208347 122.696 0 -180 0 -0 0 -0 0 180
0 -180 0 0 0 -180 0 -180 0.185584 -0.0571438 0 -180 0 -180 0 0 0 -180
0 180 0 -0 0 180 0 180 1.18594 -57.1029 0 180 0 180 0 -180 0 180
inside=0 lambda=0.647 phi=10 theta=0
0 180 0 -180 0 -180 0 0 0.176988 -0.0464059 0 0 0 180 0 -180 0 -180
0 180 0 180 0 0 0 -0 1.17736 -64.553 0 -180 0 180 0 180 0 0
0 180 0 -0 0 0 0 -0 7.19245e-15 -154.694 0 180 0 -0 0 180 0 -180
0 180 0 0 0 -180 0 -0 5.0159e-14 -152.76 0 -180 0 -0 0 -180 0 0
0 -180 0 -180 0 0 0 180 5.16428e-15 -154.7 0 180 0 0 0 0 0 -180
0 180 0 0 0 -0 0 180 3.52552e-14 -152.812 0 -180 0 -0 0 -180 0 180
0 -180 0 0 0 -180 0 -180 0.19407 -0.0497241 0 -180 0 -180 0 0 0 -180
0 180 0 -180 0 180 0 0 1.19451 -64.5559 0 180 0 180 0 -180 0 180
inside=0 lambda=0.647 phi=10 theta=15
0 180 0 -180 0 -180 0 0 0.178132 -0.0466481 0 0 0 180 0 -180 0 -180
0 180 0 180 0 0 0 -0 1.1785 -64.5532 0 -180 0 180 0 180 0 0
0 180 0 -0 0 0 0 -180 0.00427064 179.916 0 0 0 -0 0 180 0 -180
0 180 0 0 0 -180 0 180 0.00428911 115.242 0 -180 0 -0 0 -180 0 0
0 -180 0 -180 0 0 0 -180 0.00427064 179.916 0 180 0 0 0 0 0 -180
0 180 0 180 0 -0 0 0 0.00428911 115.242 0 -180 0 -180 0 -180 0 180
0 -180 0 0 0 -180 0 -180 0.192926 -0.0495202 0 -180 0 -180 0 0 0 -180
0 180 0 -0 0 180 0 0 1.19336 -64.5557 0 180 0 0 0 -180 0 0
inside=0 lambda=0.647 phi=10 theta=30
0 180 0 -180 0 -180 0 0 0.181258 -0.0472941 0 0 0 180 0 -180 0 -180
0 180 0 180 0 0 0 -0 1.18164 -64.5537 0 -180 0 180 0 180 0 0
0 180 0 -0 0 0 0 -180 0.00739696 179.916 0 0 0 -0 0 180 0 -180
0 180 0 0 0 -180 0 180 0.00742896 115.242 0 -180 0 -0 0 -180 0 0
0 -180 0 -180 0 0 0 -0 0.00739696 179.916 0 180 0 0 0 0 0 -180
0 180 0 180 0 -0 0 0 0.00742896 115.242 0 -180 0 -180 0 -180 0 0
0 -180 0 0 0 180 0 -180 0.189799 -0.0489505 0 -180 0 -180 0 0 0 -180
0 180 0 -0 0 180 0 0 1.19022 -64.5552 0 180 0 0 0 -180 0 0
inside=0 lambda=0.647 phi=10 theta=45
0 180 0 -180 0 -180 0 0 0.185529 -0.0481414 0 0 0 180 0 -180 0 -180
0 180 0 180 0 0 0 -0 1.18593 -64.5545 0 -180 0 180 0 180 0 0
0 -180 0 -0 0 0 0 -180 0.00854127 179.916 0 0 0 -0 0 180 0 -180
0 180 0 0 0 -180 0 180 0.00857823 115.242 0 -180 0 -0 0 -180 0 0
0 -180 0 -180 0 -0 0 -0 0.00854127 179.916 0 180 0 0 0 0 0 -180
0 180 0 180 0 -0 0 0 0.00857823 115.242 0 -180 0 -180 0 -180 0 0
0 180 0 0 0 180 0 -180 0.185529 -0.0481414 0 -180 0 -180 0 0 0 -180
0 180 0 -0 0 180 0 180 1.18593 -64.5545 0 180 0 0 0 -180 0 0
inside=0 lambda=0.647 phi=15 theta=0
0 180 0 -180 0 -180 0 -0 0.165228 -0.0237267 0 0 0 180 0 -180 0 -180
0 180 0 180 0 0 0 -0 1.16559 -77.14 0 -180 0 180 0 180 0 0
0 180 0 -0 0 0 0 -0 1.81747e-15 -167.209 0 180 0 -0 0 180 0 -180
0 180 0 0 0 -180 0 -0 1.14767e-14 -164.853 0 180 0 -0 0 -180 0 0
0 -180 0 -180 0 0 0 -0 1.53544e-15 -167.334 0 -0 0 0 0 0 0 -180
0 0 0 0 0 -180 0 -0 9.86046e-15 -164.968 0 -0 0 -180 0 -180 0 0
0 -180 0 0 0 -180 0 -180 0.205605 -0.0284622 0 -180 0 -180 0 0 0 -180
0 0 0 -180 0 0 0 0 1.20617 -77.1473 0 0 0 0 0 -180 0 0
inside=0 lambda=0.647 phi=15 theta=15
0 180 0 -180 0 -180 0 -0 0.167933 -0.0241152 0 0 0 180 0 -180 0 -180
0 180 0 180 0 0 0 -0 1.16831 -77.1405 0 -180 0 180 0 180 0 0
0 180 0 -0 0 0 0 -180 0.0100942 179.952 0 0 0 -0 0 180 0 -180
0 180 0 0 0 -180 0 180 0.0101461 102.643 0 -180 0 -0 0 -180 0 0
0 -180 0 -180 0 0 0 -180 0.0100942 179.952 0 180 0 0 0 0 0 -180
0 180 0 0 0 -0 0 0 0.0101461 102.643 0 -180 0 -180 0 -180 0 0
0 -180 0 0 0 180 0 -180 0.2029 -0.028204 0 -180 0 -180 0 0 0 -180
0 180 0 -180 0 180 0 0 1.20345 -77.1468 0 0 0 0 0 -180 0 0
inside=0 lambda=0.647 phi=15 theta=30
0 180 0 -180 0 -180 0 0 0.175323 -0.0251154 0 0 0 180 0 -180 0 -180
0 180 0 180 0 0 0 -0 1.17574 -77.1419 0 -180 0 180 0 180 0 0
0 180 0 -0 0 0 0 -180 0.0174837 179.952 0 0 0 -0 0 180 0 -180
0 180 0 0 0 -180 0 180 0.0175735 102.643 0 -180 0 -0 0 -180 0 0
0 -180 0 -180 0 -0 0 -180 0.0174837 179.952 0 180 0 0 0 0 0 -180
0 180 0 0 0 -0 0 0 0.0175735 102.643 0 -180 0 -180 0 -180 0 0
0 180 0 0 0 180 0 -180 0.195511 -0.027462 0 -180 0 -180 0 0 0 -180
0 180 0 -0 0 180 0 0 1.19603 -77.1455 0 0 0 0 0 -180 0 0
inside=0 lambda=0.647 phi=15 theta=45
0 180 0 -180 0 -180 0 0 0.185417 -0.0263527 0 0 0 180 0 -180 0 -180
0 180 0 0 0 0 0 -0 1.18588 -77.1437 0 -180 0 180 0 180 0 0
0 180 0 -180 0 0 0 -180 0.0201884 179.952 0 0 0 -0 0 180 0 -180
0 180 0 0 0 -180 0 180 0.0202922 102.643 0 -180 0 -0 0 -180 0 0
0 180 0 -180 0 -0 0 -180 0.0201884 179.952 0 180 0 0 0 0 0 -180
0 180 0 180 0 -0 0 0 0.0202922 102.643 0 -180 0 -180 0 -180 0 0
0 180 0 0 0 180 0 -180 0.185417 -0.0263527 0 -180 0 -180 0 0 0 -180
0 180 0 -0 0 180 0 0 1.18588 -77.1437 0 180 0 0 0 -180 0 0
inside=0 lambda=0.647 phi=20 theta=0
0 180 0 180 0 -180 0 -0 0.146549 0.00787624 0 0 0 180 0 180 0 -180
0 180 0 180 0 0 0 -0 1.14681 -95.1779 0 -180 0 180 0 180 0 0
0 180 0 -0 0 0 0 180 9.47791e-16 -4.98943 0 0 0 -0 0 180 0 -180
0 180 0 -0 0 -180 0 180 5.68799e-15 -2.48343 0 -0 0 -0 0 180 0 0
0 -180 0 -180 0 0 0 180 1.01121e-15 -4.75446 0 180 0 0 0 0 0 -180
0 0 0 0 0 -180 0 180 5.08491e-15 -4.10607 0 180 0 -180 0 -180 0 0
0 -180 0 0 0 -180 0 -180 0.223858 0.0126285 0 -180 0 -180 0 0 0 -180
0 0 0 -180 0 0 0 0 1.22455 -95.1931 0 0 0 0 0 -180 0 0
inside=0 lambda=0.647 phi=20 theta=15
0 180 0 -180 0 -180 0 -0 0.151728 0.00834494 0 0 0 180 0 180 0 -180
0 180 0 180 0 0 0 -0 1.15202 -95.179 0 -180 0 180 0 180 0 0
0 180 0 -0 0 0 0 -180 0.0193273 -179.978 0 0 0 -0 0 180 0 -180
0 180 0 -0 0 -180 0 0 0.0194343 84.5823 0 -180 0 -0 0 180 0 0
0 -180 0 -180 0 -0 0 -180 0.0193273 -179.978 0 180 0 0 0 0 0 -180
0 0 0 0 0 -180 0 -0 0.0194343 84.5824 0 180 0 -180 0 -180 0 0
0 -180 0 0 0 180 0 -180 0.218679 0.0124145 0 -180 0 -180 0 0 0 -180
0 0 0 -180 0 180 0 0 1.21934 -95.1922 0 0 0 0 0 -180 0 0
inside=0 lambda=0.647 phi=20 theta=30
0 180 0 -180 0 -180 0 -0 0.165876 0.00947702 0 0 0 180 0 180 0 -180
0 180 0 0 0 0 0 -0 1.16624 -95.1819 0 -180 0 180 0 180 0 0
0 180 0 -180 0 0 0 -180 0.0334758 -179.978 0 0 0 -0 0 180 0 -180
0 180 0 -0 0 -180 0 0 0.0336612 84.5823 0 -180 0 -0 0 180 0 0
0 180 0 -180 0 -0 0 -180 0.0334758 -179.978 0 180 0 0 0 0 0 -180
0 0 0 0 0 -0 0 -0 0.0336612 84.5824 0 180 0 -180 0 -180 0 0
0 180 0 0 0 180 0 -180 0.204531 0.0117751 0 -180 0 -180 0 0 0 -180
0 180 0 -180 0 180 0 0 1.20511 -95.1895 0 0 0 0 0 -180 0 0
inside=0 lambda=0.647 phi=20 theta=45
0 180 0 -180 0 -180 0 -0 0.185204 0.0107453 0 0 0 180 0 -180 0 -180
0 180 0 0 0 0 0 -180 1.18568 -95.1858 0 -180 0 180 0 180 0 0
0 180 0 -180 0 0 0 -180 0.0386546 -179.978 0 0 0 -0 0 180 0 -180
0 180 0 -0 0 -180 0 0 0.0388686 84.5824 0 -180 0 -0 0 180 0 0
0 180 0 -180 0 -0 0 -180 0.0386546 -179.978 0 180 0 0 0 0 0 -180
0 180 0 0 0 -0 0 -0 0.0388686 84.5824 0 180 0 -180 0 -180 0 0
0 180 0 -0 0 180 0 -180 0.185204 0.0107453 0 -180 0 -180 0 0 0 -180
0 180 0 -180 0 180 0 0 1.18568 -95.1858 0 180 0 0 0 -180 0 0
inside=0 lambda=0.647 phi=25 theta=0
0 180 0 180 0 -180 0 -0 0.117561 0.0135697 0 0 0 180 0 180 0 -180
0 180 0 180 0 -0 0 -180 1.11762 -119.267 0 180 0 180 0 180 0 -0
0 180 0 -0 0 0 0 180 8.15314e-16 150.761 0 -0 0 -0 0 180 0 -180
0 180 0 -0 0 180 0 180 5.41102e-15 153.287 0 -0 0 -0 0 180 0 -0
0 -180 0 -180 0 0 0 180 7.65851e-16 151.015 0 -0 0 0 0 0 0 -180
0 0 0 0 0 -180 0 180 4.18366e-15 152.726 0 -0 0 -180 0 -180 0 0
0 -180 0 0 0 -180 0 -180 0.251894 0.062764 0 -180 0 -180 0 0 0 -180
0 0 0 -180 0 0 0 0 1.25255 -119.296 0 0 0 0 0 -180 0 0
inside=0 lambda=0.647 phi=25 theta=15
0 180 0 180 0 -180 0 -0 0.12656 0.0201234 0 0 0 180 0 180 0 -180
0 180 0 180 0 -0 0 -180 1.12666 -119.269 0 180 0 180 0 180 0 -0
0 180 0 -0 0 0 0 -180 0.0335832 -179.894 0 0 0 -0 0 180 0 -180
0 180 0 -0 0 180 0 0 0.0337331 60.4652 0 -180 0 -0 0 180 0 -0
0 -180 0 -180 0 -0 0 -180 0.0335832 -179.894 0 180 0 0 0 0 0 -180
0 0 0 0 0 -180 0 -0 0.0337331 60.4654 0 180 0 -180 0 -180 0 0
0 180 0 0 0 180 0 -180 0.242895 0.0611667 0 -180 0 -180 0 0 0 -180
0 0 0 -180 0 0 0 0 1.24351 -119.294 0 0 0 0 0 -180 0 0
inside=0 lambda=0.647 phi=25 theta=30
0 180 0 -180 0 -180 0 -0 0.151144 0.0340548 0 0 0 180 0 180 0 -180
0 180 0 0 0 -0 0 -180 1.15135 -119.275 0 180 0 180 0 180 0 -0
0 180 0 -180 0 0 0 -180 0.0581678 -179.894 0 0 0 -0 0 180 0 -180
0 180 0 -0 0 -180 0 0 0.0584274 60.4653 0 -180 0 -0 0 180 0 -0
0 180 0 -180 0 -0 0 -180 0.0581678 -179.894 0 180 0 0 0 0 0 -180
0 0 0 0 0 -180 0 -0 0.0584274 60.4654 0 180 0 -180 0 -180 0 0
0 180 0 -0 0 180 0 -180 0.218311 0.0561338 0 -180 0 -180 0 0 0 -180
0 0 0 -180 0 180 0 0 1.21882 -119.289 0 0 0 0 0 -180 0 0
inside=0 lambda=0.647 phi=25 theta=45
0 180 0 -180 0 -180 0 -0 0.184728 0.0470988 0 0 0 180 0 180 0 -180
0 180 0 0 0 0 0 -180 1.18508 -119.282 0 -180 0 180 0 0 0 -0
0 180 0 -180 0 0 0 -180 0.0671664 -179.894 0 0 0 -0 0 180 0 -180
0 0 0 -0 0 -180 0 0 0.0674662 60.4653 0 -180 0 -0 0 180 0 0
0 180 0 -180 0 -0 0 -180 0.0671664 -179.894 0 180 0 0 0 0 0 -180
0 0 0 0 0 -0 0 -0 0.0674662 60.4653 0 180 0 -180 0 -180 0 0
0 180 0 -0 0 180 0 -180 0.184728 0.0470988 0 180 0 -180 0 0 0 -180
0 180 0 -180 0 180 0 0 1.18508 -119.282 0 0 0 0 0 -180 0 -0
inside=0 lambda=0.647 phi=30 theta=0
0 180 0 180 0 -180 0.000229856 -112.311 0.0709274 -0.0772067 0 0 0 180 0 180 0 -180
0 180 0 0 0 -0 0 -180 1.07087 -150.609 0 180 0 180 0 0 0 -0
0 180 0 -0 0 0 2.22394e-16 140.386 6.86641e-17 -103.847 0 -0 0 -0 0 180 0 -180
0 0 0 -0 0 180 0 180 1.14687e-16 -27.8042 0 -180 0 -180 0 180 0 -0
0 -180 0 -180 0 0 1.09308e-15 -119.091 6.72987e-16 109.176 0 -0 0 0 0 0 0 -180
0 0 0 0 0 -180 0 -0 5.85167e-15 110.258 0 -0 0 -180 0 -180 0 0
0 -180 0 0 0 -180 0.000854452 -130.551 0.295793 0.0693783 0 -180 0 -180 0 0 0 -180
0 0 0 -180 0 0 0 -0 1.29608 -150.656 0 0 0 0 0 -180 0 0
inside=0 lambda=0.647 phi=30 theta=15
0 180 0 180 0 -180 0 -0 0.0859906 -0.0435186 0 0 0 180 0 180 0 -180
0 0 0 0 0 -0 0 -180 1.08596 -150.613 0 180 0 0 0 0 0 -0
0 180 0 -0 0 0 0 -180 0.0562165 -179.884 0 0 0 -0 0 180 0 -180
0 0 0 -0 0 180 0 0 0.0563029 29.1203 0 180 0 -180 0 180 0 -0
0 180 0 -180 0 -0 0 -180 0.0562165 -179.884 0 180 0 0 0 0 0 -180
0 0 0 0 0 -180 0 -0 0.0563028 29.1206 0 180 0 180 0 180 0 -0
0 180 0 -0 0 180 0 -180 0.28073 0.0669069 0 -180 0 -180 0 0 0 -180
0 0 0 -180 0 0 0 0 1.28099 -150.653 0 0 0 -0 0 180 0 -0
inside=0 lambda=0.647 phi=30 theta=30
0 180 0 180 0 -180 0 -0 0.127144 0.00797321 0 0 0 180 0 180 0 -180
0 0 0 0 0 -0 0 -180 1.12717 -150.622 0 180 0 0 0 0 0 -0
0 180 0 -180 0 0 0 180 0.0973699 -179.884 0 0 0 -0 0 180 0 -180
0 0 0 -0 0 180 0 0 0.0975194 29.1205 0 180 0 -180 0 180 0 -0
0 180 0 180 0 -0 0 -180 0.0973699 -179.884 0 180 0 0 0 0 0 -180
0 0 0 0 0 -180 0 -0 0.0975193 29.1206 0 180 0 180 0 180 0 -0
0 180 0 -0 0 180 0 -180 0.239577 0.0585218 0 180 0 -180 0 0 0 -180
0 0 0 -180 0 0 0 0 1.23978 -150.646 0 0 0 -0 0 180 0 -0
inside=0 lambda=0.647 phi=30 theta=45
0 180 0 -180 0 -180 0 -0 0.18336 0.0409914 0 0 0 180 0 180 0 -180
0 0 0 0 0 -0 0 -180 1.18347 -150.635 0 180 0 0 0 0 0 -0
0 180 0 -180 0 0 0 180 0.112433 -179.884 0 0 0 -0 0 180 0 -180
0 0 0 -0 0 180 0 0 0.112606 29.1206 0 180 0 -180 0 180 0 -0
0 180 0 180 0 -0 0 -180 0.112433 -179.884 0 180 0 0 0 0 0 -180
0 0 0 0 0 -180 0 -0 0.112606 29.1206 0 180 0 180 0 180 0 -0
0 180 0 -0 0 180 0 -180 0.18336 0.0409914 0 180 0 -180 0 0 0 -180
0 0 0 -180 0 0 0 0 1.18347 -150.635 0 0 0 -0 0 180 0 -0
inside=0 lambda=0.647 phi=35 theta=0
0 180 0 180 0 -180 0.000774374 -111.619 0.011509 178.934 0 0 0 180 0 180 0 -180
0 0 0 0 0 -180 0 -180 0.988446 168.034 0 180 0 0 0 0 0 -180
0 180 0 -0 0 0 6.87854e-16 -21.5231 4.04574e-17 85.6982 0 180 0 -0 0 180 0 -180
0 0 0 -180 0 180 0 -180 1.00782e-15 -101.93 0 0 0 -180 0 0 0 -0
0 -180 0 -180 0 0 1.04146e-14 -128.537 5.88492e-16 76.945 0 180 0 0 0 0 0 -180
0 -0 0 -0 0 180 0 -180 6.20716e-15 -102.761 0 0 0 180 0 180 0 -0
0 -180 0 0 0 -180 0.00108854 -112.415 0.369298 -0.0374833 0 -180 0 -180 0 0 0 -180
0 -0 0 180 0 -0 0 -0 1.36938 167.974 0 -0 0 -0 0 180 0 -0
inside=0 lambda=0.647 phi=35 theta=15
0 180 0 180 0 -180 0.000573647 -116.06 0.0140033 0.750086 0 0 0 180 0 180 0 -180
0 0 0 0 0 -0 0 -180 1.01396 168.029 0 180 0 0 0 0 0 -180
0 180 0 -180 0 0 4.15795e-05 69.9354 0.0952014 179.932 0 0 0 -0 0 180 0 -180
0 0 0 -180 0 180 0 0 0.0952343 -12.1819 0 180 0 -180 0 0 0 -0
0 180 0 180 0 -0 0.000294411 -138.555 0.0952014 179.932 0 180 0 0 0 0 0 -180
0 -0 0 -0 0 -180 0 -180 0.095234 -12.1814 0 0 0 180 0 180 0 -0
0 180 0 -0 0 180 0.000951762 -120.496 0.343789 -0.0351484 0 -180 0 -180 0 0 0 -180
0 0 0 180 0 0 0 -0 1.34386 167.977 0 -0 0 -0 0 180 0 -0
inside=0 lambda=0.647 phi=35 theta=30
0 180 0 180 0 -180 0 -0 0.0836943 0.0681876 0 0 0 180 0 180 0 -180
0 0 0 0 0 -0 0 -180 1.08368 168.015 0 180 0 0 0 0 0 -180
0 180 0 -180 0 0 0 180 0.164894 179.932 0 0 0 -0 0 180 0 -180
0 0 0 -180 0 180 0 0 0.16495 -12.1817 0 180 0 -180 0 0 0 -0
0 180 0 180 0 -0 0 -180 0.164894 179.932 0 180 0 0 0 0 0 -180
0 0 0 0 0 -180 0 -180 0.16495 -12.1814 0 0 0 180 0 180 0 -0
0 180 0 -0 0 180 0 -180 0.274097 -0.0266475 0 180 0 -180 0 0 0 -180
0 0 0 -180 0 0 0 -0 1.27415 167.986 0 0 0 -0 0 180 0 -0
inside=0 lambda=0.647 phi=35 theta=45
0 180 0 180 0 -180 0 -0 0.178896 -0.00447006 0 0 0 180 0 180 0 -180
0 0 0 0 0 -0 0 -180 1.17891 167.999 0 180 0 0 0 0 0 -0
0 180 0 -180 0 0 0 180 0.190403 179.932 0 0 0 -0 0 180 0 -180
0 0 0 -180 0 180 0 0 0.190468 -12.1815 0 180 0 -180 0 0 0 -0
0 180 0 180 0 -0 0 -180 0.190403 179.932 0 180 0 0 0 0 0 -180
0 0 0 0 0 -180 0 -180 0.190468 -12.1815 0 0 0 180 0 180 0 -0
0 180 0 -0 0 180 0 180 0.178896 -0.00447006 0 180 0 -180 0 0 0 -180
0 0 0 -180 0 0 0 0 1.17891 167.999 0 0 0 -0 0 180 0 -0
inside=0 lambda=0.647 phi=40 theta=0
0 180 0 180 0 -180 0.00190193 -117.245 0.195824 179.689 0 0 0 180 0 180 0 -180
0 0 0 0 0 -180 0 180 0.801383 107.714 0 0 0 0 0 0 0 -180
0 180 0 -0 0 0 1.21333e-13 -15.7845 3.34942e-14 -162.182 0 -0 0 -0 0 180 0 -180
0 0 0 -180 0 0 0 180 1.31806e-13 32.9861 0 -180 0 -180 0 0 0 -180
0 -180 0 -180 0 0 3.31559e-13 -126.249 1.23919e-14 -161.249 0 -0 0 0 0 0 0 -180
0 -0 0 -0 0 180 0 180 2.33202e-14 13.4949 0 -180 0 180 0 180 0 -0
0 -180 0 0 0 -180 0.00157438 -105.919 0.518914 -0.0797931 0 -180 0 -180 0 0 0 -180
0 -0 0 180 0 -0 0 -180 1.52367 107.602 0 -0 0 -0 0 180 0 -0
inside=0 lambda=0.647 phi=40 theta=15
0 180 0 180 0 -180 0.00139364 -123.127 0.147947 179.635 0 0 0 180 0 180 0 -180
0 0 0 0 0 -180 0 180 0.849767 107.701 0 0 0 0 0 0 0 -180
0 180 0 -180 0 0 0.000282265 57.2779 0.178686 179.857 0 0 0 -0 0 180 0 -180
0 -0 0 -180 0 0 0 -0 0.180572 -72.5234 0 0 0 180 0 0 0 -180
0 180 0 180 0 -0 0.000606322 -139.033 0.178685 179.857 0 180 0 0 0 0 0 -180
0 -0 0 -0 0 180 0 -180 0.180572 -72.5227 0 0 0 0 0 0 0 -180
0 180 0 -0 0 180 0.00123567 -113.033 0.471037 -0.0733075 0 180 0 -180 0 0 0 -180
0 -0 0 180 0 -0 0 -0 1.47528 107.606 0 -0 0 -180 0 0 0 -180
inside=0 lambda=0.647 phi=40 theta=30
0 180 0 180 0 -180 0.000404875 -137.031 0.0171504 177.946 0 0 0 180 0 180 0 -180
0 0 0 0 0 -180 0 180 0.981954 107.671 0 0 0 -0 0 -0 0 -180
0 180 0 -180 0 0 0.00011648 44.6374 0.309494 179.857 0 0 0 -0 0 180 0 -180
0 -0 0 -180 0 0 0 -0 0.312759 -72.5231 0 0 0 180 0 0 0 -180
0 180 0 180 0 -0 0.000505682 -156.982 0.309494 179.857 0 180 0 0 0 0 0 -180
0 -0 0 -0 0 180 0 -180 0.312759 -72.5228 0 0 0 0 0 0 0 -180
0 180 0 -0 0 180 0.000756027 -141.737 0.340231 -0.0465144 0 180 0 -180 0 0 0 -180
0 -0 0 180 0 -0 0 -0 1.3431 107.619 0 -0 0 -180 0 0 0 -180
inside=0 lambda=0.647 phi=40 theta=45
0 180 0 180 0 -180 0 -0 0.161545 0.0599852 0 0 0 180 0 180 0 -180
0 0 0 -0 0 -180 0 180 1.16252 107.641 0 0 0 -0 0 -0 0 -180
0 180 0 -180 0 0 0 180 0.357373 179.857 0 0 0 -0 0 180 0 -180
0 -0 0 -180 0 0 0 -0 0.361143 -72.5229 0 0 0 180 0 0 0 -180
0 180 0 180 0 -0 0 -180 0.357373 179.857 0 180 0 0 0 0 0 -180
0 -0 0 -0 0 180 0 -180 0.361143 -72.5229 0 0 0 0 0 0 0 -180
0 180 0 -0 0 180 0 180 0.161545 0.0599852 0 180 0 -180 0 0 0 -180
0 0 0 180 0 -0 0 -0 1.16252 107.641 0 -0 0 -180 0 0 0 -180
inside=0 lambda=0.647 phi=45 theta=0
0 0 0 0 0 -180 0.00387134 -166.642 0.999992 126.587 0 0 0 0 0 0 0 -180
0 -180 0 -180 0 0 0 0 0 0 0 -180 0 -180 0 -180 0 0
0 0 0 -180 0 0 2.35979e-15 132.125 2.16525e-15 140.44 0 -0 0 -180 0 0 0 -180
0 -180 0 0 0 -180 0 -180 0 -180 0 0 0 0 0 -180 0 0
0 180 0 180 0 -0 4.07959e-13 172.185 3.09468e-12 138.129 0 180 0 -0 0 -0 0 180
0 180 0 180 0 -0 0 0 0 0 0 -0 0 -0 0 -0 0 180
0 180 0 -0 0 180 0.00201848 -132.692 0.999998 -26.7706 0 180 0 180 0 -0 0 180
0 180 0 -0 0 180 0 180 0 -0 0 180 0 180 0 -0 0 180
inside=0 lambda=0.647 phi=45 theta=15
0 0 0 0 0 -180 0.00255814 -173.148 0.87365 124.616 0 0 0 0 0 0 0 -180
0 -180 0 -180 0 0 0 0 0 0 0 -180 0 -180 0 -180 0 0
0 0 0 -180 0 0 0.00106218 -0.582622 0.486546 139.908 0 0 0 -180 0 0 0 -180
0 -180 0 0 0 -180 0 -180 0 180 0 -180 0 0 0 -180 0 0
0 180 0 180 0 -0 0.00104892 -178.576 0.486546 139.908 0 0 0 0 0 0 0 -180
0 -180 0 -180 0 0 0 180 0 180 0 -180 0 -0 0 -0 0 180
0 180 0 -0 0 180 0.00137858 -130.939 0.873653 -24.8003 0 180 0 -180 0 0 0 -180
0 -180 0 0 0 -180 0 -180 0 -0 0 -180 0 180 0 -0 0 180
inside=0 lambda=0.647 phi=45 theta=30
0 0 0 0 0 -180 0.000788662 -177.617 0.538345 114.567 0 0 0 0 0 0 0 -180
0 -180 0 -180 0 0 0 0 0 0 0 -180 0 -180 0 -180 0 0
0 0 0 -180 0 0 0.000829483 -23.1439 0.842723 139.908 0 0 0 -180 0 0 0 -180
0 -180 0 0 0 -180 0 -180 0 180 0 -180 0 0 0 -180 0 0
0 180 0 180 0 -0 0.000820677 168.494 0.842723 139.908 0 0 0 0 0 0 0 -180
0 -180 0 -180 0 0 0 0 0 180 0 -180 0 -0 0 -0 0 0
0 0 0 -0 0 0 0.000666368 -127.186 0.538346 -14.7515 0 180 0 -180 0 0 0 -180
0 -180 0 0 0 -180 0 -180 0 -0 0 -180 0 180 0 -180 0 0
inside=0 lambda=0.647 phi=45 theta=45
0 0 0 0 0 -180 0 -180 0.230413 49.9078 0 0 0 0 0 0 0 -180
0 -180 0 -180 0 0 0 0 0 0 0 -180 0 -180 0 -180 0 0
0 0 0 -180 0 0 0 0 0.973093 139.908 0 0 0 -180 0 0 0 -180
0 -180 0 0 0 -180 0 -180 0 180 0 -180 0 0 0 -180 0 0
0 0 0 0 0 -180 0 -180 0.973093 139.908 0 0 0 0 0 0 0 -180
0 -180 0 -180 0 0 0 0 0 180 0 -180 0 -180 0 -180 0 0
0 0 0 -180 0 0 0 0 0.230413 49.9078 0 0 0 -180 0 0 0 -180
0 -180 0 0 0 -180 0 -180 0 0 0 -180 0 0 0 -180 0 0
inside=1 lambda=0.647 phi=0 theta=0
0 -180 0 -180 0 -180 0 0 0.1856 70.79 0 0 0 -180 0 -180 0 -180
0 180 0 0 0 180 0 -180 0.814171 -54.6346 0 -180 0 180 0 0 0 180
0 -180 0 180 0 0 0 180 1.92501e-14 137.383 0 180 0 0 0 -0 0 -180
0 180 0 -180 0 -0 0 -180 5.06503e-14 36.7 0 -180 0 -0 0 0 0 180
0 -180 0 180 0 0 0 -0 1.85502e-14 137.483 0 180 0 0 0 -0 0 -180
0 180 0 -180 0 -0 0 0 4.87507e-14 36.675 0 -180 0 -0 0 0 0 180
0 -180 0 0 0 -180 0 -180 0.1856 70.79 0 -180 0 -180 0 0 0 -180
0 180 0 -180 0 180 0 0 0.814171 -54.6346 0 0 0 180 0 -180 0 180
inside=1 lambda=0.647 phi=0 theta=15
0 -180 0 -180 0 -180 0 0 0.1856 70.79 0 0 0 -180 0 -180 0 -180
0 180 0 0 0 180 0 -180 0.814171 -54.6346 0 -180 0 180 0 0 0 180
0 -180 0 180 0 0 0 180 1.92501e-14 137.383 0 180 0 0 0 -0 0 -180
0 180 0 -180 0 -0 0 -180 5.06503e-14 36.7 0 -180 0 -0 0 0 0 180
0 -180 0 180 0 0 0 -0 1.85502e-14 137.483 0 180 0 0 0 -0 0 -180
0 180 0 -180 0 -0 0 0 4.87507e-14 36.675 0 -180 0 -0 0 0 0 180
0 -180 0 0 0 -180 0 -180 0.1856 70.79 0 -180 0 -180 0 0 0 -180
0 180 0 -180 0 180 0 0 0.814171 -54.6346 0 0 0 180 0 -180 0 180
inside=1 lambda=0.647 phi=0 theta=30
0 -180 0 -180 0 -180 0 0 0.1856 70.79 0 0 0 -180 0 -180 0 -180
0 180 0 0 0 180 0 -180 0.814171 -54.6346 0 -180 0 180 0 0 0 180
0 -180 0 180 0 0 0 180 1.92501e-14 137.383 0 180 0 0 0 -0 0 -180
0 180 0 -180 0 -0 0 -180 5.06503e-14 36.7 0 -180 0 -0 0 0 0 180
0 -180 0 180 0 0 0 -0 1.85502e-14 137.483 0 180 0 0 0 -0 0 -180
0 180 0 -180 0 -0 0 0 4.87507e-14 36.675 0 -180 0 -0 0 0 0 180
0 -180 0 0 0 -180 0 -180 0.1856 70.79 0 -180 0 -180 0 0 0 -180
0 180 0 -180 0 180 0 0 0.814171 -54.6346 0 0 0 180 0 -180 0 180
inside=1 lambda=0.647 phi=0 theta=45
0 -180 0 -180 0 -180 0 0 0.1856 70.79 0 0 0 -180 0 -180 0 -180
0 180 0 0 0 180 0 -180 0.814171 -54.6346 0 -180 0 180 0 0 0 180
0 -180 0 180 0 0 0 180 1.92501e-14 137.383 0 180 0 0 0 -0 0 -180
0 180 0 -180 0 -0 0 -180 5.06503e-14 36.7 0 -180 0 -0 0 0 0 180
0 -180 0 180 0 0 0 -0 1.85502e-14 137.483 0 180 0 0 0 -0 0 -180
0 180 0 -180 0 -0 0 0 4.87507e-14 36.675 0 -180 0 -0 0 0 0 180
0 -180 0 0 0 -180 0 -180 0.1856 70.79 0 -180 0 -180 0 0 0 -180
0 180 0 -180 0 180 0 0 0.814171 -54.6346 0 0 0 180 0 -180 0 180
inside=1 lambda=0.647 phi=5 theta=0
0 -180 0 -180 0 -180 0 0 0.18462 68.4675 0 0 0 -180 0 -180 0 -180
0 180 0 0 0 0 0 -0 0.815146 -55.7953 0 -180 0 180 0 0 0 0
0 -180 0 -180 0 0 0 180 2.48235e-15 134.256 0 -0 0 0 0 0 0 -180
0 180 0 0 0 -180 0 -180 6.46738e-15 35.2297 0 0 0 -0 0 -180 0 0
0 -180 0 -180 0 0 0 -0 3.89907e-14 134.533 0 180 0 0 0 0 0 -180
0 180 0 0 0 -0 0 0 1.01808e-13 35.5495 0 -180 0 -0 0 -180 0 180
0 -180 0 0 0 -180 0 -180 0.186565 68.4673 0 -180 0 -180 0 0 0 -180
0 180 0 -180 0 180 0 0 0.813198 -55.7957 0 0 0 180 0 -180 0 180
inside=1 lambda=0.647 phi=5 theta=15
0 -180 0 -180 0 -180 0 0 0.184751 68.4675 0 0 0 -180 0 -180 0 -180
0 180 0 0 0 0 0 -0 0.815016 -55.7953 0 -180 0 180 0 0 0 0
0 -180 0 -180 0 0 0 -180 0.000486126 -111.555 0 0 0 0 0 0 0 -180
0 180 0 0 0 -180 0 180 0.000487086 -55.6574 0 -180 0 -0 0 -180 0 0
0 -180 0 -180 0 0 0 -180 0.000486126 -111.555 0 0 0 0 0 0 0 -180
0 180 0 0 0 -0 0 0 0.000487086 -55.6574 0 -180 0 -0 0 -180 0 180
0 -180 0 0 0 -180 0 -180 0.186435 68.4673 0 -180 0 -180 0 0 0 -180
0 180 0 -180 0 180 0 0 0.813328 -55.7956 0 0 0 180 0 -180 0 180
inside=1 lambda=0.647 phi=5 theta=30
0 -180 0 -180 0 -180 0 0 0.185107 68.4674 0 0 0 -180 0 -180 0 -180
0 180 0 0 0 0 0 -0 0.814659 -55.7954 0 -180 0 180 0 0 0 0
0 -180 0 -180 0 0 0 -180 0.000841996 -111.555 0 0 0 0 0 0 0 -180
0 180 0 0 0 -180 0 180 0.000843658 -55.6574 0 -180 0 -0 0 -180 0 0
0 -180 0 -180 0 0 0 -180 0.000841996 -111.555 0 0 0 0 0 0 0 -180
0 180 0 180 0 -0 0 0 0.000843658 -55.6574 0 -180 0 -0 0 -180 0 180
0 -180 0 0 0 -180 0 -180 0.186079 68.4673 0 -180 0 -180 0 0 0 -180
0 180 0 -0 0 180 0 0 0.813685 -55.7956 0 0 0 0 0 -180 0 180
inside=1 lambda=0.647 phi=5 theta=45
0 -180 0 -180 0 -180 0 0 0.185593 68.4674 0 0 0 -180 0 -180 0 -180
0 180 0 0 0 0 0 -0 0.814172 -55.7955 0 -180 0 180 0 0 0 0
0 -180 0 -180 0 0 0 -180 0.000972253 -111.555 0 0 0 0 0 0 0 -180
0 180 0 0 0 -0 0 180 0.000974172 -55.6574 0 -180 0 -0 0 -180 0 180
0 -180 0 -180 0 0 0 -180 0.000972253 -111.555 0 0 0 0 0 0 0 -180
0 180 0 180 0 -0 0 0 0.000974172 -55.6574 0 -180 0 -0 0 -180 0 180
0 -180 0 0 0 -180 0 -180 0.185593 68.4674 0 -180 0 -180 0 0 0 -180
0 180 0 -0 0 180 0 0 0.814172 -55.7955 0 0 0 0 0 -180 0 0
inside=1 lambda=0.647 phi=10 theta=0
0 -180 0 -180 0 -180 0 0 0.181645 61.517 0 0 0 -180 0 -180 0 -180
0 180 0 0 0 0 0 -0 0.818111 -59.2685 0 -180 0 180 0 0 0 0
0 -180 0 -180 0 0 0 180 5.28443e-16 -53.6979 0 180 0 0 0 0 0 -180
0 180 0 0 0 -180 0 -180 1.32688e-15 -147.268 0 -180 0 -0 0 -180 0 0
0 -180 0 -180 0 0 0 180 3.63619e-16 125.561 0 -0 0 0 0 0 0 -180
0 180 0 0 0 -0 0 -180 9.10865e-16 28.0726 0 0 0 -0 0 -180 0 180
0 -180 0 0 0 -180 0 -180 0.189493 61.516 0 -180 0 -180 0 0 0 -180
0 180 0 -180 0 180 0 0 0.810245 -59.2699 0 0 0 180 0 -180 0 180
inside=1 lambda=0.647 phi=10 theta=15
0 -180 0 -180 0 -180 0 0 0.18217 61.5169 0 0 0 -180 0 -180 0 -180
0 180 0 0 0 0 0 -0 0.817584 -59.2686 0 -180 0 180 0 0 0 0
0 -180 0 -180 0 0 0 -180 0.00196208 -118.507 0 0 0 0 0 0 0 -180
0 180 0 0 0 -180 0 180 0.00196629 -59.1306 0 -180 0 -0 0 -180 0 0
0 -180 0 -180 0 0 0 -180 0.00196208 -118.507 0 0 0 0 0 0 0 -180
0 180 0 0 0 -0 0 0 0.00196629 -59.1306 0 -180 0 -180 0 -180 0 0
0 -180 0 0 0 -180 0 -180 0.188967 61.5161 0 -180 0 -180 0 0 0 -180
0 180 0 -180 0 180 0 0 0.810772 -59.2698 0 0 0 0 0 -180 0 0
inside=1 lambda=0.647 phi=10 theta=30
0 -180 0 -180 0 -180 0 0 0.183607 61.5167 0 0 0 -180 0 -180 0 -180
0 180 0 0 0 0 0 -0 0.816144 -59.2688 0 -180 0 180 0 0 0 0
0 -180 0 -180 0 0 0 -180 0.00339842 -118.507 0 0 0 0 0 0 0 -180
0 180 0 0 0 -180 0 180 0.00340572 -59.1306 0 -180 0 -0 0 -180 0 0
0 -180 0 -180 0 0 0 -180 0.00339842 -118.507 0 0 0 0 0 0 0 -180
0 180 0 0 0 -0 0 0 0.00340572 -59.1306 0 -180 0 -180 0 -180 0 0
0 -180 0 0 0 -180 0 -180 0.187531 61.5162 0 -180 0 -180 0 0 0 -180
0 180 0 -0 0 180 0 0 0.812212 -59.2695 0 0 0 0 0 -180 0 0
inside=1 lambda=0.647 phi=10 theta=45
0 -180 0 -180 0 -180 0 0 0.185569 61.5165 0 0 0 -180 0 -180 0 -180
0 180 0 0 0 0 0 -0 0.814178 -59.2692 0 -180 0 180 0 0 0 0
0 -180 0 -180 0 0 0 -180 0.00392416 -118.507 0 0 0 0 0 0 0 -180
0 180 0 0 0 -180 0 180 0.00393259 -59.1306 0 -180 0 -0 0 -180 0 0
0 -180 0 -180 0 0 0 -180 0.00392416 -118.507 0 0 0 0 0 0 0 -180
0 180 0 180 0 -0 0 0 0.00393259 -59.1306 0 -180 0 -180 0 -180 0 0
0 -180 0 0 0 -180 0 -180 0.185569 61.5165 0 -180 0 -180 0 0 0 -180
0 180 0 -0 0 180 0 0 0.814178 -59.2692 0 0 0 0 0 -180 0 0
inside=1 lambda=0.647 phi=15 theta=0
0 180 0 -180 0 -180 0 0 0.176561 49.9902 0 0 0 180 0 -180 0 -180
0 180 0 0 0 0 0 -0 0.823181 -65.0277 0 -180 0 180 0 0 0 0
0 -180 0 -0 0 0 0 -0 2.27953e-15 -67.7894 0 0 0 0 0 180 0 -180
0 180 0 0 0 -180 0 0 5.44834e-15 -153.375 0 0 0 -0 0 -180 0 0
0 -180 0 -180 0 0 0 180 2.11662e-15 -67.9915 0 -0 0 0 0 0 0 -180
0 0 0 0 0 -0 0 -180 5.17345e-15 -152.678 0 0 0 -180 0 -180 0 180
0 -180 0 0 0 -180 0 -180 0.194489 49.9875 0 -180 0 -180 0 0 0 -180
0 0 0 -180 0 180 0 0 0.80521 -65.0308 0 0 0 0 0 -180 0 180
inside=1 lambda=0.647 phi=15 theta=15
0 180 0 -180 0 -180 0 0 0.177762 49.99 0 0 0 180 0 -180 0 -180
0 180 0 0 0 0 0 -0 0.821977 -65.0279 0 -180 0 180 0 0 0 0
0 -180 0 -180 0 0 0 -180 0.00448184 -130.04 0 0 0 0 0 180 0 -180
0 180 0 0 0 -180 0 180 0.00449266 -64.8889 0 -180 0 -0 0 -180 0 0
0 -180 0 -180 0 0 0 -180 0.00448184 -130.04 0 180 0 0 0 0 0 -180
0 180 0 0 0 -0 0 0 0.00449266 -64.889 0 -180 0 -180 0 -180 0 0
0 -180 0 0 0 -180 0 -180 0.193288 49.9877 0 -180 0 -180 0 0 0 -180
0 180 0 -180 0 180 0 0 0.806414 -65.0306 0 0 0 0 0 -180 0 0
inside=1 lambda=0.647 phi=15 theta=30
0 180 0 -180 0 -180 0 0 0.181043 49.9895 0 0 0 180 0 -180 0 -180
0 180 0 0 0 0 0 -0 0.818688 -65.0285 0 -180 0 180 0 0 0 0
0 -180 0 -180 0 0 0 -180 0.00776277 -130.04 0 0 0 0 0 180 0 -180
0 180 0 0 0 -180 0 180 0.00778152 -64.8889 0 -180 0 -0 0 -180 0 0
0 -180 0 -180 0 0 0 -180 0.00776277 -130.04 0 180 0 0 0 0 0 -180
0 180 0 0 0 -0 0 0 0.00778152 -64.889 0 -180 0 -180 0 -180 0 0
0 -180 0 0 0 -180 0 -180 0.190007 49.9881 0 -180 0 -180 0 0 0 -180
0 180 0 -0 0 180 0 0 0.809703 -65.03 0 0 0 0 0 -180 0 0
inside=1 lambda=0.647 phi=15 theta=45
0 -180 0 -180 0 -180 0 0 0.185525 49.9888 0 0 0 -180 0 -180 0 -180
0 180 0 0 0 0 0 -0 0.814196 -65.0292 0 -180 0 180 0 0 0 0
0 -180 0 -180 0 0 0 -180 0.00896368 -130.04 0 0 0 0 0 180 0 -180
0 180 0 0 0 -180 0 180 0.00898532 -64.889 0 -180 0 -0 0 -180 0 0
0 -180 0 -180 0 0 0 -180 0.00896368 -130.04 0 180 0 0 0 0 0 -180
0 180 0 180 0 -0 0 0 0.00898532 -64.889 0 -180 0 -180 0 -180 0 0
0 -180 0 0 0 -180 0 -180 0.185525 49.9888 0 -180 0 -180 0 0 0 -180
0 180 0 -0 0 180 0 0 0.814196 -65.0292 0 0 0 0 0 -180 0 0
inside=1 lambda=0.647 phi=20 theta=0
0 180 0 -180 0 -180 0 0 0.169177 33.9738 0 0 0 180 0 -180 0 -180
0 180 0 0 0 0 0 -0 0.830561 -73.0289 0 -180 0 180 0 0 0 0
0 180 0 -0 0 0 0 180 1.35746e-15 -86.1014 0 -0 0 -0 0 180 0 -180
0 180 0 0 0 -180 0 -180 3.01116e-15 -161.859 0 -0 0 -0 0 -180 0 0
0 -180 0 -180 0 0 0 180 1.22972e-15 -88.6587 0 180 0 0 0 0 0 -180
0 0 0 0 0 -180 0 180 2.89827e-15 -161.767 0 -180 0 -180 0 -180 0 0
0 -180 0 0 0 -180 0 -180 0.201736 33.967 0 -180 0 -180 0 0 0 -180
0 0 0 -180 0 0 0 0 0.797913 -73.0347 0 0 0 0 0 -180 0 0
inside=1 lambda=0.647 phi=20 theta=15
0 180 0 -180 0 -180 0 0 0.171358 33.9732 0 0 0 180 0 -180 0 -180
0 180 0 0 0 0 0 -0 0.828374 -73.0293 0 -180 0 180 0 0 0 0
0 180 0 -0 0 0 0 -180 0.00813979 -146.068 0 0 0 -0 0 180 0 -180
0 180 0 0 0 -180 0 180 0.00816206 -72.8877 0 -180 0 -0 0 -180 0 0
0 -180 0 -180 0 0 0 -0 0.00813979 -146.068 0 180 0 0 0 0 0 -180
0 0 0 0 0 -0 0 0 0.00816206 -72.8877 0 -180 0 -180 0 -180 0 0
0 -180 0 0 0 -180 0 -180 0.199555 33.9674 0 -180 0 -180 0 0 0 -180
0 180 0 -180 0 180 0 0 0.8001 -73.0343 0 0 0 0 0 -180 0 0
inside=1 lambda=0.647 phi=20 theta=30
0 180 0 -180 0 -180 0 0 0.177316 33.9718 0 0 0 180 0 -180 0 -180
0 180 0 0 0 0 0 -0 0.822399 -73.0303 0 -180 0 180 0 0 0 0
0 180 0 -0 0 0 0 -180 0.0140985 -146.068 0 0 0 -0 0 180 0 -180
0 180 0 0 0 -180 0 0 0.0141371 -72.8877 0 -180 0 -0 0 -180 0 0
0 -180 0 -180 0 0 0 -0 0.0140985 -146.068 0 180 0 0 0 0 0 -180
0 180 0 0 0 -0 0 0 0.0141371 -72.8877 0 -180 0 -180 0 -180 0 0
0 -180 0 0 0 180 0 -180 0.193596 33.9685 0 -180 0 -180 0 0 0 -180
0 180 0 -180 0 180 0 0 0.806075 -73.0332 0 0 0 0 0 -180 0 0
inside=1 lambda=0.647 phi=20 theta=45
0 180 0 -180 0 -180 0 0 0.185456 33.9701 0 0 0 180 0 -180 0 -180
0 180 0 0 0 0 0 -0 0.814237 -73.0317 0 -180 0 180 0 0 0 0
0 -180 0 -0 0 0 0 -180 0.0162796 -146.068 0 0 0 -0 0 180 0 -180
0 180 0 0 0 -180 0 0 0.0163241 -72.8877 0 -180 0 -0 0 -180 0 0
0 -180 0 -180 0 -0 0 -0 0.0162796 -146.068 0 180 0 0 0 0 0 -180
0 180 0 0 0 -0 0 0 0.0163241 -72.8877 0 -180 0 -180 0 -180 0 0
0 180 0 0 0 180 0 -180 0.185456 33.9701 0 -180 0 -180 0 0 0 -180
0 180 0 -0 0 180 0 0 0.814237 -73.0317 0 0 0 0 0 -180 0 0
inside=1 lambda=0.647 phi=25 theta=0
0 180 0 180 0 -180 0 -0 0.159197 13.5904 0 0 0 180 0 180 0 -180
0 180 0 0 0 0 0 -0 0.840558 -83.2108 0 -180 0 180 0 0 0 0
0 180 0 -0 0 0 0 -0 1.88821e-15 -105.914 0 -0 0 -0 0 180 0 -180
0 180 0 0 0 -180 0 -0 3.73435e-15 -171.148 0 -0 0 -0 0 -180 0 0
0 -180 0 -180 0 0 0 -0 2.42673e-15 73.0641 0 -0 0 0 0 0 0 -180
0 0 0 0 0 -180 0 -0 5.06574e-15 8.96736 0 -0 0 -180 0 -180 0 0
0 -180 0 0 0 -180 0 -180 0.21151 13.5744 0 -180 0 -180 0 0 0 -180
0 0 0 -180 0 0 0 0 0.788087 -83.2205 0 0 0 0 0 -180 0 0
inside=1 lambda=0.647 phi=25 theta=15
0 180 0 -180 0 -180 0 -0 0.162701 13.589 0 0 0 180 0 180 0 -180
0 180 0 0 0 0 0 -0 0.837044 -83.2115 0 -180 0 180 0 0 0 0
0 180 0 -0 0 0 0 -180 0.0130784 -166.474 0 0 0 -0 0 180 0 -180
0 180 0 0 0 -180 0 0 0.0131179 -83.0649 0 -180 0 -0 0 -180 0 0
0 -180 0 -180 0 0 0 -0 0.0130784 -166.474 0 180 0 0 0 0 0 -180
0 0 0 0 0 -0 0 0 0.0131179 -83.0649 0 -180 0 -180 0 -180 0 0
0 -180 0 0 0 -180 0 -180 0.208006 13.5752 0 -180 0 -180 0 0 0 -180
0 180 0 -180 0 180 0 0 0.791602 -83.2198 0 0 0 0 0 -180 0 0
inside=1 lambda=0.647 phi=25 theta=30
0 180 0 -180 0 -180 0 -0 0.172275 13.5855 0 0 0 180 0 180 0 -180
0 180 0 0 0 0 0 -0 0.827441 -83.2132 0 -180 0 180 0 0 0 0
0 180 0 -0 0 0 0 -180 0.0226524 -166.474 0 0 0 -0 0 180 0 -180
0 180 0 0 0 -180 0 0 0.0227208 -83.0649 0 -180 0 -0 0 -180 0 0
0 -180 0 -180 0 -0 0 -0 0.0226524 -166.474 0 180 0 0 0 0 0 -180
0 180 0 0 0 -0 0 0 0.0227208 -83.0649 0 -180 0 -180 0 -180 0 0
0 180 0 0 0 180 0 -180 0.198432 13.5776 0 -180 0 -180 0 0 0 -180
0 180 0 -180 0 180 0 0 0.801205 -83.218 0 0 0 0 0 -180 0 0
inside=1 lambda=0.647 phi=25 theta=45
0 180 0 -180 0 -180 0 0 0.185353 13.5813 0 0 0 180 0 -180 0 -180
0 180 0 0 0 0 0 -0 0.814323 -83.2155 0 -180 0 180 0 0 0 0
0 180 0 -0 0 0 0 -180 0.0261567 -166.474 0 0 0 -0 0 180 0 -180
0 180 0 0 0 -180 0 0 0.0262357 -83.0649 0 -180 0 -0 0 -180 0 0
0 180 0 -180 0 -0 0 -0 0.0261567 -166.474 0 180 0 0 0 0 0 -180
0 180 0 0 0 -0 0 0 0.0262357 -83.0649 0 -180 0 -180 0 -180 0 0
0 180 0 0 0 180 0 -180 0.185353 13.5813 0 -180 0 -180 0 0 0 -180
0 180 0 -0 0 180 0 0 0.814323 -83.2155 0 0 0 0 0 -180 0 0
inside=1 lambda=0.647 phi=30 theta=0
0 180 0 180 0 -180 0 -0 0.146199 -10.9992 0 0 0 180 0 180 0 -180
0 180 0 0 0 0 0 -0 0.853608 -95.4955 0 -180 0 180 0 0 0 0
0 180 0 -0 0 0 0 180 6.47571e-15 51.2465 0 180 0 -0 0 180 0 -180
0 180 0 -0 0 -180 0 180 1.13685e-14 -3.7095 0 180 0 -0 0 180 0 0
0 -180 0 -180 0 0 0 -0 3.24053e-14 -128.838 0 180 0 0 0 0 0 -180
0 0 0 0 0 -180 0 -0 6.26973e-14 177.357 0 180 0 -180 0 -180 0 0
0 -180 0 0 0 -180 0 -180 0.224199 -11.035 0 -180 0 -180 0 0 0 -180
0 0 0 -180 0 0 0 0 0.775364 -95.5108 0 0 0 0 0 -180 0 0
inside=1 lambda=0.647 phi=30 theta=15
0 180 0 180 0 -180 0 -0 0.151424 -11.0028 0 0 0 180 0 180 0 -180
0 180 0 0 0 0 0 -0 0.848367 -95.4964 0 -180 0 180 0 0 0 0
0 180 0 -0 0 0 0 -180 0.0195001 168.898 0 0 0 -0 0 180 0 -180
0 180 0 -0 0 -180 0 0 0.0195612 -95.343 0 -180 0 -0 0 180 0 0
0 -180 0 -180 0 -0 0 -0 0.0195001 168.898 0 180 0 0 0 0 0 -180
0 0 0 0 0 -180 0 -0 0.0195612 -95.3431 0 180 0 -180 0 -180 0 0
0 180 0 0 0 180 0 -180 0.218974 -11.0334 0 -180 0 -180 0 0 0 -180
0 0 0 -180 0 180 0 0 0.780605 -95.5097 0 0 0 0 0 -180 0 0
inside=1 lambda=0.647 phi=30 theta=30
0 180 0 180 0 -180 0 -0 0.165699 -11.0113 0 0 0 180 0 180 0 -180
0 180 0 0 0 0 0 -0 0.834047 -95.499 0 -180 0 180 0 0 0 0
0 180 0 -0 0 0 0 -180 0.0337752 168.898 0 0 0 -0 0 180 0 -180
0 180 0 -0 0 -180 0 0 0.033881 -95.3431 0 -180 0 -0 0 180 0 0
0 180 0 -180 0 -0 0 -0 0.0337752 168.898 0 180 0 0 0 0 0 -180
0 0 0 0 0 -0 0 -0 0.033881 -95.3431 0 180 0 -180 0 -180 0 0
0 180 0 -0 0 180 0 -180 0.204699 -11.0286 0 -180 0 -180 0 0 0 -180
0 180 0 -180 0 180 0 0 0.794925 -95.5067 0 0 0 0 0 -180 0 0
inside=1 lambda=0.647 phi=30 theta=45
0 180 0 -180 0 -180 0 -0 0.185199 -11.0209 0 0 0 180 0 180 0 -180
0 180 0 0 0 0 0 -0 0.814486 -95.5028 0 -180 0 180 0 0 0 0
0 180 0 -0 0 0 0 -180 0.0390002 168.898 0 0 0 -0 0 180 0 -180
0 180 0 -0 0 -180 0 0 0.0391224 -95.3431 0 -180 0 -0 0 180 0 0
0 180 0 -180 0 -0 0 -0 0.0390002 168.898 0 180 0 0 0 0 0 -180
0 180 0 0 0 -0 0 -0 0.0391224 -95.3431 0 180 0 -180 0 -180 0 0
0 180 0 -0 0 180 0 -180 0.185199 -11.0209 0 180 0 -180 0 0 0 -180
0 180 0 -0 0 180 0 0 0.814486 -95.5028 0 0 0 0 0 -180 0 0
inside=1 lambda=0.647 phi=35 theta=0
0 180 0 180 0 -180 0 -0 0.129583 -39.5957 0 0 0 180 0 180 0 -180
0 180 0 0 0 -0 0 -0 0.870311 -109.788 0 -180 0 180 0 0 0 -0
0 180 0 -0 0 0 0 180 4.0782e-14 26.6101 0 -0 0 -0 0 180 0 -180
0 180 0 -0 0 -180 0 180 6.42241e-14 -18.3259 0 -0 0 -0 0 180 0 0
0 -180 0 -180 0 0 0 -0 5.24151e-14 26.5682 0 -0 0 0 0 0 0 -180
0 0 0 0 0 -180 0 -0 9.54442e-14 -17.0936 0 -0 0 -180 0 -180 0 0
0 -180 0 0 0 -180 0 -180 0.240322 -39.669 0 -180 0 -180 0 0 0 -180
0 0 0 -180 0 0 0 0 0.75925 -109.812 0 0 0 0 0 -180 0 0
inside=1 lambda=0.647 phi=35 theta=15
0 180 0 180 0 -180 0 -0 0.137002 -39.6043 0 0 0 180 0 180 0 -180
0 180 0 0 0 -0 0 -0 0.862872 -109.79 0 -180 0 180 0 180 0 -0
0 180 0 -0 0 0 0 180 0.0276847 140.245 0 0 0 -0 0 180 0 -180
0 180 0 -0 0 -180 0 0 0.0277655 -109.63 0 -180 0 -0 0 180 0 0
0 180 0 -180 0 -0 0 -0 0.0276847 140.245 0 180 0 0 0 0 0 -180
0 0 0 0 0 -180 0 -0 0.0277655 -109.63 0 180 0 -180 0 -180 0 0
0 180 0 -0 0 180 0 -180 0.232904 -39.6662 0 -180 0 -180 0 0 0 -180
0 0 0 -180 0 180 0 0 0.76669 -109.81 0 0 0 0 0 -180 0 0
inside=1 lambda=0.647 phi=35 theta=30
0 180 0 180 0 -180 0 -0 0.157268 -39.6237 0 0 0 180 0 180 0 -180
0 180 0 0 0 -0 0 -0 0.842546 -109.794 0 -180 0 180 0 0 0 -0
0 180 0 -0 0 0 0 180 0.0479514 140.245 0 0 0 -0 0 180 0 -180
0 180 0 -0 0 -180 0 0 0.0480912 -109.63 0 -180 0 -0 0 180 0 0
0 180 0 180 0 -0 0 -0 0.0479514 140.245 0 180 0 0 0 0 0 -180
0 0 0 0 0 -0 0 -0 0.0480912 -109.63 0 180 0 -180 0 -180 0 0
0 180 0 -0 0 180 0 -180 0.212637 -39.6578 0 180 0 -180 0 0 0 -180
0 180 0 -180 0 180 0 0 0.787015 -109.805 0 0 0 0 0 -180 0 0
inside=1 lambda=0.647 phi=35 theta=45
0 180 0 180 0 -180 0 -0 0.184953 -39.6433 0 0 0 180 0 180 0 -180
0 180 0 0 0 0 0 -180 0.814781 -109.799 0 -180 0 180 0 0 0 0
0 180 0 -0 0 0 0 180 0.0553695 140.245 0 0 0 -0 0 180 0 -180
0 180 0 -0 0 -180 0 0 0.0555309 -109.63 0 -180 0 -0 0 180 0 0
0 180 0 180 0 -0 0 -0 0.0553695 140.245 0 180 0 0 0 0 0 -180
0 180 0 0 0 -0 0 -0 0.0555309 -109.63 0 180 0 -180 0 -180 0 0
0 180 0 -0 0 180 0 180 0.184953 -39.6433 0 180 0 -180 0 0 0 -180
0 180 0 -180 0 180 0 0 0.814781 -109.799 0 0 0 0 0 -180 0 0
inside=1 lambda=0.647 phi=40 theta=0
0 180 0 180 0 -180 0 -0 0.108509 -71.9636 0 0 0 180 0 180 0 -180
0 180 0 0 0 -0 0 -180 0.891483 -125.98 0 180 0 180 0 0 0 -0
0 180 0 -0 0 0 0 180 1.6989e-14 -179.699 0 -0 0 -0 0 180 0 -180
0 180 0 -0 0 180 0 180 2.47803e-14 145.023 0 -0 0 -0 0 180 0 -0
0 -180 0 -180 0 -0 0 180 1.54972e-14 -179.595 0 -0 0 0 0 0 0 180
0 0 0 0 0 -180 0 180 2.77823e-14 146.491 0 -0 0 -180 0 -180 0 0
0 -180 0 0 0 180 0 -180 0.260544 -72.0976 0 -180 0 -180 0 0 0 180
0 0 0 -180 0 0 0 0 0.739103 -126.013 0 0 0 0 0 -180 0 0
inside=1 lambda=0.647 phi=40 theta=15
0 180 0 180 0 -180 0 -0 0.118693 -71.9833 0 0 0 180 0 180 0 -180
0 180 0 0 0 -0 0 -180 0.881276 -125.982 0 180 0 180 0 0 0 -0
0 180 0 -0 0 0 0 180 0.038009 107.806 0 0 0 -0 0 180 0 -180
0 180 0 -0 0 180 0 0 0.0380953 -125.82 0 180 0 -0 0 180 0 -0
0 180 0 180 0 -0 0 -0 0.038009 107.807 0 180 0 0 0 0 0 -180
0 0 0 0 0 -180 0 -0 0.0380953 -125.82 0 180 0 -180 0 -180 0 0
0 180 0 -0 0 180 0 -180 0.25036 -72.0937 0 180 0 -180 0 0 0 -180
0 0 0 -180 0 0 0 0 0.74931 -126.011 0 0 0 -0 0 -180 0 0
inside=1 lambda=0.647 phi=40 theta=30
0 180 0 180 0 -180 0 -0 0.146518 -72.0232 0 0 0 180 0 180 0 -180
0 180 0 0 0 -0 0 -180 0.853388 -125.987 0 180 0 180 0 0 0 -0
0 180 0 -0 0 0 0 180 0.0658336 107.807 0 0 0 -0 0 180 0 -180
0 180 0 -0 0 180 0 0 0.065983 -125.82 0 180 0 -0 0 180 0 -0
0 180 0 180 0 -0 0 -0 0.0658336 107.807 0 180 0 0 0 0 0 -180
0 0 0 0 0 -0 0 -0 0.065983 -125.82 0 180 0 180 0 180 0 -0
0 180 0 -0 0 180 0 -180 0.222536 -72.0813 0 180 0 -180 0 0 0 -180
0 0 0 -180 0 180 0 0 0.777198 -126.004 0 0 0 -0 0 180 0 -0
inside=1 lambda=0.647 phi=40 theta=45
0 180 0 180 0 -180 0 -0 0.184527 -72.0582 0 0 0 180 0 180 0 -180
0 180 0 0 0 -0 0 -180 0.815293 -125.995 0 180 0 180 0 0 0 -0
0 180 0 -0 0 0 0 180 0.076018 107.807 0 0 0 -0 0 180 0 -180
0 0 0 -0 0 180 0 0 0.0761906 -125.82 0 180 0 -0 0 180 0 -0
0 180 0 180 0 -0 0 -0 0.076018 107.807 0 180 0 0 0 0 0 -180
0 0 0 0 0 -0 0 -0 0.0761906 -125.82 0 180 0 180 0 180 0 -0
0 180 0 -0 0 180 0 180 0.184527 -72.0582 0 180 0 -180 0 0 0 -180
0 180 0 -180 0 180 0 0 0.815293 -125.995 0 0 0 -0 0 180 0 -0
inside=1 lambda=0.647 phi=45 theta=0
0 180 0 180 0 -180 0 -0 0.0818257 -107.842 0 0 0 180 0 180 0 -180
0 180 0 0 0 -0 9.4782e-05 161.845 0.918223 -143.947 0 180 0 180 0 0 0 -0
0 180 0 -0 0 0 0 -0 4.37653e-15 -27.9759 0 180 0 -0 0 180 0 -180
0 0 0 -0 0 180 1.98491e-17 -87.3678 6.26438e-15 -53.8669 0 180 0 -180 0 180 0 -0
0 -180 0 -180 0 -0 0 -0 1.52046e-14 -29.0765 0 -0 0 0 0 0 0 180
0 0 0 0 0 -180 4.92358e-15 -136.276 2.86532e-14 -53.5091 0 -0 0 -180 0 -180 0 0
0 -180 0 0 0 180 0 -180 0.285687 -108.056 0 -180 0 -180 0 0 0 180
0 0 0 -180 0 0 0.000594908 -6.60914 0.714101 -143.99 0 0 0 0 0 -180 0 0
inside=1 lambda=0.647 phi=45 theta=15
0 180 0 180 0 -180 0 -0 0.0954816 -107.885 0 0 0 180 0 180 0 -180
0 180 0 0 0 -0 0 -180 0.90455 -143.949 0 180 0 180 0 0 0 -0
0 180 0 -0 0 0 0 180 0.0509655 71.8581 0 0 0 -0 0 180 0 -180
0 0 0 -0 0 180 0 0 0.0510308 -143.794 0 180 0 -0 0 180 0 -0
0 180 0 180 0 -0 0 -0 0.0509655 71.8583 0 180 0 0 0 0 0 -180
0 0 0 0 0 -180 0 -0 0.0510307 -143.794 0 180 0 180 0 180 0 -0
0 180 0 -0 0 180 0 -180 0.272031 -108.052 0 180 0 -180 0 0 0 -180
0 0 0 -180 0 0 0 -0 0.727775 -143.987 0 0 0 -0 0 180 0 -0
inside=1 lambda=0.647 phi=45 theta=30
0 180 0 180 0 -180 0 -0 0.132791 -107.957 0 0 0 180 0 180 0 -180
0 180 0 0 0 -0 0 -180 0.867193 -143.956 0 180 0 180 0 0 0 -0
0 180 0 -0 0 0 0 180 0.0882748 71.8581 0 0 0 -0 0 180 0 -180
0 0 0 -0 0 180 0 0 0.0883879 -143.794 0 180 0 -0 0 180 0 -0
0 180 0 180 0 -0 0 -0 0.0882748 71.8582 0 180 0 0 0 0 0 -180
0 0 0 0 0 -180 0 -0 0.0883878 -143.794 0 180 0 180 0 180 0 -0
0 180 0 -0 0 180 0 -180 0.234721 -108.037 0 180 0 -180 0 0 0 -180
0 0 0 -180 0 180 0 0 0.765132 -143.977 0 0 0 -0 0 180 0 -0
inside=1 lambda=0.647 phi=45 theta=45
0 180 0 180 0 -180 0 -0 0.183756 -108.008 0 0 0 180 0 180 0 -180
0 0 0 0 0 -0 0 -180 0.816162 -143.966 0 180 0 180 0 0 0 -0
0 180 0 -0 0 0 0 180 0.101931 71.8582 0 0 0 -0 0 180 0 -180
0 0 0 -0 0 180 0 0 0.102061 -143.794 0 180 0 -180 0 180 0 -0
0 180 0 180 0 -0 0 -0 0.101931 71.8582 0 180 0 0 0 0 0 -180
0 0 0 0 0 -180 0 -0 0.102061 -143.794 0 180 0 180 0 180 0 -0
0 180 0 -0 0 180 0 180 0.183756 -108.008 0 180 0 -180 0 0 0 -180
0 0 0 -180 0 180 0 0 0.816162 -143.966 0 0 0 -0 0 180 0 -0
