RSoft_BSDF_File_Version 2
1 0 5 2 1 0.0914286
0.3 0.3
-1 1
-1 1
1 0.647 0.647
10 0 45 0.5
4 0 45
Begin_Dispersion_Data
0.647 1.45662 0 1 0 0
End_Dispersion_Data
inside=0 lambda=0.647 phi=0 theta=0
0 -180 0 -180 0 -180 0 0 0.0936915 53.6415 0 0 0 -180 0 -180 0 -180
0 -180 0 -180 0 -180 0 0 1.20159 60.3384 0 0 0 -180 0 -180 0 -180
0 -180 0 0 0 0 0 180 1.87671e-13 -39.0091 0 180 0 0 0 0 0 -180
0 -180 0 -0 0 0 0 -180 4.0867e-13 176.118 0 180 0 0 0 -180 0 -180
0 -180 0 -0 0 0 0 0 1.76335e-13 52.5782 0 0 0 0 0 -0 0 -180
0 -180 0 -0 0 0 0 -0 2.14784e-13 130.174 0 0 0 0 0 0 0 -180
0 -180 0 0 0 -180 0 -180 0.0936915 53.6415 0 -180 0 -180 0 0 0 -180
0 -180 0 0 0 -180 0 -180 1.20159 60.3384 0 -180 0 -180 0 0 0 -180
inside=0 lambda=0.647 phi=0 theta=15
0 -180 0 -180 0 -180 0 0 0.0936915 53.6415 0 0 0 -180 0 -180 0 -180
0 -180 0 -180 0 -180 0 0 1.20159 60.3384 0 0 0 -180 0 -180 0 -180
0 -180 0 0 0 0 0 180 1.87671e-13 -39.0091 0 180 0 0 0 0 0 -180
0 -180 0 -0 0 0 0 -180 4.0867e-13 176.118 0 180 0 0 0 -180 0 -180
0 -180 0 -0 0 0 0 0 1.76335e-13 52.5782 0 0 0 0 0 -0 0 -180
0 -180 0 -0 0 0 0 -0 2.14784e-13 130.174 0 0 0 0 0 0 0 -180
0 -180 0 0 0 -180 0 -180 0.0936915 53.6415 0 -180 0 -180 0 0 0 -180
0 -180 0 0 0 -180 0 -180 1.20159 60.3384 0 -180 0 -180 0 0 0 -180
inside=0 lambda=0.647 phi=0 theta=30
0 -180 0 -180 0 -180 0 0 0.0936915 53.6415 0 0 0 -180 0 -180 0 -180
0 -180 0 -180 0 -180 0 0 1.20159 60.3384 0 0 0 -180 0 -180 0 -180
0 -180 0 0 0 0 0 180 1.87671e-13 -39.0091 0 180 0 0 0 0 0 -180
0 -180 0 -0 0 0 0 -180 4.0867e-13 176.118 0 180 0 0 0 -180 0 -180
0 -180 0 -0 0 0 0 0 1.76335e-13 52.5782 0 0 0 0 0 -0 0 -180
0 -180 0 -0 0 0 0 -0 2.14784e-13 130.174 0 0 0 0 0 0 0 -180
0 -180 0 0 0 -180 0 -180 0.0936915 53.6415 0 -180 0 -180 0 0 0 -180
0 -180 0 0 0 -180 0 -180 1.20159 60.3384 0 -180 0 -180 0 0 0 -180
inside=0 lambda=0.647 phi=0 theta=45
0 -180 0 -180 0 -180 0 0 0.0936915 53.6415 0 0 0 -180 0 -180 0 -180
0 -180 0 -180 0 -180 0 0 1.20159 60.3384 0 0 0 -180 0 -180 0 -180
0 -180 0 0 0 0 0 180 1.87671e-13 -39.0091 0 180 0 0 0 0 0 -180
0 -180 0 -0 0 0 0 -180 4.0867e-13 176.118 0 180 0 0 0 -180 0 -180
0 -180 0 -0 0 0 0 0 1.76335e-13 52.5782 0 0 0 0 0 -0 0 -180
0 -180 0 -0 0 0 0 -0 2.14784e-13 130.174 0 0 0 0 0 0 0 -180
0 -180 0 0 0 -180 0 -180 0.0936915 53.6415 0 -180 0 -180 0 0 0 -180
0 -180 0 0 0 -180 0 -180 1.20159 60.3384 0 -180 0 -180 0 0 0 -180
inside=0 lambda=0.647 phi=5 theta=0
0 -180 0 -180 0 -180 0 0 0.0936137 53.1417 0 0 0 -180 0 -180 0 -180
0 -180 0 -180 0 -180 0 0 1.19902 60.0027 0 0 0 -180 0 -180 0 -180
0 -180 0 -180 0 0 0 -180 1.95142e-13 8.58862 0 -0 0 0 0 0 0 -180
0 -180 0 180 0 0 0 -180 6.33061e-14 133.187 0 -0 0 0 0 -0 0 -180
0 -180 0 -180 0 0 0 180 1.39451e-13 -56.7432 0 180 0 0 0 0 0 -180
0 -180 0 -180 0 0 0 -0 2.57517e-13 145.4 0 180 0 0 0 0 0 -180
0 -180 0 0 0 -180 0 -180 0.0956662 53.6651 0 -180 0 -180 0 0 0 -180
0 -180 0 0 0 -180 0 -180 1.20396 59.9869 0 -180 0 -180 0 0 0 -180
inside=0 lambda=0.647 phi=5 theta=15
0 -180 0 -180 0 -180 0 0 0.093751 53.1772 0 0 0 -180 0 -180 0 -180
0 -180 0 -180 0 -180 0 0 1.19935 60.0016 0 0 0 -180 0 -180 0 -180
0 -180 0 -180 0 0 0 -180 0.00055052 -110.157 0 0 0 0 0 0 0 -180
0 -180 0 180 0 0 0 -180 0.00124399 -127.036 0 0 0 0 0 -0 0 -180
0 -180 0 -180 0 0 0 -180 0.000550538 -110.115 0 0 0 0 0 0 0 -180
0 -180 0 -180 0 0 0 180 0.00124364 -127.011 0 -0 0 0 0 0 0 -180
0 -180 0 0 0 -180 0 -180 0.0955285 53.6305 0 -180 0 -180 0 0 0 -180
0 -180 0 0 0 -180 0 -180 1.20363 59.9879 0 -180 0 -180 0 0 0 -180
inside=0 lambda=0.647 phi=5 theta=30
0 -180 0 -180 0 -180 0 0 0.0941261 53.274 0 0 0 -180 0 -180 0 -180
0 -180 0 -180 0 -180 0 0 1.20025 59.9986 0 0 0 -180 0 -180 0 -180
0 -180 0 -180 0 0 0 -180 0.000953535 -110.148 0 0 0 0 0 0 0 -180
0 -180 0 180 0 0 0 -180 0.00215452 -127.031 0 0 0 0 0 -0 0 -180
0 -180 0 -180 0 0 0 -180 0.000953553 -110.124 0 0 0 0 0 0 0 -180
0 -180 0 -180 0 0 0 180 0.00215417 -127.016 0 -0 0 0 0 0 0 -180
0 -180 0 0 0 -180 0 -180 0.0951524 53.5357 0 -180 0 -180 0 0 0 -180
0 -180 0 0 0 -180 0 -180 1.20272 59.9907 0 -180 0 -180 0 0 0 -180
inside=0 lambda=0.647 phi=5 theta=45
0 -180 0 -180 0 -180 0 0 0.094639 53.4053 0 0 0 -180 0 -180 0 -180
0 -180 0 -180 0 -180 0 0 1.20149 59.9947 0 0 0 -180 0 -180 0 -180
0 -180 0 -180 0 0 0 -180 0.00110106 -110.136 0 0 0 0 0 0 0 -180
0 -180 0 180 0 0 0 -180 0.00248762 -127.023 0 0 0 0 0 -0 0 -180
0 -180 0 -180 0 0 0 -180 0.00110106 -110.136 0 0 0 0 0 0 0 -180
0 -180 0 -180 0 0 0 180 0.00248762 -127.023 0 -0 0 0 0 0 0 -180
0 -180 0 0 0 -180 0 -180 0.094639 53.4053 0 -180 0 -180 0 0 0 -180
0 -180 0 0 0 -180 0 -180 1.20149 59.9947 0 -180 0 -180 0 0 0 -180
inside=0 lambda=0.647 phi=10 theta=0
0 -180 0 -180 0 -180 0 0 0.0931273 51.5825 0 0 0 -180 0 -180 0 -180
0 -180 0 -180 0 -180 0 0 1.19104 58.9964 0 0 0 -180 0 -180 0 -180
0 -180 0 -180 0 0 0 -180 8.16935e-14 -50.7904 0 -0 0 0 0 0 0 -180
0 -180 0 180 0 0 0 -180 9.6896e-14 152.586 0 -0 0 0 0 -0 0 -180
0 -180 0 -180 0 0 0 0 6.87576e-14 -52.9303 0 -0 0 0 0 0 0 -180
0 -180 0 -180 0 0 0 -180 4.91334e-14 169.862 0 -0 0 0 0 0 0 -180
0 -180 0 0 0 -180 0 -180 0.101844 53.7057 0 -180 0 -180 0 0 0 -180
0 -180 0 0 0 -180 0 -180 1.21133 58.9293 0 -180 0 -180 0 0 0 -180
inside=0 lambda=0.647 phi=10 theta=15
0 -180 0 -180 0 -180 0 0 0.093707 51.7334 0 0 0 -180 0 -180 0 -180
0 -180 0 -180 0 -180 0 0 1.1924 58.9915 0 0 0 -180 0 -180 0 -180
0 -180 0 -180 0 0 0 -180 0.00233525 -110.956 0 0 0 0 0 0 0 -180
0 -180 0 180 0 0 0 -180 0.00510696 -128.156 0 0 0 0 0 -0 0 -180
0 -180 0 -180 0 0 0 -180 0.00233552 -110.794 0 0 0 0 0 0 0 -180
0 -180 0 -180 0 0 0 180 0.00510111 -128.059 0 -0 0 0 0 0 0 -180
0 -180 0 0 0 -180 0 -180 0.101256 53.5712 0 -180 0 -180 0 0 0 -180
0 -180 0 0 0 -180 0 -180 1.20997 58.9333 0 -180 0 -180 0 0 0 -180
inside=0 lambda=0.647 phi=10 theta=30
0 -180 0 -180 0 -180 0 0 0.0952939 52.1387 0 0 0 -180 0 -180 0 -180
0 -180 0 -180 0 -180 0 0 1.19611 58.9784 0 0 0 -180 0 -180 0 -180
0 -180 0 -180 0 0 0 -180 0.00404489 -110.923 0 0 0 0 0 0 0 -180
0 -180 0 180 0 0 0 -180 0.00884327 -128.134 0 0 0 0 0 -0 0 -180
0 -180 0 -180 0 0 0 -180 0.00404515 -110.83 0 0 0 0 0 0 0 -180
0 -180 0 -180 0 0 0 180 0.00883743 -128.078 0 -0 0 0 0 0 0 -180
0 -180 0 0 0 -180 0 -180 0.0996525 53.1987 0 -180 0 -180 0 0 0 -180
0 -180 0 0 0 -180 0 -180 1.20626 58.9448 0 -180 0 -180 0 0 0 -180
inside=0 lambda=0.647 phi=10 theta=45
0 -180 0 -180 0 -180 0 0 0.0974691 52.6769 0 0 0 -180 0 -180 0 -180
0 -180 0 -180 0 -180 0 0 1.20119 58.9612 0 0 0 -180 0 -180 0 -180
0 -180 0 -180 0 0 0 -180 0.0046708 -110.877 0 0 0 0 0 0 0 -180
0 -180 0 180 0 0 0 -180 0.0102079 -128.105 0 0 0 0 0 -0 0 -180
0 -180 0 -180 0 0 0 -180 0.0046708 -110.877 0 0 0 0 0 0 0 -180
0 -180 0 -180 0 0 0 180 0.0102079 -128.105 0 -0 0 0 0 0 0 -180
0 -180 0 0 0 -180 0 -180 0.0974691 52.6769 0 -180 0 -180 0 0 0 -180
0 -180 0 0 0 -180 0 -180 1.20119 58.9612 0 -180 0 -180 0 0 0 -180
inside=0 lambda=0.647 phi=15 theta=0
0 -180 0 -180 0 -180 0 0 0.0914196 48.7365 0 0 0 -180 0 -180 0 -180
0 -180 0 -180 0 -180 0 0 1.17688 57.3226 0 0 0 -180 0 -180 0 -180
0 -180 0 -180 0 0 0 -0 4.73939e-14 159.376 0 0 0 0 0 0 0 -180
0 -180 0 180 0 0 0 -180 9.57289e-14 -43.4221 0 0 0 0 0 -0 0 -180
0 -180 0 -180 0 0 0 180 6.62825e-14 103.112 0 180 0 0 0 0 0 -180
0 -180 0 -180 0 0 0 -0 1.49582e-13 -55.9787 0 -180 0 0 0 0 0 -180
0 -180 0 0 0 -180 0 -180 0.113056 53.685 0 -180 0 -180 0 0 0 -180
0 -180 0 0 0 -180 0 -180 1.2246 57.1563 0 -180 0 -180 0 0 0 -180
inside=0 lambda=0.647 phi=15 theta=15
0 -180 0 -180 0 -180 0 0 0.092843 49.1213 0 0 0 -180 0 -180 0 -180
0 -180 0 -180 0 -180 0 0 1.18008 57.3092 0 0 0 -180 0 -180 0 -180
0 -180 0 -180 0 0 0 -180 0.00579264 -112.271 0 0 0 0 0 0 0 -180
0 -180 0 180 0 0 0 -180 0.0120226 -130.021 0 0 0 0 0 -0 0 -180
0 -180 0 -180 0 0 0 -180 0.00579366 -111.939 0 0 0 0 0 0 0 -180
0 -180 0 -180 0 0 0 180 0.0119902 -129.811 0 -0 0 0 0 0 0 -180
0 -180 0 0 0 -180 0 -180 0.111585 53.3947 0 -180 0 -180 0 0 0 -180
0 -180 0 0 0 -180 0 -180 1.22141 57.1651 0 -180 0 -180 0 0 0 -180
inside=0 lambda=0.647 phi=15 theta=30
0 -180 0 -180 0 -180 0 0 0.0967539 50.1251 0 0 0 -180 0 -180 0 -180
0 -180 0 -180 0 -180 0 0 1.18881 57.2743 0 0 0 -180 0 -180 0 -180
0 -180 0 -180 0 0 0 -180 0.0100336 -112.208 0 0 0 0 0 0 0 -180
0 -180 0 180 0 0 0 -180 0.0208105 -129.968 0 0 0 0 0 -0 0 -180
0 -180 0 -180 0 0 0 -180 0.0100346 -112.017 0 0 0 0 0 0 0 -180
0 -180 0 -180 0 0 0 180 0.0207786 -129.848 0 -0 0 0 0 0 0 -180
0 -180 0 0 0 -180 0 -180 0.107579 52.5785 0 -180 0 -180 0 0 0 -180
0 -180 0 0 0 -180 0 -180 1.21267 57.191 0 -180 0 -180 0 0 0 -180
inside=0 lambda=0.647 phi=15 theta=45
0 -180 0 -180 0 -180 0 0 0.102143 51.3984 0 0 0 -180 0 -180 0 -180
0 -180 0 -180 0 -180 0 0 1.20074 57.2304 0 0 0 -180 0 -180 0 -180
0 -180 0 -180 0 0 0 -180 0.0115865 -112.116 0 0 0 0 0 0 0 -180
0 -180 0 180 0 0 0 -180 0.0240108 -129.904 0 0 0 0 0 -0 0 -180
0 -180 0 -180 0 0 0 -180 0.0115865 -112.116 0 0 0 0 0 0 0 -180
0 -180 0 -180 0 0 0 180 0.0240108 -129.904 0 -0 0 0 0 0 0 -180
0 -180 0 0 0 -180 0 -180 0.102143 51.3984 0 -180 0 -180 0 0 0 -180
0 -180 0 0 0 -180 0 -180 1.20074 57.2304 0 -180 0 -180 0 0 0 -180
inside=0 lambda=0.647 phi=20 theta=0
0 180 0 -180 0 -180 0 0 0.0869526 43.9878 0 0 0 180 0 -180 0 -180
0 -180 0 -180 0 -180 0 0 1.15494 54.9849 0 0 0 -180 0 -180 0 -180
0 -180 0 -180 0 0 0 -180 9.31501e-14 58.3591 0 -0 0 0 0 0 0 -180
0 -180 0 180 0 0 0 180 1.02338e-13 45.8385 0 -0 0 0 0 -0 0 -180
0 -180 0 -180 0 0 0 -0 5.81543e-14 -27.2165 0 -0 0 0 0 0 0 -180
0 -180 0 -180 0 0 0 180 8.38615e-14 141.154 0 180 0 0 0 0 0 -180
0 -180 0 0 0 -180 0 -180 0.130981 53.5129 0 -180 0 -180 0 0 0 -180
0 -180 0 0 0 -180 0 -180 1.24561 54.6495 0 -180 0 -180 0 0 0 -180
inside=0 lambda=0.647 phi=20 theta=15
0 180 0 -180 0 -180 0 0 0.0897874 44.8537 0 0 0 180 0 -180 0 -180
0 -180 0 -180 0 -180 0 0 1.16101 54.9541 0 0 0 -180 0 -180 0 -180
0 -180 0 -180 0 0 0 -180 0.0118098 -114.075 0 0 0 0 0 0 0 -180
0 -180 0 180 0 0 0 -180 0.022879 -132.629 0 0 0 0 0 -0 0 -180
0 -180 0 -180 0 0 0 -180 0.0118109 -113.546 0 0 0 0 0 0 0 -180
0 -180 0 -180 0 0 0 180 0.0227602 -132.279 0 -0 0 0 0 0 0 -180
0 -180 0 0 0 -180 0 -180 0.127949 53.0167 0 -180 0 -180 0 0 0 -180
0 -180 0 0 0 -180 0 -180 1.23953 54.663 0 -180 0 -180 0 0 0 -180
inside=0 lambda=0.647 phi=20 theta=30
0 180 0 -180 0 -180 0 0 0.0976457 46.9889 0 0 0 180 0 -180 0 -180
0 -180 0 -180 0 -180 0 0 1.1776 54.8764 0 0 0 -180 0 -180 0 -180
0 -180 0 -180 0 0 0 -180 0.0204555 -113.992 0 0 0 0 0 0 0 -180
0 -180 0 180 0 0 0 -180 0.0395735 -132.529 0 0 0 0 0 -0 0 -180
0 -180 0 -180 0 0 0 -180 0.0204566 -113.693 0 0 0 0 0 0 0 -180
0 -180 0 -180 0 0 0 180 0.0394604 -132.331 0 -0 0 0 0 0 0 -180
0 -180 0 0 0 -180 0 -180 0.119713 51.6051 0 -180 0 -180 0 0 0 -180
0 -180 0 0 0 -180 0 -180 1.22293 54.7076 0 -180 0 -180 0 0 0 -180
inside=0 lambda=0.647 phi=20 theta=45
0 -180 0 -180 0 -180 0 0 0.108589 49.4739 0 0 0 -180 0 -180 0 -180
0 -180 0 -180 0 -180 0 0 1.20026 54.784 0 0 0 -180 0 -180 0 -180
0 -180 0 -180 0 0 0 -180 0.0236206 -113.857 0 0 0 0 0 0 0 -180
0 -180 0 180 0 0 0 -180 0.0456261 -132.418 0 0 0 0 0 -0 0 -180
0 -180 0 -180 0 0 0 -180 0.0236206 -113.857 0 0 0 0 0 0 0 -180
0 -180 0 -180 0 0 0 180 0.0456261 -132.418 0 -0 0 0 0 0 0 -180
0 -180 0 0 0 -180 0 -180 0.108589 49.4739 0 -180 0 -180 0 0 0 -180
0 -180 0 0 0 -180 0 -180 1.20026 54.784 0 -180 0 -180 0 0 0 -180
inside=0 lambda=0.647 phi=25 theta=0
0 180 0 180 0 -180 0 -0 0.0772901 35.4681 0 0 0 180 0 180 0 -180
0 -180 0 -180 0 -180 0 0 1.12206 51.9911 0 0 0 -180 0 -180 0 -180
0 180 0 -180 0 0 0 -180 1.5915e-13 158.554 0 180 0 -0 0 0 0 -180
0 -180 0 180 0 0 0 0 1.01416e-13 -119.194 0 -180 0 0 0 -0 0 -180
0 -180 0 -180 0 0 0 -0 1.10512e-13 44.3146 0 -0 0 0 0 0 0 -180
0 -180 0 -180 0 0 0 180 2.13861e-13 -45.939 0 -0 0 0 0 0 0 -180
0 -180 0 0 0 -180 0 -180 0.158812 53.1735 0 -180 0 -180 0 0 0 -180
0 -180 0 0 0 -180 0 -180 1.27786 51.3807 0 -180 0 -180 0 0 0 -180
inside=0 lambda=0.647 phi=25 theta=15
0 180 0 180 0 -180 0 -0 0.0822475 37.544 0 0 0 180 0 180 0 -180
0 -180 0 -180 0 -180 0 0 1.1325 51.9222 0 0 0 -180 0 -180 0 -180
0 180 0 -180 0 0 0 -180 0.0220869 -116.299 0 0 0 -0 0 0 0 -180
0 -180 0 180 0 0 0 -180 0.0394168 -135.992 0 0 0 0 0 -0 0 -180
0 -180 0 -180 0 0 0 -180 0.0220781 -115.568 0 0 0 0 0 0 0 -180
0 -180 0 -180 0 0 0 180 0.0390396 -135.485 0 -0 0 0 0 0 0 -180
0 -180 0 0 0 -180 0 -180 0.153074 52.3886 0 -180 0 -180 0 0 0 -180
0 -180 0 0 0 -180 0 -180 1.2674 51.3905 0 -180 0 -180 0 0 0 -180
inside=0 lambda=0.647 phi=25 theta=30
0 180 0 -180 0 -180 0 -0 0.096425 42.1603 0 0 0 180 0 -180 0 -180
0 -180 0 -180 0 -180 0 0 1.161 51.7596 0 0 0 -180 0 -180 0 -180
0 -180 0 -180 0 0 0 -180 0.038247 -116.245 0 0 0 -0 0 0 0 -180
0 -180 0 180 0 0 0 -180 0.0680691 -135.819 0 0 0 0 0 -0 0 -180
0 -180 0 -180 0 0 0 -180 0.0382397 -115.849 0 0 0 0 0 0 0 -180
0 -180 0 -180 0 0 0 180 0.0677437 -135.54 0 -0 0 0 0 0 0 -180
0 -180 0 0 0 -180 0 -180 0.137546 50.2072 0 -180 0 -180 0 0 0 -180
0 -180 0 0 0 -180 0 -180 1.23886 51.4496 0 -180 0 -180 0 0 0 -180
inside=0 lambda=0.647 phi=25 theta=45
0 180 0 -180 0 -180 0 0 0.11669 46.752 0 0 0 180 0 -180 0 -180
0 -180 0 -180 0 -180 0 0 1.19992 51.5814 0 0 0 -180 0 -180 0 -180
0 -180 0 -180 0 0 0 -180 0.0441573 -116.094 0 0 0 0 0 0 0 -180
0 -180 0 180 0 0 0 -180 0.0783931 -135.654 0 0 0 0 0 -0 0 -180
0 -180 0 -180 0 0 0 -180 0.0441573 -116.094 0 0 0 0 0 0 0 -180
0 -180 0 -180 0 0 0 180 0.0783931 -135.654 0 -0 0 0 0 0 0 -180
0 180 0 0 0 180 0 -180 0.11669 46.752 0 -180 0 -180 0 0 0 -180
0 -180 0 0 0 -180 0 -180 1.19992 51.5814 0 -180 0 -180 0 0 0 -180
inside=0 lambda=0.647 phi=30 theta=0
0 180 0 180 0 -180 0.0317389 -98.1934 0.0595566 17.4325 0 0 0 180 0 180 0 -180
0 -0 0 -0 0 180 0 180 1.06927 48.3893 0 -0 0 -0 0 -0 0 180
0 180 0 -180 0 0 4.49857e-13 145.47 1.63488e-13 29.3173 0 -0 0 -0 0 0 0 -180
0 -180 0 180 0 0 0 180 6.68058e-14 30.3782 0 -0 0 0 0 -0 0 -180
0 -180 0 -180 0 0 6.10711e-14 -2.12937 5.19808e-13 -94.0356 0 180 0 0 0 0 0 -180
0 -180 0 -180 0 0 0 -180 2.7559e-13 12.8496 0 0 0 0 0 0 0 -180
0 -180 0 0 0 -180 0.174338 -134.765 0.199593 53.0679 0 -180 0 -180 0 0 0 -180
0 -180 0 0 0 -180 0 -180 1.32472 47.3524 0 -180 0 -180 0 0 0 -180
inside=0 lambda=0.647 phi=30 theta=15
0 180 0 180 0 -180 0 -0 0.0677965 22.1976 0 0 0 180 0 180 0 -180
0 -180 0 -180 0 -180 0 180 1.08886 48.2381 0 -0 0 -180 0 -180 0 180
0 180 0 -180 0 0 0 -180 0.0401543 -118.653 0 0 0 -0 0 0 0 -180
0 -180 0 180 0 0 0 -180 0.0655484 -140.178 0 0 0 0 0 -0 0 -180
0 -180 0 -180 0 0 0 -180 0.0400396 -117.654 0 180 0 0 0 0 0 -180
0 -180 0 -180 0 0 0 180 0.0640351 -139.506 0 -0 0 0 0 0 0 -180
0 -180 0 0 0 -180 0 -180 0.192423 51.8295 0 -180 0 -180 0 0 0 -180
0 -180 0 0 0 -180 0 -180 1.31123 47.327 0 -180 0 -180 0 0 0 -180
inside=0 lambda=0.647 phi=30 theta=30
0 180 0 180 0 -180 0 -0 0.0903088 33.9857 0 0 0 180 0 180 0 -180
0 -180 0 -180 0 -180 0 0 1.13587 47.8611 0 -0 0 -180 0 -180 0 180
0 180 0 -180 0 0 0 -180 0.0694248 -118.913 0 0 0 -0 0 0 0 -180
0 -180 0 180 0 0 0 -180 0.112408 -139.857 0 0 0 0 0 -0 0 -180
0 -180 0 -180 0 0 0 -180 0.0693654 -118.447 0 0 0 0 0 0 0 -180
0 -180 0 -180 0 0 0 180 0.111547 -139.511 0 -0 0 0 0 0 0 -180
0 -180 0 0 0 180 0 -180 0.16408 48.3206 0 -180 0 -180 0 0 0 -180
0 -180 0 0 0 -180 0 -180 1.26416 47.3197 0 -180 0 -180 0 0 0 -180
inside=0 lambda=0.647 phi=30 theta=45
0 180 0 -180 0 -180 0 -0 0.12622 42.947 0 0 0 180 0 -180 0 -180
0 -180 0 -180 0 -180 0 0 1.19998 47.5291 0 0 0 -180 0 -180 0 -180
0 -180 0 -180 0 0 0 -180 0.0801102 -118.808 0 0 0 -0 0 0 0 -180
0 -180 0 180 0 0 0 -180 0.129231 -139.642 0 0 0 0 0 -0 0 -180
0 -180 0 -180 0 -0 0 -180 0.0801102 -118.808 0 0 0 0 0 0 0 -180
0 -180 0 -180 0 0 0 180 0.129231 -139.642 0 -0 0 0 0 0 0 -180
0 180 0 -0 0 180 0 -180 0.12622 42.947 0 -180 0 -180 0 0 0 -180
0 -180 0 0 0 -180 0 -180 1.19998 47.5291 0 -180 0 -180 0 0 0 -180
inside=0 lambda=0.647 phi=35 theta=0
0 180 0 180 0 -180 0.0825195 -94.173 0.0504023 -50.5323 0 0 0 180 0 180 0 -180
0 -0 0 -0 0 180 0 180 0.980678 43.794 0 -0 0 -0 0 -0 0 180
0 180 0 -180 0 0 8.2513e-14 29.8409 7.28513e-14 -50.5872 0 180 0 -0 0 0 0 -180
0 -180 0 180 0 -0 0 -0 1.49457e-13 -54.8751 0 0 0 0 0 -0 0 180
0 -180 0 -180 0 0 1.29389e-13 -118.876 1.67966e-13 23.6956 0 0 0 0 0 0 0 -180
0 -180 0 -180 0 0 0 180 1.12183e-13 -163.962 0 -180 0 0 0 0 0 -180
0 -180 0 0 0 -180 0.194579 -111.607 0.269446 50.6414 0 -180 0 -180 0 0 0 -180
0 -180 0 0 0 -180 0 -180 1.40408 41.9002 0 -180 0 -180 0 0 0 -180
inside=0 lambda=0.647 phi=35 theta=15
0 180 0 180 0 -180 0.066506 -99.7529 0.0485457 -27.6616 0 0 0 180 0 180 0 -180
0 -0 0 -0 0 180 0 180 1.01073 43.6195 0 -0 0 -0 0 -0 0 180
0 180 0 -180 0 0 0.0145628 179.809 0.07337 -121.431 0 0 0 -0 0 0 0 -180
0 -180 0 180 0 -0 0 -180 0.109261 -144.02 0 -0 0 0 0 -0 0 180
0 -180 0 -180 0 0 0.0432571 -139.064 0.0727209 -120.806 0 180 0 0 0 0 0 -180
0 -180 0 -180 0 0 0 180 0.107253 -144.794 0 -0 0 0 0 0 0 -180
0 -180 0 0 0 -180 0.178935 -120.471 0.252614 49.6852 0 -180 0 -180 0 0 0 -180
0 -180 0 0 0 -180 0 -180 1.37785 41.9783 0 -180 0 -180 0 0 0 -180
inside=0 lambda=0.647 phi=35 theta=30
0 180 0 180 0 -180 0 -0 0.0750417 15.3923 0 0 0 180 0 180 0 -180
0 -0 0 -0 0 180 0 180 1.0939 43.0132 0 -0 0 -180 0 -180 0 180
0 180 0 -180 0 0 0 180 0.128762 -121.849 0 0 0 -0 0 180 0 -180
0 -180 0 180 0 -0 0 -180 0.187873 -144.726 0 -0 0 0 0 -0 0 180
0 -180 0 -180 0 0 0 -180 0.128429 -121.355 0 180 0 0 0 0 0 -180
0 -180 0 -180 0 0 0 180 0.185448 -144.354 0 -0 0 0 0 0 0 -180
0 180 0 -0 0 180 0 -180 0.20631 45.8917 0 -180 0 -180 0 0 0 -180
0 -180 0 0 0 -180 0 -180 1.30734 42.0842 0 -180 0 -180 0 0 0 -180
inside=0 lambda=0.647 phi=35 theta=45
0 180 0 -180 0 -180 0 -0 0.136561 37.3005 0 0 0 180 0 180 0 -180
0 -180 0 -180 0 -180 0 0 1.20053 42.3831 0 -0 0 -180 0 -180 0 180
0 180 0 -180 0 0 0 180 0.148355 -121.948 0 0 0 -0 0 180 0 -180
0 -180 0 180 0 0 0 -180 0.215272 -144.493 0 0 0 0 0 -0 0 180
0 180 0 180 0 -0 0 -180 0.148355 -121.948 0 180 0 0 0 0 0 -180
0 -180 0 -180 0 0 0 180 0.215272 -144.493 0 -0 0 0 0 0 0 180
0 180 0 -0 0 180 0 -180 0.136561 37.3005 0 180 0 -180 0 0 0 -180
0 -180 0 0 0 -180 0 -180 1.20053 42.3831 0 -180 0 -180 0 -0 0 180
inside=0 lambda=0.647 phi=40 theta=0
0 180 0 180 0 -180 0.147372 -93.8699 0.184716 -105.063 0 0 0 180 0 180 0 -180
0 -0 0 -0 0 180 0 180 0.790373 38.0099 0 -0 0 -0 0 -0 0 180
0 180 0 -0 0 0 8.83636e-13 62.1073 3.76317e-13 -143.013 0 -0 0 -0 0 180 0 -180
0 -0 0 180 0 -0 0 0 5.7968e-13 178.644 0 180 0 180 0 -0 0 180
0 -180 0 -180 0 0 8.43762e-13 -137.616 4.2375e-13 101.397 0 -0 0 0 0 0 0 -180
0 -180 0 -180 0 0 0 180 2.14689e-13 -40.9092 0 -0 0 0 0 0 0 -180
0 -180 0 0 0 -180 0.23029 -96.4698 0.42351 47.6555 0 -180 0 -180 0 0 0 -180
0 -180 0 0 0 -180 0 -180 1.57707 34.3845 0 -180 0 -180 0 0 0 -180
inside=0 lambda=0.647 phi=40 theta=15
0 180 0 180 0 -180 0.122102 -99.8744 0.148322 -99.198 0 0 0 180 0 180 0 -180
0 -0 0 -0 0 180 0 180 0.845617 37.5943 0 -0 0 -0 0 -0 0 180
0 180 0 -180 0 0 0.0251774 123.763 0.151969 -124.452 0 0 0 -0 0 180 0 -180
0 -0 0 180 0 -0 0 -0 0.20087 -149.64 0 -0 0 180 0 -0 0 180
0 -180 0 -180 0 0 0.0693903 -129.79 0.151014 -124.374 0 180 0 0 0 0 0 -180
0 -180 0 -180 0 0 0 180 0.199933 -150.717 0 -0 0 0 0 0 0 -180
0 -180 0 0 0 -180 0.20031 -105.166 0.388174 46.4536 0 -180 0 -180 0 0 0 -180
0 -180 0 0 0 -180 0 -180 1.52827 34.4536 0 -180 0 -180 0 0 0 -180
inside=0 lambda=0.647 phi=40 theta=30
0 180 0 180 0 -180 0.0473166 -123.856 0.0728426 -52.5861 0 0 0 180 0 180 0 -180
0 -0 0 -0 0 180 0 180 0.997685 36.5582 0 -0 0 -0 0 -0 0 180
0 180 0 -180 0 0 0.0303829 143.05 0.268442 -124.576 0 0 0 -0 0 180 0 -180
0 -180 0 180 0 -0 0 -0 0.350651 -150.247 0 -0 0 0 0 -0 0 180
0 -180 0 180 0 -0 0.0759332 -153.152 0.266439 -124.422 0 180 0 0 0 0 0 -180
0 -180 0 -180 0 0 0 180 0.344165 -150.736 0 -0 0 0 0 0 0 180
0 180 0 -0 0 180 0.146237 -139.651 0.285079 42.1012 0 -180 0 -180 0 0 0 -180
0 -180 0 0 0 -180 0 -180 1.39164 34.8166 0 -180 0 -180 0 -0 0 180
inside=0 lambda=0.647 phi=40 theta=45
0 180 0 180 0 -180 0 -0 0.144703 26.1615 0 0 0 180 0 180 0 -180
0 -0 0 -180 0 180 0 0 1.19852 35.2377 0 -0 0 -180 0 -180 0 180
0 180 0 -180 0 0 0 180 0.311156 -125.346 0 0 0 -0 0 180 0 -180
0 -180 0 180 0 -0 0 -180 0.400405 -150.645 0 -0 0 0 0 -0 0 180
0 180 0 180 0 -0 0 -180 0.311156 -125.346 0 180 0 0 0 0 0 -180
0 -180 0 -180 0 0 0 180 0.400405 -150.645 0 -0 0 -0 0 -0 0 180
0 180 0 -0 0 180 0 180 0.144703 26.1615 0 180 0 -180 0 0 0 -180
0 -0 0 0 0 -180 0 -180 1.19852 35.2377 0 -180 0 180 0 -0 0 180
inside=0 lambda=0.647 phi=45 theta=0
0 180 0 180 0 -180 0.295943 -118.334 0.949888 -177.92 0 0 0 180 0 180 0 -180
0 -0 0 -0 0 0 0 180 0 180 0 -180 0 -0 0 -0 0 0
0 180 0 -0 0 0 4.22221e-13 120.016 1.48384e-13 -4.20087 0 180 0 -0 0 180 0 -180
0 -0 0 180 0 -180 0 0 0 -0 0 -180 0 180 0 -0 0 0
0 -180 0 -180 0 0 1.89348e-12 132.015 3.39133e-12 156.935 0 180 0 0 0 0 0 -180
0 -180 0 -180 0 0 0 0 0 0 0 180 0 0 0 0 0 -180
0 -180 0 0 0 -180 0.31785 -99.4932 0.953648 11.2638 0 -180 0 -180 0 0 0 -180
0 -180 0 0 0 -180 0 -180 0 0 0 -180 0 -180 0 0 0 -180
inside=0 lambda=0.647 phi=45 theta=15
0 0 0 0 0 -180 0.221291 -127.038 0.831357 -178.659 0 0 0 180 0 180 0 -0
0 -0 0 -0 0 180 0 180 0 0 0 -0 0 -180 0 -180 0 0
0 180 0 -180 0 0 0.124445 49.387 0.482277 -171.186 0 0 0 -0 0 180 0 -180
0 -0 0 180 0 -0 0 -0 0 180 0 -0 0 0 0 -180 0 0
0 -180 0 180 0 -0 0.123349 -141.483 0.481115 -172.303 0 180 0 0 0 0 0 -180
0 -180 0 -180 0 0 0 180 0 180 0 -180 0 -0 0 -0 0 180
0 180 0 -0 0 180 0.244802 -105.194 0.837427 11.2514 0 180 0 -180 0 0 0 -180
0 -180 0 0 0 -180 0 -180 0 0 0 -180 0 180 0 -0 0 180
inside=0 lambda=0.647 phi=45 theta=30
0 0 0 0 0 -180 0.0815337 -131.931 0.483449 177.799 0 0 0 180 0 180 0 -0
0 -0 0 -0 0 180 0 180 0 0 0 -0 0 -180 0 -180 0 0
0 180 0 -180 0 0 0.124352 22.9904 0.859897 -172.344 0 0 0 -0 0 180 0 -0
0 -0 0 180 0 -0 0 -0 0 180 0 -0 0 0 0 -180 0 0
0 180 0 180 0 -0 0.118841 -167.014 0.85184 -172.944 0 180 0 0 0 0 0 -180
0 -180 0 -180 0 0 0 180 0 180 0 -180 0 -0 0 -0 0 180
0 180 0 -0 0 180 0.120747 -117.952 0.486112 13.1704 0 180 0 -180 0 0 0 -180
0 -180 0 0 0 -180 0 -180 0 0 0 -180 0 180 0 -0 0 180
inside=0 lambda=0.647 phi=45 theta=45
0 0 0 0 0 -180 0 -0 0.064767 96.3079 0 0 0 180 0 180 0 -0
0 -0 0 -0 0 180 0 0 0 0 0 -0 0 -180 0 -180 0 0
0 180 0 -180 0 0 0 180 0.9979 -173.692 0 0 0 -0 0 180 0 -180
0 -180 0 180 0 -0 0 -180 0 180 0 -0 0 0 0 -180 0 180
0 180 0 180 0 -0 0 -180 0.9979 -173.692 0 180 0 0 0 0 0 -180
0 -180 0 -180 0 0 0 180 0 180 0 -180 0 -0 0 -0 0 180
0 0 0 -0 0 180 0 0 0.064767 96.3079 0 180 0 -180 0 0 0 -0
0 -0 0 0 0 -180 0 -0 0 0 0 -180 0 180 0 -0 0 0
inside=1 lambda=0.647 phi=0 theta=0
0 -180 0 -180 0 -180 0 0 0.0936915 -112.965 0 0 0 -180 0 -180 0 -180
0 -180 0 -180 0 -180 0 0 0.824922 60.3384 0 0 0 -180 0 -180 0 -180
0 -180 0 0 0 0 0 -180 6.86324e-13 -149.234 0 -180 0 0 0 0 0 -180
0 -180 0 0 0 0 0 -180 9.4309e-13 -154.553 0 -180 0 0 0 -0 0 -180
0 -180 0 0 0 0 0 -0 1.86188e-13 41.5676 0 -0 0 0 0 0 0 -180
0 -180 0 0 0 0 0 0 1.19837e-13 89.8221 0 0 0 0 0 0 0 -180
0 -180 0 0 0 -180 0 -180 0.0936915 -112.965 0 -180 0 -180 0 0 0 -180
0 -180 0 0 0 -180 0 -180 0.824922 60.3384 0 -180 0 -180 0 0 0 -180
inside=1 lambda=0.647 phi=0 theta=15
0 -180 0 -180 0 -180 0 0 0.0936915 -112.965 0 0 0 -180 0 -180 0 -180
0 -180 0 -180 0 -180 0 0 0.824922 60.3384 0 0 0 -180 0 -180 0 -180
0 -180 0 0 0 0 0 -180 6.86324e-13 -149.234 0 -180 0 0 0 0 0 -180
0 -180 0 0 0 0 0 -180 9.4309e-13 -154.553 0 -180 0 0 0 -0 0 -180
0 -180 0 0 0 0 0 -0 1.86188e-13 41.5676 0 -0 0 0 0 0 0 -180
0 -180 0 0 0 0 0 0 1.19837e-13 89.8221 0 0 0 0 0 0 0 -180
0 -180 0 0 0 -180 0 -180 0.0936915 -112.965 0 -180 0 -180 0 0 0 -180
0 -180 0 0 0 -180 0 -180 0.824922 60.3384 0 -180 0 -180 0 0 0 -180
inside=1 lambda=0.647 phi=0 theta=30
0 -180 0 -180 0 -180 0 0 0.0936915 -112.965 0 0 0 -180 0 -180 0 -180
0 -180 0 -180 0 -180 0 0 0.824922 60.3384 0 0 0 -180 0 -180 0 -180
0 -180 0 0 0 0 0 -180 6.86324e-13 -149.234 0 -180 0 0 0 0 0 -180
0 -180 0 0 0 0 0 -180 9.4309e-13 -154.553 0 -180 0 0 0 -0 0 -180
0 -180 0 0 0 0 0 -0 1.86188e-13 41.5676 0 -0 0 0 0 0 0 -180
0 -180 0 0 0 0 0 0 1.19837e-13 89.8221 0 0 0 0 0 0 0 -180
0 -180 0 0 0 -180 0 -180 0.0936915 -112.965 0 -180 0 -180 0 0 0 -180
0 -180 0 0 0 -180 0 -180 0.824922 60.3384 0 -180 0 -180 0 0 0 -180
inside=1 lambda=0.647 phi=0 theta=45
0 -180 0 -180 0 -180 0 0 0.0936915 -112.965 0 0 0 -180 0 -180 0 -180
0 -180 0 -180 0 -180 0 0 0.824922 60.3384 0 0 0 -180 0 -180 0 -180
0 -180 0 0 0 0 0 -180 6.86324e-13 -149.234 0 -180 0 0 0 0 0 -180
0 -180 0 0 0 0 0 -180 9.4309e-13 -154.553 0 -180 0 0 0 -0 0 -180
0 -180 0 0 0 0 0 -0 1.86188e-13 41.5676 0 -0 0 0 0 0 0 -180
0 -180 0 0 0 0 0 0 1.19837e-13 89.8221 0 0 0 0 0 0 0 -180
0 -180 0 0 0 -180 0 -180 0.0936915 -112.965 0 -180 0 -180 0 0 0 -180
0 -180 0 0 0 -180 0 -180 0.824922 60.3384 0 -180 0 -180 0 0 0 -180
inside=1 lambda=0.647 phi=5 theta=0
0 -180 0 -180 0 -180 0 0 0.09366 -113.047 0 0 0 -180 0 -180 0 -180
0 -180 0 -180 0 -180 0 0 0.825758 60.1804 0 0 0 -180 0 -180 0 -180
0 -180 0 -180 0 0 0 -0 7.96961e-14 113.588 0 0 0 0 0 0 0 -180
0 -180 0 180 0 0 0 -0 1.55722e-13 10.6729 0 0 0 0 0 -0 0 -180
0 -180 0 -180 0 0 0 180 7.14266e-14 151.766 0 -180 0 0 0 0 0 -180
0 -180 0 -180 0 0 0 -0 8.24467e-14 -31.4014 0 -180 0 0 0 0 0 -180
0 -180 0 0 0 -180 0 -180 0.0946158 -113.307 0 -180 0 -180 0 0 0 -180
0 -180 0 0 0 -180 0 -180 0.824017 60.173 0 -180 0 -180 0 0 0 -180
inside=1 lambda=0.647 phi=5 theta=15
0 -180 0 -180 0 -180 0 0 0.093724 -113.064 0 0 0 -180 0 -180 0 -180
0 -180 0 -180 0 -180 0 0 0.825641 60.1799 0 0 0 -180 0 -180 0 -180
0 -180 0 -180 0 0 0 -180 0.000259818 48.0191 0 0 0 0 0 0 0 -180
0 -180 0 180 0 0 0 -180 0.000438444 66.5792 0 0 0 0 0 -0 0 -180
0 -180 0 -180 0 0 0 -180 0.000259824 47.9838 0 0 0 0 0 0 0 -180
0 -180 0 -180 0 0 0 180 0.000438382 66.5632 0 -0 0 0 0 0 0 -180
0 -180 0 0 0 -180 0 -180 0.0945517 -113.29 0 -180 0 -180 0 0 0 -180
0 -180 0 0 0 -180 0 -180 0.824134 60.1735 0 -180 0 -180 0 0 0 -180
inside=1 lambda=0.647 phi=5 theta=30
0 -180 0 -180 0 -180 0 0 0.0938988 -113.112 0 0 0 -180 0 -180 0 -180
0 -180 0 -180 0 -180 0 0 0.825323 60.1785 0 0 0 -180 0 -180 0 -180
0 -180 0 -180 0 0 0 -180 0.00045002 48.0117 0 0 0 0 0 0 0 -180
0 -180 0 180 0 0 0 -180 0.000759385 66.5758 0 0 0 0 0 -0 0 -180
0 -180 0 -180 0 0 0 -180 0.000450026 47.9913 0 0 0 0 0 0 0 -180
0 -180 0 -180 0 0 0 180 0.000759323 66.5666 0 -0 0 0 0 0 0 -180
0 -180 0 0 0 -180 0 -180 0.0943767 -113.242 0 -180 0 -180 0 0 0 -180
0 -180 0 0 0 -180 0 -180 0.824452 60.1749 0 -180 0 -180 0 0 0 -180
inside=1 lambda=0.647 phi=5 theta=45
0 -180 0 -180 0 -180 0 0 0.0941377 -113.177 0 0 0 -180 0 -180 0 -180
0 -180 0 -180 0 -180 0 0 0.824887 60.1767 0 0 0 -180 0 -180 0 -180
0 -180 0 -180 0 0 0 -180 0.000519642 48.0015 0 0 0 0 0 0 0 -180
0 -180 0 180 0 0 0 -180 0.000876826 66.5711 0 0 0 0 0 -0 0 -180
0 -180 0 -180 0 0 0 -180 0.000519642 48.0015 0 0 0 0 0 0 0 -180
0 -180 0 -180 0 0 0 180 0.000876826 66.5711 0 -0 0 0 0 0 0 -180
0 -180 0 0 0 -180 0 -180 0.0941377 -113.177 0 -180 0 -180 0 0 0 -180
0 -180 0 0 0 -180 0 -180 0.824887 60.1767 0 -180 0 -180 0 0 0 -180
inside=1 lambda=0.647 phi=10 theta=0
0 -180 0 -180 0 -180 0 0 0.0935116 -113.279 0 0 0 -180 0 -180 0 -180
0 -180 0 -180 0 -180 0 0 0.828305 59.709 0 0 0 -180 0 -180 0 -180
0 -180 0 -180 0 0 0 0 2.4739e-13 47.9317 0 0 0 0 0 0 0 -180
0 -180 0 180 0 0 0 0 3.30161e-13 49.8381 0 0 0 0 0 -0 0 -180
0 -180 0 -180 0 0 0 0 5.35976e-14 -18.6283 0 -180 0 0 0 0 0 -180
0 -180 0 -180 0 0 0 0 6.14085e-14 148.661 0 -180 0 0 0 0 0 -180
0 -180 0 0 0 -180 0 -180 0.0974282 -114.324 0 -180 0 -180 0 0 0 -180
0 -180 0 0 0 -180 0 -180 0.82127 59.6788 0 -180 0 -180 0 0 0 -180
inside=1 lambda=0.647 phi=10 theta=15
0 -180 0 -180 0 -180 0 0 0.0937729 -113.351 0 0 0 -180 0 -180 0 -180
0 -180 0 -180 0 -180 0 0 0.827834 59.7069 0 0 0 -180 0 -180 0 -180
0 -180 0 -180 0 0 0 -180 0.00106398 47.4463 0 0 0 0 0 0 0 -180
0 -180 0 180 0 0 0 -180 0.00177247 66.1251 0 0 0 0 0 -0 0 -180
0 -180 0 -180 0 0 0 -180 0.00106406 47.3088 0 0 0 0 0 0 0 -180
0 -180 0 -180 0 0 0 180 0.00177148 66.062 0 -0 0 0 0 0 0 -180
0 -180 0 0 0 -180 0 -180 0.0971649 -114.256 0 -180 0 -180 0 0 0 -180
0 -180 0 0 0 -180 0 -180 0.821742 59.6808 0 -180 0 -180 0 0 0 -180
inside=1 lambda=0.647 phi=10 theta=30
0 -180 0 -180 0 -180 0 0 0.0944877 -113.546 0 0 0 -180 0 -180 0 -180
0 -180 0 -180 0 -180 0 0 0.826547 59.7014 0 0 0 -180 0 -180 0 -180
0 -180 0 -180 0 0 0 -180 0.0018429 47.4171 0 0 0 0 0 0 0 -180
0 -180 0 180 0 0 0 -180 0.00306964 66.1112 0 0 0 0 0 -0 0 -180
0 -180 0 -180 0 0 0 -180 0.00184298 47.3378 0 0 0 0 0 0 0 -180
0 -180 0 -180 0 0 0 180 0.00306864 66.0747 0 -0 0 0 0 0 0 -180
0 -180 0 0 0 -180 0 -180 0.0964461 -114.069 0 -180 0 -180 0 0 0 -180
0 -180 0 0 0 -180 0 -180 0.823029 59.6863 0 -180 0 -180 0 0 0 -180
inside=1 lambda=0.647 phi=10 theta=45
0 -180 0 -180 0 -180 0 0 0.0954659 -113.81 0 0 0 -180 0 -180 0 -180
0 -180 0 -180 0 -180 0 0 0.824788 59.6938 0 0 0 -180 0 -180 0 -180
0 -180 0 -180 0 0 0 -180 0.00212805 47.3774 0 0 0 0 0 0 0 -180
0 -180 0 180 0 0 0 -180 0.00354393 66.0926 0 0 0 0 0 -0 0 -180
0 -180 0 -180 0 0 0 -180 0.00212805 47.3774 0 0 0 0 0 0 0 -180
0 -180 0 -180 0 0 0 180 0.00354393 66.0926 0 -0 0 0 0 0 0 -180
0 -180 0 0 0 -180 0 -180 0.0954659 -113.81 0 -180 0 -180 0 0 0 -180
0 -180 0 0 0 -180 0 -180 0.824788 59.6938 0 -180 0 -180 0 0 0 -180
inside=1 lambda=0.647 phi=15 theta=0
0 -180 0 -180 0 -180 0 0 0.0930833 -113.615 0 0 0 -180 0 -180 0 -180
0 -180 0 -180 0 -180 0 0 0.832689 58.9327 0 0 0 -180 0 -180 0 -180
0 -180 0 -180 0 0 0 0 1.54561e-13 156.359 0 180 0 0 0 0 0 -180
0 -180 0 180 0 0 0 180 1.1463e-13 -30.9073 0 -180 0 0 0 -0 0 -180
0 -180 0 -180 0 0 0 -0 2.35336e-13 160.24 0 180 0 0 0 0 0 -180
0 -180 0 -180 0 0 0 -0 1.1234e-13 11.0156 0 -180 0 0 0 0 0 -180
0 -180 0 0 0 -180 0 -180 0.102248 -115.983 0 -180 0 -180 0 0 0 -180
0 -180 0 0 0 -180 0 -180 0.816583 58.8621 0 -180 0 -180 0 0 0 -180
inside=1 lambda=0.647 phi=15 theta=15
0 -180 0 -180 0 -180 0 0 0.0936918 -113.785 0 0 0 -180 0 -180 0 -180
0 -180 0 -180 0 -180 0 0 0.83161 58.9278 0 0 0 -180 0 -180 0 -180
0 -180 0 -180 0 0 0 -180 0.00248779 46.4971 0 0 0 0 0 0 0 -180
0 -180 0 180 0 0 0 -180 0.00405958 65.3746 0 0 0 0 0 -0 0 -180
0 -180 0 -180 0 0 0 -180 0.00248815 46.2007 0 0 0 0 0 0 0 -180
0 -180 0 -180 0 0 0 180 0.00405441 65.2349 0 -0 0 0 0 0 0 -180
0 -180 0 0 0 -180 0 -180 0.101629 -115.835 0 -180 0 -180 0 0 0 -180
0 -180 0 0 0 -180 0 -180 0.817662 58.8666 0 -180 0 -180 0 0 0 -180
inside=1 lambda=0.647 phi=15 theta=30
0 -180 0 -180 0 -180 0 0 0.0953583 -114.241 0 0 0 -180 0 -180 0 -180
0 -180 0 -180 0 -180 0 0 0.828662 58.9146 0 0 0 -180 0 -180 0 -180
0 -180 0 -180 0 0 0 -180 0.00430915 46.4341 0 0 0 0 0 0 0 -180
0 -180 0 180 0 0 0 -180 0.00702941 65.3419 0 0 0 0 0 -0 0 -180
0 -180 0 -180 0 0 0 -180 0.0043095 46.2632 0 0 0 0 0 0 0 -180
0 -180 0 -180 0 0 0 180 0.00702425 65.2614 0 -0 0 0 0 0 0 -180
0 -180 0 0 0 -180 0 -180 0.0999416 -115.423 0 -180 0 -180 0 0 0 -180
0 -180 0 0 0 -180 0 -180 0.820609 58.8793 0 -180 0 -180 0 0 0 -180
inside=1 lambda=0.647 phi=15 theta=45
0 -180 0 -180 0 -180 0 0 0.0976446 -114.844 0 0 0 -180 0 -180 0 -180
0 -180 0 -180 0 -180 0 0 0.824636 58.8968 0 0 0 -180 0 -180 0 -180
0 -180 0 -180 0 0 0 -180 0.004976 46.3485 0 0 0 0 0 0 0 -180
0 -180 0 180 0 0 0 -180 0.00811383 65.3001 0 0 0 0 0 -0 0 -180
0 -180 0 -180 0 0 0 -180 0.004976 46.3485 0 0 0 0 0 0 0 -180
0 -180 0 -180 0 0 0 180 0.00811383 65.3001 0 -0 0 0 0 0 0 -180
0 -180 0 0 0 -180 0 -180 0.0976446 -114.844 0 -180 0 -180 0 0 0 -180
0 -180 0 0 0 -180 0 -180 0.824636 58.8968 0 -180 0 -180 0 0 0 -180
inside=1 lambda=0.647 phi=20 theta=0
0 180 0 -180 0 -180 0 -0 0.0921022 -113.969 0 0 0 180 0 -180 0 -180
0 -180 0 -180 0 -180 0 0 0.839126 57.8656 0 0 0 -180 0 -180 0 -180
0 180 0 -180 0 0 0 -0 8.93788e-14 -35.6313 0 0 0 -0 0 0 0 -180
0 -180 0 180 0 0 0 -0 6.18028e-14 157.695 0 180 0 0 0 -0 0 -180
0 -180 0 -180 0 0 0 180 1.38041e-13 -46.3004 0 -0 0 0 0 0 0 -180
0 -180 0 -180 0 0 0 -180 8.22186e-14 -131.893 0 0 0 0 0 0 0 -180
0 -180 0 0 0 -180 0 -180 0.109283 -118.236 0 -180 0 -180 0 0 0 -180
0 -180 0 0 0 -180 0 -180 0.809783 57.7334 0 -180 0 -180 0 0 0 -180
inside=1 lambda=0.647 phi=20 theta=15
0 180 0 -180 0 -180 0 -0 0.0932337 -114.295 0 0 0 180 0 -180 0 -180
0 -180 0 -180 0 -180 0 0 0.83716 57.8562 0 0 0 -180 0 -180 0 -180
0 -180 0 -180 0 0 0 -180 0.00466089 45.1801 0 0 0 -0 0 0 0 -180
0 -180 0 180 0 0 0 -180 0.00740043 64.3371 0 0 0 0 0 -0 0 -180
0 -180 0 -180 0 0 0 -180 0.00466166 44.6818 0 0 0 0 0 0 0 -180
0 -180 0 -180 0 0 0 180 0.00738345 64.0943 0 -0 0 0 0 0 0 -180
0 -180 0 0 0 -180 0 -180 0.108115 -117.984 0 -180 0 -180 0 0 0 -180
0 -180 0 0 0 -180 0 -180 0.811749 57.7417 0 -180 0 -180 0 0 0 -180
inside=1 lambda=0.647 phi=20 theta=30
0 180 0 -180 0 -180 0 -0 0.096341 -115.153 0 0 0 180 0 -180 0 -180
0 -180 0 -180 0 -180 0 0 0.83179 57.831 0 0 0 -180 0 -180 0 -180
0 -180 0 -180 0 0 0 -180 0.00807336 45.0739 0 0 0 -0 0 0 0 -180
0 -180 0 180 0 0 0 -180 0.0128111 64.2758 0 0 0 0 0 -0 0 -180
0 -180 0 -180 0 0 0 -180 0.00807411 44.7874 0 0 0 0 0 0 0 -180
0 -180 0 -180 0 0 0 180 0.0127942 64.1361 0 -0 0 0 0 0 0 -180
0 -180 0 0 0 -180 0 -180 0.104936 -117.275 0 -180 0 -180 0 0 0 -180
0 -180 0 0 0 -180 0 -180 0.817119 57.7649 0 -180 0 -180 0 0 0 -180
inside=1 lambda=0.647 phi=20 theta=45
0 -180 0 -180 0 -180 0 0 0.10062 -116.251 0 0 0 180 0 -180 0 -180
0 -180 0 -180 0 -180 0 0 0.824454 57.7975 0 0 0 -180 0 -180 0 -180
0 -180 0 -180 0 0 0 -180 0.00932284 44.9305 0 0 0 0 0 0 0 -180
0 -180 0 180 0 0 0 -180 0.0147829 64.2011 0 0 0 0 0 -0 0 -180
0 -180 0 -180 0 0 0 -180 0.00932284 44.9305 0 0 0 0 0 0 0 -180
0 -180 0 -180 0 0 0 180 0.0147829 64.2011 0 -0 0 0 0 0 0 -180
0 -180 0 0 0 180 0 -180 0.10062 -116.251 0 -180 0 -180 0 0 0 -180
0 -180 0 0 0 -180 0 -180 0.824454 57.7975 0 -180 0 -180 0 0 0 -180
inside=1 lambda=0.647 phi=25 theta=0
0 180 0 180 0 -180 0 -0 0.0901856 -114.188 0 0 0 180 0 180 0 -180
0 -180 0 -180 0 -180 0 0 0.847947 56.5275 0 0 0 -180 0 -180 0 -180
0 180 0 -180 0 0 0 -0 3.7515e-14 -27.5262 0 180 0 -0 0 0 0 -180
0 -180 0 180 0 0 0 -0 2.79711e-14 166.837 0 180 0 0 0 -0 0 -180
0 -180 0 -180 0 0 0 180 1.85485e-14 -11.3876 0 180 0 0 0 0 0 -180
0 -180 0 -180 0 0 0 -0 5.46621e-14 151.311 0 -180 0 0 0 0 0 -180
0 -180 0 0 0 -180 0 -180 0.118834 -121.027 0 -180 0 -180 0 0 0 -180
0 -180 0 0 0 -180 0 -180 0.800616 56.3079 0 -180 0 -180 0 0 0 -180
inside=1 lambda=0.647 phi=25 theta=15
0 180 0 180 0 -180 0 -0 0.0920498 -114.759 0 0 0 180 0 180 0 -180
0 -180 0 -180 0 -180 0 0 0.844776 56.5115 0 0 0 -180 0 -180 0 -180
0 180 0 -180 0 0 0 -180 0.00777387 43.5072 0 0 0 -0 0 0 0 -180
0 -180 0 180 0 0 0 -180 0.0119466 63.0267 0 0 0 0 0 -0 0 -180
0 -180 0 -180 0 0 0 -180 0.00777442 42.7783 0 0 0 0 0 0 0 -180
0 -180 0 -180 0 0 0 180 0.0119029 62.6572 0 -0 0 0 0 0 0 -180
0 -180 0 0 0 -180 0 -180 0.116871 -120.654 0 -180 0 -180 0 0 0 -180
0 -180 0 0 0 -180 0 -180 0.803787 56.3212 0 -180 0 -180 0 0 0 -180
inside=1 lambda=0.647 phi=25 theta=30
0 180 0 -180 0 -180 0 -0 0.0971922 -116.217 0 0 0 180 0 180 0 -180
0 -180 0 -180 0 -180 0 0 0.836112 56.4688 0 0 0 -180 0 -180 0 -180
0 180 0 -180 0 0 0 -180 0.0134655 43.3519 0 0 0 -0 0 0 0 -180
0 -180 0 180 0 0 0 -180 0.0206734 62.9239 0 0 0 0 0 -0 0 -180
0 -180 0 -180 0 0 0 -180 0.013466 42.9356 0 0 0 0 0 0 0 -180
0 -180 0 -180 0 0 0 180 0.0206306 62.7126 0 -0 0 0 0 0 0 -180
0 -180 0 0 0 180 0 -180 0.111535 -119.589 0 -180 0 -180 0 0 0 -180
0 -180 0 0 0 -180 0 -180 0.812449 56.3587 0 -180 0 -180 0 0 0 -180
inside=1 lambda=0.647 phi=25 theta=45
0 180 0 -180 0 -180 0 -0 0.104316 -118 0 0 0 180 0 -180 0 -180
0 -180 0 -180 0 -180 0 0 0.82428 56.4125 0 0 0 -180 0 -180 0 -180
0 -180 0 -180 0 0 0 -180 0.0155492 43.1441 0 0 0 -0 0 0 0 -180
0 -180 0 180 0 0 0 -180 0.0238456 62.8067 0 0 0 0 0 -0 0 -180
0 -180 0 -180 0 -0 0 -180 0.0155492 43.1441 0 0 0 0 0 0 0 -180
0 -180 0 -180 0 0 0 180 0.0238456 62.8067 0 -0 0 0 0 0 0 -180
0 180 0 -0 0 180 0 -180 0.104316 -118 0 -180 0 -180 0 0 0 -180
0 -180 0 0 0 -180 0 -180 0.82428 56.4125 0 -180 0 -180 0 0 0 -180
inside=1 lambda=0.647 phi=30 theta=0
0 180 0 180 0 -180 0 -0 0.0868523 -114.006 0 0 0 180 0 180 0 -180
0 -180 0 -180 0 -180 0 0 0.859619 54.9444 0 0 0 -180 0 -180 0 -180
0 180 0 -180 0 0 0 0 9.93982e-14 -106.282 0 -180 0 -0 0 0 0 -180
0 -180 0 180 0 0 0 -0 1.21297e-13 -162.119 0 -180 0 0 0 -0 0 -180
0 -180 0 -180 0 0 0 -0 5.90157e-14 -68.6095 0 0 0 0 0 0 0 -180
0 -180 0 -180 0 0 0 -180 6.46202e-14 165.69 0 0 0 0 0 0 0 -180
0 -180 0 0 0 -180 0 -180 0.131318 -124.297 0 -180 0 -180 0 0 0 -180
0 -180 0 0 0 -180 0 -180 0.788728 54.6058 0 -180 0 -180 0 0 0 -180
inside=1 lambda=0.647 phi=30 theta=15
0 180 0 180 0 -180 0 -0 0.0896915 -114.972 0 0 0 180 0 180 0 -180
0 -180 0 -180 0 -180 0 0 0.854868 54.9188 0 0 0 -180 0 -180 0 -180
0 180 0 -180 0 0 0 -180 0.0120886 41.4937 0 0 0 -0 0 0 0 -180
0 -180 0 180 0 0 0 -180 0.0179131 61.463 0 0 0 0 0 -0 0 -180
0 -180 0 -180 0 0 0 -180 0.0120858 40.517 0 0 0 0 0 0 0 -180
0 -180 0 -180 0 0 0 180 0.0178153 60.9459 0 -0 0 0 0 0 0 -180
0 -180 0 0 0 -180 0 -180 0.12824 -123.792 0 -180 0 -180 0 0 0 -180
0 -180 0 0 0 -180 0 -180 0.793478 54.6251 0 -180 0 -180 0 0 0 -180
inside=1 lambda=0.647 phi=30 theta=30
0 180 0 180 0 -180 0 -0 0.0975876 -117.338 0 0 0 180 0 180 0 -180
0 -180 0 -180 0 -180 0 0 0.84189 54.8512 0 0 0 -180 0 -180 0 -180
0 180 0 -0 0 0 0 -180 0.0209384 41.2868 0 0 0 -0 0 0 0 -180
0 -180 0 180 0 0 0 -180 0.0309809 61.3014 0 0 0 0 0 -0 0 -180
0 -180 0 -180 0 -0 0 -180 0.0209355 40.7355 0 0 0 0 0 0 0 -180
0 -180 0 -180 0 0 0 180 0.0308875 61.0088 0 -0 0 0 0 0 0 -180
0 -180 0 -0 0 180 0 -180 0.119889 -122.326 0 -180 0 -180 0 0 0 -180
0 -180 0 0 0 -180 0 -180 0.806451 54.6813 0 -180 0 -180 0 0 0 -180
inside=1 lambda=0.647 phi=30 theta=45
0 180 0 -180 0 -180 0 -0 0.108629 -120.052 0 0 0 180 0 180 0 -180
0 -180 0 -180 0 -180 0 0 0.82417 54.7636 0 0 0 -180 0 -180 0 -180
0 180 0 -180 0 0 0 -180 0.0241767 41.0135 0 0 0 -0 0 0 0 -180
0 -180 0 180 0 0 0 -180 0.0357158 61.1317 0 0 0 0 0 -0 0 -180
0 180 0 -180 0 -0 0 -180 0.0241767 41.0135 0 0 0 0 0 0 0 -180
0 -180 0 -180 0 0 0 180 0.0357158 61.1317 0 -0 0 0 0 0 0 -180
0 180 0 -0 0 180 0 -180 0.108629 -120.052 0 180 0 -180 0 0 0 -180
0 -180 0 0 0 -180 0 -180 0.82417 54.7636 0 -180 0 -180 0 0 0 -180
inside=1 lambda=0.647 phi=35 theta=0
0 180 0 180 0 -180 0 -0 0.0815703 -112.93 0 0 0 180 0 180 0 -180
0 -180 0 -180 0 -180 0 0 0.874787 53.1497 0 0 0 -180 0 -180 0 -180
0 180 0 -180 0 0 0 -0 3.14864e-14 113.552 0 180 0 -0 0 0 0 -180
0 -180 0 180 0 0 0 180 6.2651e-14 -60.2757 0 180 0 0 0 -0 0 -180
0 -180 0 -180 0 0 0 180 1.16718e-13 159.709 0 -0 0 0 0 0 0 -180
0 -180 0 -180 0 0 0 -0 9.54831e-14 10.5519 0 0 0 0 0 0 0 -180
0 -180 0 0 0 -180 0 -180 0.147287 -127.999 0 -180 0 -180 0 0 0 -180
0 -180 0 0 0 -180 0 -180 0.773643 52.654 0 -180 0 -180 0 0 0 -180
inside=1 lambda=0.647 phi=35 theta=15
0 180 0 180 0 -180 0 -0 0.0856313 -114.576 0 0 0 180 0 180 0 -180
0 -180 0 -180 0 -180 0 0 0.868005 53.1097 0 0 0 -180 0 -180 0 -180
0 180 0 -0 0 0 0 180 0.0179539 39.1584 0 0 0 -0 0 0 0 -180
0 -180 0 180 0 0 0 -180 0.0255971 59.6736 0 0 0 0 0 -0 0 -180
0 -180 0 -180 0 -0 0 -180 0.0179376 37.9207 0 0 0 0 0 0 0 -180
0 -180 0 -180 0 0 0 180 0.0253952 58.9887 0 -0 0 0 0 0 0 -180
0 -180 0 0 0 180 0 -180 0.142678 -127.35 0 -180 0 -180 0 0 0 -180
0 -180 0 0 0 -180 0 -180 0.780422 52.6795 0 -180 0 -180 0 0 0 -180
inside=1 lambda=0.647 phi=35 theta=30
0 180 0 180 0 -180 0 -0 0.097115 -118.38 0 0 0 180 0 180 0 -180
0 -180 0 -180 0 -180 0 0 0.849488 53.0073 0 0 0 -180 0 -180 0 -180
0 180 0 -0 0 0 0 180 0.031093 38.9006 0 0 0 -0 0 0 0 -180
0 -180 0 180 0 0 0 -180 0.0442314 59.4277 0 0 0 0 0 -0 0 -180
0 -180 0 -180 0 -0 0 -0 0.0310777 38.2165 0 0 0 0 0 0 0 -180
0 -180 0 -180 0 0 0 180 0.0440472 59.0471 0 -0 0 0 0 0 0 -180
0 180 0 -0 0 180 0 -180 0.130195 -125.451 0 180 0 -180 0 0 0 -180
0 -180 0 0 0 -180 0 -180 0.798932 52.7579 0 -180 0 -180 0 0 0 -180
inside=1 lambda=0.647 phi=35 theta=45
0 180 0 -180 0 -180 0 -0 0.113426 -122.37 0 0 0 180 0 180 0 -180
0 -180 0 -180 0 -180 0 0 0.824208 52.8776 0 0 0 -180 0 -180 0 -180
0 180 0 -0 0 0 0 180 0.0358954 38.5655 0 0 0 -0 0 0 0 -180
0 -180 0 180 0 0 0 -180 0.050957 59.195 0 0 0 0 0 -0 0 -180
0 180 0 180 0 -0 0 -0 0.0358954 38.5655 0 0 0 0 0 0 0 -180
0 -180 0 -180 0 0 0 180 0.050957 59.195 0 -0 0 0 0 0 0 -180
0 180 0 -0 0 180 0 -180 0.113426 -122.37 0 180 0 -180 0 0 0 -180
0 -180 0 0 0 -180 0 -180 0.824208 52.8776 0 -180 0 -180 0 0 0 -180
inside=1 lambda=0.647 phi=40 theta=0
0 180 0 180 0 -180 0 -0 0.07395 -109.981 0 0 0 180 0 180 0 -180
0 -180 0 -180 0 180 0 0 0.894323 51.1886 0 -0 0 -180 0 -180 0 180
0 180 0 -180 0 0 0 -180 4.48553e-14 135.04 0 -0 0 -0 0 0 0 -180
0 -180 0 180 0 0 0 -180 2.14174e-14 89.5406 0 -0 0 0 0 -0 0 -180
0 -180 0 -180 0 0 0 0 5.9419e-14 28.4616 0 -0 0 0 0 0 0 -180
0 -180 0 -180 0 0 0 180 1.3138e-13 -84.6584 0 -180 0 0 0 0 0 -180
0 -180 0 0 0 -180 0 -180 0.167462 -132.115 0 -180 0 -180 0 0 0 -180
0 -180 0 0 0 -180 0 -180 0.754733 50.4923 0 -180 0 -180 0 0 0 -180
inside=1 lambda=0.647 phi=40 theta=15
0 180 0 180 0 -180 0 -0 0.0793482 -112.893 0 0 0 180 0 180 0 -180
0 -180 0 -180 0 180 0 0 0.884959 51.1241 0 -0 0 -180 0 -180 0 180
0 180 0 -0 0 0 0 180 0.0258291 36.5223 0 0 0 -0 0 0 0 -180
0 -180 0 180 0 0 0 -180 0.0354109 57.701 0 0 0 0 0 -0 0 -180
0 -180 0 -180 0 -0 0 -0 0.0257714 35.0011 0 0 0 0 0 0 0 -180
0 -180 0 -180 0 0 0 180 0.0350065 56.824 0 -0 0 0 0 0 0 -180
0 -180 0 -0 0 180 0 -180 0.160777 -131.293 0 -180 0 -180 0 0 0 -180
0 -180 0 0 0 -180 0 -180 0.764098 50.5183 0 -180 0 -180 0 0 0 -180
inside=1 lambda=0.647 phi=40 theta=30
0 180 0 180 0 -180 0 -0 0.0952673 -119.131 0 0 0 180 0 180 0 -180
0 -180 0 -180 0 180 0 0 0.859401 50.9715 0 0 0 -180 0 -180 0 -180
0 180 0 -0 0 0 0 180 0.0447145 36.218 0 0 0 -0 0 0 0 -180
0 -180 0 180 0 0 0 -180 0.061095 57.3275 0 0 0 0 0 -0 0 -180
0 180 0 180 0 -0 0 -0 0.0446651 35.408 0 0 0 0 0 0 0 -180
0 -180 0 -180 0 0 0 180 0.0607561 56.8548 0 -0 0 0 0 0 0 -180
0 180 0 -0 0 180 0 -180 0.142712 -128.934 0 180 0 -180 0 0 0 -180
0 -180 0 0 0 -180 0 -180 0.789645 50.6198 0 -180 0 -180 0 0 0 -180
inside=1 lambda=0.647 phi=40 theta=45
0 180 0 180 0 -180 0 -0 0.118534 -124.919 0 0 0 180 0 180 0 -180
0 -180 0 -180 0 -180 0 0 0.824518 50.7868 0 0 0 -180 0 -180 0 -180
0 180 0 -0 0 0 0 180 0.0516039 35.8288 0 0 0 -0 0 0 0 -180
0 -180 0 180 0 0 0 -180 0.070325 57.0204 0 0 0 0 0 -0 0 -180
0 180 0 180 0 -0 0 -0 0.0516039 35.8288 0 0 0 0 0 0 0 -180
0 -180 0 -180 0 0 0 180 0.070325 57.0204 0 -0 0 0 0 0 0 -180
0 180 0 -0 0 180 0 180 0.118534 -124.919 0 180 0 -180 0 0 0 -180
0 -180 0 0 0 -180 0 -180 0.824518 50.7868 0 -180 0 -180 0 0 0 -180
inside=1 lambda=0.647 phi=45 theta=0
0 180 0 180 0 -180 0 -0 0.0655357 -102.576 0 0 0 180 0 180 0 -180
0 -180 0 -180 0 180 0.0138126 -14.1527 0.918409 49.174 0 -0 0 -180 0 -180 0 180
0 180 0 -180 0 0 0 -180 2.21318e-13 131.504 0 -0 0 -0 0 0 0 -180
0 -180 0 180 0 0 6.24327e-13 -150.877 1.1238e-13 39.2117 0 -0 0 0 0 -0 0 -180
0 -180 0 -180 0 0 0 180 4.57013e-14 120.162 0 0 0 0 0 0 0 -180
0 -180 0 -180 0 0 2.74684e-14 -127.485 6.55033e-14 28.4938 0 0 0 0 0 0 0 -180
0 -180 0 0 0 -180 0 -180 0.193907 -136.957 0 -180 0 -180 0 0 0 -180
0 -180 0 0 0 -180 0.105049 -148.822 0.730165 48.2507 0 -180 0 -180 0 0 0 -180
inside=1 lambda=0.647 phi=45 theta=15
0 180 0 180 0 -180 0 -0 0.0706962 -108.542 0 0 0 180 0 180 0 -180
0 -180 0 -180 0 180 0 0 0.90676 49.0198 0 -0 0 -0 0 -180 0 180
0 180 0 -0 0 0 0 180 0.0363287 33.6012 0 0 0 -0 0 0 0 -180
0 -180 0 180 0 -0 0 -180 0.0479659 55.6362 0 -0 0 0 0 -0 0 -180
0 -180 0 -180 0 -0 0 -0 0.0361419 31.7188 0 0 0 0 0 0 0 -180
0 -180 0 -180 0 0 0 180 0.0471085 54.5212 0 -0 0 0 0 0 0 -180
0 -180 0 -0 0 180 0 -180 0.183289 -135.643 0 -180 0 -180 0 0 0 -180
0 -180 0 0 0 -180 0 -180 0.743835 48.1971 0 -180 0 -180 0 0 0 -180
inside=1 lambda=0.647 phi=45 theta=30
0 180 0 180 0 -180 0 -0 0.0914457 -119.233 0 0 0 180 0 180 0 -180
0 -180 0 -180 0 180 0 0 0.872307 48.7848 0 -0 0 -0 0 -180 0 180
0 180 0 -0 0 0 0 180 0.0628239 33.2665 0 0 0 -0 0 0 0 -180
0 -180 0 180 0 0 0 -180 0.0824686 55.0316 0 -0 0 0 0 -0 0 -180
0 180 0 180 0 -0 0 -0 0.0626941 32.339 0 0 0 0 0 0 0 -180
0 -180 0 -180 0 0 0 180 0.0818734 54.4649 0 -0 0 0 0 0 0 -180
0 180 0 -0 0 180 0 -180 0.157773 -132.75 0 180 0 -180 0 0 0 -180
0 -180 0 0 0 -180 0 -180 0.778278 48.3046 0 -180 0 -180 0 0 0 -180
inside=1 lambda=0.647 phi=45 theta=45
0 180 0 180 0 -180 0 -0 0.123728 -127.666 0 0 0 180 0 180 0 -180
0 -180 0 -180 0 180 0 0 0.825284 48.5295 0 -0 0 -180 0 -180 0 -180
0 180 0 -0 0 0 0 180 0.0724643 32.8332 0 0 0 -0 0 0 0 -180
0 -180 0 180 0 0 0 -180 0.0948258 54.6371 0 0 0 0 0 -0 0 -180
0 180 0 180 0 -0 0 -0 0.0724643 32.8332 0 0 0 0 0 0 0 -180
0 -180 0 -180 0 0 0 180 0.0948258 54.6371 0 -0 0 0 0 0 0 -180
0 180 0 -0 0 180 0 180 0.123728 -127.666 0 180 0 -180 0 0 0 -180
0 -180 0 0 0 -180 0 -180 0.825284 48.5295 0 -180 0 180 0 -0 0 -180
