RSoft_BSDF_File_Version 2
1 0 5 2 1 1.18857
0.3 0.3
-1 1
-1 1
1 0.647 0.647
10 0 45 0.5
4 0 45
Begin_Dispersion_Data
0.647 1.45662 0 1 0 0
End_Dispersion_Data
inside=0 lambda=0.647 phi=0 theta=0
0 -180 0 -180 0 -180 0 0 0.0806265 57.9749 0 0 0 -180 0 -180 0 -180
0 -180 0 -180 0 -180 0 0 1.20297 64.3478 0 0 0 -180 0 -180 0 -180
0 -180 0 180 0 0 0 0 2.78848e-13 -61.9822 0 180 0 0 0 180 0 -180
0 -180 0 -0 0 0 0 -180 4.22515e-13 79.0471 0 180 0 0 0 -0 0 -180
0 -180 0 0 0 0 0 180 9.18244e-14 -67.9806 0 180 0 0 0 0 0 -180
0 -180 0 -0 0 0 0 -0 1.09381e-13 25.2615 0 0 0 0 0 0 0 -180
0 -180 0 0 0 -180 0 -180 0.0806265 57.9749 0 -180 0 -180 0 0 0 -180
0 -180 0 0 0 -180 0 -180 1.20297 64.3478 0 -180 0 -180 0 0 0 -180
inside=0 lambda=0.647 phi=0 theta=15
0 -180 0 -180 0 -180 0 0 0.0806265 57.9749 0 0 0 -180 0 -180 0 -180
0 -180 0 -180 0 -180 0 0 1.20297 64.3478 0 0 0 -180 0 -180 0 -180
0 -180 0 180 0 0 0 0 2.78848e-13 -61.9822 0 180 0 0 0 180 0 -180
0 -180 0 -0 0 0 0 -180 4.22515e-13 79.0471 0 180 0 0 0 -0 0 -180
0 -180 0 0 0 0 0 180 9.18244e-14 -67.9806 0 180 0 0 0 0 0 -180
0 -180 0 -0 0 0 0 -0 1.09381e-13 25.2615 0 0 0 0 0 0 0 -180
0 -180 0 0 0 -180 0 -180 0.0806265 57.9749 0 -180 0 -180 0 0 0 -180
0 -180 0 0 0 -180 0 -180 1.20297 64.3478 0 -180 0 -180 0 0 0 -180
inside=0 lambda=0.647 phi=0 theta=30
0 -180 0 -180 0 -180 0 0 0.0806265 57.9749 0 0 0 -180 0 -180 0 -180
0 -180 0 -180 0 -180 0 0 1.20297 64.3478 0 0 0 -180 0 -180 0 -180
0 -180 0 180 0 0 0 0 2.78848e-13 -61.9822 0 180 0 0 0 180 0 -180
0 -180 0 -0 0 0 0 -180 4.22515e-13 79.0471 0 180 0 0 0 -0 0 -180
0 -180 0 0 0 0 0 180 9.18244e-14 -67.9806 0 180 0 0 0 0 0 -180
0 -180 0 -0 0 0 0 -0 1.09381e-13 25.2615 0 0 0 0 0 0 0 -180
0 -180 0 0 0 -180 0 -180 0.0806265 57.9749 0 -180 0 -180 0 0 0 -180
0 -180 0 0 0 -180 0 -180 1.20297 64.3478 0 -180 0 -180 0 0 0 -180
inside=0 lambda=0.647 phi=0 theta=45
0 -180 0 -180 0 -180 0 0 0.0806265 57.9749 0 0 0 -180 0 -180 0 -180
0 -180 0 -180 0 -180 0 0 1.20297 64.3478 0 0 0 -180 0 -180 0 -180
0 -180 0 180 0 0 0 0 2.78848e-13 -61.9822 0 180 0 0 0 180 0 -180
0 -180 0 -0 0 0 0 -180 4.22515e-13 79.0471 0 180 0 0 0 -0 0 -180
0 -180 0 0 0 0 0 180 9.18244e-14 -67.9806 0 180 0 0 0 0 0 -180
0 -180 0 -0 0 0 0 -0 1.09381e-13 25.2615 0 0 0 0 0 0 0 -180
0 -180 0 0 0 -180 0 -180 0.0806265 57.9749 0 -180 0 -180 0 0 0 -180
0 -180 0 0 0 -180 0 -180 1.20297 64.3478 0 -180 0 -180 0 0 0 -180
inside=0 lambda=0.647 phi=5 theta=0
0 -180 0 -180 0 -180 0 0 0.0916592 55.259 0 0 0 -180 0 -180 0 -180
0 -180 0 -180 0 -180 0 0 1.19923 59.9605 0 0 0 -180 0 -180 0 -180
0 -180 0 -180 0 0 0 0 2.06943e-13 -129.971 0 0 0 0 0 0 0 -180
0 -180 0 180 0 0 0 -180 2.7375e-12 157.453 0 -0 0 0 0 -0 0 -180
0 -180 0 -180 0 0 0 180 3.83789e-13 -122.972 0 180 0 0 0 0 0 -180
0 -180 0 -180 0 0 0 180 2.80977e-12 148.506 0 180 0 0 0 0 0 -180
0 -180 0 0 0 -180 0 -180 0.0940398 55.575 0 -180 0 -180 0 0 0 -180
0 -180 0 0 0 -180 0 -180 1.20415 59.8344 0 -180 0 -180 0 0 0 -180
inside=0 lambda=0.647 phi=5 theta=15
0 -180 0 -180 0 -180 0 0 0.0918195 55.2801 0 0 0 -180 0 -180 0 -180
0 -180 0 -180 0 -180 0 0 1.19956 59.9519 0 0 0 -180 0 -180 0 -180
0 -180 0 -180 0 0 0 -180 0.000727544 -119.353 0 0 0 0 0 0 0 -180
0 -180 0 180 0 0 0 -180 0.00215554 -175.82 0 0 0 0 0 -0 0 -180
0 -180 0 -180 0 0 0 -180 0.000726733 -119.315 0 0 0 0 0 0 0 -180
0 -180 0 -180 0 0 0 180 0.00214564 -175.664 0 -0 0 0 0 0 0 -180
0 -180 0 0 0 -180 0 -180 0.0938812 55.5537 0 -180 0 -180 0 0 0 -180
0 -180 0 0 0 -180 0 -180 1.20382 59.8427 0 -180 0 -180 0 0 0 -180
inside=0 lambda=0.647 phi=5 theta=30
0 -180 0 -180 0 -180 0 0 0.0922571 55.3378 0 0 0 -180 0 -180 0 -180
0 -180 0 -180 0 -180 0 0 1.20046 59.9285 0 0 0 -180 0 -180 0 -180
0 -180 0 -180 0 0 0 -180 0.00125984 -119.346 0 0 0 0 0 0 0 -180
0 -180 0 180 0 0 0 -180 0.00372983 -175.787 0 0 0 0 0 -0 0 -180
0 -180 0 -180 0 0 0 -180 0.00125903 -119.324 0 0 0 0 0 0 0 -180
0 -180 0 -180 0 0 0 180 0.00371993 -175.697 0 -0 0 0 0 0 0 -180
0 -180 0 0 0 -180 0 -180 0.0934474 55.4958 0 -180 0 -180 0 0 0 -180
0 -180 0 0 0 -180 0 -180 1.20292 59.8655 0 -180 0 -180 0 0 0 -180
inside=0 lambda=0.647 phi=5 theta=45
0 -180 0 -180 0 -180 0 0 0.0928532 55.4167 0 0 0 -180 0 -180 0 -180
0 -180 0 -180 0 -180 0 0 1.20169 59.8968 0 0 0 -180 0 -180 0 -180
0 -180 0 -180 0 0 0 -180 0.00145427 -119.335 0 0 0 0 0 0 0 -180
0 -180 0 180 0 0 0 -180 0.00430109 -175.742 0 0 0 0 0 -0 0 -180
0 -180 0 -180 0 0 0 -180 0.00145427 -119.335 0 0 0 0 0 0 0 -180
0 -180 0 -180 0 0 0 180 0.00430109 -175.742 0 -0 0 0 0 0 0 -180
0 -180 0 0 0 -180 0 -180 0.0928532 55.4167 0 -180 0 -180 0 0 0 -180
0 -180 0 0 0 -180 0 -180 1.20169 59.8968 0 -180 0 -180 0 0 0 -180
inside=0 lambda=0.647 phi=10 theta=0
0 -180 0 -180 0 -180 0 0 0.119709 45.7073 0 0 0 -180 0 -180 0 -180
0 -180 0 -180 0 -180 0 0 1.18764 46.8605 0 0 0 -180 0 -180 0 -180
0 -180 0 -180 0 0 0 -0 1.62689e-13 -143.666 0 -0 0 0 0 0 0 -180
0 -180 0 180 0 0 0 -180 1.2724e-12 134.931 0 -0 0 0 0 -0 0 -180
0 -180 0 -180 0 0 0 180 1.68419e-13 -152.879 0 180 0 0 0 0 0 -180
0 -180 0 -180 0 0 0 -180 1.25943e-12 136.215 0 -180 0 0 0 0 0 -180
0 -180 0 0 0 -180 0 -180 0.132554 45.9129 0 -180 0 -180 0 0 0 -180
0 -180 0 0 0 -180 0 -180 1.20692 46.3429 0 -180 0 -180 0 0 0 -180
inside=0 lambda=0.647 phi=10 theta=15
0 -180 0 -180 0 -180 0 0 0.120582 45.7138 0 0 0 -180 0 -180 0 -180
0 -180 0 -180 0 -180 0 0 1.1889 46.8233 0 0 0 -180 0 -180 0 -180
0 -180 0 -180 0 0 0 -180 0.00365976 -136.965 0 0 0 0 0 0 0 -180
0 -180 0 180 0 0 0 -180 0.00877379 169.452 0 0 0 0 0 -0 0 -180
0 -180 0 -180 0 0 0 -180 0.00364779 -136.854 0 0 0 0 0 0 0 -180
0 -180 0 -180 0 0 0 180 0.00860444 170.073 0 -0 0 0 0 0 0 -180
0 -180 0 0 0 -180 0 -180 0.131707 45.8925 0 -180 0 -180 0 0 0 -180
0 -180 0 0 0 -180 0 -180 1.2056 46.3751 0 -180 0 -180 0 0 0 -180
inside=0 lambda=0.647 phi=10 theta=30
0 -180 0 -180 0 -180 0 0 0.122959 45.7375 0 0 0 -180 0 -180 0 -180
0 -180 0 -180 0 -180 0 0 1.19238 46.7237 0 0 0 -180 0 -180 0 -180
0 -180 0 -180 0 0 0 -180 0.0063342 -136.943 0 0 0 0 0 0 0 -180
0 -180 0 180 0 0 0 -180 0.0151308 169.585 0 0 0 0 0 -0 0 -180
0 -180 0 -180 0 0 0 -180 0.00632225 -136.879 0 0 0 0 0 0 0 -180
0 -180 0 -180 0 0 0 180 0.0149615 169.943 0 -0 0 0 0 0 0 -180
0 -180 0 0 0 -180 0 -180 0.129383 45.8413 0 -180 0 -180 0 0 0 -180
0 -180 0 0 0 -180 0 -180 1.20202 46.4649 0 -180 0 -180 0 0 0 -180
inside=0 lambda=0.647 phi=10 theta=45
0 -180 0 -180 0 -180 0 0 0.126184 45.7825 0 0 0 -180 0 -180 0 -180
0 -180 0 -180 0 -180 0 0 1.19717 46.5918 0 0 0 -180 0 -180 0 -180
0 -180 0 -180 0 0 0 -180 0.00730703 -136.911 0 0 0 0 0 0 0 -180
0 -180 0 180 0 0 0 -180 0.0173716 169.765 0 0 0 0 0 -0 0 -180
0 -180 0 -180 0 0 0 -180 0.00730703 -136.911 0 0 0 0 0 0 0 -180
0 -180 0 -180 0 0 0 180 0.0173716 169.765 0 -0 0 0 0 0 0 -180
0 -180 0 0 0 -180 0 -180 0.126184 45.7825 0 -180 0 -180 0 0 0 -180
0 -180 0 0 0 -180 0 -180 1.19717 46.5918 0 -180 0 -180 0 0 0 -180
inside=0 lambda=0.647 phi=15 theta=0
0 -180 0 -180 0 -180 0 0 0.147267 28.5008 0 0 0 -180 0 -180 0 -180
0 -180 0 -180 0 180 0 0 1.16895 25.1975 0 -0 0 -180 0 -180 0 180
0 -180 0 -180 0 0 0 -0 1.23592e-13 -43.5362 0 180 0 0 0 0 0 -180
0 -180 0 180 0 -0 0 -180 1.19622e-12 -67.4812 0 0 0 0 0 -0 0 180
0 -180 0 -180 0 0 0 180 1.66523e-13 -30.8233 0 -180 0 0 0 0 0 -180
0 180 0 180 0 0 0 -0 1.18584e-12 -69.8708 0 -180 0 -0 0 -0 0 -180
0 -180 0 0 0 -180 0 -180 0.185001 26.623 0 -180 0 -180 0 0 0 -180
0 180 0 -0 0 180 0 180 1.21123 24.0808 0 -180 0 180 0 -0 0 180
inside=0 lambda=0.647 phi=15 theta=15
0 -180 0 -180 0 -180 0 0 0.149819 28.3045 0 0 0 -180 0 -180 0 -180
0 -180 0 -180 0 180 0 0 1.17165 25.11 0 -0 0 -180 0 -180 0 180
0 -180 0 -180 0 0 0 -180 0.0102384 -163.836 0 0 0 0 0 0 0 -180
0 -180 0 180 0 -0 0 -180 0.0200641 146.155 0 -0 0 0 0 -0 0 180
0 -180 0 -180 0 0 0 -180 0.0101964 -163.662 0 180 0 0 0 0 0 -180
0 180 0 180 0 0 0 180 0.0191157 147.639 0 -0 0 -0 0 -0 0 180
0 -180 0 0 0 -180 0 -180 0.182507 26.6923 0 -180 0 -180 0 0 0 -180
0 180 0 -0 0 -180 0 180 1.20826 24.1428 0 -180 0 180 0 -0 0 180
inside=0 lambda=0.647 phi=15 theta=30
0 -180 0 -180 0 -180 0 0 0.156779 27.8307 0 0 0 -180 0 -180 0 -180
0 -180 0 -180 0 180 0 0 1.17913 24.8802 0 -0 0 -180 0 -180 0 180
0 -180 0 -180 0 0 0 -180 0.0177132 -163.796 0 0 0 0 0 0 0 -180
0 -180 0 180 0 -0 0 -180 0.0343536 146.481 0 -0 0 0 0 -0 0 180
0 -180 0 -180 0 0 0 -180 0.0176715 -163.695 0 0 0 0 0 0 0 -180
0 -180 0 180 0 0 0 180 0.0334087 147.337 0 -0 0 -0 0 -0 0 180
0 -180 0 0 0 -180 0 -180 0.175661 26.9158 0 -180 0 -180 0 0 0 -180
0 -180 0 0 0 -180 0 180 1.20026 24.3217 0 -180 0 180 0 -0 0 180
inside=0 lambda=0.647 phi=15 theta=45
0 -180 0 -180 0 -180 0 0 0.166248 27.3116 0 0 0 -180 0 -180 0 -180
0 -180 0 -180 0 180 0 0 1.18956 24.5884 0 -0 0 -180 0 -180 0 180
0 -180 0 -180 0 0 0 -180 0.0204266 -163.743 0 0 0 0 0 0 0 -180
0 -180 0 180 0 -0 0 -180 0.0390941 146.915 0 -0 0 0 0 -0 0 180
0 -180 0 -180 0 0 0 -180 0.0204266 -163.743 0 0 0 0 0 0 0 -180
0 -180 0 -180 0 0 0 180 0.0390941 146.915 0 -0 0 -0 0 -0 0 180
0 -180 0 0 0 -180 0 -180 0.166248 27.3116 0 -180 0 -180 0 0 0 -180
0 -180 0 0 0 -180 0 -180 1.18956 24.5884 0 -180 0 180 0 -0 0 180
inside=0 lambda=0.647 phi=20 theta=0
0 -180 0 -180 0 -180 0 0 0.144945 5.84872 0 0 0 -180 0 -180 0 -180
0 180 0 180 0 180 0 -0 1.14708 -5.03343 0 -0 0 180 0 180 0 180
0 -180 0 -180 0 0 0 -0 1.94437e-13 45.308 0 180 0 0 0 0 0 -180
0 180 0 0 0 -0 0 0 1.34229e-12 81.0698 0 -180 0 -0 0 -180 0 180
0 -180 0 -180 0 0 0 -0 1.54787e-13 79.4841 0 -0 0 0 0 0 0 -180
0 180 0 180 0 -0 0 0 1.08739e-12 83.9083 0 0 0 -0 0 -0 0 180
0 -180 0 0 0 -180 0 -180 0.218244 -2.47678 0 -180 0 -180 0 0 0 -180
0 180 0 -0 0 180 0 180 1.22615 -6.65063 0 180 0 180 0 -0 0 180
inside=0 lambda=0.647 phi=20 theta=15
0 -180 0 -180 0 -180 0 0 0.149599 4.91127 0 0 0 -180 0 -180 0 -180
0 180 0 180 0 180 0 -0 1.15205 -5.18794 0 -0 0 180 0 180 0 180
0 -180 0 -180 0 0 0 -180 0.0194102 159.589 0 0 0 0 0 180 0 -180
0 180 0 0 0 -0 0 180 0.0370318 116.715 0 -0 0 -0 0 -180 0 180
0 -180 0 -180 0 0 0 -180 0.0194107 159.826 0 180 0 0 0 0 0 -180
0 180 0 180 0 -0 0 0 0.0336944 119.945 0 -180 0 -0 0 -0 0 180
0 -180 0 0 0 -180 0 -180 0.213181 -2.17567 0 -180 0 -180 0 0 0 -180
0 180 0 -0 0 180 0 180 1.2205 -6.58823 0 180 0 180 0 -0 0 180
inside=0 lambda=0.647 phi=20 theta=30
0 -180 0 -180 0 -180 0 0 0.162579 2.73112 0 0 0 -180 0 -180 0 -180
0 180 0 180 0 180 0 -0 1.16587 -5.57432 0 -0 0 180 0 180 0 180
0 -180 0 -180 0 0 0 -180 0.0335833 159.692 0 0 0 0 0 180 0 -180
0 180 0 0 0 -0 0 180 0.06259 117.458 0 -0 0 -0 0 -180 0 180
0 -180 0 -180 0 0 0 -180 0.033586 159.832 0 180 0 0 0 0 0 -180
0 180 0 180 0 -0 0 0 0.0592941 119.324 0 -180 0 -0 0 -0 0 180
0 -180 0 0 0 -180 0 -180 0.199399 -1.22309 0 -180 0 -180 0 0 0 -180
0 180 0 -0 0 180 0 180 1.20535 -6.38249 0 180 0 180 0 -0 0 180
inside=0 lambda=0.647 phi=20 theta=45
0 -180 0 -180 0 -180 0 0 0.180793 0.457935 0 0 0 -180 0 -180 0 -180
0 180 0 180 0 180 0 -0 1.18529 -6.02272 0 -0 0 180 0 180 0 180
0 -180 0 -180 0 0 0 -180 0.0387605 159.788 0 0 0 0 0 180 0 -180
0 180 0 0 0 -0 0 180 0.070196 118.422 0 -0 0 -0 0 -180 0 180
0 -180 0 -180 0 0 0 -180 0.0387605 159.788 0 180 0 0 0 0 0 -180
0 180 0 180 0 -0 0 0 0.070196 118.422 0 -180 0 -0 0 -0 0 180
0 -180 0 0 0 -180 0 -180 0.180793 0.457935 0 -180 0 -180 0 0 0 -180
0 180 0 -0 0 180 0 180 1.18529 -6.02272 0 180 0 180 0 -0 0 180
inside=0 lambda=0.647 phi=25 theta=0
0 180 0 180 0 -180 0 0 0.0947935 -11.0435 0 0 0 180 0 180 0 -180
0 180 0 180 0 0 0 -0 1.12035 -44.2682 0 -180 0 180 0 180 0 0
0 -180 0 -0 0 0 0 -0 2.70863e-13 -144.692 0 180 0 0 0 180 0 -180
0 180 0 0 0 -0 0 -0 1.71459e-12 -141.146 0 180 0 -0 0 -180 0 180
0 -180 0 -180 0 0 0 -0 5.41284e-13 -179.036 0 -0 0 0 0 0 0 -180
0 180 0 180 0 -0 0 0 2.45426e-12 -133.955 0 -180 0 -0 0 -0 0 180
0 -180 0 0 0 -180 0 -180 0.168334 -42.7147 0 -180 0 -180 0 0 0 -180
0 180 0 -0 0 180 0 180 1.27581 -46.3356 0 180 0 180 0 -0 0 180
inside=0 lambda=0.647 phi=25 theta=15
0 180 0 -180 0 -180 0 0 0.0972419 -14.5667 0 0 0 180 0 180 0 -180
0 180 0 180 0 0 0 -0 1.13004 -44.5791 0 -180 0 180 0 180 0 0
0 -180 0 -0 0 0 0 -180 0.0216438 103.995 0 0 0 -0 0 180 0 -180
0 180 0 0 0 -0 0 180 0.067624 80.4928 0 -180 0 -0 0 -180 0 180
0 -180 0 -180 0 0 0 -180 0.0221761 104.686 0 0 0 0 0 0 0 -180
0 180 0 180 0 -0 0 0 0.0585551 86.5733 0 -180 0 -0 0 -0 0 180
0 -180 0 0 0 -180 0 -180 0.16151 -41.5718 0 -180 0 -180 0 0 0 -180
0 180 0 -0 0 180 0 180 1.26468 -46.37 0 180 0 180 0 -0 0 180
inside=0 lambda=0.647 phi=25 theta=30
0 -180 0 -180 0 -180 0 0 0.10627 -22.9201 0 0 0 180 0 180 0 -180
0 180 0 180 0 0 0 -0 1.15711 -45.2825 0 -180 0 180 0 180 0 180
0 -180 0 -0 0 0 0 -180 0.0374159 104.398 0 0 0 -0 0 180 0 -180
0 180 0 0 0 -0 0 180 0.11238 81.9257 0 -180 0 -0 0 -180 0 180
0 -180 0 -180 0 0 0 -180 0.0379429 104.804 0 0 0 0 0 0 0 -180
0 180 0 180 0 -0 0 0 0.103627 85.4383 0 -180 0 -0 0 -0 0 180
0 -180 0 0 0 180 0 -180 0.14401 -38.021 0 -180 0 -180 0 0 0 -180
0 180 0 -0 0 180 0 180 1.23488 -46.3174 0 180 0 180 0 -0 0 180
inside=0 lambda=0.647 phi=25 theta=45
0 -180 0 -180 0 -180 0 0 0.123099 -31.6787 0 0 0 180 0 -180 0 -180
0 180 0 180 0 180 0 -0 1.19535 -45.9547 0 -0 0 180 0 180 0 180
0 -180 0 -0 0 0 0 -180 0.0433702 104.719 0 0 0 0 0 0 0 -180
0 180 0 0 0 -0 0 180 0.124029 83.7554 0 -0 0 -0 0 -180 0 180
0 -180 0 -180 0 0 0 -0 0.0433702 104.719 0 0 0 0 0 0 0 -180
0 180 0 180 0 -0 0 0 0.124029 83.7554 0 -180 0 -0 0 -0 0 180
0 -180 0 0 0 180 0 -180 0.123099 -31.6787 0 -180 0 -180 0 0 0 -180
0 180 0 -0 0 180 0 180 1.19535 -45.9547 0 180 0 180 0 -0 0 180
inside=0 lambda=0.647 phi=30 theta=0
0 180 0 180 0 -180 0.045907 -75.0677 0.0581956 9.85103 0 0 0 180 0 180 0 -180
0 180 0 180 0 0 0 -180 1.06674 -92.4712 0 -180 0 180 0 180 0 0
0 -180 0 -0 0 0 1.21388e-13 170.906 2.22245e-13 99.111 0 -180 0 0 0 180 0 -180
0 180 0 -0 0 -180 0 -0 2.8797e-13 -45.2197 0 180 0 -0 0 180 0 0
0 -180 0 -180 0 0 5.85484e-15 -11.74 6.72609e-13 -36.8247 0 -180 0 0 0 0 0 -180
0 0 0 0 0 -180 0 0 1.04479e-12 -13.0121 0 -180 0 -180 0 -180 0 0
0 -180 0 0 0 -180 0.225073 -106.485 0.0360192 111.769 0 -180 0 -180 0 0 0 -180
0 0 0 -180 0 0 0 0 1.34811 -96.8776 0 0 0 0 0 -180 0 0
inside=0 lambda=0.647 phi=30 theta=15
0 180 0 180 0 -180 0 -0 0.0606798 13.9131 0 0 0 180 0 180 0 -180
0 180 0 180 0 0 0 -180 1.08721 -93.3839 0 -180 0 180 0 180 0 0
0 180 0 -0 0 0 0 -180 0.0230139 -53.9039 0 0 0 -0 0 180 0 -180
0 180 0 -0 0 -180 0 0 0.12937 28.9256 0 -180 0 -0 0 180 0 0
0 -180 0 -180 0 0 0 -180 0.0218986 -47.9459 0 0 0 0 0 0 0 -180
0 0 0 0 0 -180 0 -0 0.104053 36.5554 0 -180 0 -180 0 -180 0 0
0 -180 0 0 0 -180 0 -180 0.0426207 97.4549 0 -180 0 -180 0 0 0 -180
0 0 0 -180 0 0 0 0 1.33239 -97.2245 0 0 0 0 0 -180 0 0
inside=0 lambda=0.647 phi=30 theta=30
0 180 0 -180 0 -180 0 0 0.056129 26.6099 0 0 0 180 0 180 0 -180
0 180 0 180 0 0 0 -180 1.13257 -95.362 0 -180 0 180 0 180 0 0
0 -180 0 -180 0 0 0 -180 0.0385963 -55.9066 0 0 0 -0 0 180 0 -180
0 0 0 -0 0 -180 0 0 0.207539 30.2712 0 -180 0 -180 0 180 0 0
0 -180 0 -180 0 0 0 -180 0.0375856 -52.8259 0 0 0 0 0 0 0 -180
0 0 0 0 0 -180 0 -0 0.184658 34.8351 0 180 0 -180 0 -180 0 0
0 -180 0 0 0 -180 0 -180 0.0473487 70.3972 0 -180 0 -180 0 0 0 -180
0 0 0 -180 0 0 0 0 1.27337 -97.6201 0 0 0 0 0 -180 0 0
inside=0 lambda=0.647 phi=30 theta=45
0 -180 0 -180 0 -180 0 0 0.0520169 46.9897 0 0 0 180 0 -180 0 -180
0 0 0 0 0 0 0 -180 1.19979 -96.9849 0 -180 0 0 0 180 0 0
0 -180 0 -180 0 0 0 -180 0.043611 -55.4606 0 0 0 0 0 0 0 -180
0 0 0 -0 0 -180 0 0 0.223573 32.4968 0 -180 0 -180 0 180 0 0
0 -180 0 -180 0 0 0 -180 0.043611 -55.4606 0 0 0 0 0 0 0 -180
0 0 0 0 0 -180 0 -0 0.223573 32.4968 0 180 0 -180 0 -180 0 0
0 -180 0 0 0 180 0 -180 0.0520169 46.9897 0 -180 0 -180 0 0 0 -180
0 0 0 -180 0 0 0 0 1.19979 -96.9849 0 180 0 0 0 -180 0 0
inside=0 lambda=0.647 phi=35 theta=0
0 180 0 180 0 -180 0.128288 -61.2527 0.0193269 177.095 0 0 0 180 0 180 0 -180
0 0 0 0 0 -0 0 -180 0.972371 -149.942 0 180 0 0 0 0 0 -0
0 -180 0 -0 0 0 1.1563e-13 -151.342 1.08898e-13 -88.957 0 -180 0 0 0 180 0 -180
0 0 0 -0 0 180 0 180 5.13125e-13 119.638 0 -180 0 -180 0 180 0 -0
0 -180 0 -180 0 0 2.24405e-13 -108.56 1.51159e-13 6.03262 0 0 0 0 0 0 0 -180
0 -0 0 0 0 -180 0 -0 2.52361e-13 -11.6796 0 0 0 180 0 -180 0 0
0 -180 0 0 0 -180 0.273227 -93.2079 0.324282 23.5389 0 -180 0 -180 0 0 0 -180
0 -0 0 -180 0 0 0 -0 1.3637 -156.51 0 0 0 -0 0 -180 0 0
inside=0 lambda=0.647 phi=35 theta=15
0 180 0 180 0 -180 0.103664 -70.5772 0.0150526 15.7795 0 0 0 180 0 180 0 -180
0 0 0 0 0 -0 0 -180 0.995805 -151.624 0 180 0 0 0 0 0 -0
0 -180 0 -180 0 0 0.0188726 -59.7441 0.0902429 -158.293 0 0 0 -0 0 180 0 -180
0 0 0 -0 0 180 0 0 0.213188 -34.1026 0 180 0 -180 0 180 0 -0
0 -180 0 -180 0 0 0.0589908 -113.185 0.0884893 -157.986 0 180 0 0 0 0 0 -180
0 0 0 0 0 -180 0 -0 0.147775 -23.574 0 180 0 180 0 180 0 0
0 -180 0 0 0 -180 0.247896 -104.233 0.306743 22.4699 0 -180 0 -180 0 0 0 -180
0 0 0 -180 0 0 0 -0 1.33138 -157.231 0 0 0 -0 0 180 0 0
inside=0 lambda=0.647 phi=35 theta=30
0 180 0 180 0 -180 0 -0 0.095929 7.07155 0 0 0 180 0 180 0 -180
0 0 0 0 0 -0 0 -180 1.0642 -155.236 0 180 0 0 0 0 0 -0
0 180 0 -180 0 0 0 -180 0.154778 -158.182 0 0 0 -0 0 180 0 -180
0 0 0 -0 0 180 0 0 0.324035 -33.3818 0 180 0 -180 0 180 0 -0
0 -180 0 -180 0 -0 0 -180 0.15302 -157.514 0 180 0 0 0 0 0 -180
0 0 0 0 0 -180 0 -0 0.260787 -26.6632 0 180 0 180 0 180 0 -0
0 -180 0 -0 0 180 0 -180 0.260421 18.976 0 -180 0 -180 0 0 0 -180
0 0 0 -180 0 0 0 0 1.25606 -158.343 0 0 0 -0 0 180 0 -0
inside=0 lambda=0.647 phi=35 theta=45
0 180 0 -180 0 -180 0 -0 0.181412 12.5765 0 0 0 180 0 180 0 -180
0 0 0 0 0 -0 0 -180 1.15304 -157.834 0 180 0 0 0 0 0 -0
0 -180 0 -180 0 0 0 -180 0.176805 -158.303 0 0 0 -0 0 180 0 -180
0 0 0 -0 0 180 0 0 0.325426 -30.1207 0 180 0 -180 0 180 0 -0
0 -180 0 -180 0 -0 0 -180 0.176805 -158.303 0 180 0 0 0 0 0 -180
0 0 0 0 0 -180 0 -0 0.325426 -30.1207 0 180 0 180 0 180 0 -0
0 180 0 -0 0 180 0 -180 0.181412 12.5765 0 180 0 -180 0 0 0 -180
0 0 0 -180 0 0 0 0 1.15304 -157.834 0 0 0 -0 0 180 0 -0
inside=0 lambda=0.647 phi=40 theta=0
0 -180 0 180 0 -180 0.24859 -23.1809 0.263086 99.9329 0 0 0 -180 0 180 0 -180
0 0 0 0 0 -180 0 180 0.750798 142.996 0 0 0 0 0 0 0 -180
0 -180 0 -180 0 0 1.08753e-13 -98.4228 3.91688e-13 52.8586 0 -0 0 0 0 0 0 -180
0 -0 0 -180 0 0 0 180 8.34233e-13 -37.3931 0 -180 0 180 0 0 0 -180
0 -180 0 -180 0 -0 2.21734e-12 -54.5294 5.24308e-13 176.938 0 0 0 0 0 0 0 180
0 -0 0 -0 0 180 0 180 1.12705e-12 41.9521 0 0 0 180 0 180 0 -0
0 -180 0 0 0 180 0.211304 -38.4897 0.441404 -52.161 0 180 0 -180 0 0 0 180
0 -0 0 180 0 -0 0 -0 1.56747 142.251 0 -0 0 -0 0 180 0 -0
inside=0 lambda=0.647 phi=40 theta=15
0 -180 0 180 0 -180 0.18648 -46.5839 0.235515 100.809 0 0 0 180 0 180 0 -180
0 0 0 0 0 -180 0 180 0.810336 137.989 0 0 0 0 0 0 0 -180
0 -180 0 -180 0 0 0.0630716 -100.606 0.137052 106.894 0 0 0 0 0 0 0 -180
0 -0 0 -180 0 0 0 -0 0.406111 -97.4888 0 0 0 180 0 0 0 -180
0 -180 0 -180 0 -0 0.085983 -66.8238 0.148444 108.827 0 0 0 0 0 0 0 -180
0 -0 0 -0 0 180 0 -180 0.251231 -69.3922 0 0 0 180 0 180 0 -0
0 -180 0 -0 0 180 0.193614 -60.2639 0.354421 -61.3693 0 180 0 -180 0 0 0 -180
0 -0 0 180 0 -0 0 -0 1.53568 138.042 0 -0 0 -0 0 180 0 -0
inside=0 lambda=0.647 phi=40 theta=30
0 -180 0 180 0 -180 0.0836914 -96.1539 0.141746 108.671 0 0 0 180 0 180 0 -180
0 0 0 0 0 -180 0 180 0.98094 130.663 0 0 0 -0 0 0 0 -180
0 -180 0 -180 0 0 0.103403 -119.333 0.212592 101.5 0 0 0 -0 0 0 0 -180
0 -0 0 -180 0 0 0 -0 0.595859 -92.849 0 0 0 180 0 0 0 -180
0 -180 0 -180 0 -0 0.0900194 -116.236 0.22734 102.109 0 0 0 0 0 0 0 -180
0 -0 0 -0 0 180 0 -180 0.462967 -78.0787 0 0 0 180 0 180 0 -0
0 -180 0 -0 0 180 0.173133 -109.897 0.178784 -80.2858 0 180 0 -180 0 0 0 -180
0 -0 0 180 0 -0 0 -0 1.41211 131.535 0 -0 0 -0 0 180 0 -0
inside=0 lambda=0.647 phi=40 theta=45
0 -180 0 -180 0 -180 0 -0 0.0339039 -159.183 0 0 0 180 0 180 0 -180
0 -0 0 0 0 -180 0 180 1.2075 128.06 0 0 0 -0 0 -0 0 -180
0 -180 0 -180 0 0 0 -180 0.24129 100.548 0 0 0 -0 0 0 0 -180
0 -0 0 -180 0 180 0 -0 0.588719 -86.2391 0 0 0 180 0 0 0 -0
0 -180 0 -180 0 -0 0 -180 0.24129 100.548 0 0 0 0 0 0 0 -180
0 -0 0 -0 0 180 0 -180 0.588719 -86.2391 0 0 0 180 0 0 0 -0
0 -180 0 -0 0 180 0 -180 0.0339039 -159.183 0 180 0 -180 0 0 0 -180
0 -0 0 180 0 -0 0 0 1.2075 128.06 0 -0 0 -180 0 0 0 -180
inside=0 lambda=0.647 phi=45 theta=0
0 -180 0 180 0 -180 0.799298 -55.079 0.535941 -94.343 0 0 0 -180 0 180 0 -180
0 -0 0 -0 0 -180 0 180 0 180 0 -0 0 -0 0 -0 0 -180
0 -180 0 -0 0 0 4.34281e-13 -153.962 5.1958e-13 43.5971 0 -180 0 0 0 180 0 -180
0 -0 0 180 0 0 0 180 0 -0 0 -0 0 180 0 -0 0 -180
0 -180 0 -180 0 0 2.62393e-12 23.3766 2.95286e-12 148.056 0 0 0 0 0 0 0 -180
0 -180 0 -180 0 0 0 0 0 -180 0 0 0 0 0 0 0 -180
0 -180 0 0 0 -180 0.570118 -44.9514 0.84182 69.6287 0 -180 0 -180 0 0 0 -180
0 -180 0 0 0 -180 0 -180 0 0 0 -180 0 -180 0 0 0 -180
inside=0 lambda=0.647 phi=45 theta=15
0 180 0 180 0 -180 0.594275 -56.5406 0.651454 -84.5564 0 180 0 -180 0 180 0 -180
0 -0 0 -0 0 180 0 180 0 180 0 -0 0 -0 0 -0 0 180
0 -180 0 -0 0 0 0.21516 101.979 0.263486 -117.746 0 0 0 0 0 180 0 -180
0 -0 0 180 0 -0 0 -0 0 180 0 -0 0 180 0 -0 0 180
0 -180 0 -180 0 0 0.230965 -72.741 0.310067 -119.887 0 180 0 0 0 0 0 -180
0 -180 0 -180 0 0 0 -180 0 -180 0 -0 0 0 0 0 0 -180
0 -180 0 0 0 -180 0.425626 -89.2326 0.852193 30.6822 0 -180 0 -180 0 0 0 -180
0 -180 0 0 0 -180 0 -180 0 0 0 -180 0 -180 0 0 0 -180
inside=0 lambda=0.647 phi=45 theta=30
0 180 0 180 0 -180 0.259387 -97.8002 0.764964 -61.0557 0 180 0 180 0 180 0 -180
0 -0 0 -0 0 180 0 180 0 0 0 -0 0 -180 0 -0 0 180
0 180 0 -0 0 0 0.163864 81.7392 0.431313 -125.917 0 0 0 -0 0 180 0 -180
0 -0 0 180 0 -0 0 -0 0 180 0 -0 0 0 0 -0 0 180
0 180 0 180 0 -0 0.191381 -128.607 0.489008 -127.933 0 180 0 0 0 0 0 180
0 -0 0 -0 0 0 0 180 0 180 0 -0 0 -0 0 -0 0 180
0 180 0 -0 0 180 0.190847 -152.618 0.862963 -7.92554 0 180 0 -180 0 0 0 180
0 -0 0 180 0 -180 0 -0 0 0 0 -180 0 180 0 -0 0 180
inside=0 lambda=0.647 phi=45 theta=45
0 180 0 180 0 -180 0 -0 0.818454 -40.764 0 0 0 180 0 180 0 0
0 -0 0 -0 0 180 0 180 0 0 0 -0 0 -180 0 -180 0 180
0 180 0 -0 0 0 0 180 0.574573 -130.764 0 0 0 -0 0 180 0 180
0 -0 0 180 0 -0 0 -0 0 180 0 -0 0 0 0 -0 0 180
0 180 0 180 0 -0 0 -0 0.574573 -130.764 0 180 0 0 0 0 0 180
0 -0 0 -0 0 0 0 180 0 180 0 -0 0 -0 0 -0 0 180
0 180 0 -0 0 180 0 180 0.818454 -40.764 0 180 0 -180 0 0 0 0
0 -0 0 180 0 -180 0 -0 0 0 0 -180 0 180 0 -0 0 180
inside=1 lambda=0.647 phi=0 theta=0
0 -180 0 -180 0 -180 0 0 0.0806265 -109.279 0 0 0 -180 0 -180 0 -180
0 -180 0 -180 0 -180 0 0 0.825869 64.3478 0 0 0 -180 0 -180 0 -180
0 -180 0 -0 0 0 0 -0 5.00666e-13 -144.542 0 -180 0 0 0 -0 0 -180
0 -180 0 180 0 0 0 -180 1.0522e-12 -152.278 0 -180 0 0 0 0 0 -180
0 -180 0 -180 0 0 0 -0 7.71722e-14 -97.971 0 -0 0 0 0 -180 0 -180
0 -180 0 0 0 0 0 0 2.36398e-14 110.617 0 0 0 0 0 0 0 -180
0 -180 0 0 0 -180 0 -180 0.0806265 -109.279 0 -180 0 -180 0 0 0 -180
0 -180 0 0 0 -180 0 -180 0.825869 64.3478 0 -180 0 -180 0 0 0 -180
inside=1 lambda=0.647 phi=0 theta=15
0 -180 0 -180 0 -180 0 0 0.0806265 -109.279 0 0 0 -180 0 -180 0 -180
0 -180 0 -180 0 -180 0 0 0.825869 64.3478 0 0 0 -180 0 -180 0 -180
0 -180 0 -0 0 0 0 -0 5.00666e-13 -144.542 0 -180 0 0 0 -0 0 -180
0 -180 0 180 0 0 0 -180 1.0522e-12 -152.278 0 -180 0 0 0 0 0 -180
0 -180 0 -180 0 0 0 -0 7.71722e-14 -97.971 0 -0 0 0 0 -180 0 -180
0 -180 0 0 0 0 0 0 2.36398e-14 110.617 0 0 0 0 0 0 0 -180
0 -180 0 0 0 -180 0 -180 0.0806265 -109.279 0 -180 0 -180 0 0 0 -180
0 -180 0 0 0 -180 0 -180 0.825869 64.3478 0 -180 0 -180 0 0 0 -180
inside=1 lambda=0.647 phi=0 theta=30
0 -180 0 -180 0 -180 0 0 0.0806265 -109.279 0 0 0 -180 0 -180 0 -180
0 -180 0 -180 0 -180 0 0 0.825869 64.3478 0 0 0 -180 0 -180 0 -180
0 -180 0 -0 0 0 0 -0 5.00666e-13 -144.542 0 -180 0 0 0 -0 0 -180
0 -180 0 180 0 0 0 -180 1.0522e-12 -152.278 0 -180 0 0 0 0 0 -180
0 -180 0 -180 0 0 0 -0 7.71722e-14 -97.971 0 -0 0 0 0 -180 0 -180
0 -180 0 0 0 0 0 0 2.36398e-14 110.617 0 0 0 0 0 0 0 -180
0 -180 0 0 0 -180 0 -180 0.0806265 -109.279 0 -180 0 -180 0 0 0 -180
0 -180 0 0 0 -180 0 -180 0.825869 64.3478 0 -180 0 -180 0 0 0 -180
inside=1 lambda=0.647 phi=0 theta=45
0 -180 0 -180 0 -180 0 0 0.0806265 -109.279 0 0 0 -180 0 -180 0 -180
0 -180 0 -180 0 -180 0 0 0.825869 64.3478 0 0 0 -180 0 -180 0 -180
0 -180 0 -0 0 0 0 -0 5.00666e-13 -144.542 0 -180 0 0 0 -0 0 -180
0 -180 0 180 0 0 0 -180 1.0522e-12 -152.278 0 -180 0 0 0 0 0 -180
0 -180 0 -180 0 0 0 -0 7.71722e-14 -97.971 0 -0 0 0 0 -180 0 -180
0 -180 0 0 0 0 0 0 2.36398e-14 110.617 0 0 0 0 0 0 0 -180
0 -180 0 0 0 -180 0 -180 0.0806265 -109.279 0 -180 0 -180 0 0 0 -180
0 -180 0 0 0 -180 0 -180 0.825869 64.3478 0 -180 0 -180 0 0 0 -180
inside=1 lambda=0.647 phi=5 theta=0
0 -180 0 -180 0 -180 0 0 0.0859144 -112.181 0 0 0 -180 0 -180 0 -180
0 -180 0 -180 0 -180 0 0 0.826337 62.2815 0 0 0 -180 0 -180 0 -180
0 -180 0 -0 0 0 0 -0 2.11891e-13 -176.156 0 -0 0 0 0 180 0 -180
0 -180 0 180 0 0 0 -0 8.60417e-13 -33.6262 0 0 0 0 0 -0 0 -180
0 -180 0 -180 0 0 0 180 2.27776e-13 -165.494 0 180 0 0 0 0 0 -180
0 -180 0 -180 0 0 0 -0 8.32748e-13 -27.8728 0 -180 0 0 0 0 0 -180
0 -180 0 0 0 -180 0 -180 0.0869575 -112.479 0 -180 0 -180 0 0 0 -180
0 -180 0 0 0 -180 0 -180 0.824595 62.2226 0 -180 0 -180 0 0 0 -180
inside=1 lambda=0.647 phi=5 theta=15
0 -180 0 -180 0 -180 0 0 0.0859844 -112.201 0 0 0 -180 0 -180 0 -180
0 -180 0 -180 0 -180 0 0 0.82622 62.2776 0 0 0 -180 0 -180 0 -180
0 -180 0 -0 0 0 0 -180 0.000360497 41.3001 0 0 0 0 0 180 0 -180
0 -180 0 180 0 0 0 -180 0.000721068 114.649 0 0 0 0 0 -0 0 -180
0 -180 0 -180 0 0 0 -0 0.000359991 41.3159 0 180 0 0 0 0 0 -180
0 -180 0 -180 0 0 0 180 0.000719589 114.573 0 -0 0 0 0 0 0 -180
0 -180 0 0 0 -180 0 -180 0.0868877 -112.46 0 -180 0 -180 0 0 0 -180
0 -180 0 0 0 -180 0 -180 0.824712 62.2266 0 -180 0 -180 0 0 0 -180
inside=1 lambda=0.647 phi=5 theta=30
0 -180 0 -180 0 -180 0 0 0.0861754 -112.257 0 0 0 -180 0 -180 0 -180
0 -180 0 -180 0 -180 0 0 0.825901 62.2668 0 0 0 -180 0 -180 0 -180
0 -180 0 -0 0 0 0 -180 0.000624214 41.3034 0 0 0 0 0 180 0 -180
0 -180 0 180 0 0 0 -180 0.00124838 114.633 0 0 0 0 0 -0 0 -180
0 -180 0 -180 0 0 0 -0 0.000623707 41.3125 0 180 0 0 0 0 0 -180
0 -180 0 -180 0 0 0 180 0.0012469 114.589 0 -0 0 0 0 0 0 -180
0 -180 0 0 0 -180 0 -180 0.0866969 -112.406 0 -180 0 -180 0 0 0 -180
0 -180 0 0 0 -180 0 -180 0.82503 62.2374 0 -180 0 -180 0 0 0 -180
inside=1 lambda=0.647 phi=5 theta=45
0 -180 0 -180 0 -180 0 0 0.0864362 -112.332 0 0 0 -180 0 -180 0 -180
0 -180 0 -180 0 -180 0 0 0.825465 62.2521 0 0 0 -180 0 -180 0 -180
0 -180 0 -0 0 0 0 -180 0.000720487 41.3079 0 0 0 0 0 180 0 -180
0 -180 0 180 0 0 0 -180 0.00144065 114.611 0 0 0 0 0 -0 0 -180
0 -180 0 -180 0 0 0 -0 0.000720487 41.3079 0 180 0 0 0 0 0 -180
0 -180 0 -180 0 0 0 180 0.00144065 114.611 0 -0 0 0 0 0 0 -180
0 -180 0 0 0 -180 0 -180 0.0864362 -112.332 0 -180 0 -180 0 0 0 -180
0 -180 0 0 0 -180 0 -180 0.825465 62.2521 0 -180 0 -180 0 0 0 -180
inside=1 lambda=0.647 phi=10 theta=0
0 -180 0 -180 0 -180 0 0 0.100659 -120.37 0 0 0 -180 0 -180 0 -180
0 -180 0 -180 0 -180 0 0 0.827725 56.1297 0 0 0 -180 0 -180 0 -180
0 -180 0 -0 0 0 0 180 5.19086e-13 24.6235 0 0 0 0 0 180 0 -180
0 -180 0 180 0 0 0 0 1.10052e-12 126.307 0 0 0 0 0 -0 0 -180
0 -180 0 -180 0 0 0 0 2.20786e-13 7.56781 0 -0 0 0 0 0 0 -180
0 -180 0 -180 0 0 0 0 7.8275e-13 143.727 0 -180 0 0 0 0 0 -180
0 -180 0 0 0 -180 0 -180 0.10561 -121.265 0 -180 0 -180 0 0 0 -180
0 -180 0 0 0 -180 0 -180 0.820581 55.8905 0 -180 0 -180 0 0 0 -180
inside=1 lambda=0.647 phi=10 theta=15
0 -180 0 -180 0 -180 0 0 0.100992 -120.435 0 0 0 -180 0 -180 0 -180
0 -180 0 -180 0 -180 0 0 0.827243 56.1138 0 0 0 -180 0 -180 0 -180
0 -180 0 -0 0 0 0 -180 0.00160797 35.5545 0 0 0 0 0 180 0 -180
0 -180 0 180 0 0 0 -180 0.00293994 108.078 0 0 0 0 0 -0 0 -180
0 -180 0 -180 0 0 0 -0 0.00159979 35.6739 0 180 0 0 0 0 0 -180
0 -180 0 -180 0 0 0 180 0.00291617 107.78 0 -0 0 0 0 0 0 -180
0 -180 0 0 0 -180 0 -180 0.10528 -121.209 0 -180 0 -180 0 0 0 -180
0 -180 0 0 0 -180 0 -180 0.821056 55.9067 0 -180 0 -180 0 0 0 -180
inside=1 lambda=0.647 phi=10 theta=30
0 -180 0 -180 0 -180 0 0 0.1019 -120.607 0 0 0 -180 0 -180 0 -180
0 -180 0 -180 0 -180 0 0 0.825928 56.0703 0 0 0 -180 0 -180 0 -180
0 -180 0 -0 0 0 0 -180 0.00278205 35.5792 0 0 0 0 0 180 0 -180
0 -180 0 180 0 0 0 -180 0.00508319 108.014 0 0 0 0 0 -0 0 -180
0 -180 0 -180 0 0 0 -0 0.00277388 35.6481 0 180 0 0 0 0 0 -180
0 -180 0 -180 0 0 0 180 0.00505943 107.842 0 -0 0 0 0 0 0 -180
0 -180 0 0 0 -180 0 -180 0.104376 -121.054 0 -180 0 -180 0 0 0 -180
0 -180 0 0 0 -180 0 -180 0.822356 55.9507 0 -180 0 -180 0 0 0 -180
inside=1 lambda=0.647 phi=10 theta=45
0 -180 0 -180 0 -180 0 0 0.103139 -120.835 0 0 0 -180 0 -180 0 -180
0 -180 0 -180 0 -180 0 0 0.824138 56.0106 0 0 0 -180 0 -180 0 -180
0 -180 0 -0 0 0 0 -180 0.00320769 35.6133 0 0 0 0 0 180 0 -180
0 -180 0 180 0 0 0 -180 0.00585571 107.927 0 0 0 0 0 -0 0 -180
0 -180 0 -180 0 0 0 -0 0.00320769 35.6133 0 180 0 0 0 0 0 -180
0 -180 0 -180 0 0 0 180 0.00585571 107.927 0 -0 0 0 0 0 0 -180
0 -180 0 0 0 -180 0 -180 0.103139 -120.835 0 -180 0 -180 0 0 0 -180
0 -180 0 0 0 -180 0 -180 0.824138 56.0106 0 -180 0 -180 0 0 0 -180
inside=1 lambda=0.647 phi=15 theta=0
0 -180 0 -180 0 -180 0 0 0.12121 -132.999 0 0 0 -180 0 -180 0 -180
0 -180 0 -180 0 180 0 0 0.830154 46.0331 0 -0 0 -180 0 -180 0 180
0 -180 0 -0 0 0 0 -0 5.05458e-13 166.204 0 0 0 0 0 180 0 -180
0 -180 0 180 0 0 0 0 1.68362e-12 -46.3515 0 180 0 0 0 -0 0 -180
0 -180 0 -180 0 0 0 -0 5.51041e-13 162.573 0 180 0 0 0 0 0 -180
0 -180 0 -180 0 0 0 -0 1.55184e-12 -43.5066 0 -180 0 0 0 0 0 -180
0 -180 0 0 0 -180 0 -180 0.134861 -134.247 0 -180 0 -180 0 0 0 -180
0 -180 0 0 0 -180 0 -180 0.813386 45.4907 0 -180 0 -180 0 0 0 -180
inside=1 lambda=0.647 phi=15 theta=15
0 -180 0 -180 0 -180 0 0 0.12213 -133.1 0 0 0 -180 0 -180 0 -180
0 -180 0 -180 0 180 0 0 0.829011 45.9974 0 -0 0 -180 0 -180 0 180
0 -180 0 -0 0 0 0 -180 0.0041392 25.9689 0 0 0 0 0 180 0 -180
0 -180 0 180 0 0 0 -180 0.00679861 97.0933 0 -0 0 0 0 -0 0 -180
0 -180 0 -180 0 0 0 -0 0.00409867 26.4062 0 180 0 0 0 0 0 -180
0 -180 0 -180 0 0 0 180 0.00667825 96.4255 0 -0 0 0 0 0 0 -180
0 -180 0 0 0 -180 0 -180 0.133954 -134.179 0 -180 0 -180 0 0 0 -180
0 -180 0 0 0 -180 0 -180 0.81449 45.5277 0 -180 0 180 0 0 0 -180
inside=1 lambda=0.647 phi=15 theta=30
0 -180 0 -180 0 -180 0 0 0.124641 -133.362 0 0 0 -180 0 -180 0 -180
0 -180 0 -180 0 180 0 0 0.825903 45.8995 0 -0 0 -180 0 -180 0 180
0 -180 0 -0 0 0 0 -180 0.00715394 26.0597 0 0 0 0 0 180 0 -180
0 -180 0 180 0 0 0 -180 0.0117287 96.9436 0 -0 0 0 0 -0 0 -180
0 -180 0 -180 0 0 0 -0 0.00711345 26.3121 0 180 0 0 0 0 0 -180
0 -180 0 -180 0 0 0 180 0.0116085 96.558 0 -0 0 0 0 0 0 -180
0 -180 0 0 0 -180 0 -180 0.131469 -133.983 0 -180 0 -180 0 0 0 -180
0 -180 0 0 0 -180 0 -180 0.81752 45.6283 0 -180 0 180 0 -0 0 -180
inside=1 lambda=0.647 phi=15 theta=45
0 -180 0 -180 0 -180 0 0 0.128062 -133.689 0 0 0 -180 0 -180 0 -180
0 -180 0 -180 0 180 0 0 0.821692 45.7646 0 -0 0 -180 0 -180 0 -180
0 -180 0 -0 0 0 0 -180 0.00823699 26.1851 0 0 0 0 0 180 0 -180
0 -180 0 180 0 0 0 -180 0.0134722 96.7465 0 -0 0 0 0 -0 0 -180
0 -180 0 -180 0 0 0 -0 0.00823699 26.1851 0 180 0 0 0 0 0 -180
0 -180 0 -180 0 0 0 180 0.0134722 96.7465 0 -0 0 0 0 -0 0 -180
0 -180 0 0 0 -180 0 -180 0.128062 -133.689 0 -180 0 -180 0 0 0 -180
0 -180 0 0 0 -180 0 -180 0.821692 45.7646 0 -180 0 180 0 -0 0 -180
inside=1 lambda=0.647 phi=20 theta=0
0 -180 0 -180 0 -180 0 0 0.14107 -149.677 0 0 0 -180 0 -180 0 -180
0 -180 0 -180 0 180 0 0 0.834281 32.2129 0 -0 0 -180 0 -180 0 180
0 -180 0 -0 0 0 0 -0 2.53932e-13 -40.338 0 -0 0 0 0 180 0 -180
0 -180 0 180 0 -0 0 -0 9.21918e-13 121.583 0 0 0 0 0 -0 0 180
0 -180 0 -180 0 0 0 -180 2.29037e-13 -53.4952 0 -0 0 0 0 0 0 -180
0 180 0 180 0 -0 0 180 7.422e-13 127.83 0 -0 0 -0 0 -0 0 180
0 -180 0 0 0 -180 0 -180 0.170082 -150.556 0 -180 0 -180 0 0 0 -180
0 180 0 -0 0 180 0 180 0.802793 31.2744 0 -180 0 180 0 -0 0 180
inside=1 lambda=0.647 phi=20 theta=15
0 -180 0 -180 0 -180 0 0 0.143028 -149.774 0 0 0 -180 0 -180 0 -180
0 -180 0 -180 0 180 0 0 0.832111 32.1526 0 -0 0 -180 0 -180 0 180
0 -180 0 -0 0 0 0 -180 0.0082461 12.8382 0 0 0 0 0 180 0 -180
0 -180 0 180 0 -0 0 -180 0.0124354 81.8553 0 -0 0 0 0 -0 0 180
0 -180 0 -180 0 0 0 -0 0.00813167 13.9567 0 180 0 0 0 0 0 -180
0 180 0 180 0 0 0 180 0.0120588 80.6421 0 -0 0 -0 0 -0 0 180
0 -180 0 0 0 -180 0 -180 0.168157 -150.531 0 -180 0 -180 0 0 0 -180
0 180 0 -0 0 180 0 180 0.804842 31.3398 0 -180 0 180 0 -0 0 180
inside=1 lambda=0.647 phi=20 theta=30
0 -180 0 -180 0 -180 0 0 0.14837 -150.01 0 0 0 -180 0 -180 0 -180
0 -180 0 -180 0 180 0 0 0.826227 31.986 0 -0 0 -180 0 -180 0 180
0 -180 0 -0 0 0 0 -180 0.0142371 13.0748 0 0 0 0 0 180 0 -180
0 -180 0 180 0 -0 0 -180 0.0213849 81.5707 0 -0 0 0 0 -0 0 180
0 -180 0 -180 0 0 0 -0 0.0141231 13.7196 0 180 0 0 0 0 0 -180
0 -180 0 180 0 0 0 180 0.0210093 80.8703 0 -0 0 -0 0 -0 0 180
0 -180 0 0 0 -180 0 -180 0.162883 -150.442 0 -180 0 -180 0 0 0 -180
0 180 0 -0 0 -180 0 180 0.810483 31.5166 0 -180 0 180 0 -0 0 180
inside=1 lambda=0.647 phi=20 theta=45
0 -180 0 -180 0 -180 0 0 0.155643 -150.262 0 0 0 -180 0 -180 0 -180
0 -180 0 180 0 180 0 0 0.818295 31.7538 0 -0 0 -180 0 -180 0 180
0 -180 0 -0 0 0 0 -180 0.0163717 13.3971 0 0 0 0 0 180 0 -180
0 -180 0 180 0 -0 0 180 0.0244674 81.2065 0 -0 0 0 0 -0 0 180
0 -180 0 -180 0 0 0 -0 0.0163717 13.3971 0 180 0 0 0 0 0 -180
0 -180 0 180 0 0 0 180 0.0244674 81.2065 0 -0 0 -0 0 -0 0 180
0 -180 0 0 0 -180 0 -180 0.155643 -150.262 0 -180 0 -180 0 0 0 -180
0 -180 0 0 0 -180 0 180 0.818295 31.7538 0 -180 0 180 0 -0 0 180
inside=1 lambda=0.647 phi=25 theta=0
0 -180 0 -180 0 -180 0 0 0.151589 -170.573 0 0 0 -180 0 -180 0 -180
0 -180 0 180 0 180 0 -0 0.841577 14.9312 0 -0 0 -180 0 180 0 180
0 -180 0 -0 0 0 0 180 1.19075e-13 -71.6 0 180 0 0 0 180 0 -180
0 180 0 180 0 -0 0 -180 4.28708e-13 105.123 0 180 0 -0 0 -0 0 180
0 -180 0 -180 0 0 0 180 1.45759e-13 -61.8485 0 180 0 0 0 0 0 -180
0 180 0 180 0 -0 0 -180 6.29254e-13 103.818 0 -180 0 -0 0 -0 0 180
0 -180 0 0 0 -180 0 -180 0.202376 -169.721 0 -180 0 -180 0 0 0 -180
0 180 0 -0 0 180 0 180 0.789645 13.5943 0 180 0 180 0 -0 0 180
inside=1 lambda=0.647 phi=25 theta=15
0 -180 0 -180 0 -180 0 0 0.155002 -170.57 0 0 0 -180 0 -180 0 -180
0 -180 0 180 0 180 0 -0 0.837962 14.8482 0 -0 0 -180 0 180 0 180
0 -180 0 -0 0 0 0 -180 0.0135439 -3.23094 0 0 0 0 0 180 0 -180
0 180 0 180 0 -0 0 180 0.0198497 62.9506 0 -0 0 -0 0 -0 0 180
0 -180 0 -180 0 0 0 -0 0.0133484 -0.872467 0 0 0 0 0 0 0 -180
0 180 0 180 0 -0 0 180 0.018947 60.928 0 -0 0 -0 0 -0 0 180
0 -180 0 0 0 -180 0 -180 0.198995 -169.827 0 -180 0 -180 0 0 0 -180
0 180 0 -0 0 180 0 180 0.792989 13.6903 0 180 0 180 0 -0 0 180
inside=1 lambda=0.647 phi=25 theta=30
0 -180 0 -180 0 -180 0 0 0.164323 -170.517 0 0 0 -180 0 -180 0 -180
0 180 0 180 0 180 0 -0 0.828188 14.6167 0 -0 0 180 0 180 0 180
0 -180 0 -0 0 0 0 -180 0.0233712 -2.71562 0 0 0 0 0 180 0 -180
0 180 0 180 0 -0 0 180 0.0339868 62.4503 0 -0 0 -0 0 -0 0 180
0 -180 0 -180 0 0 0 -0 0.0231786 -1.36005 0 0 0 0 0 0 0 -180
0 180 0 180 0 -0 0 180 0.0330899 61.2829 0 -0 0 -0 0 -0 0 180
0 -180 0 0 0 -180 0 -180 0.189734 -170.082 0 -180 0 -180 0 0 0 -180
0 180 0 -0 0 180 0 180 0.802225 13.9481 0 180 0 180 0 -0 0 180
inside=1 lambda=0.647 phi=25 theta=45
0 -180 0 -180 0 -180 0 0 0.177042 -170.349 0 0 0 -180 0 -180 0 -180
0 180 0 180 0 180 0 -0 0.815073 14.289 0 -0 0 180 0 180 0 180
0 -180 0 -0 0 0 0 -180 0.0268673 -2.03063 0 0 0 0 0 0 0 -180
0 180 0 180 0 -0 0 180 0.0386922 61.8307 0 -0 0 -0 0 -0 0 180
0 -180 0 -180 0 0 0 -0 0.0268673 -2.03063 0 0 0 0 0 0 0 -180
0 180 0 180 0 -0 0 180 0.0386922 61.8307 0 -0 0 -0 0 -0 0 180
0 -180 0 0 0 -180 0 -180 0.177042 -170.349 0 -180 0 -180 0 0 0 -180
0 180 0 -0 0 180 0 180 0.815073 14.289 0 180 0 180 0 -0 0 180
inside=1 lambda=0.647 phi=30 theta=0
0 -180 0 -180 0 -180 0 0 0.144532 163.387 0 0 0 -180 0 -180 0 -180
0 180 0 180 0 180 0 -0 0.85382 -5.55885 0 -0 0 180 0 180 0 180
0 -180 0 -0 0 0 0 180 7.92159e-14 132.915 0 0 0 0 0 180 0 -180
0 180 0 0 0 -0 0 -180 2.17534e-13 112.629 0 180 0 -0 0 -180 0 180
0 -180 0 -180 0 0 0 -0 3.89752e-14 -163.813 0 -0 0 0 0 0 0 -180
0 180 0 180 0 -0 0 180 2.85371e-13 88.6935 0 -0 0 -0 0 -0 0 180
0 -180 0 0 0 -180 0 -180 0.21831 168.632 0 -180 0 -180 0 0 0 -180
0 180 0 -0 0 180 0 180 0.776427 -7.18122 0 180 0 180 0 -0 0 180
inside=1 lambda=0.647 phi=30 theta=15
0 -180 0 -180 0 -180 0 0 0.149389 163.735 0 0 0 -180 0 -180 0 -180
0 180 0 180 0 180 0 -0 0.848394 -5.65676 0 -0 0 180 0 180 0 180
0 -180 0 -0 0 0 0 -180 0.0183142 -21.4312 0 0 0 0 0 0 0 -180
0 180 0 0 0 -0 0 180 0.0289119 41.535 0 -0 0 -0 0 -180 0 180
0 -180 0 -180 0 0 0 -0 0.0182455 -16.9479 0 0 0 0 0 0 0 -180
0 180 0 180 0 -0 0 0 0.0270454 38.2815 0 -0 0 -0 0 -0 0 180
0 -180 0 0 0 -180 0 -180 0.213306 168.255 0 -180 0 -180 0 0 0 -180
0 180 0 -0 0 180 0 180 0.781379 -7.06158 0 180 0 180 0 -0 0 180
inside=1 lambda=0.647 phi=30 theta=30
0 -180 0 -180 0 -180 0 0 0.162727 164.674 0 0 0 -180 0 -180 0 -180
0 180 0 180 0 180 0 -0 0.833763 -5.93133 0 -0 0 180 0 180 0 180
0 -180 0 -0 0 0 0 -180 0.0316507 -20.4031 0 0 0 0 0 0 0 -180
0 180 0 0 0 -0 0 180 0.049194 40.6853 0 -0 0 -0 0 -0 0 180
0 -180 0 -180 0 0 0 -0 0.0315938 -17.8431 0 0 0 0 0 0 0 -180
0 180 0 180 0 -0 0 0 0.0473529 38.8078 0 -0 0 -0 0 -0 0 180
0 -180 0 0 0 -180 0 -180 0.199653 167.26 0 -180 0 -180 0 0 0 -180
0 180 0 -0 0 180 0 180 0.795082 -6.74216 0 180 0 180 0 -0 0 180
inside=1 lambda=0.647 phi=30 theta=45
0 -180 0 -180 0 -180 0 0 0.181107 165.954 0 0 0 -180 0 -180 0 -180
0 180 0 180 0 180 0 -0 0.814196 -6.32522 0 -0 0 180 0 180 0 180
0 -180 0 -0 0 0 0 -180 0.0364921 -19.0887 0 0 0 0 0 0 0 -180
0 180 0 0 0 -0 0 180 0.055636 39.6674 0 -0 0 -0 0 -0 0 180
0 -180 0 -180 0 0 0 -0 0.0364921 -19.0887 0 0 0 0 0 0 0 -180
0 180 0 180 0 -0 0 0 0.055636 39.6674 0 -0 0 -0 0 -0 0 180
0 -180 0 0 0 -180 0 -180 0.181107 165.954 0 -180 0 -180 0 0 0 -180
0 180 0 -0 0 180 0 180 0.814196 -6.32522 0 180 0 180 0 -0 0 180
inside=1 lambda=0.647 phi=35 theta=0
0 -180 0 180 0 -180 0 0 0.117178 129.464 0 0 0 -180 0 180 0 -180
0 180 0 180 0 180 0 -0 0.871665 -28.9912 0 -0 0 180 0 180 0 180
0 -180 0 -180 0 0 0 -0 5.75856e-14 6.18409 0 180 0 0 0 0 0 -180
0 180 0 0 0 -0 0 0 5.2994e-13 -122.33 0 0 0 -0 0 -180 0 180
0 -180 0 -180 0 0 0 180 1.96832e-13 9.94663 0 -0 0 0 0 0 0 -180
0 180 0 180 0 -0 0 -180 8.05604e-13 -113.311 0 -0 0 -0 0 -0 0 180
0 -180 0 0 0 -180 0 -180 0.201275 144.903 0 -180 0 -180 0 0 0 -180
0 180 0 -0 0 180 0 180 0.766166 -30.8213 0 180 0 180 0 -0 0 180
inside=1 lambda=0.647 phi=35 theta=15
0 -180 0 -180 0 -180 0 0 0.122244 130.775 0 0 0 -180 0 180 0 -180
0 180 0 180 0 180 0 -0 0.864205 -29.1074 0 -0 0 180 0 180 0 180
0 -180 0 -0 0 0 0 -180 0.0189355 -40.2032 0 0 0 0 0 0 0 -180
0 180 0 0 0 -0 0 180 0.0399375 19.1008 0 -0 0 -0 0 -180 0 180
0 -180 0 -180 0 0 0 -0 0.0198332 -32.0547 0 0 0 0 0 0 0 -180
0 180 0 180 0 -0 0 0 0.0362456 14.0894 0 -180 0 -0 0 -0 0 180
0 -180 0 0 0 -180 0 -180 0.195142 143.986 0 -180 0 -180 0 0 0 -180
0 180 0 -0 0 180 0 180 0.772883 -30.6919 0 180 0 180 0 -0 0 180
inside=1 lambda=0.647 phi=35 theta=30
0 -180 0 -180 0 -180 0 0 0.136527 134.036 0 0 0 180 0 180 0 -180
0 180 0 180 0 180 0 -0 0.844171 -29.4255 0 -0 0 180 0 180 0 180
0 -180 0 -0 0 0 0 -180 0.0330384 -38.1704 0 0 0 0 0 0 0 -180
0 180 0 0 0 -0 0 180 0.0672711 17.7206 0 -0 0 -0 0 -180 0 180
0 -180 0 -180 0 0 0 -0 0.0339635 -33.5908 0 0 0 0 0 0 0 -180
0 180 0 180 0 -0 0 0 0.0636722 14.8293 0 -180 0 -0 0 -0 0 180
0 -180 0 0 0 -180 0 -180 0.178679 141.495 0 -180 0 -180 0 0 0 -180
0 180 0 -0 0 180 0 180 0.791494 -30.3398 0 180 0 180 0 -0 0 180
inside=1 lambda=0.647 phi=35 theta=45
0 -180 0 -180 0 -180 0 0 0.157052 137.955 0 0 0 -180 0 -180 0 -180
0 180 0 180 0 180 0 -0 0.817491 -29.8727 0 -0 0 180 0 180 0 180
0 -180 0 -0 0 0 0 -180 0.0386459 -35.7515 0 0 0 0 0 0 0 -180
0 180 0 0 0 -0 0 180 0.0753217 16.1215 0 -0 0 -0 0 -180 0 180
0 -180 0 -180 0 0 0 -0 0.0386459 -35.7515 0 0 0 0 0 0 0 -180
0 180 0 180 0 -0 0 0 0.0753217 16.1215 0 -180 0 -0 0 -0 0 180
0 -180 0 0 0 -180 0 -180 0.157052 137.955 0 -180 0 -180 0 0 0 -180
0 180 0 -0 0 180 0 180 0.817491 -29.8727 0 180 0 180 0 -0 0 180
inside=1 lambda=0.647 phi=40 theta=0
0 180 0 180 0 -180 0 0 0.0806117 79.9992 0 0 0 180 0 180 0 -180
0 180 0 180 0 0 0 -0 0.89386 -54.9273 0 -180 0 180 0 180 0 0
0 -180 0 -180 0 0 0 -0 3.8229e-14 -81.0568 0 -0 0 0 0 0 0 -180
0 180 0 0 0 -180 0 0 5.30606e-14 -121.608 0 -180 0 -0 0 -180 0 0
0 -180 0 -180 0 0 0 -180 2.10733e-14 -86.8577 0 -0 0 0 0 0 0 -180
0 0 0 0 0 -0 0 0 5.83497e-13 -154.965 0 180 0 -180 0 -180 0 180
0 -180 0 0 0 -180 0 -180 0.13512 120.259 0 -180 0 -180 0 0 0 -180
0 0 0 -180 0 180 0 0 0.758523 -57.2838 0 180 0 0 0 -180 0 180
inside=1 lambda=0.647 phi=40 theta=15
0 -180 0 180 0 -180 0 0 0.0821316 83.2701 0 0 0 180 0 180 0 -180
0 180 0 180 0 0 0 -0 0.884004 -55.1112 0 -180 0 180 0 180 0 0
0 -180 0 -0 0 0 0 -180 0.0103189 -45.5393 0 0 0 0 0 0 0 -180
0 180 0 0 0 -180 0 180 0.0550928 -3.75832 0 -180 0 -0 0 -180 0 0
0 -180 0 -180 0 0 0 -0 0.0145219 -34.0271 0 0 0 0 0 0 0 -180
0 180 0 180 0 -0 0 0 0.0476159 -10.6732 0 -180 0 -180 0 -180 0 0
0 -180 0 0 0 -180 0 -180 0.129354 117.97 0 -180 0 -180 0 0 0 -180
0 180 0 -0 0 180 0 0 0.766954 -57.1545 0 180 0 0 0 -180 0 0
inside=1 lambda=0.647 phi=40 theta=30
0 -180 0 -180 0 -180 0 0 0.0877786 91.764 0 0 0 180 0 180 0 -180
0 180 0 180 0 0 0 -0 0.857846 -55.5726 0 -180 0 180 0 180 0 0
0 -180 0 -0 0 0 0 -180 0.0194545 -41.5306 0 0 0 -0 0 0 0 -180
0 180 0 0 0 -180 0 180 0.0912627 -5.79235 0 -180 0 -0 0 -180 0 0
0 -180 0 -180 0 0 0 -0 0.0235926 -35.6601 0 0 0 0 0 0 0 -180
0 180 0 180 0 -0 0 0 0.0841038 -9.78328 0 -180 0 -180 0 -180 0 0
0 -180 0 0 0 -180 0 -180 0.115092 111.724 0 -180 0 -180 0 0 0 -180
0 180 0 -0 0 180 0 0 0.790428 -56.7553 0 180 0 0 0 -180 0 0
inside=1 lambda=0.647 phi=40 theta=45
0 -180 0 -180 0 -180 0 0 0.0992667 102.386 0 0 0 180 0 180 0 -180
0 180 0 180 0 0 0 -0 0.823501 -56.1722 0 -180 0 180 0 180 0 0
0 -180 0 -0 0 0 0 -180 0.0248941 -38.0434 0 0 0 0 0 0 0 -180
0 180 0 0 0 -180 0 180 0.100577 -8.05205 0 -180 0 -0 0 -180 0 0
0 -180 0 -180 0 0 0 -0 0.0248941 -38.0434 0 0 0 0 0 0 0 -180
0 180 0 180 0 -0 0 0 0.100577 -8.05205 0 -180 0 -180 0 -180 0 0
0 -180 0 0 0 180 0 -180 0.0992667 102.386 0 180 0 -180 0 0 0 -180
0 180 0 -0 0 180 0 180 0.823501 -56.1722 0 180 0 0 0 -180 0 0
inside=1 lambda=0.647 phi=45 theta=0
0 180 0 180 0 -180 0 0 0.0650815 8.15943 0 0 0 180 0 180 0 -180
0 180 0 180 0 0 0.0189584 -168.364 0.91762 -82.4905 0 -180 0 180 0 180 0 0
0 180 0 -0 0 0 0 -0 4.30597e-13 -120.485 0 0 0 -0 0 180 0 -180
0 180 0 0 0 -180 5.23329e-13 64.6174 9.82672e-13 -168.333 0 -180 0 -0 0 -180 0 0
0 -180 0 -180 0 0 0 -0 1.08208e-13 -124.126 0 0 0 0 0 0 0 -180
0 0 0 0 0 -180 4.12254e-14 100.019 4.3683e-13 -167.946 0 -0 0 -180 0 -180 0 0
0 -180 0 0 0 -180 0 -180 0.0197059 142.993 0 -180 0 -180 0 0 0 -180
0 0 0 -180 0 0 0.156236 50.6437 0.743168 -86.2068 0 0 0 0 0 -180 0 0
inside=1 lambda=0.647 phi=45 theta=15
0 180 0 180 0 -180 0 0 0.0581098 9.38783 0 0 0 180 0 180 0 -180
0 180 0 180 0 0 0 -0 0.905783 -82.941 0 -180 0 180 0 180 0 0
0 -180 0 -0 0 0 0 -180 0.0187143 48.7037 0 0 0 -0 0 180 0 -180
0 180 0 0 0 -180 0 0 0.0787531 -29.0242 0 -180 0 -0 0 -180 0 0
0 -180 0 -180 0 0 0 -0 0.01684 26.5962 0 0 0 0 0 0 0 -180
0 0 0 0 0 -180 0 0 0.0638779 -37.0284 0 -180 0 -180 0 -180 0 0
0 -180 0 0 0 -180 0 -180 0.0128867 119.71 0 -180 0 -180 0 0 0 -180
0 0 0 -180 0 0 0 0 0.755091 -86.1911 0 0 0 0 0 -180 0 0
inside=1 lambda=0.647 phi=45 theta=30
0 -180 0 180 0 -180 0 0 0.0448397 8.45911 0 0 0 180 0 180 0 -180
0 180 0 180 0 0 0 -0 0.87042 -83.7602 0 -180 0 180 0 180 0 0
0 -180 0 -0 0 0 0 -180 0.031565 43.6674 0 0 0 -0 0 0 0 -180
0 180 0 0 0 -180 0 0 0.12737 -31.7186 0 -180 0 -0 0 -180 0 0
0 -180 0 -180 0 -0 0 -0 0.0295257 31.9128 0 0 0 0 0 0 0 -180
0 0 0 0 0 -180 0 0 0.113611 -36.381 0 -180 0 -180 0 -180 0 0
0 -180 0 0 0 180 0 -180 0.0110413 35.6345 0 180 0 -180 0 0 0 -180
0 0 0 -180 0 180 0 0 0.783733 -85.6548 0 0 0 0 0 -180 0 0
inside=1 lambda=0.647 phi=45 theta=45
0 -180 0 -180 0 -180 0 0 0.0273287 9.65995 0 0 0 180 0 180 0 -180
0 180 0 0 0 0 0 -0 0.8255 -84.7403 0 -180 0 180 0 180 0 0
0 -180 0 -0 0 0 0 -180 0.0351904 37.5934 0 0 0 -0 0 0 0 -180
0 0 0 0 0 -180 0 0 0.137637 -34.4868 0 -180 0 -0 0 -180 0 0
0 -180 0 -180 0 -0 0 -0 0.0351904 37.5934 0 0 0 0 0 0 0 -180
0 0 0 0 0 -0 0 0 0.137637 -34.4868 0 -180 0 -180 0 -180 0 0
0 -180 0 0 0 180 0 -180 0.0273287 9.65995 0 180 0 -180 0 0 0 -180
0 180 0 -0 0 180 0 0 0.8255 -84.7403 0 180 0 0 0 -180 0 0
