RSoft_BSDF_File_Version 2
1 0 5 2 1 0.182857
0.3 0.3
-1 1
-1 1
1 0.647 0.647
10 0 45 0.5
4 0 45
Begin_Dispersion_Data
0.647 1.45662 0 1 0 0
End_Dispersion_Data
inside=0 lambda=0.647 phi=0 theta=0
0 -180 0 -180 0 -180 0 0 0.181856 -0.258174 0 0 0 -180 0 -180 0 -180
0 -180 0 -180 0 -180 0 0 1.18678 102.215 0 0 0 -180 0 -180 0 -180
0 -180 0 -0 0 0 0 -0 4.85727e-14 -170.938 0 180 0 0 0 180 0 -180
0 -180 0 180 0 0 0 180 1.21922e-13 13.7437 0 -0 0 0 0 -180 0 -180
0 -180 0 180 0 0 0 -0 5.71299e-14 -168.331 0 180 0 0 0 -0 0 -180
0 -180 0 -0 0 0 0 -0 1.2247e-13 19.0595 0 0 0 0 0 180 0 -180
0 -180 0 0 0 -180 0 -180 0.181856 -0.258174 0 -180 0 -180 0 0 0 -180
0 -180 0 0 0 -180 0 -180 1.18678 102.215 0 -180 0 -180 0 0 0 -180
inside=0 lambda=0.647 phi=0 theta=15
0 -180 0 -180 0 -180 0 0 0.181856 -0.258174 0 0 0 -180 0 -180 0 -180
0 -180 0 -180 0 -180 0 0 1.18678 102.215 0 0 0 -180 0 -180 0 -180
0 -180 0 -0 0 0 0 -0 4.85727e-14 -170.938 0 180 0 0 0 180 0 -180
0 -180 0 180 0 0 0 180 1.21922e-13 13.7437 0 -0 0 0 0 -180 0 -180
0 -180 0 180 0 0 0 -0 5.71299e-14 -168.331 0 180 0 0 0 -0 0 -180
0 -180 0 -0 0 0 0 -0 1.2247e-13 19.0595 0 0 0 0 0 180 0 -180
0 -180 0 0 0 -180 0 -180 0.181856 -0.258174 0 -180 0 -180 0 0 0 -180
0 -180 0 0 0 -180 0 -180 1.18678 102.215 0 -180 0 -180 0 0 0 -180
inside=0 lambda=0.647 phi=0 theta=30
0 -180 0 -180 0 -180 0 0 0.181856 -0.258174 0 0 0 -180 0 -180 0 -180
0 -180 0 -180 0 -180 0 0 1.18678 102.215 0 0 0 -180 0 -180 0 -180
0 -180 0 -0 0 0 0 -0 4.85727e-14 -170.938 0 180 0 0 0 180 0 -180
0 -180 0 180 0 0 0 180 1.21922e-13 13.7437 0 -0 0 0 0 -180 0 -180
0 -180 0 180 0 0 0 -0 5.71299e-14 -168.331 0 180 0 0 0 -0 0 -180
0 -180 0 -0 0 0 0 -0 1.2247e-13 19.0595 0 0 0 0 0 180 0 -180
0 -180 0 0 0 -180 0 -180 0.181856 -0.258174 0 -180 0 -180 0 0 0 -180
0 -180 0 0 0 -180 0 -180 1.18678 102.215 0 -180 0 -180 0 0 0 -180
inside=0 lambda=0.647 phi=0 theta=45
0 -180 0 -180 0 -180 0 0 0.181856 -0.258174 0 0 0 -180 0 -180 0 -180
0 -180 0 -180 0 -180 0 0 1.18678 102.215 0 0 0 -180 0 -180 0 -180
0 -180 0 -0 0 0 0 -0 4.85727e-14 -170.938 0 180 0 0 0 180 0 -180
0 -180 0 180 0 0 0 180 1.21922e-13 13.7437 0 -0 0 0 0 -180 0 -180
0 -180 0 180 0 0 0 -0 5.71299e-14 -168.331 0 180 0 0 0 -0 0 -180
0 -180 0 -0 0 0 0 -0 1.2247e-13 19.0595 0 0 0 0 0 180 0 -180
0 -180 0 0 0 -180 0 -180 0.181856 -0.258174 0 -180 0 -180 0 0 0 -180
0 -180 0 0 0 -180 0 -180 1.18678 102.215 0 -180 0 -180 0 0 0 -180
inside=0 lambda=0.647 phi=5 theta=0
0 180 0 -180 0 -180 0 0 0.179849 -0.2379 0 0 0 180 0 -180 0 -180
0 -0 0 -180 0 -180 0 0 1.18467 101.398 0 0 0 -0 0 -180 0 -180
0 -180 0 -0 0 0 0 180 7.18477e-14 11.1372 0 0 0 0 0 180 0 -180
0 -0 0 -180 0 0 0 -0 1.45841e-13 -159.554 0 0 0 180 0 0 0 -180
0 -180 0 -180 0 0 0 -0 7.98942e-14 11.05 0 180 0 0 0 0 0 -180
0 -180 0 -180 0 0 0 180 1.6736e-13 -162.009 0 -0 0 0 0 0 0 -180
0 -180 0 0 0 -180 0 -180 0.183847 -0.242256 0 -180 0 -180 0 0 0 -180
0 -180 0 0 0 -180 0 -180 1.18889 101.395 0 -180 0 -180 0 0 0 -180
inside=0 lambda=0.647 phi=5 theta=15
0 -180 0 -180 0 -180 0 0 0.180117 -0.238198 0 0 0 180 0 -180 0 -180
0 -0 0 -180 0 -180 0 0 1.18495 101.398 0 0 0 -0 0 -180 0 -180
0 -180 0 -0 0 0 0 -180 0.000999621 179.565 0 0 0 0 0 180 0 -180
0 -0 0 -180 0 0 0 -180 0.00105619 -79.3377 0 0 0 180 0 0 0 -180
0 -180 0 -180 0 0 0 -0 0.00099962 179.565 0 180 0 0 0 0 0 -180
0 -180 0 -180 0 0 0 -180 0.00105619 -79.3376 0 0 0 0 0 0 0 -180
0 -180 0 0 0 -180 0 -180 0.183579 -0.241971 0 -180 0 -180 0 0 0 -180
0 -180 0 0 0 -180 0 -180 1.18861 101.395 0 -180 0 -180 0 0 0 -180
inside=0 lambda=0.647 phi=5 theta=30
0 -180 0 -180 0 -180 0 0 0.180849 -0.239007 0 0 0 -180 0 -180 0 -180
0 -0 0 -180 0 -180 0 0 1.18572 101.397 0 0 0 -0 0 -180 0 -180
0 -180 0 -0 0 0 0 -180 0.00173139 179.565 0 0 0 0 0 180 0 -180
0 -0 0 -180 0 0 0 -180 0.00182938 -79.3377 0 0 0 180 0 0 0 -180
0 -180 0 -180 0 0 0 -0 0.00173139 179.565 0 180 0 0 0 0 0 -180
0 -180 0 -180 0 180 0 -180 0.00182938 -79.3376 0 0 0 0 0 0 0 -180
0 -180 0 0 0 -180 0 -180 0.182847 -0.241185 0 -180 0 -180 0 0 0 -180
0 -0 0 0 0 -0 0 -180 1.18784 101.396 0 -180 0 -180 0 0 0 -180
inside=0 lambda=0.647 phi=5 theta=45
0 -180 0 -180 0 -180 0 0 0.181848 -0.240102 0 0 0 -180 0 -180 0 -180
0 -0 0 -180 0 -180 0 0 1.18678 101.396 0 0 0 -0 0 -180 0 -180
0 -180 0 -0 0 0 0 -180 0.00199924 179.565 0 0 0 0 0 180 0 -180
0 -0 0 -180 0 0 0 -180 0.00211238 -79.3376 0 0 0 180 0 0 0 -180
0 -180 0 -180 0 0 0 -0 0.00199924 179.565 0 180 0 0 0 0 0 -180
0 -0 0 -180 0 180 0 -180 0.00211238 -79.3376 0 0 0 0 0 0 0 -180
0 -180 0 0 0 -180 0 -180 0.181848 -0.240102 0 -180 0 -180 0 0 0 -180
0 -0 0 0 0 -0 0 -180 1.18678 101.396 0 -180 0 -180 0 0 0 -180
inside=0 lambda=0.647 phi=10 theta=0
0 180 0 -180 0 -180 0 0 0.173607 -0.177504 0 0 0 180 0 -180 0 -180
0 -0 0 -180 0 -180 0 180 1.17808 98.9311 0 0 0 -0 0 -180 0 -180
0 180 0 -0 0 0 0 -0 1.3575e-13 6.13546 0 -0 0 -0 0 180 0 -180
0 -0 0 -180 0 0 0 180 2.91649e-13 -163.827 0 -0 0 180 0 0 0 -180
0 -180 0 -180 0 0 0 -0 1.40972e-13 6.83817 0 -0 0 0 0 0 0 -180
0 -180 0 -180 0 0 0 -180 3.13392e-13 -163.697 0 180 0 0 0 0 0 -180
0 -180 0 0 0 -180 0 -180 0.190045 -0.191946 0 -180 0 -180 0 0 0 -180
0 -180 0 0 0 -180 0 -180 1.19547 98.9203 0 -180 0 -180 0 0 0 -180
inside=0 lambda=0.647 phi=10 theta=15
0 180 0 -180 0 -180 0 0 0.174708 -0.178559 0 0 0 180 0 -180 0 -180
0 -0 0 -180 0 -180 0 180 1.17924 98.9304 0 0 0 -0 0 -180 0 -180
0 180 0 -0 0 0 0 -180 0.00411029 179.658 0 0 0 -0 0 180 0 -180
0 -0 0 -180 0 0 0 -180 0.00434909 -81.8333 0 0 0 180 0 0 0 -180
0 -180 0 -180 0 0 0 -180 0.00411027 179.658 0 180 0 0 0 0 0 -180
0 -180 0 -180 0 0 0 -180 0.00434907 -81.8326 0 -0 0 0 0 0 0 -180
0 -180 0 0 0 -180 0 -180 0.188944 -0.19106 0 -180 0 -180 0 0 0 -180
0 -180 0 0 0 -0 0 -180 1.19431 98.921 0 -180 0 -180 0 0 0 -180
inside=0 lambda=0.647 phi=10 theta=30
0 180 0 -180 0 -180 0 0 0.177717 -0.181373 0 0 0 180 0 -180 0 -180
0 -0 0 -180 0 -180 0 180 1.18242 98.9284 0 0 0 -0 0 -180 0 -180
0 180 0 -0 0 0 0 -180 0.00711923 179.658 0 0 0 -0 0 180 0 -180
0 -0 0 -180 0 0 0 -180 0.00753283 -81.8332 0 0 0 180 0 0 0 -180
0 -180 0 -180 0 0 0 -180 0.0071192 179.658 0 180 0 0 0 0 0 -180
0 -0 0 -180 0 180 0 -180 0.00753281 -81.8327 0 -0 0 0 0 0 0 -180
0 -180 0 0 0 180 0 -180 0.185936 -0.188583 0 -180 0 -180 0 0 0 -180
0 -0 0 0 0 -0 0 -180 1.19112 98.9229 0 -180 0 -180 0 0 0 -180
inside=0 lambda=0.647 phi=10 theta=45
0 180 0 -180 0 -180 0 0 0.181826 -0.185062 0 0 0 180 0 -180 0 -180
0 -0 0 -180 0 -180 0 180 1.18677 98.9257 0 0 0 -0 0 -180 0 -180
0 -180 0 -180 0 0 0 -180 0.00822056 179.658 0 0 0 -0 0 180 0 -180
0 -0 0 -180 0 0 0 -180 0.00869815 -81.8329 0 0 0 180 0 -0 0 -180
0 -180 0 -180 0 -0 0 -180 0.00822056 179.658 0 180 0 0 0 0 0 -180
0 -0 0 -180 0 180 0 -180 0.00869815 -81.8329 0 -0 0 0 0 0 0 -180
0 180 0 0 0 180 0 -180 0.181826 -0.185062 0 -180 0 -180 0 0 0 -180
0 -0 0 180 0 -0 0 -180 1.18677 98.9257 0 -180 0 -180 0 0 0 -180
inside=0 lambda=0.647 phi=15 theta=0
0 180 0 -180 0 -180 0 -0 0.162391 -0.0819319 0 0 0 180 0 -180 0 -180
0 -0 0 -0 0 -180 0 180 1.16615 94.7668 0 0 0 -0 0 -0 0 -180
0 180 0 -0 0 0 0 -0 4.79436e-14 8.34728 0 -180 0 -0 0 180 0 -180
0 -0 0 180 0 0 0 180 1.09196e-13 -172.985 0 180 0 180 0 -0 0 -180
0 -180 0 -180 0 0 0 180 4.44548e-14 13.4021 0 -0 0 0 0 0 0 -180
0 -180 0 -180 0 0 0 -0 1.09506e-13 -179.154 0 180 0 0 0 0 0 -180
0 -180 0 0 0 -180 0 -180 0.2012 -0.0997595 0 -180 0 -180 0 0 0 -180
0 -180 0 0 0 -180 0 -180 1.2073 94.7395 0 -180 0 -180 0 0 0 -180
inside=0 lambda=0.647 phi=15 theta=15
0 180 0 -180 0 -180 0 -0 0.164991 -0.0834067 0 0 0 180 0 -180 0 -180
0 -0 0 -0 0 -180 0 180 1.1689 94.7649 0 0 0 -0 0 -0 0 -180
0 180 0 -0 0 0 0 -180 0.00970427 179.828 0 0 0 -0 0 180 0 -180
0 -0 0 180 0 0 0 -0 0.0102894 -86.0507 0 0 0 180 0 -0 0 -180
0 -180 0 -180 0 0 0 -180 0.00970415 179.828 0 180 0 0 0 0 0 -180
0 -180 0 -180 0 180 0 -180 0.0102893 -86.049 0 -0 0 0 0 0 0 -180
0 -180 0 0 0 180 0 -180 0.198601 -0.0987996 0 -180 0 -180 0 0 0 -180
0 -180 0 0 0 -0 0 -180 1.20454 94.7412 0 -180 0 -180 0 0 0 -180
inside=0 lambda=0.647 phi=15 theta=30
0 180 0 -180 0 -180 0 -0 0.172094 -0.087196 0 0 0 180 0 -180 0 -180
0 -0 0 -180 0 -180 0 180 1.17643 94.7598 0 0 0 -0 0 -0 0 -180
0 180 0 -180 0 0 0 -180 0.0168083 179.828 0 0 0 -0 0 180 0 -180
0 -0 0 180 0 0 0 -0 0.0178218 -86.0502 0 0 0 180 0 -0 0 -180
0 -180 0 -180 0 -0 0 -180 0.0168082 179.828 0 180 0 0 0 0 0 -180
0 -0 0 -180 0 180 0 180 0.0178216 -86.0493 0 -0 0 0 0 0 0 -180
0 180 0 0 0 180 0 -180 0.191498 -0.0960302 0 -180 0 -180 0 0 0 -180
0 -0 0 0 0 -0 0 -180 1.19701 94.7461 0 -180 0 -180 0 0 0 -180
inside=0 lambda=0.647 phi=15 theta=45
0 180 0 -180 0 -180 0 0 0.181796 -0.0918656 0 0 0 180 0 -180 0 -180
0 -0 0 -180 0 -180 0 180 1.18672 94.7529 0 0 0 -0 0 -180 0 -180
0 180 0 -180 0 0 0 -180 0.0194085 179.828 0 0 0 -0 0 180 0 -180
0 -0 0 180 0 0 0 -180 0.0205787 -86.0497 0 0 0 180 0 -0 0 -180
0 180 0 -180 0 -0 0 -180 0.0194085 179.828 0 180 0 0 0 0 0 -180
0 -0 0 -180 0 180 0 180 0.0205787 -86.0497 0 -0 0 0 0 0 0 -180
0 180 0 0 0 180 0 -180 0.181796 -0.0918656 0 -180 0 -180 0 0 0 -180
0 -0 0 180 0 -0 0 -180 1.18672 94.7529 0 -180 0 -180 0 0 0 -180
inside=0 lambda=0.647 phi=20 theta=0
0 180 0 180 0 -180 0 -0 0.144654 0.0226939 0 0 0 180 0 180 0 -180
0 -0 0 -0 0 -180 0 180 1.14713 88.8057 0 0 0 -0 0 -0 0 -180
0 180 0 -0 0 0 0 -0 4.10584e-14 179.139 0 180 0 -0 0 180 0 -180
0 -0 0 180 0 0 0 180 8.24302e-14 6.25873 0 -0 0 180 0 -0 0 -180
0 -180 0 -180 0 0 0 180 7.38426e-14 -177.679 0 -0 0 0 0 0 0 -180
0 -180 0 -180 0 0 0 -0 1.2121e-13 14.8287 0 180 0 0 0 0 0 -180
0 -180 0 0 0 -180 0 -180 0.21884 0.0460143 0 -180 0 -180 0 0 0 -180
0 -180 0 0 0 -180 0 -180 1.22598 88.7488 0 -180 0 -180 0 0 0 -180
inside=0 lambda=0.647 phi=20 theta=15
0 180 0 -180 0 -180 0 -0 0.149624 0.0248954 0 0 0 180 0 180 0 -180
0 -0 0 -0 0 -180 0 180 1.15241 88.8016 0 0 0 -0 0 -0 0 -180
0 180 0 -0 0 0 0 -180 0.0185506 -179.907 0 0 0 -0 0 180 0 -180
0 -0 0 180 0 0 0 -0 0.0197127 -92.0952 0 0 0 180 0 -0 0 -180
0 -180 0 -180 0 -0 0 -180 0.0185502 -179.907 0 180 0 0 0 0 0 -180
0 -180 0 -180 0 0 0 180 0.0197122 -92.0922 0 -0 0 0 0 0 0 -180
0 180 0 0 0 180 0 -180 0.213871 0.0448843 0 -180 0 -180 0 0 0 -180
0 -180 0 0 0 -0 0 -180 1.2207 88.7524 0 -180 0 -180 0 0 0 -180
inside=0 lambda=0.647 phi=20 theta=30
0 180 0 -180 0 -180 0 -0 0.163201 0.0302805 0 0 0 180 0 180 0 -180
0 -0 0 -0 0 -180 0 180 1.16684 88.7907 0 0 0 -0 0 -0 0 -180
0 180 0 -180 0 0 0 -180 0.0321307 -179.907 0 0 0 -0 0 180 0 -180
0 -0 0 180 0 0 0 -0 0.0341432 -92.0941 0 0 0 180 0 -0 0 -180
0 180 0 -180 0 -0 0 -180 0.0321303 -179.907 0 180 0 0 0 0 0 -180
0 -0 0 -180 0 180 0 180 0.0341427 -92.0925 0 -0 0 0 0 0 0 -180
0 180 0 -0 0 180 0 -180 0.200295 0.0415886 0 -180 0 -180 0 0 0 -180
0 -0 0 180 0 -0 0 -180 1.20627 88.7623 0 -180 0 -180 0 0 0 -180
inside=0 lambda=0.647 phi=20 theta=45
0 180 0 -180 0 -180 0 -0 0.181748 0.0364437 0 0 0 180 0 -180 0 -180
0 -0 0 -180 0 -180 0 180 1.18655 88.7762 0 0 0 -0 0 -0 0 -180
0 180 0 -180 0 0 0 -180 0.0371012 -179.907 0 0 0 -0 0 180 0 -180
0 -0 0 180 0 0 0 -0 0.0394248 -92.0931 0 0 0 180 0 -0 0 -180
0 180 0 -180 0 -0 0 -180 0.0371012 -179.907 0 180 0 0 0 0 0 -180
0 -0 0 -0 0 180 0 180 0.0394248 -92.0931 0 -0 0 0 0 0 0 -180
0 180 0 -0 0 180 0 -180 0.181748 0.0364437 0 -180 0 -180 0 0 0 -180
0 -0 0 180 0 -0 0 -180 1.18655 88.7762 0 -0 0 -180 0 0 0 -180
inside=0 lambda=0.647 phi=25 theta=0
0 180 0 180 0 -180 0 -0 0.117286 0.0216323 0 0 0 180 0 180 0 -180
0 -0 0 -0 0 -180 0 180 1.11766 80.8591 0 0 0 -0 0 -0 0 -180
0 180 0 -0 0 0 0 -0 2.04079e-13 170.665 0 0 0 -0 0 180 0 -180
0 -0 0 180 0 0 0 180 4.03459e-13 0.465731 0 -180 0 180 0 -0 0 -180
0 -180 0 -180 0 0 0 180 2.67656e-13 170.452 0 -0 0 0 0 0 0 -180
0 -180 0 -180 0 0 0 -0 4.36686e-13 -4.98107 0 180 0 0 0 0 0 -180
0 -180 0 0 0 -180 0 -180 0.2459 0.259778 0 -180 0 -180 0 0 0 -180
0 -180 0 0 0 -180 0 -180 1.25454 80.7493 0 -180 0 -180 0 0 0 -180
inside=0 lambda=0.647 phi=25 theta=15
0 180 0 180 0 -180 0 -0 0.125901 0.0524748 0 0 0 180 0 180 0 -180
0 -0 0 -0 0 -180 0 180 1.12682 80.8508 0 0 0 -0 0 -0 0 -180
0 180 0 -0 0 0 0 180 0.0321616 -179.523 0 0 0 -0 0 180 0 -180
0 -0 0 180 0 0 0 -0 0.0342263 -100.163 0 0 0 180 0 -0 0 -180
0 -180 0 -180 0 -0 0 -180 0.0321605 -179.523 0 180 0 0 0 0 0 -180
0 -180 0 -180 0 0 0 180 0.0342245 -100.159 0 -0 0 0 0 0 0 -180
0 180 0 0 0 180 0 -180 0.237286 0.251609 0 -180 0 -180 0 0 0 -180
0 -180 0 0 0 -0 0 -180 1.24537 80.7558 0 -180 0 -180 0 0 0 -180
inside=0 lambda=0.647 phi=25 theta=30
0 180 0 180 0 -180 0 -0 0.149439 0.1188 0 0 0 180 0 180 0 -180
0 -0 0 -0 0 -180 0 180 1.15188 80.8288 0 0 0 -0 0 -0 0 -180
0 180 0 -180 0 0 0 180 0.0557061 -179.523 0 0 0 -0 0 180 0 -180
0 -0 0 180 0 0 0 -0 0.0592804 -100.161 0 0 0 180 0 -0 0 -180
0 180 0 -180 0 -0 0 -180 0.055705 -179.523 0 180 0 0 0 0 0 -180
0 -0 0 -180 0 180 0 180 0.0592788 -100.159 0 -0 0 0 0 0 0 -180
0 180 0 -0 0 180 0 -180 0.213749 0.226349 0 -180 0 -180 0 0 0 -180
0 -0 0 180 0 -0 0 -180 1.22032 80.7741 0 -180 0 -180 0 0 0 -180
inside=0 lambda=0.647 phi=25 theta=45
0 180 0 -180 0 -180 0 -0 0.181594 0.181894 0 0 0 180 0 180 0 -180
0 -0 0 -180 0 -180 0 180 1.1861 80.8006 0 0 0 -0 0 -0 0 -180
0 180 0 -180 0 0 0 180 0.0643237 -179.523 0 0 0 -0 0 180 0 -180
0 -0 0 180 0 0 0 -0 0.0684499 -100.159 0 0 0 180 0 -0 0 -180
0 180 0 180 0 -0 0 -180 0.0643237 -179.523 0 180 0 0 0 0 0 -180
0 -0 0 -0 0 180 0 180 0.0684499 -100.159 0 -0 0 0 0 0 0 -180
0 180 0 -0 0 180 0 -180 0.181594 0.181894 0 180 0 -180 0 0 0 -180
0 -0 0 180 0 -0 0 -180 1.1861 80.8006 0 -0 0 -180 0 0 0 -180
inside=0 lambda=0.647 phi=30 theta=0
0 180 0 180 0 -180 0.00236962 -121.261 0.0735507 -0.751287 0 0 0 180 0 180 0 -180
0 -0 0 -0 0 180 0 180 1.07065 70.5486 0 -0 0 -0 0 -0 0 180
0 180 0 -0 0 0 1.00471e-14 -36.6052 1.58162e-14 -58.7535 0 -0 0 -0 0 180 0 -180
0 -0 0 180 0 -0 0 -0 3.62518e-14 -174.32 0 -0 0 180 0 -0 0 180
0 -180 0 -180 0 0 4.57382e-14 34.277 5.69472e-14 -27.5158 0 -0 0 0 0 0 0 -180
0 -180 0 -180 0 0 0 -0 6.18715e-14 147.776 0 180 0 0 0 0 0 -180
0 -180 0 0 0 -180 0.00852543 -139.931 0.288355 0.554897 0 -180 0 -180 0 0 0 -180
0 -180 0 0 0 -180 0 -180 1.29915 70.3421 0 -180 0 -180 0 0 0 -180
inside=0 lambda=0.647 phi=30 theta=15
0 180 0 180 0 -180 0 -0 0.0879341 -0.472036 0 0 0 180 0 180 0 -180
0 -0 0 -0 0 180 0 180 1.08597 70.5315 0 -0 0 -0 0 -0 0 180
0 180 0 -0 0 0 0 -180 0.053724 -178.993 0 0 0 -0 0 180 0 -180
0 -0 0 180 0 0 0 -0 0.0571351 -110.643 0 0 0 180 0 -0 0 180
0 180 0 -180 0 -0 0 -180 0.0537211 -178.994 0 180 0 0 0 0 0 -180
0 -180 0 -180 0 0 0 180 0.0571274 -110.636 0 -0 0 0 0 0 0 -180
0 180 0 -0 0 180 0 -180 0.273973 0.531429 0 -180 0 -180 0 0 0 -180
0 -180 0 0 0 -0 0 -180 1.28385 70.3532 0 -180 0 -180 0 0 0 -180
inside=0 lambda=0.647 phi=30 theta=30
0 180 0 180 0 -180 0 -0 0.127237 -0.0169851 0 0 0 180 0 180 0 -180
0 -0 0 -0 0 -180 0 180 1.12779 70.4876 0 0 0 -0 0 -0 0 180
0 180 0 -180 0 0 0 180 0.0930562 -178.996 0 0 0 -0 0 180 0 -180
0 -0 0 180 0 0 0 -0 0.0989536 -110.637 0 0 0 180 0 -0 0 -180
0 180 0 180 0 -0 0 -180 0.0930538 -178.996 0 180 0 0 0 0 0 -180
0 -0 0 -180 0 180 0 180 0.0989492 -110.634 0 -0 0 0 0 0 0 -180
0 180 0 -0 0 180 0 -180 0.23466 0.450343 0 180 0 -180 0 0 0 -180
0 -0 0 180 0 -0 0 -180 1.24203 70.3854 0 -180 0 -180 0 0 0 -180
inside=0 lambda=0.647 phi=30 theta=45
0 180 0 -180 0 -180 0 -0 0.180947 0.28559 0 0 0 180 0 180 0 -180
0 -0 0 -0 0 -180 0 180 1.1849 70.4338 0 0 0 -0 0 -0 0 -180
0 180 0 -180 0 0 0 180 0.107452 -178.997 0 0 0 -0 0 180 0 -180
0 -0 0 180 0 0 0 -0 0.114258 -110.635 0 0 0 180 0 -0 0 -180
0 180 0 180 0 -0 0 -180 0.107452 -178.997 0 180 0 0 0 0 0 -180
0 -0 0 -0 0 180 0 180 0.114258 -110.635 0 -0 0 0 0 0 0 -180
0 180 0 -0 0 180 0 -180 0.180947 0.28559 0 180 0 -180 0 0 0 -180
0 -0 0 180 0 -0 0 -0 1.1849 70.4338 0 -0 0 -180 0 0 0 -180
inside=0 lambda=0.647 phi=35 theta=0
0 180 0 180 0 -180 0.00743969 -122.085 0.00636906 -130.518 0 0 0 180 0 180 0 -180
0 -0 0 -0 0 180 0 180 0.988439 56.9958 0 -0 0 -0 0 -0 0 180
0 180 0 -0 0 0 3.17348e-14 -35.6402 1.01546e-13 -31.7981 0 -0 0 -0 0 180 0 -180
0 -0 0 180 0 -0 0 180 2.22558e-13 158.954 0 180 0 180 0 -0 0 180
0 -180 0 -180 0 0 2.24071e-14 -122.405 9.34642e-13 -34.6061 0 180 0 0 0 0 0 -180
0 -180 0 -180 0 0 0 180 1.0797e-12 145.595 0 -0 0 0 0 0 0 -180
0 -180 0 0 0 -180 0.0101452 -123.44 0.36051 0.938104 0 -180 0 -180 0 0 0 -180
0 -180 0 0 0 -180 0 -180 1.37441 56.606 0 -180 0 -180 0 0 0 -180
inside=0 lambda=0.647 phi=35 theta=15
0 180 0 180 0 -180 0.00558907 -125.238 0.0206988 -11.5101 0 0 0 180 0 180 0 -180
0 -0 0 -0 0 180 0 180 1.01431 56.9599 0 -0 0 -0 0 -0 0 180
0 180 0 -180 0 0 0.000406618 65.7384 0.0912097 -178.306 0 0 0 -0 0 180 0 -180
0 -0 0 180 0 -0 0 -0 0.0965238 -124.403 0 -0 0 180 0 -0 0 180
0 180 0 180 0 -0 0.00282286 -147.734 0.0912048 -178.307 0 180 0 0 0 0 0 -180
0 -180 0 -180 0 0 0 180 0.0965064 -124.404 0 -0 0 0 0 0 0 -180
0 180 0 -0 0 180 0.00899188 -130.244 0.336087 0.882807 0 -180 0 -180 0 0 0 -180
0 -180 0 0 0 -180 0 -180 1.34856 56.6247 0 -180 0 -180 0 0 0 -180
inside=0 lambda=0.647 phi=35 theta=30
0 180 0 180 0 -180 0 -0 0.0870262 -1.43944 0 0 0 180 0 180 0 -180
0 -0 0 -0 0 180 0 180 1.08497 56.87 0 -0 0 -0 0 -0 0 180
0 180 0 -180 0 0 0 180 0.158001 -178.307 0 0 0 -0 0 180 0 -180
0 -0 0 180 0 -0 0 -0 0.167157 -124.404 0 -0 0 180 0 -0 0 180
0 180 0 180 0 -0 0 -180 0.157996 -178.307 0 180 0 0 0 0 0 -180
0 -180 0 -180 0 180 0 180 0.167143 -124.399 0 -0 0 0 0 0 0 180
0 180 0 -0 0 180 0 -180 0.269346 0.681269 0 180 0 -180 0 0 0 -180
0 -0 0 0 0 -0 0 -180 1.27794 56.6796 0 -180 0 -180 0 0 0 180
inside=0 lambda=0.647 phi=35 theta=45
0 180 0 180 0 -180 0 -0 0.17816 0.162978 0 0 0 180 0 180 0 -180
0 -0 0 -0 0 180 0 180 1.18145 56.7663 0 -0 0 -0 0 -0 0 180
0 180 0 -180 0 0 0 180 0.182447 -178.309 0 0 0 -0 0 180 0 -180
0 -0 0 180 0 -0 0 -0 0.193005 -124.399 0 -0 0 180 0 -0 0 180
0 180 0 180 0 -0 0 -180 0.182447 -178.309 0 180 0 0 0 0 0 -180
0 -0 0 -0 0 180 0 180 0.193005 -124.399 0 -0 0 -0 0 -0 0 180
0 180 0 -0 0 180 0 180 0.17816 0.162978 0 180 0 -180 0 0 0 -180
0 -0 0 180 0 -0 0 -0 1.18145 56.7663 0 -0 0 180 0 -0 0 180
inside=0 lambda=0.647 phi=40 theta=0
0 180 0 180 0 -180 0.0160424 -126.818 0.18583 -174.247 0 0 0 180 0 180 0 -180
0 -0 0 -0 0 180 0 180 0.802823 37.3183 0 -0 0 -0 0 -0 0 180
0 180 0 -0 0 0 4.07258e-14 154.384 6.37102e-14 -48.3818 0 180 0 -0 0 180 0 -180
0 -0 0 180 0 -0 0 -0 1.84069e-13 139.444 0 -0 0 180 0 -0 0 180
0 -180 0 -180 0 0 5.85941e-13 41.5247 9.14501e-13 -53.0752 0 -0 0 0 0 0 0 -180
0 -180 0 -180 0 0 0 -0 7.08928e-13 120.247 0 0 0 0 0 0 0 -180
0 -180 0 0 0 -180 0.0128986 -116.42 0.512015 1.40884 0 -180 0 -180 0 0 0 -180
0 -180 0 0 0 -180 0 -180 1.53094 36.5342 0 -180 0 -180 0 0 0 -180
inside=0 lambda=0.647 phi=40 theta=15
0 180 0 180 0 -180 0.0122471 -131.055 0.139241 -173.175 0 0 0 180 0 180 0 -180
0 -0 0 -0 0 180 0 180 0.851626 37.2223 0 -0 0 -0 0 -0 0 180
0 180 0 -180 0 0 0.00245565 50.6095 0.174397 -177.427 0 0 0 -0 0 180 0 -180
0 -0 0 180 0 -0 0 -0 0.182089 -144.334 0 -0 0 180 0 -0 0 180
0 180 0 180 0 -0 0.00525973 -147.072 0.17439 -177.43 0 180 0 0 0 0 0 -180
0 -180 0 -180 0 0 0 180 0.182058 -144.339 0 -0 0 0 0 0 0 180
0 180 0 -0 0 180 0.0105204 -121.913 0.465325 1.29043 0 180 0 -180 0 0 0 -180
0 -180 0 0 0 -180 0 -180 1.48216 36.5615 0 -180 0 180 0 -0 0 180
inside=0 lambda=0.647 phi=40 theta=30
0 180 0 180 0 -180 0.00382651 -142.358 0.0152945 -134.728 0 0 0 180 0 180 0 -180
0 -0 0 -0 0 180 0 180 0.984918 37.0094 0 -0 0 -0 0 -0 0 180
0 180 0 -180 0 0 0.00109606 44.2287 0.302121 -177.43 0 0 0 -0 0 180 0 -180
0 -0 0 180 0 -0 0 -0 0.315351 -144.338 0 -0 0 180 0 -0 0 180
0 180 0 180 0 -0 0.00469424 -162.332 0.302107 -177.431 0 180 0 0 0 0 0 -180
0 -180 0 -180 0 0 0 180 0.3153 -144.336 0 -0 0 -0 0 -0 0 180
0 180 0 -0 0 180 0.00691575 -147.895 0.33771 0.804028 0 180 0 -180 0 0 0 -180
0 -0 0 0 0 -0 0 -180 1.34892 36.6479 0 -180 0 180 0 -0 0 180
inside=0 lambda=0.647 phi=40 theta=45
0 180 0 180 0 -180 0 -0 0.163462 -1.07339 0 0 0 180 0 180 0 -180
0 -0 0 -0 0 180 0 180 1.16692 36.7983 0 -0 0 -0 0 -0 0 180
0 180 0 -180 0 0 0 180 0.348884 -177.435 0 0 0 -0 0 180 0 -180
0 -0 0 180 0 -0 0 -180 0.364086 -144.334 0 -0 0 180 0 -0 0 180
0 180 0 180 0 -0 0 -180 0.348884 -177.435 0 180 0 0 0 0 0 -180
0 -0 0 -180 0 180 0 180 0.364086 -144.334 0 -0 0 -0 0 -0 0 180
0 180 0 -0 0 180 0 180 0.163462 -1.07339 0 180 0 -180 0 0 0 -180
0 -0 0 180 0 -0 0 -0 1.16692 36.7983 0 -0 0 180 0 -0 0 180
inside=0 lambda=0.647 phi=45 theta=0
0 0 0 0 0 -180 0.0322635 -164.481 0.999419 129.385 0 0 0 0 0 0 0 -180
0 -180 0 -180 0 0 0 0 0 0 0 -180 0 -180 0 -180 0 0
0 0 0 -180 0 0 4.77919e-14 113.605 7.8947e-15 -54.0082 0 -180 0 -180 0 0 0 -180
0 -180 0 0 0 -180 0 -180 0 0 0 -180 0 0 0 -180 0 0
0 180 0 180 0 -0 2.462e-12 -62.1421 6.26822e-12 139.849 0 -0 0 -0 0 -0 0 180
0 180 0 180 0 -0 0 -180 0 0 0 180 0 -0 0 -0 0 180
0 180 0 -0 0 180 0.0161421 -131.888 0.999883 -25.7929 0 180 0 180 0 -0 0 180
0 180 0 -0 0 180 0 -180 0 -0 0 180 0 180 0 -0 0 180
inside=0 lambda=0.647 phi=45 theta=15
0 0 0 0 0 -180 0.0226915 -171.29 0.872302 127.531 0 0 0 0 0 0 0 -180
0 -180 0 -180 0 0 0 0 0 0 0 -180 0 -180 0 -180 0 0
0 0 0 -180 0 0 0.00923487 1.5984 0.488235 141.805 0 0 0 -180 0 0 0 -180
0 -180 0 0 0 -180 0 -0 0 180 0 -180 0 0 0 -180 0 0
0 180 0 180 0 -0 0.00916963 -176.936 0.488215 141.799 0 0 0 0 0 0 0 -180
0 -180 0 -180 0 0 0 180 0 180 0 -180 0 -0 0 -0 0 180
0 180 0 -0 0 180 0.0116275 -130.185 0.872597 -23.9507 0 180 0 -180 0 0 0 -180
0 -180 0 0 0 -180 0 -180 0 -0 0 -180 0 180 0 -0 0 180
inside=0 lambda=0.647 phi=45 theta=30
0 0 0 0 0 -180 0.00768214 -176.751 0.533405 118.02 0 0 0 0 0 0 0 -180
0 -180 0 -180 0 0 0 0 0 0 0 -180 0 -180 0 -180 0 0
0 0 0 -180 0 0 0.00784136 -20.9525 0.845759 141.792 0 0 0 -180 0 0 0 -180
0 -180 0 0 0 -180 0 -180 0 180 0 -180 0 0 0 -180 0 0
0 180 0 180 0 -0 0.00782906 169.499 0.845719 141.79 0 0 0 0 0 0 0 -180
0 -180 0 -180 0 0 0 0 0 180 0 -180 0 -0 0 -0 0 0
0 0 0 -0 0 0 0.00605807 -126.146 0.533478 -14.4545 0 180 0 -180 0 0 0 -180
0 -180 0 0 0 -180 0 -180 0 -0 0 -180 0 180 0 -180 0 0
inside=0 lambda=0.647 phi=45 theta=45
0 0 0 0 0 -180 0 -180 0.215014 51.7842 0 0 0 0 0 0 0 -180
0 -180 0 -180 0 0 0 0 0 0 0 -180 0 -180 0 -180 0 0
0 0 0 -180 0 0 0 0 0.976611 141.784 0 0 0 -180 0 0 0 -180
0 -180 0 0 0 -180 0 -180 0 180 0 -180 0 0 0 -180 0 0
0 0 0 0 0 -180 0 -180 0.976611 141.784 0 0 0 0 0 0 0 -180
0 -180 0 -180 0 0 0 0 0 180 0 -180 0 -180 0 -180 0 0
0 0 0 -180 0 0 0 0 0.215014 51.7842 0 0 0 -180 0 0 0 -180
0 -180 0 0 0 -180 0 -180 0 0 0 -180 0 0 0 -180 0 0
inside=1 lambda=0.647 phi=0 theta=0
0 -180 0 -180 0 -180 0 0 0.181856 24.6882 0 0 0 -180 0 -180 0 -180
0 -180 0 -180 0 -180 0 0 0.81475 102.215 0 0 0 -180 0 -180 0 -180
0 -180 0 180 0 0 0 -0 3.53597e-14 33.548 0 180 0 0 0 -0 0 -180
0 -180 0 0 0 0 0 -180 9.79284e-14 -175.352 0 -180 0 0 0 0 0 -180
0 -180 0 -0 0 0 0 -0 1.19357e-13 29.1024 0 180 0 0 0 180 0 -180
0 -180 0 -0 0 0 0 180 1.30546e-13 -136.781 0 180 0 0 0 -0 0 -180
0 -180 0 0 0 -180 0 -180 0.181856 24.6882 0 -180 0 -180 0 0 0 -180
0 -180 0 0 0 -180 0 -180 0.81475 102.215 0 -180 0 -180 0 0 0 -180
inside=1 lambda=0.647 phi=0 theta=15
0 -180 0 -180 0 -180 0 0 0.181856 24.6882 0 0 0 -180 0 -180 0 -180
0 -180 0 -180 0 -180 0 0 0.81475 102.215 0 0 0 -180 0 -180 0 -180
0 -180 0 180 0 0 0 -0 3.53597e-14 33.548 0 180 0 0 0 -0 0 -180
0 -180 0 0 0 0 0 -180 9.79284e-14 -175.352 0 -180 0 0 0 0 0 -180
0 -180 0 -0 0 0 0 -0 1.19357e-13 29.1024 0 180 0 0 0 180 0 -180
0 -180 0 -0 0 0 0 180 1.30546e-13 -136.781 0 180 0 0 0 -0 0 -180
0 -180 0 0 0 -180 0 -180 0.181856 24.6882 0 -180 0 -180 0 0 0 -180
0 -180 0 0 0 -180 0 -180 0.81475 102.215 0 -180 0 -180 0 0 0 -180
inside=1 lambda=0.647 phi=0 theta=30
0 -180 0 -180 0 -180 0 0 0.181856 24.6882 0 0 0 -180 0 -180 0 -180
0 -180 0 -180 0 -180 0 0 0.81475 102.215 0 0 0 -180 0 -180 0 -180
0 -180 0 180 0 0 0 -0 3.53597e-14 33.548 0 180 0 0 0 -0 0 -180
0 -180 0 0 0 0 0 -180 9.79284e-14 -175.352 0 -180 0 0 0 0 0 -180
0 -180 0 -0 0 0 0 -0 1.19357e-13 29.1024 0 180 0 0 0 180 0 -180
0 -180 0 -0 0 0 0 180 1.30546e-13 -136.781 0 180 0 0 0 -0 0 -180
0 -180 0 0 0 -180 0 -180 0.181856 24.6882 0 -180 0 -180 0 0 0 -180
0 -180 0 0 0 -180 0 -180 0.81475 102.215 0 -180 0 -180 0 0 0 -180
inside=1 lambda=0.647 phi=0 theta=45
0 -180 0 -180 0 -180 0 0 0.181856 24.6882 0 0 0 -180 0 -180 0 -180
0 -180 0 -180 0 -180 0 0 0.81475 102.215 0 0 0 -180 0 -180 0 -180
0 -180 0 180 0 0 0 -0 3.53597e-14 33.548 0 180 0 0 0 -0 0 -180
0 -180 0 0 0 0 0 -180 9.79284e-14 -175.352 0 -180 0 0 0 0 0 -180
0 -180 0 -0 0 0 0 -0 1.19357e-13 29.1024 0 180 0 0 0 180 0 -180
0 -180 0 -0 0 0 0 180 1.30546e-13 -136.781 0 180 0 0 0 -0 0 -180
0 -180 0 0 0 -180 0 -180 0.181856 24.6882 0 -180 0 -180 0 0 0 -180
0 -180 0 0 0 -180 0 -180 0.81475 102.215 0 -180 0 -180 0 0 0 -180
inside=1 lambda=0.647 phi=5 theta=0
0 -180 0 -180 0 -180 0 0 0.180916 23.9098 0 0 0 -180 0 -180 0 -180
0 -0 0 -180 0 -180 0 0 0.815717 101.831 0 0 0 -0 0 -180 0 -180
0 -180 0 -0 0 0 0 -0 3.82888e-14 44.9115 0 -0 0 0 0 180 0 -180
0 -180 0 -180 0 0 0 -180 5.80821e-14 -161.938 0 180 0 0 0 0 0 -180
0 -180 0 -180 0 0 0 180 4.3112e-14 55.6308 0 -0 0 0 0 0 0 -180
0 -180 0 -180 0 0 0 -0 4.86561e-14 -163.668 0 -180 0 0 0 0 0 -180
0 -180 0 0 0 -180 0 -180 0.182789 23.9096 0 -180 0 -180 0 0 0 -180
0 -180 0 0 0 -180 0 -180 0.813785 101.829 0 -180 0 -180 0 0 0 -180
inside=1 lambda=0.647 phi=5 theta=15
0 -180 0 -180 0 -180 0 0 0.181041 23.9098 0 0 0 -180 0 -180 0 -180
0 -0 0 -180 0 -180 0 0 0.815588 101.831 0 0 0 -0 0 -180 0 -180
0 -180 0 -0 0 0 0 -180 0.00046826 -156.125 0 0 0 0 0 180 0 -180
0 -180 0 -180 0 0 0 -180 0.000483073 102.343 0 0 0 0 0 0 0 -180
0 -180 0 -180 0 0 0 -0 0.000468259 -156.125 0 180 0 0 0 0 0 -180
0 -180 0 -180 0 0 0 -180 0.000483072 102.343 0 0 0 0 0 0 0 -180
0 -180 0 0 0 -180 0 -180 0.182663 23.9096 0 -180 0 -180 0 0 0 -180
0 -180 0 0 0 -180 0 -180 0.813914 101.829 0 -180 0 -180 0 0 0 -180
inside=1 lambda=0.647 phi=5 theta=30
0 -180 0 -180 0 -180 0 0 0.181384 23.9098 0 0 0 -180 0 -180 0 -180
0 -0 0 -180 0 -180 0 0 0.815234 101.83 0 0 0 -0 0 -180 0 -180
0 -180 0 -0 0 0 0 -180 0.00081105 -156.125 0 0 0 0 0 180 0 -180
0 -180 0 -180 0 0 0 -180 0.000836706 102.343 0 0 0 0 0 0 0 -180
0 -180 0 -180 0 0 0 -0 0.000811049 -156.125 0 180 0 0 0 0 0 -180
0 -180 0 -180 0 0 0 -180 0.000836706 102.343 0 0 0 0 0 0 0 -180
0 -180 0 0 0 -180 0 -180 0.18232 23.9096 0 -180 0 -180 0 0 0 -180
0 -180 0 0 0 -180 0 -180 0.814268 101.83 0 -180 0 -180 0 0 0 -180
inside=1 lambda=0.647 phi=5 theta=45
0 -180 0 -180 0 -180 0 0 0.181852 23.9097 0 0 0 -180 0 -180 0 -180
0 -180 0 -180 0 -180 0 0 0.814751 101.83 0 0 0 -180 0 -180 0 -180
0 -180 0 -0 0 0 0 -180 0.000936519 -156.125 0 0 0 0 0 180 0 -180
0 -180 0 -180 0 0 0 -180 0.000966145 102.343 0 0 0 0 0 0 0 -180
0 -180 0 -180 0 0 0 -0 0.000936519 -156.125 0 180 0 0 0 0 0 -180
0 -180 0 -180 0 0 0 -180 0.000966145 102.343 0 0 0 0 0 0 0 -180
0 -180 0 0 0 -180 0 -180 0.181852 23.9097 0 -180 0 -180 0 0 0 -180
0 -180 0 0 0 -180 0 -180 0.814751 101.83 0 -180 0 -180 0 0 0 -180
inside=1 lambda=0.647 phi=10 theta=0
0 -180 0 -180 0 -180 0 0 0.178063 21.5812 0 0 0 -180 0 -180 0 -180
0 -0 0 -180 0 -180 0 0 0.818655 100.681 0 0 0 -0 0 -180 0 -180
0 -180 0 -0 0 0 0 -0 4.1291e-14 49.2885 0 180 0 0 0 180 0 -180
0 -0 0 -180 0 0 0 180 5.87465e-14 -161.617 0 -0 0 180 0 0 0 -180
0 -180 0 -180 0 0 0 -0 1.08809e-14 53.0668 0 -0 0 0 0 0 0 -180
0 -180 0 -180 0 0 0 180 1.91685e-14 -157.636 0 180 0 0 0 0 0 -180
0 -180 0 0 0 -180 0 -180 0.185619 21.5793 0 -180 0 -180 0 0 0 -180
0 -180 0 0 0 -180 0 -180 0.810856 100.676 0 -180 0 -180 0 0 0 -180
inside=1 lambda=0.647 phi=10 theta=15
0 -180 0 -180 0 -180 0 0 0.178569 21.5811 0 0 0 -180 0 -180 0 -180
0 -0 0 -180 0 -180 0 0 0.818133 100.68 0 0 0 -0 0 -180 0 -180
0 -180 0 -0 0 0 0 -180 0.00188934 -158.475 0 0 0 0 0 180 0 -180
0 -0 0 -180 0 0 0 -180 0.00195002 101.199 0 0 0 180 0 0 0 -180
0 -180 0 -180 0 0 0 -0 0.00188933 -158.475 0 180 0 0 0 0 0 -180
0 -180 0 -180 0 0 0 -180 0.00195001 101.199 0 0 0 0 0 0 0 -180
0 -180 0 0 0 -180 0 -180 0.185113 21.5794 0 -180 0 -180 0 0 0 -180
0 -180 0 0 0 -180 0 -180 0.811378 100.676 0 -180 0 -180 0 0 0 -180
inside=1 lambda=0.647 phi=10 theta=30
0 -180 0 -180 0 -180 0 0 0.179952 21.5807 0 0 0 -180 0 -180 0 -180
0 -0 0 -180 0 -180 0 0 0.816705 100.679 0 0 0 -0 0 -180 0 -180
0 -180 0 -0 0 0 0 -180 0.00327243 -158.475 0 0 0 0 0 180 0 -180
0 -0 0 -180 0 0 0 -180 0.00337753 101.199 0 0 0 180 0 0 0 -180
0 -180 0 -180 0 0 0 -0 0.00327242 -158.475 0 180 0 0 0 0 0 -180
0 -180 0 -180 0 0 0 -180 0.00337753 101.199 0 0 0 0 0 0 0 -180
0 -180 0 0 0 -180 0 -180 0.18373 21.5797 0 -180 0 -180 0 0 0 -180
0 -0 0 0 0 -0 0 -180 0.812806 100.677 0 -180 0 -180 0 0 0 -180
inside=1 lambda=0.647 phi=10 theta=45
0 -180 0 -180 0 -180 0 0 0.181841 21.5802 0 0 0 -180 0 -180 0 -180
0 -0 0 -180 0 -180 0 0 0.814756 100.678 0 0 0 -0 0 -180 0 -180
0 -180 0 -0 0 0 0 -180 0.00377867 -158.475 0 0 0 0 0 180 0 -180
0 -0 0 -180 0 0 0 -180 0.00390004 101.199 0 0 0 180 0 0 0 -180
0 -180 0 -180 0 0 0 -0 0.00377867 -158.475 0 180 0 0 0 0 0 -180
0 -0 0 -180 0 180 0 -180 0.00390004 101.199 0 0 0 0 0 0 0 -180
0 -180 0 0 0 -180 0 -180 0.181841 21.5802 0 -180 0 -180 0 0 0 -180
0 -0 0 0 0 -0 0 -180 0.814756 100.678 0 -180 0 -180 0 0 0 -180
inside=1 lambda=0.647 phi=15 theta=0
0 180 0 -180 0 -180 0 0 0.1732 17.7218 0 0 0 180 0 -180 0 -180
0 -0 0 -180 0 -180 0 180 0.82368 98.774 0 0 0 -0 0 -180 0 -180
0 180 0 -0 0 0 0 -0 1.50343e-13 44.616 0 180 0 -0 0 180 0 -180
0 -0 0 -180 0 0 0 180 1.95415e-13 -165.053 0 -0 0 180 0 0 0 -180
0 -180 0 -180 0 0 0 -0 1.3359e-13 45.7177 0 180 0 0 0 0 0 -180
0 -180 0 -180 0 0 0 180 1.74338e-13 -165.01 0 -0 0 0 0 0 0 -180
0 -180 0 0 0 -180 0 -180 0.19045 17.7138 0 -180 0 -180 0 0 0 -180
0 -180 0 0 0 -180 0 -180 0.805861 98.7626 0 -180 0 -180 0 0 0 -180
inside=1 lambda=0.647 phi=15 theta=15
0 180 0 -180 0 -180 0 0 0.174355 17.7212 0 0 0 180 0 -180 0 -180
0 -0 0 -180 0 -180 0 180 0.822487 98.7733 0 0 0 -0 0 -180 0 -180
0 180 0 -0 0 0 0 -180 0.00431338 -162.375 0 0 0 -0 0 180 0 -180
0 -0 0 -180 0 0 0 -180 0.00445525 99.3032 0 0 0 180 0 0 0 -180
0 -180 0 -180 0 0 0 -0 0.00431333 -162.374 0 180 0 0 0 0 0 -180
0 -180 0 -180 0 0 0 -180 0.00445522 99.3028 0 0 0 0 0 0 0 -180
0 -180 0 0 0 -180 0 -180 0.189294 17.7143 0 -180 0 -180 0 0 0 -180
0 -180 0 0 0 -180 0 -180 0.807054 98.7634 0 -180 0 -180 0 0 0 -180
inside=1 lambda=0.647 phi=15 theta=30
0 180 0 -180 0 -180 0 0 0.177512 17.7196 0 0 0 180 0 -180 0 -180
0 -0 0 -180 0 -180 0 180 0.819225 98.7712 0 0 0 -0 0 -180 0 -180
0 -180 0 -0 0 0 0 -180 0.00747098 -162.374 0 0 0 -0 0 180 0 -180
0 -0 0 -180 0 0 0 -180 0.00771671 99.3031 0 0 0 180 0 0 0 -180
0 -180 0 -180 0 0 0 -0 0.00747092 -162.374 0 180 0 0 0 0 0 -180
0 -180 0 -180 0 180 0 -180 0.00771668 99.3029 0 0 0 0 0 0 0 -180
0 -180 0 0 0 -180 0 -180 0.186137 17.7156 0 -180 0 -180 0 0 0 -180
0 -0 0 0 0 -0 0 -180 0.810315 98.7655 0 -180 0 -180 0 0 0 -180
inside=1 lambda=0.647 phi=15 theta=45
0 180 0 -180 0 -180 0 0 0.181825 17.7176 0 0 0 180 0 -180 0 -180
0 -0 0 -180 0 -180 0 0 0.81477 98.7684 0 0 0 -0 0 -180 0 -180
0 -180 0 -0 0 0 0 -180 0.00862671 -162.374 0 0 0 0 0 180 0 -180
0 -0 0 -180 0 0 0 -180 0.00891048 99.303 0 0 0 180 0 0 0 -180
0 -180 0 -180 0 0 0 -0 0.00862671 -162.374 0 180 0 0 0 0 0 -180
0 -0 0 -180 0 180 0 -180 0.00891048 99.303 0 0 0 0 0 0 0 -180
0 180 0 0 0 180 0 -180 0.181825 17.7176 0 -180 0 -180 0 0 0 -180
0 -0 0 0 0 -0 0 -180 0.81477 98.7684 0 -180 0 -180 0 0 0 -180
inside=1 lambda=0.647 phi=20 theta=0
0 180 0 -180 0 -180 0 -0 0.166152 12.3649 0 0 0 180 0 -180 0 -180
0 -0 0 -180 0 -180 0 180 0.830995 96.1265 0 0 0 -0 0 -180 0 -180
0 180 0 -0 0 0 0 180 1.29201e-13 40.0069 0 -0 0 -0 0 180 0 -180
0 -0 0 -180 0 0 0 -0 1.58383e-13 -167.65 0 180 0 180 0 0 0 -180
0 -180 0 -180 0 0 0 -0 1.29625e-13 40.3898 0 180 0 0 0 0 0 -180
0 -180 0 -180 0 0 0 180 1.66882e-13 -167.434 0 -0 0 0 0 0 0 -180
0 -180 0 0 0 -180 0 -180 0.197458 12.3407 0 -180 0 -180 0 0 0 -180
0 -180 0 0 0 -180 0 -180 0.798623 96.1049 0 -180 0 -180 0 0 0 -180
inside=1 lambda=0.647 phi=20 theta=15
0 180 0 -180 0 -180 0 -0 0.168249 12.363 0 0 0 180 0 -180 0 -180
0 -0 0 -180 0 -180 0 180 0.828826 96.1251 0 0 0 -0 0 -180 0 -180
0 180 0 -0 0 0 0 -180 0.00782827 -167.796 0 0 0 -0 0 180 0 -180
0 -0 0 -180 0 0 0 -180 0.00809363 96.6707 0 0 0 180 0 0 0 -180
0 -180 0 -180 0 0 0 -0 0.0078281 -167.795 0 180 0 0 0 0 0 -180
0 -180 0 -180 0 0 0 -180 0.00809353 96.67 0 0 0 0 0 0 0 -180
0 -180 0 0 0 -180 0 -180 0.195361 12.3421 0 -180 0 -180 0 0 0 -180
0 -180 0 0 0 -0 0 -180 0.800791 96.1064 0 -180 0 -180 0 0 0 -180
inside=1 lambda=0.647 phi=20 theta=30
0 180 0 -180 0 -180 0 0 0.173979 12.358 0 0 0 180 0 -180 0 -180
0 -0 0 -180 0 -180 0 180 0.822902 96.1213 0 0 0 -0 0 -180 0 -180
0 180 0 -0 0 0 0 -180 0.0135589 -167.795 0 0 0 -0 0 180 0 -180
0 -0 0 -180 0 0 0 -180 0.0140185 96.6705 0 0 0 180 0 0 0 -180
0 -180 0 -180 0 -0 0 -0 0.0135587 -167.795 0 180 0 0 0 0 0 -180
0 -0 0 -180 0 180 0 -180 0.0140184 96.67 0 0 0 0 0 0 0 -180
0 180 0 0 0 180 0 -180 0.189632 12.346 0 -180 0 -180 0 0 0 -180
0 -0 0 0 0 -0 0 -180 0.806716 96.1105 0 -180 0 -180 0 0 0 -180
inside=1 lambda=0.647 phi=20 theta=45
0 180 0 -180 0 -180 0 0 0.181806 12.3517 0 0 0 180 0 -180 0 -180
0 -0 0 -180 0 -180 0 180 0.814809 96.1159 0 0 0 -0 0 -180 0 -180
0 180 0 -0 0 0 0 -180 0.0156564 -167.795 0 0 0 -0 0 180 0 -180
0 -0 0 -180 0 0 0 -180 0.0161872 96.6702 0 0 0 180 0 0 0 -180
0 180 0 -180 0 -0 0 -0 0.0156564 -167.795 0 180 0 0 0 0 0 -180
0 -0 0 -180 0 180 0 -180 0.0161872 96.6702 0 0 0 0 0 0 0 -180
0 180 0 0 0 180 0 -180 0.181806 12.3517 0 -180 0 -180 0 0 0 -180
0 -0 0 180 0 -0 0 -180 0.814809 96.1159 0 -180 0 -180 0 0 0 -180
inside=1 lambda=0.647 phi=25 theta=0
0 180 0 180 0 -180 0 -0 0.156654 5.56028 0 0 0 180 0 180 0 -180
0 -0 0 -180 0 -180 0 180 0.840905 92.7596 0 0 0 -0 0 -180 0 -180
0 180 0 -0 0 0 0 180 5.69298e-14 -142.674 0 180 0 -0 0 180 0 -180
0 -0 0 -180 0 0 0 -0 6.53238e-14 6.39094 0 -0 0 180 0 0 0 -180
0 -180 0 -180 0 0 0 -0 5.77731e-14 -147.109 0 -0 0 0 0 0 0 -180
0 -180 0 -180 0 0 0 180 7.24545e-14 9.34237 0 180 0 0 0 0 0 -180
0 -180 0 0 0 -180 0 -180 0.206909 5.49876 0 -180 0 -180 0 0 0 -180
0 -180 0 0 0 -180 0 -180 0.788881 92.7232 0 -180 0 -180 0 0 0 -180
inside=1 lambda=0.647 phi=25 theta=15
0 180 0 180 0 -180 0 -0 0.160021 5.55493 0 0 0 180 0 180 0 -180
0 -0 0 -180 0 -180 0 180 0.83742 92.7573 0 0 0 -0 0 -180 0 -180
0 180 0 -0 0 0 0 -180 0.0125666 -174.7 0 0 0 -0 0 180 0 -180
0 -0 0 -180 0 0 0 -180 0.0130071 93.3231 0 0 0 180 0 0 0 -180
0 -180 0 -180 0 0 0 -0 0.0125662 -174.699 0 180 0 0 0 0 0 -180
0 -180 0 -180 0 0 0 -180 0.0130069 93.3219 0 0 0 0 0 0 0 -180
0 -180 0 0 0 180 0 -180 0.203543 5.50192 0 -180 0 -180 0 0 0 -180
0 -180 0 0 0 -0 0 -180 0.792366 92.7258 0 -180 0 -180 0 0 0 -180
inside=1 lambda=0.647 phi=25 theta=30
0 180 0 -180 0 -180 0 -0 0.169218 5.54141 0 0 0 180 0 180 0 -180
0 -0 0 -180 0 -180 0 180 0.827899 92.7509 0 0 0 -0 0 -180 0 -180
0 180 0 -0 0 0 0 -180 0.0217659 -174.7 0 0 0 -0 0 180 0 -180
0 -0 0 -180 0 0 0 -180 0.0225289 93.3226 0 0 0 180 0 0 0 -180
0 180 0 -180 0 -0 0 -0 0.0217655 -174.699 0 180 0 0 0 0 0 -180
0 -0 0 -180 0 180 0 -180 0.0225287 93.322 0 0 0 0 0 0 0 -180
0 180 0 0 0 180 0 -180 0.194346 5.51111 0 -180 0 -180 0 0 0 -180
0 -0 0 0 0 -0 0 -180 0.801887 92.7327 0 -180 0 -180 0 0 0 -180
inside=1 lambda=0.647 phi=25 theta=45
0 180 0 -180 0 -180 0 -0 0.181782 5.52519 0 0 0 180 0 -180 0 -180
0 -0 0 -180 0 -180 0 180 0.814893 92.7419 0 0 0 -0 0 -180 0 -180
0 180 0 -0 0 0 0 -180 0.0251329 -174.7 0 0 0 -0 0 180 0 -180
0 -0 0 -180 0 0 0 -180 0.026014 93.3222 0 0 0 180 0 0 0 -180
0 180 0 -180 0 -0 0 -0 0.0251329 -174.7 0 180 0 0 0 0 0 -180
0 -0 0 -180 0 180 0 -180 0.026014 93.3222 0 0 0 0 0 0 0 -180
0 180 0 -0 0 180 0 -180 0.181782 5.52519 0 -180 0 -180 0 0 0 -180
0 -0 0 180 0 -0 0 -180 0.814893 92.7419 0 -180 0 -180 0 0 0 -180
inside=1 lambda=0.647 phi=30 theta=0
0 180 0 180 0 -180 0 -0 0.144322 -2.62227 0 0 0 180 0 180 0 -180
0 -0 0 -0 0 -180 0 180 0.853846 88.7009 0 0 0 -0 0 -0 0 -180
0 180 0 -0 0 0 0 -0 6.5458e-14 -151.866 0 -0 0 -0 0 180 0 -180
0 -0 0 180 0 0 0 180 6.44848e-14 5.58335 0 -180 0 180 0 -0 0 -180
0 -180 0 -180 0 0 0 180 5.8732e-14 -149.643 0 180 0 0 0 0 0 -180
0 -180 0 -180 0 0 0 -0 6.30132e-14 11.112 0 -0 0 0 0 0 0 -180
0 -180 0 0 0 -180 0 -180 0.21917 -2.76193 0 -180 0 -180 0 0 0 -180
0 -180 0 0 0 -180 0 -180 0.776274 88.6434 0 -180 0 -180 0 0 0 -180
inside=1 lambda=0.647 phi=30 theta=15
0 180 0 180 0 -180 0 -0 0.149336 -2.63605 0 0 0 180 0 180 0 -180
0 -0 0 -180 0 -180 0 180 0.84865 88.6973 0 0 0 -0 0 -0 0 -180
0 180 0 -0 0 0 0 180 0.0187165 176.962 0 0 0 -0 0 180 0 -180
0 -0 0 180 0 0 0 -180 0.0193952 89.2873 0 0 0 180 0 -0 0 -180
0 -180 0 -180 0 -0 0 -0 0.0187156 176.963 0 180 0 0 0 0 0 -180
0 -180 0 -180 0 0 0 180 0.0193946 89.2856 0 -0 0 0 0 0 0 -180
0 180 0 0 0 180 0 -180 0.214156 -2.75565 0 -180 0 -180 0 0 0 -180
0 -180 0 0 0 -0 0 -180 0.78147 88.6476 0 -180 0 -180 0 0 0 -180
inside=1 lambda=0.647 phi=30 theta=30
0 180 0 180 0 -180 0 -0 0.163035 -2.66933 0 0 0 180 0 180 0 -180
0 -0 0 -180 0 -180 0 180 0.834453 88.6874 0 0 0 -0 0 -0 0 -180
0 180 0 -0 0 0 0 180 0.0324178 176.962 0 0 0 -0 0 180 0 -180
0 -0 0 180 0 0 0 -180 0.0335932 89.2865 0 0 0 180 0 -0 0 -180
0 180 0 -180 0 -0 0 -0 0.0324169 176.963 0 180 0 0 0 0 0 -180
0 -0 0 -180 0 180 0 180 0.0335926 89.2856 0 -0 0 0 0 0 0 -180
0 180 0 -0 0 180 0 -180 0.200459 -2.73688 0 -180 0 -180 0 0 0 -180
0 -0 0 180 0 -0 0 -180 0.795666 88.6587 0 -180 0 -180 0 0 0 -180
inside=1 lambda=0.647 phi=30 theta=45
0 180 0 -180 0 -180 0 -0 0.181747 -2.70662 0 0 0 180 0 180 0 -180
0 -0 0 -180 0 -180 0 180 0.815059 88.6734 0 0 0 -0 0 -180 0 -180
0 180 0 -0 0 0 0 180 0.0374324 176.963 0 0 0 -0 0 180 0 -180
0 -0 0 180 0 0 0 -180 0.0387898 89.2859 0 0 0 180 0 -0 0 -180
0 180 0 180 0 -0 0 -0 0.0374324 176.963 0 180 0 0 0 0 0 -180
0 -0 0 -180 0 180 0 180 0.0387898 89.2859 0 -0 0 0 0 0 0 -180
0 180 0 -0 0 180 0 -180 0.181747 -2.70662 0 180 0 -180 0 0 0 -180
0 -0 0 180 0 -0 0 -180 0.815059 88.6734 0 -180 0 -180 0 0 0 -180
inside=1 lambda=0.647 phi=35 theta=0
0 180 0 180 0 -180 0 -0 0.128614 -12.0835 0 0 0 180 0 180 0 -180
0 -0 0 -0 0 -180 0 180 0.870422 83.9838 0 0 0 -0 0 -0 0 -180
0 180 0 -0 0 0 0 -0 1.72833e-13 -157.392 0 -0 0 -0 0 180 0 -180
0 -0 0 180 0 0 0 -180 1.56652e-13 -0.286372 0 180 0 180 0 -0 0 -180
0 -180 0 -180 0 0 0 180 1.71983e-13 -157.365 0 -180 0 0 0 0 0 -180
0 -180 0 -180 0 0 0 0 2.00071e-13 4.29384 0 -180 0 0 0 0 0 -180
0 -180 0 0 0 -180 0 -180 0.234734 -12.3799 0 -180 0 -180 0 0 0 -180
0 -180 0 0 0 -180 0 -180 0.760319 83.8969 0 -180 0 -180 0 0 0 -180
inside=1 lambda=0.647 phi=35 theta=15
0 180 0 180 0 -180 0 -0 0.135723 -12.118 0 0 0 180 0 180 0 -180
0 -0 0 -0 0 -180 0 180 0.863047 83.9786 0 0 0 -0 0 -0 0 -180
0 180 0 -0 0 0 0 180 0.0265374 167.254 0 0 0 -0 0 180 0 -180
0 -0 0 180 0 0 0 -180 0.0275291 84.5954 0 0 0 180 0 -0 0 -180
0 180 0 -180 0 -0 0 -0 0.0265355 167.256 0 180 0 0 0 0 0 -180
0 -180 0 -180 0 180 0 180 0.0275279 84.5931 0 -0 0 0 0 0 0 -180
0 180 0 -0 0 180 0 -180 0.227626 -12.3687 0 -180 0 -180 0 0 0 -180
0 -180 0 0 0 -0 0 -180 0.767694 83.9034 0 -180 0 -180 0 0 0 -180
inside=1 lambda=0.647 phi=35 theta=30
0 180 0 180 0 -180 0 -0 0.155144 -12.1959 0 0 0 180 0 180 0 -180
0 -0 0 -180 0 -180 0 180 0.842896 83.964 0 0 0 -0 0 -0 0 -180
0 180 0 -0 0 0 0 180 0.0459639 167.255 0 0 0 -0 0 180 0 -180
0 -0 0 180 0 0 0 -180 0.0476814 84.5941 0 0 0 180 0 -0 0 -180
0 180 0 180 0 -0 0 -0 0.0459621 167.256 0 180 0 0 0 0 0 -180
0 -0 0 -180 0 180 0 180 0.0476803 84.5929 0 -0 0 0 0 0 0 -180
0 180 0 -0 0 180 0 -180 0.208205 -12.3342 0 180 0 -180 0 0 0 -180
0 -0 0 180 0 -0 0 -180 0.787844 83.9207 0 -180 0 -180 0 0 0 -180
inside=1 lambda=0.647 phi=35 theta=45
0 180 0 180 0 -180 0 -0 0.181675 -12.2752 0 0 0 180 0 180 0 -180
0 -0 0 -180 0 -180 0 180 0.81537 83.9431 0 0 0 -0 0 -180 0 -180
0 180 0 -0 0 0 0 180 0.0530737 167.256 0 0 0 -0 0 180 0 -180
0 -0 0 180 0 0 0 -180 0.0550571 84.5932 0 0 0 180 0 -0 0 -180
0 180 0 180 0 -0 0 -0 0.0530737 167.256 0 180 0 0 0 0 0 -180
0 -0 0 -180 0 180 0 180 0.0550571 84.5932 0 -0 0 0 0 0 0 -180
0 180 0 -0 0 180 0 180 0.181675 -12.2752 0 180 0 -180 0 0 0 -180
0 -0 0 180 0 -0 0 -180 0.81537 83.9431 0 -180 0 -180 0 0 0 -180
inside=1 lambda=0.647 phi=40 theta=0
0 180 0 180 0 -180 0 -0 0.108774 -22.6702 0 0 0 180 0 180 0 -180
0 -0 0 -0 0 -180 0 180 0.891457 78.6477 0 0 0 -0 0 -0 0 -180
0 180 0 -0 0 0 0 -0 7.71389e-14 13.9192 0 -0 0 -0 0 180 0 -180
0 -0 0 180 0 0 0 180 6.76077e-14 172.75 0 180 0 180 0 -0 0 -180
0 -180 0 -180 0 0 0 -0 6.93637e-14 15.5402 0 180 0 0 0 0 0 -180
0 -180 0 -180 0 0 0 180 7.66979e-14 179.526 0 -0 0 0 0 0 0 -180
0 -180 0 0 0 -180 0 -180 0.25425 -23.282 0 -180 0 -180 0 0 0 -180
0 -180 0 0 0 -180 0 -180 0.740386 78.52 0 -180 0 -180 0 0 0 -180
inside=1 lambda=0.647 phi=40 theta=15
0 180 0 180 0 -180 0 -0 0.118517 -22.7583 0 0 0 180 0 180 0 -180
0 -0 0 -0 0 -180 0 180 0.881337 78.6403 0 0 0 -0 0 -0 0 -180
0 180 0 -0 0 0 0 180 0.0363815 156.254 0 0 0 -0 0 180 0 -180
0 -0 0 180 0 0 0 -180 0.0377731 79.2842 0 0 0 180 0 -0 0 -180
0 180 0 180 0 -0 0 -0 0.0363782 156.257 0 180 0 0 0 0 0 -180
0 -180 0 -180 0 180 0 180 0.0377707 79.2813 0 -0 0 0 0 0 0 -180
0 180 0 -0 0 180 0 -180 0.244506 -23.2638 0 180 0 -180 0 0 0 -180
0 -180 0 0 0 -0 0 -180 0.750506 78.5301 0 -180 0 -180 0 0 0 -180
inside=1 lambda=0.647 phi=40 theta=30
0 180 0 180 0 -180 0 -0 0.14514 -22.9386 0 0 0 180 0 180 0 -180
0 -0 0 -180 0 -180 0 180 0.853688 78.6196 0 0 0 -0 0 -0 0 -180
0 180 0 -0 0 0 0 180 0.0630146 156.256 0 0 0 -0 0 180 0 -180
0 -0 0 180 0 0 0 -180 0.0654239 79.2821 0 0 0 180 0 -0 0 -180
0 180 0 180 0 -0 0 -0 0.0630115 156.257 0 180 0 0 0 0 0 -180
0 -0 0 -180 0 180 0 180 0.0654219 79.2805 0 -0 0 0 0 0 0 -180
0 180 0 -0 0 180 0 -180 0.217883 -23.2058 0 180 0 -180 0 0 0 -180
0 -0 0 180 0 -0 0 -180 0.778153 78.5563 0 -180 0 -180 0 0 0 -180
inside=1 lambda=0.647 phi=40 theta=45
0 180 0 180 0 -180 0 -0 0.181511 -23.0991 0 0 0 180 0 180 0 -180
0 -0 0 -180 0 -180 0 180 0.81592 78.5893 0 0 0 -0 0 -0 0 -180
0 180 0 -0 0 0 0 180 0.0727618 156.257 0 0 0 -0 0 180 0 -180
0 -0 0 180 0 0 0 -180 0.0755438 79.2807 0 0 0 180 0 -0 0 -180
0 180 0 180 0 -0 0 -0 0.0727618 156.257 0 180 0 0 0 0 0 -180
0 -0 0 -180 0 180 0 180 0.0755438 79.2807 0 -0 0 0 0 0 0 -180
0 180 0 -0 0 180 0 180 0.181511 -23.0991 0 180 0 -180 0 0 0 -180
0 -0 0 180 0 -0 0 -180 0.81592 78.5893 0 -0 0 -180 0 0 0 -180
inside=1 lambda=0.647 phi=45 theta=0
0 180 0 180 0 -180 0 -0 0.0837595 -34.0826 0 0 0 180 0 180 0 -180
0 -0 0 -0 0 180 0.00100892 27.9 0.91807 72.7375 0 -0 0 -0 0 -0 0 180
0 180 0 -0 0 0 0 -0 9.85141e-14 -172.843 0 180 0 -0 0 180 0 -180
0 -0 0 180 0 0 3.75033e-15 -137.999 7.32091e-14 -14.1153 0 -0 0 180 0 -0 0 -180
0 -180 0 -180 0 -0 0 -0 2.48572e-13 -179.059 0 -0 0 0 0 0 0 180
0 -180 0 -180 0 0 2.65938e-15 74.3784 2.6674e-13 -11.0127 0 180 0 0 0 0 0 -180
0 -180 0 0 0 180 0 -180 0.278557 -35.3847 0 -180 0 -180 0 0 0 180
0 -180 0 0 0 -180 0.00542535 -138.896 0.715661 72.5544 0 -180 0 -180 0 0 0 -180
inside=1 lambda=0.647 phi=45 theta=15
0 180 0 180 0 -180 0 -0 0.0967958 -34.3368 0 0 0 180 0 180 0 -180
0 -0 0 -0 0 180 0 180 0.904516 72.7271 0 -0 0 -0 0 -0 0 180
0 180 0 -0 0 0 0 180 0.0487243 144.052 0 0 0 -0 0 180 0 -180
0 -0 0 180 0 0 0 -180 0.0506121 73.3949 0 -0 0 180 0 -0 0 -180
0 180 0 180 0 -0 0 -0 0.0487183 144.055 0 180 0 0 0 0 0 -180
0 -180 0 -180 0 180 0 -180 0.0506072 73.3913 0 -0 0 0 0 0 0 -180
0 180 0 -0 0 180 0 -180 0.265511 -35.3564 0 180 0 -180 0 0 0 -180
0 -180 0 0 0 -0 0 -180 0.729221 72.5694 0 -180 0 -180 0 0 0 -180
inside=1 lambda=0.647 phi=45 theta=30
0 180 0 180 0 -180 0 -0 0.132441 -34.7695 0 0 0 180 0 180 0 -180
0 -0 0 -0 0 180 0 180 0.867471 72.6985 0 0 0 -0 0 -0 0 180
0 180 0 -0 0 0 0 180 0.0843937 144.055 0 0 0 -0 0 180 0 -180
0 -0 0 180 0 0 0 -180 0.0876601 73.3912 0 0 0 180 0 -0 0 -180
0 180 0 180 0 -0 0 -0 0.0843886 144.056 0 180 0 0 0 0 0 -180
0 -0 0 -180 0 180 0 180 0.0876565 73.3893 0 -0 0 0 0 0 0 -180
0 180 0 -0 0 180 0 180 0.229858 -35.2658 0 180 0 -180 0 0 0 -180
0 -0 0 180 0 -0 0 -180 0.766263 72.6083 0 -180 0 -180 0 0 0 -180
inside=1 lambda=0.647 phi=45 theta=45
0 180 0 180 0 -180 0 -0 0.181148 -35.0846 0 0 0 180 0 180 0 -180
0 -0 0 -180 0 180 0 180 0.816866 72.656 0 0 0 -0 0 -0 0 -180
0 180 0 -0 0 0 0 180 0.0974478 144.056 0 0 0 -0 0 180 0 -180
0 -0 0 180 0 0 0 -180 0.101219 73.3893 0 0 0 180 0 -0 0 -180
0 180 0 180 0 -0 0 -0 0.0974478 144.056 0 180 0 0 0 0 0 -180
0 -0 0 -180 0 180 0 180 0.101219 73.3893 0 -0 0 0 0 0 0 -180
0 180 0 -0 0 180 0 180 0.181148 -35.0846 0 180 0 -180 0 0 0 -180
0 -0 0 180 0 -0 0 -180 0.816866 72.656 0 -0 0 180 0 0 0 -180
