RSoft_BSDF_File_Version 2
1 0 5 2 1 0.457143
0.3 0.3
-1 1
-1 1
1 0.647 0.647
10 0 45 0.5
4 0 45
Begin_Dispersion_Data
0.647 1.45662 0 1 0 0
End_Dispersion_Data
inside=0 lambda=0.647 phi=0 theta=0
0 -180 0 -180 0 -180 0 0 0.18184 0.34215 0 0 0 -180 0 -180 0 -180
0 0 0 0 0 0 0 -180 1.18678 -104.518 0 -180 0 0 0 0 0 0
0 -180 0 -0 0 0 0 -0 4.72426e-14 165.325 0 180 0 0 0 180 0 -180
0 0 0 -0 0 -180 0 -0 3.07502e-13 166.037 0 180 0 -180 0 0 0 0
0 -180 0 180 0 0 0 -0 5.59329e-14 163.713 0 180 0 0 0 -0 0 -180
0 0 0 180 0 -180 0 180 3.1335e-13 168.156 0 180 0 -180 0 -0 0 0
0 -180 0 0 0 -180 0 -180 0.18184 0.34215 0 -180 0 -180 0 0 0 -180
0 0 0 -180 0 0 0 0 1.18678 -104.518 0 0 0 0 0 -180 0 0
inside=0 lambda=0.647 phi=0 theta=15
0 -180 0 -180 0 -180 0 0 0.18184 0.34215 0 0 0 -180 0 -180 0 -180
0 0 0 0 0 0 0 -180 1.18678 -104.518 0 -180 0 0 0 0 0 0
0 -180 0 -0 0 0 0 -0 4.72426e-14 165.325 0 180 0 0 0 180 0 -180
0 0 0 -0 0 -180 0 -0 3.07502e-13 166.037 0 180 0 -180 0 0 0 0
0 -180 0 180 0 0 0 -0 5.59329e-14 163.713 0 180 0 0 0 -0 0 -180
0 0 0 180 0 -180 0 180 3.1335e-13 168.156 0 180 0 -180 0 -0 0 0
0 -180 0 0 0 -180 0 -180 0.18184 0.34215 0 -180 0 -180 0 0 0 -180
0 0 0 -180 0 0 0 0 1.18678 -104.518 0 0 0 0 0 -180 0 0
inside=0 lambda=0.647 phi=0 theta=30
0 -180 0 -180 0 -180 0 0 0.18184 0.34215 0 0 0 -180 0 -180 0 -180
0 0 0 0 0 0 0 -180 1.18678 -104.518 0 -180 0 0 0 0 0 0
0 -180 0 -0 0 0 0 -0 4.72426e-14 165.325 0 180 0 0 0 180 0 -180
0 0 0 -0 0 -180 0 -0 3.07502e-13 166.037 0 180 0 -180 0 0 0 0
0 -180 0 180 0 0 0 -0 5.59329e-14 163.713 0 180 0 0 0 -0 0 -180
0 0 0 180 0 -180 0 180 3.1335e-13 168.156 0 180 0 -180 0 -0 0 0
0 -180 0 0 0 -180 0 -180 0.18184 0.34215 0 -180 0 -180 0 0 0 -180
0 0 0 -180 0 0 0 0 1.18678 -104.518 0 0 0 0 0 -180 0 0
inside=0 lambda=0.647 phi=0 theta=45
0 -180 0 -180 0 -180 0 0 0.18184 0.34215 0 0 0 -180 0 -180 0 -180
0 0 0 0 0 0 0 -180 1.18678 -104.518 0 -180 0 0 0 0 0 0
0 -180 0 -0 0 0 0 -0 4.72426e-14 165.325 0 180 0 0 0 180 0 -180
0 0 0 -0 0 -180 0 -0 3.07502e-13 166.037 0 180 0 -180 0 0 0 0
0 -180 0 180 0 0 0 -0 5.59329e-14 163.713 0 180 0 0 0 -0 0 -180
0 0 0 180 0 -180 0 180 3.1335e-13 168.156 0 180 0 -180 0 -0 0 0
0 -180 0 0 0 -180 0 -180 0.18184 0.34215 0 -180 0 -180 0 0 0 -180
0 0 0 -180 0 0 0 0 1.18678 -104.518 0 0 0 0 0 -180 0 0
inside=0 lambda=0.647 phi=5 theta=0
0 180 0 -180 0 -180 0 0 0.179922 0.378986 0 0 0 180 0 -180 0 -180
0 0 0 0 0 0 0 -180 1.18465 -106.559 0 -180 0 0 0 0 0 0
0 -180 0 -0 0 0 0 180 6.94548e-14 -19.4823 0 180 0 0 0 180 0 -180
0 0 0 -0 0 -180 0 180 3.75088e-13 -13.1759 0 180 0 -180 0 180 0 0
0 -180 0 -180 0 0 0 -0 7.79653e-14 -18.1172 0 180 0 0 0 0 0 -180
0 0 0 0 0 -180 0 -0 4.36157e-13 -14.6654 0 180 0 -180 0 -180 0 0
0 -180 0 0 0 -180 0 -180 0.183933 0.385601 0 -180 0 -180 0 0 0 -180
0 0 0 -180 0 0 0 0 1.18887 -106.568 0 0 0 0 0 -180 0 0
inside=0 lambda=0.647 phi=5 theta=15
0 -180 0 -180 0 -180 0 0 0.180191 0.379438 0 0 0 -180 0 -180 0 -180
0 0 0 0 0 0 0 -180 1.18493 -106.56 0 -180 0 0 0 0 0 0
0 -180 0 -0 0 0 0 -180 0.00100272 -179.32 0 0 0 0 0 180 0 -180
0 0 0 -0 0 -180 0 0 0.00105651 70.6938 0 -180 0 -180 0 180 0 0
0 -180 0 -180 0 0 0 -0 0.00100272 -179.319 0 180 0 0 0 0 0 -180
0 0 0 0 0 -180 0 -0 0.0010565 70.6943 0 180 0 -180 0 -180 0 0
0 -180 0 0 0 -180 0 -180 0.183664 0.385167 0 -180 0 -180 0 0 0 -180
0 0 0 -180 0 0 0 0 1.18859 -106.568 0 0 0 0 0 -180 0 0
inside=0 lambda=0.647 phi=5 theta=30
0 -180 0 -180 0 -180 0 0 0.180925 0.380666 0 0 0 -180 0 -180 0 -180
0 0 0 0 0 0 0 -180 1.18571 -106.561 0 -180 0 0 0 0 0 0
0 -180 0 -0 0 0 0 -180 0.00173676 -179.32 0 0 0 0 0 180 0 -180
0 0 0 -0 0 -180 0 0 0.00182992 70.6939 0 -180 0 -180 0 180 0 0
0 -180 0 -180 0 0 0 -0 0.00173675 -179.319 0 180 0 0 0 0 0 -180
0 0 0 0 0 -180 0 -0 0.00182992 70.6942 0 180 0 -180 0 -180 0 0
0 -180 0 0 0 -180 0 -180 0.18293 0.383974 0 -180 0 -180 0 0 0 -180
0 0 0 -180 0 0 0 0 1.18782 -106.566 0 0 0 0 0 -180 0 0
inside=0 lambda=0.647 phi=5 theta=45
0 -180 0 -180 0 -180 0 0 0.181928 0.382329 0 0 0 -180 0 -180 0 -180
0 0 0 0 0 0 0 -180 1.18676 -106.564 0 -180 0 0 0 0 0 0
0 -180 0 -0 0 0 0 -180 0.00200543 -179.32 0 0 0 0 0 180 0 -180
0 0 0 -0 0 -180 0 0 0.00211301 70.694 0 -180 0 -180 0 180 0 0
0 -180 0 -180 0 0 0 -0 0.00200543 -179.32 0 180 0 0 0 0 0 -180
0 0 0 0 0 -180 0 -0 0.00211301 70.694 0 180 0 -180 0 -180 0 0
0 -180 0 0 0 -180 0 -180 0.181928 0.382329 0 -180 0 -180 0 0 0 -180
0 0 0 -180 0 0 0 0 1.18676 -106.564 0 0 0 0 0 -180 0 0
inside=0 lambda=0.647 phi=10 theta=0
0 180 0 -180 0 -180 0 0 0.173955 0.471642 0 0 0 180 0 -180 0 -180
0 0 0 0 0 0 0 -180 1.178 -112.718 0 -180 0 0 0 0 0 0
0 180 0 -0 0 0 0 -0 1.22548e-13 -26.9168 0 -0 0 -0 0 180 0 -180
0 0 0 -0 0 -180 0 -0 7.34715e-13 -20.3067 0 0 0 -180 0 180 0 0
0 -180 0 -180 0 0 0 -0 1.28615e-13 -24.0614 0 -0 0 0 0 0 0 -180
0 0 0 0 0 -180 0 0 7.89538e-13 -20.1331 0 -0 0 -180 0 -180 0 0
0 -180 0 0 0 -180 0 -180 0.190508 0.507206 0 -180 0 -180 0 0 0 -180
0 0 0 -180 0 0 0 0 1.19536 -112.759 0 0 0 0 0 -180 0 0
inside=0 lambda=0.647 phi=10 theta=15
0 180 0 -180 0 -180 0 0 0.175064 0.47423 0 0 0 180 0 -180 0 -180
0 0 0 0 0 0 0 -180 1.17916 -112.721 0 -180 0 0 0 0 0 0
0 180 0 -0 0 0 0 -180 0.00413845 -179.121 0 0 0 -0 0 180 0 -180
0 0 0 -0 0 -180 0 0 0.00434508 64.4664 0 -180 0 -180 0 180 0 0
0 -180 0 -180 0 0 0 -0 0.00413845 -179.121 0 180 0 0 0 0 0 -180
0 0 0 0 0 -180 0 -0 0.00434503 64.4685 0 180 0 -180 0 -180 0 0
0 -180 0 0 0 -180 0 -180 0.189399 0.505014 0 -180 0 -180 0 0 0 -180
0 0 0 -180 0 0 0 0 1.1942 -112.756 0 0 0 0 0 -180 0 0
inside=0 lambda=0.647 phi=10 theta=30
0 180 0 -180 0 -180 0 0 0.178094 0.481139 0 0 0 180 0 -180 0 -180
0 0 0 0 0 0 0 -180 1.18234 -112.729 0 -180 0 0 0 0 0 0
0 180 0 -0 0 0 0 -180 0.00716801 -179.121 0 0 0 -0 0 180 0 -180
0 0 0 -0 0 -180 0 0 0.00752588 64.4669 0 -180 0 -180 0 180 0 0
0 -180 0 -180 0 0 0 -0 0.007168 -179.121 0 180 0 0 0 0 0 -180
0 0 0 0 0 -180 0 -0 0.00752583 64.4681 0 180 0 -180 0 -180 0 0
0 -180 0 0 0 180 0 -180 0.18637 0.498895 0 -180 0 -180 0 0 0 -180
0 0 0 -180 0 0 0 0 1.19102 -112.749 0 0 0 0 0 -180 0 0
inside=0 lambda=0.647 phi=10 theta=45
0 180 0 -180 0 -180 0 0 0.182232 0.490214 0 0 0 180 0 -180 0 -180
0 0 0 0 0 0 0 -180 1.18668 -112.739 0 -180 0 0 0 0 0 0
0 -180 0 -0 0 0 0 -180 0.0082769 -179.121 0 0 0 -0 0 180 0 -180
0 0 0 -0 0 -180 0 0 0.00869011 64.4675 0 -180 0 -180 0 180 0 0
0 -180 0 -180 0 -0 0 -0 0.0082769 -179.121 0 180 0 0 0 0 0 -180
0 0 0 0 0 -180 0 -0 0.00869011 64.4675 0 180 0 -180 0 -180 0 0
0 180 0 0 0 180 0 -180 0.182232 0.490214 0 -180 0 -180 0 0 0 -180
0 0 0 -180 0 0 0 0 1.18668 -112.739 0 0 0 0 0 -180 0 0
inside=0 lambda=0.647 phi=15 theta=0
0 180 0 -180 0 -180 0 -0 0.163149 0.55607 0 0 0 180 0 -180 0 -180
0 0 0 0 0 0 0 -180 1.166 -123.117 0 -180 0 0 0 0 0 0
0 180 0 -0 0 0 0 -0 4.23847e-14 -25.2707 0 -0 0 -0 0 180 0 -180
0 0 0 -0 0 -180 0 -0 2.87142e-13 -32.7124 0 -0 0 -180 0 180 0 0
0 -180 0 -180 0 0 0 180 4.45114e-14 -12.3478 0 -0 0 0 0 0 0 -180
0 0 0 0 0 -180 0 180 2.97987e-13 -34.5435 0 -0 0 -180 0 -180 0 0
0 -180 0 0 0 -180 0 -180 0.202528 0.666744 0 -180 0 -180 0 0 0 -180
0 0 0 -180 0 0 0 0 1.20696 -123.214 0 0 0 0 0 -180 0 0
inside=0 lambda=0.647 phi=15 theta=15
0 180 0 -180 0 -180 0 -0 0.165787 0.565098 0 0 0 180 0 -180 0 -180
0 0 0 0 0 0 0 -180 1.16874 -123.123 0 -180 0 0 0 0 0 0
0 180 0 -0 0 0 0 -180 0.00984516 -178.875 0 0 0 -0 0 180 0 -180
0 0 0 -0 0 -180 0 0 0.0102543 53.9796 0 -180 0 -180 0 180 0 0
0 -180 0 -180 0 0 0 -180 0.00984516 -178.875 0 180 0 0 0 0 0 -180
0 0 0 0 0 -180 0 -0 0.010254 53.9845 0 180 0 -180 0 -180 0 0
0 -180 0 0 0 180 0 -180 0.19989 0.660671 0 -180 0 -180 0 0 0 -180
0 0 0 -180 0 0 0 0 1.20422 -123.207 0 0 0 0 0 -180 0 0
inside=0 lambda=0.647 phi=15 theta=30
0 180 0 -180 0 -180 0 0 0.172994 0.588381 0 0 0 180 0 -180 0 -180
0 0 0 0 0 0 0 -180 1.17624 -123.142 0 -180 0 0 0 0 0 0
0 180 0 -0 0 0 0 -180 0.0170523 -178.875 0 0 0 -0 0 180 0 -180
0 0 0 -0 0 -180 0 0 0.0177608 53.981 0 -180 0 -180 0 180 0 0
0 -180 0 -180 0 -0 0 -180 0.0170523 -178.875 0 180 0 0 0 0 0 -180
0 0 0 0 0 -180 0 -0 0.0177605 53.9838 0 180 0 -180 0 -180 0 0
0 180 0 0 0 180 0 -180 0.192683 0.643248 0 -180 0 -180 0 0 0 -180
0 0 0 -180 0 0 0 0 1.19672 -123.19 0 0 0 0 0 -180 0 0
inside=0 lambda=0.647 phi=15 theta=45
0 180 0 -180 0 -180 0 0 0.182838 0.617267 0 0 0 180 0 -180 0 -180
0 0 0 0 0 0 0 -180 1.18648 -123.166 0 -180 0 0 0 0 0 0
0 180 0 -0 0 0 0 -180 0.0196903 -178.875 0 0 0 -0 0 180 0 -180
0 0 0 -0 0 -180 0 0 0.0205082 53.9825 0 -180 0 -180 0 180 0 0
0 180 0 -180 0 -0 0 -0 0.0196903 -178.875 0 180 0 0 0 0 0 -180
0 0 0 0 0 -180 0 -0 0.0205082 53.9825 0 180 0 -180 0 -180 0 0
0 180 0 0 0 180 0 -180 0.182838 0.617267 0 -180 0 -180 0 0 0 -180
0 0 0 -180 0 0 0 0 1.18648 -123.166 0 0 0 0 0 -180 0 0
inside=0 lambda=0.647 phi=20 theta=0
0 180 0 180 0 -180 0 -0 0.145618 0.514823 0 0 0 180 0 180 0 -180
0 0 0 0 0 -0 0 -180 1.14697 -138.001 0 180 0 0 0 0 0 -0
0 180 0 -0 0 0 0 -0 2.7055e-14 132.474 0 180 0 -0 0 180 0 -180
0 0 0 -0 0 180 0 -180 2.11306e-13 133.03 0 0 0 -180 0 180 0 -0
0 -180 0 -180 0 0 0 180 5.13866e-14 127.186 0 -0 0 0 0 0 0 -180
0 0 0 0 0 -180 0 180 2.93895e-13 137.018 0 -0 0 -180 0 -180 0 0
0 -180 0 0 0 -180 0 -180 0.221819 0.756881 0 -180 0 -180 0 0 0 -180
0 0 0 -180 0 0 0 0 1.22513 -138.186 0 0 0 0 0 -180 0 0
inside=0 lambda=0.647 phi=20 theta=15
0 180 0 -180 0 -180 0 -0 0.150723 0.538558 0 0 0 180 0 180 0 -180
0 0 0 0 0 -0 0 -180 1.15221 -138.014 0 180 0 0 0 0 0 -0
0 180 0 -0 0 0 0 -180 0.0190502 -178.778 0 0 0 -0 0 180 0 -180
0 0 0 -0 0 180 0 0 0.0195658 39.046 0 180 0 -180 0 180 0 -0
0 -180 0 -180 0 -0 0 -180 0.0190503 -178.778 0 180 0 0 0 0 0 -180
0 0 0 0 0 -180 0 -0 0.0195646 39.0556 0 180 0 -180 0 -180 0 0
0 -180 0 0 0 180 0 -180 0.216714 0.745929 0 -180 0 -180 0 0 0 -180
0 0 0 -180 0 0 0 0 1.2199 -138.174 0 0 0 0 0 -180 0 0
inside=0 lambda=0.647 phi=20 theta=30
0 180 0 -180 0 -180 0 -0 0.164668 0.596025 0 0 0 180 0 180 0 -180
0 0 0 0 0 -0 0 -180 1.16651 -138.05 0 180 0 0 0 0 0 -0
0 180 0 -0 0 0 0 -180 0.0329961 -178.778 0 0 0 -0 0 180 0 -180
0 0 0 -0 0 180 0 0 0.0338884 39.0491 0 180 0 -180 0 180 0 -0
0 180 0 -180 0 -0 0 -180 0.0329962 -178.778 0 180 0 0 0 0 0 -180
0 0 0 0 0 -180 0 -0 0.0338872 39.0546 0 180 0 -180 0 -180 0 0
0 180 0 0 0 180 0 -180 0.202769 0.713225 0 -180 0 -180 0 0 0 -180
0 0 0 -180 0 0 0 0 1.20559 -138.142 0 0 0 -0 0 180 0 -0
inside=0 lambda=0.647 phi=20 theta=45
0 180 0 -180 0 -180 0 -0 0.183718 0.660623 0 0 0 180 0 -180 0 -180
0 0 0 0 0 -0 0 -180 1.18605 -138.097 0 180 0 0 0 0 0 -0
0 180 0 -180 0 0 0 -180 0.0381007 -178.778 0 0 0 -0 0 180 0 -180
0 0 0 -0 0 180 0 0 0.0391302 39.0523 0 180 0 -180 0 180 0 -0
0 180 0 -180 0 -0 0 -180 0.0381007 -178.778 0 180 0 0 0 0 0 -180
0 0 0 0 0 -180 0 -0 0.0391302 39.0523 0 180 0 180 0 180 0 -0
0 180 0 -0 0 180 0 -180 0.183718 0.660623 0 -180 0 -180 0 0 0 -180
0 0 0 -180 0 0 0 0 1.18605 -138.097 0 0 0 -0 0 180 0 -0
inside=0 lambda=0.647 phi=25 theta=0
0 180 0 180 0 -180 0 -0 0.117389 0.29528 0 0 0 180 0 180 0 -180
0 0 0 0 0 -0 0 -180 1.11764 -157.849 0 180 0 0 0 0 0 -0
0 180 0 -0 0 0 0 -0 7.57756e-14 110.656 0 180 0 -0 0 180 0 -180
0 0 0 -0 0 180 0 -180 9.92091e-13 112.563 0 -0 0 -180 0 180 0 -0
0 -180 0 -180 0 0 0 180 9.78193e-14 110.439 0 -0 0 0 0 0 0 -180
0 0 0 0 0 -180 0 0 1.0872e-12 112.11 0 -0 0 -180 0 -180 0 0
0 -180 0 0 0 -180 0 -180 0.251376 0.581386 0 -180 0 -180 0 0 0 -180
0 0 0 -180 0 0 0 -0 1.25272 -158.151 0 0 0 0 0 -180 0 0
inside=0 lambda=0.647 phi=25 theta=15
0 180 0 180 0 -180 0 -0 0.126364 0.33277 0 0 0 180 0 180 0 -180
0 0 0 0 0 -0 0 -180 1.12669 -157.872 0 180 0 0 0 0 0 -0
0 180 0 -0 0 0 0 -180 0.0334957 -179.158 0 0 0 -0 0 180 0 -180
0 0 0 -0 0 180 0 0 0.0338107 19.295 0 180 0 -180 0 180 0 -0
0 -180 0 -180 0 -0 0 -180 0.033496 -179.16 0 180 0 0 0 0 0 -180
0 0 0 0 0 -180 0 -0 0.0338064 19.3128 0 180 0 180 0 180 0 -0
0 180 0 0 0 180 0 -180 0.242401 0.572038 0 -180 0 -180 0 0 0 -180
0 0 0 -180 0 0 0 -0 1.24367 -158.133 0 0 0 -0 0 180 0 -0
inside=0 lambda=0.647 phi=25 theta=30
0 180 0 180 0 -180 0 -0 0.150884 0.41326 0 0 0 180 0 180 0 -180
0 0 0 0 0 -0 0 -180 1.15141 -157.932 0 180 0 0 0 0 0 -0
0 180 0 -0 0 0 0 -180 0.058017 -179.158 0 0 0 -0 0 180 0 -180
0 0 0 -0 0 180 0 0 0.0585595 19.3017 0 180 0 -180 0 180 0 -0
0 180 0 -180 0 -0 0 -180 0.0580173 -179.159 0 180 0 0 0 0 0 -180
0 0 0 0 0 -180 0 -0 0.0585556 19.3115 0 180 0 180 0 180 0 -0
0 180 0 -0 0 180 0 -180 0.217879 0.54251 0 -180 0 -180 0 0 0 -180
0 0 0 -180 0 0 0 0 1.21895 -158.082 0 0 0 -0 0 180 0 -0
inside=0 lambda=0.647 phi=25 theta=45
0 180 0 -180 0 -180 0 -0 0.184382 0.489448 0 0 0 180 0 180 0 -180
0 0 0 0 0 -0 0 -180 1.18518 -158.01 0 180 0 0 0 0 0 -0
0 180 0 -180 0 0 0 -180 0.0669927 -179.158 0 0 0 -0 0 180 0 -180
0 0 0 -0 0 180 0 0 0.0676161 19.3079 0 180 0 -180 0 180 0 -0
0 180 0 -180 0 -0 0 -180 0.0669927 -179.158 0 180 0 0 0 0 0 -180
0 0 0 0 0 -180 0 -0 0.0676161 19.3079 0 180 0 180 0 180 0 -0
0 180 0 -0 0 180 0 -180 0.184382 0.489448 0 180 0 -180 0 0 0 -180
0 0 0 -180 0 0 0 0 1.18518 -158.01 0 0 0 -0 0 180 0 -0
inside=0 lambda=0.647 phi=30 theta=0
0 180 0 180 0 -180 0.00256027 -111.895 0.0710134 0.8503 0 0 0 180 0 180 0 -180
0 0 0 0 0 -0 0 -180 1.07085 176.381 0 180 0 0 0 0 0 -0
0 180 0 -0 0 0 7.45104e-15 -12.2111 1.13699e-14 116.033 0 -0 0 -0 0 180 0 -180
0 0 0 -180 0 180 0 0 4.8309e-14 -80.6514 0 0 0 -180 0 0 0 -0
0 -180 0 -180 0 0 4.89553e-14 42.863 1.33325e-14 174.567 0 -0 0 0 0 0 0 -180
0 -0 0 -0 0 180 0 0 1.53855e-13 -103.547 0 -180 0 180 0 180 0 -0
0 -180 0 0 0 -180 0.00891848 -131.653 0.295935 -0.0517826 0 -180 0 -180 0 0 0 -180
0 -0 0 180 0 -0 0 -0 1.29601 175.955 0 -0 0 -0 0 180 0 -0
inside=0 lambda=0.647 phi=30 theta=15
0 180 0 180 0 -180 0 -0 0.08608 0.631209 0 0 0 180 0 180 0 -180
0 0 0 0 0 -0 0 -180 1.08594 176.346 0 180 0 0 0 0 0 -0
0 180 0 -0 0 0 0 -180 0.0562366 179.69 0 0 0 -0 0 180 0 -180
0 0 0 -180 0 180 0 0 0.0563415 -6.14577 0 180 0 -180 0 0 0 -0
0 180 0 -180 0 -0 0 -180 0.0562361 179.686 0 180 0 0 0 0 0 -180
0 -0 0 -0 0 -180 0 -180 0.0563273 -6.11345 0 0 0 180 0 180 0 -0
0 180 0 -0 0 180 0 -180 0.280873 -0.0350626 0 -180 0 -180 0 0 0 -180
0 0 0 180 0 0 0 -0 1.28093 175.978 0 -0 0 -0 0 180 0 -0
inside=0 lambda=0.647 phi=30 theta=30
0 180 0 180 0 -180 0 -0 0.127234 0.316522 0 0 0 180 0 180 0 -180
0 0 0 0 0 -0 0 -180 1.12715 176.256 0 180 0 0 0 0 0 -0
0 180 0 -180 0 0 0 180 0.0974102 179.69 0 0 0 -0 0 180 0 -180
0 0 0 -180 0 180 0 0 0.0975752 -6.13061 0 180 0 -180 0 0 0 -0
0 180 0 180 0 -0 0 -180 0.09741 179.688 0 180 0 0 0 0 0 -180
0 0 0 0 0 -180 0 -180 0.0975653 -6.11386 0 0 0 180 0 180 0 -0
0 180 0 -0 0 180 0 -180 0.239709 0.0151754 0 180 0 -180 0 0 0 -180
0 0 0 -180 0 0 0 -0 1.23972 176.045 0 0 0 -0 0 180 0 -0
inside=0 lambda=0.647 phi=30 theta=45
0 180 0 -180 0 -180 0 -0 0.18347 0.119306 0 0 0 180 0 180 0 -180
0 0 0 0 0 -0 0 -180 1.18343 176.144 0 180 0 0 0 0 0 -0
0 180 0 -180 0 0 0 180 0.112481 179.689 0 0 0 -0 0 180 0 -180
0 0 0 -180 0 180 0 0 0.112663 -6.11945 0 180 0 -180 0 0 0 -0
0 180 0 180 0 -0 0 -180 0.112481 179.689 0 180 0 0 0 0 0 -180
0 0 0 0 0 -180 0 -180 0.112663 -6.11945 0 0 0 180 0 180 0 -0
0 180 0 -0 0 180 0 -180 0.18347 0.119306 0 180 0 -180 0 0 0 -180
0 0 0 -180 0 0 0 0 1.18343 176.144 0 0 0 -0 0 180 0 -0
inside=0 lambda=0.647 phi=35 theta=0
0 180 0 180 0 -180 0.00858827 -111.046 0.00909342 136.573 0 0 0 180 0 180 0 -180
0 0 0 0 0 -180 0 -180 0.9884 142.556 0 0 0 0 0 0 0 -180
0 180 0 -0 0 0 3.69915e-14 -28.5469 7.12562e-14 52.1574 0 -0 0 -0 0 180 0 -180
0 0 0 -180 0 0 0 -180 4.383e-13 -124.861 0 -180 0 -180 0 0 0 -180
0 -180 0 -180 0 0 1.53051e-14 -98.8518 6.99691e-13 52.9589 0 180 0 0 0 0 0 -180
0 -0 0 -0 0 180 0 -180 2.7122e-12 -127.971 0 0 0 180 0 180 0 -0
0 -180 0 0 0 -180 0.0112402 -113.39 0.364754 -0.914392 0 -180 0 -180 0 0 0 -180
0 -0 0 180 0 -0 0 -0 1.37197 141.969 0 -0 0 -0 0 180 0 -0
inside=0 lambda=0.647 phi=35 theta=15
0 180 0 180 0 -180 0.00634866 -115.491 0.0190487 16.5091 0 0 0 180 0 180 0 -180
0 0 0 0 0 -180 0 -180 1.01411 142.5 0 0 0 0 0 0 0 -180
0 180 0 -0 0 0 0.000431808 70.3071 0.0928958 178.178 0 0 0 -0 0 180 0 -180
0 0 0 -180 0 0 0 -0 0.0959578 -39.6281 0 0 0 -180 0 0 0 -180
0 180 0 180 0 -0 0.00313397 -138.002 0.0928918 178.169 0 180 0 0 0 0 0 -180
0 -0 0 -0 0 180 0 -180 0.0959292 -39.5877 0 0 0 180 0 180 0 -0
0 180 0 -0 0 180 0.00982797 -121.42 0.339885 -0.84221 0 -180 0 -180 0 0 0 -180
0 -0 0 180 0 -0 0 -0 1.34628 141.995 0 -0 0 -0 0 180 0 -0
inside=0 lambda=0.647 phi=35 theta=30
0 180 0 180 0 -180 0 -0 0.0862636 2.10249 0 0 0 180 0 180 0 -180
0 0 0 0 0 -180 0 -180 1.08434 142.362 0 0 0 0 0 0 0 -180
0 180 0 -180 0 0 0 180 0.160933 178.185 0 0 0 -0 0 180 0 -180
0 0 0 -180 0 0 0 -0 0.166161 -39.6127 0 0 0 -180 0 0 0 -180
0 180 0 180 0 -0 0 -180 0.160927 178.181 0 180 0 0 0 0 0 -180
0 -0 0 -0 0 -180 0 -180 0.166141 -39.5864 0 0 0 180 0 180 0 -180
0 180 0 -0 0 180 0 -180 0.271915 -0.587375 0 180 0 -180 0 0 0 -180
0 0 0 180 0 0 0 -0 1.27609 142.075 0 -0 0 -180 0 0 0 -180
inside=0 lambda=0.647 phi=35 theta=45
0 180 0 180 0 -180 0 -0 0.179047 0.0596155 0 0 0 180 0 180 0 -180
0 0 0 0 0 -180 0 180 1.18021 142.205 0 0 0 0 0 0 0 -180
0 180 0 -180 0 0 0 180 0.185838 178.183 0 0 0 -0 0 180 0 -180
0 0 0 -180 0 0 0 -0 0.191849 -39.5941 0 0 0 -180 0 0 0 -180
0 180 0 180 0 -0 0 -180 0.185838 178.183 0 180 0 0 0 0 0 -180
0 0 0 -0 0 -180 0 -180 0.191849 -39.5941 0 0 0 0 0 0 0 -180
0 180 0 -0 0 180 0 180 0.179047 0.0596155 0 180 0 -180 0 0 0 -180
0 0 0 180 0 0 0 0 1.18021 142.205 0 0 0 -180 0 0 0 -180
inside=0 lambda=0.647 phi=40 theta=0
0 180 0 180 0 -180 0.0206999 -115.296 0.157393 178.983 0 0 0 180 0 180 0 -180
0 -0 0 -0 0 -180 0 180 0.806772 93.982 0 0 0 -0 0 -0 0 -180
0 180 0 -0 0 0 5.08916e-14 167.976 9.84524e-14 6.74236 0 180 0 -0 0 180 0 -180
0 -0 0 180 0 0 0 -0 3.42201e-13 -159.583 0 0 0 180 0 -0 0 -180
0 -180 0 -180 0 0 8.01869e-13 52.0217 1.49895e-12 3.19054 0 -0 0 0 0 0 0 -180
0 -180 0 -180 0 0 0 -0 2.09558e-12 176.778 0 180 0 0 0 0 0 -180
0 -180 0 0 0 -180 0.0159862 -105.91 0.495501 -0.128731 0 -180 0 -180 0 0 0 -180
0 -180 0 0 0 -180 0 -180 1.54805 92.5634 0 -180 0 -180 0 0 0 -180
inside=0 lambda=0.647 phi=40 theta=15
0 180 0 180 0 -180 0.0151905 -121.151 0.113802 178.772 0 0 0 180 0 180 0 -180
0 -0 0 -0 0 -180 0 180 0.856451 93.7963 0 0 0 -0 0 -0 0 -180
0 180 0 -0 0 0 0.0028827 60.0959 0.163346 179.694 0 0 0 -0 0 180 0 -180
0 -0 0 -180 0 0 0 -0 0.18544 -89.0609 0 0 0 180 0 -0 0 -180
0 180 0 180 0 -0 0.00640906 -137.147 0.163324 179.685 0 180 0 0 0 0 0 -180
0 -0 0 -0 0 180 0 -180 0.185412 -89.0138 0 -0 0 0 0 0 0 -180
0 180 0 -0 0 180 0.0125719 -113.025 0.451859 -0.105955 0 180 0 -180 0 0 0 -180
0 -0 0 180 0 -0 0 -180 1.49831 92.6052 0 -0 0 -180 0 0 0 -180
inside=0 lambda=0.647 phi=40 theta=30
0 180 0 180 0 -180 0.00445698 -135.677 0.00585576 16.3369 0 0 0 180 0 180 0 -180
0 -0 0 -0 0 -180 0 180 0.99209 93.3982 0 0 0 -0 0 -0 0 -180
0 180 0 -180 0 0 0.00106928 52.4169 0.283092 179.702 0 0 0 -0 0 180 0 -180
0 -0 0 -180 0 0 0 -0 0.321102 -89.0442 0 0 0 180 0 -0 0 -180
0 180 0 180 0 -0 0.00533015 -155.649 0.283063 179.698 0 180 0 0 0 0 0 -180
0 -0 0 -0 0 180 0 -180 0.321051 -89.0164 0 -0 0 0 0 0 0 -180
0 180 0 -0 0 180 0.00781279 -141.984 0.332359 -0.0281315 0 180 0 -180 0 0 0 -180
0 -0 0 180 0 -0 0 -0 1.36258 92.7504 0 -0 0 -180 0 0 0 -180
inside=0 lambda=0.647 phi=40 theta=45
0 180 0 180 0 -180 0 -0 0.168945 0.249442 0 0 0 180 0 180 0 -180
0 -0 0 -0 0 -180 0 180 1.1773 93.0165 0 0 0 -0 0 -0 0 -180
0 180 0 -180 0 0 0 180 0.326957 179.697 0 0 0 -0 0 180 0 -180
0 -0 0 -180 0 0 0 -0 0.370707 -89.0231 0 0 0 180 0 -0 0 -180
0 180 0 180 0 -0 0 -180 0.326957 179.697 0 180 0 0 0 0 0 -180
0 -0 0 -0 0 180 0 -180 0.370707 -89.0231 0 -0 0 0 0 0 0 -180
0 180 0 -0 0 180 0 180 0.168945 0.249442 0 180 0 -180 0 0 0 -180
0 -0 0 180 0 -0 0 -0 1.1773 93.0165 0 -0 0 -180 0 0 0 -180
inside=0 lambda=0.647 phi=45 theta=0
0 0 0 0 0 -180 0.0453655 -163.229 0.998851 131.491 0 0 0 0 0 0 0 -180
0 -180 0 -180 0 0 0 0 0 0 0 -180 0 -180 0 -180 0 0
0 0 0 -180 0 0 8.6747e-14 122.975 5.10132e-14 -34.2492 0 -180 0 -180 0 0 0 -180
0 -180 0 0 0 -180 0 -180 0 0 0 -180 0 0 0 -180 0 0
0 180 0 180 0 -0 3.02356e-12 -63.083 9.67979e-12 141.076 0 0 0 -0 0 -0 0 180
0 180 0 180 0 -0 0 180 0 0 0 180 0 -0 0 -0 0 180
0 180 0 -0 0 180 0.0210562 -131.521 0.999801 -25.186 0 180 0 180 0 -0 0 180
0 180 0 -0 0 180 0 180 0 -0 0 180 0 180 0 -0 0 180
inside=0 lambda=0.647 phi=45 theta=15
0 0 0 0 0 -180 0.0300635 -170.338 0.871259 129.713 0 0 0 0 0 0 0 -180
0 -180 0 -180 0 0 0 0 0 0 0 -180 0 -180 0 -180 0 0
0 0 0 -180 0 0 0.0118385 3.31084 0.489558 143.152 0 0 0 -180 0 0 0 -180
0 -180 0 0 0 -180 0 -180 0 180 0 -180 0 0 0 -180 0 0
0 180 0 180 0 -0 0.0118585 -175.886 0.489507 143.144 0 0 0 0 0 0 0 -180
0 -180 0 -180 0 0 0 180 0 180 0 -180 0 -0 0 -0 0 180
0 180 0 -0 0 180 0.0142099 -129.711 0.871794 -23.455 0 180 0 -180 0 0 0 -180
0 -180 0 0 0 -180 0 -180 0 -0 0 -180 0 180 0 -0 0 180
inside=0 lambda=0.647 phi=45 theta=30
0 0 0 0 0 -180 0.00930054 -176.865 0.529663 120.631 0 0 0 0 0 0 0 -180
0 -180 0 -180 0 0 0 0 0 0 0 -180 0 -180 0 -180 0 0
0 0 0 -180 0 0 0.00910344 -18.9724 0.848069 143.116 0 0 0 -180 0 0 0 -180
0 -180 0 0 0 -180 0 -180 0 180 0 -180 0 0 0 -180 0 0
0 180 0 180 0 -0 0.00921985 170.076 0.848001 143.113 0 0 0 0 0 0 0 -180
0 -180 0 -180 0 0 0 0 0 180 0 -180 0 -0 0 -0 0 0
0 0 0 -0 0 0 0.00669338 -125.224 0.529776 -14.425 0 180 0 -180 0 0 0 -180
0 -180 0 0 0 -180 0 -180 0 -0 0 -180 0 180 0 -180 0 0
inside=0 lambda=0.647 phi=45 theta=45
0 0 0 0 0 -180 0 -180 0.202619 53.1 0 0 0 0 0 0 0 -180
0 -180 0 -180 0 0 0 0 0 0 0 -180 0 -180 0 -180 0 0
0 0 0 -180 0 0 0 0 0.979258 143.1 0 0 0 -180 0 0 0 -180
0 -180 0 0 0 -180 0 -180 0 180 0 -180 0 0 0 -180 0 0
0 0 0 0 0 -180 0 -180 0.979258 143.1 0 0 0 0 0 0 0 -180
0 -180 0 -180 0 0 0 0 0 180 0 -180 0 -180 0 -180 0 0
0 0 0 -180 0 0 0 0 0.202619 53.1 0 0 0 -180 0 0 0 -180
0 -180 0 0 0 -180 0 -180 0 0 0 -180 0 0 0 -180 0 0
inside=1 lambda=0.647 phi=0 theta=0
0 -180 0 -180 0 -180 0 0 0.18184 -29.3776 0 0 0 -180 0 -180 0 -180
0 0 0 0 0 0 0 -180 0.814753 -104.518 0 -180 0 0 0 0 0 0
0 -180 0 180 0 0 0 -0 9.48294e-14 40.0274 0 180 0 0 0 -0 0 -180
0 0 0 -180 0 -180 0 0 2.25767e-13 -17.9322 0 0 0 -180 0 -180 0 0
0 -180 0 -0 0 0 0 -0 1.50813e-13 9.79429 0 180 0 0 0 180 0 -180
0 0 0 180 0 -180 0 -0 2.52273e-13 0.980534 0 -0 0 -180 0 180 0 0
0 -180 0 0 0 -180 0 -180 0.18184 -29.3776 0 -180 0 -180 0 0 0 -180
0 0 0 -180 0 0 0 0 0.814753 -104.518 0 0 0 0 0 -180 0 0
inside=1 lambda=0.647 phi=0 theta=15
0 -180 0 -180 0 -180 0 0 0.18184 -29.3776 0 0 0 -180 0 -180 0 -180
0 0 0 0 0 0 0 -180 0.814753 -104.518 0 -180 0 0 0 0 0 0
0 -180 0 180 0 0 0 -0 9.48294e-14 40.0274 0 180 0 0 0 -0 0 -180
0 0 0 -180 0 -180 0 0 2.25767e-13 -17.9322 0 0 0 -180 0 -180 0 0
0 -180 0 -0 0 0 0 -0 1.50813e-13 9.79429 0 180 0 0 0 180 0 -180
0 0 0 180 0 -180 0 -0 2.52273e-13 0.980534 0 -0 0 -180 0 180 0 0
0 -180 0 0 0 -180 0 -180 0.18184 -29.3776 0 -180 0 -180 0 0 0 -180
0 0 0 -180 0 0 0 0 0.814753 -104.518 0 0 0 0 0 -180 0 0
inside=1 lambda=0.647 phi=0 theta=30
0 -180 0 -180 0 -180 0 0 0.18184 -29.3776 0 0 0 -180 0 -180 0 -180
0 0 0 0 0 0 0 -180 0.814753 -104.518 0 -180 0 0 0 0 0 0
0 -180 0 180 0 0 0 -0 9.48294e-14 40.0274 0 180 0 0 0 -0 0 -180
0 0 0 -180 0 -180 0 0 2.25767e-13 -17.9322 0 0 0 -180 0 -180 0 0
0 -180 0 -0 0 0 0 -0 1.50813e-13 9.79429 0 180 0 0 0 180 0 -180
0 0 0 180 0 -180 0 -0 2.52273e-13 0.980534 0 -0 0 -180 0 180 0 0
0 -180 0 0 0 -180 0 -180 0.18184 -29.3776 0 -180 0 -180 0 0 0 -180
0 0 0 -180 0 0 0 0 0.814753 -104.518 0 0 0 0 0 -180 0 0
inside=1 lambda=0.647 phi=0 theta=45
0 -180 0 -180 0 -180 0 0 0.18184 -29.3776 0 0 0 -180 0 -180 0 -180
0 0 0 0 0 0 0 -180 0.814753 -104.518 0 -180 0 0 0 0 0 0
0 -180 0 180 0 0 0 -0 9.48294e-14 40.0274 0 180 0 0 0 -0 0 -180
0 0 0 -180 0 -180 0 0 2.25767e-13 -17.9322 0 0 0 -180 0 -180 0 0
0 -180 0 -0 0 0 0 -0 1.50813e-13 9.79429 0 180 0 0 0 180 0 -180
0 0 0 180 0 -180 0 -0 2.52273e-13 0.980534 0 -0 0 -180 0 180 0 0
0 -180 0 0 0 -180 0 -180 0.18184 -29.3776 0 -180 0 -180 0 0 0 -180
0 0 0 -180 0 0 0 0 0.814753 -104.518 0 0 0 0 0 -180 0 0
inside=1 lambda=0.647 phi=5 theta=0
0 -180 0 -180 0 -180 0 0 0.180942 -31.3153 0 0 0 -180 0 -180 0 -180
0 0 0 0 0 0 0 -180 0.815713 -105.478 0 -180 0 0 0 0 0 0
0 -180 0 -0 0 0 0 -0 7.80728e-14 32.6898 0 -0 0 0 0 180 0 -180
0 0 0 -0 0 -180 0 -0 1.43756e-13 -13.0643 0 -0 0 -180 0 180 0 0
0 -180 0 -180 0 0 0 180 8.48341e-14 34.1977 0 -0 0 0 0 0 0 -180
0 0 0 0 0 -180 0 180 1.32215e-13 -13.9247 0 -0 0 -180 0 -180 0 0
0 -180 0 0 0 -180 0 -180 0.182819 -31.3272 0 -180 0 -180 0 0 0 -180
0 0 0 -180 0 0 0 0 0.81378 -105.482 0 0 0 0 0 -180 0 0
inside=1 lambda=0.647 phi=5 theta=15
0 -180 0 -180 0 -180 0 0 0.181068 -31.3161 0 0 0 -180 0 -180 0 -180
0 0 0 0 0 0 0 -180 0.815584 -105.478 0 -180 0 0 0 0 0 0
0 -180 0 -0 0 0 0 -180 0.000469529 147.515 0 0 0 0 0 180 0 -180
0 0 0 -0 0 -180 0 0 0.000483514 -103.56 0 -180 0 -180 0 180 0 0
0 -180 0 -180 0 0 0 -0 0.000469529 147.515 0 180 0 0 0 0 0 -180
0 0 0 0 0 -180 0 -0 0.000483513 -103.561 0 180 0 -180 0 -180 0 0
0 -180 0 0 0 -180 0 -180 0.182694 -31.3264 0 -180 0 -180 0 0 0 -180
0 0 0 -180 0 0 0 0 0.81391 -105.482 0 0 0 0 0 -180 0 0
inside=1 lambda=0.647 phi=5 theta=30
0 -180 0 -180 0 -180 0 0 0.181411 -31.3183 0 0 0 -180 0 -180 0 -180
0 0 0 0 0 0 0 -180 0.81523 -105.479 0 -180 0 0 0 0 0 0
0 -180 0 -0 0 0 0 -180 0.000813249 147.515 0 0 0 0 0 180 0 -180
0 0 0 -0 0 -180 0 0 0.00083747 -103.56 0 -180 0 -180 0 180 0 0
0 -180 0 -180 0 0 0 -0 0.000813248 147.515 0 180 0 0 0 0 0 -180
0 0 0 0 0 -180 0 -0 0.00083747 -103.561 0 180 0 -180 0 -180 0 0
0 -180 0 0 0 -180 0 -180 0.18235 -31.3242 0 -180 0 -180 0 0 0 -180
0 0 0 -180 0 0 0 0 0.814264 -105.481 0 0 0 0 0 -180 0 0
inside=1 lambda=0.647 phi=5 theta=45
0 -180 0 -180 0 -180 0 0 0.181881 -31.3213 0 0 0 -180 0 -180 0 -180
0 0 0 0 0 0 0 -180 0.814747 -105.48 0 -180 0 0 0 0 0 0
0 -180 0 -0 0 0 0 -180 0.000939059 147.515 0 0 0 0 0 180 0 -180
0 0 0 -0 0 -180 0 0 0.000967027 -103.561 0 -180 0 -180 0 180 0 0
0 -180 0 -180 0 0 0 -0 0.000939059 147.515 0 180 0 0 0 0 0 -180
0 0 0 0 0 -180 0 -0 0.000967027 -103.561 0 180 0 -180 0 -180 0 0
0 -180 0 0 0 -180 0 -180 0.181881 -31.3213 0 -180 0 -180 0 0 0 -180
0 0 0 -180 0 0 0 0 0.814747 -105.48 0 0 0 0 0 -180 0 0
inside=1 lambda=0.647 phi=10 theta=0
0 180 0 -180 0 -180 0 0 0.178216 -37.1088 0 0 0 180 0 -180 0 -180
0 0 0 0 0 0 0 -180 0.818632 -108.35 0 -180 0 0 0 0 0 0
0 180 0 -0 0 0 0 -0 8.51881e-14 31.7443 0 180 0 -0 0 180 0 -180
0 0 0 -0 0 -180 0 -0 1.49115e-13 -13.9596 0 180 0 -180 0 180 0 0
0 -180 0 -180 0 0 0 -0 2.4023e-14 39.4985 0 -0 0 0 0 0 0 -180
0 0 0 0 0 -180 0 -0 4.64004e-14 -8.77629 0 -0 0 -180 0 -180 0 0
0 -180 0 0 0 -180 0 -180 0.185804 -37.1589 0 -180 0 -180 0 0 0 -180
0 0 0 -180 0 0 0 0 0.810827 -108.368 0 0 0 0 0 -180 0 0
inside=1 lambda=0.647 phi=10 theta=15
0 180 0 -180 0 -180 0 0 0.178725 -37.1123 0 0 0 180 0 -180 0 -180
0 0 0 0 0 0 0 -180 0.818109 -108.351 0 -180 0 0 0 0 0 0
0 180 0 -0 0 0 0 -180 0.00189752 141.65 0 0 0 -0 0 180 0 -180
0 0 0 -0 0 -180 0 0 0.00195247 -106.422 0 -180 0 -180 0 180 0 0
0 -180 0 -180 0 0 0 -0 0.00189752 141.65 0 180 0 0 0 0 0 -180
0 0 0 0 0 -180 0 -0 0.00195246 -106.423 0 180 0 -180 0 -180 0 0
0 -180 0 0 0 -180 0 -180 0.185296 -37.1557 0 -180 0 -180 0 0 0 -180
0 0 0 -180 0 0 0 0 0.81135 -108.367 0 0 0 0 0 -180 0 0
inside=1 lambda=0.647 phi=10 theta=30
0 180 0 -180 0 -180 0 0 0.180113 -37.1217 0 0 0 180 0 -180 0 -180
0 0 0 0 0 0 0 -180 0.816681 -108.354 0 -180 0 0 0 0 0 0
0 180 0 -0 0 0 0 -180 0.0032866 141.65 0 0 0 -0 0 180 0 -180
0 0 0 -0 0 -180 0 0 0.00338178 -106.422 0 -180 0 -180 0 180 0 0
0 -180 0 -180 0 0 0 -0 0.0032866 141.65 0 180 0 0 0 0 0 -180
0 0 0 0 0 -180 0 -0 0.00338177 -106.423 0 180 0 -180 0 -180 0 0
0 -180 0 0 0 180 0 -180 0.183907 -37.1468 0 -180 0 -180 0 0 0 -180
0 0 0 -180 0 0 0 0 0.812778 -108.364 0 0 0 0 0 -180 0 0
inside=1 lambda=0.647 phi=10 theta=45
0 180 0 -180 0 -180 0 0 0.18201 -37.1344 0 0 0 180 0 -180 0 -180
0 0 0 0 0 0 0 -180 0.81473 -108.359 0 -180 0 0 0 0 0 0
0 180 0 -0 0 0 0 -180 0.00379504 141.65 0 0 0 -0 0 180 0 -180
0 0 0 -0 0 -180 0 0 0.00390493 -106.423 0 -180 0 -180 0 180 0 0
0 180 0 -180 0 -0 0 -0 0.00379504 141.65 0 180 0 0 0 0 0 -180
0 0 0 0 0 -180 0 -0 0.00390493 -106.423 0 180 0 -180 0 -180 0 0
0 180 0 0 0 180 0 -180 0.18201 -37.1344 0 -180 0 -180 0 0 0 -180
0 0 0 -180 0 0 0 0 0.81473 -108.359 0 0 0 0 0 -180 0 0
inside=1 lambda=0.647 phi=15 theta=0
0 180 0 -180 0 -180 0 -0 0.173565 -46.6982 0 0 0 180 0 -180 0 -180
0 180 0 0 0 0 0 -180 0.823626 -113.111 0 -180 0 180 0 0 0 0
0 180 0 -0 0 0 0 -0 3.01042e-13 21.3418 0 180 0 -0 0 180 0 -180
0 0 0 -0 0 -180 0 -0 5.01022e-13 -20.838 0 180 0 -180 0 180 0 0
0 -180 0 -180 0 0 0 -0 2.67844e-13 21.7022 0 180 0 0 0 0 0 -180
0 0 0 0 0 -180 0 -0 4.50389e-13 -20.837 0 180 0 -180 0 -180 0 0
0 -180 0 0 0 -180 0 -180 0.19094 -46.8206 0 -180 0 -180 0 0 0 -180
0 0 0 -180 0 0 0 0 0.805782 -113.153 0 0 0 0 0 -180 0 0
inside=1 lambda=0.647 phi=15 theta=15
0 180 0 -180 0 -180 0 -0 0.174729 -46.7072 0 0 0 180 0 -180 0 -180
0 180 0 0 0 0 0 -180 0.822431 -113.114 0 -180 0 180 0 0 0 0
0 180 0 -0 0 0 0 -180 0.00434507 131.944 0 0 0 -0 0 180 0 -180
0 0 0 -0 0 -180 0 0 0.00446368 -111.17 0 -180 0 -180 0 180 0 0
0 -180 0 -180 0 0 0 -0 0.00434506 131.944 0 180 0 0 0 0 0 -180
0 0 0 0 0 -180 0 -0 0.00446364 -111.172 0 180 0 -180 0 -180 0 0
0 -180 0 0 0 180 0 -180 0.189777 -46.8131 0 -180 0 -180 0 0 0 -180
0 0 0 -180 0 0 0 0 0.806978 -113.15 0 0 0 0 0 -180 0 0
inside=1 lambda=0.647 phi=15 theta=30
0 180 0 -180 0 -180 0 0 0.177909 -46.7311 0 0 0 180 0 -180 0 -180
0 0 0 0 0 0 0 -180 0.819165 -113.121 0 -180 0 0 0 0 0 0
0 180 0 -0 0 0 0 -180 0.00752587 131.944 0 0 0 -0 0 180 0 -180
0 0 0 -0 0 -180 0 0 0.0077313 -111.171 0 -180 0 -180 0 180 0 0
0 180 0 -180 0 -0 0 -0 0.00752586 131.944 0 180 0 0 0 0 0 -180
0 0 0 0 0 -180 0 -0 0.00773127 -111.171 0 180 0 -180 0 -180 0 0
0 180 0 0 0 180 0 -180 0.186597 -46.7921 0 -180 0 -180 0 0 0 -180
0 0 0 -180 0 0 0 0 0.810243 -113.142 0 0 0 0 0 -180 0 0
inside=1 lambda=0.647 phi=15 theta=45
0 180 0 -180 0 -180 0 0 0.182253 -46.7623 0 0 0 180 0 -180 0 -180
0 0 0 0 0 0 0 -180 0.814704 -113.132 0 -180 0 0 0 0 0 0
0 180 0 -0 0 0 0 -180 0.00869012 131.944 0 0 0 -0 0 180 0 -180
0 0 0 -0 0 -180 0 0 0.00892732 -111.171 0 -180 0 -180 0 180 0 0
0 180 0 -180 0 -0 0 -0 0.00869012 131.944 0 180 0 0 0 0 0 -180
0 0 0 0 0 -180 0 -0 0.00892732 -111.171 0 180 0 -180 0 -180 0 0
0 180 0 0 0 180 0 -180 0.182253 -46.7623 0 -180 0 -180 0 0 0 -180
0 0 0 -180 0 0 0 0 0.814704 -113.132 0 0 0 0 0 -180 0 0
inside=1 lambda=0.647 phi=20 theta=0
0 180 0 180 0 -180 0 -0 0.166791 -59.9823 0 0 0 180 0 180 0 -180
0 180 0 0 0 -0 0 -180 0.830904 -119.722 0 -180 0 180 0 0 0 -0
0 180 0 -0 0 0 0 180 2.51024e-13 10.2531 0 -0 0 -0 0 180 0 -180
0 0 0 -0 0 -180 0 180 4.04393e-13 -27.7595 0 -0 0 -180 0 180 0 0
0 -180 0 -180 0 0 0 -0 2.54584e-13 10.5802 0 180 0 0 0 0 0 -180
0 0 0 0 0 -180 0 -0 4.28638e-13 -27.7969 0 180 0 -180 0 -180 0 0
0 -180 0 0 0 -180 0 -180 0.198474 -60.221 0 -180 0 -180 0 0 0 -180
0 0 0 -180 0 0 0 0 0.798456 -119.799 0 0 0 0 0 -180 0 0
inside=1 lambda=0.647 phi=20 theta=15
0 180 0 180 0 -180 0 -0 0.168913 -60.0011 0 0 0 180 0 180 0 -180
0 180 0 0 0 -0 0 -180 0.82873 -119.727 0 -180 0 180 0 0 0 -0
0 180 0 -0 0 0 0 -180 0.00792314 118.507 0 0 0 -0 0 180 0 -180
0 0 0 -0 0 -180 0 0 0.00811695 -117.773 0 -180 0 -180 0 180 0 0
0 -180 0 -180 0 -0 0 -0 0.00792312 118.509 0 180 0 0 0 0 0 -180
0 0 0 0 0 -180 0 -0 0.00811683 -117.776 0 180 0 -180 0 -180 0 0
0 180 0 0 0 180 0 -180 0.196351 -60.2074 0 -180 0 -180 0 0 0 -180
0 0 0 -180 0 0 0 0 0.800629 -119.794 0 0 0 0 0 -180 0 0
inside=1 lambda=0.647 phi=20 theta=30
0 180 0 -180 0 -180 0 -0 0.174711 -60.0501 0 0 0 180 0 180 0 -180
0 180 0 0 0 0 0 -180 0.822792 -119.741 0 -180 0 180 0 0 0 0
0 180 0 -0 0 0 0 -180 0.0137233 118.508 0 0 0 -0 0 180 0 -180
0 0 0 -0 0 -180 0 0 0.0140589 -117.774 0 -180 0 -180 0 180 0 0
0 180 0 -180 0 -0 0 -0 0.0137233 118.509 0 180 0 0 0 0 0 -180
0 0 0 0 0 -180 0 -0 0.0140588 -117.776 0 180 0 -180 0 -180 0 0
0 180 0 0 0 180 0 -180 0.190553 -60.1688 0 -180 0 -180 0 0 0 -180
0 0 0 -180 0 0 0 0 0.806568 -119.779 0 0 0 0 0 -180 0 0
inside=1 lambda=0.647 phi=20 theta=45
0 180 0 -180 0 -180 0 -0 0.182632 -60.1121 0 0 0 180 0 -180 0 -180
0 0 0 0 0 0 0 -180 0.814679 -119.76 0 -180 0 0 0 0 0 0
0 180 0 -0 0 0 0 -180 0.0158463 118.508 0 0 0 -0 0 180 0 -180
0 0 0 -0 0 -180 0 0 0.0162338 -117.775 0 -180 0 -180 0 180 0 0
0 180 0 -180 0 -0 0 -0 0.0158463 118.508 0 180 0 0 0 0 0 -180
0 0 0 0 0 -180 0 -0 0.0162338 -117.775 0 180 0 -180 0 -180 0 0
0 180 0 -0 0 180 0 -180 0.182632 -60.1121 0 -180 0 -180 0 0 0 -180
0 0 0 -180 0 0 0 0 0.814679 -119.76 0 0 0 0 0 -180 0 0
inside=1 lambda=0.647 phi=25 theta=0
0 180 0 180 0 -180 0 -0 0.157547 -76.8192 0 0 0 180 0 180 0 -180
0 180 0 0 0 -0 0 -180 0.840784 -128.128 0 180 0 180 0 0 0 -0
0 180 0 -0 0 0 0 180 1.09163e-13 177.952 0 180 0 -0 0 180 0 -180
0 0 0 -0 0 180 0 180 1.68075e-13 142.309 0 180 0 -180 0 180 0 -0
0 -180 0 -180 0 0 0 -0 1.07211e-13 175.926 0 -0 0 0 0 0 0 -180
0 0 0 0 0 -180 0 -0 1.83611e-13 143.254 0 -0 0 -180 0 -180 0 0
0 -180 0 0 0 -180 0 -180 0.208746 -77.2258 0 -180 0 -180 0 0 0 -180
0 0 0 -180 0 0 0 0 0.788566 -128.254 0 0 0 0 0 -180 0 0
inside=1 lambda=0.647 phi=25 theta=15
0 180 0 180 0 -180 0 -0 0.160976 -76.8546 0 0 0 180 0 180 0 -180
0 180 0 0 0 -0 0 -180 0.837286 -128.136 0 180 0 180 0 0 0 -0
0 180 0 -0 0 0 0 180 0.0128038 101.506 0 0 0 -0 0 180 0 -180
0 0 0 -0 0 180 0 0 0.0130625 -126.191 0 180 0 -180 0 180 0 -0
0 180 0 -180 0 -0 0 -0 0.0128039 101.508 0 180 0 0 0 0 0 -180
0 0 0 0 0 -180 0 -0 0.0130622 -126.195 0 180 0 -180 0 -180 0 0
0 180 0 0 0 180 0 -180 0.205316 -77.205 0 -180 0 -180 0 0 0 -180
0 0 0 -180 0 0 0 0 0.792064 -128.245 0 0 0 0 0 -180 0 0
inside=1 lambda=0.647 phi=25 theta=30
0 180 0 180 0 -180 0 -0 0.170346 -76.944 0 0 0 180 0 180 0 -180
0 180 0 0 0 -0 0 -180 0.827729 -128.158 0 180 0 180 0 0 0 -0
0 180 0 -0 0 0 0 180 0.022177 101.506 0 0 0 -0 0 180 0 -180
0 0 0 -0 0 180 0 0 0.0226248 -126.192 0 180 0 -180 0 180 0 -0
0 180 0 -180 0 -0 0 -0 0.022177 101.508 0 180 0 0 0 0 0 -180
0 0 0 0 0 -180 0 -0 0.0226244 -126.194 0 180 0 -180 0 -180 0 0
0 180 0 -0 0 180 0 -180 0.195946 -77.1443 0 180 0 -180 0 0 0 -180
0 0 0 -180 0 0 0 0 0.80162 -128.221 0 0 0 -0 0 180 0 -0
inside=1 lambda=0.647 phi=25 theta=45
0 180 0 -180 0 -180 0 -0 0.183145 -77.0512 0 0 0 180 0 180 0 -180
0 0 0 0 0 -0 0 -180 0.814674 -128.189 0 180 0 180 0 0 0 -0
0 180 0 -0 0 0 0 180 0.0256078 101.507 0 0 0 -0 0 180 0 -180
0 0 0 -0 0 180 0 0 0.0261246 -126.193 0 180 0 -180 0 180 0 -0
0 180 0 180 0 -0 0 -0 0.0256078 101.507 0 180 0 0 0 0 0 -180
0 0 0 0 0 -180 0 -0 0.0261246 -126.193 0 180 0 180 0 180 0 -0
0 180 0 -0 0 180 0 -180 0.183145 -77.0512 0 180 0 -180 0 0 0 -180
0 0 0 -180 0 180 0 0 0.814674 -128.189 0 0 0 -0 0 180 0 -0
inside=1 lambda=0.647 phi=30 theta=0
0 180 0 180 0 -180 0 -0 0.145284 -97.0382 0 0 0 180 0 180 0 -180
0 180 0 0 0 -0 0 -180 0.853725 -138.263 0 180 0 180 0 0 0 -0
0 180 0 -0 0 0 0 -0 1.10412e-13 159.361 0 -0 0 -0 0 180 0 -180
0 0 0 -0 0 180 0 -0 1.6578e-13 133.085 0 -0 0 -180 0 180 0 -0
0 -180 0 -180 0 0 0 180 1.0067e-13 159.971 0 180 0 0 0 0 0 -180
0 0 0 0 0 -180 0 180 1.61961e-13 134.664 0 180 0 -180 0 -180 0 0
0 -180 0 0 0 -180 0 -180 0.22218 -97.6556 0 -180 0 -180 0 0 0 -180
0 0 0 -180 0 0 0 -0 0.775732 -138.449 0 0 0 0 0 -180 0 0
inside=1 lambda=0.647 phi=30 theta=15
0 180 0 180 0 -180 0 -0 0.150435 -97.0995 0 0 0 180 0 180 0 -180
0 180 0 0 0 -0 0 -180 0.8485 -138.274 0 180 0 180 0 0 0 -0
0 180 0 -0 0 0 0 180 0.0192293 81.1569 0 0 0 -0 0 180 0 -180
0 0 0 -0 0 180 0 0 0.0195102 -136.37 0 180 0 -180 0 180 0 -0
0 180 0 -180 0 -0 0 -0 0.0192295 81.1616 0 180 0 0 0 0 0 -180
0 0 0 0 0 -180 0 -0 0.0195094 -136.375 0 180 0 -180 0 180 0 0
0 180 0 -0 0 180 0 -180 0.217029 -97.6281 0 -180 0 -180 0 0 0 -180
0 0 0 -180 0 0 0 -0 0.780956 -138.436 0 0 0 -0 0 180 0 -0
inside=1 lambda=0.647 phi=30 theta=30
0 180 0 180 0 -180 0 -0 0.164506 -97.2472 0 0 0 180 0 180 0 -180
0 0 0 0 0 -0 0 -180 0.834226 -138.306 0 180 0 180 0 0 0 -0
0 180 0 -0 0 0 0 180 0.0333064 81.158 0 0 0 -0 0 180 0 -180
0 0 0 -0 0 180 0 0 0.0337923 -136.372 0 180 0 -180 0 180 0 -0
0 180 0 180 0 -0 0 -0 0.0333065 81.1607 0 180 0 0 0 0 0 -180
0 0 0 0 0 -180 0 -0 0.0337916 -136.375 0 180 0 180 0 180 0 -0
0 180 0 -0 0 180 0 -180 0.202955 -97.5456 0 180 0 -180 0 0 0 -180
0 0 0 -180 0 0 0 0 0.795229 -138.399 0 0 0 -0 0 180 0 -0
inside=1 lambda=0.647 phi=30 theta=45
0 180 0 -180 0 -180 0 -0 0.18373 -97.4122 0 0 0 180 0 180 0 -180
0 0 0 0 0 -0 0 -180 0.814727 -138.352 0 180 0 180 0 0 0 -0
0 180 0 -0 0 0 0 180 0.038459 81.1594 0 0 0 -0 0 180 0 -180
0 0 0 -0 0 180 0 0 0.0390196 -136.374 0 180 0 -180 0 180 0 -0
0 180 0 180 0 -0 0 -0 0.038459 81.1594 0 180 0 0 0 0 0 -180
0 0 0 0 0 -180 0 -0 0.0390196 -136.374 0 180 0 180 0 180 0 -0
0 180 0 -0 0 180 0 -180 0.18373 -97.4122 0 180 0 -180 0 0 0 -180
0 0 0 -180 0 180 0 0 0.814727 -138.352 0 0 0 -0 0 180 0 -0
inside=1 lambda=0.647 phi=35 theta=0
0 180 0 180 0 -180 0 -0 0.129225 -120.47 0 0 0 180 0 180 0 -180
0 180 0 0 0 -0 0 -180 0.870353 -150.043 0 180 0 180 0 0 0 -0
0 180 0 -0 0 0 0 -0 2.65933e-13 141.192 0 -0 0 -0 0 180 0 -180
0 0 0 -0 0 180 0 -0 4.0076e-13 120.559 0 -0 0 -180 0 180 0 -0
0 -180 0 -180 0 0 0 180 2.71443e-13 142.388 0 -0 0 0 0 0 0 -180
0 0 0 -0 0 -180 0 180 4.92476e-13 121.296 0 0 0 -180 0 180 0 0
0 -180 0 0 0 -180 0 -180 0.239238 -121.291 0 -180 0 -180 0 0 0 -180
0 0 0 180 0 0 0 -0 0.75946 -150.3 0 0 0 0 0 180 0 0
inside=1 lambda=0.647 phi=35 theta=15
0 180 0 180 0 -180 0 -0 0.136593 -120.566 0 0 0 180 0 180 0 -180
0 0 0 0 0 -0 0 -180 0.862924 -150.059 0 180 0 180 0 0 0 -0
0 180 0 -0 0 0 0 180 0.0275088 57.7172 0 0 0 -0 0 180 0 -180
0 0 0 -0 0 180 0 0 0.0277395 -148.245 0 180 0 -180 0 180 0 -0
0 180 0 -180 0 -0 0 -0 0.0275093 57.725 0 180 0 0 0 0 0 -180
0 0 0 0 0 -180 0 -0 0.0277378 -148.252 0 180 0 180 0 180 0 -0
0 180 0 -0 0 180 0 -180 0.231868 -121.261 0 -180 0 -180 0 0 0 -180
0 0 0 -180 0 0 0 -0 0.766888 -150.281 0 0 0 -0 0 180 0 -0
inside=1 lambda=0.647 phi=35 theta=30
0 180 0 180 0 -180 0 -0 0.156724 -120.784 0 0 0 180 0 180 0 -180
0 0 0 0 0 -0 0 -180 0.842628 -150.101 0 180 0 180 0 0 0 -0
0 180 0 -0 0 0 0 180 0.0476472 57.7191 0 0 0 -0 0 180 0 -180
0 0 0 -0 0 180 0 0 0.0480454 -148.248 0 180 0 -180 0 180 0 -0
0 180 0 180 0 -0 0 -0 0.0476477 57.7234 0 180 0 0 0 0 0 -180
0 0 0 0 0 -180 0 -0 0.0480439 -148.252 0 180 0 180 0 180 0 -0
0 180 0 -0 0 180 0 -180 0.211732 -121.167 0 180 0 -180 0 0 0 -180
0 0 0 -180 0 0 0 -0 0.787181 -150.229 0 0 0 -0 0 180 0 -0
inside=1 lambda=0.647 phi=35 theta=45
0 180 0 180 0 -180 0 -0 0.184227 -121.005 0 0 0 180 0 180 0 -180
0 0 0 0 0 -0 0 -180 0.814904 -150.163 0 180 0 0 0 0 0 -0
0 180 0 -0 0 0 0 180 0.0550188 57.7213 0 0 0 -0 0 180 0 -180
0 0 0 -0 0 180 0 0 0.0554771 -148.251 0 180 0 -180 0 180 0 -0
0 180 0 180 0 -0 0 -0 0.0550188 57.7213 0 180 0 0 0 0 0 -180
0 0 0 0 0 -180 0 -0 0.0554771 -148.251 0 180 0 180 0 180 0 -0
0 180 0 -0 0 180 0 180 0.184227 -121.005 0 180 0 -180 0 0 0 -180
0 0 0 -180 0 0 0 0 0.814904 -150.163 0 0 0 -0 0 180 0 -0
inside=1 lambda=0.647 phi=40 theta=0
0 180 0 180 0 -180 0 -0 0.1084 -147.01 0 0 0 180 0 180 0 -180
0 0 0 0 0 -0 0 -180 0.891494 -163.375 0 180 0 0 0 0 0 -0
0 180 0 -0 0 0 0 -0 1.00969e-13 -60.3948 0 -0 0 -0 0 180 0 -180
0 0 0 -0 0 180 0 -180 1.67228e-13 -73.5012 0 -0 0 -180 0 180 0 -0
0 -180 0 -180 0 0 0 -0 9.09989e-14 -58.7584 0 180 0 0 0 0 0 -180
0 -0 0 -0 0 180 0 -180 1.84751e-13 -71.7014 0 180 0 180 0 180 0 -0
0 -180 0 0 0 -180 0 -180 0.26036 -147.889 0 -180 0 -180 0 0 0 -180
0 -0 0 180 0 -0 0 -0 0.739141 -163.706 0 -0 0 -0 0 180 0 -0
inside=1 lambda=0.647 phi=40 theta=15
0 180 0 180 0 -180 0 -0 0.118576 -147.14 0 0 0 180 0 180 0 -180
0 0 0 0 0 -0 0 -180 0.881287 -163.394 0 180 0 0 0 0 0 -0
0 180 0 -0 0 0 0 180 0.0379938 31.4492 0 0 0 -0 0 180 0 -180
0 0 0 -0 0 180 0 0 0.0381088 -161.727 0 180 0 -180 0 180 0 -0
0 180 0 -180 0 -0 0 -0 0.0379946 31.462 0 180 0 0 0 0 0 -180
0 0 0 0 0 -180 0 -0 0.0381054 -161.737 0 180 0 180 0 180 0 -0
0 180 0 -0 0 180 0 -180 0.250181 -147.864 0 -180 0 -180 0 0 0 -180
0 0 0 -180 0 0 0 -0 0.749346 -163.68 0 -0 0 -0 0 180 0 -0
inside=1 lambda=0.647 phi=40 theta=30
0 180 0 180 0 -180 0 -0 0.146384 -147.403 0 0 0 180 0 180 0 -180
0 0 0 0 0 -0 0 -180 0.853403 -163.447 0 180 0 0 0 0 0 -0
0 180 0 -0 0 0 0 180 0.0658088 31.4522 0 0 0 -0 0 180 0 -180
0 0 0 -0 0 180 0 0 0.0660047 -161.733 0 180 0 -180 0 180 0 -0
0 180 0 180 0 -0 0 -0 0.0658096 31.4591 0 180 0 0 0 0 0 -180
0 0 0 0 0 -180 0 -0 0.0660017 -161.738 0 180 0 180 0 180 0 -0
0 180 0 -0 0 180 0 -180 0.222368 -147.784 0 180 0 -180 0 0 0 -180
0 0 0 -180 0 0 0 -0 0.777227 -163.612 0 0 0 -0 0 180 0 -0
inside=1 lambda=0.647 phi=40 theta=45
0 180 0 180 0 -180 0 -0 0.184374 -147.634 0 0 0 180 0 180 0 -180
0 0 0 0 0 -0 0 -180 0.815314 -163.526 0 180 0 0 0 0 0 -0
0 180 0 -0 0 0 0 180 0.0759906 31.4556 0 0 0 -0 0 180 0 -180
0 0 0 -0 0 180 0 0 0.0762138 -161.737 0 180 0 -180 0 180 0 -0
0 180 0 180 0 -0 0 -0 0.0759906 31.4556 0 180 0 0 0 0 0 -180
0 0 0 0 0 -180 0 -0 0.0762138 -161.737 0 180 0 180 0 180 0 -0
0 180 0 -0 0 180 0 180 0.184374 -147.634 0 180 0 -180 0 0 0 -180
0 0 0 -180 0 0 0 0 0.815314 -163.526 0 0 0 -0 0 180 0 -0
inside=1 lambda=0.647 phi=45 theta=0
0 180 0 180 0 -180 0 -0 0.081817 -176.789 0 0 0 180 0 180 0 -180
0 0 0 0 0 -0 0.00105532 127.393 0.918218 -178.148 0 180 0 0 0 0 0 -0
0 180 0 -0 0 0 0 -0 1.00104e-13 93.3678 0 180 0 -0 0 180 0 -180
0 0 0 -180 0 180 3.29519e-15 -48.9785 1.83393e-13 91.8931 0 0 0 -180 0 0 0 -0
0 -180 0 -180 0 0 0 -0 2.46696e-13 88.2778 0 -0 0 0 0 0 0 -180
0 -0 0 -0 0 180 2.26138e-15 177.779 6.20869e-13 87.2902 0 -180 0 180 0 180 0 -0
0 -180 0 0 0 -180 0 -180 0.285915 -177.208 0 -180 0 -180 0 0 0 -180
0 -0 0 180 0 -0 0.0061405 -39.917 0.714047 -178.55 0 -0 0 -0 0 180 0 -0
inside=1 lambda=0.647 phi=45 theta=15
0 180 0 180 0 -180 0 -0 0.0954774 -176.876 0 0 0 180 0 180 0 -180
0 0 0 0 0 -0 0 -180 0.904546 -178.17 0 180 0 0 0 0 0 -0
0 180 0 -0 0 0 0 180 0.0510293 2.57791 0 0 0 -0 0 180 0 -180
0 0 0 -180 0 180 0 -0 0.0510689 -176.697 0 180 0 -180 0 0 0 -0
0 180 0 -180 0 -0 0 -0 0.0510296 2.59805 0 180 0 0 0 0 0 -180
0 0 0 -0 0 -180 0 -0 0.0510619 -176.71 0 180 0 180 0 180 0 -0
0 180 0 -0 0 180 0 -180 0.272248 -177.201 0 -180 0 -180 0 0 0 -180
0 0 0 -180 0 0 0 -0 0.727725 -178.517 0 -0 0 -0 0 180 0 -0
inside=1 lambda=0.647 phi=45 theta=30
0 180 0 180 0 -180 0 -0 0.132828 -177.02 0 0 0 180 0 180 0 -180
0 0 0 0 0 -0 0 -180 0.867177 -178.232 0 180 0 0 0 0 0 -0
0 180 0 -0 0 0 0 180 0.0883898 2.58257 0 0 0 -0 0 180 0 -180
0 0 0 -180 0 180 0 0 0.0884498 -176.705 0 180 0 -180 0 180 0 -0
0 180 0 180 0 -0 0 -0 0.0883904 2.59295 0 180 0 0 0 0 0 -180
0 0 0 0 0 -180 0 -0 0.0884445 -176.712 0 180 0 180 0 180 0 -0
0 180 0 -0 0 180 0 -180 0.234893 -177.177 0 180 0 -180 0 0 0 -180
0 0 0 -180 0 0 0 -0 0.765089 -178.431 0 0 0 -0 0 180 0 -0
inside=1 lambda=0.647 phi=45 theta=45
0 180 0 180 0 -180 0 -0 0.183859 -177.122 0 0 0 180 0 180 0 -180
0 0 0 -0 0 -0 0 -180 0.816132 -178.326 0 180 0 0 0 0 0 -0
0 180 0 -0 0 0 0 180 0.102066 2.58759 0 0 0 -0 0 180 0 -180
0 0 0 -180 0 180 0 0 0.10213 -176.711 0 180 0 -180 0 180 0 -0
0 180 0 180 0 -0 0 -0 0.102066 2.58759 0 180 0 0 0 0 0 -180
0 0 0 0 0 -180 0 -180 0.10213 -176.711 0 180 0 180 0 180 0 -0
0 180 0 -0 0 180 0 180 0.183859 -177.122 0 180 0 -180 0 0 0 -180
0 0 0 -180 0 0 0 -0 0.816132 -178.326 0 0 0 -0 0 180 0 -0
