RSoft_BSDF_File_Version 2
1 0 5 2 1 0.731429
0.3 0.3
-1 1
-1 1
1 0.647 0.647
10 0 45 0.5
4 0 45
Begin_Dispersion_Data
0.647 1.45662 0 1 0 0
End_Dispersion_Data
inside=0 lambda=0.647 phi=0 theta=0
0 -180 0 -180 0 -180 0 0 0.185649 0.0640346 0 0 0 -180 0 -180 0 -180
0 -180 0 -180 0 -180 0 0 1.18592 47.1486 0 0 0 -180 0 -180 0 -180
0 -180 0 -0 0 0 0 -0 8.3741e-15 137.052 0 -0 0 0 0 180 0 -180
0 -180 0 180 0 0 0 180 1.01302e-13 -42.1022 0 180 0 0 0 -0 0 -180
0 -180 0 -0 0 0 0 -0 8.03609e-15 136.952 0 180 0 0 0 180 0 -180
0 -180 0 180 0 0 0 180 9.75002e-14 -42.0325 0 -0 0 0 0 -0 0 -180
0 -180 0 0 0 -180 0 -180 0.185649 0.0640346 0 -180 0 -180 0 0 0 -180
0 -180 0 0 0 -180 0 -180 1.18592 47.1486 0 -180 0 -180 0 0 0 -180
inside=0 lambda=0.647 phi=0 theta=15
0 -180 0 -180 0 -180 0 0 0.185649 0.0640346 0 0 0 -180 0 -180 0 -180
0 -180 0 -180 0 -180 0 0 1.18592 47.1486 0 0 0 -180 0 -180 0 -180
0 -180 0 -0 0 0 0 -0 8.3741e-15 137.052 0 -0 0 0 0 180 0 -180
0 -180 0 180 0 0 0 180 1.01302e-13 -42.1022 0 180 0 0 0 -0 0 -180
0 -180 0 -0 0 0 0 -0 8.03609e-15 136.952 0 180 0 0 0 180 0 -180
0 -180 0 180 0 0 0 180 9.75002e-14 -42.0325 0 -0 0 0 0 -0 0 -180
0 -180 0 0 0 -180 0 -180 0.185649 0.0640346 0 -180 0 -180 0 0 0 -180
0 -180 0 0 0 -180 0 -180 1.18592 47.1486 0 -180 0 -180 0 0 0 -180
inside=0 lambda=0.647 phi=0 theta=30
0 -180 0 -180 0 -180 0 0 0.185649 0.0640346 0 0 0 -180 0 -180 0 -180
0 -180 0 -180 0 -180 0 0 1.18592 47.1486 0 0 0 -180 0 -180 0 -180
0 -180 0 -0 0 0 0 -0 8.3741e-15 137.052 0 -0 0 0 0 180 0 -180
0 -180 0 180 0 0 0 180 1.01302e-13 -42.1022 0 180 0 0 0 -0 0 -180
0 -180 0 -0 0 0 0 -0 8.03609e-15 136.952 0 180 0 0 0 180 0 -180
0 -180 0 180 0 0 0 180 9.75002e-14 -42.0325 0 -0 0 0 0 -0 0 -180
0 -180 0 0 0 -180 0 -180 0.185649 0.0640346 0 -180 0 -180 0 0 0 -180
0 -180 0 0 0 -180 0 -180 1.18592 47.1486 0 -180 0 -180 0 0 0 -180
inside=0 lambda=0.647 phi=0 theta=45
0 -180 0 -180 0 -180 0 0 0.185649 0.0640346 0 0 0 -180 0 -180 0 -180
0 -180 0 -180 0 -180 0 0 1.18592 47.1486 0 0 0 -180 0 -180 0 -180
0 -180 0 -0 0 0 0 -0 8.3741e-15 137.052 0 -0 0 0 0 180 0 -180
0 -180 0 180 0 0 0 180 1.01302e-13 -42.1022 0 180 0 0 0 -0 0 -180
0 -180 0 -0 0 0 0 -0 8.03609e-15 136.952 0 180 0 0 0 180 0 -180
0 -180 0 180 0 0 0 180 9.75002e-14 -42.0325 0 -0 0 0 0 -0 0 -180
0 -180 0 0 0 -180 0 -180 0.185649 0.0640346 0 -180 0 -180 0 0 0 -180
0 -180 0 0 0 -180 0 -180 1.18592 47.1486 0 -180 0 -180 0 0 0 -180
inside=0 lambda=0.647 phi=5 theta=0
0 180 0 -180 0 -180 0 0 0.183595 0.063549 0 0 0 180 0 -180 0 -180
0 -180 0 -180 0 -180 0 0 1.18383 43.8583 0 0 0 -180 0 -180 0 -180
0 -180 0 -0 0 0 0 180 3.7941e-15 -47.6014 0 -0 0 0 0 180 0 -180
0 -180 0 180 0 0 0 -0 4.83746e-14 133.334 0 180 0 0 0 -0 0 -180
0 -180 0 -180 0 0 0 180 1.82061e-15 -64.6539 0 -0 0 0 0 0 0 -180
0 -180 0 -180 0 0 0 -0 2.31905e-14 115.895 0 180 0 0 0 0 0 -180
0 -180 0 0 0 -180 0 -180 0.18775 0.0644913 0 -180 0 -180 0 0 0 -180
0 -180 0 0 0 -180 0 -180 1.188 43.857 0 -180 0 -180 0 0 0 -180
inside=0 lambda=0.647 phi=5 theta=15
0 -180 0 -180 0 -180 0 0 0.183873 0.0636134 0 0 0 180 0 -180 0 -180
0 -180 0 -180 0 -180 0 0 1.18411 43.8582 0 0 0 -180 0 -180 0 -180
0 -180 0 -0 0 0 0 -180 0.00103881 -179.894 0 0 0 0 0 180 0 -180
0 -180 0 180 0 0 0 -180 0.0010414 -136.5 0 0 0 0 0 -0 0 -180
0 -180 0 -180 0 0 0 -0 0.00103881 -179.894 0 180 0 0 0 0 0 -180
0 -180 0 -180 0 0 0 180 0.0010414 -136.5 0 -0 0 0 0 0 0 -180
0 -180 0 0 0 -180 0 -180 0.187472 0.0644295 0 -180 0 -180 0 0 0 -180
0 -180 0 0 0 -180 0 -180 1.18772 43.8571 0 -180 0 -180 0 0 0 -180
inside=0 lambda=0.647 phi=5 theta=30
0 -180 0 -180 0 -180 0 0 0.184634 0.0637885 0 0 0 -180 0 -180 0 -180
0 -180 0 -180 0 -180 0 0 1.18488 43.858 0 0 0 -180 0 -180 0 -180
0 -180 0 -0 0 0 0 -180 0.00179927 -179.894 0 0 0 0 0 180 0 -180
0 -180 0 180 0 0 0 -180 0.00180375 -136.5 0 0 0 0 0 -0 0 -180
0 -180 0 -180 0 0 0 -0 0.00179927 -179.894 0 180 0 0 0 0 0 -180
0 -180 0 -180 0 0 0 180 0.00180375 -136.5 0 -0 0 0 0 0 0 -180
0 -180 0 0 0 -180 0 -180 0.186711 0.0642596 0 -180 0 -180 0 0 0 -180
0 -180 0 0 0 -180 0 -180 1.18696 43.8573 0 -180 0 -180 0 0 0 -180
inside=0 lambda=0.647 phi=5 theta=45
0 -180 0 -180 0 -180 0 0 0.185672 0.0640254 0 0 0 -180 0 -180 0 -180
0 -180 0 -180 0 -180 0 0 1.18592 43.8576 0 0 0 -180 0 -180 0 -180
0 -180 0 -0 0 0 0 -180 0.00207762 -179.894 0 0 0 0 0 180 0 -180
0 -180 0 180 0 0 0 -180 0.0020828 -136.5 0 0 0 0 0 -0 0 -180
0 -180 0 -180 0 0 0 -0 0.00207762 -179.894 0 180 0 0 0 0 0 -180
0 -180 0 -180 0 0 0 180 0.0020828 -136.5 0 -0 0 0 0 0 0 -180
0 -180 0 0 0 -180 0 -180 0.185672 0.0640254 0 -180 0 -180 0 0 0 -180
0 -180 0 0 0 -180 0 -180 1.18592 43.8576 0 -180 0 -180 0 0 0 -180
inside=0 lambda=0.647 phi=10 theta=0
0 180 0 -180 0 -180 0 0 0.177172 0.05708 0 0 0 180 0 -180 0 -180
0 -180 0 -180 0 180 0 0 1.17732 33.9254 0 -0 0 -180 0 -180 0 180
0 180 0 -0 0 0 0 -0 4.41463e-15 123.689 0 180 0 -0 0 180 0 -180
0 -180 0 180 0 -0 0 180 6.87155e-14 -55.5812 0 -0 0 0 0 -0 0 180
0 -180 0 -180 0 0 0 180 3.1495e-15 123.708 0 180 0 0 0 0 0 -180
0 -180 0 -180 0 0 0 -0 4.81677e-14 -55.549 0 -0 0 0 0 0 0 -180
0 -180 0 0 0 -180 0 -180 0.194288 0.0607924 0 -180 0 -180 0 0 0 -180
0 -180 0 0 0 -180 0 -180 1.19446 33.9204 0 -180 0 -180 0 0 0 -180
inside=0 lambda=0.647 phi=10 theta=15
0 180 0 -180 0 -180 0 0 0.178318 0.057351 0 0 0 180 0 -180 0 -180
0 -180 0 -180 0 180 0 0 1.17846 33.9251 0 -0 0 -180 0 -180 0 180
0 180 0 -0 0 0 0 -180 0.00427897 -179.901 0 0 0 -0 0 180 0 -180
0 -180 0 180 0 -0 0 -180 0.00428597 -146.428 0 -0 0 0 0 -0 0 180
0 -180 0 -180 0 0 0 -180 0.00427897 -179.901 0 180 0 0 0 0 0 -180
0 -180 0 -180 0 0 0 180 0.00428597 -146.428 0 -0 0 0 0 0 0 -180
0 -180 0 0 0 -180 0 -180 0.193141 0.0605642 0 -180 0 -180 0 0 0 -180
0 -180 0 0 0 -180 0 -180 1.19331 33.9207 0 -180 0 -180 0 0 0 -180
inside=0 lambda=0.647 phi=10 theta=30
0 180 0 -180 0 -180 0 0 0.181451 0.0580737 0 0 0 180 0 -180 0 -180
0 -180 0 -180 0 180 0 0 1.1816 33.9242 0 -0 0 -180 0 -180 0 180
0 180 0 -0 0 0 0 -180 0.00741139 -179.901 0 0 0 -0 0 180 0 -180
0 -180 0 180 0 -0 0 -180 0.00742352 -146.428 0 -0 0 0 0 -0 0 180
0 -180 0 -180 0 0 0 -0 0.00741139 -179.901 0 180 0 0 0 0 0 -180
0 -180 0 -180 0 0 0 180 0.00742352 -146.428 0 -0 0 0 0 0 0 -180
0 -180 0 0 0 180 0 -180 0.190009 0.059927 0 -180 0 -180 0 0 0 -180
0 -180 0 0 0 -180 0 -180 1.19017 33.9216 0 -180 0 -180 0 -0 0 -180
inside=0 lambda=0.647 phi=10 theta=45
0 180 0 -180 0 -180 0 0 0.18573 0.0590217 0 0 0 180 0 -180 0 -180
0 -180 0 -180 0 180 0 0 1.18589 33.9229 0 -0 0 -180 0 -180 0 180
0 -180 0 -0 0 0 0 -180 0.00855794 -179.901 0 0 0 -0 0 180 0 -180
0 -180 0 180 0 -0 0 -180 0.00857194 -146.428 0 -0 0 0 0 -0 0 180
0 -180 0 -180 0 -0 0 -0 0.00855794 -179.901 0 180 0 0 0 0 0 -180
0 -180 0 -180 0 0 0 180 0.00857194 -146.428 0 -0 0 -0 0 -0 0 180
0 180 0 0 0 180 0 -180 0.18573 0.0590217 0 -180 0 -180 0 0 0 -180
0 -180 0 0 0 -180 0 -180 1.18589 33.9229 0 -180 0 180 0 -0 0 180
inside=0 lambda=0.647 phi=15 theta=0
0 180 0 -180 0 -180 0 -0 0.1655 0.0329831 0 0 0 180 0 -180 0 -180
0 -180 0 -180 0 180 0 0 1.16554 17.1448 0 -0 0 -180 0 -180 0 180
0 180 0 -0 0 0 0 -0 5.48133e-16 106.998 0 180 0 -0 0 180 0 -180
0 -180 0 180 0 -0 0 0 1.5562e-14 -72.7088 0 -0 0 0 0 -0 0 180
0 -180 0 -180 0 0 0 -0 4.88168e-16 105.184 0 -0 0 0 0 0 0 -180
0 180 0 180 0 0 0 0 1.33416e-14 -72.4185 0 0 0 -0 0 -0 0 -180
0 -180 0 0 0 -180 0 -180 0.206014 0.0384528 0 -180 0 -180 0 0 0 -180
0 180 0 -0 0 -180 0 180 1.20607 17.1335 0 180 0 180 0 -0 0 -180
inside=0 lambda=0.647 phi=15 theta=15
0 180 0 -180 0 -180 0 -0 0.168214 0.0334318 0 0 0 180 0 -180 0 -180
0 -180 0 -180 0 180 0 0 1.16825 17.144 0 -0 0 -180 0 -180 0 180
0 180 0 -0 0 0 0 -180 0.0101284 -179.939 0 0 0 -0 0 180 0 -180
0 -180 0 180 0 -0 0 -180 0.0101332 -163.192 0 -0 0 0 0 -0 0 180
0 -180 0 -180 0 0 0 -180 0.0101284 -179.939 0 180 0 0 0 0 0 -180
0 -180 0 180 0 0 0 180 0.0101332 -163.192 0 -0 0 -0 0 -0 0 180
0 -180 0 0 0 180 0 -180 0.2033 0.0381545 0 -180 0 -180 0 0 0 -180
0 -180 0 -0 0 -180 0 180 1.20335 17.1342 0 180 0 180 0 -0 0 180
inside=0 lambda=0.647 phi=15 theta=30
0 180 0 -180 0 -180 0 0 0.175629 0.0345871 0 0 0 180 0 -180 0 -180
0 -180 0 -180 0 180 0 0 1.17567 17.1419 0 -0 0 -180 0 -180 0 180
0 180 0 -0 0 0 0 -180 0.0175429 -179.939 0 0 0 -0 0 180 0 -180
0 -180 0 180 0 -0 0 -180 0.0175512 -163.192 0 -0 0 0 0 -0 0 180
0 -180 0 -180 0 -0 0 -180 0.0175429 -179.939 0 180 0 0 0 0 0 -180
0 -180 0 -180 0 0 0 180 0.0175512 -163.192 0 -0 0 -0 0 -0 0 180
0 180 0 0 0 180 0 -180 0.195885 0.0372976 0 -180 0 -180 0 0 0 -180
0 -180 0 0 0 -180 0 180 1.19593 17.1362 0 -180 0 180 0 -0 0 180
inside=0 lambda=0.647 phi=15 theta=45
0 180 0 -180 0 -180 0 0 0.185757 0.0360162 0 0 0 180 0 -180 0 -180
0 -180 0 180 0 180 0 0 1.1858 17.139 0 -0 0 -180 0 -180 0 180
0 180 0 -180 0 0 0 -180 0.0202568 -179.939 0 0 0 -0 0 180 0 -180
0 -180 0 180 0 -0 0 -180 0.0202663 -163.192 0 -0 0 0 0 -0 0 180
0 180 0 -180 0 -0 0 -180 0.0202568 -179.939 0 180 0 0 0 0 0 -180
0 -180 0 -180 0 0 0 180 0.0202663 -163.192 0 -0 0 -0 0 -0 0 180
0 180 0 0 0 180 0 -180 0.185757 0.0360162 0 -180 0 -180 0 0 0 -180
0 -180 0 0 0 -180 0 180 1.1858 17.139 0 -180 0 180 0 -0 0 180
inside=0 lambda=0.647 phi=20 theta=0
0 180 0 180 0 -180 0 -0 0.14677 -0.0074539 0 0 0 180 0 180 0 -180
0 -180 0 -180 0 180 0 0 1.14677 -6.90353 0 -0 0 -180 0 -180 0 180
0 180 0 -0 0 0 0 180 1.12932e-16 78.1324 0 0 0 -0 0 180 0 -180
0 -180 0 0 0 -0 0 -180 7.5042e-15 83.1055 0 0 0 0 0 -180 0 180
0 -180 0 -180 0 0 0 180 7.7258e-17 98.9544 0 180 0 0 0 0 0 -180
0 180 0 180 0 -0 0 -180 6.73069e-15 82.4148 0 -180 0 -0 0 -0 0 180
0 -180 0 0 0 -180 0 -180 0.224385 -0.0151588 0 -180 0 -180 0 0 0 -180
0 180 0 -0 0 180 0 180 1.22439 -6.92256 0 180 0 180 0 -0 0 180
inside=0 lambda=0.647 phi=20 theta=15
0 180 0 -180 0 -180 0 -0 0.151969 -0.00821604 0 0 0 180 0 180 0 -180
0 -180 0 -180 0 180 0 0 1.15197 -6.90488 0 -0 0 -180 0 -180 0 180
0 180 0 -0 0 0 0 -180 0.0194038 179.97 0 0 0 -0 0 180 0 -180
0 -180 0 0 0 -0 0 180 0.0194058 172.795 0 -0 0 0 0 -180 0 180
0 -180 0 -180 0 -0 0 -180 0.0194038 179.97 0 180 0 0 0 0 0 -180
0 180 0 180 0 -0 0 0 0.0194058 172.796 0 -180 0 -0 0 -0 0 180
0 -180 0 0 0 180 0 -180 0.219186 -0.0148126 0 -180 0 -180 0 0 0 -180
0 180 0 -0 0 180 0 180 1.21919 -6.92136 0 180 0 180 0 -0 0 180
inside=0 lambda=0.647 phi=20 theta=30
0 180 0 -180 0 -180 0 -0 0.166173 -0.0100545 0 0 0 180 0 180 0 -180
0 -180 0 180 0 180 0 0 1.16618 -6.90852 0 -0 0 -180 0 -180 0 180
0 180 0 -180 0 0 0 -180 0.0336084 179.97 0 0 0 -0 0 180 0 -180
0 -180 0 0 0 -0 0 180 0.0336119 172.795 0 -0 0 0 0 -180 0 180
0 180 0 -180 0 -0 0 -180 0.0336084 179.97 0 180 0 0 0 0 0 -180
0 180 0 180 0 0 0 0 0.0336119 172.796 0 -180 0 -0 0 -0 0 180
0 180 0 0 0 180 0 -180 0.204981 -0.0137781 0 -180 0 -180 0 0 0 -180
0 -180 0 -0 0 -180 0 180 1.20499 -6.91803 0 180 0 180 0 -0 0 180
inside=0 lambda=0.647 phi=20 theta=45
0 180 0 -180 0 -180 0 -0 0.185577 -0.0121106 0 0 0 180 0 -180 0 -180
0 -180 0 180 0 180 0 -0 1.18558 -6.91336 0 -0 0 -180 0 180 0 180
0 180 0 -180 0 0 0 -180 0.0388076 179.97 0 0 0 -0 0 180 0 -180
0 -180 0 0 0 -0 0 180 0.0388116 172.796 0 -0 0 0 0 -180 0 180
0 180 0 -180 0 -0 0 -180 0.0388076 179.97 0 180 0 0 0 0 0 -180
0 -180 0 180 0 0 0 0 0.0388116 172.796 0 -180 0 -0 0 -0 0 180
0 180 0 -0 0 180 0 -180 0.185577 -0.0121106 0 -180 0 -180 0 0 0 -180
0 -180 0 -0 0 -180 0 180 1.18558 -6.91336 0 180 0 180 0 -0 0 180
inside=0 lambda=0.647 phi=25 theta=0
0 180 0 180 0 -180 0 -0 0.117593 -0.0115763 0 0 0 180 0 180 0 -180
0 -180 0 -180 0 0 0 -0 1.11761 -39.0221 0 -180 0 -180 0 -180 0 0
0 180 0 -0 0 0 0 180 6.00738e-16 -129.305 0 -0 0 -0 0 180 0 -180
0 -180 0 0 0 -180 0 -180 6.87281e-15 -127.95 0 0 0 0 0 -180 0 0
0 -180 0 -180 0 0 0 180 6.02224e-16 -129.554 0 -0 0 0 0 0 0 -180
0 180 0 180 0 -0 0 -180 5.44148e-15 -127.891 0 0 0 -0 0 -0 0 180
0 -180 0 0 0 -180 0 -180 0.252132 -0.0705399 0 -180 0 -180 0 0 0 -180
0 180 0 -0 0 180 0 180 1.25247 -39.0506 0 180 0 180 0 -0 0 180
inside=0 lambda=0.647 phi=25 theta=15
0 180 0 180 0 -180 0 -0 0.126606 -0.0194444 0 0 0 180 0 180 0 -180
0 -180 0 180 0 0 0 -0 1.12665 -39.0242 0 -180 0 -180 0 -180 0 0
0 180 0 -0 0 0 0 -180 0.0336347 179.878 0 0 0 -0 0 180 0 -180
0 180 0 0 0 -180 0 180 0.0337141 140.712 0 -180 0 0 0 -180 0 0
0 -180 0 -180 0 -0 0 -180 0.0336347 179.878 0 180 0 0 0 0 0 -180
0 180 0 180 0 -0 0 0 0.0337141 140.713 0 -180 0 -0 0 -0 0 180
0 180 0 0 0 180 0 -180 0.243119 -0.0686283 0 -180 0 -180 0 0 0 -180
0 180 0 -0 0 180 0 180 1.24344 -39.0489 0 180 0 180 0 -0 0 180
inside=0 lambda=0.647 phi=25 theta=30
0 180 0 -180 0 -180 0 -0 0.151228 -0.036155 0 0 0 180 0 180 0 -180
0 -180 0 180 0 0 0 -0 1.15133 -39.0299 0 -180 0 -180 0 180 0 0
0 180 0 -180 0 0 0 -180 0.058257 179.878 0 0 0 -0 0 180 0 -180
0 180 0 0 0 -180 0 180 0.0583946 140.713 0 -180 0 -0 0 -180 0 0
0 180 0 -180 0 -0 0 -180 0.058257 179.878 0 180 0 0 0 0 0 -180
0 180 0 180 0 -0 0 0 0.0583945 140.713 0 -180 0 -0 0 -0 0 180
0 180 0 -0 0 180 0 -180 0.218497 -0.0626037 0 -180 0 -180 0 0 0 -180
0 180 0 -0 0 180 0 180 1.21876 -39.0441 0 180 0 180 0 -0 0 0
inside=0 lambda=0.647 phi=25 theta=45
0 180 0 -180 0 -180 0 -0 0.184862 -0.0517849 0 0 0 180 0 180 0 -180
0 180 0 180 0 0 0 -0 1.18504 -39.0372 0 -180 0 -180 0 180 0 0
0 180 0 -180 0 0 0 -180 0.0672694 179.878 0 0 0 -0 0 180 0 -180
0 180 0 0 0 -180 0 180 0.0674282 140.713 0 -0 0 -0 0 -180 0 0
0 180 0 -180 0 -0 0 -180 0.0672694 179.878 0 180 0 0 0 0 0 -180
0 180 0 180 0 -0 0 0 0.0674282 140.713 0 -180 0 -180 0 -0 0 0
0 180 0 -0 0 180 0 -180 0.184862 -0.0517849 0 180 0 -180 0 0 0 -180
0 180 0 -0 0 -180 0 180 1.18504 -39.0372 0 180 0 0 0 -180 0 0
inside=0 lambda=0.647 phi=30 theta=0
0 180 0 180 0 -180 0.000228931 -112.375 0.0711181 0.0307937 0 0 0 180 0 180 0 -180
0 180 0 180 0 0 0 -0 1.07085 -80.8124 0 -180 0 180 0 180 0 0
0 180 0 -0 0 0 2.21228e-16 140.345 7.00344e-17 28.6508 0 -0 0 -0 0 180 0 -180
0 180 0 0 0 -180 0 180 1.31668e-16 53.4603 0 -0 0 -0 0 -180 0 0
0 -180 0 -180 0 0 1.08983e-15 -119.21 1.43031e-15 176.745 0 -0 0 0 0 0 0 -180
0 0 0 0 0 -180 0 -0 7.74795e-15 -179.498 0 -0 0 -180 0 -180 0 0
0 -180 0 0 0 -180 0.000850685 -130.601 0.295188 -0.0249549 0 -180 0 -180 0 0 0 -180
0 0 0 -180 0 0 0 0 1.29633 -80.8633 0 0 0 0 0 -180 0 0
inside=0 lambda=0.647 phi=30 theta=15
0 180 0 180 0 -180 0 -0 0.086128 0.0179165 0 0 0 180 0 180 0 -180
0 180 0 180 0 0 0 -0 1.08596 -80.8165 0 -180 0 180 0 180 0 0
0 180 0 -0 0 0 0 -180 0.0560177 179.957 0 0 0 -0 0 180 0 -180
0 180 0 0 0 -180 0 180 0.05637 98.894 0 -180 0 -0 0 -180 0 0
0 180 0 -180 0 -0 0 -180 0.0560177 179.957 0 180 0 0 0 0 0 -180
0 180 0 180 0 -0 0 0 0.05637 98.8945 0 180 0 -180 0 -180 0 0
0 180 0 -0 0 180 0 -180 0.280179 -0.0239992 0 -180 0 -180 0 0 0 -180
0 180 0 -0 0 180 0 0 1.28123 -80.8604 0 180 0 0 0 -180 0 0
inside=0 lambda=0.647 phi=30 theta=30
0 180 0 180 0 -180 0 -0 0.127136 -0.00162791 0 0 0 180 0 180 0 -180
0 180 0 180 0 0 0 -0 1.12722 -80.827 0 -180 0 180 0 180 0 0
0 180 0 -180 0 0 0 180 0.0970256 179.957 0 0 0 -0 0 180 0 -180
0 180 0 0 0 -180 0 180 0.0976357 98.8942 0 -180 0 -0 0 -180 0 0
0 180 0 180 0 -0 0 -180 0.0970256 179.957 0 180 0 0 0 0 0 -180
0 180 0 180 0 -0 0 0 0.0976356 98.8945 0 -180 0 -180 0 -180 0 0
0 180 0 -0 0 180 0 -180 0.239171 -0.0208193 0 180 0 -180 0 0 0 -180
0 180 0 -0 0 180 0 0 1.23996 -80.8523 0 180 0 0 0 -180 0 0
inside=0 lambda=0.647 phi=30 theta=45
0 180 0 -180 0 -180 0 -0 0.183153 -0.014162 0 0 0 180 0 180 0 -180
0 180 0 180 0 0 0 -0 1.18359 -80.8403 0 -180 0 180 0 180 0 0
0 180 0 -180 0 0 0 180 0.112036 179.957 0 0 0 -0 0 180 0 -180
0 180 0 0 0 -180 0 180 0.11274 98.8944 0 -180 0 -0 0 -180 0 0
0 180 0 180 0 -0 0 -180 0.112036 179.957 0 180 0 0 0 0 0 -180
0 180 0 180 0 -0 0 0 0.11274 98.8944 0 -180 0 -180 0 -180 0 0
0 180 0 -0 0 180 0 -180 0.183153 -0.014162 0 180 0 -180 0 0 0 -180
0 180 0 -0 0 180 0 180 1.18359 -80.8403 0 180 0 0 0 -180 0 0
inside=0 lambda=0.647 phi=35 theta=0
0 180 0 180 0 -180 0.000768551 -111.386 0.0111127 -177.588 0 0 0 180 0 180 0 -180
0 180 0 180 0 -0 0 -180 0.98845 -135.955 0 180 0 180 0 180 0 -0
0 180 0 -0 0 0 6.82199e-16 -21.2411 1.60294e-16 -47.3882 0 180 0 -0 0 180 0 -180
0 180 0 -0 0 180 0 -0 1.4483e-15 -43.5555 0 180 0 -0 0 180 0 -0
0 -180 0 -180 0 0 1.03238e-14 -128.394 1.29523e-15 -47.2523 0 180 0 0 0 0 0 -180
0 0 0 0 0 -180 0 -0 8.3135e-15 -46.6841 0 180 0 -180 0 -180 0 0
0 -180 0 0 0 -180 0.00108059 -112.179 0.368761 0.0951131 0 -180 0 -180 0 0 0 -180
0 0 0 -180 0 0 0 0 1.36969 -136.057 0 0 0 0 0 -180 0 0
inside=0 lambda=0.647 phi=35 theta=15
0 180 0 180 0 -180 0.000570615 -115.9 0.0143488 -1.57929 0 0 0 180 0 180 0 -180
0 180 0 180 0 -0 0 -180 1.01399 -135.964 0 180 0 180 0 180 0 -0
0 180 0 -180 0 0 4.17666e-05 70.5326 0.0949663 -179.837 0 0 0 -0 0 180 0 -180
0 180 0 -0 0 180 0 0 0.0953127 43.6757 0 180 0 -0 0 180 0 -0
0 180 0 180 0 -0 0.000292908 -138.393 0.0949663 -179.837 0 180 0 0 0 0 0 -180
0 0 0 0 0 -180 0 -0 0.0953124 43.6763 0 180 0 -180 0 -180 0 0
0 180 0 -0 0 180 0.000946902 -120.332 0.343315 0.0900941 0 -180 0 -180 0 0 0 -180
0 0 0 -180 0 0 0 0 1.34416 -136.052 0 0 0 0 0 -180 0 -0
inside=0 lambda=0.647 phi=35 theta=30
0 180 0 180 0 -180 0 -0 0.0838634 -0.135391 0 0 0 180 0 180 0 -180
0 180 0 180 0 -0 0 -180 1.08376 -135.987 0 180 0 180 0 180 0 -0
0 180 0 -180 0 0 0 180 0.164487 -179.837 0 0 0 -0 0 180 0 -180
0 180 0 -0 0 180 0 0 0.165086 43.6759 0 180 0 -0 0 180 0 -0
0 180 0 180 0 -0 0 -180 0.164487 -179.837 0 180 0 0 0 0 0 -180
0 0 0 0 0 -180 0 -0 0.165086 43.6763 0 180 0 180 0 180 0 -0
0 180 0 -0 0 180 0 -180 0.273795 0.0715968 0 180 0 -180 0 0 0 -180
0 0 0 -180 0 180 0 0 1.27438 -136.037 0 0 0 -0 0 180 0 -0
inside=0 lambda=0.647 phi=35 theta=45
0 180 0 180 0 -180 0 -0 0.178829 0.0230488 0 0 0 180 0 180 0 -180
0 180 0 0 0 -0 0 -180 1.17907 -136.014 0 180 0 180 0 180 0 -0
0 180 0 -180 0 0 0 180 0.189933 -179.837 0 0 0 -0 0 180 0 -180
0 0 0 -0 0 180 0 0 0.190625 43.6762 0 180 0 -0 0 180 0 -0
0 180 0 180 0 -0 0 -180 0.189933 -179.837 0 180 0 0 0 0 0 -180
0 0 0 0 0 -0 0 -0 0.190625 43.6762 0 180 0 180 0 180 0 -0
0 180 0 -0 0 180 0 180 0.178829 0.0230488 0 180 0 -180 0 0 0 -180
0 180 0 -180 0 180 0 0 1.17907 -136.014 0 180 0 -0 0 180 0 -0
inside=0 lambda=0.647 phi=40 theta=0
0 180 0 180 0 -180 0.00189783 -116.271 0.197859 179.486 0 0 0 180 0 180 0 -180
0 0 0 0 0 -180 0 -180 0.801049 143.624 0 0 0 0 0 0 0 -180
0 180 0 -0 0 0 1.21094e-13 -14.8175 2.08719e-14 -126.099 0 -0 0 -0 0 180 0 -180
0 0 0 -180 0 0 0 -180 1.66461e-13 58.2103 0 -180 0 -180 0 0 0 -180
0 -180 0 -180 0 0 3.30392e-13 -125.047 7.01415e-15 -123.226 0 -0 0 0 0 0 0 -180
0 -0 0 -0 0 180 0 -180 3.11019e-14 53.1666 0 -180 0 180 0 180 0 -0
0 -180 0 0 0 -180 0.00157074 -104.942 0.520309 -0.131739 0 -180 0 -180 0 0 0 -180
0 -0 0 180 0 -0 0 -0 1.52216 143.479 0 -0 0 -0 0 180 0 -0
inside=0 lambda=0.647 phi=40 theta=15
0 180 0 180 0 -180 0.00139111 -122.542 0.149752 179.397 0 0 0 180 0 180 0 -180
0 0 0 0 0 -180 0 -180 0.849354 143.606 0 0 0 0 0 0 0 -180
0 180 0 -180 0 0 0.000282283 57.6369 0.179542 179.764 0 0 0 -0 0 180 0 -180
0 0 0 -180 0 0 0 0 0.180278 -36.684 0 0 0 -180 0 0 0 -180
0 180 0 180 0 -0 0.000605226 -138.446 0.179542 179.763 0 180 0 0 0 0 0 -180
0 -0 0 -0 0 180 0 -180 0.180278 -36.6828 0 0 0 180 0 180 0 -0
0 180 0 -0 0 180 0.00123331 -112.429 0.472202 -0.120898 0 180 0 -180 0 0 0 -180
0 -0 0 180 0 0 0 -0 1.47385 143.484 0 -0 0 -0 0 180 0 -180
inside=0 lambda=0.647 phi=40 theta=30
0 180 0 180 0 -180 0.000404478 -136.853 0.0183416 176.781 0 0 0 180 0 180 0 -180
0 0 0 0 0 -180 0 -180 0.981326 143.567 0 0 0 0 0 0 0 -180
0 180 0 -180 0 0 0.000116871 44.0871 0.310977 179.764 0 0 0 -0 0 180 0 -180
0 0 0 -180 0 0 0 0 0.312251 -36.6836 0 0 0 -180 0 0 0 -180
0 180 0 180 0 -0 0.000505225 -156.828 0.310977 179.764 0 180 0 0 0 0 0 -180
0 0 0 -0 0 -180 0 -180 0.31225 -36.683 0 0 0 0 0 180 0 -180
0 180 0 -0 0 180 0.000755174 -141.537 0.340769 -0.0761243 0 180 0 -180 0 0 0 -180
0 0 0 -180 0 0 0 -0 1.34188 143.5 0 0 0 -180 0 0 0 -180
inside=0 lambda=0.647 phi=40 theta=45
0 180 0 180 0 -180 0 -0 0.161228 0.102502 0 0 0 180 0 180 0 -180
0 0 0 0 0 -180 0 -180 1.1616 143.528 0 0 0 0 0 0 0 -180
0 180 0 -180 0 0 0 180 0.359086 179.764 0 0 0 -0 0 180 0 -180
0 0 0 -180 0 0 0 0 0.360555 -36.6832 0 0 0 -180 0 0 0 -180
0 180 0 180 0 -0 0 -180 0.359086 179.764 0 180 0 0 0 0 0 -180
0 0 0 0 0 -180 0 -180 0.360555 -36.6832 0 0 0 0 0 0 0 -180
0 180 0 -0 0 180 0 180 0.161228 0.102502 0 180 0 -180 0 0 0 -180
0 0 0 -180 0 0 0 0 1.1616 143.528 0 0 0 -180 0 0 0 -180
inside=0 lambda=0.647 phi=45 theta=0
0 0 0 0 0 -180 0.00392461 -166.631 0.999991 126.609 0 0 0 0 0 0 0 -180
0 -180 0 -180 0 0 0 0 0 0 0 -180 0 -180 0 -180 0 0
0 0 0 -180 0 0 2.39048e-15 132.155 2.26566e-15 140.383 0 -0 0 -180 0 0 0 -180
0 -180 0 0 0 -180 0 -180 0 -180 0 0 0 0 0 -180 0 0
0 180 0 180 0 -0 4.13783e-13 172.113 3.23753e-12 138.147 0 180 0 -0 0 -0 0 180
0 180 0 180 0 -0 0 0 0 -0 0 -0 0 -0 0 -0 0 180
0 180 0 -0 0 180 0.00204477 -132.688 0.999998 -26.7628 0 180 0 180 0 -0 0 180
0 180 0 -0 0 180 0 180 0 -0 0 180 0 180 0 -0 0 180
inside=0 lambda=0.647 phi=45 theta=15
0 0 0 0 0 -180 0.00257741 -173.14 0.873642 124.639 0 0 0 0 0 0 0 -180
0 -180 0 -180 0 0 0 0 0 0 0 -180 0 -180 0 -180 0 0
0 0 0 -180 0 0 0.00106983 -0.559908 0.486561 139.923 0 0 0 -180 0 0 0 -180
0 -180 0 0 0 -180 0 -180 0 180 0 -180 0 0 0 -180 0 0
0 180 0 180 0 -0 0.00105661 -178.567 0.48656 139.923 0 0 0 0 0 0 0 -180
0 -180 0 -180 0 0 0 180 0 180 0 -180 0 -0 0 -0 0 180
0 180 0 -0 0 180 0.00138808 -130.935 0.873645 -24.7935 0 180 0 -180 0 0 0 -180
0 -180 0 0 0 -180 0 -180 0 -0 0 -180 0 180 0 -0 0 180
inside=0 lambda=0.647 phi=45 theta=30
0 0 0 0 0 -180 0.000790341 -177.617 0.538307 114.594 0 0 0 0 0 0 0 -180
0 -180 0 -180 0 0 0 0 0 0 0 -180 0 -180 0 -180 0 0
0 0 0 -180 0 0 0.000830996 -23.1184 0.842748 139.923 0 0 0 -180 0 0 0 -180
0 -180 0 0 0 -180 0 -180 0 180 0 -180 0 0 0 -180 0 0
0 180 0 180 0 -0 0.000822298 168.498 0.842747 139.923 0 0 0 0 0 0 0 -180
0 -180 0 -180 0 0 0 0 0 180 0 -180 0 -0 0 -0 0 0
0 0 0 -0 0 0 0.000667369 -127.184 0.538307 -14.7489 0 180 0 -180 0 0 0 -180
0 -180 0 0 0 -180 0 -180 0 -0 0 -180 0 180 0 -180 0 0
inside=0 lambda=0.647 phi=45 theta=45
0 0 0 0 0 -180 0 -180 0.230293 49.9226 0 0 0 0 0 0 0 -180
0 -180 0 -180 0 0 0 0 0 0 0 -180 0 -180 0 -180 0 0
0 0 0 -180 0 0 0 0 0.973121 139.923 0 0 0 -180 0 0 0 -180
0 -180 0 0 0 -180 0 -180 0 180 0 -180 0 0 0 -180 0 0
0 0 0 0 0 -180 0 -180 0.973121 139.923 0 0 0 0 0 0 0 -180
0 -180 0 -180 0 0 0 0 0 180 0 -180 0 -180 0 -180 0 0
0 0 0 -180 0 0 0 0 0.230293 49.9226 0 0 0 -180 0 0 0 -180
0 -180 0 0 0 -180 0 -180 0 0 0 -180 0 0 0 -180 0 0
inside=1 lambda=0.647 phi=0 theta=0
0 -180 0 -180 0 -180 0 0 0.185649 -85.7668 0 0 0 -180 0 -180 0 -180
0 -180 0 -180 0 -180 0 0 0.814163 47.1486 0 0 0 -180 0 -180 0 -180
0 -180 0 180 0 0 0 180 3.7939e-14 -5.03748 0 180 0 0 0 -0 0 -180
0 -180 0 -0 0 0 0 -0 6.95487e-14 137.909 0 -0 0 0 0 180 0 -180
0 -180 0 180 0 0 0 -0 3.64839e-14 -5.0398 0 180 0 0 0 -0 0 -180
0 -180 0 -0 0 0 0 180 6.69401e-14 137.89 0 -0 0 0 0 180 0 -180
0 -180 0 0 0 -180 0 -180 0.185649 -85.7668 0 -180 0 -180 0 0 0 -180
0 -180 0 0 0 -180 0 -180 0.814163 47.1486 0 -180 0 -180 0 0 0 -180
inside=1 lambda=0.647 phi=0 theta=15
0 -180 0 -180 0 -180 0 0 0.185649 -85.7668 0 0 0 -180 0 -180 0 -180
0 -180 0 -180 0 -180 0 0 0.814163 47.1486 0 0 0 -180 0 -180 0 -180
0 -180 0 180 0 0 0 180 3.7939e-14 -5.03748 0 180 0 0 0 -0 0 -180
0 -180 0 -0 0 0 0 -0 6.95487e-14 137.909 0 -0 0 0 0 180 0 -180
0 -180 0 180 0 0 0 -0 3.64839e-14 -5.0398 0 180 0 0 0 -0 0 -180
0 -180 0 -0 0 0 0 180 6.69401e-14 137.89 0 -0 0 0 0 180 0 -180
0 -180 0 0 0 -180 0 -180 0.185649 -85.7668 0 -180 0 -180 0 0 0 -180
0 -180 0 0 0 -180 0 -180 0.814163 47.1486 0 -180 0 -180 0 0 0 -180
inside=1 lambda=0.647 phi=0 theta=30
0 -180 0 -180 0 -180 0 0 0.185649 -85.7668 0 0 0 -180 0 -180 0 -180
0 -180 0 -180 0 -180 0 0 0.814163 47.1486 0 0 0 -180 0 -180 0 -180
0 -180 0 180 0 0 0 180 3.7939e-14 -5.03748 0 180 0 0 0 -0 0 -180
0 -180 0 -0 0 0 0 -0 6.95487e-14 137.909 0 -0 0 0 0 180 0 -180
0 -180 0 180 0 0 0 -0 3.64839e-14 -5.0398 0 180 0 0 0 -0 0 -180
0 -180 0 -0 0 0 0 180 6.69401e-14 137.89 0 -0 0 0 0 180 0 -180
0 -180 0 0 0 -180 0 -180 0.185649 -85.7668 0 -180 0 -180 0 0 0 -180
0 -180 0 0 0 -180 0 -180 0.814163 47.1486 0 -180 0 -180 0 0 0 -180
inside=1 lambda=0.647 phi=0 theta=45
0 -180 0 -180 0 -180 0 0 0.185649 -85.7668 0 0 0 -180 0 -180 0 -180
0 -180 0 -180 0 -180 0 0 0.814163 47.1486 0 0 0 -180 0 -180 0 -180
0 -180 0 180 0 0 0 180 3.7939e-14 -5.03748 0 180 0 0 0 -0 0 -180
0 -180 0 -0 0 0 0 -0 6.95487e-14 137.909 0 -0 0 0 0 180 0 -180
0 -180 0 180 0 0 0 -0 3.64839e-14 -5.0398 0 180 0 0 0 -0 0 -180
0 -180 0 -0 0 0 0 180 6.69401e-14 137.89 0 -0 0 0 0 180 0 -180
0 -180 0 0 0 -180 0 -180 0.185649 -85.7668 0 -180 0 -180 0 0 0 -180
0 -180 0 0 0 -180 0 -180 0.814163 47.1486 0 -180 0 -180 0 0 0 -180
inside=1 lambda=0.647 phi=5 theta=0
0 180 0 -180 0 -180 0 0 0.184687 -88.8616 0 0 0 180 0 -180 0 -180
0 -180 0 -180 0 -180 0 0 0.815136 45.6012 0 0 0 -180 0 -180 0 -180
0 180 0 -0 0 0 0 180 4.84478e-15 -8.02867 0 -0 0 -0 0 180 0 -180
0 -180 0 180 0 0 0 -0 8.8766e-15 135.986 0 180 0 0 0 -0 0 -180
0 -180 0 -180 0 0 0 -0 7.61022e-14 -7.71649 0 180 0 0 0 0 0 -180
0 -180 0 -180 0 0 0 180 1.39781e-13 136.308 0 -0 0 0 0 0 0 -180
0 -180 0 0 0 -180 0 -180 0.186633 -88.8632 0 -180 0 -180 0 0 0 -180
0 -180 0 0 0 -180 0 -180 0.813187 45.6006 0 -180 0 -180 0 0 0 -180
inside=1 lambda=0.647 phi=5 theta=15
0 180 0 -180 0 -180 0 0 0.184818 -88.8617 0 0 0 180 0 -180 0 -180
0 -180 0 -180 0 -180 0 0 0.815005 45.6011 0 0 0 -180 0 -180 0 -180
0 -180 0 -0 0 0 0 -180 0.000486465 90.9833 0 0 0 -0 0 180 0 -180
0 -180 0 180 0 0 0 -180 0.000487165 45.8469 0 0 0 0 0 -0 0 -180
0 -180 0 -180 0 0 0 -0 0.000486465 90.9833 0 180 0 0 0 0 0 -180
0 -180 0 -180 0 0 0 180 0.000487165 45.8469 0 -0 0 0 0 0 0 -180
0 -180 0 0 0 -180 0 -180 0.186503 -88.8631 0 -180 0 -180 0 0 0 -180
0 -180 0 0 0 -180 0 -180 0.813318 45.6006 0 -180 0 -180 0 0 0 -180
inside=1 lambda=0.647 phi=5 theta=30
0 180 0 -180 0 -180 0 0 0.185174 -88.862 0 0 0 180 0 -180 0 -180
0 -180 0 -180 0 -180 0 0 0.814648 45.601 0 0 0 -180 0 -180 0 -180
0 -180 0 -0 0 0 0 -180 0.000842582 90.9833 0 0 0 0 0 180 0 -180
0 -180 0 180 0 0 0 -180 0.000843795 45.8469 0 0 0 0 0 -0 0 -180
0 -180 0 -180 0 0 0 -0 0.000842582 90.9833 0 180 0 0 0 0 0 -180
0 -180 0 -180 0 0 0 180 0.000843795 45.8469 0 -0 0 0 0 0 0 -180
0 -180 0 0 0 -180 0 -180 0.186147 -88.8628 0 -180 0 -180 0 0 0 -180
0 -180 0 0 0 -180 0 -180 0.813674 45.6007 0 -180 0 -180 0 0 0 -180
inside=1 lambda=0.647 phi=5 theta=45
0 -180 0 -180 0 -180 0 0 0.18566 -88.8624 0 0 0 180 0 -180 0 -180
0 -180 0 -180 0 -180 0 0 0.814161 45.6009 0 0 0 -180 0 -180 0 -180
0 -180 0 -0 0 0 0 -180 0.00097293 90.9833 0 0 0 0 0 180 0 -180
0 -180 0 180 0 0 0 -180 0.00097433 45.8469 0 0 0 0 0 -0 0 -180
0 -180 0 -180 0 0 0 -0 0.00097293 90.9833 0 180 0 0 0 0 0 -180
0 -180 0 -180 0 0 0 180 0.00097433 45.8469 0 -0 0 0 0 0 0 -180
0 -180 0 0 0 180 0 -180 0.18566 -88.8624 0 -180 0 -180 0 0 0 -180
0 -180 0 0 0 -180 0 -180 0.814161 45.6009 0 -180 0 -180 0 0 0 -180
inside=1 lambda=0.647 phi=10 theta=0
0 180 0 -180 0 -180 0 0 0.181762 -98.1211 0 0 0 180 0 -180 0 -180
0 -180 0 -180 0 180 0 0 0.818092 40.9706 0 -0 0 -180 0 -180 0 180
0 180 0 -0 0 0 0 180 9.96258e-16 164.749 0 180 0 -0 0 180 0 -180
0 -180 0 180 0 -0 0 -0 1.81951e-15 -47.9259 0 -0 0 0 0 -0 0 180
0 -180 0 -180 0 0 0 180 6.80878e-16 -17.4512 0 -0 0 0 0 0 0 -180
0 -180 0 -180 0 0 0 -0 1.25228e-15 128.358 0 180 0 0 0 0 0 -180
0 -180 0 0 0 -180 0 -180 0.18962 -98.1276 0 -180 0 -180 0 0 0 -180
0 -180 0 0 0 -180 0 -180 0.810225 40.9683 0 -180 0 -180 0 0 0 -180
inside=1 lambda=0.647 phi=10 theta=15
0 180 0 -180 0 -180 0 0 0.182289 -98.1216 0 0 0 180 0 -180 0 -180
0 -180 0 -180 0 180 0 0 0.817565 40.9705 0 -0 0 -180 0 -180 0 180
0 180 0 -0 0 0 0 -180 0.00196445 81.7217 0 0 0 -0 0 180 0 -180
0 -180 0 180 0 -0 0 -180 0.00196685 41.2142 0 -0 0 0 0 -0 0 180
0 -180 0 -180 0 0 0 -0 0.00196445 81.7217 0 180 0 0 0 0 0 -180
0 -180 0 -180 0 0 0 180 0.00196685 41.2141 0 -0 0 0 0 0 0 -180
0 -180 0 0 0 -180 0 -180 0.189094 -98.1272 0 -180 0 -180 0 0 0 -180
0 -180 0 0 0 -180 0 -180 0.810752 40.9684 0 -180 0 -180 0 0 0 -180
inside=1 lambda=0.647 phi=10 theta=30
0 180 0 -180 0 -180 0 0 0.183727 -98.1228 0 0 0 180 0 -180 0 -180
0 -180 0 -180 0 180 0 0 0.816126 40.9701 0 -0 0 -180 0 -180 0 180
0 180 0 -0 0 0 0 -180 0.00340253 81.7217 0 0 0 -0 0 180 0 -180
0 -180 0 180 0 -0 0 -180 0.00340668 41.2142 0 -0 0 0 0 -0 0 180
0 -180 0 -180 0 -0 0 -0 0.00340253 81.7217 0 180 0 0 0 0 0 -180
0 -180 0 -180 0 0 0 180 0.00340668 41.2141 0 -0 0 0 0 -0 0 -180
0 180 0 0 0 180 0 -180 0.187656 -98.1261 0 -180 0 -180 0 0 0 -180
0 -180 0 0 0 -180 0 -180 0.812192 40.9689 0 -180 0 -180 0 -0 0 -180
inside=1 lambda=0.647 phi=10 theta=45
0 180 0 -180 0 -180 0 0 0.185691 -98.1245 0 0 0 180 0 -180 0 -180
0 -180 0 -180 0 180 0 0 0.814159 40.9695 0 -0 0 -180 0 -180 0 180
0 180 0 -0 0 0 0 -180 0.0039289 81.7217 0 0 0 -0 0 180 0 -180
0 -180 0 180 0 0 0 -180 0.00393369 41.2141 0 -0 0 0 0 -0 0 -180
0 180 0 -180 0 -0 0 -0 0.0039289 81.7217 0 180 0 0 0 0 0 -180
0 -180 0 -180 0 0 0 180 0.00393369 41.2141 0 -0 0 0 0 -0 0 -180
0 180 0 0 0 180 0 -180 0.185691 -98.1245 0 -180 0 -180 0 0 0 -180
0 -180 0 0 0 -180 0 -180 0.814159 40.9695 0 -180 0 180 0 -0 0 180
inside=1 lambda=0.647 phi=15 theta=0
0 180 0 -180 0 -180 0 -0 0.176751 -113.471 0 0 0 180 0 -180 0 -180
0 -180 0 -180 0 180 0 0 0.823152 33.2925 0 -0 0 -180 0 -180 0 180
0 180 0 -0 0 0 0 -0 4.04278e-15 151.06 0 -0 0 -0 0 180 0 -180
0 -180 0 180 0 -0 0 180 7.44453e-15 -56.2674 0 180 0 0 0 -0 0 180
0 -180 0 -180 0 0 0 180 3.75301e-15 151.183 0 -0 0 0 0 0 0 -180
0 -180 0 180 0 0 0 -0 7.08556e-15 -55.8815 0 180 0 0 0 -0 0 -180
0 -180 0 0 0 -180 0 -180 0.194714 -113.486 0 -180 0 -180 0 0 0 -180
0 -180 0 -0 0 -180 0 180 0.805174 33.2872 0 -180 0 -180 0 -0 0 -180
inside=1 lambda=0.647 phi=15 theta=15
0 180 0 -180 0 -180 0 -0 0.177954 -113.472 0 0 0 180 0 -180 0 -180
0 -180 0 -180 0 180 0 0 0.821948 33.2922 0 -0 0 -180 0 -180 0 180
0 180 0 -0 0 0 0 -180 0.00449089 66.3713 0 0 0 -0 0 180 0 -180
0 -180 0 180 0 -0 0 -180 0.00449476 33.5308 0 -0 0 0 0 -0 0 180
0 -180 0 -180 0 0 0 -0 0.00449089 66.3713 0 180 0 0 0 0 0 -180
0 -180 0 -180 0 0 0 180 0.00449476 33.5308 0 -0 0 -0 0 -0 0 -180
0 -180 0 0 0 180 0 -180 0.193511 -113.485 0 -180 0 -180 0 0 0 -180
0 -180 0 0 0 -180 0 180 0.806378 33.2876 0 -180 0 180 0 -0 0 180
inside=1 lambda=0.647 phi=15 theta=30
0 180 0 -180 0 -180 0 0 0.181241 -113.475 0 0 0 180 0 -180 0 -180
0 -180 0 -180 0 180 0 0 0.818658 33.2912 0 -0 0 -180 0 -180 0 180
0 180 0 -0 0 0 0 -180 0.00777845 66.3713 0 0 0 -0 0 180 0 -180
0 -180 0 180 0 -0 0 -180 0.00778516 33.5308 0 -0 0 0 0 -0 0 180
0 180 0 -180 0 -0 0 -0 0.00777845 66.3713 0 180 0 0 0 0 0 -180
0 -180 0 -180 0 0 0 180 0.00778516 33.5308 0 -0 0 -0 0 -0 0 180
0 180 0 0 0 180 0 -180 0.190223 -113.482 0 -180 0 -180 0 0 0 -180
0 -180 0 0 0 -180 0 180 0.809668 33.2886 0 -180 0 180 0 -0 0 180
inside=1 lambda=0.647 phi=15 theta=45
0 180 0 -180 0 -180 0 0 0.185732 -113.479 0 0 0 180 0 -180 0 -180
0 -180 0 180 0 180 0 0 0.814163 33.2899 0 -0 0 -180 0 -180 0 180
0 180 0 -0 0 0 0 -180 0.00898178 66.3713 0 0 0 -0 0 180 0 -180
0 -180 0 180 0 -0 0 -180 0.00898953 33.5308 0 -0 0 0 0 -0 0 180
0 180 0 -180 0 -0 0 -0 0.00898178 66.3713 0 180 0 0 0 0 0 -180
0 -180 0 -180 0 0 0 180 0.00898953 33.5308 0 -0 0 -0 0 -0 0 180
0 180 0 0 0 180 0 -180 0.185732 -113.479 0 -180 0 -180 0 0 0 -180
0 -180 0 0 0 -180 0 180 0.814163 33.2899 0 -180 0 180 0 -0 0 180
inside=1 lambda=0.647 phi=20 theta=0
0 180 0 180 0 -180 0 -0 0.169431 -134.791 0 0 0 180 0 180 0 -180
0 -180 0 -180 0 180 0 0 0.830524 22.6256 0 -0 0 -180 0 -180 0 180
0 180 0 -0 0 0 0 180 2.1483e-15 131.907 0 -0 0 -0 0 180 0 -180
0 -180 0 180 0 -0 0 -0 4.08299e-15 -67.7737 0 0 0 0 0 -0 0 180
0 -180 0 -180 0 0 0 180 1.9311e-15 130.371 0 180 0 0 0 0 0 -180
0 180 0 180 0 -0 0 -0 3.93345e-15 -68.2142 0 -0 0 -0 0 -0 0 180
0 -180 0 0 0 -180 0 -180 0.202088 -134.815 0 -180 0 -180 0 0 0 -180
0 180 0 -0 0 180 0 180 0.797854 22.6163 0 180 0 180 0 -0 0 180
inside=1 lambda=0.647 phi=20 theta=15
0 180 0 -180 0 -180 0 -0 0.171619 -134.793 0 0 0 180 0 180 0 -180
0 -180 0 180 0 180 0 0 0.828336 22.625 0 -0 0 -180 0 -180 0 180
0 180 0 -0 0 0 0 -180 0.00816415 45.0588 0 0 0 -0 0 180 0 -180
0 -180 0 180 0 -0 0 -180 0.00816767 22.8538 0 -0 0 0 0 -0 0 180
0 -180 0 -180 0 -0 0 -0 0.00816415 45.0589 0 180 0 0 0 0 0 -180
0 -180 0 180 0 0 0 180 0.00816767 22.8538 0 -0 0 -0 0 -0 0 180
0 -180 0 0 0 180 0 -180 0.1999 -134.814 0 -180 0 -180 0 0 0 -180
0 -180 0 -0 0 -180 0 180 0.800042 22.6169 0 180 0 180 0 -0 0 180
inside=1 lambda=0.647 phi=20 theta=30
0 180 0 -180 0 -180 0 -0 0.177596 -134.798 0 0 0 180 0 -180 0 -180
0 -180 0 180 0 180 0 0 0.822357 22.6233 0 -0 0 -180 0 -180 0 180
0 180 0 -0 0 0 0 -180 0.0141407 45.0588 0 0 0 -0 0 180 0 -180
0 -180 0 180 0 -0 0 -180 0.0141468 22.8538 0 -0 0 0 0 -0 0 180
0 180 0 -180 0 -0 0 -0 0.0141407 45.0588 0 180 0 0 0 0 0 -180
0 -180 0 180 0 0 0 180 0.0141468 22.8538 0 -0 0 -0 0 -0 0 180
0 180 0 0 0 180 0 -180 0.193924 -134.81 0 -180 0 -180 0 0 0 -180
0 -180 0 0 0 -180 0 180 0.806021 22.6187 0 180 0 180 0 -0 0 180
inside=1 lambda=0.647 phi=20 theta=45
0 180 0 -180 0 -180 0 0 0.18576 -134.804 0 0 0 180 0 -180 0 -180
0 -180 0 180 0 180 0 0 0.814189 22.621 0 -0 0 -180 0 180 0 180
0 180 0 -0 0 0 0 -180 0.0163283 45.0588 0 0 0 -0 0 180 0 -180
0 -180 0 180 0 -0 0 -180 0.0163353 22.8538 0 -0 0 0 0 -0 0 180
0 180 0 -180 0 -0 0 -0 0.0163283 45.0588 0 180 0 0 0 0 0 -180
0 -180 0 -180 0 0 0 180 0.0163353 22.8538 0 -0 0 -0 0 -0 0 180
0 180 0 0 0 180 0 -180 0.18576 -134.804 0 -180 0 -180 0 0 0 -180
0 -180 0 0 0 -180 0 180 0.814189 22.621 0 180 0 180 0 -0 0 180
inside=1 lambda=0.647 phi=25 theta=0
0 180 0 180 0 -180 0 -0 0.159472 -161.916 0 0 0 180 0 180 0 -180
0 -180 0 180 0 180 0 0 0.840521 9.05127 0 -0 0 -180 0 180 0 180
0 180 0 -0 0 0 0 -0 2.51438e-15 107.536 0 -0 0 -0 0 180 0 -180
0 -180 0 180 0 -0 0 0 5.01406e-15 -80.7303 0 0 0 0 0 -0 0 180
0 -180 0 -180 0 0 0 -0 3.20428e-15 -72.4306 0 -0 0 0 0 0 0 -180
0 180 0 180 0 -0 0 0 6.81357e-15 98.826 0 0 0 -0 0 -0 0 180
0 -180 0 0 0 -180 0 -180 0.211985 -161.948 0 -180 0 -180 0 0 0 -180
0 180 0 -0 0 180 0 180 0.788004 9.03718 0 180 0 180 0 -0 0 180
inside=1 lambda=0.647 phi=25 theta=15
0 180 0 180 0 -180 0 -0 0.16299 -161.919 0 0 0 180 0 180 0 -180
0 -180 0 180 0 180 0 0 0.837003 9.05038 0 -0 0 -180 0 -180 0 180
0 180 0 -0 0 0 0 -180 0.0131282 17.9555 0 0 0 -0 0 180 0 -180
0 -180 0 180 0 -0 0 180 0.0131292 9.26315 0 -0 0 0 0 -0 0 180
0 -180 0 -180 0 -0 0 -0 0.0131282 17.9555 0 180 0 0 0 0 0 -180
0 180 0 180 0 0 0 180 0.0131292 9.2631 0 -0 0 -0 0 -0 0 180
0 -180 0 0 0 180 0 -180 0.208467 -161.946 0 -180 0 -180 0 0 0 -180
0 -180 0 -0 0 -180 0 180 0.791522 9.03819 0 180 0 180 0 -0 0 180
inside=1 lambda=0.647 phi=25 theta=30
0 180 0 -180 0 -180 0 -0 0.172601 -161.926 0 0 0 180 0 180 0 -180
0 -180 0 180 0 180 0 0 0.827391 9.04792 0 -0 0 -180 0 180 0 180
0 180 0 -0 0 0 0 -180 0.0227387 17.9555 0 0 0 -0 0 180 0 -180
0 -180 0 180 0 -0 0 180 0.0227404 9.26314 0 -0 0 0 0 -0 0 180
0 180 0 -180 0 -0 0 -0 0.0227387 17.9555 0 180 0 0 0 0 0 -180
0 -180 0 180 0 0 0 180 0.0227404 9.26311 0 -0 0 -0 0 -0 0 180
0 180 0 0 0 180 0 -180 0.198857 -161.941 0 -180 0 -180 0 0 0 -180
0 -180 0 -0 0 -180 0 180 0.801133 9.04088 0 180 0 180 0 -0 0 180
inside=1 lambda=0.647 phi=25 theta=45
0 180 0 -180 0 -180 0 -0 0.185729 -161.934 0 0 0 180 0 -180 0 -180
0 -180 0 180 0 180 0 0 0.814262 9.04445 0 -0 0 -180 0 180 0 180
0 180 0 -0 0 0 0 -180 0.0262564 17.9555 0 0 0 -0 0 180 0 -180
0 -180 0 180 0 -0 0 180 0.0262584 9.26312 0 -0 0 0 0 -0 0 180
0 180 0 -180 0 -0 0 -0 0.0262564 17.9555 0 180 0 0 0 0 0 -180
0 -180 0 180 0 0 0 180 0.0262584 9.26312 0 -0 0 -0 0 -0 0 180
0 180 0 -0 0 180 0 -180 0.185729 -161.934 0 -180 0 -180 0 0 0 -180
0 -180 0 0 0 -180 0 180 0.814262 9.04445 0 180 0 180 0 -0 0 180
inside=1 lambda=0.647 phi=30 theta=0
0 180 0 180 0 -180 0 -0 0.146417 165.354 0 0 0 180 0 180 0 -180
0 -180 0 180 0 180 0 0 0.853581 -7.32688 0 -0 0 -180 0 180 0 180
0 180 0 -0 0 0 0 180 6.81154e-15 -104.968 0 0 0 -0 0 180 0 -180
0 -180 0 0 0 -0 0 -180 1.50574e-14 82.7036 0 -180 0 0 0 -180 0 180
0 -180 0 -180 0 0 0 -0 3.40238e-14 74.9617 0 180 0 0 0 0 0 -180
0 180 0 180 0 -0 0 0 8.27128e-14 -97.1971 0 -180 0 -0 0 -0 0 180
0 -180 0 0 0 -180 0 -180 0.224726 165.324 0 -180 0 -180 0 0 0 -180
0 180 0 -0 0 180 0 180 0.775268 -7.34604 0 180 0 180 0 -0 0 180
inside=1 lambda=0.647 phi=30 theta=15
0 180 0 180 0 -180 0 -0 0.151663 165.351 0 0 0 180 0 180 0 -180
0 -180 0 180 0 180 0 0 0.848335 -7.32805 0 -0 0 -180 0 180 0 180
0 180 0 -0 0 0 0 -180 0.0195771 -14.7327 0 0 0 -0 0 180 0 -180
0 -180 0 0 0 -0 0 180 0.0195784 -7.13669 0 -0 0 0 0 -180 0 180
0 -180 0 -180 0 0 0 -0 0.0195771 -14.7326 0 0 0 0 0 0 0 -180
0 180 0 180 0 -0 0 0 0.0195784 -7.13677 0 -180 0 -0 0 -0 0 180
0 -180 0 0 0 180 0 -180 0.21948 165.325 0 -180 0 -180 0 0 0 -180
0 180 0 -0 0 -180 0 180 0.780513 -7.34463 0 180 0 180 0 -0 0 180
inside=1 lambda=0.647 phi=30 theta=30
0 180 0 180 0 -180 0 -0 0.165994 165.344 0 0 0 180 0 180 0 -180
0 -180 0 180 0 180 0 0 0.834002 -7.33133 0 -0 0 -180 0 180 0 180
0 180 0 -0 0 0 0 -180 0.0339086 -14.7327 0 0 0 -0 0 180 0 -180
0 -180 0 0 0 -0 0 180 0.0339108 -7.13671 0 -0 0 0 0 -180 0 180
0 180 0 -180 0 -0 0 -0 0.0339086 -14.7326 0 0 0 0 0 0 0 -180
0 180 0 180 0 0 0 0 0.0339108 -7.13676 0 -180 0 -0 0 -0 0 180
0 180 0 0 0 180 0 -180 0.205148 165.329 0 -180 0 -180 0 0 0 -180
0 -180 0 -0 0 -180 0 180 0.794846 -7.34089 0 180 0 180 0 -0 0 180
inside=1 lambda=0.647 phi=30 theta=45
0 180 0 -180 0 -180 0 -0 0.185571 165.336 0 0 0 180 0 180 0 -180
0 -180 0 180 0 180 0 -0 0.814424 -7.336 0 -0 0 -180 0 180 0 180
0 180 0 -0 0 0 0 -180 0.0391543 -14.7327 0 0 0 -0 0 180 0 -180
0 -180 0 0 0 -0 0 180 0.0391568 -7.13674 0 -0 0 0 0 -180 0 180
0 180 0 -180 0 -0 0 -0 0.0391543 -14.7327 0 180 0 0 0 0 0 -180
0 -180 0 180 0 0 0 0 0.0391568 -7.13674 0 -180 0 -0 0 -0 0 180
0 180 0 -0 0 180 0 -180 0.185571 165.336 0 180 0 -180 0 0 0 -180
0 -180 0 -0 0 -180 0 180 0.814424 -7.336 0 180 0 180 0 -0 0 180
inside=1 lambda=0.647 phi=35 theta=0
0 180 0 180 0 -180 0 -0 0.12968 127.252 0 0 0 180 0 180 0 -180
0 -180 0 180 0 0 0 -0 0.8703 -26.3839 0 -180 0 -180 0 180 0 0
0 180 0 -180 0 0 0 180 3.36729e-14 -149.027 0 -0 0 -0 0 0 0 -180
0 -180 0 0 0 -180 0 -180 8.40373e-14 63.8522 0 0 0 0 0 -180 0 0
0 -180 0 -180 0 0 0 -0 4.32575e-14 -149.059 0 -0 0 0 0 0 0 -180
0 180 0 180 0 -0 0 0 1.22835e-13 64.0513 0 0 0 -0 0 -0 0 180
0 -180 0 0 0 -180 0 -180 0.240736 127.239 0 -180 0 -180 0 0 0 -180
0 180 0 -0 0 180 0 180 0.75917 -26.4084 0 180 0 180 0 -0 0 180
inside=1 lambda=0.647 phi=35 theta=15
0 180 0 180 0 -180 0 -0 0.13712 127.251 0 0 0 180 0 180 0 -180
0 -180 0 180 0 0 0 -0 0.862856 -26.3853 0 -180 0 -180 0 180 0 0
0 180 0 -0 0 0 0 180 0.027764 -52.7772 0 0 0 -0 0 0 0 -180
0 -180 0 0 0 -180 0 180 0.0277828 -26.2155 0 -180 0 0 0 -180 0 0
0 -180 0 -180 0 0 0 -0 0.027764 -52.7771 0 0 0 0 0 0 0 -180
0 180 0 180 0 -0 0 0 0.0277828 -26.2157 0 -180 0 -0 0 -0 0 180
0 -180 0 0 0 180 0 -180 0.233297 127.239 0 -180 0 -180 0 0 0 -180
0 180 0 -0 0 180 0 180 0.766614 -26.4065 0 180 0 180 0 -0 0 180
inside=1 lambda=0.647 phi=35 theta=30
0 180 0 180 0 -180 0 -0 0.157444 127.247 0 0 0 180 0 180 0 -180
0 -180 0 180 0 0 0 -0 0.842518 -26.3894 0 -180 0 -180 0 180 0 0
0 180 0 -0 0 0 0 180 0.0480887 -52.7772 0 0 0 -0 0 0 0 -180
0 -180 0 0 0 -180 0 180 0.0481212 -26.2156 0 -180 0 0 0 -180 0 0
0 180 0 -180 0 -0 0 -0 0.0480887 -52.7771 0 0 0 0 0 0 0 -180
0 180 0 180 0 0 0 0 0.0481212 -26.2157 0 -180 0 -0 0 -0 0 180
0 180 0 0 0 180 0 -180 0.212972 127.241 0 -180 0 -180 0 0 0 -180
0 -180 0 -0 0 -180 0 180 0.786952 -26.4016 0 180 0 180 0 -0 0 180
inside=1 lambda=0.647 phi=35 theta=45
0 180 0 -180 0 -180 0 -0 0.185208 127.243 0 0 0 180 0 180 0 -180
0 -180 0 180 0 0 0 -0 0.814735 -26.3953 0 -180 0 -180 0 180 0 0
0 180 0 -0 0 0 0 -180 0.055528 -52.7771 0 0 0 -0 0 0 0 -180
0 180 0 0 0 -0 0 180 0.0555655 -26.2156 0 -0 0 0 0 -180 0 180
0 180 0 -180 0 -0 0 -0 0.055528 -52.7771 0 0 0 0 0 0 0 -180
0 180 0 180 0 0 0 0 0.0555655 -26.2156 0 -180 0 -0 0 -0 0 180
0 180 0 -0 0 180 0 -180 0.185208 127.243 0 180 0 -180 0 0 0 -180
0 -180 0 -0 0 -180 0 180 0.814735 -26.3953 0 180 0 0 0 -180 0 0
inside=1 lambda=0.647 phi=40 theta=0
0 180 0 180 0 -180 0 -0 0.108521 84.0518 0 0 0 180 0 180 0 -180
0 -180 0 180 0 0 0 -0 0.891482 -47.9736 0 -180 0 -180 0 180 0 0
0 180 0 -180 0 0 0 180 1.29205e-14 -25.7162 0 -0 0 -0 0 0 0 -180
0 180 0 0 0 -180 0 -180 3.23072e-14 -137.317 0 0 0 -0 0 -180 0 0
0 -180 0 -180 0 0 0 180 1.17877e-14 -25.7149 0 -0 0 0 0 0 0 -180
0 180 0 180 0 -0 0 -180 3.50841e-14 -136.283 0 0 0 -0 0 -0 0 180
0 -180 0 0 0 -180 0 -180 0.260618 84.0624 0 -180 0 -180 0 0 0 -180
0 180 0 -0 0 180 0 0 0.739088 -48.0054 0 180 0 180 0 -0 0 180
inside=1 lambda=0.647 phi=40 theta=15
0 180 0 180 0 -180 0 -0 0.118709 84.0534 0 0 0 180 0 180 0 -180
0 -180 0 180 0 0 0 -0 0.881274 -47.9754 0 -180 0 -180 0 180 0 0
0 180 0 -180 0 0 0 180 0.0380244 -95.9305 0 0 0 -0 0 0 0 -180
0 180 0 0 0 -180 0 180 0.0380988 -47.8187 0 -180 0 0 0 -180 0 0
0 -180 0 -180 0 0 0 -180 0.0380244 -95.9303 0 180 0 0 0 0 0 -180
0 180 0 180 0 -0 0 0 0.0380988 -47.8189 0 -180 0 -180 0 -180 0 0
0 -180 0 0 0 180 0 -180 0.250429 84.0621 0 -180 0 -180 0 0 0 -180
0 180 0 -0 0 180 0 0 0.749296 -48.0029 0 180 0 0 0 -180 0 0
inside=1 lambda=0.647 phi=40 theta=30
0 180 0 180 0 -180 0 -0 0.146545 84.0565 0 0 0 180 0 180 0 -180
0 -180 0 180 0 0 0 -0 0.853383 -47.9805 0 -180 0 -180 0 180 0 0
0 180 0 -180 0 0 0 180 0.0658602 -95.9304 0 0 0 -0 0 180 0 -180
0 180 0 0 0 -180 0 180 0.0659891 -47.8188 0 -180 0 0 0 -180 0 0
0 180 0 -180 0 -0 0 -180 0.0658601 -95.9303 0 180 0 0 0 0 0 -180
0 180 0 180 0 -0 0 0 0.0659891 -47.8189 0 -180 0 -180 0 -180 0 0
0 180 0 0 0 180 0 -180 0.222594 84.0611 0 -180 0 -180 0 0 0 -180
0 180 0 -0 0 -180 0 180 0.777186 -47.9963 0 180 0 0 0 -180 0 0
inside=1 lambda=0.647 phi=40 theta=45
0 180 0 -180 0 -180 0 -0 0.184569 84.0593 0 0 0 180 0 180 0 -180
0 -180 0 180 0 0 0 -0 0.815285 -47.988 0 -180 0 -180 0 180 0 0
0 180 0 -180 0 0 0 180 0.0760488 -95.9304 0 0 0 -0 0 180 0 -180
0 180 0 0 0 -180 0 180 0.0761976 -47.8189 0 -180 0 -0 0 -180 0 0
0 180 0 180 0 -0 0 -180 0.0760488 -95.9304 0 180 0 0 0 0 0 -180
0 180 0 180 0 -0 0 0 0.0761976 -47.8189 0 -180 0 -180 0 -180 0 0
0 180 0 -0 0 180 0 -180 0.184569 84.0593 0 180 0 -180 0 0 0 -180
0 -180 0 -0 0 -180 0 180 0.815285 -47.988 0 180 0 0 0 -180 0 0
inside=1 lambda=0.647 phi=45 theta=0
0 180 0 180 0 -180 0 -0 0.0819316 36.1055 0 0 0 180 0 180 0 -180
0 180 0 180 0 0 9.44934e-05 -126.041 0.918215 -71.9296 0 -180 0 180 0 180 0 0
0 180 0 -0 0 0 0 -0 4.09097e-15 96.5763 0 180 0 -0 0 180 0 -180
0 180 0 0 0 -180 1.81109e-17 -14.7878 8.23098e-15 18.6279 0 180 0 -0 0 -180 0 0
0 -180 0 -180 0 0 0 -0 1.42404e-14 95.3102 0 -0 0 0 0 0 0 -180
0 0 0 0 0 -180 4.91243e-15 -64.1879 3.62816e-14 20.0929 0 0 0 -180 0 -180 0 0
0 -180 0 0 0 -180 0 -180 0.285254 36.0977 0 -180 0 -180 0 0 0 -180
0 0 0 -180 0 0 0.00059252 65.5071 0.714197 -71.9741 0 0 0 0 0 -180 0 0
inside=1 lambda=0.647 phi=45 theta=15
0 180 0 180 0 -180 0 -0 0.0955516 36.1039 0 0 0 180 0 180 0 -180
0 180 0 180 0 0 0 -0 0.904549 -71.932 0 -180 0 180 0 180 0 0
0 180 0 -0 0 0 0 180 0.0508307 -143.906 0 0 0 -0 0 180 0 -180
0 180 0 0 0 -180 0 180 0.0510048 -71.7733 0 -180 0 -0 0 -180 0 0
0 -180 0 -180 0 -0 0 -180 0.0508306 -143.906 0 180 0 0 0 0 0 -180
0 180 0 180 0 -0 0 0 0.0510047 -71.7735 0 -180 0 -180 0 -180 0 0
0 180 0 0 0 180 0 -180 0.271634 36.0979 0 -180 0 -180 0 0 0 -180
0 180 0 -0 0 180 0 0 0.727864 -71.9703 0 180 0 0 0 -180 0 0
inside=1 lambda=0.647 phi=45 theta=30
0 180 0 180 0 -180 0 -0 0.132762 36.1012 0 0 0 180 0 180 0 -180
0 180 0 180 0 0 0 -0 0.867211 -71.9388 0 -180 0 -180 0 180 0 0
0 180 0 -0 0 0 0 180 0.0880414 -143.906 0 0 0 -0 0 180 0 -180
0 180 0 0 0 -180 0 180 0.0883428 -71.7734 0 -180 0 -0 0 -180 0 0
0 180 0 180 0 -0 0 -180 0.0880413 -143.906 0 180 0 0 0 0 0 -180
0 180 0 180 0 -0 0 0 0.0883428 -71.7735 0 -180 0 -180 0 -180 0 0
0 180 0 -0 0 180 0 -180 0.234423 36.0983 0 180 0 -180 0 0 0 -180
0 180 0 -0 0 180 0 0 0.765202 -71.9608 0 180 0 0 0 -180 0 0
inside=1 lambda=0.647 phi=45 theta=45
0 180 0 180 0 -180 0 -0 0.183593 36.0994 0 0 0 180 0 180 0 -180
0 180 0 180 0 0 0 -0 0.816206 -71.9491 0 -180 0 180 0 180 0 0
0 180 0 -180 0 0 0 180 0.101661 -143.906 0 0 0 -0 0 180 0 -180
0 180 0 0 0 -180 0 180 0.102009 -71.7735 0 -180 0 -0 0 -180 0 0
0 180 0 180 0 -0 0 -180 0.101661 -143.906 0 180 0 0 0 0 0 -180
0 180 0 180 0 -0 0 0 0.102009 -71.7735 0 -180 0 -180 0 -180 0 0
0 180 0 -0 0 180 0 180 0.183593 36.0994 0 180 0 -180 0 0 0 -180
0 180 0 -0 0 180 0 180 0.816206 -71.9491 0 180 0 0 0 -180 0 0
