RSoft_BSDF_File_Version 2
1 0 5 2 1 0.731429
0.3 0.3
-1 1
-1 1
1 0.647 0.647
10 0 45 0.5
4 0 45
Begin_Dispersion_Data
0.647 1.45662 0 1 0 0
End_Dispersion_Data
inside=0 lambda=0.647 phi=0 theta=0
0 -180 0 -180 0 -180 0 0 0.120464 8.00599 0 0 0 -180 0 -180 0 -180
0 -180 0 -180 0 -180 0 0 1.19811 76.6313 0 0 0 -180 0 -180 0 -180
0 -180 0 -180 0 0 0 -180 1.42268e-13 56.8147 0 -0 0 0 0 -180 0 -180
0 -180 0 180 0 0 0 -0 1.50643e-12 144.057 0 -0 0 0 0 180 0 -180
0 -180 0 180 0 0 0 -180 6.02764e-13 -92.6245 0 -180 0 0 0 -0 0 -180
0 -180 0 0 0 0 0 180 2.5689e-12 159.784 0 180 0 0 0 -0 0 -180
0 -180 0 0 0 -180 0 -180 0.120464 8.00599 0 -180 0 -180 0 0 0 -180
0 -180 0 0 0 -180 0 -180 1.19811 76.6313 0 -180 0 -180 0 0 0 -180
inside=0 lambda=0.647 phi=0 theta=15
0 -180 0 -180 0 -180 0 0 0.120464 8.00599 0 0 0 -180 0 -180 0 -180
0 -180 0 -180 0 -180 0 0 1.19811 76.6313 0 0 0 -180 0 -180 0 -180
0 -180 0 -180 0 0 0 -180 1.42268e-13 56.8147 0 -0 0 0 0 -180 0 -180
0 -180 0 180 0 0 0 -0 1.50643e-12 144.057 0 -0 0 0 0 180 0 -180
0 -180 0 180 0 0 0 -180 6.02764e-13 -92.6245 0 -180 0 0 0 -0 0 -180
0 -180 0 0 0 0 0 180 2.5689e-12 159.784 0 180 0 0 0 -0 0 -180
0 -180 0 0 0 -180 0 -180 0.120464 8.00599 0 -180 0 -180 0 0 0 -180
0 -180 0 0 0 -180 0 -180 1.19811 76.6313 0 -180 0 -180 0 0 0 -180
inside=0 lambda=0.647 phi=0 theta=30
0 -180 0 -180 0 -180 0 0 0.120464 8.00599 0 0 0 -180 0 -180 0 -180
0 -180 0 -180 0 -180 0 0 1.19811 76.6313 0 0 0 -180 0 -180 0 -180
0 -180 0 -180 0 0 0 -180 1.42268e-13 56.8147 0 -0 0 0 0 -180 0 -180
0 -180 0 180 0 0 0 -0 1.50643e-12 144.057 0 -0 0 0 0 180 0 -180
0 -180 0 180 0 0 0 -180 6.02764e-13 -92.6245 0 -180 0 0 0 -0 0 -180
0 -180 0 0 0 0 0 180 2.5689e-12 159.784 0 180 0 0 0 -0 0 -180
0 -180 0 0 0 -180 0 -180 0.120464 8.00599 0 -180 0 -180 0 0 0 -180
0 -180 0 0 0 -180 0 -180 1.19811 76.6313 0 -180 0 -180 0 0 0 -180
inside=0 lambda=0.647 phi=0 theta=45
0 -180 0 -180 0 -180 0 0 0.120464 8.00599 0 0 0 -180 0 -180 0 -180
0 -180 0 -180 0 -180 0 0 1.19811 76.6313 0 0 0 -180 0 -180 0 -180
0 -180 0 -180 0 0 0 -180 1.42268e-13 56.8147 0 -0 0 0 0 -180 0 -180
0 -180 0 180 0 0 0 -0 1.50643e-12 144.057 0 -0 0 0 0 180 0 -180
0 -180 0 180 0 0 0 -180 6.02764e-13 -92.6245 0 -180 0 0 0 -0 0 -180
0 -180 0 0 0 0 0 180 2.5689e-12 159.784 0 180 0 0 0 -0 0 -180
0 -180 0 0 0 -180 0 -180 0.120464 8.00599 0 -180 0 -180 0 0 0 -180
0 -180 0 0 0 -180 0 -180 1.19811 76.6313 0 -180 0 -180 0 0 0 -180
inside=0 lambda=0.647 phi=5 theta=0
0 -180 0 -180 0 -180 0 0 0.121378 9.32207 0 0 0 -180 0 -180 0 -180
0 -180 0 -180 0 -180 0 0 1.1954 73.6418 0 0 0 -180 0 -180 0 -180
0 -180 0 -0 0 0 0 180 6.2719e-13 96.7708 0 -0 0 0 0 180 0 -180
0 -180 0 180 0 0 0 -180 2.07994e-12 2.60552 0 180 0 0 0 -0 0 -180
0 -180 0 -180 0 0 0 180 7.97232e-13 -149.15 0 -180 0 0 0 0 0 -180
0 -180 0 -180 0 0 0 0 8.59984e-13 4.64005 0 180 0 0 0 0 0 -180
0 -180 0 0 0 -180 0 -180 0.123584 9.5003 0 -180 0 -180 0 0 0 -180
0 -180 0 0 0 -180 0 -180 1.20024 73.5362 0 -180 0 -180 0 0 0 -180
inside=0 lambda=0.647 phi=5 theta=15
0 -180 0 -180 0 -180 0 0 0.121525 9.33419 0 0 0 -180 0 -180 0 -180
0 -180 0 -180 0 -180 0 0 1.19572 73.6346 0 0 0 -180 0 -180 0 -180
0 -180 0 -0 0 0 0 -180 0.000579785 -161.006 0 0 0 0 0 180 0 -180
0 -180 0 180 0 0 0 -180 0.00144075 -139.572 0 0 0 0 0 -0 0 -180
0 -180 0 -180 0 0 0 -180 0.000579653 -161.004 0 180 0 0 0 0 0 -180
0 -180 0 -180 0 0 0 180 0.00143918 -139.496 0 -0 0 0 0 0 0 -180
0 -180 0 0 0 -180 0 -180 0.123436 9.48854 0 -180 0 -180 0 0 0 -180
0 -180 0 0 0 -180 0 -180 1.19991 73.5432 0 -180 0 -180 0 0 0 -180
inside=0 lambda=0.647 phi=5 theta=30
0 -180 0 -180 0 -180 0 0 0.12193 9.36717 0 0 0 -180 0 -180 0 -180
0 -180 0 -180 0 -180 0 0 1.19661 73.6152 0 0 0 -180 0 -180 0 -180
0 -180 0 -0 0 0 0 -180 0.00100417 -161.005 0 0 0 0 0 180 0 -180
0 -180 0 180 0 0 0 -180 0.00249487 -139.556 0 0 0 0 0 -0 0 -180
0 -180 0 -180 0 0 0 -0 0.00100404 -161.005 0 180 0 0 0 0 0 -180
0 -180 0 -180 0 0 0 180 0.00249329 -139.512 0 -0 0 0 0 0 0 -180
0 -180 0 0 0 -180 0 -180 0.123033 9.45628 0 -180 0 -180 0 0 0 -180
0 -180 0 0 0 -180 0 -180 1.19903 73.5624 0 -180 0 -180 0 0 0 -180
inside=0 lambda=0.647 phi=5 theta=45
0 -180 0 -180 0 -180 0 0 0.122481 9.41191 0 0 0 -180 0 -180 0 -180
0 -180 0 -180 0 -180 0 0 1.19782 73.5888 0 0 0 -180 0 -180 0 -180
0 -180 0 -0 0 0 0 -180 0.00115944 -161.005 0 0 0 0 0 180 0 -180
0 -180 0 180 0 0 0 -180 0.00287991 -139.534 0 0 0 0 0 -0 0 -180
0 -180 0 -180 0 0 0 -0 0.00115944 -161.005 0 180 0 0 0 0 0 -180
0 -180 0 -180 0 0 0 180 0.00287991 -139.534 0 -0 0 0 0 0 0 -180
0 -180 0 0 0 -180 0 -180 0.122481 9.41191 0 -180 0 -180 0 0 0 -180
0 -180 0 0 0 -180 0 -180 1.19782 73.5888 0 -180 0 -180 0 0 0 -180
inside=0 lambda=0.647 phi=10 theta=0
0 -180 0 -180 0 -180 0 0 0.125211 12.2919 0 0 0 -180 0 -180 0 -180
0 -180 0 -180 0 -180 0 0 1.18683 64.6665 0 0 0 -180 0 -180 0 -180
0 -180 0 -0 0 0 0 180 2.48929e-13 170.335 0 -0 0 0 0 180 0 -180
0 -180 0 180 0 0 0 180 3.11612e-13 98.5748 0 180 0 0 0 -0 0 -180
0 -180 0 -180 0 0 0 -0 8.20867e-13 -117.097 0 -180 0 0 0 0 0 -180
0 -180 0 -180 0 0 0 0 8.8837e-13 150.388 0 0 0 0 0 0 0 -180
0 -180 0 0 0 -180 0 -180 0.135761 13.0397 0 -180 0 -180 0 0 0 -180
0 -180 0 0 0 -180 0 -180 1.20639 64.2174 0 -180 0 -180 0 0 0 -180
inside=0 lambda=0.647 phi=10 theta=15
0 -180 0 -180 0 -180 0 0 0.12592 12.3453 0 0 0 -180 0 -180 0 -180
0 -180 0 -180 0 -180 0 0 1.18813 64.6355 0 0 0 -180 0 -180 0 -180
0 -180 0 -0 0 0 0 -180 0.00273761 -158.453 0 0 0 0 0 180 0 -180
0 -180 0 180 0 0 0 -180 0.0059162 -149.938 0 0 0 0 0 -0 0 -180
0 -180 0 -180 0 0 0 -180 0.00273589 -158.446 0 180 0 0 0 0 0 -180
0 -180 0 -180 0 0 0 180 0.00588837 -149.631 0 -0 0 0 0 0 0 -180
0 -180 0 0 0 -180 0 -180 0.135057 12.9927 0 -180 0 -180 0 0 0 -180
0 -180 0 0 0 -180 0 -180 1.20507 64.2466 0 -180 0 -180 0 0 0 -180
inside=0 lambda=0.647 phi=10 theta=30
0 -180 0 -180 0 -180 0 0 0.127855 12.4887 0 0 0 -180 0 -180 0 -180
0 -180 0 -180 0 -180 0 0 1.1917 64.5515 0 0 0 -180 0 -180 0 -180
0 -180 0 -180 0 0 0 -180 0.00474109 -158.451 0 0 0 0 0 180 0 -180
0 -180 0 180 0 0 0 -180 0.0102361 -149.869 0 0 0 0 0 -0 0 -180
0 -180 0 -180 0 0 0 -180 0.00473937 -158.447 0 180 0 0 0 0 0 -180
0 -180 0 -180 0 0 0 180 0.0102083 -149.691 0 -0 0 0 0 0 0 -180
0 -180 0 0 0 -180 0 -180 0.133131 12.8622 0 -180 0 -180 0 0 0 -180
0 -180 0 0 0 -180 0 -180 1.20148 64.3269 0 -180 0 -180 0 0 0 -180
inside=0 lambda=0.647 phi=10 theta=45
0 -180 0 -180 0 -180 0 0 0.130495 12.6787 0 0 0 -180 0 -180 0 -180
0 -180 0 -180 0 -180 0 0 1.19659 64.4383 0 0 0 -180 0 -180 0 -180
0 -180 0 -180 0 0 0 -180 0.00547358 -158.449 0 0 0 0 0 180 0 -180
0 -180 0 180 0 0 0 -180 0.0118031 -149.778 0 0 0 0 0 -0 0 -180
0 -180 0 -180 0 0 0 -180 0.00547358 -158.449 0 180 0 0 0 0 0 -180
0 -180 0 -180 0 0 0 180 0.0118031 -149.778 0 -0 0 0 0 0 0 -180
0 -180 0 0 0 -180 0 -180 0.130495 12.6787 0 -180 0 -180 0 0 0 -180
0 -180 0 0 0 -180 0 -180 1.19659 64.4383 0 -180 0 -180 0 0 0 -180
inside=0 lambda=0.647 phi=15 theta=0
0 180 0 -180 0 -180 0 0 0.131975 14.1178 0 0 0 180 0 -180 0 -180
0 -180 0 -180 0 -180 0 0 1.1715 49.6801 0 0 0 -180 0 -180 0 -180
0 180 0 -0 0 0 0 180 2.20768e-13 -0.421677 0 -180 0 -0 0 180 0 -180
0 -180 0 180 0 0 0 -180 4.57632e-13 112.413 0 -180 0 0 0 -0 0 -180
0 -180 0 -180 0 0 0 -0 3.71063e-13 -117.974 0 -180 0 0 0 0 0 -180
0 -180 0 -180 0 0 0 0 8.21618e-13 153.847 0 180 0 0 0 0 0 -180
0 -180 0 0 0 -180 0 -180 0.163109 15.246 0 -180 0 -180 0 0 0 -180
0 -180 0 0 0 -180 0 -180 1.216 48.5919 0 -180 0 -180 0 0 0 -180
inside=0 lambda=0.647 phi=15 theta=15
0 180 0 -180 0 -180 0 0 0.134072 14.2049 0 0 0 180 0 -180 0 -180
0 -180 0 -180 0 -180 0 0 1.17445 49.602 0 0 0 -180 0 -180 0 -180
0 -180 0 -0 0 0 0 -180 0.00791316 -160.033 0 0 0 -0 0 180 0 -180
0 -180 0 180 0 0 0 -180 0.0137792 -167.013 0 0 0 0 0 -0 0 -180
0 -180 0 -180 0 0 0 -180 0.00790757 -160.03 0 180 0 0 0 0 0 -180
0 -180 0 -180 0 0 0 180 0.0136138 -166.302 0 -0 0 0 0 0 0 -180
0 -180 0 0 0 -180 0 -180 0.161036 15.1805 0 -180 0 -180 0 0 0 -180
0 -180 0 0 0 -180 0 -180 1.21299 48.6596 0 -180 0 -180 0 0 0 -180
inside=0 lambda=0.647 phi=15 theta=30
0 180 0 -180 0 -180 0 0 0.139793 14.4335 0 0 0 180 0 -180 0 -180
0 -180 0 -180 0 -180 0 0 1.18253 49.3923 0 0 0 -180 0 -180 0 -180
0 -180 0 -180 0 0 0 -180 0.0137046 -160.028 0 0 0 0 0 180 0 -180
0 -180 0 180 0 0 0 -180 0.0237938 -166.838 0 0 0 0 0 -0 0 -180
0 -180 0 -180 0 0 0 -180 0.013699 -160.026 0 180 0 0 0 0 0 -180
0 -180 0 -180 0 0 0 180 0.0236293 -166.429 0 -0 0 0 0 0 0 -180
0 -180 0 0 0 -180 0 -180 0.155362 14.9951 0 -180 0 -180 0 0 0 -180
0 -180 0 0 0 -180 0 -180 1.20478 48.8484 0 -180 0 -180 0 0 0 -180
inside=0 lambda=0.647 phi=15 theta=45
0 -180 0 -180 0 -180 0 0 0.147589 14.7251 0 0 0 180 0 -180 0 -180
0 -180 0 -180 0 -180 0 0 1.19363 49.1152 0 0 0 -180 0 -180 0 -180
0 -180 0 -180 0 0 0 -180 0.0158219 -160.025 0 0 0 0 0 180 0 -180
0 -180 0 180 0 0 0 -180 0.0273732 -166.622 0 0 0 0 0 -0 0 -180
0 -180 0 -180 0 0 0 -180 0.0158219 -160.025 0 180 0 0 0 0 0 -180
0 -180 0 -180 0 0 0 180 0.0273732 -166.622 0 -0 0 0 0 0 0 -180
0 -180 0 0 0 180 0 -180 0.147589 14.7251 0 -180 0 -180 0 0 0 -180
0 -180 0 0 0 -180 0 -180 1.19363 49.1152 0 -180 0 -180 0 0 0 -180
inside=0 lambda=0.647 phi=20 theta=0
0 180 0 -180 0 -180 0 0 0.134219 12.4579 0 0 0 180 0 -180 0 -180
0 -180 0 -180 0 180 0 0 1.14884 28.5851 0 -0 0 -180 0 -180 0 180
0 180 0 -0 0 0 0 -0 3.81232e-14 21.9564 0 180 0 -0 0 180 0 -180
0 -180 0 180 0 -0 0 180 2.65265e-13 -40.042 0 180 0 0 0 -0 0 180
0 -180 0 -180 0 0 0 -0 5.72782e-14 94.3531 0 180 0 0 0 0 0 -180
0 -180 0 -180 0 0 0 0 1.56855e-13 -37.9016 0 -0 0 0 0 0 0 -180
0 -180 0 0 0 -180 0 -180 0.206522 11.7927 0 -180 0 -180 0 0 0 -180
0 -180 0 0 0 -180 0 180 1.22935 26.5738 0 -180 0 -180 0 0 0 -180
inside=0 lambda=0.647 phi=20 theta=15
0 180 0 -180 0 -180 0 0 0.139088 12.367 0 0 0 180 0 -180 0 -180
0 -180 0 -180 0 180 0 0 1.15413 28.4304 0 -0 0 -180 0 -180 0 180
0 180 0 -0 0 0 0 -180 0.0181409 -168.939 0 0 0 -0 0 180 0 -180
0 -180 0 180 0 -0 0 -180 0.0254417 170.087 0 -0 0 0 0 -0 0 180
0 -180 0 -180 0 0 0 -180 0.0181352 -168.988 0 180 0 0 0 0 0 -180
0 -180 0 -180 0 0 0 180 0.0248028 171.493 0 -0 0 -0 0 -0 0 -180
0 -180 0 0 0 -180 0 -180 0.201717 11.8115 0 -180 0 -180 0 0 0 -180
0 -180 0 0 0 -180 0 180 1.22384 26.6896 0 -180 0 180 0 -0 0 180
inside=0 lambda=0.647 phi=20 theta=30
0 180 0 -180 0 -180 0 0 0.152376 12.1717 0 0 0 180 0 -180 0 -180
0 -180 0 -180 0 180 0 0 1.16867 28.0237 0 -0 0 -180 0 -180 0 180
0 180 0 -180 0 0 0 -180 0.0314255 -168.928 0 0 0 -0 0 180 0 -180
0 -180 0 180 0 -0 0 -180 0.0437475 170.469 0 -0 0 0 0 -0 0 180
0 -180 0 -180 0 0 0 -180 0.03142 -168.956 0 180 0 0 0 0 0 -180
0 -180 0 -180 0 0 0 180 0.0431202 171.275 0 -0 0 -0 0 -0 0 180
0 -180 0 0 0 180 0 -180 0.188548 11.8734 0 -180 0 -180 0 0 0 -180
0 -180 0 0 0 -180 0 -180 1.2089 27.0197 0 -180 0 180 0 -0 0 180
inside=0 lambda=0.647 phi=20 theta=45
0 180 0 -180 0 -180 0 0 0.17049 11.9916 0 0 0 180 0 -180 0 -180
0 -180 0 -180 0 180 0 0 1.18868 27.5029 0 -0 0 -180 0 -180 0 180
0 -180 0 -180 0 0 0 -180 0.0362874 -168.931 0 0 0 -0 0 180 0 -180
0 -180 0 180 0 -0 0 -180 0.0501087 170.913 0 -0 0 0 0 -0 0 180
0 -180 0 -180 0 -0 0 -180 0.0362874 -168.931 0 180 0 0 0 0 0 -180
0 -180 0 -180 0 0 0 180 0.0501087 170.913 0 -0 0 -0 0 -0 0 180
0 180 0 0 0 180 0 -180 0.17049 11.9916 0 -180 0 -180 0 0 0 -180
0 -180 0 0 0 -180 0 -180 1.18868 27.5029 0 -180 0 180 0 -0 0 180
inside=0 lambda=0.647 phi=25 theta=0
0 180 0 180 0 -180 0 -0 0.11932 10.1168 0 0 0 180 0 180 0 -180
0 -180 0 -180 0 180 0 0 1.11738 1.0679 0 -0 0 -180 0 -180 0 180
0 180 0 -0 0 0 0 -0 2.59039e-13 -66.3299 0 0 0 -0 0 180 0 -180
0 -180 0 0 0 -0 0 0 1.75947e-13 -16.4144 0 0 0 0 0 -180 0 180
0 -180 0 -180 0 0 0 -0 2.94964e-13 58.1015 0 -0 0 0 0 0 0 -180
0 180 0 180 0 -0 0 -0 7.48415e-13 73.7168 0 0 0 -0 0 -0 0 180
0 -180 0 0 0 -180 0 -180 0.25012 1.28006 0 -180 0 -180 0 0 0 -180
0 180 0 -0 0 180 0 180 1.25314 -1.94809 0 180 0 180 0 -0 0 180
inside=0 lambda=0.647 phi=25 theta=15
0 180 0 180 0 -180 0 -0 0.127859 8.85003 0 0 0 180 0 180 0 -180
0 -180 0 -180 0 180 0 0 1.12626 0.799736 0 -0 0 -180 0 -180 0 180
0 180 0 -0 0 0 0 -180 0.0332867 174.788 0 0 0 -0 0 180 0 -180
0 -180 0 0 0 -0 0 180 0.0425094 142.961 0 -0 0 0 0 -180 0 180
0 -180 0 -180 0 0 0 -180 0.0333027 174.583 0 180 0 0 0 0 0 -180
0 180 0 180 0 -0 0 0 0.0406215 145.683 0 -180 0 -0 0 -0 0 180
0 -180 0 0 0 180 0 -180 0.241366 1.55252 0 -180 0 -180 0 0 0 -180
0 180 0 -0 0 180 0 180 1.24377 -1.80543 0 180 0 180 0 -0 0 180
inside=0 lambda=0.647 phi=25 theta=30
0 180 0 -180 0 -180 0 -0 0.151538 6.25871 0 0 0 180 0 180 0 -180
0 -180 0 -180 0 180 0 0 1.15065 0.127908 0 -0 0 -180 0 -180 0 180
0 180 0 -180 0 0 0 -180 0.0577121 174.827 0 0 0 -0 0 180 0 -180
0 -180 0 0 0 -0 0 180 0.0725086 143.792 0 -0 0 0 0 -180 0 180
0 -180 0 -180 0 -0 0 -180 0.0577297 174.717 0 180 0 0 0 0 0 -180
0 180 0 180 0 0 0 0 0.0707171 145.341 0 -180 0 -0 0 -0 0 180
0 180 0 0 0 180 0 -180 0.217287 2.40708 0 -180 0 -180 0 0 0 -180
0 -180 0 -0 0 -180 0 180 1.21843 -1.369 0 180 0 180 0 -0 0 180
inside=0 lambda=0.647 phi=25 theta=45
0 180 0 -180 0 -180 0 -0 0.184321 3.95116 0 0 0 180 0 180 0 -180
0 -180 0 180 0 180 0 0 1.18431 -0.676248 0 -0 0 -180 0 -180 0 180
0 180 0 -180 0 0 0 -180 0.0666751 174.812 0 0 0 -0 0 180 0 -180
0 -180 0 0 0 -0 0 180 0.0824895 144.685 0 -0 0 0 0 -180 0 180
0 180 0 -180 0 -0 0 -180 0.0666751 174.812 0 180 0 0 0 0 0 -180
0 -180 0 180 0 0 0 0 0.0824895 144.685 0 -180 0 -0 0 -0 0 180
0 180 0 -0 0 180 0 -180 0.184321 3.95116 0 180 0 -180 0 0 0 -180
0 -180 0 0 0 -180 0 180 1.18431 -0.676248 0 -180 0 180 0 -0 0 180
inside=0 lambda=0.647 phi=30 theta=0
0 180 0 180 0 -180 0.0296919 -93.004 0.0975305 20.5286 0 0 0 180 0 180 0 -180
0 -180 0 -180 0 0 0 -0 1.06635 -33.3913 0 -180 0 -180 0 -180 0 0
0 180 0 -0 0 0 1.61401e-13 140.201 7.71106e-13 0.948531 0 180 0 -0 0 180 0 -180
0 180 0 0 0 -180 0 180 4.64541e-13 149.119 0 180 0 -0 0 -180 0 0
0 -180 0 -180 0 0 5.41405e-14 -106.228 6.14249e-13 31.4934 0 -0 0 0 0 0 0 -180
0 180 0 180 0 -0 0 -0 1.75306e-12 -145.729 0 -0 0 -0 0 -0 0 180
0 -180 0 0 0 -180 0.10817 -128.264 0.25214 -13.2625 0 -180 0 -180 0 0 0 -180
0 180 0 -0 0 180 0 180 1.3111 -37.64 0 180 0 180 0 -0 0 180
inside=0 lambda=0.647 phi=30 theta=15
0 180 0 180 0 -180 0 -0 0.106176 14.4904 0 0 0 180 0 180 0 -180
0 -180 0 -180 0 0 0 -0 1.08427 -33.9049 0 -180 0 -180 0 -180 0 0
0 180 0 -0 0 0 0 -180 0.0439873 153.123 0 0 0 -0 0 180 0 -180
0 180 0 0 0 -180 0 180 0.0739976 110.719 0 -180 0 -0 0 -180 0 0
0 -180 0 -180 0 -0 0 -180 0.0440707 152.417 0 180 0 0 0 0 0 -180
0 180 0 180 0 -0 0 0 0.0691573 115.353 0 -180 0 -0 0 -0 0 180
0 -180 0 0 0 180 0 -180 0.24132 -12.082 0 -180 0 -180 0 0 0 -180
0 180 0 -0 0 180 0 180 1.29578 -37.5649 0 180 0 180 0 -0 0 180
inside=0 lambda=0.647 phi=30 theta=30
0 180 0 180 0 -180 0 -0 0.130451 3.97495 0 0 0 180 0 180 0 -180
0 -180 0 180 0 0 0 -0 1.12806 -35.0954 0 -180 0 -180 0 -180 0 0
0 180 0 -180 0 0 0 -180 0.0766142 153.377 0 0 0 -0 0 180 0 -180
0 180 0 0 0 -0 0 180 0.124344 112.333 0 -0 0 -0 0 -180 0 0
0 180 0 -180 0 -0 0 -180 0.0767001 153.039 0 180 0 0 0 0 0 -180
0 180 0 180 0 -0 0 0 0.120318 114.959 0 -180 0 -0 0 -0 0 180
0 180 0 -0 0 180 0 -180 0.210954 -9.39214 0 180 0 -180 0 0 0 -180
0 180 0 -0 0 180 0 180 1.24992 -37.1657 0 180 0 180 0 -0 0 180
inside=0 lambda=0.647 phi=30 theta=45
0 180 0 -180 0 -180 0 -0 0.169443 -4.33147 0 0 0 180 0 180 0 -180
0 180 0 180 0 180 0 -0 1.18856 -36.2941 0 -0 0 180 0 180 0 0
0 180 0 -180 0 0 0 -180 0.0886333 153.354 0 0 0 -0 0 180 0 -180
0 180 0 0 0 -0 0 180 0.140567 113.916 0 -0 0 -0 0 -180 0 180
0 180 0 -180 0 -0 0 -180 0.0886333 153.354 0 180 0 0 0 0 0 -180
0 180 0 180 0 -0 0 0 0.140567 113.916 0 -180 0 -0 0 -0 0 180
0 180 0 -0 0 180 0 -180 0.169443 -4.33147 0 180 0 -180 0 0 0 -180
0 180 0 -0 0 180 0 180 1.18856 -36.2941 0 180 0 180 0 -0 0 0
inside=0 lambda=0.647 phi=35 theta=0
0 180 0 180 0 -180 0.0953559 -84.7285 0.10513 21.1886 0 0 0 180 0 180 0 -180
0 180 0 180 0 0 0 -0 0.974203 -75.5022 0 -180 0 180 0 180 0 0
0 180 0 -0 0 0 1.27192e-13 41.2559 7.47107e-13 -110.777 0 0 0 -0 0 180 0 -180
0 180 0 0 0 -180 0 0 3.31542e-12 -2.03747 0 0 0 -0 0 -180 0 0
0 -180 0 -180 0 0 3.22991e-13 -111.359 6.50336e-13 -41.8831 0 -180 0 0 0 0 0 -180
0 0 0 0 0 -180 0 -0 2.18923e-12 12.3325 0 -0 0 -180 0 -180 0 0
0 -180 0 0 0 -180 0.138022 -97.8524 0.180645 -6.62412 0 -180 0 -180 0 0 0 -180
0 0 0 -180 0 0 0 0 1.44195 -84.0658 0 0 0 0 0 -180 0 0
inside=0 lambda=0.647 phi=35 theta=15
0 180 0 180 0 -180 0.0718446 -91.7566 0.111032 17.9236 0 0 0 180 0 180 0 -180
0 180 0 180 0 0 0 -0 1.00603 -76.7668 0 -180 0 180 0 180 0 0
0 180 0 -0 0 0 0.00948296 -178.204 0.0239271 155.752 0 0 0 -0 0 180 0 -180
0 180 0 0 0 -180 0 180 0.142846 65.7887 0 -180 0 -0 0 -180 0 0
0 -180 0 -180 0 -0 0.0362137 -120.783 0.0239817 152.745 0 180 0 0 0 0 0 -180
0 180 0 180 0 -0 0 0 0.132471 70.8604 0 -180 0 -180 0 -180 0 0
0 -180 0 0 0 180 0.122734 -108.654 0.175833 -4.44118 0 -180 0 -180 0 0 0 -180
0 180 0 -0 0 180 0 0 1.41024 -84.078 0 180 0 0 0 -180 0 0
inside=0 lambda=0.647 phi=35 theta=30
0 180 0 180 0 -180 0 -0 0.125906 10.2157 0 0 0 180 0 180 0 -180
0 180 0 180 0 0 0 -0 1.09329 -79.6069 0 -180 0 180 0 180 0 0
0 180 0 -0 0 0 0 -180 0.0417399 160.247 0 0 0 -0 0 180 0 -180
0 180 0 0 0 -180 0 180 0.238025 66.8624 0 -180 0 -0 0 -180 0 0
0 180 0 -180 0 -0 0 -180 0.041264 158.666 0 180 0 0 0 0 0 -180
0 180 0 180 0 -0 0 0 0.227988 70.0872 0 -180 0 -180 0 -180 0 0
0 180 0 -0 0 180 0 -180 0.163812 0.0729111 0 180 0 -180 0 0 0 -180
0 180 0 -0 0 180 0 180 1.32577 -83.6629 0 180 0 0 0 -180 0 0
inside=0 lambda=0.647 phi=35 theta=45
0 180 0 -180 0 -180 0 -0 0.144557 4.57782 0 0 0 180 0 180 0 -180
0 180 0 180 0 0 0 -0 1.20785 -82.181 0 -180 0 180 0 180 0 0
0 180 0 -180 0 0 0 -180 0.0488952 160.405 0 0 0 -0 0 180 0 -180
0 180 0 0 0 -180 0 180 0.266421 68.8155 0 -180 0 -0 0 -180 0 0
0 180 0 -180 0 -0 0 -180 0.0488952 160.405 0 180 0 0 0 0 0 -180
0 180 0 180 0 -0 0 0 0.266421 68.8155 0 -180 0 -180 0 -180 0 0
0 180 0 -0 0 180 0 -180 0.144557 4.57782 0 180 0 -180 0 0 0 -180
0 180 0 -0 0 180 0 180 1.20785 -82.181 0 180 0 0 0 -180 0 0
inside=0 lambda=0.647 phi=40 theta=0
0 180 0 180 0 -180 0.226043 -85.2984 0.102666 -99.0944 0 0 0 180 0 180 0 -180
0 180 0 180 0 -0 0 -0 0.782885 -126.193 0 180 0 180 0 180 0 -0
0 180 0 -0 0 0 1.32629e-13 161.663 5.09475e-13 -56.0458 0 180 0 -0 0 180 0 -180
0 180 0 -0 0 180 0 180 3.14069e-13 -75.3982 0 -180 0 -0 0 180 0 -0
0 -180 0 -180 0 0 7.08509e-13 -91.17 8.06168e-13 89.0801 0 0 0 0 0 0 0 -180
0 0 0 0 0 -180 0 180 1.61463e-12 -36.2884 0 -180 0 -180 0 -180 0 0
0 -180 0 0 0 -180 0.22049 -91.8546 0.435474 19.5994 0 -180 0 -180 0 0 0 -180
0 0 0 -180 0 0 0 0 1.56987 -146.196 0 0 0 0 0 -180 0 0
inside=0 lambda=0.647 phi=40 theta=15
0 180 0 180 0 -180 0.170715 -93.6396 0.0983616 -76.3115 0 0 0 180 0 180 0 -180
0 180 0 180 0 -0 0 -0 0.835721 -130.637 0 180 0 180 0 180 0 -0
0 180 0 -0 0 0 0.0345719 84.2056 0.123715 -145.245 0 0 0 -0 0 180 0 -180
0 180 0 -0 0 180 0 0 0.268541 1.90011 0 180 0 -0 0 180 0 -0
0 -180 0 -180 0 -0 0.0754501 -117.469 0.124086 -146.399 0 180 0 0 0 0 0 -180
0 0 0 0 0 -180 0 -0 0.229157 8.56166 0 180 0 -180 0 -180 0 0
0 180 0 -0 0 180 0.175703 -102.137 0.412885 18.5389 0 -180 0 -180 0 0 0 -180
0 0 0 -180 0 0 0 0 1.51037 -146.944 0 0 0 0 0 -180 0 0
inside=0 lambda=0.647 phi=40 theta=30
0 180 0 180 0 -180 0.0535535 -114.228 0.130292 -28.4618 0 0 0 180 0 180 0 -180
0 180 0 180 0 -0 0 -0 0.977304 -138.351 0 180 0 180 0 180 0 -0
0 180 0 -0 0 0 0.014095 94.1749 0.226613 -144.67 0 0 0 -0 0 180 0 -180
0 180 0 -0 0 180 0 0 0.426472 3.06461 0 180 0 -0 0 180 0 -0
0 180 0 180 0 -0 0.0665459 -144.537 0.224928 -145.153 0 180 0 0 0 0 0 -180
0 0 0 0 0 -180 0 -0 0.389419 6.52379 0 180 0 180 0 180 0 -0
0 180 0 -0 0 180 0.110259 -136.557 0.33545 13.1947 0 180 0 -180 0 0 0 -180
0 180 0 -180 0 0 0 0 1.35858 -146.722 0 0 0 -0 0 180 0 -0
inside=0 lambda=0.647 phi=40 theta=45
0 180 0 180 0 -180 0 -0 0.221388 0.292267 0 0 0 180 0 180 0 -180
0 180 0 180 0 -0 0 -180 1.16534 -144.167 0 180 0 180 0 180 0 -0
0 180 0 -180 0 0 0 180 0.267497 -145.766 0 0 0 -0 0 180 0 -180
0 180 0 -0 0 180 0 0 0.45757 4.86755 0 180 0 -180 0 180 0 -0
0 180 0 180 0 -0 0 -180 0.267497 -145.766 0 180 0 0 0 0 0 -180
0 180 0 0 0 -180 0 -0 0.45757 4.86755 0 180 0 180 0 180 0 -0
0 180 0 -0 0 180 0 180 0.221388 0.292267 0 180 0 -180 0 0 0 -180
0 180 0 -180 0 180 0 180 1.16534 -144.167 0 180 0 -0 0 180 0 -0
inside=0 lambda=0.647 phi=45 theta=0
0 0 0 0 0 -180 0.0221472 18.9854 0.999726 115.315 0 0 0 0 0 0 0 -180
0 0 0 0 0 -180 0 -180 0 -180 0 0 0 0 0 0 0 -180
0 0 0 -180 0 0 1.66527e-12 -29.1795 4.48043e-12 145.597 0 -0 0 -180 0 0 0 -180
0 0 0 -180 0 0 0 0 0 0 0 180 0 -180 0 0 0 -180
0 0 0 180 0 -0 2.71277e-12 -3.08546 5.33528e-12 0.435714 0 -0 0 -180 0 -0 0 180
0 -0 0 -0 0 180 0 180 0 0 0 0 0 180 0 180 0 -0
0 180 0 -0 0 180 0.340659 16.3251 0.946563 -92.9194 0 180 0 180 0 -0 0 180
0 -0 0 180 0 -0 0 -0 0 180 0 -0 0 -0 0 180 0 -0
inside=0 lambda=0.647 phi=45 theta=15
0 0 0 0 0 -180 0.0197551 18.3737 0.979193 106.835 0 0 0 0 0 0 0 -180
0 0 0 0 0 -180 0 -180 0 -180 0 0 0 0 0 0 0 -180
0 0 0 -180 0 0 0.0401545 -159.23 0.153754 59.9389 0 0 0 -180 0 0 0 -180
0 0 0 -180 0 0 0 0 0 -180 0 0 0 -180 0 0 0 -180
0 -0 0 -0 0 -180 0.115259 -80.035 0.246589 61.1614 0 0 0 180 0 180 0 -180
0 -0 0 -0 0 180 0 -180 0 -0 0 0 0 180 0 180 0 -0
0 -0 0 180 0 0 0.42761 -26.6291 0.889964 -169.315 0 -0 0 -0 0 0 0 -180
0 -0 0 180 0 -0 0 -0 0 180 0 -0 0 -0 0 180 0 -180
inside=0 lambda=0.647 phi=45 theta=30
0 0 0 0 0 -180 0.0262827 -54.7345 0.999572 93.621 0 0 0 0 0 0 0 -180
0 0 0 0 0 -180 0 -180 0 0 0 0 0 0 0 0 0 -180
0 0 0 -180 0 0 0.0279922 -106.685 0.04214 -171.931 0 0 0 -180 0 0 0 -180
0 0 0 -180 0 0 0 0 0 -180 0 0 0 -180 0 0 0 -180
0 -180 0 -180 0 -180 0.104884 -137.231 0.0219135 27.0497 0 0 0 0 0 0 0 -180
0 -180 0 -180 0 0 0 -180 0 -180 0 0 0 0 0 0 0 -180
0 0 0 0 0 0 0.239866 -89.6134 0.976168 105.596 0 -180 0 -180 0 0 0 -180
0 0 0 0 0 -180 0 0 0 0 0 -180 0 -180 0 0 0 -180
inside=0 lambda=0.647 phi=45 theta=45
0 0 0 -180 0 -180 0 -0 0.997147 89.85 0 0 0 0 0 0 0 -180
0 0 0 0 0 -180 0 -180 0 0 0 0 0 -180 0 -180 0 -180
0 -180 0 -180 0 0 0 -180 0.0754807 179.85 0 0 0 -180 0 0 0 -180
0 0 0 -180 0 0 0 0 0 -180 0 0 0 0 0 0 0 -180
0 -180 0 -180 0 -180 0 -180 0.0754807 179.85 0 0 0 0 0 0 0 -180
0 0 0 0 0 0 0 -180 0 -180 0 0 0 0 0 0 0 -180
0 0 0 -0 0 0 0 -180 0.997147 89.85 0 0 0 -180 0 0 0 -180
0 0 0 -180 0 -180 0 0 0 0 0 -180 0 -180 0 0 0 -180
inside=1 lambda=0.647 phi=0 theta=0
0 -180 0 -180 0 -180 0 0 0.120464 -34.7433 0 0 0 -180 0 -180 0 -180
0 -180 0 -180 0 -180 0 0 0.822533 76.6313 0 0 0 -180 0 -180 0 -180
0 -180 0 0 0 0 0 180 9.21379e-13 -134.376 0 0 0 0 0 0 0 -180
0 -180 0 180 0 0 0 -0 8.16167e-13 2.76213 0 0 0 0 0 180 0 -180
0 -180 0 -0 0 0 0 180 3.06528e-13 -155.882 0 180 0 0 0 180 0 -180
0 -180 0 0 0 0 0 -180 1.51608e-12 -12.6179 0 -180 0 0 0 0 0 -180
0 -180 0 0 0 -180 0 -180 0.120464 -34.7433 0 -180 0 -180 0 0 0 -180
0 -180 0 0 0 -180 0 -180 0.822533 76.6313 0 -180 0 -180 0 0 0 -180
inside=1 lambda=0.647 phi=0 theta=15
0 -180 0 -180 0 -180 0 0 0.120464 -34.7433 0 0 0 -180 0 -180 0 -180
0 -180 0 -180 0 -180 0 0 0.822533 76.6313 0 0 0 -180 0 -180 0 -180
0 -180 0 0 0 0 0 180 9.21379e-13 -134.376 0 0 0 0 0 0 0 -180
0 -180 0 180 0 0 0 -0 8.16167e-13 2.76213 0 0 0 0 0 180 0 -180
0 -180 0 -0 0 0 0 180 3.06528e-13 -155.882 0 180 0 0 0 180 0 -180
0 -180 0 0 0 0 0 -180 1.51608e-12 -12.6179 0 -180 0 0 0 0 0 -180
0 -180 0 0 0 -180 0 -180 0.120464 -34.7433 0 -180 0 -180 0 0 0 -180
0 -180 0 0 0 -180 0 -180 0.822533 76.6313 0 -180 0 -180 0 0 0 -180
inside=1 lambda=0.647 phi=0 theta=30
0 -180 0 -180 0 -180 0 0 0.120464 -34.7433 0 0 0 -180 0 -180 0 -180
0 -180 0 -180 0 -180 0 0 0.822533 76.6313 0 0 0 -180 0 -180 0 -180
0 -180 0 0 0 0 0 180 9.21379e-13 -134.376 0 0 0 0 0 0 0 -180
0 -180 0 180 0 0 0 -0 8.16167e-13 2.76213 0 0 0 0 0 180 0 -180
0 -180 0 -0 0 0 0 180 3.06528e-13 -155.882 0 180 0 0 0 180 0 -180
0 -180 0 0 0 0 0 -180 1.51608e-12 -12.6179 0 -180 0 0 0 0 0 -180
0 -180 0 0 0 -180 0 -180 0.120464 -34.7433 0 -180 0 -180 0 0 0 -180
0 -180 0 0 0 -180 0 -180 0.822533 76.6313 0 -180 0 -180 0 0 0 -180
inside=1 lambda=0.647 phi=0 theta=45
0 -180 0 -180 0 -180 0 0 0.120464 -34.7433 0 0 0 -180 0 -180 0 -180
0 -180 0 -180 0 -180 0 0 0.822533 76.6313 0 0 0 -180 0 -180 0 -180
0 -180 0 0 0 0 0 180 9.21379e-13 -134.376 0 0 0 0 0 0 0 -180
0 -180 0 180 0 0 0 -0 8.16167e-13 2.76213 0 0 0 0 0 180 0 -180
0 -180 0 -0 0 0 0 180 3.06528e-13 -155.882 0 180 0 0 0 180 0 -180
0 -180 0 0 0 0 0 -180 1.51608e-12 -12.6179 0 -180 0 0 0 0 0 -180
0 -180 0 0 0 -180 0 -180 0.120464 -34.7433 0 -180 0 -180 0 0 0 -180
0 -180 0 0 0 -180 0 -180 0.822533 76.6313 0 -180 0 -180 0 0 0 -180
inside=1 lambda=0.647 phi=5 theta=0
0 -180 0 -180 0 -180 0 0 0.120863 -38.196 0 0 0 -180 0 -180 0 -180
0 -180 0 -180 0 -180 0 0 0.823323 75.2243 0 0 0 -180 0 -180 0 -180
0 -180 0 -0 0 0 0 -180 2.39344e-13 -82.8097 0 0 0 0 0 180 0 -180
0 -180 0 180 0 0 0 -180 1.70031e-13 -155.806 0 0 0 0 0 -0 0 -180
0 -180 0 -180 0 0 0 -0 8.28715e-14 56.846 0 -0 0 0 0 0 0 -180
0 -180 0 -180 0 0 0 0 3.65361e-13 179.371 0 180 0 0 0 0 0 -180
0 -180 0 0 0 -180 0 -180 0.12187 -38.3752 0 -180 0 -180 0 0 0 -180
0 -180 0 0 0 -180 0 -180 0.821561 75.1752 0 -180 0 -180 0 0 0 -180
inside=1 lambda=0.647 phi=5 theta=15
0 -180 0 -180 0 -180 0 0 0.12093 -38.2081 0 0 0 -180 0 -180 0 -180
0 -180 0 -180 0 -180 0 0 0.823205 75.2211 0 0 0 -180 0 -180 0 -180
0 -180 0 -0 0 0 0 -180 0.000286975 117.411 0 0 0 0 0 180 0 -180
0 -180 0 180 0 0 0 -180 0.000508465 104.892 0 0 0 0 0 -0 0 -180
0 -180 0 -180 0 0 0 -0 0.000286854 117.434 0 180 0 0 0 0 0 -180
0 -180 0 -180 0 0 0 180 0.000508245 104.86 0 -0 0 0 0 0 0 -180
0 -180 0 0 0 -180 0 -180 0.121803 -38.3633 0 -180 0 -180 0 0 0 -180
0 -180 0 0 0 -180 0 -180 0.821679 75.1785 0 -180 0 -180 0 0 0 -180
inside=1 lambda=0.647 phi=5 theta=30
0 -180 0 -180 0 -180 0 0 0.121115 -38.2411 0 0 0 -180 0 -180 0 -180
0 -180 0 -180 0 -180 0 0 0.822883 75.2121 0 0 0 -180 0 -180 0 -180
0 -180 0 -0 0 0 0 -180 0.00049701 117.416 0 0 0 0 0 180 0 -180
0 -180 0 180 0 0 0 -180 0.000880606 104.886 0 0 0 0 0 -0 0 -180
0 -180 0 -180 0 0 0 -0 0.000496889 117.429 0 180 0 0 0 0 0 -180
0 -180 0 -180 0 0 0 180 0.000880386 104.867 0 -0 0 0 0 0 0 -180
0 -180 0 0 0 -180 0 -180 0.121618 -38.3307 0 -180 0 -180 0 0 0 -180
0 -180 0 0 0 -180 0 -180 0.822001 75.1875 0 -180 0 -180 0 0 0 -180
inside=1 lambda=0.647 phi=5 theta=45
0 -180 0 -180 0 -180 0 0 0.121366 -38.2861 0 0 0 -180 0 -180 0 -180
0 -180 0 -180 0 -180 0 0 0.822442 75.1998 0 0 0 -180 0 -180 0 -180
0 -180 0 -0 0 0 0 -180 0.000573828 117.422 0 0 0 0 0 180 0 -180
0 -180 0 180 0 0 0 -180 0.00101671 104.876 0 0 0 0 0 -0 0 -180
0 -180 0 -180 0 0 0 -0 0.000573828 117.422 0 180 0 0 0 0 0 -180
0 -180 0 -180 0 0 0 180 0.00101671 104.876 0 -0 0 0 0 0 0 -180
0 -180 0 0 0 -180 0 -180 0.121366 -38.2861 0 -180 0 -180 0 0 0 -180
0 -180 0 0 0 -180 0 -180 0.822442 75.1998 0 -180 0 -180 0 0 0 -180
inside=1 lambda=0.647 phi=10 theta=0
0 -180 0 -180 0 -180 0 0 0.12236 -48.2938 0 0 0 -180 0 -180 0 -180
0 -180 0 -180 0 -180 0 0 0.825699 71.0247 0 0 0 -180 0 -180 0 -180
0 -180 0 -0 0 0 0 -0 3.86033e-13 37.7648 0 180 0 0 0 180 0 -180
0 -180 0 180 0 0 0 180 1.05936e-12 161.264 0 -180 0 0 0 -0 0 -180
0 -180 0 -180 0 0 0 0 4.14439e-13 14.3715 0 0 0 0 0 0 0 -180
0 -180 0 -180 0 0 0 0 1.16151e-12 159.238 0 -0 0 0 0 0 0 -180
0 -180 0 0 0 -180 0 -180 0.126717 -49.0448 0 -180 0 -180 0 0 0 -180
0 -180 0 0 0 -180 0 -180 0.818544 70.8229 0 -180 0 -180 0 0 0 -180
inside=1 lambda=0.647 phi=10 theta=15
0 -180 0 -180 0 -180 0 0 0.122652 -48.3462 0 0 0 -180 0 -180 0 -180
0 -180 0 -180 0 -180 0 0 0.825219 71.0113 0 0 0 -180 0 -180 0 -180
0 -180 0 -0 0 0 0 -180 0.00123255 107.254 0 0 0 0 0 180 0 -180
0 -180 0 180 0 0 0 -180 0.00206892 100.861 0 0 0 0 0 -0 0 -180
0 -180 0 -180 0 0 0 -0 0.00123067 107.342 0 180 0 0 0 0 0 -180
0 -180 0 -180 0 0 0 180 0.00206529 100.733 0 -0 0 0 0 0 0 -180
0 -180 0 0 0 -180 0 -180 0.126425 -48.9966 0 -180 0 -180 0 0 0 -180
0 -180 0 0 0 -180 0 -180 0.819023 70.8365 0 -180 0 -180 0 0 0 -180
inside=1 lambda=0.647 phi=10 theta=30
0 -180 0 -180 0 -180 0 0 0.123448 -48.4878 0 0 0 -180 0 -180 0 -180
0 -180 0 -180 0 -180 0 0 0.823908 70.9746 0 0 0 -180 0 -180 0 -180
0 -180 0 -0 0 0 0 -180 0.00213414 107.273 0 0 0 0 0 180 0 -180
0 -180 0 180 0 0 0 -180 0.0035821 100.833 0 0 0 0 0 -0 0 -180
0 -180 0 -180 0 0 0 -0 0.00213227 107.323 0 180 0 0 0 0 0 -180
0 -180 0 -180 0 0 0 180 0.00357847 100.759 0 -0 0 0 0 0 0 -180
0 -180 0 0 0 -180 0 -180 0.125627 -48.8632 0 -180 0 -180 0 0 0 -180
0 -180 0 0 0 -180 0 -180 0.820331 70.8737 0 -180 0 -180 0 0 0 -180
inside=1 lambda=0.647 phi=10 theta=45
0 -180 0 -180 0 -180 0 0 0.124537 -48.6776 0 0 0 -180 0 -180 0 -180
0 -180 0 -180 0 -180 0 0 0.822119 70.9242 0 0 0 -180 0 -180 0 -180
0 -180 0 -0 0 0 0 -180 0.00246321 107.298 0 0 0 0 0 180 0 -180
0 -180 0 180 0 0 0 -180 0.00413413 100.795 0 0 0 0 0 -0 0 -180
0 -180 0 -180 0 0 0 -0 0.00246321 107.298 0 180 0 0 0 0 0 -180
0 -180 0 -180 0 0 0 180 0.00413413 100.795 0 -0 0 0 0 0 0 -180
0 -180 0 0 0 -180 0 -180 0.124537 -48.6776 0 -180 0 -180 0 0 0 -180
0 -180 0 0 0 -180 0 -180 0.822119 70.9242 0 -180 0 -180 0 0 0 -180
inside=1 lambda=0.647 phi=15 theta=0
0 180 0 -180 0 -180 0 0 0.125484 -64.2352 0 0 0 180 0 -180 0 -180
0 -180 0 -180 0 -180 0 0 0.829709 64.0972 0 0 0 -180 0 -180 0 -180
0 180 0 -0 0 0 0 -0 3.65754e-13 -127.258 0 0 0 -0 0 180 0 -180
0 -180 0 180 0 0 0 -0 3.8955e-13 -50.117 0 -180 0 0 0 -0 0 -180
0 -180 0 -180 0 0 0 180 2.6911e-13 72.8516 0 -0 0 0 0 0 0 -180
0 -180 0 -180 0 0 0 0 8.32472e-13 -18.0409 0 0 0 0 0 0 0 -180
0 -180 0 0 0 -180 0 -180 0.136662 -65.9593 0 -180 0 -180 0 0 0 -180
0 -180 0 0 0 -180 0 -180 0.813184 63.6251 0 -180 0 -180 0 0 0 -180
inside=1 lambda=0.647 phi=15 theta=15
0 180 0 -180 0 -180 0 0 0.126231 -64.3625 0 0 0 180 0 -180 0 -180
0 -180 0 -180 0 -180 0 0 0.828598 64.0661 0 0 0 -180 0 -180 0 -180
0 180 0 -0 0 0 0 -180 0.0031108 91.9424 0 0 0 -0 0 180 0 -180
0 -180 0 180 0 0 0 -180 0.00479144 94.0584 0 0 0 0 0 -0 0 -180
0 -180 0 -180 0 0 0 -0 0.00310188 92.1383 0 180 0 0 0 0 0 -180
0 -180 0 -180 0 0 0 180 0.00477233 93.7739 0 -0 0 0 0 0 0 -180
0 -180 0 0 0 -180 0 -180 0.135911 -65.8549 0 -180 0 -180 0 0 0 -180
0 -180 0 0 0 -180 0 -180 0.814287 63.6573 0 -180 0 -180 0 0 0 -180
inside=1 lambda=0.647 phi=15 theta=30
0 180 0 -180 0 -180 0 0 0.128271 -64.7012 0 0 0 180 0 -180 0 -180
0 -180 0 -180 0 -180 0 0 0.825566 63.9808 0 0 0 -180 0 -180 0 -180
0 -180 0 -0 0 0 0 -180 0.00538471 91.9851 0 0 0 -0 0 180 0 -180
0 -180 0 180 0 0 0 -180 0.00829146 93.9923 0 0 0 0 0 -0 0 -180
0 -180 0 -180 0 0 0 -0 0.00537579 92.0982 0 180 0 0 0 0 0 -180
0 -180 0 -180 0 0 0 180 0.00827237 93.8281 0 -0 0 0 0 0 0 -180
0 -180 0 0 0 -180 0 -180 0.133861 -65.5619 0 -180 0 -180 0 0 0 -180
0 -180 0 0 0 -180 0 -180 0.817303 63.7448 0 -180 0 -180 0 0 0 -180
inside=1 lambda=0.647 phi=15 theta=45
0 -180 0 -180 0 -180 0 0 0.131064 -65.1429 0 0 0 180 0 -180 0 -180
0 -180 0 -180 0 -180 0 0 0.82143 63.8633 0 0 0 -180 0 -180 0 -180
0 -180 0 -0 0 0 0 -180 0.00621253 92.0423 0 0 0 -0 0 180 0 -180
0 -180 0 180 0 0 0 -180 0.00956281 93.9072 0 0 0 0 0 -0 0 -180
0 -180 0 -180 0 -0 0 -0 0.00621253 92.0423 0 180 0 0 0 0 0 -180
0 -180 0 -180 0 0 0 180 0.00956281 93.9072 0 -0 0 0 0 0 0 -180
0 -180 0 0 0 180 0 -180 0.131064 -65.1429 0 -180 0 -180 0 0 0 -180
0 -180 0 0 0 -180 0 -180 0.82143 63.8633 0 -180 0 -180 0 0 0 -180
inside=1 lambda=0.647 phi=20 theta=0
0 180 0 -180 0 -180 0 0 0.130008 -84.8031 0 0 0 180 0 -180 0 -180
0 -180 0 -180 0 -180 0 0 0.835556 54.5502 0 0 0 -180 0 -180 0 -180
0 180 0 -0 0 0 0 0 2.89783e-13 -176.215 0 180 0 -0 0 180 0 -180
0 -180 0 180 0 0 0 -0 1.06858e-12 -39.5191 0 0 0 0 0 -0 0 -180
0 -180 0 -180 0 0 0 180 4.02772e-13 -176.426 0 0 0 0 0 0 0 -180
0 -180 0 -180 0 0 0 180 8.91721e-13 -29.8286 0 -180 0 0 0 0 0 -180
0 -180 0 0 0 -180 0 -180 0.153529 -87.6808 0 -180 0 -180 0 0 0 -180
0 -180 0 0 0 -180 0 -180 0.805004 53.6759 0 -180 0 -180 0 0 0 -180
inside=1 lambda=0.647 phi=20 theta=15
0 180 0 -180 0 -180 0 0 0.131574 -85.0357 0 0 0 180 0 -180 0 -180
0 -180 0 -180 0 180 0 0 0.833496 54.4935 0 0 0 -180 0 -180 0 -180
0 180 0 -0 0 0 0 -180 0.00638157 73.1588 0 0 0 -0 0 180 0 -180
0 -180 0 180 0 0 0 -180 0.00886521 84.3741 0 0 0 0 0 -0 0 -180
0 -180 0 -180 0 0 0 -0 0.00635592 73.5286 0 180 0 0 0 0 0 -180
0 -180 0 -180 0 0 0 180 0.00880207 83.8791 0 -0 0 0 0 0 0 -180
0 -180 0 0 0 -180 0 -180 0.151947 -87.523 0 -180 0 -180 0 0 0 -180
0 -180 0 0 0 -180 0 -180 0.807037 53.7363 0 -180 0 -180 0 0 0 -180
inside=1 lambda=0.647 phi=20 theta=30
0 180 0 -180 0 -180 0 0 0.135862 -85.6385 0 0 0 180 0 -180 0 -180
0 -180 0 -180 0 -180 0 0 0.827878 54.3371 0 0 0 -180 0 -180 0 -180
0 180 0 -0 0 0 0 -180 0.0110434 73.2408 0 0 0 -0 0 180 0 -180
0 -180 0 180 0 0 0 -180 0.0153285 84.2502 0 0 0 0 0 -0 0 -180
0 -180 0 -180 0 -0 0 -0 0.0110179 73.4538 0 180 0 0 0 0 0 -180
0 -180 0 -180 0 0 0 180 0.0152656 83.9649 0 -0 0 0 0 0 0 -180
0 -180 0 0 0 180 0 -180 0.147628 -87.0691 0 -180 0 -180 0 0 0 -180
0 -180 0 0 0 -180 0 -180 0.812602 53.9001 0 -180 0 -180 0 0 0 -180
inside=1 lambda=0.647 phi=20 theta=45
0 180 0 -180 0 -180 0 0 0.141737 -86.3908 0 0 0 180 0 -180 0 -180
0 -180 0 -180 0 -180 0 0 0.820227 54.1205 0 0 0 -180 0 -180 0 -180
0 180 0 -0 0 0 0 -180 0.0127369 73.3491 0 0 0 -0 0 180 0 -180
0 -180 0 180 0 0 0 -180 0.0176616 84.0981 0 0 0 0 0 -0 0 -180
0 180 0 -180 0 -0 0 -0 0.0127369 73.3491 0 180 0 0 0 0 0 -180
0 -180 0 -180 0 0 0 180 0.0176616 84.0981 0 -0 0 0 0 0 0 -180
0 180 0 0 0 180 0 -180 0.141737 -86.3908 0 -180 0 -180 0 0 0 -180
0 -180 0 0 0 -180 0 -180 0.820227 54.1205 0 -180 0 -180 0 0 0 -180
inside=1 lambda=0.647 phi=25 theta=0
0 180 0 180 0 -180 0 -0 0.134036 -108.86 0 0 0 180 0 180 0 -180
0 -180 0 -180 0 180 0 0 0.843734 42.5316 0 -0 0 -180 0 -180 0 180
0 180 0 -0 0 0 0 180 2.79902e-13 16.7457 0 -180 0 -0 0 180 0 -180
0 -180 0 180 0 -0 0 -180 1.44875e-13 64.5341 0 -0 0 0 0 -0 0 180
0 -180 0 -180 0 0 0 -0 1.64029e-13 50.6165 0 0 0 0 0 0 0 -180
0 -180 0 -180 0 0 0 -0 1.51489e-13 39.4407 0 180 0 0 0 0 0 -180
0 -180 0 0 0 -180 0 -180 0.17781 -112.535 0 -180 0 -180 0 0 0 -180
0 -180 0 0 0 -180 0 180 0.793481 41.1255 0 -180 0 -180 0 0 0 -180
inside=1 lambda=0.647 phi=25 theta=15
0 180 0 180 0 -180 0 0 0.136948 -109.2 0 0 0 180 0 180 0 -180
0 -180 0 -180 0 180 0 0 0.840333 42.442 0 -0 0 -180 0 -180 0 180
0 180 0 -0 0 0 0 -180 0.0115425 52.1585 0 0 0 -0 0 180 0 -180
0 -180 0 180 0 -0 0 -180 0.0145328 71.7315 0 -0 0 0 0 -0 0 180
0 -180 0 -180 0 0 0 -0 0.0114881 52.8091 0 180 0 0 0 0 0 -180
0 -180 0 -180 0 0 0 180 0.0143725 70.9733 0 -0 0 0 0 0 0 -180
0 -180 0 0 0 180 0 -180 0.174868 -112.365 0 -180 0 -180 0 0 0 -180
0 -180 0 0 0 -180 0 -180 0.796813 41.2246 0 -180 0 180 0 -0 0 -180
inside=1 lambda=0.647 phi=25 theta=30
0 180 0 -180 0 -180 0 0 0.144925 -110.048 0 0 0 180 0 180 0 -180
0 -180 0 -180 0 180 0 0 0.831068 42.194 0 -0 0 -180 0 -180 0 180
0 180 0 -0 0 0 0 -180 0.0199716 52.3053 0 0 0 -0 0 180 0 -180
0 -180 0 180 0 -0 0 -180 0.0250992 71.5235 0 -0 0 0 0 -0 0 180
0 -180 0 -180 0 -0 0 -0 0.0199177 52.6784 0 180 0 0 0 0 0 -180
0 -180 0 -180 0 0 0 180 0.0249405 71.0874 0 -0 0 -0 0 -0 0 -180
0 180 0 0 0 180 0 -180 0.16683 -111.855 0 -180 0 -180 0 0 0 -180
0 -180 0 0 0 -180 0 -180 0.805942 41.4916 0 -180 0 180 0 -0 0 180
inside=1 lambda=0.647 phi=25 theta=45
0 180 0 -180 0 -180 0 0 0.155862 -111.034 0 0 0 180 0 180 0 -180
0 -180 0 -180 0 180 0 0 0.818471 41.8476 0 -0 0 -180 0 -180 0 180
0 180 0 -0 0 0 0 -180 0.0230298 52.4958 0 0 0 -0 0 180 0 -180
0 -180 0 180 0 -0 0 -180 0.0288831 71.2822 0 -0 0 0 0 -0 0 180
0 180 0 -180 0 -0 0 -0 0.0230298 52.4958 0 180 0 0 0 0 0 -180
0 -180 0 -180 0 0 0 180 0.0288831 71.2822 0 -0 0 -0 0 -0 0 180
0 180 0 0 0 180 0 -180 0.155862 -111.034 0 180 0 -180 0 0 0 -180
0 -180 0 0 0 -180 0 -180 0.818471 41.8476 0 -180 0 180 0 -0 0 180
inside=1 lambda=0.647 phi=30 theta=0
0 180 0 180 0 -180 0 -0 0.134148 -135.974 0 0 0 180 0 180 0 -180
0 -180 0 -180 0 180 0 0 0.855081 28.2176 0 -0 0 -180 0 -180 0 180
0 180 0 -0 0 0 0 -0 7.15031e-13 -37.7123 0 180 0 -0 0 180 0 -180
0 -180 0 180 0 -0 0 180 1.56541e-12 114.401 0 -180 0 0 0 -0 0 180
0 -180 0 -180 0 0 0 -0 6.76e-13 -41.1055 0 180 0 0 0 0 0 -180
0 180 0 180 0 0 0 180 1.59911e-12 116.798 0 0 0 -0 0 -0 0 -180
0 -180 0 0 0 -180 0 -180 0.20725 -139.302 0 -180 0 -180 0 0 0 -180
0 180 0 -0 0 180 0 180 0.778343 26.191 0 -180 0 180 0 -0 0 180
inside=1 lambda=0.647 phi=30 theta=15
0 180 0 180 0 -180 0 -0 0.139017 -136.357 0 0 0 180 0 180 0 -180
0 -180 0 -180 0 180 0 0 0.849869 28.091 0 -0 0 -180 0 -180 0 180
0 180 0 -0 0 0 0 -180 0.0187908 29.5578 0 0 0 -0 0 180 0 -180
0 -180 0 180 0 -0 0 -180 0.0220076 56.2158 0 -0 0 0 0 -0 0 180
0 -180 0 -180 0 -0 0 -0 0.0187013 30.6532 0 180 0 0 0 0 0 -180
0 -180 0 180 0 0 0 180 0.0216669 55.1309 0 -0 0 -0 0 -0 0 180
0 -180 0 0 0 180 0 -180 0.202353 -139.198 0 -180 0 -180 0 0 0 -180
0 -180 0 0 0 -180 0 180 0.783412 26.3372 0 -180 0 180 0 -0 0 180
inside=1 lambda=0.647 phi=30 theta=30
0 180 0 180 0 -180 0 -0 0.152359 -137.25 0 0 0 180 0 180 0 -180
0 -180 0 -180 0 180 0 0 0.835684 27.7396 0 -0 0 -180 0 -180 0 180
0 180 0 -0 0 0 0 -180 0.0325161 29.8093 0 0 0 -0 0 180 0 -180
0 -180 0 180 0 -0 0 -180 0.0379508 55.883 0 -0 0 0 0 -0 0 180
0 -180 0 -180 0 -0 0 -0 0.0324286 30.4325 0 180 0 0 0 0 0 -180
0 -180 0 -180 0 0 0 180 0.037617 55.2614 0 -0 0 -0 0 -0 0 180
0 180 0 0 0 180 0 -180 0.188955 -138.844 0 -180 0 -180 0 0 0 -180
0 -180 0 0 0 -180 0 180 0.797314 26.7285 0 -180 0 180 0 -0 0 180
inside=1 lambda=0.647 phi=30 theta=45
0 180 0 -180 0 -180 0 0 0.170643 -138.178 0 0 0 180 0 180 0 -180
0 -180 0 180 0 180 0 0 0.816429 27.2442 0 -0 0 -180 0 -180 0 180
0 180 0 -0 0 0 0 -180 0.0374973 30.1287 0 0 0 -0 0 180 0 -180
0 -180 0 180 0 -0 0 -180 0.043607 55.5227 0 -0 0 0 0 -0 0 180
0 180 0 -180 0 -0 0 -0 0.0374973 30.1287 0 180 0 0 0 0 0 -180
0 -180 0 -180 0 0 0 180 0.043607 55.5227 0 -0 0 -0 0 -0 0 180
0 180 0 0 0 180 0 -180 0.170643 -138.178 0 180 0 -180 0 0 0 -180
0 -180 0 0 0 -180 0 180 0.816429 27.2442 0 -180 0 180 0 -0 0 180
inside=1 lambda=0.647 phi=35 theta=0
0 180 0 180 0 -180 0 -0 0.127117 -166.853 0 0 0 180 0 180 0 -180
0 -180 0 -180 0 180 0 0 0.870592 11.8062 0 -0 0 -180 0 -180 0 180
0 180 0 -0 0 0 0 -0 6.17794e-13 117.377 0 -0 0 -0 0 180 0 -180
0 -180 0 180 0 -0 0 180 9.12228e-13 -83.3774 0 0 0 0 0 -0 0 180
0 -180 0 -180 0 0 0 180 4.61434e-13 109.283 0 0 0 0 0 0 0 -180
0 180 0 180 0 -0 0 -180 1.23664e-12 -79.8929 0 -180 0 -0 0 -0 0 180
0 -180 0 0 0 -180 0 -180 0.236304 -167.518 0 -180 0 -180 0 0 0 -180
0 180 0 -0 0 180 0 180 0.760021 9.14821 0 180 0 180 0 -0 0 180
inside=1 lambda=0.647 phi=35 theta=15
0 180 0 180 0 -180 0 -0 0.1344 -167.041 0 0 0 180 0 180 0 -180
0 -180 0 -180 0 180 0 0 0.863059 11.6423 0 -0 0 -180 0 -180 0 180
0 180 0 -0 0 0 0 -180 0.0275612 5.45964 0 0 0 -0 0 180 0 -180
0 -180 0 180 0 -0 0 180 0.0313587 38.218 0 -0 0 0 0 -0 0 180
0 -180 0 -180 0 0 0 -0 0.0274581 7.24823 0 180 0 0 0 0 0 -180
0 180 0 180 0 0 0 180 0.0307195 36.7104 0 -0 0 -0 0 -0 0 180
0 -180 0 0 0 180 0 -180 0.229025 -167.586 0 -180 0 -180 0 0 0 -180
0 180 0 -0 0 -180 0 180 0.767299 9.34436 0 180 0 180 0 -0 0 180
inside=1 lambda=0.647 phi=35 theta=30
0 180 0 180 0 -180 0 -0 0.15436 -167.417 0 0 0 180 0 180 0 -180
0 -180 0 180 0 180 0 0 0.842578 11.1884 0 -0 0 -180 0 -180 0 180
0 180 0 -0 0 0 0 -180 0.0477214 5.87768 0 0 0 -0 0 180 0 -180
0 -180 0 180 0 -0 0 180 0.0539669 37.6927 0 -0 0 0 0 -0 0 180
0 -180 0 -180 0 -0 0 -0 0.0476254 6.88156 0 180 0 0 0 0 0 -180
0 -180 0 180 0 0 0 180 0.0533531 36.8335 0 -0 0 -0 0 -0 0 180
0 180 0 0 0 180 0 -180 0.209056 -167.696 0 -180 0 -180 0 0 0 -180
0 -180 0 -0 0 -180 0 180 0.787287 9.86603 0 180 0 180 0 -0 0 180
inside=1 lambda=0.647 phi=35 theta=45
0 180 0 -180 0 -180 0 0 0.181702 -167.671 0 0 0 180 0 180 0 -180
0 -180 0 180 0 180 0 0 0.814813 10.5448 0 -0 0 -180 0 -180 0 180
0 180 0 -0 0 0 0 -180 0.0550604 6.39291 0 0 0 -0 0 180 0 -180
0 -180 0 180 0 -0 0 180 0.0619056 37.167 0 -0 0 0 0 -0 0 180
0 180 0 -180 0 -0 0 -0 0.0550604 6.39291 0 180 0 0 0 0 0 -180
0 -180 0 180 0 0 0 180 0.0619056 37.167 0 -0 0 -0 0 -0 0 180
0 180 0 0 0 180 0 -180 0.181702 -167.671 0 180 0 -180 0 0 0 -180
0 -180 0 0 0 -180 0 180 0.814813 10.5448 0 -180 0 180 0 -0 0 180
inside=1 lambda=0.647 phi=40 theta=0
0 180 0 180 0 -180 0 -0 0.113221 156.356 0 0 0 180 0 180 0 -180
0 -180 0 -180 0 180 0 0 0.891012 -6.46079 0 -0 0 -180 0 -180 0 180
0 180 0 -0 0 0 0 180 2.24292e-13 -168.201 0 0 0 -0 0 180 0 -180
0 -180 0 0 0 -0 0 -0 1.11098e-13 -128.948 0 180 0 0 0 -180 0 180
0 -180 0 -180 0 0 0 -0 7.66065e-14 -95.4895 0 180 0 0 0 0 0 -180
0 180 0 180 0 -0 0 180 1.95197e-13 118.562 0 0 0 -0 0 -0 0 180
0 -180 0 0 0 -180 0 -180 0.256552 162.598 0 -180 0 -180 0 0 0 -180
0 180 0 -0 0 180 0 180 0.739921 -9.71265 0 180 0 180 0 -0 0 180
inside=1 lambda=0.647 phi=40 theta=15
0 180 0 180 0 -180 0 -0 0.122641 157.013 0 0 0 180 0 180 0 -180
0 -180 0 -180 0 180 0 0 0.880697 -6.66684 0 -0 0 -180 0 -180 0 180
0 180 0 -0 0 0 0 -180 0.0360448 -20.5265 0 0 0 -0 0 180 0 -180
0 -180 0 0 0 -0 0 180 0.0424872 18.5284 0 -0 0 0 0 -180 0 180
0 -180 0 -180 0 0 0 -0 0.0360224 -17.6353 0 0 0 0 0 0 0 -180
0 180 0 180 0 -0 0 0 0.0413733 16.4428 0 -180 0 -0 0 -0 0 180
0 -180 0 0 0 -180 0 -180 0.247032 162.22 0 -180 0 -180 0 0 0 -180
0 180 0 -0 0 180 0 180 0.749829 -9.47184 0 180 0 180 0 -0 0 180
inside=1 lambda=0.647 phi=40 theta=30
0 180 0 180 0 -180 0 -0 0.148691 158.432 0 0 0 180 0 180 0 -180
0 -180 0 180 0 180 0 0 0.852672 -7.22215 0 -0 0 -180 0 -180 0 180
0 180 0 -0 0 0 0 -180 0.0625254 -19.8398 0 0 0 -0 0 180 0 -180
0 -180 0 0 0 -0 0 180 0.0729058 17.6918 0 -0 0 0 0 -180 0 180
0 -180 0 -180 0 -0 0 -0 0.062522 -18.2532 0 0 0 0 0 0 0 -180
0 180 0 180 0 0 0 0 0.0718754 16.5114 0 -180 0 -0 0 -0 0 180
0 180 0 0 0 180 0 -180 0.220724 161.248 0 -180 0 -180 0 0 0 -180
0 -180 0 -0 0 -180 0 180 0.7771 -8.82982 0 180 0 180 0 -0 0 180
inside=1 lambda=0.647 phi=40 theta=45
0 180 0 -180 0 -180 0 -0 0.184635 159.933 0 0 0 180 0 180 0 -180
0 -180 0 180 0 180 0 -0 0.814709 -8.0016 0 -0 0 -180 0 180 0 180
0 180 0 -0 0 0 0 -180 0.0722451 -19.0266 0 0 0 -0 0 0 0 -180
0 -180 0 0 0 -0 0 180 0.0834657 16.9256 0 -0 0 0 0 -180 0 180
0 180 0 -180 0 -0 0 -0 0.0722451 -19.0266 0 0 0 0 0 0 0 -180
0 -180 0 180 0 0 0 0 0.0834657 16.9256 0 -180 0 -0 0 -0 0 180
0 180 0 -0 0 180 0 -180 0.184635 159.933 0 180 0 -180 0 0 0 -180
0 -180 0 -0 0 -180 0 180 0.814709 -8.0016 0 180 0 180 0 -0 0 180
inside=1 lambda=0.647 phi=45 theta=0
0 180 0 180 0 -180 0 -0 0.101464 111.055 0 0 0 180 0 180 0 -180
0 -180 0 -180 0 0 0.0120166 -96.3484 0.915857 -26.1898 0 -180 0 -180 0 -180 0 0
0 180 0 -0 0 0 0 -0 2.6993e-13 72.2515 0 -0 0 -0 0 180 0 -180
0 -180 0 0 0 -0 7.42395e-14 68.8216 2.48266e-13 154.785 0 -180 0 0 0 -180 0 180
0 -180 0 -180 0 0 0 180 1.35331e-13 60.9261 0 0 0 0 0 0 0 -180
0 180 0 180 0 -0 3.39462e-14 -128.373 1.50811e-13 80.462 0 180 0 -0 0 -0 0 180
0 -180 0 0 0 -180 0 -180 0.25723 129.941 0 -180 0 -180 0 0 0 -180
0 180 0 -0 0 180 0.0802397 109.614 0.71958 -30.1254 0 180 0 180 0 -0 0 180
inside=1 lambda=0.647 phi=45 theta=15
0 180 0 180 0 -180 0 -0 0.109946 113.543 0 0 0 180 0 180 0 -180
0 -180 0 180 0 0 0 -0 0.903188 -26.5058 0 -180 0 -180 0 -180 0 0
0 180 0 -0 0 0 0 -180 0.0407527 -49.7088 0 0 0 -0 0 180 0 -180
0 -180 0 0 0 -0 0 180 0.055463 -1.69 0 -180 0 0 0 -180 0 180
0 -180 0 -180 0 0 0 -0 0.0410183 -44.8618 0 0 0 0 0 0 0 -180
0 180 0 180 0 -0 0 0 0.0534964 -4.56503 0 -180 0 -0 0 -0 0 180
0 -180 0 0 0 -180 0 -180 0.247422 129.16 0 -180 0 -180 0 0 0 -180
0 180 0 -0 0 180 0 180 0.732765 -29.8867 0 180 0 180 0 -0 0 180
inside=1 lambda=0.647 phi=45 theta=30
0 180 0 180 0 -180 0 -0 0.137546 118.684 0 0 0 180 0 180 0 -180
0 -180 0 180 0 0 0 -0 0.86665 -27.209 0 -180 0 -180 0 -180 0 180
0 180 0 -0 0 0 0 -180 0.0710706 -48.5439 0 0 0 -0 0 0 0 -180
0 180 0 0 0 -0 0 180 0.0946667 -3.04765 0 -180 0 0 0 -180 0 180
0 -180 0 -180 0 -0 0 -0 0.0713733 -45.9932 0 0 0 0 0 0 0 -180
0 180 0 180 0 -0 0 0 0.0929851 -4.67029 0 -180 0 -0 0 -0 0 180
0 180 0 0 0 180 0 -180 0.217855 126.83 0 -180 0 -180 0 0 0 -180
0 180 0 -0 0 -180 0 180 0.768186 -29.131 0 180 0 0 0 -0 0 180
inside=1 lambda=0.647 phi=45 theta=45
0 180 0 -180 0 -180 0 -0 0.177243 123.346 0 0 0 180 0 180 0 -180
0 -180 0 180 0 0 0 -0 0.817169 -28.1445 0 -0 0 -180 0 180 0 180
0 180 0 -0 0 0 0 -180 0.0823863 -47.2418 0 0 0 -0 0 0 0 -180
0 180 0 0 0 -0 0 180 0.108082 -4.16635 0 -0 0 0 0 -180 0 180
0 180 0 -180 0 -0 0 -0 0.0823863 -47.2418 0 0 0 0 0 0 0 -180
0 180 0 180 0 0 0 0 0.108082 -4.16635 0 -180 0 -0 0 -0 0 180
0 180 0 -0 0 180 0 -180 0.177243 123.346 0 180 0 -180 0 0 0 -180
0 -180 0 -0 0 -180 0 180 0.817169 -28.1445 0 180 0 0 0 -0 0 180
