RSoft_BSDF_File_Version 2
1 0 5 2 1 0.64
0.3 0.3
-1 1
-1 1
1 0.647 0.647
10 0 45 0.5
4 0 45
Begin_Dispersion_Data
0.647 1.45662 0 1 0 0
End_Dispersion_Data
inside=0 lambda=0.647 phi=0 theta=0
0 -180 0 -180 0 -180 0 0 0.158796 19.2088 0 0 0 -180 0 -180 0 -180
0 -180 0 -180 0 -180 0 0 1.19159 33.3265 0 0 0 -180 0 -180 0 -180
0 -180 0 180 0 0 0 180 1.00289e-11 -144.436 0 180 0 0 0 180 0 -180
0 -180 0 -0 0 0 0 180 1.55658e-11 -62.3334 0 -180 0 0 0 0 0 -180
0 -180 0 180 0 0 0 180 8.11141e-12 -156.661 0 180 0 0 0 180 0 -180
0 -180 0 -0 0 0 0 -180 1.28098e-11 -55.5471 0 -180 0 0 0 -180 0 -180
0 -180 0 0 0 -180 0 -180 0.158796 19.2088 0 -180 0 -180 0 0 0 -180
0 -180 0 0 0 -180 0 -180 1.19159 33.3265 0 -180 0 -180 0 0 0 -180
inside=0 lambda=0.647 phi=0 theta=15
0 -180 0 -180 0 -180 0 0 0.158796 19.2088 0 0 0 -180 0 -180 0 -180
0 -180 0 -180 0 -180 0 0 1.19159 33.3265 0 0 0 -180 0 -180 0 -180
0 -180 0 180 0 0 0 180 1.00289e-11 -144.436 0 180 0 0 0 180 0 -180
0 -180 0 -0 0 0 0 180 1.55658e-11 -62.3334 0 -180 0 0 0 0 0 -180
0 -180 0 180 0 0 0 180 8.11141e-12 -156.661 0 180 0 0 0 180 0 -180
0 -180 0 -0 0 0 0 -180 1.28098e-11 -55.5471 0 -180 0 0 0 -180 0 -180
0 -180 0 0 0 -180 0 -180 0.158796 19.2088 0 -180 0 -180 0 0 0 -180
0 -180 0 0 0 -180 0 -180 1.19159 33.3265 0 -180 0 -180 0 0 0 -180
inside=0 lambda=0.647 phi=0 theta=30
0 -180 0 -180 0 -180 0 0 0.158796 19.2088 0 0 0 -180 0 -180 0 -180
0 -180 0 -180 0 -180 0 0 1.19159 33.3265 0 0 0 -180 0 -180 0 -180
0 -180 0 180 0 0 0 180 1.00289e-11 -144.436 0 180 0 0 0 180 0 -180
0 -180 0 -0 0 0 0 180 1.55658e-11 -62.3334 0 -180 0 0 0 0 0 -180
0 -180 0 180 0 0 0 180 8.11141e-12 -156.661 0 180 0 0 0 180 0 -180
0 -180 0 -0 0 0 0 -180 1.28098e-11 -55.5471 0 -180 0 0 0 -180 0 -180
0 -180 0 0 0 -180 0 -180 0.158796 19.2088 0 -180 0 -180 0 0 0 -180
0 -180 0 0 0 -180 0 -180 1.19159 33.3265 0 -180 0 -180 0 0 0 -180
inside=0 lambda=0.647 phi=0 theta=45
0 -180 0 -180 0 -180 0 0 0.158796 19.2088 0 0 0 -180 0 -180 0 -180
0 -180 0 -180 0 -180 0 0 1.19159 33.3265 0 0 0 -180 0 -180 0 -180
0 -180 0 180 0 0 0 180 1.00289e-11 -144.436 0 180 0 0 0 180 0 -180
0 -180 0 -0 0 0 0 180 1.55658e-11 -62.3334 0 -180 0 0 0 0 0 -180
0 -180 0 180 0 0 0 180 8.11141e-12 -156.661 0 180 0 0 0 180 0 -180
0 -180 0 -0 0 0 0 -180 1.28098e-11 -55.5471 0 -180 0 0 0 -180 0 -180
0 -180 0 0 0 -180 0 -180 0.158796 19.2088 0 -180 0 -180 0 0 0 -180
0 -180 0 0 0 -180 0 -180 1.19159 33.3265 0 -180 0 -180 0 0 0 -180
inside=0 lambda=0.647 phi=5 theta=0
0 -180 0 -180 0 -180 0 0 0.160232 18.3261 0 0 0 -180 0 -180 0 -180
0 -180 0 -180 0 -180 0 0 1.18874 30.8314 0 -0 0 -180 0 -180 0 -180
0 -180 0 -180 0 0 0 -0 2.21983e-13 -21.3874 0 -180 0 0 0 0 0 -180
0 -180 0 180 0 0 0 -180 9.97857e-13 -60.5381 0 -0 0 0 0 -0 0 -180
0 -180 0 -180 0 0 0 180 2.21657e-13 -68.1059 0 -180 0 0 0 0 0 -180
0 -180 0 -180 0 0 0 180 6.8726e-13 -72.4277 0 0 0 0 0 0 0 -180
0 -180 0 0 0 -180 0 -180 0.163977 18.2752 0 -180 0 -180 0 0 0 -180
0 -180 0 0 0 -180 0 -180 1.19314 30.7371 0 -180 0 -180 0 0 0 -180
inside=0 lambda=0.647 phi=5 theta=15
0 -180 0 -180 0 -180 0 0 0.160483 18.3225 0 0 0 -180 0 -180 0 -180
0 -180 0 -180 0 -180 0 0 1.18904 30.825 0 -0 0 -180 0 -180 0 -180
0 -180 0 -180 0 0 0 -180 0.000943976 -163.47 0 0 0 0 0 0 0 -180
0 -180 0 180 0 0 0 -180 0.00137929 173.466 0 -0 0 0 0 -0 0 -180
0 -180 0 -180 0 0 0 -180 0.000943931 -163.473 0 0 0 0 0 0 0 -180
0 -180 0 -180 0 0 0 180 0.00137655 173.576 0 -0 0 0 0 0 0 -180
0 -180 0 0 0 -180 0 -180 0.163727 18.2784 0 -180 0 -180 0 0 0 -180
0 -180 0 0 0 -180 0 -180 1.19284 30.7433 0 -180 0 -180 0 0 0 -180
inside=0 lambda=0.647 phi=5 theta=30
0 -180 0 -180 0 -180 0 0 0.161169 18.3129 0 0 0 -180 0 -180 0 -180
0 -180 0 -180 0 -180 0 0 1.18984 30.8076 0 -0 0 -180 0 -180 0 -180
0 -180 0 -180 0 0 0 -180 0.001635 -163.47 0 0 0 0 0 0 0 -180
0 -180 0 180 0 0 0 -180 0.00238798 173.49 0 -0 0 0 0 -0 0 -180
0 -180 0 -180 0 0 0 -180 0.00163495 -163.472 0 0 0 0 0 0 0 -180
0 -180 0 -180 0 0 0 180 0.00238524 173.553 0 -0 0 0 0 0 0 -180
0 -180 0 0 0 -180 0 -180 0.163042 18.2875 0 -180 0 -180 0 0 0 -180
0 -180 0 0 0 -180 0 -180 1.19204 30.7605 0 -180 0 -180 0 -0 0 -180
inside=0 lambda=0.647 phi=5 theta=45
0 -180 0 -180 0 -180 0 0 0.162105 18.3001 0 0 0 -180 0 -180 0 -180
0 -180 0 -180 0 -180 0 0 1.19094 30.784 0 -0 0 -180 0 -180 0 -180
0 -180 0 -180 0 0 0 -180 0.00188791 -163.471 0 0 0 0 0 0 0 -180
0 -180 0 180 0 0 0 -180 0.00275581 173.521 0 -0 0 0 0 -0 0 -180
0 -180 0 -180 0 0 0 -180 0.00188791 -163.471 0 0 0 0 0 0 0 -180
0 -180 0 -180 0 0 0 180 0.00275581 173.521 0 -0 0 0 0 -0 0 -180
0 -180 0 0 0 -180 0 -180 0.162105 18.3001 0 -180 0 -180 0 0 0 -180
0 -180 0 0 0 -180 0 -180 1.19094 30.784 0 -180 0 -180 0 -0 0 -180
inside=0 lambda=0.647 phi=10 theta=0
0 -180 0 -180 0 -180 0 0 0.162714 15.5 0 0 0 -180 0 -180 0 -180
0 -180 0 -180 0 180 0 0 1.1803 23.3415 0 -0 0 -180 0 -180 0 180
0 -180 0 -180 0 0 0 180 6.49364e-13 150.709 0 180 0 0 0 0 0 -180
0 -180 0 180 0 -0 0 180 5.63256e-13 -129.381 0 -180 0 0 0 -0 0 180
0 -180 0 -180 0 0 0 -0 2.46145e-13 13.17 0 -180 0 0 0 0 0 -180
0 -180 0 180 0 0 0 180 3.16069e-13 -79.0619 0 180 0 0 0 -0 0 -180
0 -180 0 0 0 -180 0 -180 0.178889 15.0534 0 -180 0 -180 0 0 0 -180
0 180 0 -0 0 -180 0 180 1.19802 22.9682 0 -180 0 180 0 -0 0 -180
inside=0 lambda=0.647 phi=10 theta=15
0 -180 0 -180 0 -180 0 0 0.163799 15.4664 0 0 0 -180 0 -180 0 -180
0 -180 0 -180 0 180 0 0 1.18148 23.3155 0 -0 0 -180 0 -180 0 180
0 -180 0 -180 0 0 0 -180 0.00407154 -168.707 0 0 0 0 0 0 0 -180
0 -180 0 180 0 -0 0 -180 0.00558265 165.702 0 -0 0 0 0 -0 0 180
0 -180 0 -180 0 0 0 -180 0.00407116 -168.726 0 180 0 0 0 0 0 -180
0 -180 0 180 0 0 0 180 0.00553603 166.166 0 -0 0 -0 0 -0 0 180
0 -180 0 0 0 -180 0 -180 0.177808 15.08 0 -180 0 -180 0 0 0 -180
0 -180 0 -0 0 -180 0 180 1.19683 22.9922 0 -180 0 180 0 -0 0 180
inside=0 lambda=0.647 phi=10 theta=30
0 -180 0 -180 0 -180 0 0 0.166764 15.3775 0 0 0 -180 0 -180 0 -180
0 -180 0 -180 0 180 0 0 1.18471 23.2451 0 -0 0 -180 0 -180 0 180
0 -180 0 -180 0 0 0 -180 0.00705203 -168.709 0 0 0 0 0 180 0 -180
0 -180 0 180 0 -0 0 -180 0.00965104 165.806 0 -0 0 0 0 -0 0 180
0 -180 0 -180 0 0 0 -180 0.00705166 -168.72 0 180 0 0 0 0 0 -180
0 -180 0 180 0 0 0 180 0.00960448 166.074 0 -0 0 -0 0 -0 0 180
0 -180 0 0 0 -180 0 -180 0.174852 15.1549 0 -180 0 -180 0 0 0 -180
0 -180 0 -0 0 -180 0 180 1.19357 23.0585 0 -180 0 180 0 -0 0 180
inside=0 lambda=0.647 phi=10 theta=45
0 -180 0 -180 0 -180 0 0 0.17081 15.2627 0 0 0 -180 0 -180 0 -180
0 -180 0 180 0 180 0 0 1.18914 23.1508 0 -0 0 -180 0 -180 0 180
0 -180 0 -180 0 0 0 -180 0.00814281 -168.713 0 0 0 0 0 180 0 -180
0 -180 0 180 0 -0 0 -180 0.0111164 165.943 0 -0 0 0 0 -0 0 180
0 -180 0 -180 0 0 0 -180 0.00814281 -168.713 0 180 0 0 0 0 0 -180
0 -180 0 -180 0 0 0 180 0.0111164 165.943 0 -0 0 -0 0 -0 0 180
0 -180 0 0 0 -180 0 -180 0.17081 15.2627 0 -180 0 -180 0 0 0 -180
0 -180 0 0 0 -180 0 180 1.18914 23.1508 0 -180 0 180 0 -0 0 180
inside=0 lambda=0.647 phi=15 theta=0
0 180 0 -180 0 -180 0 0 0.160779 10.624 0 0 0 180 0 -180 0 -180
0 -180 0 -180 0 180 0 -0 1.16646 10.8211 0 -0 0 -180 0 -180 0 180
0 -180 0 -0 0 0 0 -0 6.00326e-13 -145.093 0 0 0 0 0 180 0 -180
0 -180 0 180 0 -0 0 -180 4.69342e-13 -42.6199 0 0 0 0 0 -0 0 180
0 -180 0 -180 0 0 0 -0 3.40248e-13 -2.41135 0 0 0 0 0 0 0 -180
0 180 0 180 0 -0 0 -0 6.27171e-13 -6.6867 0 -0 0 -0 0 -0 0 180
0 -180 0 0 0 -180 0 -180 0.200475 8.66312 0 -180 0 -180 0 0 0 -180
0 180 0 -0 0 180 0 180 1.20748 10.0164 0 180 0 180 0 -0 0 180
inside=0 lambda=0.647 phi=15 theta=15
0 180 0 -180 0 -180 0 0 0.163439 10.4569 0 0 0 180 0 -180 0 -180
0 -180 0 -180 0 180 0 -0 1.16918 10.7614 0 -0 0 -180 0 -180 0 180
0 -180 0 -180 0 0 0 -180 0.0100207 -177.995 0 0 0 0 0 180 0 -180
0 -180 0 180 0 -0 0 180 0.012885 153.353 0 -0 0 0 0 -0 0 180
0 -180 0 -180 0 0 0 -180 0.0100218 -178.065 0 180 0 0 0 0 0 -180
0 180 0 180 0 -0 0 180 0.0126287 154.511 0 -0 0 -0 0 -0 0 180
0 -180 0 0 0 -180 0 -180 0.197821 8.76682 0 -180 0 -180 0 0 0 -180
0 180 0 -0 0 180 0 180 1.20471 10.0646 0 180 0 180 0 -0 0 180
inside=0 lambda=0.647 phi=15 theta=30
0 -180 0 -180 0 -180 0 0 0.170708 10.0327 0 0 0 180 0 -180 0 -180
0 -180 0 180 0 180 0 -0 1.17664 10.6028 0 -0 0 -180 0 -180 0 180
0 -180 0 -180 0 0 0 -180 0.0173577 -177.999 0 0 0 0 0 180 0 -180
0 -180 0 180 0 -0 0 180 0.0222066 153.631 0 -0 0 0 0 -0 0 180
0 -180 0 -180 0 0 0 -180 0.0173589 -178.039 0 180 0 0 0 0 0 -180
0 180 0 180 0 0 0 180 0.0219517 154.299 0 -0 0 -0 0 -0 0 180
0 -180 0 0 0 -180 0 -180 0.190564 9.06611 0 -180 0 -180 0 0 0 -180
0 180 0 -0 0 -180 0 180 1.19715 10.2006 0 180 0 180 0 -0 0 180
inside=0 lambda=0.647 phi=15 theta=45
0 -180 0 -180 0 -180 0 0 0.180639 9.51861 0 0 0 -180 0 -180 0 -180
0 -180 0 180 0 180 0 -0 1.18687 10.396 0 -0 0 -180 0 180 0 180
0 -180 0 -180 0 0 0 -180 0.0200442 -178.014 0 0 0 0 0 180 0 -180
0 -180 0 180 0 -0 0 180 0.0254854 153.982 0 -0 0 0 0 -0 0 180
0 -180 0 -180 0 0 0 -180 0.0200442 -178.014 0 180 0 0 0 0 0 -180
0 -180 0 180 0 0 0 180 0.0254854 153.982 0 -0 0 -0 0 -0 0 180
0 -180 0 0 0 -180 0 -180 0.180639 9.51861 0 -180 0 -180 0 0 0 -180
0 -180 0 -0 0 -180 0 180 1.18687 10.396 0 180 0 180 0 -0 0 180
inside=0 lambda=0.647 phi=20 theta=0
0 180 0 -180 0 -180 0 0 0.146873 4.89146 0 0 0 180 0 -180 0 -180
0 -180 0 -180 0 180 0 -0 1.14675 -6.85484 0 -0 0 -180 0 -180 0 180
0 180 0 -0 0 0 0 180 6.91372e-13 107.838 0 -180 0 -0 0 180 0 -180
0 -180 0 0 0 -0 0 -0 9.73043e-13 154.744 0 180 0 0 0 -180 0 180
0 -180 0 -180 0 0 0 -0 3.53966e-13 18.2266 0 180 0 0 0 0 0 -180
0 180 0 180 0 -0 0 -180 6.91563e-13 42.2663 0 0 0 -0 0 -0 0 180
0 -180 0 0 0 -180 0 -180 0.220167 -1.45951 0 -180 0 -180 0 0 0 -180
0 180 0 -0 0 180 0 180 1.2256 -8.15719 0 180 0 180 0 -0 0 180
inside=0 lambda=0.647 phi=20 theta=15
0 180 0 -180 0 -180 0 0 0.1517 4.24961 0 0 0 180 0 -180 0 -180
0 -180 0 180 0 180 0 -0 1.15197 -6.9643 0 -0 0 -180 0 -180 0 180
0 180 0 -0 0 0 0 -180 0.0188006 168.194 0 0 0 -0 0 180 0 -180
0 180 0 0 0 -0 0 180 0.0243198 137.009 0 -0 0 0 0 -180 0 180
0 -180 0 -180 0 0 0 -180 0.0188191 167.992 0 180 0 0 0 0 0 -180
0 180 0 180 0 -0 0 0 0.0234398 139.393 0 -180 0 -0 0 -0 0 180
0 -180 0 0 0 -180 0 -180 0.21523 -1.17416 0 -180 0 -180 0 0 0 -180
0 180 0 -0 0 180 0 180 1.22024 -8.09141 0 180 0 180 0 -0 0 180
inside=0 lambda=0.647 phi=20 theta=30
0 180 0 -180 0 -180 0 0 0.164987 2.71855 0 0 0 180 0 -180 0 -180
0 -180 0 180 0 180 0 -0 1.16626 -7.24554 0 -0 0 -180 0 180 0 180
0 -180 0 -180 0 0 0 -180 0.0325783 168.196 0 0 0 -0 0 180 0 -180
0 180 0 0 0 -0 0 180 0.0416888 137.638 0 -0 0 -0 0 -180 0 180
0 -180 0 -180 0 0 0 -180 0.0325972 168.083 0 180 0 0 0 0 0 -180
0 180 0 180 0 -0 0 0 0.0408261 139.006 0 -180 0 -0 0 -0 0 180
0 -180 0 0 0 180 0 -180 0.201726 -0.327999 0 -180 0 -180 0 0 0 -180
0 180 0 -0 0 180 0 180 1.20565 -7.89544 0 180 0 180 0 -0 0 180
inside=0 lambda=0.647 phi=20 theta=45
0 180 0 -180 0 -180 0 0 0.183303 1.03071 0 0 0 180 0 -180 0 -180
0 180 0 180 0 180 0 -0 1.18588 -7.59132 0 -0 0 -180 0 180 0 180
0 -180 0 -180 0 0 0 -180 0.0376335 168.162 0 0 0 -0 0 180 0 -180
0 180 0 0 0 -0 0 180 0.0475821 138.382 0 -0 0 -0 0 -180 0 180
0 -180 0 -180 0 -0 0 -180 0.0376335 168.162 0 180 0 0 0 0 0 -180
0 180 0 180 0 -0 0 0 0.0475821 138.382 0 -180 0 -0 0 -0 0 180
0 180 0 0 0 180 0 -180 0.183303 1.03071 0 -180 0 -180 0 0 0 -180
0 180 0 -0 0 -180 0 180 1.18588 -7.59132 0 180 0 180 0 -0 0 180
inside=0 lambda=0.647 phi=25 theta=0
0 180 0 180 0 -180 0 -0 0.119538 3.45033 0 0 0 180 0 180 0 -180
0 180 0 180 0 180 0 -0 1.11735 -29.9191 0 -0 0 180 0 180 0 180
0 180 0 -0 0 0 0 -0 4.37992e-13 23.1127 0 -180 0 -0 0 180 0 -180
0 180 0 0 0 -0 0 180 1.78505e-12 -134.997 0 180 0 -0 0 -180 0 180
0 -180 0 -180 0 0 0 180 7.33631e-13 -107.779 0 -180 0 0 0 0 0 -180
0 180 0 180 0 -0 0 180 2.29867e-12 -128.633 0 180 0 -0 0 -0 0 180
0 -180 0 0 0 -180 0 -180 0.219435 -14.7267 0 -180 0 -180 0 0 0 -180
0 180 0 -0 0 180 0 180 1.26274 -31.7873 0 180 0 180 0 -0 0 180
inside=0 lambda=0.647 phi=25 theta=15
0 180 0 180 0 -180 0 -0 0.125451 1.25871 0 0 0 180 0 180 0 -180
0 180 0 180 0 180 0 -0 1.12695 -30.1238 0 -0 0 180 0 180 0 180
0 180 0 -0 0 0 0 -180 0.0273867 149.428 0 0 0 -0 0 180 0 -180
0 180 0 0 0 -0 0 180 0.0436131 116.034 0 -0 0 -0 0 -180 0 180
0 -180 0 -180 0 0 0 -180 0.0274872 148.893 0 180 0 0 0 0 0 -180
0 180 0 180 0 -0 0 0 0.0412778 120.234 0 -180 0 -0 0 -0 0 180
0 -180 0 0 0 -180 0 -180 0.212445 -14.0308 0 -180 0 -180 0 0 0 -180
0 180 0 -0 0 180 0 180 1.25278 -31.7357 0 180 0 180 0 -0 0 180
inside=0 lambda=0.647 phi=25 theta=30
0 180 0 -180 0 -180 0 -0 0.142574 -3.59714 0 0 0 180 0 180 0 -180
0 180 0 180 0 180 0 -0 1.15324 -30.6091 0 -0 0 180 0 180 0 180
0 180 0 -180 0 0 0 -180 0.0475095 149.493 0 0 0 -0 0 180 0 -180
0 180 0 0 0 -0 0 180 0.0741593 117.275 0 -0 0 -0 0 -180 0 180
0 -180 0 -180 0 -0 0 -180 0.0476093 149.202 0 180 0 0 0 0 0 -180
0 180 0 180 0 -0 0 0 0.0719595 119.664 0 -180 0 -0 0 -0 0 180
0 -180 0 0 0 180 0 -180 0.193277 -11.942 0 -180 0 -180 0 0 0 -180
0 180 0 -0 0 180 0 180 1.22583 -31.5336 0 180 0 180 0 -0 0 180
inside=0 lambda=0.647 phi=25 theta=45
0 180 0 -180 0 -180 0 0 0.167443 -8.41158 0 0 0 180 0 180 0 -180
0 180 0 180 0 180 0 -0 1.18939 -31.1376 0 -0 0 180 0 180 0 180
0 -180 0 -180 0 0 0 -180 0.0549355 149.43 0 0 0 -0 0 180 0 -180
0 180 0 0 0 -0 0 180 0.084122 118.631 0 -0 0 -0 0 -180 0 180
0 -180 0 -180 0 -0 0 -180 0.0549355 149.43 0 180 0 0 0 0 0 -180
0 180 0 180 0 -0 0 0 0.084122 118.631 0 -180 0 -0 0 -0 0 180
0 180 0 0 0 180 0 -180 0.167443 -8.41158 0 180 0 -180 0 0 0 -180
0 180 0 -0 0 180 0 180 1.18939 -31.1376 0 180 0 180 0 -0 0 180
inside=0 lambda=0.647 phi=30 theta=0
0 180 0 180 0 -180 0.037477 -87.333 0.101841 14.4266 0 0 0 180 0 180 0 -180
0 180 0 180 0 0 0 -0 1.06464 -58.4536 0 -180 0 180 0 180 0 0
0 180 0 -0 0 0 1.82914e-13 152.22 7.87781e-13 -3.40465 0 180 0 -0 0 180 0 -180
0 180 0 0 0 -180 0 180 1.86535e-12 56.3729 0 -180 0 -0 0 -180 0 0
0 -180 0 -180 0 0 1.11486e-13 -122.439 3.03568e-13 76.2614 0 -0 0 0 0 0 0 -180
0 180 0 180 0 -0 0 -180 2.14975e-12 7.82543 0 -180 0 -0 0 -0 0 180
0 -180 0 0 0 -180 0.138231 -120.587 0.166534 -26.2012 0 -180 0 -180 0 0 0 -180
0 180 0 -0 0 180 0 0 1.33487 -61.7014 0 180 0 180 0 -0 0 180
inside=0 lambda=0.647 phi=30 theta=15
0 180 0 180 0 -180 0 -0 0.105842 9.55988 0 0 0 180 0 180 0 -180
0 180 0 180 0 0 0 -0 1.08539 -58.9656 0 -180 0 180 0 180 0 0
0 180 0 -0 0 0 0 -180 0.024529 125.681 0 0 0 -0 0 180 0 -180
0 180 0 0 0 -180 0 180 0.0811779 86.9487 0 -180 0 -0 0 -180 0 0
0 -180 0 -180 0 0 0 -180 0.0249544 123.805 0 180 0 0 0 0 0 -180
0 180 0 180 0 -0 0 0 0.0748186 92.8452 0 -180 0 -180 0 -180 0 180
0 -180 0 0 0 180 0 -180 0.16066 -23.5547 0 -180 0 -180 0 0 0 -180
0 180 0 -0 0 180 0 0 1.31914 -61.7634 0 180 0 0 0 -180 0 0
inside=0 lambda=0.647 phi=30 theta=30
0 180 0 180 0 -180 0 -0 0.112912 -0.241217 0 0 0 180 0 180 0 -180
0 180 0 180 0 0 0 -0 1.1339 -60.0968 0 -180 0 180 0 180 0 0
0 180 0 -0 0 0 0 -180 0.0427244 126.64 0 0 0 -0 0 180 0 -180
0 180 0 0 0 -180 0 180 0.13559 88.8957 0 -180 0 -0 0 -180 0 0
0 -180 0 -180 0 -0 0 -180 0.043077 125.712 0 180 0 0 0 0 0 -180
0 180 0 180 0 -0 0 0 0.130431 92.2598 0 -180 0 -180 0 -180 0 0
0 180 0 0 0 180 0 -180 0.146719 -18.3043 0 -180 0 -180 0 0 0 -180
0 180 0 -0 0 180 0 180 1.26859 -61.6757 0 180 0 0 0 -180 0 0
inside=0 lambda=0.647 phi=30 theta=45
0 180 0 -180 0 -180 0 -0 0.128158 -10.3115 0 0 0 180 0 180 0 -180
0 180 0 180 0 0 0 -0 1.20081 -61.095 0 -180 0 180 0 180 0 0
0 180 0 -180 0 0 0 -180 0.0495462 126.588 0 0 0 -0 0 180 0 -180
0 180 0 0 0 -180 0 180 0.15274 90.8723 0 -180 0 -0 0 -180 0 0
0 180 0 -180 0 -0 0 -180 0.0495462 126.588 0 180 0 0 0 0 0 -180
0 180 0 180 0 -0 0 0 0.15274 90.8723 0 -180 0 -180 0 -180 0 0
0 180 0 -0 0 180 0 -180 0.128158 -10.3115 0 180 0 -180 0 0 0 -180
0 180 0 -0 0 180 0 180 1.20081 -61.095 0 180 0 0 0 -180 0 0
inside=0 lambda=0.647 phi=35 theta=0
0 180 0 180 0 -180 0.11875 -78.3488 0.0993871 5.23642 0 0 0 180 0 180 0 -180
0 180 0 180 0 0 0 -0 0.969896 -92.7239 0 -180 0 180 0 180 0 0
0 180 0 -0 0 0 3.27457e-13 -172.963 1.58303e-12 1.78157 0 180 0 -0 0 180 0 -180
0 180 0 -0 0 -180 0 180 1.08189e-12 73.0746 0 -0 0 -0 0 180 0 0
0 -180 0 -180 0 0 2.59083e-13 -84.112 1.33209e-12 -10.6497 0 -0 0 0 0 0 0 -180
0 0 0 0 0 -180 0 180 1.73369e-12 -25.1792 0 -180 0 -180 0 -180 0 0
0 -180 0 0 0 -180 0.193113 -91.5566 0.120324 20.1049 0 -180 0 -180 0 0 0 -180
0 0 0 -180 0 0 0 0 1.44854 -100.499 0 0 0 0 0 -180 0 0
inside=0 lambda=0.647 phi=35 theta=15
0 180 0 180 0 -180 0.0895876 -85.7995 0.105723 6.84624 0 0 0 180 0 180 0 -180
0 180 0 180 0 0 0 -0 1.00347 -94.0336 0 -180 0 180 0 180 0 0
0 180 0 -0 0 0 0.013194 175.418 0.0153415 -108.316 0 0 0 -0 0 180 0 -180
0 180 0 -0 0 -180 0 180 0.152018 46.9946 0 -180 0 -0 0 180 0 0
0 -180 0 -180 0 0 0.0482331 -116.206 0.0137008 -107.953 0 180 0 0 0 0 0 -180
0 0 0 0 0 -180 0 -0 0.136879 52.8337 0 180 0 -180 0 -180 0 0
0 -180 0 0 0 180 0.17028 -102.844 0.123028 21.3828 0 -180 0 -180 0 0 0 -180
0 0 0 -180 0 0 0 0 1.41679 -100.698 0 0 0 0 0 -180 0 0
inside=0 lambda=0.647 phi=35 theta=30
0 180 0 180 0 -180 0 -0 0.117589 9.01574 0 0 0 180 0 180 0 -180
0 180 0 180 0 0 0 -0 1.09501 -96.9885 0 -180 0 180 0 180 0 0
0 180 0 -0 0 0 0 -180 0.0316102 -108.789 0 0 0 -0 0 180 0 -180
0 180 0 -0 0 -180 0 180 0.250569 47.8409 0 -180 0 -0 0 180 0 0
0 -180 0 -180 0 -0 0 -180 0.0300554 -107.26 0 180 0 0 0 0 0 -180
0 0 0 0 0 -0 0 -0 0.235438 51.7606 0 180 0 -180 0 -180 0 0
0 180 0 -0 0 180 0 -180 0.127962 20.6365 0 -180 0 -180 0 0 0 -180
0 180 0 -180 0 180 0 0 1.33268 -100.685 0 180 0 0 0 -180 0 0
inside=0 lambda=0.647 phi=35 theta=45
0 180 0 -180 0 -180 0 -0 0.123925 15.0436 0 0 0 180 0 180 0 -180
0 180 0 180 0 0 0 -0 1.21166 -99.5043 0 -180 0 180 0 180 0 0
0 180 0 -180 0 0 0 -180 0.0367328 -110.509 0 0 0 -0 0 180 0 -180
0 180 0 -0 0 -180 0 180 0.276872 50.1086 0 -180 0 -0 0 180 0 0
0 180 0 -180 0 -0 0 -180 0.0367328 -110.509 0 180 0 0 0 0 0 -180
0 180 0 180 0 -0 0 -0 0.276872 50.1086 0 180 0 -180 0 -180 0 0
0 180 0 -0 0 180 0 -180 0.123925 15.0436 0 180 0 -180 0 0 0 -180
0 180 0 -0 0 180 0 180 1.21166 -99.5043 0 180 0 0 0 -180 0 0
inside=0 lambda=0.647 phi=40 theta=0
0 180 0 180 0 -180 0.258031 -77.5884 0.114934 -117.827 0 0 0 180 0 180 0 -180
0 180 0 180 0 -0 0 -180 0.77241 -132.602 0 180 0 180 0 180 0 -0
0 180 0 -0 0 0 2.16862e-13 82.5421 9.90733e-13 -106.389 0 0 0 -0 0 180 0 -180
0 180 0 -0 0 180 0 180 8.50276e-13 131.353 0 0 0 -0 0 180 0 -0
0 -180 0 -180 0 0 3.17222e-13 148.446 1.00412e-12 -162.04 0 180 0 0 0 0 0 -180
0 0 0 0 0 -180 0 -0 4.19409e-14 -93.2973 0 -0 0 -180 0 -180 0 0
0 -180 0 0 0 -180 0.285493 -87.1888 0.433256 23.3245 0 -180 0 -180 0 0 0 -180
0 0 0 -180 0 0 0 -0 1.54795 -148.614 0 0 0 0 0 -180 0 0
inside=0 lambda=0.647 phi=40 theta=15
0 180 0 180 0 -180 0.198368 -86.7814 0.0960066 -91.813 0 0 0 180 0 180 0 -180
0 180 0 180 0 -0 0 -180 0.829348 -136.896 0 180 0 180 0 180 0 -0
0 180 0 -0 0 0 0.0398216 78.0913 0.131183 -142.082 0 0 0 -0 0 180 0 -180
0 180 0 -0 0 180 0 0 0.274647 -2.97464 0 180 0 -0 0 180 0 -0
0 -180 0 -180 0 -0 0.0919703 -112.539 0.131612 -143.753 0 180 0 0 0 0 0 -180
0 0 0 0 0 -180 0 -0 0.222004 5.93372 0 180 0 -180 0 -180 0 0
0 -180 0 0 0 180 0.230261 -98.0109 0.411543 22.4194 0 -180 0 -180 0 0 0 -180
0 0 0 -180 0 0 0 0 1.49294 -149.841 0 0 0 0 0 -180 0 0
inside=0 lambda=0.647 phi=40 theta=30
0 180 0 180 0 -180 0.0655923 -108.048 0.120147 -30.3974 0 0 0 180 0 180 0 -180
0 180 0 180 0 -0 0 -180 0.976363 -143.975 0 180 0 180 0 180 0 -0
0 180 0 -0 0 0 0.0121581 80.8415 0.241747 -141.14 0 0 0 -0 0 180 0 -180
0 180 0 -0 0 180 0 0 0.428417 -1.39219 0 180 0 -180 0 180 0 -0
0 180 0 180 0 -0 0.0837075 -141.997 0.239107 -141.843 0 180 0 0 0 0 0 -180
0 0 0 0 0 -180 0 -0 0.377057 3.26436 0 180 0 180 0 180 0 -0
0 180 0 -0 0 180 0.145455 -133.136 0.333524 16.4678 0 180 0 -180 0 0 0 -180
0 0 0 -180 0 0 0 0 1.34827 -150.457 0 0 0 -0 0 180 0 -0
inside=0 lambda=0.647 phi=40 theta=45
0 180 0 180 0 -180 0 -0 0.215453 1.92765 0 0 0 180 0 180 0 -180
0 180 0 180 0 -0 0 -180 1.16154 -148.967 0 180 0 0 0 0 0 -0
0 180 0 -180 0 0 0 180 0.286058 -142.628 0 0 0 -0 0 180 0 -180
0 0 0 -0 0 180 0 0 0.448029 0.95538 0 180 0 -180 0 180 0 -0
0 180 0 180 0 -0 0 -180 0.286058 -142.628 0 180 0 0 0 0 0 -180
0 0 0 0 0 -180 0 -0 0.448029 0.95538 0 180 0 180 0 180 0 -0
0 180 0 -0 0 180 0 180 0.215453 1.92765 0 180 0 -180 0 0 0 -180
0 180 0 -180 0 0 0 180 1.16154 -148.967 0 0 0 -0 0 180 0 -0
inside=0 lambda=0.647 phi=45 theta=0
0 0 0 0 0 -180 0.0302564 31.375 0.999489 126.559 0 0 0 0 0 0 0 -180
0 0 0 0 0 -180 0 -180 0 -180 0 0 0 0 0 0 0 -180
0 0 0 -180 0 0 9.89589e-13 -155.645 1.67207e-12 33.6821 0 180 0 -180 0 0 0 -180
0 0 0 -180 0 0 0 180 0 -0 0 0 0 -180 0 0 0 -180
0 180 0 180 0 -0 8.97178e-13 -96.6279 2.22116e-12 -88.5679 0 -180 0 -0 0 -0 0 180
0 -0 0 -0 0 180 0 0 0 -0 0 -180 0 180 0 180 0 -0
0 180 0 -0 0 180 0.0536309 45.1863 0.99871 -47.6731 0 180 0 180 0 -0 0 180
0 -0 0 180 0 -0 0 -0 0 180 0 -0 0 -0 0 180 0 -0
inside=0 lambda=0.647 phi=45 theta=15
0 0 0 0 0 -180 0.0262319 -107.121 0.898412 120.392 0 0 0 0 0 0 0 -180
0 0 0 0 0 -180 0 -180 0 -180 0 0 0 0 0 0 0 -180
0 0 0 -180 0 0 0.125757 -66.394 0.407039 114.928 0 0 0 -180 0 0 0 -180
0 0 0 -180 0 0 0 180 0 -0 0 0 0 -180 0 0 0 -180
0 180 0 180 0 -0 0.031936 -53.7441 0.456278 115.288 0 0 0 -0 0 -0 0 -180
0 -0 0 -0 0 180 0 -0 0 -0 0 0 0 180 0 180 0 -0
0 180 0 -0 0 180 0.0811506 7.32946 0.898577 -69.114 0 180 0 180 0 0 0 -180
0 -0 0 180 0 -0 0 -0 0 180 0 -0 0 -0 0 180 0 -0
inside=0 lambda=0.647 phi=45 theta=30
0 0 0 0 0 -180 0.0577455 -132.757 0.63582 127.684 0 0 0 0 0 0 0 -180
0 0 0 0 0 -180 0 -180 0 180 0 0 0 0 0 0 0 -180
0 0 0 -180 0 0 0.155554 -93.0024 0.739164 94.5295 0 0 0 -180 0 0 0 -180
0 0 0 -180 0 0 0 0 0 -0 0 0 0 -180 0 0 0 -180
0 180 0 180 0 -180 0.0573355 -106.979 0.793363 94.7259 0 0 0 0 0 0 0 -180
0 -0 0 -0 0 180 0 -0 0 -0 0 0 0 180 0 180 0 -0
0 0 0 -180 0 0 0.105557 -61.0018 0.636584 -117.407 0 0 0 -180 0 0 0 -180
0 0 0 180 0 -0 0 -0 0 180 0 -0 0 -0 0 180 0 -180
inside=0 lambda=0.647 phi=45 theta=45
0 0 0 -180 0 -180 0 -180 0.449392 177.08 0 0 0 0 0 0 0 -180
0 0 0 0 0 -0 0 -180 0 180 0 0 0 -0 0 -0 0 -180
0 0 0 -180 0 0 0 -180 0.893335 87.0798 0 0 0 -180 0 0 0 -180
0 0 0 -180 0 180 0 0 0 -0 0 180 0 180 0 0 0 -180
0 0 0 -180 0 -180 0 -180 0.893335 87.0798 0 0 0 0 0 0 0 -180
0 0 0 0 0 180 0 -180 0 -0 0 0 0 180 0 180 0 -180
0 0 0 -180 0 0 0 -180 0.449392 177.08 0 0 0 -180 0 0 0 -180
0 0 0 -180 0 -0 0 0 0 180 0 -0 0 -0 0 0 0 -180
inside=1 lambda=0.647 phi=0 theta=0
0 -180 0 -180 0 -180 0 0 0.158796 -132.556 0 0 0 -180 0 -180 0 -180
0 180 0 180 0 180 0 -0 0.818053 33.3265 0 -0 0 180 0 180 0 180
0 -180 0 -180 0 0 0 180 4.28093e-12 -82.121 0 180 0 0 0 -180 0 -180
0 -180 0 -0 0 0 0 -180 3.89794e-12 57.1871 0 -180 0 0 0 -0 0 -180
0 -180 0 180 0 0 0 -180 3.95632e-12 -79.4472 0 -180 0 0 0 180 0 -180
0 -180 0 -180 0 0 0 -180 3.00206e-12 52.9596 0 -0 0 0 0 -0 0 -180
0 -180 0 0 0 -180 0 -180 0.158796 -132.556 0 -180 0 -180 0 0 0 -180
0 180 0 -0 0 180 0 180 0.818053 33.3265 0 180 0 180 0 -0 0 180
inside=1 lambda=0.647 phi=0 theta=15
0 -180 0 -180 0 -180 0 0 0.158796 -132.556 0 0 0 -180 0 -180 0 -180
0 180 0 180 0 180 0 -0 0.818053 33.3265 0 -0 0 180 0 180 0 180
0 -180 0 -180 0 0 0 180 4.28093e-12 -82.121 0 180 0 0 0 -180 0 -180
0 -180 0 -0 0 0 0 -180 3.89794e-12 57.1871 0 -180 0 0 0 -0 0 -180
0 -180 0 180 0 0 0 -180 3.95632e-12 -79.4472 0 -180 0 0 0 180 0 -180
0 -180 0 -180 0 0 0 -180 3.00206e-12 52.9596 0 -0 0 0 0 -0 0 -180
0 -180 0 0 0 -180 0 -180 0.158796 -132.556 0 -180 0 -180 0 0 0 -180
0 180 0 -0 0 180 0 180 0.818053 33.3265 0 180 0 180 0 -0 0 180
inside=1 lambda=0.647 phi=0 theta=30
0 -180 0 -180 0 -180 0 0 0.158796 -132.556 0 0 0 -180 0 -180 0 -180
0 180 0 180 0 180 0 -0 0.818053 33.3265 0 -0 0 180 0 180 0 180
0 -180 0 -180 0 0 0 180 4.28093e-12 -82.121 0 180 0 0 0 -180 0 -180
0 -180 0 -0 0 0 0 -180 3.89794e-12 57.1871 0 -180 0 0 0 -0 0 -180
0 -180 0 180 0 0 0 -180 3.95632e-12 -79.4472 0 -180 0 0 0 180 0 -180
0 -180 0 -180 0 0 0 -180 3.00206e-12 52.9596 0 -0 0 0 0 -0 0 -180
0 -180 0 0 0 -180 0 -180 0.158796 -132.556 0 -180 0 -180 0 0 0 -180
0 180 0 -0 0 180 0 180 0.818053 33.3265 0 180 0 180 0 -0 0 180
inside=1 lambda=0.647 phi=0 theta=45
0 -180 0 -180 0 -180 0 0 0.158796 -132.556 0 0 0 -180 0 -180 0 -180
0 180 0 180 0 180 0 -0 0.818053 33.3265 0 -0 0 180 0 180 0 180
0 -180 0 -180 0 0 0 180 4.28093e-12 -82.121 0 180 0 0 0 -180 0 -180
0 -180 0 -0 0 0 0 -180 3.89794e-12 57.1871 0 -180 0 0 0 -0 0 -180
0 -180 0 180 0 0 0 -180 3.95632e-12 -79.4472 0 -180 0 0 0 180 0 -180
0 -180 0 -180 0 0 0 -180 3.00206e-12 52.9596 0 -0 0 0 0 -0 0 -180
0 -180 0 0 0 -180 0 -180 0.158796 -132.556 0 -180 0 -180 0 0 0 -180
0 180 0 -0 0 180 0 180 0.818053 33.3265 0 180 0 180 0 -0 0 180
inside=1 lambda=0.647 phi=5 theta=0
0 -180 0 -180 0 -180 0 0 0.159509 -134.494 0 0 0 -180 0 -180 0 -180
0 -180 0 180 0 180 0 -0 0.818784 32.1521 0 -0 0 -180 0 180 0 180
0 -180 0 -0 0 0 0 -0 7.71485e-13 158.188 0 -180 0 0 0 180 0 -180
0 -180 0 180 0 -0 0 -0 3.50127e-13 141.944 0 -0 0 0 0 -0 0 180
0 -180 0 -180 0 0 0 0 2.16292e-13 63.7064 0 -0 0 0 0 0 0 -180
0 -180 0 180 0 0 0 -0 6.86008e-13 -54.1545 0 0 0 0 0 -0 0 -180
0 -180 0 0 0 -180 0 -180 0.161245 -134.564 0 -180 0 -180 0 0 0 -180
0 180 0 -0 0 180 0 180 0.816899 32.1077 0 180 0 180 0 -0 0 180
inside=1 lambda=0.647 phi=5 theta=15
0 -180 0 -180 0 -180 0 0 0.159625 -134.499 0 0 0 -180 0 -180 0 -180
0 -180 0 180 0 180 0 -0 0.818658 32.1492 0 -0 0 -180 0 180 0 180
0 -180 0 -0 0 0 0 -180 0.000447773 33.1937 0 0 0 0 0 180 0 -180
0 -180 0 180 0 -0 0 180 0.000543263 61.8483 0 -0 0 0 0 -0 0 180
0 -180 0 -180 0 0 0 -0 0.000447685 33.2311 0 180 0 0 0 0 0 -180
0 -180 0 180 0 0 0 180 0.000542932 61.8067 0 -0 0 -0 0 -0 0 -180
0 -180 0 0 0 -180 0 -180 0.161128 -134.559 0 -180 0 -180 0 0 0 -180
0 180 0 -0 0 -180 0 180 0.817025 32.1107 0 180 0 180 0 -0 0 180
inside=1 lambda=0.647 phi=5 theta=30
0 -180 0 -180 0 -180 0 0 0.159943 -134.512 0 0 0 -180 0 -180 0 -180
0 -180 0 180 0 180 0 -0 0.818313 32.141 0 -0 0 -180 0 180 0 180
0 -180 0 -0 0 0 0 -180 0.000775534 33.2016 0 0 0 0 0 180 0 -180
0 -180 0 180 0 -0 0 180 0.000940836 61.8394 0 -0 0 0 0 -0 0 180
0 -180 0 -180 0 0 0 -0 0.000775446 33.2232 0 180 0 0 0 0 0 -180
0 -180 0 180 0 0 0 180 0.000940505 61.8154 0 -0 0 -0 0 -0 0 180
0 -180 0 0 0 -180 0 -180 0.160811 -134.547 0 -180 0 -180 0 0 0 -180
0 -180 0 -0 0 -180 0 180 0.81737 32.1188 0 180 0 180 0 -0 0 180
inside=1 lambda=0.647 phi=5 theta=45
0 -180 0 -180 0 -180 0 0 0.160377 -134.529 0 0 0 -180 0 -180 0 -180
0 -180 0 180 0 180 0 -0 0.817842 32.1299 0 -0 0 -180 0 180 0 180
0 -180 0 -0 0 0 0 -180 0.000895459 33.2124 0 0 0 0 0 180 0 -180
0 -180 0 180 0 -0 0 180 0.00108619 61.8274 0 -0 0 0 0 -0 0 180
0 -180 0 -180 0 0 0 -0 0.000895459 33.2124 0 180 0 0 0 0 0 -180
0 -180 0 180 0 0 0 180 0.00108619 61.8274 0 -0 0 -0 0 -0 0 180
0 -180 0 0 0 -180 0 -180 0.160377 -134.529 0 -180 0 -180 0 0 0 -180
0 -180 0 -0 0 -180 0 180 0.817842 32.1299 0 180 0 180 0 -0 0 180
inside=1 lambda=0.647 phi=10 theta=0
0 -180 0 -180 0 -180 0 0 0.161241 -140.23 0 0 0 -180 0 -180 0 -180
0 -180 0 180 0 180 0 -0 0.821065 28.6475 0 -0 0 -180 0 180 0 180
0 -180 0 -0 0 0 0 180 2.12752e-13 156.818 0 -0 0 0 0 180 0 -180
0 -180 0 180 0 -0 0 -0 6.97229e-13 -68.5843 0 180 0 0 0 -0 0 180
0 -180 0 -180 0 0 0 180 5.69149e-13 132.932 0 180 0 0 0 0 0 -180
0 180 0 180 0 -0 0 0 5.45769e-13 -24.2897 0 180 0 -0 0 -0 0 180
0 -180 0 0 0 -180 0 -180 0.168437 -140.454 0 -180 0 -180 0 0 0 -180
0 180 0 -0 0 180 0 180 0.813406 28.471 0 180 0 180 0 -0 0 180
inside=1 lambda=0.647 phi=10 theta=15
0 -180 0 -180 0 -180 0 0 0.161723 -140.246 0 0 0 -180 0 -180 0 -180
0 -180 0 180 0 180 0 -0 0.820551 28.6358 0 -0 0 -180 0 180 0 180
0 -180 0 -0 0 0 0 -180 0.00184654 28.4065 0 0 0 0 0 180 0 -180
0 -180 0 180 0 -0 0 180 0.00220085 57.9799 0 -0 0 0 0 -0 0 180
0 -180 0 -180 0 0 0 -0 0.00184522 28.563 0 180 0 0 0 0 0 -180
0 180 0 180 0 0 0 180 0.00219555 57.8137 0 -0 0 -0 0 -0 0 180
0 -180 0 0 0 -180 0 -180 0.167955 -140.441 0 -180 0 -180 0 0 0 -180
0 180 0 -0 0 180 0 180 0.813918 28.4829 0 180 0 180 0 -0 0 180
inside=1 lambda=0.647 phi=10 theta=30
0 -180 0 -180 0 -180 0 0 0.16304 -140.29 0 0 0 -180 0 -180 0 -180
0 -180 0 180 0 180 0 -0 0.819148 28.6037 0 -0 0 -180 0 180 0 180
0 -180 0 -0 0 0 0 -180 0.00319781 28.4398 0 0 0 0 0 180 0 -180
0 -180 0 180 0 -0 0 180 0.00380998 57.9433 0 -0 0 0 0 -0 0 180
0 -180 0 -180 0 0 0 -0 0.0031965 28.5301 0 180 0 0 0 0 0 -180
0 -180 0 180 0 0 0 180 0.00380468 57.8474 0 -0 0 -0 0 -0 0 180
0 -180 0 0 0 -180 0 -180 0.166639 -140.402 0 -180 0 -180 0 0 0 -180
0 -180 0 -0 0 -180 0 180 0.815318 28.5154 0 180 0 180 0 -0 0 180
inside=1 lambda=0.647 phi=10 theta=45
0 -180 0 -180 0 -180 0 0 0.16484 -140.347 0 0 0 -180 0 -180 0 -180
0 -180 0 180 0 180 0 -0 0.817232 28.5596 0 -0 0 -180 0 180 0 180
0 -180 0 -0 0 0 0 -180 0.00369176 28.4851 0 0 0 0 0 180 0 -180
0 -180 0 180 0 -0 0 180 0.00439629 57.8946 0 -0 0 0 0 -0 0 180
0 -180 0 -180 0 0 0 -0 0.00369176 28.4851 0 180 0 0 0 0 0 -180
0 -180 0 180 0 0 0 180 0.00439629 57.8946 0 -0 0 -0 0 -0 0 180
0 -180 0 0 0 -180 0 -180 0.16484 -140.347 0 -180 0 -180 0 0 0 -180
0 -180 0 -0 0 -180 0 180 0.817232 28.5596 0 180 0 180 0 -0 0 180
inside=1 lambda=0.647 phi=15 theta=0
0 -180 0 -180 0 -180 0 0 0.162778 -149.582 0 0 0 -180 0 -180 0 -180
0 -180 0 180 0 180 0 -0 0.825166 22.8663 0 -0 0 -180 0 180 0 180
0 -180 0 -0 0 0 0 -0 1.32239e-13 151.113 0 -0 0 0 0 180 0 -180
0 -180 0 180 0 -0 0 -0 2.6138e-13 -82.6638 0 0 0 0 0 -0 0 180
0 -180 0 -180 0 0 0 -0 3.16876e-13 -112.154 0 180 0 0 0 0 0 -180
0 180 0 180 0 -0 0 0 3.89437e-13 -69.7027 0 -180 0 -0 0 -0 0 180
0 -180 0 0 0 -180 0 -180 0.179794 -149.879 0 -180 0 -180 0 0 0 -180
0 180 0 -0 0 180 0 180 0.807508 22.4757 0 180 0 180 0 -0 0 180
inside=1 lambda=0.647 phi=15 theta=15
0 -180 0 -180 0 -180 0 0 0.163919 -149.608 0 0 0 -180 0 -180 0 -180
0 -180 0 180 0 180 0 -0 0.823979 22.8406 0 -0 0 -180 0 180 0 180
0 -180 0 -0 0 0 0 -180 0.00433275 20.6852 0 0 0 0 0 180 0 -180
0 -180 0 180 0 -0 0 180 0.00504941 51.5667 0 -0 0 0 0 -0 0 180
0 -180 0 -180 0 0 0 -0 0.00432695 21.0627 0 180 0 0 0 0 0 -180
0 180 0 180 0 -0 0 180 0.0050226 51.1916 0 -0 0 -0 0 -0 0 180
0 -180 0 0 0 -180 0 -180 0.178655 -149.865 0 -180 0 -180 0 0 0 -180
0 180 0 -0 0 180 0 180 0.808687 22.5024 0 180 0 180 0 -0 0 180
inside=1 lambda=0.647 phi=15 theta=30
0 -180 0 -180 0 -180 0 0 0.167035 -149.673 0 0 0 -180 0 -180 0 -180
0 -180 0 180 0 180 0 -0 0.820739 22.77 0 -0 0 -180 0 180 0 180
0 -180 0 -0 0 0 0 -180 0.00750244 20.7663 0 0 0 0 0 180 0 -180
0 -180 0 180 0 -0 0 180 0.00873529 51.4798 0 -0 0 0 0 -0 0 180
0 -180 0 -180 0 0 0 -0 0.00749665 20.984 0 180 0 0 0 0 0 -180
0 180 0 180 0 0 0 180 0.00870851 51.2633 0 -0 0 -0 0 -0 0 180
0 -180 0 0 0 -180 0 -180 0.175543 -149.821 0 -180 0 -180 0 0 0 -180
0 180 0 -0 0 -180 0 180 0.811911 22.5748 0 180 0 180 0 -0 0 180
inside=1 lambda=0.647 phi=15 theta=45
0 -180 0 -180 0 -180 0 0 0.17129 -149.753 0 0 0 -180 0 -180 0 -180
0 -180 0 180 0 180 0 -0 0.816321 22.6729 0 -0 0 -180 0 180 0 180
0 -180 0 -0 0 0 0 -180 0.00865974 20.8758 0 0 0 0 0 180 0 -180
0 -180 0 180 0 -0 0 180 0.0100708 51.3677 0 -0 0 0 0 -0 0 180
0 -180 0 -180 0 0 0 -0 0.00865974 20.8758 0 180 0 0 0 0 0 -180
0 -180 0 180 0 0 0 180 0.0100708 51.3677 0 -0 0 -0 0 -0 0 180
0 -180 0 0 0 -180 0 -180 0.17129 -149.753 0 -180 0 -180 0 0 0 -180
0 -180 0 -0 0 -180 0 180 0.816321 22.6729 0 180 0 180 0 -0 0 180
inside=1 lambda=0.647 phi=20 theta=0
0 180 0 -180 0 -180 0 0 0.162218 -162.404 0 0 0 180 0 -180 0 -180
0 -180 0 180 0 180 0 -0 0.831546 14.893 0 -0 0 -180 0 180 0 180
0 -180 0 -0 0 0 0 -0 3.37317e-13 139.947 0 -0 0 0 0 180 0 -180
0 -180 0 180 0 -0 0 180 1.92008e-13 127.947 0 -180 0 0 0 -0 0 180
0 -180 0 -180 0 0 0 180 3.38917e-13 -126.621 0 -180 0 0 0 0 0 -180
0 180 0 180 0 -0 0 0 7.80386e-14 -171.056 0 -0 0 -0 0 -0 0 180
0 -180 0 0 0 -180 0 -180 0.194021 -162.402 0 -180 0 -180 0 0 0 -180
0 180 0 -0 0 180 0 180 0.799182 14.2222 0 180 0 180 0 -0 0 180
inside=1 lambda=0.647 phi=20 theta=15
0 180 0 -180 0 -180 0 0 0.164352 -162.417 0 0 0 180 0 -180 0 -180
0 -180 0 180 0 180 0 -0 0.829366 14.8494 0 -0 0 -180 0 180 0 180
0 -180 0 -0 0 0 0 -180 0.00803039 10.3222 0 0 0 0 0 180 0 -180
0 -180 0 180 0 -0 0 180 0.00919287 42.7026 0 -0 0 0 0 -0 0 180
0 -180 0 -180 0 0 0 -0 0.00801642 11.0575 0 180 0 0 0 0 0 -180
0 180 0 180 0 -0 0 180 0.00910852 42.0276 0 -0 0 -0 0 -0 0 180
0 -180 0 0 0 -180 0 -180 0.191896 -162.414 0 -180 0 -180 0 0 0 -180
0 180 0 -0 0 180 0 180 0.801337 14.2685 0 180 0 180 0 -0 0 180
inside=1 lambda=0.647 phi=20 theta=30
0 -180 0 -180 0 -180 0 0 0.170179 -162.441 0 0 0 180 0 -180 0 -180
0 -180 0 180 0 180 0 -0 0.823418 14.7294 0 -0 0 -180 0 180 0 180
0 -180 0 -0 0 0 0 -180 0.0139042 10.4821 0 0 0 0 0 180 0 -180
0 -180 0 180 0 -0 0 180 0.0158874 42.5349 0 -0 0 0 0 -0 0 180
0 -180 0 -180 0 0 0 -0 0.0138903 10.9054 0 180 0 0 0 0 0 -180
0 180 0 180 0 -0 0 180 0.0158034 42.1457 0 -0 0 -0 0 -0 0 180
0 -180 0 0 0 -180 0 -180 0.186083 -162.438 0 -180 0 -180 0 0 0 -180
0 180 0 -0 0 -180 0 180 0.807236 14.394 0 180 0 180 0 -0 0 180
inside=1 lambda=0.647 phi=20 theta=45
0 -180 0 -180 0 -180 0 0 0.178135 -162.451 0 0 0 -180 0 -180 0 -180
0 -180 0 180 0 180 0 -0 0.815315 14.5631 0 -0 0 -180 0 180 0 180
0 -180 0 -0 0 0 0 -180 0.0160473 10.6957 0 0 0 0 0 180 0 -180
0 180 0 180 0 -0 0 180 0.0182943 42.3279 0 -0 0 0 0 -0 0 180
0 -180 0 -180 0 0 0 -0 0.0160473 10.6957 0 180 0 0 0 0 0 -180
0 180 0 180 0 0 0 180 0.0182943 42.3279 0 -0 0 -0 0 -0 0 180
0 -180 0 0 0 -180 0 -180 0.178135 -162.451 0 -180 0 -180 0 0 0 -180
0 -180 0 -0 0 -180 0 180 0.815315 14.5631 0 180 0 180 0 -0 0 180
inside=1 lambda=0.647 phi=25 theta=0
0 180 0 -180 0 -180 0 0 0.157355 -178.761 0 0 0 180 0 -180 0 -180
0 -180 0 180 0 180 0 -0 0.84081 4.83764 0 -0 0 -180 0 180 0 180
0 180 0 -0 0 0 0 0 6.10085e-14 -164.78 0 -180 0 -0 0 180 0 -180
0 -180 0 180 0 -0 0 0 4.42538e-14 162.927 0 0 0 0 0 -0 0 180
0 -180 0 -180 0 0 0 0 4.78952e-14 -15.8865 0 -0 0 0 0 0 0 -180
0 180 0 180 0 -0 0 0 1.96825e-13 65.1033 0 0 0 -0 0 -0 0 180
0 -180 0 0 0 -180 0 -180 0.208769 -177.627 0 -180 0 -180 0 0 0 -180
0 180 0 -0 0 180 0 180 0.788562 3.84957 0 180 0 180 0 -0 0 180
inside=1 lambda=0.647 phi=25 theta=15
0 180 0 -180 0 -180 0 0 0.160802 -178.696 0 0 0 180 0 -180 0 -180
0 -180 0 180 0 180 0 -0 0.837282 4.77429 0 -0 0 -180 0 180 0 180
0 -180 0 -0 0 0 0 -180 0.0128877 -2.41561 0 0 0 -0 0 180 0 -180
0 -180 0 180 0 -0 0 180 0.014727 31.5965 0 -0 0 0 0 -0 0 180
0 -180 0 -180 0 0 0 -0 0.01287 -1.13006 0 0 0 0 0 0 0 -180
0 180 0 180 0 -0 0 180 0.0145226 30.5124 0 -0 0 -0 0 -0 0 180
0 -180 0 0 0 -180 0 -180 0.205336 -177.717 0 -180 0 -180 0 0 0 -180
0 180 0 -0 0 180 0 180 0.792034 3.91873 0 180 0 180 0 -0 0 180
inside=1 lambda=0.647 phi=25 theta=30
0 180 0 -180 0 -180 0 0 0.170223 -178.512 0 0 0 180 0 -180 0 -180
0 -180 0 180 0 180 0 -0 0.827665 4.59932 0 -0 0 -180 0 180 0 180
0 -180 0 -0 0 0 0 -180 0.0223176 -2.13175 0 0 0 -0 0 180 0 -180
0 180 0 180 0 -0 0 180 0.0254163 31.3026 0 -0 0 0 0 -0 0 180
0 -180 0 -180 0 0 0 -0 0.0223006 -1.39493 0 180 0 0 0 0 0 -180
0 180 0 180 0 -0 0 180 0.0252141 30.6789 0 -0 0 -0 0 -0 0 180
0 -180 0 0 0 -180 0 -180 0.195942 -177.949 0 -180 0 -180 0 0 0 -180
0 180 0 -0 0 180 0 180 0.801541 4.10553 0 180 0 180 0 -0 0 180
inside=1 lambda=0.647 phi=25 theta=45
0 -180 0 -180 0 -180 0 0 0.183089 -178.243 0 0 0 180 0 -180 0 -180
0 -180 0 180 0 180 0 -0 0.814576 4.35543 0 -0 0 -180 0 180 0 180
0 -180 0 -0 0 0 0 -180 0.0257616 -1.75851 0 0 0 0 0 180 0 -180
0 180 0 180 0 -0 0 180 0.0292225 30.9593 0 -0 0 -0 0 -0 0 180
0 -180 0 -180 0 0 0 -0 0.0257616 -1.75851 0 180 0 0 0 0 0 -180
0 180 0 180 0 -0 0 180 0.0292225 30.9593 0 -0 0 -0 0 -0 0 180
0 -180 0 0 0 180 0 -180 0.183089 -178.243 0 -180 0 -180 0 0 0 -180
0 -180 0 -0 0 -180 0 180 0.814576 4.35543 0 180 0 180 0 -0 0 180
inside=1 lambda=0.647 phi=30 theta=0
0 180 0 180 0 -180 0 0 0.146542 160.857 0 0 0 180 0 180 0 -180
0 -180 0 180 0 180 0 -0 0.853565 -7.1632 0 -0 0 -180 0 180 0 180
0 180 0 -0 0 0 0 0 2.36639e-13 -153.607 0 -0 0 -0 0 180 0 -180
0 180 0 0 0 -0 0 180 2.15921e-13 118.239 0 -180 0 -0 0 -180 0 180
0 -180 0 -180 0 0 0 -0 2.57191e-13 -39.3018 0 -0 0 0 0 0 0 -180
0 180 0 180 0 -0 0 0 3.94374e-13 108.357 0 -180 0 -0 0 -0 0 180
0 -180 0 0 0 -180 0 -180 0.220372 164.694 0 -180 0 -180 0 0 0 -180
0 180 0 -0 0 180 0 180 0.776058 -8.47317 0 180 0 180 0 -0 0 180
inside=1 lambda=0.647 phi=30 theta=15
0 180 0 180 0 -180 0 0 0.15147 161.152 0 0 0 180 0 180 0 -180
0 -180 0 180 0 180 0 -0 0.84832 -7.24692 0 -0 0 -180 0 180 0 180
0 180 0 -0 0 0 0 -180 0.0184439 -17.3722 0 0 0 -0 0 180 0 -180
0 180 0 0 0 -0 0 180 0.0217076 18.6296 0 -0 0 0 0 -180 0 180
0 -180 0 -180 0 0 0 -0 0.0184578 -15.2524 0 0 0 0 0 0 0 -180
0 180 0 180 0 -0 0 0 0.021285 16.9904 0 -180 0 -0 0 -0 0 180
0 -180 0 0 0 -180 0 -180 0.215438 164.447 0 -180 0 -180 0 0 0 -180
0 180 0 -0 0 180 0 180 0.781198 -8.38079 0 180 0 180 0 -0 0 180
inside=1 lambda=0.647 phi=30 theta=30
0 180 0 -180 0 -180 0 0 0.164961 161.91 0 0 0 180 0 180 0 -180
0 -180 0 180 0 180 0 -0 0.834033 -7.4777 0 -0 0 -180 0 180 0 180
0 -180 0 -0 0 0 0 -180 0.0319612 -16.8968 0 0 0 -0 0 0 0 -180
0 180 0 0 0 -0 0 180 0.0373914 18.1382 0 -0 0 -0 0 -180 0 180
0 -180 0 -180 0 0 0 -0 0.0319776 -15.6915 0 0 0 0 0 0 0 -180
0 180 0 180 0 -0 0 0 0.0369784 17.1986 0 -180 0 -0 0 -0 0 180
0 -180 0 0 0 -180 0 -180 0.201925 163.782 0 -180 0 -180 0 0 0 -180
0 180 0 -0 0 180 0 180 0.79528 -8.13165 0 180 0 180 0 -0 0 180
inside=1 lambda=0.647 phi=30 theta=45
0 -180 0 -180 0 -180 0 0 0.183435 162.868 0 0 0 180 0 -180 0 -180
0 180 0 180 0 180 0 -0 0.814606 -7.79984 0 -0 0 -180 0 180 0 180
0 -180 0 -0 0 0 0 -180 0.0369214 -16.2846 0 0 0 -0 0 0 0 -180
0 180 0 0 0 -0 0 180 0.0429106 17.5993 0 -0 0 -0 0 -180 0 180
0 -180 0 -180 0 -0 0 -0 0.0369214 -16.2846 0 0 0 0 0 0 0 -180
0 180 0 180 0 -0 0 0 0.0429106 17.5993 0 -180 0 -0 0 -0 0 180
0 -180 0 0 0 180 0 -180 0.183435 162.868 0 -180 0 -180 0 0 0 -180
0 180 0 -0 0 -180 0 180 0.814606 -7.79984 0 180 0 180 0 -0 0 180
inside=1 lambda=0.647 phi=35 theta=0
0 180 0 180 0 -180 0 0 0.130233 135.274 0 0 0 180 0 180 0 -180
0 -180 0 180 0 180 0 -0 0.870237 -20.9303 0 -0 0 -180 0 180 0 180
0 180 0 -0 0 0 0 -0 2.00779e-13 22.0266 0 180 0 -0 0 180 0 -180
0 180 0 0 0 -0 0 180 6.19169e-13 -118.192 0 -180 0 -0 0 -180 0 180
0 -180 0 -180 0 0 0 -0 1.32487e-13 74.0404 0 180 0 0 0 0 0 -180
0 180 0 180 0 -0 0 0 5.91625e-13 -116.444 0 -180 0 -0 0 -0 0 180
0 -180 0 0 0 -180 0 -180 0.223803 144.558 0 -180 0 -180 0 0 0 -180
0 180 0 -0 0 180 0 180 0.762333 -22.5668 0 180 0 180 0 -0 0 180
inside=1 lambda=0.647 phi=35 theta=15
0 180 0 180 0 -180 0 0 0.136354 136.127 0 0 0 180 0 180 0 -180
0 -180 0 180 0 180 0 -0 0.86292 -21.0384 0 -0 0 -180 0 180 0 180
0 180 0 -0 0 0 0 -180 0.0235336 -34.6101 0 0 0 -0 0 0 0 -180
0 180 0 0 0 -0 0 180 0.0301775 4.39377 0 -0 0 -0 0 -180 0 180
0 -180 0 -180 0 0 0 -0 0.0236893 -31.1908 0 0 0 0 0 0 0 -180
0 180 0 180 0 -0 0 0 0.0293754 1.99651 0 -180 0 -0 0 -0 0 180
0 -180 0 0 0 -180 0 -180 0.217509 144.033 0 -180 0 -180 0 0 0 -180
0 180 0 -0 0 180 0 180 0.769471 -22.4534 0 180 0 180 0 -0 0 180
inside=1 lambda=0.647 phi=35 theta=30
0 180 0 -180 0 -180 0 0 0.153255 138.177 0 0 0 180 0 180 0 -180
0 180 0 180 0 180 0 -0 0.843004 -21.3306 0 -0 0 -180 0 180 0 180
0 180 0 -0 0 0 0 -180 0.040859 -33.833 0 0 0 -0 0 0 0 -180
0 180 0 0 0 -0 0 180 0.0518303 3.59044 0 -0 0 -0 0 -180 0 180
0 -180 0 -180 0 0 0 -0 0.0410213 -31.9161 0 0 0 0 0 0 0 -180
0 180 0 180 0 -0 0 0 0.0510642 2.22371 0 -180 0 -0 0 -0 0 180
0 -180 0 0 0 180 0 -180 0.200233 142.599 0 -180 0 -180 0 0 0 -180
0 180 0 -0 0 180 0 180 0.789051 -22.1451 0 180 0 180 0 -0 0 180
inside=1 lambda=0.647 phi=35 theta=45
0 -180 0 -180 0 -180 0 0 0.176645 140.533 0 0 0 180 0 -180 0 -180
0 180 0 180 0 180 0 -0 0.815948 -21.7328 0 -0 0 -180 0 180 0 180
0 -180 0 -0 0 0 0 -180 0.0472964 -32.8589 0 0 0 -0 0 0 0 -180
0 180 0 0 0 -0 0 180 0.0593368 2.77002 0 -0 0 -0 0 -180 0 180
0 -180 0 -180 0 -0 0 -0 0.0472964 -32.8589 0 0 0 0 0 0 0 -180
0 180 0 180 0 -0 0 0 0.0593368 2.77002 0 -180 0 -0 0 -0 0 180
0 -180 0 0 0 180 0 -180 0.176645 140.533 0 -180 0 -180 0 0 0 -180
0 180 0 -0 0 -180 0 180 0.815948 -21.7328 0 180 0 180 0 -0 0 180
inside=1 lambda=0.647 phi=40 theta=0
0 180 0 180 0 -180 0 0 0.113085 102.734 0 0 0 180 0 180 0 -180
0 -180 0 180 0 0 0 -0 0.891026 -36.2011 0 -180 0 -180 0 180 0 0
0 180 0 -0 0 0 0 0 2.59933e-13 -4.04863 0 180 0 -0 0 180 0 -180
0 180 0 0 0 -180 0 180 2.76901e-13 -41.1001 0 -0 0 -0 0 -180 0 0
0 -180 0 -180 0 0 0 -0 2.63048e-14 -52.9958 0 -180 0 0 0 0 0 -180
0 180 0 180 0 -0 0 180 1.22309e-13 80.0785 0 -180 0 -0 0 -0 0 180
0 -180 0 0 0 -180 0 -180 0.21295 121.477 0 -180 0 -180 0 0 0 -180
0 180 0 -0 0 180 0 180 0.747984 -38.2653 0 180 0 180 0 -0 0 180
inside=1 lambda=0.647 phi=40 theta=15
0 180 0 180 0 -180 0 0 0.119164 104.654 0 0 0 180 0 180 0 -180
0 180 0 180 0 0 0 -0 0.881296 -36.3543 0 -180 0 -180 0 180 0 0
0 180 0 -0 0 0 0 -180 0.0259575 -54.6563 0 0 0 -0 0 0 0 -180
0 180 0 0 0 -180 0 180 0.0403642 -10.346 0 -180 0 -0 0 -180 0 0
0 -180 0 -180 0 0 0 -0 0.0265086 -48.9954 0 0 0 0 0 0 0 -180
0 180 0 180 0 -0 0 0 0.0388633 -13.76 0 -180 0 -0 0 -0 0 180
0 -180 0 0 0 -180 0 -180 0.206113 120.477 0 -180 0 -180 0 0 0 -180
0 180 0 -0 0 180 0 180 0.757408 -38.1343 0 180 0 180 0 -0 0 180
inside=1 lambda=0.647 phi=40 theta=30
0 180 0 180 0 -180 0 0 0.136538 109.053 0 0 0 180 0 180 0 -180
0 180 0 180 0 0 0 -0 0.854846 -36.7423 0 -180 0 -180 0 180 0 0
0 180 0 -0 0 0 0 -180 0.0452928 -53.3631 0 0 0 -0 0 0 0 -180
0 180 0 0 0 -180 0 180 0.0689829 -11.6375 0 -180 0 -0 0 -180 0 180
0 -180 0 -180 0 0 0 -0 0.0458505 -50.2654 0 0 0 0 0 0 0 -180
0 180 0 180 0 -0 0 0 0.0676062 -13.5714 0 -180 0 -0 0 -0 0 180
0 -180 0 0 0 180 0 -180 0.187151 117.775 0 -180 0 -180 0 0 0 -180
0 180 0 -0 0 180 0 180 0.783314 -37.7626 0 180 0 0 0 -180 0 180
inside=1 lambda=0.647 phi=40 theta=45
0 180 0 -180 0 -180 0 0 0.161445 113.811 0 0 0 180 0 180 0 -180
0 180 0 180 0 0 0 -0 0.818957 -37.2521 0 -180 0 -180 0 180 0 0
0 -180 0 -0 0 0 0 -180 0.0526861 -51.7936 0 0 0 -0 0 0 0 -180
0 180 0 0 0 -180 0 180 0.0786946 -12.8556 0 -180 0 -0 0 -180 0 180
0 -180 0 -180 0 -0 0 -0 0.0526861 -51.7936 0 0 0 0 0 0 0 -180
0 180 0 180 0 -0 0 0 0.0786946 -12.8556 0 -180 0 -180 0 -180 0 180
0 180 0 0 0 180 0 -180 0.161445 113.811 0 180 0 -180 0 0 0 -180
0 180 0 -0 0 -180 0 180 0.818957 -37.2521 0 180 0 0 0 -180 0 0
inside=1 lambda=0.647 phi=45 theta=0
0 180 0 180 0 -180 0 -0 0.105786 63.4183 0 0 0 180 0 180 0 -180
0 180 0 180 0 0 0.0148995 -128.017 0.915065 -52.5121 0 -180 0 180 0 180 0 0
0 180 0 -0 0 0 0 0 1.43973e-13 2.37418 0 -180 0 -0 0 180 0 -180
0 180 0 0 0 -180 3.8084e-13 -133.883 2.94366e-14 -164.13 0 0 0 -0 0 -180 0 0
0 -180 0 -180 0 0 0 -0 2.82252e-14 77.892 0 180 0 0 0 0 0 -180
0 180 0 180 0 -0 7.60124e-15 -129.72 9.97136e-14 24.9151 0 -0 0 -0 0 -0 0 180
0 -180 0 0 0 -180 0 -180 0.18038 93.5849 0 -180 0 -180 0 0 0 -180
0 0 0 -180 0 180 0.107342 83.7755 0.73205 -55.3561 0 180 0 0 0 -180 0 180
inside=1 lambda=0.647 phi=45 theta=15
0 180 0 180 0 -180 0 -0 0.107991 66.4394 0 0 0 180 0 180 0 -180
0 180 0 180 0 0 0 -0 0.903712 -52.8294 0 -180 0 180 0 180 0 0
0 180 0 -0 0 0 0 -180 0.0222921 -79.7603 0 0 0 -0 0 180 0 -180
0 180 0 0 0 -180 0 180 0.0532184 -24.8814 0 -180 0 -0 0 -180 0 0
0 -180 0 -180 0 0 0 -0 0.0236896 -68.9345 0 0 0 0 0 0 0 -180
0 180 0 180 0 -0 0 0 0.0502348 -29.5215 0 -180 0 -180 0 -180 0 0
0 -180 0 0 0 -180 0 -180 0.176385 91.8708 0 -180 0 -180 0 0 0 -180
0 180 0 -0 0 180 0 0 0.744726 -55.2703 0 180 0 0 0 -180 0 0
inside=1 lambda=0.647 phi=45 theta=30
0 180 0 180 0 -180 0 -0 0.120147 73.173 0 0 0 180 0 180 0 -180
0 180 0 180 0 0 0 -0 0.869632 -53.4231 0 -180 0 180 0 180 0 0
0 180 0 -0 0 0 0 -180 0.0395158 -77.3259 0 0 0 -0 0 0 0 -180
0 180 0 0 0 -180 0 180 0.0900538 -26.9163 0 -180 0 -0 0 -180 0 0
0 -180 0 -180 0 -0 0 -0 0.0408636 -71.681 0 0 0 0 0 0 0 -180
0 180 0 180 0 -0 0 0 0.0875206 -29.5427 0 -180 0 -180 0 -180 0 0
0 -180 0 0 0 180 0 -180 0.160683 87.1814 0 -180 0 -180 0 0 0 -180
0 180 0 -0 0 180 0 0 0.777803 -54.8102 0 180 0 0 0 -180 0 0
inside=1 lambda=0.647 phi=45 theta=45
0 180 0 -180 0 -180 0 0 0.139511 80.6746 0 0 0 180 0 180 0 -180
0 180 0 180 0 0 0 -0 0.823498 -54.1297 0 -180 0 180 0 180 0 0
0 180 0 -0 0 0 0 -180 0.0465491 -74.4738 0 0 0 -0 0 0 0 -180
0 180 0 0 0 -180 0 180 0.102146 -28.6559 0 -180 0 -0 0 -180 0 0
0 180 0 -180 0 -0 0 -0 0.0465491 -74.4738 0 0 0 0 0 0 0 -180
0 180 0 180 0 -0 0 0 0.102146 -28.6559 0 -180 0 -180 0 -180 0 0
0 180 0 0 0 180 0 -180 0.139511 80.6746 0 180 0 -180 0 0 0 -180
0 180 0 -0 0 180 0 180 0.823498 -54.1297 0 180 0 0 0 -180 0 0
