RSoft_BSDF_File_Version 2
1 0 5 2 1 0.365714
0.3 0.3
-1 1
-1 1
1 0.647 0.647
10 0 45 0.5
4 0 45
Begin_Dispersion_Data
0.647 1.45662 0 1 0 0
End_Dispersion_Data
inside=0 lambda=0.647 phi=0 theta=0
0 -180 0 -180 0 -180 0 0 0.0710787 151.724 0 0 0 -180 0 -180 0 -180
0 0 0 0 0 0 0 -180 1.20385 -97.6035 0 -180 0 0 0 0 0 0
0 -180 0 0 0 0 0 0 1.35667e-13 177.269 0 0 0 0 0 0 0 -180
0 0 0 0 0 -180 0 -180 9.44878e-13 21.869 0 -180 0 -180 0 0 0 0
0 -180 0 0 0 0 0 0 9.76944e-13 126.077 0 0 0 0 0 0 0 -180
0 0 0 180 0 -180 0 0 2.053e-12 24.5803 0 -0 0 -180 0 -180 0 0
0 -180 0 0 0 -180 0 -180 0.0710787 151.724 0 -180 0 -180 0 0 0 -180
0 0 0 -180 0 0 0 0 1.20385 -97.6035 0 0 0 0 0 -180 0 0
inside=0 lambda=0.647 phi=0 theta=15
0 -180 0 -180 0 -180 0 0 0.0710787 151.724 0 0 0 -180 0 -180 0 -180
0 0 0 0 0 0 0 -180 1.20385 -97.6035 0 -180 0 0 0 0 0 0
0 -180 0 0 0 0 0 0 1.35667e-13 177.269 0 0 0 0 0 0 0 -180
0 0 0 0 0 -180 0 -180 9.44878e-13 21.869 0 -180 0 -180 0 0 0 0
0 -180 0 0 0 0 0 0 9.76944e-13 126.077 0 0 0 0 0 0 0 -180
0 0 0 180 0 -180 0 0 2.053e-12 24.5803 0 -0 0 -180 0 -180 0 0
0 -180 0 0 0 -180 0 -180 0.0710787 151.724 0 -180 0 -180 0 0 0 -180
0 0 0 -180 0 0 0 0 1.20385 -97.6035 0 0 0 0 0 -180 0 0
inside=0 lambda=0.647 phi=0 theta=30
0 -180 0 -180 0 -180 0 0 0.0710787 151.724 0 0 0 -180 0 -180 0 -180
0 0 0 0 0 0 0 -180 1.20385 -97.6035 0 -180 0 0 0 0 0 0
0 -180 0 0 0 0 0 0 1.35667e-13 177.269 0 0 0 0 0 0 0 -180
0 0 0 0 0 -180 0 -180 9.44878e-13 21.869 0 -180 0 -180 0 0 0 0
0 -180 0 0 0 0 0 0 9.76944e-13 126.077 0 0 0 0 0 0 0 -180
0 0 0 180 0 -180 0 0 2.053e-12 24.5803 0 -0 0 -180 0 -180 0 0
0 -180 0 0 0 -180 0 -180 0.0710787 151.724 0 -180 0 -180 0 0 0 -180
0 0 0 -180 0 0 0 0 1.20385 -97.6035 0 0 0 0 0 -180 0 0
inside=0 lambda=0.647 phi=0 theta=45
0 -180 0 -180 0 -180 0 0 0.0710787 151.724 0 0 0 -180 0 -180 0 -180
0 0 0 0 0 0 0 -180 1.20385 -97.6035 0 -180 0 0 0 0 0 0
0 -180 0 0 0 0 0 0 1.35667e-13 177.269 0 0 0 0 0 0 0 -180
0 0 0 0 0 -180 0 -180 9.44878e-13 21.869 0 -180 0 -180 0 0 0 0
0 -180 0 0 0 0 0 0 9.76944e-13 126.077 0 0 0 0 0 0 0 -180
0 0 0 180 0 -180 0 0 2.053e-12 24.5803 0 -0 0 -180 0 -180 0 0
0 -180 0 0 0 -180 0 -180 0.0710787 151.724 0 -180 0 -180 0 0 0 -180
0 0 0 -180 0 0 0 0 1.20385 -97.6035 0 0 0 0 0 -180 0 0
inside=0 lambda=0.647 phi=5 theta=0
0 -180 0 -180 0 -180 0 0 0.0713432 147.413 0 0 0 -180 0 -180 0 -180
0 0 0 0 0 0 0 -180 1.20124 -98.8588 0 -180 0 0 0 0 0 0
0 -180 0 -180 0 0 0 -0 2.62594e-13 -58.8332 0 -0 0 0 0 0 0 -180
0 0 0 -0 0 -180 0 -180 8.65142e-13 -8.76538 0 180 0 -180 0 180 0 0
0 -180 0 -180 0 0 0 -180 2.1529e-13 -85.0943 0 -180 0 0 0 0 0 -180
0 0 0 0 0 -180 0 -180 9.2893e-13 -7.24869 0 -180 0 -180 0 -180 0 0
0 -180 0 0 0 -180 0 -180 0.0738294 147.637 0 -180 0 -180 0 0 0 -180
0 0 0 -180 0 0 0 0 1.20621 -98.8727 0 0 0 0 0 -180 0 0
inside=0 lambda=0.647 phi=5 theta=15
0 -180 0 -180 0 -180 0 0 0.0715096 147.428 0 0 0 -180 0 -180 0 -180
0 0 0 0 0 0 0 -180 1.20157 -98.8598 0 -180 0 0 0 0 0 0
0 -180 0 -180 0 0 0 -180 0.000606213 -33.6607 0 0 0 0 0 0 0 -180
0 0 0 -0 0 -180 0 0 0.0013391 59.4662 0 -180 0 -180 0 180 0 0
0 -180 0 -180 0 0 0 -180 0.000606304 -33.6087 0 0 0 0 0 0 0 -180
0 0 0 0 0 -180 0 -0 0.00133711 59.6252 0 180 0 -180 0 -180 0 0
0 -180 0 0 0 -180 0 -180 0.0736627 147.622 0 -180 0 -180 0 0 0 -180
0 0 0 -180 0 0 0 0 1.20587 -98.8719 0 0 0 0 0 -180 0 0
inside=0 lambda=0.647 phi=5 theta=30
0 -180 0 -180 0 -180 0 0 0.0719644 147.469 0 0 0 -180 0 -180 0 -180
0 0 0 0 0 0 0 -180 1.20248 -98.8625 0 -180 0 0 0 0 0 0
0 -180 0 -180 0 0 0 -180 0.00105002 -33.6499 0 0 0 0 0 0 0 -180
0 0 0 -0 0 -180 0 0 0.00231865 59.5003 0 -180 0 -180 0 180 0 0
0 -180 0 -180 0 0 0 -180 0.00105011 -33.6198 0 0 0 0 0 0 0 -180
0 0 0 0 0 -180 0 -0 0.00231666 59.5921 0 180 0 -180 0 -180 0 0
0 -180 0 0 0 -180 0 -180 0.0732075 147.58 0 -180 0 -180 0 0 0 -180
0 0 0 -180 0 0 0 0 1.20496 -98.8694 0 0 0 0 0 -180 0 0
inside=0 lambda=0.647 phi=5 theta=45
0 -180 0 -180 0 -180 0 0 0.0725859 147.524 0 0 0 -180 0 -180 0 -180
0 0 0 0 0 0 0 -180 1.20372 -98.866 0 -180 0 0 0 0 0 0
0 -180 0 -180 0 0 0 -180 0.00121251 -33.6349 0 0 0 0 0 0 0 -180
0 0 0 -0 0 -180 0 0 0.00267619 59.5464 0 -180 0 -180 0 180 0 0
0 -180 0 -180 0 0 0 -180 0.00121251 -33.6349 0 0 0 0 0 0 0 -180
0 0 0 0 0 -180 0 -0 0.00267619 59.5464 0 180 0 -180 0 -180 0 0
0 -180 0 0 0 -180 0 -180 0.0725859 147.524 0 -180 0 -180 0 0 0 -180
0 0 0 -180 0 0 0 0 1.20372 -98.866 0 0 0 0 0 -180 0 0
inside=0 lambda=0.647 phi=10 theta=0
0 -180 0 -180 0 -180 0 0 0.072759 135.115 0 0 0 -180 0 -180 0 -180
0 0 0 0 0 0 0 -180 1.19307 -102.614 0 -180 0 0 0 0 0 0
0 -180 0 -180 0 0 0 -0 1.76498e-13 -51.2051 0 180 0 0 0 0 0 -180
0 0 0 -0 0 -180 0 180 5.99217e-13 -11.8525 0 0 0 -180 0 180 0 0
0 -180 0 -180 0 0 0 -0 1.59748e-13 -76.5845 0 -0 0 0 0 0 0 -180
0 0 0 0 0 -180 0 -0 5.35513e-13 -14.1847 0 180 0 -180 0 -180 0 0
0 -180 0 0 0 -180 0 -180 0.0831578 136.26 0 -180 0 -180 0 0 0 -180
0 0 0 -180 0 0 0 0 1.21344 -102.676 0 0 0 0 0 -180 0 0
inside=0 lambda=0.647 phi=10 theta=15
0 -180 0 -180 0 -180 0 0 0.0734553 135.191 0 0 0 -180 0 -180 0 -180
0 0 0 0 0 0 0 -180 1.19443 -102.619 0 -180 0 0 0 0 0 0
0 -180 0 -180 0 0 0 -180 0.00259829 -43.2874 0 0 0 0 0 0 0 -180
0 0 0 -0 0 -180 0 0 0.00550912 55.0918 0 -180 0 -180 0 180 0 0
0 -180 0 -180 0 0 0 -180 0.00259851 -43.0896 0 0 0 0 0 0 0 -180
0 0 0 0 0 -180 0 -0 0.00547484 55.7323 0 180 0 -180 0 -180 0 0
0 -180 0 0 0 -180 0 -180 0.0824612 136.183 0 -180 0 -180 0 0 0 -180
0 0 0 -180 0 0 0 0 1.21208 -102.673 0 0 0 0 0 -180 0 0
inside=0 lambda=0.647 phi=10 theta=30
0 -180 0 -180 0 -180 0 0 0.0753581 135.399 0 0 0 -180 0 -180 0 -180
0 0 0 0 0 0 0 -180 1.19816 -102.633 0 -180 0 0 0 0 0 0
0 -180 0 -180 0 0 0 -180 0.00450025 -43.2481 0 0 0 0 0 0 0 -180
0 0 0 -0 0 -180 0 0 0.0095286 55.2351 0 -180 0 -180 0 180 0 0
0 -180 0 -180 0 0 0 -180 0.00450048 -43.134 0 0 0 0 0 0 0 -180
0 0 0 0 0 -180 0 -0 0.00949438 55.6046 0 180 0 -180 0 -180 0 0
0 -180 0 0 0 -180 0 -180 0.080558 135.971 0 -180 0 -180 0 0 0 -180
0 0 0 -180 0 0 0 0 1.20835 -102.664 0 0 0 0 0 -180 0 0
inside=0 lambda=0.647 phi=10 theta=45
0 -180 0 -180 0 -180 0 0 0.0779579 135.685 0 0 0 -180 0 -180 0 -180
0 0 0 0 0 0 0 -180 1.20325 -102.65 0 -180 0 0 0 0 0 0
0 -180 0 -180 0 0 0 -180 0.00519646 -43.1924 0 0 0 0 0 0 0 -180
0 0 0 -0 0 -180 0 0 0.0109824 55.4237 0 -180 0 -180 0 180 0 0
0 -180 0 -180 0 0 0 -180 0.00519646 -43.1924 0 0 0 0 0 0 0 -180
0 0 0 0 0 -180 0 -0 0.0109824 55.4237 0 180 0 -180 0 -180 0 0
0 -180 0 0 0 -180 0 -180 0.0779579 135.685 0 -180 0 -180 0 0 0 -180
0 0 0 -180 0 0 0 0 1.20325 -102.65 0 0 0 0 0 -180 0 0
inside=0 lambda=0.647 phi=15 theta=0
0 -180 0 -180 0 -180 0 0 0.0761692 116.908 0 0 0 -180 0 -180 0 -180
0 0 0 0 0 0 0 -180 1.1784 -108.836 0 -180 0 0 0 0 0 0
0 -180 0 -180 0 0 0 180 5.73697e-14 113.865 0 -0 0 0 0 0 0 -180
0 0 0 -0 0 -180 0 180 1.53247e-13 164.381 0 -0 0 -180 0 180 0 0
0 -180 0 -180 0 0 0 180 6.3336e-14 120.772 0 180 0 0 0 0 0 -180
0 0 0 0 0 -180 0 180 9.37131e-14 -176.817 0 180 0 -180 0 -180 0 0
0 -180 0 0 0 -180 0 -180 0.101774 119.882 0 -180 0 -180 0 0 0 -180
0 0 0 -180 0 0 0 0 1.22611 -108.998 0 0 0 0 0 -180 0 0
inside=0 lambda=0.647 phi=15 theta=15
0 -180 0 -180 0 -180 0 0 0.0778931 117.114 0 0 0 -180 0 -180 0 -180
0 0 0 0 0 0 0 -180 1.18158 -108.853 0 -180 0 0 0 0 0 0
0 -180 0 -180 0 0 0 -180 0.00661081 -58.2068 0 0 0 0 0 0 0 -180
0 0 0 -0 0 -180 0 0 0.0129893 47.833 0 -180 0 -180 0 180 0 0
0 -180 0 -180 0 0 0 -180 0.00660208 -57.8172 0 0 0 0 0 0 0 -180
0 0 0 0 0 -180 0 -0 0.0127923 49.3003 0 180 0 -180 0 -180 0 0
0 -180 0 0 0 -180 0 -180 0.100074 119.682 0 -180 0 -180 0 0 0 -180
0 0 0 -180 0 0 0 0 1.2229 -108.994 0 0 0 0 0 -180 0 0
inside=0 lambda=0.647 phi=15 theta=30
0 -180 0 -180 0 -180 0 0 0.0825998 117.668 0 0 0 -180 0 -180 0 -180
0 0 0 0 0 0 0 -180 1.19029 -108.896 0 -180 0 0 0 0 0 0
0 -180 0 -180 0 0 0 -180 0.0114446 -58.1396 0 0 0 0 0 0 0 -180
0 0 0 -0 0 -180 0 0 0.0224128 48.1851 0 -180 0 -180 0 180 0 0
0 -180 0 -180 0 0 0 -180 0.0114362 -57.9156 0 0 0 0 0 0 0 -180
0 0 0 0 0 -180 0 -0 0.0222178 49.0287 0 180 0 -180 0 -180 0 0
0 -180 0 0 0 -180 0 -180 0.095413 119.143 0 -180 0 -180 0 0 0 -180
0 0 0 -180 0 0 0 0 1.21414 -108.978 0 0 0 0 0 -180 0 0
inside=0 lambda=0.647 phi=15 theta=45
0 -180 0 -180 0 -180 0 0 0.0890175 118.409 0 0 0 -180 0 -180 0 -180
0 0 0 0 0 0 0 -180 1.2022 -108.944 0 -180 0 0 0 0 0 0
0 -180 0 -180 0 0 0 -180 0.0132089 -58.0353 0 0 0 0 0 0 0 -180
0 0 0 -0 0 -180 0 0 0.0257606 48.6268 0 -180 0 -180 0 180 0 0
0 -180 0 -180 0 0 0 -180 0.0132089 -58.0353 0 0 0 0 0 0 0 -180
0 0 0 0 0 -180 0 -0 0.0257606 48.6268 0 180 0 -180 0 -180 0 0
0 -180 0 0 0 -180 0 -180 0.0890175 118.409 0 -180 0 -180 0 0 0 -180
0 0 0 -180 0 0 0 0 1.2022 -108.944 0 0 0 0 0 -180 0 0
inside=0 lambda=0.647 phi=20 theta=0
0 -180 0 -180 0 -180 0 0 0.0800194 95.7693 0 0 0 -180 0 -180 0 -180
0 -0 0 0 0 0 0 -180 1.15561 -117.468 0 -180 0 -0 0 0 0 0
0 -180 0 -180 0 0 0 0 5.45915e-13 -54.7167 0 180 0 0 0 0 0 -180
0 -0 0 -0 0 -180 0 -0 7.66551e-13 62.6 0 0 0 180 0 180 0 0
0 -180 0 -180 0 0 0 -0 1.86557e-13 101.495 0 0 0 0 0 0 0 -180
0 0 0 0 0 -180 0 -180 2.15822e-13 -121.612 0 -0 0 -180 0 -180 0 0
0 -180 0 0 0 -180 0 -180 0.13284 100.887 0 -180 0 -180 0 0 0 -180
0 0 0 -180 0 0 0 0 1.2453 -117.792 0 0 0 0 0 -180 0 0
inside=0 lambda=0.647 phi=20 theta=15
0 -180 0 -180 0 -180 0 0 0.0836249 96.1371 0 0 0 -180 0 -180 0 -180
0 -0 0 0 0 0 0 -180 1.16157 -117.514 0 -180 0 -0 0 0 0 0
0 -180 0 -180 0 0 0 -180 0.0140278 -76.9533 0 0 0 0 0 0 0 -180
0 -0 0 -0 0 -180 0 0 0.0246902 37.7803 0 -180 0 180 0 180 0 0
0 -180 0 -180 0 0 0 -180 0.0139606 -76.4225 0 0 0 0 0 0 0 -180
0 0 0 0 0 -180 0 -0 0.0239364 40.498 0 180 0 -180 0 -180 0 0
0 -180 0 0 0 -180 0 -180 0.129435 100.535 0 -180 0 -180 0 0 0 -180
0 0 0 -180 0 0 0 0 1.23921 -117.799 0 0 0 0 0 -180 0 0
inside=0 lambda=0.647 phi=20 theta=30
0 -180 0 -180 0 -180 0 0 0.0934549 97.1083 0 0 0 -180 0 -180 0 -180
0 0 0 0 0 0 0 -180 1.17786 -117.622 0 -180 0 -0 0 0 0 0
0 -180 0 -180 0 0 0 -180 0.0242575 -76.8968 0 0 0 0 0 0 0 -180
0 0 0 -0 0 -180 0 0 0.0423869 38.5003 0 -180 0 180 0 180 0 0
0 -180 0 -180 0 0 0 -180 0.0241951 -76.5945 0 0 0 0 0 0 0 -180
0 0 0 0 0 -180 0 -0 0.0416581 40.0478 0 180 0 -180 0 -180 0 0
0 -180 0 0 0 -180 0 -180 0.119974 99.6085 0 -180 0 -180 0 0 0 -180
0 0 0 -180 0 0 0 0 1.22265 -117.793 0 0 0 0 0 -180 0 0
inside=0 lambda=0.647 phi=20 theta=45
0 -180 0 -180 0 -180 0 0 0.106799 98.3726 0 0 0 -180 0 -180 0 -180
0 0 0 0 0 0 0 -180 1.2002 -117.732 0 -180 0 -0 0 0 0 0
0 -180 0 -180 0 0 0 -180 0.0279673 -76.7737 0 0 0 0 0 0 0 -180
0 0 0 -0 0 -180 0 0 0.0484746 39.3391 0 -180 0 -180 0 180 0 0
0 -180 0 -180 0 0 0 -180 0.0279673 -76.7737 0 0 0 0 0 0 0 -180
0 0 0 0 0 -180 0 -0 0.0484746 39.3391 0 180 0 -180 0 -180 0 0
0 -180 0 0 0 -180 0 -180 0.106799 98.3726 0 -180 0 -180 0 0 0 -180
0 0 0 -180 0 -0 0 0 1.2002 -117.732 0 0 0 0 0 -180 0 0
inside=0 lambda=0.647 phi=25 theta=0
0 -180 0 -180 0 -180 0 0 0.0779226 74.1401 0 0 0 -180 0 -180 0 -180
0 -0 0 0 0 0 0 -180 1.122 -128.429 0 -180 0 -0 0 0 0 0
0 -180 0 -180 0 0 0 0 4.85018e-14 23.408 0 -180 0 0 0 0 0 -180
0 -0 0 -0 0 -180 0 -0 4.27696e-14 -81.6737 0 -0 0 180 0 180 0 0
0 -180 0 -180 0 0 0 180 2.3523e-13 -114.731 0 180 0 0 0 0 0 -180
0 -0 0 0 0 -180 0 -0 4.23374e-14 -107.791 0 -180 0 180 0 -180 0 0
0 -180 0 0 0 -180 0 -180 0.178779 80.5628 0 -180 0 -180 0 0 0 -180
0 0 0 -180 0 0 0 0 1.27343 -128.914 0 0 0 0 0 -180 0 0
inside=0 lambda=0.647 phi=25 theta=15
0 -180 0 -180 0 -180 0 0 0.084947 74.4794 0 0 0 -180 0 -180 0 -180
0 -0 0 0 0 0 0 -180 1.13198 -128.539 0 -180 0 -0 0 0 0 0
0 -180 0 -180 0 0 0 -180 0.0273471 -98.1961 0 0 0 0 0 0 0 -180
0 -0 0 -0 0 -180 0 0 0.0423877 25.1086 0 -180 0 180 0 180 0 0
0 -180 0 -180 0 0 0 -180 0.0270659 -97.682 0 0 0 0 0 0 0 -180
0 -0 0 0 0 -180 0 -0 0.0399476 29.7237 0 180 0 180 0 -180 0 0
0 -180 0 0 0 -180 0 -180 0.172826 79.9948 0 -180 0 -180 0 0 0 -180
0 -0 0 -180 0 -0 0 0 1.26287 -128.989 0 0 0 0 0 -180 0 0
inside=0 lambda=0.647 phi=25 theta=30
0 -180 0 -180 0 -180 0 0 0.10413 75.582 0 0 0 -180 0 -180 0 -180
0 -0 0 0 0 0 0 -180 1.15926 -128.781 0 -180 0 -0 0 0 0 0
0 -180 0 -180 0 0 0 -180 0.0471992 -98.2444 0 0 0 0 0 0 0 -180
0 -0 0 -0 0 -180 0 0 0.0719038 26.5069 0 -180 0 180 0 180 0 0
0 -180 0 -180 0 0 0 -180 0.0469641 -97.9559 0 0 0 0 0 0 0 -180
0 -0 0 0 0 180 0 -0 0.0696956 29.0777 0 180 0 -180 0 -180 0 0
0 -180 0 0 0 -180 0 -180 0.155337 78.7009 0 -180 0 -180 0 0 0 -180
0 -0 0 -180 0 -0 0 0 1.23459 -129.069 0 0 0 0 0 -180 0 0
inside=0 lambda=0.647 phi=25 theta=45
0 -180 0 -180 0 -180 0 0 0.130075 77.1329 0 0 0 -180 0 -180 0 -180
0 -0 0 0 0 0 0 -180 1.19671 -128.997 0 -180 0 -0 0 0 0 0
0 -180 0 -180 0 0 0 -180 0.0543447 -98.1732 0 0 0 0 0 0 0 -180
0 -0 0 -0 0 -180 0 0 0.0815042 27.9625 0 -180 0 180 0 180 0 0
0 -180 0 -180 0 0 0 -180 0.0543447 -98.1732 0 0 0 0 0 0 0 -180
0 -0 0 0 0 180 0 -0 0.0815042 27.9625 0 180 0 -180 0 -180 0 0
0 -180 0 0 0 -180 0 -180 0.130075 77.1329 0 -180 0 -180 0 0 0 -180
0 -0 0 -180 0 -0 0 0 1.19671 -128.997 0 0 0 0 0 -180 0 0
inside=0 lambda=0.647 phi=30 theta=0
0 -180 0 180 0 -180 0.0476304 -52.6685 0.052981 59.0004 0 0 0 -180 0 180 0 -180
0 -0 0 0 0 0 0 -180 1.06666 -141.517 0 180 0 -0 0 0 0 0
0 -180 0 -180 0 0 7.40765e-14 -131.451 1.16368e-13 25.4422 0 180 0 0 0 0 0 -180
0 -0 0 -0 0 -180 0 -180 2.44684e-13 -147.487 0 0 0 180 0 180 0 0
0 -180 0 -180 0 0 8.72569e-14 -27.1377 2.31238e-13 36.9984 0 0 0 0 0 0 0 -180
0 -0 0 0 0 -180 0 180 3.64363e-13 -50.1641 0 -0 0 180 0 -180 0 0
0 -180 0 0 0 -180 0.321843 -103.533 0.228764 57.3065 0 -180 0 -180 0 0 0 -180
0 -0 0 -180 0 0 0 -0 1.30437 -141.635 0 0 0 -0 0 -180 0 0
inside=0 lambda=0.647 phi=30 theta=15
0 -180 0 -180 0 -180 0 0 0.0706248 55.1498 0 0 0 -180 0 180 0 -180
0 -0 0 0 0 0 0 -180 1.08787 -141.778 0 180 0 -0 0 0 0 0
0 -180 0 -180 0 0 0 -180 0.0508525 -121.148 0 0 0 0 0 0 0 -180
0 -0 0 -0 0 -180 0 -0 0.0714152 9.94406 0 180 0 180 0 180 0 0
0 -180 0 -180 0 0 0 -180 0.0497335 -120.892 0 180 0 0 0 0 0 -180
0 -0 0 0 0 180 0 -0 0.062776 17.6499 0 180 0 180 0 -180 0 0
0 -180 0 0 0 -180 0 -180 0.229026 58.5841 0 -180 0 -180 0 0 0 -180
0 -0 0 -180 0 -0 0 -0 1.2993 -142.117 0 0 0 -0 0 -180 0 0
inside=0 lambda=0.647 phi=30 theta=30
0 -180 0 -180 0 -180 0 0 0.106001 53.5241 0 0 0 -180 0 -180 0 -180
0 -0 0 0 0 0 0 -180 1.13132 -142.369 0 180 0 -0 0 0 0 0
0 -180 0 -180 0 0 0 -180 0.0873914 -121.566 0 0 0 0 0 180 0 -180
0 -0 0 -0 0 -180 0 0 0.116049 12.7973 0 180 0 180 0 180 0 0
0 -180 0 -180 0 0 0 -180 0.0867792 -121.424 0 180 0 0 0 0 0 -180
0 -0 0 0 0 180 0 -0 0.110076 16.929 0 180 0 180 0 -180 0 0
0 -180 0 0 0 -180 0 -180 0.201348 56.3797 0 -180 0 -180 0 0 0 -180
0 -0 0 -180 0 -0 0 0 1.25176 -142.721 0 0 0 -0 0 180 0 0
inside=0 lambda=0.647 phi=30 theta=45
0 -180 0 -180 0 -180 0 0 0.154626 54.7399 0 0 0 -180 0 -180 0 -180
0 -0 0 0 0 0 0 -180 1.19095 -142.731 0 180 0 -0 0 0 0 0
0 -180 0 -180 0 0 0 -180 0.100525 -121.649 0 0 0 0 0 180 0 -180
0 -0 0 -0 0 -180 0 0 0.129514 15.2656 0 180 0 180 0 180 0 0
0 -180 0 -180 0 0 0 -180 0.100525 -121.649 0 180 0 0 0 0 0 -180
0 -0 0 0 0 180 0 -0 0.129514 15.2656 0 180 0 -180 0 180 0 0
0 -180 0 0 0 -180 0 -180 0.154626 54.7399 0 -180 0 -180 0 0 0 -180
0 -0 0 -180 0 -0 0 0 1.19095 -142.731 0 0 0 0 0 180 0 0
inside=0 lambda=0.647 phi=35 theta=0
0 -180 0 180 0 -180 0.127021 -23.2887 0.0290211 -168.769 0 0 0 -180 0 180 0 -180
0 -0 0 0 0 0 0 -180 0.972452 -157.558 0 180 0 -0 0 0 0 0
0 -180 0 -180 0 0 5.29832e-14 -146.571 2.62495e-14 -166.375 0 -0 0 0 0 0 0 -180
0 -0 0 -0 0 -180 0 180 7.90968e-14 113.204 0 -180 0 180 0 180 0 0
0 -0 0 -180 0 -0 1.37653e-13 137.35 5.49165e-14 -145.979 0 -180 0 180 0 0 0 180
0 -0 0 0 0 -180 0 0 2.59925e-13 97.1272 0 0 0 180 0 -180 0 0
0 -180 0 0 0 180 0.351226 -69.0833 0.336029 26.1954 0 -180 0 -180 0 0 0 180
0 -0 0 -180 0 0 0 -0 1.33734 -156.75 0 0 0 -0 0 -180 0 0
inside=0 lambda=0.647 phi=35 theta=15
0 -180 0 180 0 -180 0.110085 -41.1831 0.00974162 101.095 0 0 0 -180 0 180 0 -180
0 -0 0 0 0 0 0 -180 1.00277 -157.687 0 180 0 -0 0 0 0 0
0 -180 0 -180 0 0 0.0512065 -43.031 0.0913644 -145.728 0 0 0 0 0 180 0 -180
0 -0 0 -0 0 -180 0 -0 0.121018 -2.54239 0 180 0 180 0 180 0 0
0 -180 0 -180 0 0 0.0756823 -86.2096 0.0903108 -147.834 0 180 0 180 0 0 0 180
0 -0 0 0 0 180 0 -180 0.101351 5.73718 0 180 0 180 0 180 0 0
0 -180 0 0 0 -180 0.323344 -84.9137 0.308588 28.5998 0 -180 0 -180 0 0 0 180
0 -0 0 -180 0 -0 0 -0 1.32561 -157.232 0 0 0 -0 0 180 0 0
inside=0 lambda=0.647 phi=35 theta=30
0 -180 0 -180 0 -180 0 -0 0.0821699 31.2092 0 0 0 -180 0 180 0 180
0 -0 0 0 0 0 0 -180 1.08564 -158.461 0 180 0 -0 0 0 0 0
0 -180 0 -180 0 0 0 -180 0.158627 -146.994 0 0 0 0 0 180 0 180
0 -0 0 -0 0 -180 0 -0 0.189453 -1.74952 0 180 0 180 0 180 0 0
0 -180 0 -180 0 0 0 -180 0.157345 -147.172 0 180 0 0 0 0 0 180
0 -0 0 0 0 180 0 -0 0.173806 4.98393 0 180 0 180 0 180 0 0
0 -180 0 0 0 -180 0 -180 0.257094 31.7296 0 -180 0 -180 0 0 0 180
0 -0 0 -180 0 -0 0 -0 1.27982 -158.503 0 0 0 -0 0 180 0 0
inside=0 lambda=0.647 phi=35 theta=45
0 -180 0 -180 0 -180 0 -0 0.171703 30.1656 0 0 0 -180 0 180 0 180
0 -0 0 0 0 0 0 -180 1.1814 -158.947 0 180 0 -0 0 0 0 0
0 -180 0 -180 0 0 0 -180 0.182466 -147.402 0 0 0 0 0 180 0 180
0 -0 0 -0 0 180 0 0 0.205779 2.53978 0 180 0 180 0 180 0 0
0 -180 0 -180 0 0 0 -180 0.182466 -147.402 0 180 0 0 0 0 0 180
0 -0 0 0 0 180 0 -0 0.205779 2.53978 0 180 0 180 0 180 0 0
0 -180 0 -0 0 -180 0 -180 0.171703 30.1656 0 180 0 -180 0 0 0 180
0 -0 0 -180 0 -0 0 0 1.1814 -158.947 0 0 0 0 0 180 0 0
inside=0 lambda=0.647 phi=40 theta=0
0 -0 0 180 0 -180 0.176162 19.8148 0.225049 179.284 0 0 0 -0 0 180 0 -180
0 -0 0 0 0 0 0 -180 0.777769 -177.28 0 180 0 -0 0 0 0 0
0 -0 0 -0 0 0 1.94066e-13 56.5191 5.0478e-13 -74.1088 0 0 0 180 0 180 0 -180
0 -0 0 -0 0 -180 0 -0 2.7163e-13 162.23 0 180 0 180 0 180 0 0
0 -0 0 -180 0 -0 3.24001e-12 -154.803 5.77166e-13 34.9209 0 -0 0 180 0 0 0 180
0 -0 0 -0 0 -0 0 0 4.26454e-13 -128.587 0 0 0 180 0 180 0 180
0 -0 0 0 0 180 0.306938 -28.3112 0.573707 0.338787 0 -180 0 -0 0 0 0 180
0 -0 0 180 0 180 0 -0 1.38494 -173.261 0 0 0 -0 0 180 0 180
inside=0 lambda=0.647 phi=40 theta=15
0 -0 0 180 0 -180 0.187663 -14.4335 0.169505 178.009 0 0 0 -180 0 180 0 -180
0 -0 0 0 0 0 0 -180 0.831344 -177.265 0 180 0 0 0 0 0 0
0 -0 0 -180 0 0 0.134558 -12.7067 0.171805 -173.161 0 0 0 0 0 180 0 -180
0 -0 0 -0 0 -180 0 -0 0.23198 -17.3883 0 180 0 180 0 0 0 0
0 -0 0 -180 0 -0 0.117145 -42.9912 0.177647 -175.993 0 180 0 180 0 0 0 180
0 -0 0 0 0 0 0 -180 0.181505 -2.37346 0 180 0 180 0 180 0 0
0 -180 0 -0 0 180 0.303509 -57.1337 0.483926 0.120185 0 180 0 -0 0 0 0 180
0 -0 0 -180 0 -180 0 -0 1.39721 -174.047 0 0 0 -0 0 180 0 0
inside=0 lambda=0.647 phi=40 theta=30
0 -180 0 180 0 -180 0.111836 -72.8373 0.0213658 166.804 0 0 0 -180 0 180 0 180
0 -0 0 0 0 0 0 -180 0.981819 -177.446 0 180 0 -0 0 0 0 0
0 -180 0 -180 0 0 0.14149 -65.4359 0.304513 -175.348 0 0 0 0 0 180 0 180
0 -0 0 -0 0 -180 0 -0 0.353597 -13.6716 0 180 0 180 0 0 0 0
0 -180 0 -180 0 0 0.115625 -113.497 0.304577 -176.362 0 180 0 0 0 0 0 180
0 -0 0 0 0 180 0 -0 0.311572 -5.07735 0 0 0 180 0 180 0 0
0 -180 0 -0 0 -180 0.255444 -108.066 0.331999 1.11637 0 180 0 -180 0 0 0 180
0 -0 0 -180 0 -0 0 -0 1.3262 -175.798 0 0 0 -0 0 180 0 0
inside=0 lambda=0.647 phi=40 theta=45
0 -180 0 -180 0 -180 0 -0 0.160403 0.156346 0 0 0 -180 0 180 0 180
0 -0 0 -0 0 -0 0 -180 1.16256 -177.674 0 180 0 -0 0 0 0 0
0 -180 0 -180 0 0 0 -180 0.354624 -176.532 0 0 0 0 0 180 0 180
0 -0 0 -0 0 180 0 -0 0.370367 -8.35946 0 180 0 180 0 0 0 0
0 -180 0 -180 0 0 0 -180 0.354624 -176.532 0 180 0 0 0 0 0 180
0 -0 0 -0 0 180 0 -0 0.370367 -8.35946 0 0 0 180 0 180 0 0
0 -180 0 -0 0 -180 0 -180 0.160403 0.156346 0 180 0 -180 0 0 0 180
0 -0 0 -180 0 -0 0 -0 1.16256 -177.674 0 0 0 -0 0 180 0 0
inside=0 lambda=0.647 phi=45 theta=0
0 -0 0 180 0 -0 0.300602 119.62 0.948255 86.028 0 0 0 -0 0 180 0 -0
0 -180 0 0 0 0 0 -0 0 -180 0 0 0 -180 0 0 0 0
0 0 0 -180 0 180 6.1276e-12 -62.2798 2.22719e-12 -90.7369 0 0 0 -180 0 0 0 -0
0 -180 0 -180 0 -180 0 -180 0 -180 0 0 0 0 0 0 0 0
0 0 0 180 0 0 4.79062e-12 172.658 4.83271e-12 -2.87112 0 -180 0 -180 0 -0 0 -180
0 0 0 -0 0 0 0 0 0 180 0 180 0 -180 0 180 0 -180
0 180 0 -0 0 -180 0.689025 113.999 0.757932 -37.9115 0 180 0 180 0 -0 0 -180
0 0 0 180 0 -180 0 0 0 180 0 -0 0 0 0 180 0 -180
inside=0 lambda=0.647 phi=45 theta=15
0 -0 0 -180 0 -0 0.316837 64.0051 0.772892 89.3754 0 0 0 0 0 0 0 -0
0 -180 0 0 0 0 0 -0 0 -180 0 0 0 180 0 0 0 0
0 -0 0 -180 0 180 0.512506 -47.9537 0.352033 108.434 0 0 0 -180 0 0 0 -0
0 -180 0 -180 0 -180 0 -180 0 -0 0 0 0 -0 0 0 0 0
0 -0 0 180 0 -0 0.218041 44.7346 0.39099 110.079 0 0 0 -180 0 -0 0 -180
0 -0 0 -0 0 0 0 -0 0 -0 0 -0 0 180 0 180 0 180
0 -0 0 -0 0 180 0.280017 58.7977 0.858743 -48.3027 0 180 0 180 0 0 0 -180
0 -0 0 180 0 -180 0 -0 0 180 0 -0 0 -0 0 180 0 180
inside=0 lambda=0.647 phi=45 theta=30
0 -180 0 -180 0 -180 0.213683 -57.704 0.485156 92.3963 0 0 0 180 0 0 0 180
0 -180 0 0 0 0 0 -180 0 -180 0 0 0 0 0 0 0 0
0 -180 0 -180 0 0 0.47831 -88.5403 0.818195 109.225 0 0 0 180 0 0 0 180
0 -180 0 -180 0 -180 0 180 0 -0 0 0 0 180 0 0 0 0
0 -180 0 -180 0 -180 0.151031 -61.44 0.828867 109.003 0 0 0 180 0 0 0 180
0 -0 0 -0 0 180 0 -0 0 -0 0 0 0 180 0 180 0 0
0 -180 0 -180 0 0 0.257581 -87.4758 0.538794 -57.0894 0 180 0 0 0 0 0 180
0 -0 0 -180 0 -0 0 -0 0 180 0 -0 0 -0 0 180 0 0
inside=0 lambda=0.647 phi=45 theta=45
0 -180 0 -180 0 -180 0 -180 0.122748 16.4902 0 0 0 0 0 0 0 -180
0 -180 0 0 0 -0 0 -180 0 180 0 0 0 -0 0 0 0 0
0 -180 0 -180 0 0 0 -180 0.992438 106.49 0 0 0 -180 0 0 0 -180
0 -180 0 -180 0 180 0 0 0 -0 0 180 0 180 0 0 0 0
0 -180 0 -180 0 -180 0 -180 0.992438 106.49 0 0 0 0 0 0 0 -180
0 -180 0 0 0 180 0 -180 0 -0 0 0 0 180 0 180 0 0
0 -180 0 -180 0 0 0 -180 0.122748 16.4902 0 0 0 -180 0 0 0 -180
0 -180 0 -180 0 -0 0 0 0 180 0 0 0 -0 0 0 0 0
inside=1 lambda=0.647 phi=0 theta=0
0 -180 0 -180 0 -180 0 0 0.0710787 -166.931 0 0 0 -180 0 -180 0 -180
0 0 0 0 0 0 0 -180 0.826471 -97.6035 0 -180 0 0 0 0 0 0
0 -180 0 -0 0 0 0 -0 1.45861e-13 -149.26 0 0 0 0 0 180 0 -180
0 0 0 180 0 -180 0 180 3.86768e-13 169.067 0 -180 0 -180 0 180 0 0
0 -180 0 -0 0 0 0 180 1.4082e-13 -168.81 0 -0 0 0 0 -0 0 -180
0 0 0 0 0 -180 0 -0 3.99337e-13 174.13 0 -0 0 -180 0 0 0 0
0 -180 0 0 0 -180 0 -180 0.0710787 -166.931 0 -180 0 -180 0 0 0 -180
0 0 0 -180 0 0 0 0 0.826471 -97.6035 0 0 0 0 0 -180 0 0
inside=1 lambda=0.647 phi=0 theta=15
0 -180 0 -180 0 -180 0 0 0.0710787 -166.931 0 0 0 -180 0 -180 0 -180
0 0 0 0 0 0 0 -180 0.826471 -97.6035 0 -180 0 0 0 0 0 0
0 -180 0 -0 0 0 0 -0 1.45861e-13 -149.26 0 0 0 0 0 180 0 -180
0 0 0 180 0 -180 0 180 3.86768e-13 169.067 0 -180 0 -180 0 180 0 0
0 -180 0 -0 0 0 0 180 1.4082e-13 -168.81 0 -0 0 0 0 -0 0 -180
0 0 0 0 0 -180 0 -0 3.99337e-13 174.13 0 -0 0 -180 0 0 0 0
0 -180 0 0 0 -180 0 -180 0.0710787 -166.931 0 -180 0 -180 0 0 0 -180
0 0 0 -180 0 0 0 0 0.826471 -97.6035 0 0 0 0 0 -180 0 0
inside=1 lambda=0.647 phi=0 theta=30
0 -180 0 -180 0 -180 0 0 0.0710787 -166.931 0 0 0 -180 0 -180 0 -180
0 0 0 0 0 0 0 -180 0.826471 -97.6035 0 -180 0 0 0 0 0 0
0 -180 0 -0 0 0 0 -0 1.45861e-13 -149.26 0 0 0 0 0 180 0 -180
0 0 0 180 0 -180 0 180 3.86768e-13 169.067 0 -180 0 -180 0 180 0 0
0 -180 0 -0 0 0 0 180 1.4082e-13 -168.81 0 -0 0 0 0 -0 0 -180
0 0 0 0 0 -180 0 -0 3.99337e-13 174.13 0 -0 0 -180 0 0 0 0
0 -180 0 0 0 -180 0 -180 0.0710787 -166.931 0 -180 0 -180 0 0 0 -180
0 0 0 -180 0 0 0 0 0.826471 -97.6035 0 0 0 0 0 -180 0 0
inside=1 lambda=0.647 phi=0 theta=45
0 -180 0 -180 0 -180 0 0 0.0710787 -166.931 0 0 0 -180 0 -180 0 -180
0 0 0 0 0 0 0 -180 0.826471 -97.6035 0 -180 0 0 0 0 0 0
0 -180 0 -0 0 0 0 -0 1.45861e-13 -149.26 0 0 0 0 0 180 0 -180
0 0 0 180 0 -180 0 180 3.86768e-13 169.067 0 -180 0 -180 0 180 0 0
0 -180 0 -0 0 0 0 180 1.4082e-13 -168.81 0 -0 0 0 0 -0 0 -180
0 0 0 0 0 -180 0 -0 3.99337e-13 174.13 0 -0 0 -180 0 0 0 0
0 -180 0 0 0 -180 0 -180 0.0710787 -166.931 0 -180 0 -180 0 0 0 -180
0 0 0 -180 0 0 0 0 0.826471 -97.6035 0 0 0 0 0 -180 0 0
inside=1 lambda=0.647 phi=5 theta=0
0 -180 0 -180 0 -180 0 0 0.0711877 -166.072 0 0 0 -180 0 -180 0 -180
0 0 0 0 0 0 0 -180 0.827299 -98.1946 0 -180 0 0 0 0 0 0
0 -180 0 -0 0 0 0 180 1.47162e-13 56.9145 0 -180 0 0 0 180 0 -180
0 0 0 -0 0 -180 0 180 1.59258e-13 -41.0938 0 0 0 -180 0 180 0 0
0 -180 0 -180 0 0 0 180 1.08354e-13 -15.5322 0 180 0 0 0 0 0 -180
0 0 0 0 0 -180 0 -180 2.83251e-13 -3.50299 0 0 0 -180 0 -180 0 0
0 -180 0 0 0 -180 0 -180 0.0723496 -166.183 0 -180 0 -180 0 0 0 -180
0 0 0 -180 0 0 0 0 0.825561 -98.201 0 0 0 0 0 -180 0 0
inside=1 lambda=0.647 phi=5 theta=15
0 -180 0 -180 0 -180 0 0 0.0712655 -166.08 0 0 0 -180 0 -180 0 -180
0 0 0 0 0 0 0 -180 0.827183 -98.195 0 -180 0 0 0 0 0 0
0 -180 0 -0 0 0 0 -180 0.000282565 9.94379 0 0 0 0 0 180 0 -180
0 0 0 -0 0 -180 0 0 0.000461993 -78.1642 0 -180 0 -180 0 180 0 0
0 -180 0 -180 0 0 0 -0 0.000282629 9.92402 0 180 0 0 0 0 0 -180
0 0 0 0 0 -180 0 -0 0.000461698 -78.2402 0 180 0 -180 0 -180 0 0
0 -180 0 0 0 -180 0 -180 0.0722718 -166.176 0 -180 0 -180 0 0 0 -180
0 0 0 -180 0 0 0 0 0.825678 -98.2006 0 0 0 0 0 -180 0 0
inside=1 lambda=0.647 phi=5 theta=30
0 -180 0 -180 0 -180 0 0 0.0714781 -166.1 0 0 0 -180 0 -180 0 -180
0 0 0 0 0 0 0 -180 0.826865 -98.1962 0 -180 0 0 0 0 0 0
0 -180 0 -0 0 0 0 -180 0.00048944 9.93963 0 0 0 0 0 180 0 -180
0 0 0 -0 0 -180 0 0 0.000800086 -78.1804 0 -180 0 -180 0 180 0 0
0 -180 0 -180 0 0 0 -0 0.000489504 9.92822 0 180 0 0 0 0 0 -180
0 0 0 0 0 -180 0 -0 0.000799792 -78.2243 0 180 0 -180 0 -180 0 0
0 -180 0 0 0 -180 0 -180 0.0720591 -166.156 0 -180 0 -180 0 0 0 -180
0 0 0 -180 0 0 0 0 0.825996 -98.1994 0 0 0 0 0 -180 0 0
inside=1 lambda=0.647 phi=5 theta=45
0 -180 0 -180 0 -180 0 0 0.0717686 -166.128 0 0 0 -180 0 -180 0 -180
0 0 0 0 0 0 0 -180 0.82643 -98.1978 0 -180 0 0 0 0 0 0
0 -180 0 -0 0 0 0 -180 0.000565194 9.93393 0 0 0 0 0 180 0 -180
0 0 0 -0 0 -180 0 0 0.00092369 -78.2024 0 -180 0 -180 0 180 0 0
0 -180 0 -180 0 0 0 -0 0.000565194 9.93393 0 180 0 0 0 0 0 -180
0 0 0 0 0 -180 0 -0 0.00092369 -78.2024 0 180 0 -180 0 -180 0 0
0 -180 0 0 0 -180 0 -180 0.0717686 -166.128 0 -180 0 -180 0 0 0 -180
0 0 0 -180 0 0 0 0 0.82643 -98.1978 0 0 0 0 0 -180 0 0
inside=1 lambda=0.647 phi=10 theta=0
0 -180 0 -180 0 -180 0 0 0.0716698 -163.635 0 0 0 -180 0 -180 0 -180
0 0 0 0 0 0 0 -180 0.829811 -99.9558 0 -180 0 0 0 0 0 0
0 -180 0 -0 0 0 0 -180 7.66772e-14 25.9568 0 180 0 0 0 180 0 -180
0 0 0 -0 0 -180 0 -0 2.23596e-13 -9.52811 0 -180 0 -180 0 180 0 0
0 -180 0 -180 0 0 0 -0 7.26243e-14 8.81854 0 -0 0 0 0 0 0 -180
0 0 0 0 0 -180 0 -0 2.14169e-13 -12.0056 0 -0 0 -180 0 -180 0 0
0 -180 0 0 0 -180 0 -180 0.0763891 -164.149 0 -180 0 -180 0 0 0 -180
0 0 0 -180 0 0 0 0 0.822785 -99.9829 0 0 0 0 0 -180 0 0
inside=1 lambda=0.647 phi=10 theta=15
0 -180 0 -180 0 -180 0 0 0.0719856 -163.671 0 0 0 -180 0 -180 0 -180
0 0 0 0 0 0 0 -180 0.82934 -99.9577 0 -180 0 0 0 0 0 0
0 -180 0 -0 0 0 0 -180 0.00116384 10.9061 0 0 0 0 0 180 0 -180
0 0 0 -0 0 -180 0 0 0.00187127 -79.7424 0 -180 0 -180 0 180 0 0
0 -180 0 -180 0 0 0 -0 0.00116452 10.8309 0 180 0 0 0 0 0 -180
0 0 0 0 0 -180 0 -0 0.00186642 -80.0452 0 180 0 -180 0 -180 0 0
0 -180 0 0 0 -180 0 -180 0.0760726 -164.116 0 -180 0 -180 0 0 0 -180
0 0 0 -180 0 0 0 0 0.823256 -99.9811 0 0 0 0 0 -180 0 0
inside=1 lambda=0.647 phi=10 theta=30
0 -180 0 -180 0 -180 0 0 0.0728486 -163.768 0 0 0 -180 0 -180 0 -180
0 0 0 0 0 0 0 -180 0.828054 -99.9628 0 -180 0 0 0 0 0 0
0 -180 0 -0 0 0 0 -180 0.00201607 10.8905 0 0 0 0 0 180 0 -180
0 0 0 -0 0 -180 0 0 0.0032393 -79.8087 0 -180 0 -180 0 180 0 0
0 -180 0 -180 0 0 0 -0 0.00201675 10.8471 0 180 0 0 0 0 0 -180
0 0 0 0 0 -180 0 -0 0.00323445 -79.9834 0 180 0 -180 0 -180 0 0
0 -180 0 0 0 -180 0 -180 0.0752083 -164.025 0 -180 0 -180 0 0 0 -180
0 0 0 -180 0 0 0 0 0.824541 -99.9763 0 0 0 0 0 -180 0 0
inside=1 lambda=0.647 phi=10 theta=45
0 -180 0 -180 0 -180 0 0 0.0740281 -163.897 0 0 0 -180 0 -180 0 -180
0 0 0 0 0 0 0 -180 0.826297 -99.9696 0 -180 0 0 0 0 0 0
0 -180 0 -0 0 0 0 -180 0.00232835 10.8689 0 0 0 0 0 180 0 -180
0 0 0 -0 0 -180 0 0 0.00373758 -79.8972 0 -180 0 -180 0 180 0 0
0 -180 0 -180 0 0 0 -0 0.00232835 10.8689 0 180 0 0 0 0 0 -180
0 0 0 0 0 -180 0 -0 0.00373758 -79.8972 0 180 0 -180 0 -180 0 0
0 -180 0 0 0 -180 0 -180 0.0740281 -163.897 0 -180 0 -180 0 0 0 -180
0 0 0 -180 0 0 0 0 0.826297 -99.9696 0 0 0 0 0 -180 0 0
inside=1 lambda=0.647 phi=15 theta=0
0 -180 0 -180 0 -180 0 0 0.0728729 -160.072 0 0 0 -180 0 -180 0 -180
0 0 0 0 0 0 0 -180 0.834096 -102.851 0 -180 0 0 0 0 0 0
0 -180 0 -0 0 0 0 180 9.64109e-14 168.216 0 -0 0 0 0 180 0 -180
0 0 0 -0 0 -180 0 180 3.15434e-13 170.851 0 -0 0 -180 0 180 0 0
0 -180 0 -180 0 0 0 180 6.30615e-14 -174.79 0 180 0 0 0 0 0 -180
0 0 0 0 0 -180 0 180 2.65393e-13 167.068 0 0 0 -180 0 -180 0 0
0 -180 0 0 0 -180 0 -180 0.0837996 -161.416 0 -180 0 -180 0 0 0 -180
0 0 0 -180 0 0 0 0 0.817998 -102.917 0 0 0 0 0 -180 0 0
inside=1 lambda=0.647 phi=15 theta=15
0 -180 0 -180 0 -180 0 0 0.0736038 -160.171 0 0 0 -180 0 -180 0 -180
0 0 0 0 0 0 0 -180 0.833016 -102.856 0 -180 0 0 0 0 0 0
0 -180 0 -0 0 0 0 -180 0.00275408 12.236 0 0 0 0 0 180 0 -180
0 0 0 -0 0 -180 0 0 0.00430113 -82.3612 0 -180 0 -180 0 180 0 0
0 -180 0 -180 0 0 0 -0 0.00275486 12.0882 0 180 0 0 0 0 0 -180
0 0 0 0 0 -180 0 -0 0.00427534 -83.0377 0 180 0 -180 0 -180 0 0
0 -180 0 0 0 -180 0 -180 0.0830672 -161.334 0 -180 0 -180 0 0 0 -180
0 0 0 -180 0 0 0 0 0.819075 -102.913 0 0 0 0 0 -180 0 0
inside=1 lambda=0.647 phi=15 theta=30
0 -180 0 -180 0 -180 0 0 0.0756018 -160.434 0 0 0 -180 0 -180 0 -180
0 0 0 0 0 0 0 -180 0.830068 -102.869 0 -180 0 0 0 0 0 0
0 -180 0 -0 0 0 0 -180 0.0047704 12.2063 0 0 0 0 0 180 0 -180
0 0 0 -0 0 -180 0 0 0.0074396 -82.5158 0 -180 0 -180 0 180 0 0
0 -180 0 -180 0 0 0 -0 0.00477119 12.121 0 180 0 0 0 0 0 -180
0 0 0 0 0 -180 0 -0 0.00741386 -82.906 0 180 0 -180 0 -180 0 0
0 -180 0 0 0 -180 0 -180 0.0810662 -161.104 0 -180 0 -180 0 0 0 -180
0 0 0 -180 0 0 0 0 0.822019 -102.902 0 0 0 0 0 -180 0 0
inside=1 lambda=0.647 phi=15 theta=45
0 -180 0 -180 0 -180 0 0 0.0783333 -160.777 0 0 0 -180 0 -180 0 -180
0 0 0 0 0 0 0 -180 0.826042 -102.886 0 -180 0 0 0 0 0 0
0 -180 0 -0 0 0 0 -180 0.00550879 12.1644 0 0 0 0 0 180 0 -180
0 0 0 -0 0 -180 0 0 0.00857525 -82.7166 0 -180 0 -180 0 180 0 0
0 -180 0 -180 0 0 0 -0 0.00550879 12.1644 0 180 0 0 0 0 0 -180
0 0 0 0 0 -180 0 -0 0.00857525 -82.7166 0 180 0 -180 0 -180 0 0
0 -180 0 0 0 -180 0 -180 0.0783333 -160.777 0 -180 0 -180 0 0 0 -180
0 0 0 -180 0 0 0 0 0.826042 -102.886 0 0 0 0 0 -180 0 0
inside=1 lambda=0.647 phi=20 theta=0
0 -180 0 -180 0 -180 0 0 0.0750137 -156.148 0 0 0 -180 0 -180 0 -180
0 0 0 0 0 0 0 -180 0.840334 -106.821 0 -180 0 0 0 0 0 0
0 -180 0 -0 0 0 0 -0 4.64702e-14 -170.726 0 -0 0 0 0 180 0 -180
0 0 0 -0 0 -180 0 -0 1.46057e-13 165.324 0 180 0 -180 0 180 0 0
0 -180 0 -180 0 0 0 -0 3.83793e-14 -163.017 0 -0 0 0 0 0 0 -180
0 0 0 0 0 -180 0 -0 1.2812e-13 161.288 0 0 0 -180 0 -180 0 0
0 -180 0 0 0 -180 0 -180 0.0953553 -158.784 0 -180 0 -180 0 0 0 -180
0 0 0 -180 0 0 0 0 0.81095 -106.948 0 0 0 0 0 -180 0 0
inside=1 lambda=0.647 phi=20 theta=15
0 -180 0 -180 0 -180 0 0 0.0763757 -156.359 0 0 0 -180 0 -180 0 -180
0 0 0 0 0 0 0 -180 0.83836 -106.831 0 -180 0 0 0 0 0 0
0 -180 0 -0 0 0 0 -180 0.00526293 13.5549 0 0 0 0 0 180 0 -180
0 0 0 -0 0 -180 0 0 0.00788451 -86.0037 0 -180 0 -180 0 180 0 0
0 -180 0 -180 0 0 0 -0 0.00525405 13.3614 0 0 0 0 0 0 0 -180
0 0 0 0 0 -180 0 -0 0.00779758 -87.1935 0 180 0 -180 0 -180 0 0
0 -180 0 0 0 -180 0 -180 0.0939965 -158.635 0 -180 0 -180 0 0 0 -180
0 0 0 -180 0 0 0 0 0.812913 -106.941 0 0 0 0 0 -180 0 0
inside=1 lambda=0.647 phi=20 theta=30
0 -180 0 -180 0 -180 0 0 0.0800999 -156.904 0 0 0 -180 0 -180 0 -180
0 0 0 0 0 0 0 -180 0.832972 -106.856 0 -180 0 0 0 0 0 0
0 -180 0 -0 0 0 0 -180 0.00911168 13.5194 0 0 0 0 0 180 0 -180
0 0 0 -0 0 -180 0 0 0.0136201 -86.2928 0 -180 0 -180 0 180 0 0
0 -180 0 -180 0 0 0 -0 0.00910306 13.408 0 180 0 0 0 0 0 -180
0 0 0 0 0 -180 0 -0 0.0135338 -86.9778 0 180 0 -180 0 -180 0 0
0 -180 0 0 0 -180 0 -180 0.0902782 -158.21 0 -180 0 -180 0 0 0 -180
0 0 0 -180 0 0 0 0 0.818281 -106.92 0 0 0 0 0 -180 0 0
inside=1 lambda=0.647 phi=20 theta=45
0 -180 0 -180 0 -180 0 0 0.0851904 -157.587 0 0 0 -180 0 -180 0 -180
0 0 0 0 0 0 0 -180 0.825621 -106.889 0 -180 0 0 0 0 0 0
0 -180 0 -0 0 0 0 -180 0.0105159 13.4665 0 0 0 0 0 180 0 -180
0 0 0 -0 0 -180 0 0 0.015675 -86.6536 0 -180 0 -180 0 180 0 0
0 -180 0 -180 0 0 0 -0 0.0105159 13.4665 0 180 0 0 0 0 0 -180
0 0 0 0 0 -180 0 -0 0.015675 -86.6536 0 180 0 -180 0 -180 0 0
0 -180 0 0 0 -180 0 -180 0.0851904 -157.587 0 -180 0 -180 0 0 0 -180
0 0 0 -180 0 0 0 0 0.825621 -106.889 0 0 0 0 0 -180 0 0
inside=1 lambda=0.647 phi=25 theta=0
0 -180 0 -180 0 -180 0 0 0.0777748 -152.768 0 0 0 -180 0 -180 0 -180
0 0 0 0 0 0 0 -180 0.848838 -111.78 0 -180 0 0 0 0 0 0
0 -180 0 -0 0 0 0 180 1.71226e-13 -14.0808 0 -180 0 0 0 180 0 -180
0 0 0 -0 0 -180 0 180 2.57696e-13 -33.5579 0 -0 0 -180 0 180 0 0
0 -180 0 -180 0 0 0 180 3.69559e-14 24.2795 0 -0 0 0 0 0 0 -180
0 0 0 0 0 -180 0 180 6.5652e-14 -41.4032 0 180 0 -180 0 -180 0 0
0 -180 0 0 0 -180 0 -180 0.111754 -156.992 0 -180 0 -180 0 0 0 -180
0 0 0 -180 0 0 0 0 0.801279 -111.995 0 0 0 0 0 -180 0 0
inside=1 lambda=0.647 phi=25 theta=15
0 -180 0 -180 0 -180 0 0 0.0800565 -153.146 0 0 0 -180 0 -180 0 -180
0 0 0 0 0 0 0 -180 0.845635 -111.797 0 -180 0 0 0 0 0 0
0 -180 0 -0 0 0 0 -180 0.00901935 14.4319 0 0 0 0 0 180 0 -180
0 0 0 -0 0 -180 0 0 0.0128284 -90.6435 0 -180 0 -180 0 180 0 0
0 -180 0 -180 0 0 0 -0 0.00896481 14.2922 0 0 0 0 0 0 0 -180
0 0 0 0 0 -180 0 -0 0.0125988 -92.4751 0 180 0 -180 0 -180 0 0
0 -180 0 0 0 -180 0 -180 0.109505 -156.776 0 -180 0 -180 0 0 0 -180
0 0 0 -180 0 0 0 0 0.804449 -111.985 0 0 0 0 0 -180 0 0
inside=1 lambda=0.647 phi=25 theta=30
0 -180 0 -180 0 -180 0 0 0.0862986 -154.086 0 0 0 -180 0 -180 0 -180
0 0 0 0 0 0 0 -180 0.836898 -111.842 0 -180 0 0 0 0 0 0
0 -180 0 -0 0 0 0 -180 0.0155984 14.4172 0 0 0 0 0 180 0 -180
0 0 0 -0 0 -180 0 0 0.022117 -91.1259 0 -180 0 -180 0 180 0 0
0 -180 0 -180 0 0 0 -0 0.0155458 14.3371 0 0 0 0 0 0 0 -180
0 0 0 0 0 -180 0 -0 0.0218911 -92.176 0 180 0 -180 0 -180 0 0
0 -180 0 0 0 -180 0 -180 0.103326 -156.152 0 -180 0 -180 0 0 0 -180
0 0 0 -180 0 0 0 0 0.813121 -111.952 0 0 0 0 0 -180 0 0
inside=1 lambda=0.647 phi=25 theta=45
0 -180 0 -180 0 -180 0 0 0.094827 -155.197 0 0 0 -180 0 -180 0 -180
0 0 0 0 0 0 0 -180 0.824994 -111.9 0 -180 0 0 0 0 0 0
0 -180 0 -0 0 0 0 -180 0.0179796 14.3847 0 0 0 0 0 180 0 -180
0 0 0 -0 0 -180 0 0 0.0253988 -91.6959 0 -180 0 -180 0 180 0 0
0 -180 0 -180 0 0 0 -0 0.0179796 14.3847 0 180 0 0 0 0 0 -180
0 0 0 0 0 -180 0 -0 0.0253988 -91.6959 0 180 0 -180 0 -180 0 0
0 -180 0 0 0 -180 0 -180 0.094827 -155.197 0 -180 0 -180 0 0 0 -180
0 0 0 -180 0 0 0 0 0.824994 -111.9 0 0 0 0 0 -180 0 0
inside=1 lambda=0.647 phi=30 theta=0
0 -180 0 -180 0 -180 0 0 0.0800554 -150.675 0 0 0 -180 0 -180 0 -180
0 0 0 0 0 0 0 -180 0.86011 -117.617 0 -180 0 0 0 0 0 0
0 -180 0 -0 0 0 0 180 2.14668e-13 -37.5399 0 0 0 0 0 180 0 -180
0 0 0 -0 0 -180 0 -180 2.09444e-13 -6.66379 0 -0 0 -180 0 180 0 0
0 -180 0 -180 0 0 0 -0 1.13216e-13 0.224979 0 -0 0 0 0 0 0 -180
0 -0 0 0 0 -180 0 -0 1.59822e-13 -35.8844 0 0 0 180 0 -180 0 0
0 -180 0 0 0 -180 0 -180 0.13342 -156.475 0 -180 0 -180 0 0 0 -180
0 0 0 -180 0 0 0 0 0.788505 -117.944 0 0 0 0 0 -180 0 0
inside=1 lambda=0.647 phi=30 theta=15
0 -180 0 -180 0 -180 0 0 0.0836559 -151.273 0 0 0 -180 0 -180 0 -180
0 0 0 0 0 0 0 -180 0.855269 -117.645 0 -180 0 0 0 0 0 0
0 -180 0 -0 0 0 0 -180 0.0144712 14.4996 0 0 0 0 0 180 0 -180
0 0 0 -0 0 -180 0 0 0.0194311 -96.2344 0 -180 0 -180 0 180 0 0
0 -180 0 -180 0 0 0 -0 0.014283 14.6011 0 0 0 0 0 0 0 -180
0 0 0 0 0 -180 0 -0 0.0189087 -98.8228 0 180 0 180 0 -180 0 0
0 -180 0 0 0 -180 0 -180 0.12996 -156.22 0 -180 0 -180 0 0 0 -180
0 0 0 -180 0 0 0 0 0.793258 -117.932 0 0 0 -0 0 -180 0 0
inside=1 lambda=0.647 phi=30 theta=30
0 -180 0 -180 0 -180 0 0 0.09352 -152.691 0 0 0 -180 0 -180 0 -180
0 0 0 0 0 0 0 -180 0.84208 -117.717 0 -180 0 -0 0 0 0 0
0 -180 0 -0 0 0 0 -180 0.0249818 14.5561 0 0 0 0 0 180 0 -180
0 0 0 -0 0 -180 0 0 0.0334025 -96.9889 0 -180 0 -180 0 180 0 0
0 -180 0 -180 0 0 0 -0 0.0248048 14.6131 0 0 0 0 0 0 0 -180
0 0 0 0 0 -180 0 -0 0.0328986 -98.4617 0 180 0 180 0 -180 0 0
0 -180 0 0 0 -180 0 -180 0.120348 -155.463 0 -180 0 -180 0 0 0 -180
0 0 0 -180 0 0 0 0 0.806278 -117.889 0 0 0 0 0 -180 0 0
inside=1 lambda=0.647 phi=30 theta=45
0 -180 0 -180 0 -180 0 0 0.106991 -154.237 0 0 0 -180 0 -180 0 -180
0 0 0 0 0 0 0 -180 0.824139 -117.81 0 -180 0 -0 0 0 0 0
0 -180 0 -0 0 0 0 -180 0.0287396 14.6016 0 0 0 0 0 0 0 -180
0 0 0 -0 0 -180 0 0 0.0382502 -97.8195 0 -180 0 -180 0 180 0 0
0 -180 0 -180 0 0 0 -0 0.0287396 14.6016 0 0 0 0 0 0 0 -180
0 0 0 0 0 -180 0 -0 0.0382502 -97.8195 0 180 0 -180 0 -180 0 0
0 -180 0 0 0 -180 0 -180 0.106991 -154.237 0 -180 0 -180 0 0 0 -180
0 0 0 -180 0 -0 0 0 0.824139 -117.81 0 0 0 0 0 -180 0 0
inside=1 lambda=0.647 phi=35 theta=0
0 -180 0 180 0 -180 0 0 0.0800116 -150.291 0 0 0 -180 0 180 0 -180
0 -0 0 0 0 0 0 -180 0.874898 -124.199 0 180 0 -0 0 0 0 0
0 -180 0 -0 0 0 0 -0 7.3617e-14 144.58 0 0 0 0 0 180 0 -180
0 0 0 -0 0 -180 0 0 3.86547e-14 -39.2433 0 180 0 -180 0 180 0 0
0 -180 0 -180 0 0 0 -0 3.1479e-14 -114.305 0 -0 0 0 0 0 0 -180
0 -0 0 0 0 -180 0 -0 1.73758e-14 -8.62622 0 -0 0 180 0 -180 0 0
0 -180 0 0 0 -180 0 -180 0.160363 -157.313 0 -180 0 -180 0 0 0 -180
0 -0 0 -180 0 0 0 0 0.77205 -124.637 0 0 0 -0 0 -180 0 0
inside=1 lambda=0.647 phi=35 theta=15
0 -180 0 -180 0 -180 0 0 0.0854657 -151.153 0 0 0 -180 0 180 0 -180
0 -0 0 0 0 0 0 -180 0.867903 -124.241 0 180 0 -0 0 0 0 0
0 -180 0 -0 0 0 0 -180 0.0221573 13.5484 0 0 0 0 0 180 0 -180
0 0 0 -0 0 -180 0 0 0.0281023 -102.688 0 -180 0 180 0 180 0 0
0 -180 0 -180 0 0 0 -0 0.0216608 14.1681 0 0 0 0 0 0 0 -180
0 -0 0 0 0 180 0 -0 0.0270239 -106.138 0 180 0 180 0 -180 0 0
0 -180 0 0 0 -180 0 -180 0.155353 -157.066 0 -180 0 -180 0 0 0 -180
0 -0 0 -180 0 -0 0 0 0.778829 -124.636 0 0 0 -0 0 -180 0 0
inside=1 lambda=0.647 phi=35 theta=30
0 -180 0 -180 0 -180 0 0 0.100457 -153.078 0 0 0 -180 0 180 0 -180
0 -0 0 0 0 0 0 -180 0.848888 -124.35 0 -180 0 -0 0 0 0 0
0 -180 0 -0 0 0 0 -180 0.0381493 13.7529 0 0 0 0 0 0 0 -180
0 0 0 -0 0 180 0 0 0.0480981 -103.83 0 -180 0 180 0 180 0 0
0 -180 0 -180 0 0 0 -0 0.037703 14.0974 0 0 0 0 0 0 0 -180
0 -0 0 0 0 180 0 -0 0.0470948 -105.767 0 180 0 180 0 -180 0 0
0 -180 0 0 0 -180 0 -180 0.141103 -156.311 0 -180 0 -180 0 0 0 -180
0 -0 0 -180 0 -0 0 0 0.797456 -124.593 0 0 0 -0 0 -180 0 0
inside=1 lambda=0.647 phi=35 theta=45
0 -180 0 -180 0 -180 0 0 0.120935 -154.971 0 0 0 -180 0 -180 0 -180
0 -0 0 0 0 -0 0 -180 0.823083 -124.485 0 -180 0 -0 0 0 0 0
0 -180 0 -0 0 0 0 -180 0.0437819 13.9588 0 0 0 0 0 0 0 -180
0 -0 0 -0 0 180 0 0 0.0548847 -104.976 0 -180 0 180 0 180 0 0
0 -180 0 -180 0 0 0 -0 0.0437819 13.9588 0 0 0 0 0 0 0 -180
0 -0 0 0 0 180 0 -0 0.0548847 -104.976 0 180 0 180 0 -180 0 0
0 -180 0 0 0 -180 0 -180 0.120935 -154.971 0 -180 0 -180 0 0 0 -180
0 -0 0 -180 0 -0 0 0 0.823083 -124.485 0 0 0 -0 0 -180 0 0
inside=1 lambda=0.647 phi=40 theta=0
0 -180 0 180 0 -180 0 0 0.0753432 -151.946 0 0 0 -180 0 180 0 -180
0 -0 0 0 0 0 0 -180 0.894229 -131.354 0 180 0 -0 0 0 0 0
0 -180 0 -0 0 0 0 180 8.64396e-14 23.2923 0 180 0 0 0 180 0 -180
0 -0 0 -0 0 -180 0 0 6.50831e-14 -90.3086 0 -0 0 180 0 180 0 0
0 -180 0 -180 0 0 0 -0 2.80759e-14 -97.1654 0 -0 0 0 0 0 0 -180
0 -0 0 0 0 -180 0 -0 6.4785e-15 71.5291 0 -180 0 180 0 -180 0 0
0 -180 0 0 0 -180 0 -180 0.191833 -159.317 0 -180 0 -180 0 0 0 -180
0 -0 0 -180 0 0 0 -0 0.751325 -131.848 0 0 0 -0 0 -180 0 0
inside=1 lambda=0.647 phi=40 theta=15
0 -180 0 180 0 -180 0 0 0.0832925 -153.015 0 0 0 -180 0 180 0 180
0 -0 0 0 0 0 0 -180 0.884429 -131.422 0 180 0 -0 0 0 0 0
0 -180 0 -0 0 0 0 -180 0.0326632 11.553 0 0 0 0 0 180 0 -180
0 -0 0 -0 0 -180 0 0 0.039403 -109.836 0 180 0 180 0 180 0 0
0 -180 0 -180 0 0 0 -0 0.0315402 13.063 0 0 0 0 0 0 0 -180
0 -0 0 0 0 180 0 -0 0.0372961 -114.251 0 180 0 180 0 -180 0 0
0 -180 0 0 0 -180 0 -180 0.185208 -159.129 0 -180 0 -180 0 0 0 -180
0 -0 0 -180 0 -0 0 -0 0.760611 -131.895 0 0 0 -0 0 -180 0 0
inside=1 lambda=0.647 phi=40 theta=30
0 -180 0 -180 0 -180 0 0 0.105341 -155.336 0 0 0 -180 0 180 0 180
0 -0 0 0 0 -0 0 -180 0.857874 -131.578 0 180 0 -0 0 0 0 0
0 -180 0 -0 0 0 0 -180 0.0560292 12.0137 0 0 0 0 0 0 0 180
0 -0 0 -0 0 180 0 0 0.0669778 -111.552 0 180 0 180 0 180 0 0
0 -180 0 -180 0 0 0 -0 0.055101 12.8312 0 0 0 0 0 0 0 180
0 -0 0 0 0 180 0 -0 0.0651466 -113.981 0 180 0 180 0 180 0 0
0 -180 0 0 0 -180 0 -180 0.165026 -158.566 0 -180 0 -180 0 0 0 180
0 -0 0 -180 0 -0 0 0 0.786342 -131.89 0 0 0 -0 0 180 0 0
inside=1 lambda=0.647 phi=40 theta=45
0 -180 0 -180 0 -180 0 0 0.135529 -157.359 0 0 0 -180 0 180 0 180
0 -0 0 0 0 -0 0 -180 0.821937 -131.761 0 180 0 -0 0 0 0 0
0 -180 0 -0 0 0 0 -180 0.0641401 12.4818 0 0 0 0 0 0 0 180
0 -0 0 -0 0 180 0 0 0.0761112 -113.073 0 180 0 180 0 180 0 0
0 -180 0 -180 0 0 0 -0 0.0641401 12.4818 0 0 0 0 0 0 0 180
0 -0 0 0 0 180 0 -0 0.0761112 -113.073 0 180 0 180 0 180 0 0
0 -180 0 0 0 -180 0 -180 0.135529 -157.359 0 180 0 -180 0 0 0 180
0 -0 0 -180 0 -0 0 0 0.821937 -131.761 0 0 0 -0 0 180 0 0
inside=1 lambda=0.647 phi=45 theta=0
0 -180 0 180 0 -180 0 0 0.0663737 -157.379 0 0 0 -180 0 180 0 -180
0 0 0 0 0 0 0.0200373 124.713 0.917337 -138.75 0 180 0 0 0 0 0 0
0 -180 0 -0 0 0 0 -180 1.18275e-13 174.699 0 0 0 0 0 180 0 -180
0 0 0 -0 0 -180 6.02207e-13 -159.092 4.84969e-14 -9.75433 0 -0 0 -180 0 180 0 0
0 -180 0 -180 0 0 0 -0 1.07038e-13 4.75192 0 -180 0 0 0 0 0 -180
0 -0 0 0 0 -180 1.05168e-13 -3.4813 1.6032e-13 -95.8615 0 -0 0 180 0 -180 0 0
0 -180 0 0 0 -180 0 -180 0.224422 -163.39 0 -180 0 -180 0 0 0 -180
0 -0 0 -180 0 0 0.202671 -9.11438 0.722962 -138.931 0 0 0 -0 0 -180 0 0
inside=1 lambda=0.647 phi=45 theta=15
0 -180 0 180 0 -180 0 0 0.0748637 -157.561 0 0 0 -180 0 180 0 180
0 -0 0 0 0 -0 0 -180 0.905984 -138.974 0 180 0 -0 0 0 0 0
0 -180 0 -0 0 0 0 -180 0.0466054 8.64372 0 0 0 0 0 180 0 180
0 -0 0 -0 0 180 0 -0 0.0542276 -117.314 0 180 0 180 0 180 0 0
0 -180 0 -180 0 0 0 -0 0.0442057 11.5541 0 0 0 0 0 0 0 180
0 -0 0 0 0 180 0 -0 0.0500537 -122.822 0 180 0 180 0 180 0 0
0 -180 0 0 0 -180 0 -180 0.218016 -162.063 0 -180 0 -180 0 0 0 180
0 -0 0 -180 0 -0 0 -0 0.738185 -139.409 0 0 0 -0 0 180 0 0
inside=1 lambda=0.647 phi=45 theta=30
0 -180 0 -180 0 -180 0 0 0.106168 -159.479 0 0 0 -180 0 180 0 180
0 -0 0 0 0 -0 0 -180 0.869796 -139.218 0 180 0 -0 0 0 0 0
0 -180 0 -0 0 0 0 -180 0.0794942 9.50234 0 0 0 0 0 0 0 180
0 -0 0 -0 0 180 0 0 0.0909701 -119.997 0 180 0 180 0 180 0 0
0 -180 0 -180 0 0 0 -0 0.0778336 11.0074 0 0 0 0 0 0 0 180
0 -0 0 0 0 180 0 -0 0.0878521 -122.932 0 180 0 180 0 180 0 0
0 -180 0 0 0 -180 0 -180 0.191325 -161.915 0 180 0 -180 0 0 0 180
0 -0 0 -180 0 -0 0 -0 0.772659 -139.57 0 0 0 -0 0 180 0 0
inside=1 lambda=0.647 phi=45 theta=45
0 -180 0 -180 0 -180 0 0 0.149401 -161.182 0 0 0 -180 0 180 0 180
0 -0 0 0 0 -0 0 -180 0.820933 -139.444 0 180 0 -0 0 0 0 0
0 -180 0 -0 0 0 0 -180 0.0908109 10.3513 0 0 0 0 0 0 0 180
0 -0 0 -0 0 180 0 0 0.102892 -121.965 0 180 0 180 0 180 0 0
0 -180 0 -180 0 0 0 -0 0.0908109 10.3513 0 0 0 0 0 0 0 180
0 -0 0 0 0 180 0 -0 0.102892 -121.965 0 180 0 180 0 180 0 0
0 -180 0 0 0 -180 0 -180 0.149401 -161.182 0 180 0 -180 0 0 0 180
0 -0 0 -180 0 -0 0 0 0.820933 -139.444 0 0 0 -0 0 180 0 0
