RSoft_BSDF_File_Version 2
1 0 5 2 1 0.731429
0.3 0.3
-1 1
-1 1
1 0.647 0.647
10 0 45 0.5
4 0 45
Begin_Dispersion_Data
0.647 1.45662 0 1 0 0
End_Dispersion_Data
inside=0 lambda=0.647 phi=0 theta=0
0 -180 0 -180 0 -180 0 0 0.175968 -16.1428 0 0 0 -180 0 -180 0 -180
0 -0 0 -0 0 -0 0 180 1.18807 165.167 0 180 0 -0 0 -0 0 -0
0 -180 0 180 0 0 0 -180 3.04235e-13 72.8182 0 -180 0 0 0 0 0 -180
0 -0 0 -0 0 180 0 180 1.11879e-12 -100.018 0 0 0 180 0 -0 0 -0
0 -180 0 -180 0 0 0 180 2.08908e-13 75.1168 0 -0 0 0 0 180 0 -180
0 -0 0 -0 0 180 0 0 1.08896e-12 -105.091 0 -180 0 180 0 -180 0 -0
0 -180 0 0 0 -180 0 -180 0.175968 -16.1428 0 -180 0 -180 0 0 0 -180
0 -0 0 180 0 -0 0 -0 1.18807 165.167 0 -0 0 -0 0 180 0 -0
inside=0 lambda=0.647 phi=0 theta=15
0 -180 0 -180 0 -180 0 0 0.175968 -16.1428 0 0 0 -180 0 -180 0 -180
0 -0 0 -0 0 -0 0 180 1.18807 165.167 0 180 0 -0 0 -0 0 -0
0 -180 0 180 0 0 0 -180 3.04235e-13 72.8182 0 -180 0 0 0 0 0 -180
0 -0 0 -0 0 180 0 180 1.11879e-12 -100.018 0 0 0 180 0 -0 0 -0
0 -180 0 -180 0 0 0 180 2.08908e-13 75.1168 0 -0 0 0 0 180 0 -180
0 -0 0 -0 0 180 0 0 1.08896e-12 -105.091 0 -180 0 180 0 -180 0 -0
0 -180 0 0 0 -180 0 -180 0.175968 -16.1428 0 -180 0 -180 0 0 0 -180
0 -0 0 180 0 -0 0 -0 1.18807 165.167 0 -0 0 -0 0 180 0 -0
inside=0 lambda=0.647 phi=0 theta=30
0 -180 0 -180 0 -180 0 0 0.175968 -16.1428 0 0 0 -180 0 -180 0 -180
0 -0 0 -0 0 -0 0 180 1.18807 165.167 0 180 0 -0 0 -0 0 -0
0 -180 0 180 0 0 0 -180 3.04235e-13 72.8182 0 -180 0 0 0 0 0 -180
0 -0 0 -0 0 180 0 180 1.11879e-12 -100.018 0 0 0 180 0 -0 0 -0
0 -180 0 -180 0 0 0 180 2.08908e-13 75.1168 0 -0 0 0 0 180 0 -180
0 -0 0 -0 0 180 0 0 1.08896e-12 -105.091 0 -180 0 180 0 -180 0 -0
0 -180 0 0 0 -180 0 -180 0.175968 -16.1428 0 -180 0 -180 0 0 0 -180
0 -0 0 180 0 -0 0 -0 1.18807 165.167 0 -0 0 -0 0 180 0 -0
inside=0 lambda=0.647 phi=0 theta=45
0 -180 0 -180 0 -180 0 0 0.175968 -16.1428 0 0 0 -180 0 -180 0 -180
0 -0 0 -0 0 -0 0 180 1.18807 165.167 0 180 0 -0 0 -0 0 -0
0 -180 0 180 0 0 0 -180 3.04235e-13 72.8182 0 -180 0 0 0 0 0 -180
0 -0 0 -0 0 180 0 180 1.11879e-12 -100.018 0 0 0 180 0 -0 0 -0
0 -180 0 -180 0 0 0 180 2.08908e-13 75.1168 0 -0 0 0 0 180 0 -180
0 -0 0 -0 0 180 0 0 1.08896e-12 -105.091 0 -180 0 180 0 -180 0 -0
0 -180 0 0 0 -180 0 -180 0.175968 -16.1428 0 -180 0 -180 0 0 0 -180
0 -0 0 180 0 -0 0 -0 1.18807 165.167 0 -0 0 -0 0 180 0 -0
inside=0 lambda=0.647 phi=5 theta=0
0 -180 0 -180 0 -180 0 0 0.171861 -19.3225 0 0 0 -180 0 -180 0 -180
0 -0 0 -0 0 -0 0 180 1.18639 162.72 0 180 0 -0 0 -0 0 -0
0 -180 0 -0 0 0 0 -180 4.05763e-13 64.8045 0 -180 0 0 0 180 0 -180
0 -0 0 -180 0 180 0 180 1.62839e-12 -106.767 0 0 0 180 0 0 0 -0
0 -180 0 -180 0 0 0 0 4.29503e-13 50.777 0 0 0 0 0 0 0 -180
0 -0 0 -0 0 180 0 180 1.69352e-12 -104.483 0 180 0 180 0 180 0 -0
0 -180 0 0 0 -180 0 -180 0.175809 -19.6965 0 -180 0 -180 0 0 0 -180
0 -0 0 180 0 -0 0 -0 1.19067 162.696 0 -0 0 -0 0 180 0 -0
inside=0 lambda=0.647 phi=5 theta=15
0 -180 0 -180 0 -180 0 0 0.172125 -19.3483 0 0 0 -180 0 -180 0 -180
0 -0 0 -0 0 -0 0 180 1.18667 162.718 0 180 0 -0 0 -0 0 -0
0 -180 0 -0 0 0 0 -180 0.000989028 143.963 0 0 0 0 0 180 0 -180
0 -0 0 -180 0 180 0 -0 0.00135897 -54.7136 0 180 0 180 0 0 0 -0
0 -180 0 -180 0 0 0 -0 0.000989278 143.967 0 180 0 0 0 0 0 -180
0 -0 0 -0 0 180 0 -180 0.00135402 -54.4682 0 0 0 180 0 180 0 -0
0 -180 0 0 0 -180 0 -180 0.175544 -19.6722 0 -180 0 -180 0 0 0 -180
0 -0 0 180 0 -0 0 -0 1.19038 162.698 0 -0 0 -0 0 180 0 -0
inside=0 lambda=0.647 phi=5 theta=30
0 -180 0 -180 0 -180 0 0 0.172847 -19.4181 0 0 0 -180 0 -180 0 -180
0 -0 0 -0 0 -0 0 180 1.18746 162.714 0 180 0 -0 0 -0 0 -0
0 -180 0 -0 0 0 0 -180 0.00171314 143.964 0 0 0 0 0 180 0 -180
0 -0 0 -180 0 180 0 -0 0.00235197 -54.6613 0 180 0 180 0 0 0 -0
0 -180 0 -180 0 0 0 -0 0.00171339 143.966 0 180 0 0 0 0 0 -180
0 -0 0 -0 0 180 0 -180 0.00234702 -54.5196 0 0 0 180 0 180 0 -0
0 -180 0 0 0 -180 0 -180 0.174821 -19.6051 0 -180 0 -180 0 0 0 -180
0 -0 0 180 0 -0 0 -0 1.1896 162.702 0 -0 0 -0 0 180 0 -0
inside=0 lambda=0.647 phi=5 theta=45
0 -180 0 -180 0 -180 0 0 0.173833 -19.5122 0 0 0 -180 0 -180 0 -180
0 -0 0 -0 0 -0 0 180 1.18853 162.708 0 180 0 -0 0 -0 0 -0
0 -180 0 -0 0 0 0 -180 0.0019783 143.965 0 0 0 0 0 180 0 -180
0 -0 0 -180 0 180 0 -0 0.00271295 -54.5902 0 180 0 180 0 0 0 -0
0 -180 0 -180 0 0 0 -0 0.0019783 143.965 0 180 0 0 0 0 0 -180
0 -0 0 -0 0 180 0 -180 0.00271295 -54.5902 0 0 0 180 0 180 0 -0
0 -180 0 0 0 -180 0 -180 0.173833 -19.5122 0 -180 0 -180 0 0 0 -180
0 -0 0 180 0 -0 0 -0 1.18853 162.708 0 -0 0 -0 0 180 0 -0
inside=0 lambda=0.647 phi=10 theta=0
0 -180 0 -180 0 -180 0 0 0.157919 -28.8692 0 0 0 -180 0 -180 0 -180
0 -0 0 -0 0 -0 0 180 1.18123 155.366 0 180 0 -0 0 -0 0 -0
0 -180 0 -0 0 0 0 -0 2.83444e-13 55.3937 0 -180 0 0 0 180 0 -180
0 -0 0 -180 0 180 0 0 1.19423e-12 -113.267 0 -0 0 180 0 0 0 -0
0 -180 0 -180 0 0 0 -0 2.83541e-13 46.4298 0 -0 0 0 0 0 0 -180
0 -0 0 -0 0 180 0 -180 9.8393e-13 -113.872 0 -0 0 180 0 180 0 -0
0 -180 0 0 0 -180 0 -180 0.173673 -30.6057 0 -180 0 -180 0 0 0 -180
0 -0 0 180 0 -0 0 -0 1.19916 155.289 0 -0 0 -0 0 180 0 -0
inside=0 lambda=0.647 phi=10 theta=15
0 -180 0 -180 0 -180 0 0 0.158964 -28.9988 0 0 0 -180 0 -180 0 -180
0 -0 0 -0 0 -0 0 180 1.18243 155.359 0 180 0 -0 0 -0 0 -0
0 -180 0 -0 0 0 0 -180 0.00390725 131.8 0 0 0 0 0 180 0 -180
0 -0 0 -180 0 180 0 -0 0.00563975 -61.2064 0 180 0 180 0 0 0 -0
0 -180 0 -180 0 0 0 -0 0.00391316 131.821 0 180 0 0 0 0 0 -180
0 -0 0 -0 0 180 0 -180 0.00555993 -60.1919 0 0 0 180 0 180 0 -0
0 -180 0 0 0 -180 0 -180 0.172608 -30.5015 0 -180 0 -180 0 0 0 -180
0 -0 0 180 0 -0 0 -0 1.19795 155.293 0 -0 0 -0 0 180 0 -0
inside=0 lambda=0.647 phi=10 theta=30
0 -180 0 -180 0 -180 0 0 0.161826 -29.3426 0 0 0 -180 0 -180 0 -180
0 -0 0 -0 0 -0 0 180 1.18571 155.342 0 180 0 -0 0 -0 0 -0
0 -180 0 -0 0 0 0 -180 0.00676949 131.804 0 0 0 0 0 180 0 -180
0 -0 0 -180 0 180 0 -0 0.00973731 -60.9836 0 180 0 180 0 0 0 -0
0 -180 0 -180 0 0 0 -0 0.0067754 131.816 0 180 0 0 0 0 0 -180
0 -0 0 -0 0 180 0 -180 0.00965758 -60.3981 0 0 0 180 0 180 0 -0
0 -180 0 0 0 -180 0 -180 0.169704 -30.2088 0 -180 0 -180 0 0 0 -180
0 -0 0 180 0 -0 0 -0 1.19467 155.304 0 -0 0 -0 0 180 0 -0
inside=0 lambda=0.647 phi=10 theta=45
0 -180 0 -180 0 -180 0 0 0.165755 -29.7884 0 0 0 -180 0 -180 0 -180
0 -0 0 -0 0 -0 0 180 1.19019 155.322 0 180 0 -0 0 -0 0 -0
0 -180 0 -0 0 0 0 -180 0.00782002 131.81 0 0 0 0 0 180 0 -180
0 -0 0 -180 0 180 0 -0 0.0111966 -60.6866 0 180 0 180 0 0 0 -0
0 -180 0 -180 0 0 0 -0 0.00782002 131.81 0 180 0 0 0 0 0 -180
0 -0 0 -0 0 180 0 -180 0.0111966 -60.6866 0 0 0 180 0 180 0 -0
0 -180 0 0 0 -180 0 -180 0.165755 -29.7884 0 -180 0 -180 0 0 0 -180
0 -0 0 180 0 -0 0 -0 1.19019 155.322 0 -0 0 -0 0 180 0 -0
inside=0 lambda=0.647 phi=15 theta=0
0 -180 0 -180 0 -180 0 0 0.130134 -44.9059 0 0 0 -180 0 -180 0 -180
0 -180 0 -0 0 -0 0 180 1.17178 143.068 0 180 0 -180 0 -0 0 -0
0 -180 0 -0 0 0 0 180 9.4914e-14 -144.412 0 -0 0 0 0 180 0 -180
0 -180 0 -180 0 180 0 0 3.14888e-13 55.4976 0 -180 0 0 0 0 0 -0
0 -180 0 -180 0 0 0 180 7.65271e-14 -125.339 0 180 0 0 0 0 0 -180
0 -180 0 -0 0 180 0 0 1.81862e-13 65.0837 0 0 0 0 0 180 0 -0
0 -180 0 0 0 -180 0 -180 0.164747 -49.9983 0 -180 0 -180 0 0 0 -180
0 -0 0 180 0 -0 0 -0 1.21566 142.951 0 -0 0 -0 0 180 0 -0
inside=0 lambda=0.647 phi=15 theta=15
0 -180 0 -180 0 -180 0 0 0.132364 -45.3467 0 0 0 -180 0 -180 0 -180
0 -180 0 -0 0 -0 0 180 1.17472 143.052 0 180 0 -180 0 -0 0 -0
0 -180 0 -0 0 0 0 -180 0.00845329 110.033 0 0 0 0 0 180 0 -180
0 -180 0 -180 0 180 0 -0 0.0136547 -72.3875 0 180 0 0 0 0 0 -0
0 -180 0 -180 0 0 0 -0 0.00849903 110.146 0 180 0 0 0 0 0 -180
0 -180 0 -0 0 180 0 -180 0.0132424 -70.0233 0 0 0 180 0 180 0 -0
0 -180 0 0 0 -180 0 -180 0.162345 -49.738 0 -180 0 -180 0 0 0 -180
0 -180 0 180 0 -0 0 -0 1.21272 142.95 0 -0 0 -0 0 180 0 -0
inside=0 lambda=0.647 phi=15 theta=30
0 -180 0 -180 0 -180 0 0 0.138525 -46.4644 0 0 0 -180 0 -180 0 -180
0 -180 0 -0 0 -0 0 180 1.18274 143.014 0 180 0 -180 0 -0 0 -0
0 -180 0 -0 0 0 0 -180 0.0146553 110.053 0 0 0 0 0 180 0 -180
0 -180 0 -180 0 180 0 -0 0.0234784 -71.8431 0 180 0 0 0 0 0 -0
0 -180 0 -180 0 0 0 -0 0.0147009 110.119 0 180 0 0 0 0 0 -180
0 -180 0 -0 0 0 0 -180 0.0230685 -70.4807 0 0 0 180 0 180 0 -0
0 -180 0 0 0 -180 0 -180 0.155841 -48.9782 0 -180 0 -180 0 0 0 -180
0 -180 0 180 0 -180 0 -0 1.20468 142.954 0 -0 0 -0 0 180 0 -0
inside=0 lambda=0.647 phi=15 theta=45
0 -180 0 -180 0 -180 0 0 0.147098 -47.8099 0 0 0 -180 0 -180 0 -180
0 -180 0 -0 0 -0 0 180 1.1937 142.975 0 180 0 -180 0 -0 0 -0
0 -180 0 -0 0 0 0 -180 0.0169471 110.084 0 0 0 0 0 180 0 -180
0 -180 0 -180 0 180 0 -0 0.0268623 -71.1403 0 180 0 0 0 0 0 -0
0 -180 0 -180 0 0 0 -0 0.0169471 110.084 0 180 0 0 0 0 0 -180
0 -180 0 -0 0 0 0 -180 0.0268623 -71.1403 0 0 0 180 0 180 0 -0
0 -180 0 0 0 -180 0 -180 0.147098 -47.8099 0 -180 0 -180 0 0 0 -180
0 -180 0 180 0 -180 0 -0 1.1937 142.975 0 -0 0 -0 0 180 0 -0
inside=0 lambda=0.647 phi=20 theta=0
0 -180 0 -180 0 -180 0 0 0.0852823 -68.0599 0 0 0 -180 0 -180 0 -180
0 -180 0 -0 0 -0 0 180 1.1551 125.788 0 0 0 -180 0 -0 0 -0
0 -180 0 -0 0 0 0 180 5.4175e-13 71.1699 0 180 0 0 0 180 0 -180
0 -180 0 -180 0 180 0 -180 7.61842e-13 -50.5675 0 -0 0 0 0 0 0 -0
0 -180 0 -180 0 0 0 -0 1.82119e-13 -130.831 0 180 0 0 0 0 0 -180
0 -180 0 -0 0 0 0 180 2.20971e-13 125.072 0 180 0 0 0 180 0 -180
0 -180 0 0 0 -180 0 -180 0.14315 -81.7484 0 -180 0 -180 0 0 0 -180
0 -180 0 180 0 -180 0 -180 1.24349 125.645 0 -0 0 -180 0 180 0 -180
inside=0 lambda=0.647 phi=20 theta=15
0 -180 0 -180 0 -180 0 0 0.0886577 -69.6101 0 0 0 -180 0 -180 0 -180
0 -180 0 -0 0 -0 0 180 1.16101 125.745 0 0 0 -180 0 -0 0 -0
0 -180 0 -0 0 0 0 -180 0.0139127 74.8844 0 0 0 0 0 180 0 -180
0 -180 0 -180 0 180 0 -0 0.0273695 -89.1718 0 0 0 0 0 0 0 -0
0 -180 0 -180 0 0 0 -0 0.0141077 75.4412 0 0 0 0 0 0 0 -180
0 -180 0 -0 0 0 0 -180 0.0259791 -84.9092 0 0 0 0 0 180 0 -0
0 -180 0 0 0 -180 0 -180 0.138822 -81.2609 0 -180 0 -180 0 0 0 -180
0 -180 0 180 0 -180 0 -180 1.23758 125.618 0 -0 0 -180 0 180 0 -0
inside=0 lambda=0.647 phi=20 theta=30
0 -180 0 -180 0 -180 0 0 0.0983118 -73.2157 0 0 0 -180 0 -180 0 -180
0 -180 0 -0 0 -0 0 180 1.17717 125.651 0 0 0 -180 0 -0 0 -0
0 -180 0 -0 0 0 0 -180 0.0241459 74.9734 0 0 0 0 0 180 0 -180
0 -180 0 -180 0 0 0 -0 0.0467635 -88.1311 0 0 0 0 0 0 0 -0
0 -180 0 -180 0 0 0 -0 0.0243382 75.2954 0 0 0 0 0 0 0 -180
0 -180 0 -0 0 0 0 -180 0.0454009 -85.6863 0 0 0 0 0 180 0 -0
0 -180 0 0 0 -180 0 -180 0.12733 -79.7132 0 -180 0 -180 0 0 0 -180
0 -180 0 180 0 -180 0 -0 1.22139 125.574 0 -0 0 -180 0 0 0 -0
inside=0 lambda=0.647 phi=20 theta=45
0 -180 0 -180 0 -180 0 0 0.112378 -76.9622 0 0 0 -180 0 -180 0 -180
0 -180 0 -0 0 -180 0 180 1.19927 125.579 0 0 0 -180 0 -0 0 -0
0 -180 0 -0 0 0 0 -180 0.0279789 75.1209 0 0 0 0 0 0 0 -180
0 -180 0 -180 0 0 0 -0 0.0531451 -86.8446 0 0 0 0 0 0 0 -0
0 -180 0 -180 0 0 0 -0 0.0279789 75.1209 0 0 0 0 0 0 0 -180
0 -180 0 -0 0 0 0 -180 0.0531451 -86.8446 0 0 0 0 0 0 0 -0
0 -180 0 0 0 -180 0 -180 0.112378 -76.9622 0 -180 0 -180 0 0 0 -180
0 -180 0 180 0 -180 0 -0 1.19927 125.579 0 -0 0 -180 0 0 0 -0
inside=0 lambda=0.647 phi=25 theta=0
0 -180 0 -180 0 -180 0 0 0.0277052 -102.724 0 0 0 -180 0 -180 0 -180
0 -180 0 -0 0 -0 0 180 1.12499 103.591 0 0 0 -180 0 -0 0 -0
0 -180 0 -180 0 0 0 180 3.20444e-14 135.63 0 -0 0 0 0 0 0 -180
0 -180 0 -180 0 180 0 -180 9.96662e-14 171.742 0 180 0 0 0 0 0 -0
0 -180 0 -180 0 0 0 180 2.73016e-13 -22.0243 0 180 0 0 0 0 0 -180
0 -180 0 -180 0 0 0 -180 2.2064e-13 -169.514 0 0 0 0 0 0 0 -180
0 -180 0 0 0 -180 0 -180 0.11731 -138.358 0 -180 0 -180 0 0 0 -180
0 -180 0 0 0 -180 0 -180 1.28535 103.315 0 -180 0 -180 0 0 0 -180
inside=0 lambda=0.647 phi=25 theta=15
0 -180 0 -180 0 -180 0 0 0.0316589 -111.644 0 0 0 -180 0 -180 0 -180
0 -180 0 -0 0 -180 0 180 1.1356 103.456 0 0 0 -180 0 -0 0 -0
0 -180 0 -0 0 0 0 -180 0.0211098 19.7068 0 0 0 0 0 0 0 -180
0 -180 0 -180 0 0 0 -180 0.0503866 -112.801 0 0 0 0 0 0 0 -0
0 -180 0 -180 0 0 0 -180 0.0214805 21.7696 0 0 0 0 0 0 0 -180
0 -180 0 -180 0 0 0 -180 0.0463212 -106.221 0 0 0 0 0 0 0 -180
0 -180 0 0 0 -180 0 -180 0.109825 -138.444 0 -180 0 -180 0 0 0 -180
0 -180 0 0 0 -180 0 -180 1.27455 103.192 0 -180 0 -180 0 0 0 -180
inside=0 lambda=0.647 phi=25 theta=30
0 -180 0 -180 0 -180 0 0 0.0451901 -126.339 0 0 0 -180 0 -180 0 -180
0 -180 0 -0 0 -180 0 180 1.16472 103.176 0 0 0 -180 0 -0 0 -0
0 -180 0 -0 0 0 0 -180 0.036567 19.9268 0 0 0 0 0 0 0 -180
0 -180 0 -180 0 0 0 -180 0.0851025 -111.112 0 0 0 0 0 0 0 -0
0 -180 0 -180 0 0 0 -0 0.0369209 21.0751 0 0 0 0 0 0 0 -180
0 -180 0 -180 0 0 0 -180 0.0812605 -107.377 0 0 0 0 0 0 0 -0
0 -180 0 0 0 -180 0 -180 0.0907882 -137.919 0 -180 0 -180 0 0 0 -180
0 -180 0 0 0 -180 0 -180 1.24501 103 0 -0 0 -180 0 0 0 -0
inside=0 lambda=0.647 phi=25 theta=45
0 -180 0 -180 0 -180 0 0 0.0668948 -134.837 0 0 0 -180 0 -180 0 -180
0 -180 0 -180 0 -180 0 0 1.20475 102.978 0 0 0 -180 0 -0 0 -0
0 -180 0 -0 0 0 0 -180 0.0423557 20.3967 0 0 0 0 0 0 0 -180
0 -180 0 -180 0 0 0 -180 0.0957535 -109.122 0 0 0 0 0 0 0 -0
0 -180 0 -180 0 0 0 -0 0.0423557 20.3967 0 0 0 0 0 0 0 -180
0 -180 0 -180 0 0 0 -180 0.0957535 -109.122 0 0 0 0 0 0 0 -0
0 -180 0 0 0 -180 0 -180 0.0668948 -134.837 0 -180 0 -180 0 0 0 -180
0 -180 0 0 0 -180 0 -180 1.20475 102.978 0 -0 0 -180 0 0 0 -0
inside=0 lambda=0.647 phi=30 theta=0
0 -180 0 180 0 -180 0.0453355 -59.2477 0.0197008 63.4562 0 0 0 -180 0 180 0 -180
0 -180 0 -0 0 -180 0 0 1.06848 76.8704 0 0 0 -180 0 -0 0 -180
0 -180 0 -180 0 0 6.53614e-15 58.9277 1.25316e-13 105.755 0 -180 0 0 0 0 0 -180
0 -180 0 180 0 0 0 180 2.52951e-13 67.9592 0 -180 0 0 0 -0 0 -180
0 -180 0 -180 0 0 1.07394e-13 26.5814 2.4089e-13 114.174 0 0 0 0 0 0 0 -180
0 -180 0 -180 0 0 0 0 2.99727e-13 166.443 0 -180 0 0 0 0 0 -180
0 -180 0 0 0 -180 0.306221 -91.9805 0.14371 142.269 0 -180 0 -180 0 0 0 -180
0 -180 0 0 0 -180 0 -180 1.32808 76.3572 0 -180 0 -180 0 0 0 -180
inside=0 lambda=0.647 phi=30 theta=15
0 -180 0 -180 0 -180 0 0 0.0274227 76.6852 0 0 0 -180 0 180 0 -180
0 -180 0 -0 0 -180 0 0 1.09042 76.4639 0 0 0 -180 0 -0 0 -0
0 -180 0 -180 0 0 0 -180 0.0399679 -48.9879 0 0 0 0 0 0 0 -180
0 -180 0 180 0 0 0 -180 0.0886082 -143.462 0 0 0 0 0 -0 0 -0
0 -180 0 -180 0 0 0 -180 0.0393642 -45.3672 0 0 0 0 0 0 0 -180
0 -180 0 -180 0 0 0 180 0.0758684 -134.097 0 -0 0 0 0 0 0 -180
0 -180 0 0 0 -180 0 -180 0.144694 137.692 0 -180 0 -180 0 0 0 -180
0 -180 0 0 0 -180 0 -180 1.32125 75.9175 0 -180 0 -180 0 0 0 -180
inside=0 lambda=0.647 phi=30 theta=30
0 -180 0 -180 0 -180 0 0 0.0475007 104.62 0 0 0 -180 0 -180 0 -180
0 -180 0 -180 0 -180 0 0 1.13756 75.5917 0 0 0 -180 0 -0 0 -0
0 -180 0 -180 0 0 0 -180 0.0685117 -49.3617 0 0 0 0 0 0 0 -180
0 -180 0 180 0 0 0 -180 0.144461 -141.027 0 0 0 0 0 -0 0 -0
0 -180 0 -180 0 0 0 -180 0.0681075 -47.6404 0 0 0 0 0 0 0 -180
0 -180 0 -180 0 0 0 180 0.133901 -135.706 0 -0 0 0 0 0 0 -0
0 -180 0 0 0 -180 0 -180 0.118071 129.124 0 -180 0 -180 0 0 0 -180
0 -180 0 0 0 -180 0 -180 1.27046 75.1189 0 -180 0 -180 0 0 0 -0
inside=0 lambda=0.647 phi=30 theta=45
0 -180 0 -180 0 -180 0 0 0.0822981 119.697 0 0 0 -180 0 -180 0 -180
0 -180 0 -180 0 -180 0 0 1.20314 75.048 0 0 0 -180 0 -180 0 -0
0 -180 0 -180 0 0 0 -180 0.0786875 -48.8994 0 0 0 0 0 0 0 -180
0 -180 0 180 0 0 0 -180 0.159366 -138.202 0 0 0 0 0 -0 0 -0
0 -180 0 -180 0 0 0 -180 0.0786875 -48.8994 0 0 0 0 0 0 0 -180
0 -180 0 -180 0 0 0 180 0.159366 -138.202 0 -0 0 0 0 0 0 -0
0 -180 0 0 0 -180 0 -180 0.0822981 119.697 0 -180 0 -180 0 0 0 -180
0 -180 0 0 0 -180 0 -180 1.20314 75.048 0 -180 0 -180 0 0 0 -0
inside=0 lambda=0.647 phi=35 theta=0
0 -180 0 180 0 -180 0.125779 -30.6989 0.0299993 -80.5885 0 0 0 -180 0 180 0 -180
0 180 0 -0 0 -180 0 0 0.97273 44.9617 0 -0 0 180 0 -0 0 -180
0 -180 0 -0 0 0 1.28729e-14 42.6511 1.13541e-14 -106.99 0 -0 0 0 0 180 0 -180
0 180 0 180 0 0 0 -0 1.35262e-13 -45.5085 0 180 0 -0 0 -0 0 -180
0 -0 0 -180 0 -0 1.04141e-13 -152.67 3.69579e-14 -79.914 0 -180 0 180 0 0 0 180
0 180 0 -180 0 0 0 180 3.56505e-13 -62.0602 0 -0 0 -0 0 0 0 -180
0 -180 0 0 0 -180 0.34085 -63.1005 0.271466 64.7741 0 -180 0 -180 0 0 0 -180
0 180 0 0 0 -180 0 180 1.37173 44.6381 0 -180 0 180 0 0 0 -180
inside=0 lambda=0.647 phi=35 theta=15
0 -180 0 180 0 -180 0.104586 -46.9222 0.022454 -16.2798 0 0 0 -180 0 180 0 -180
0 180 0 -180 0 -180 0 0 1.00255 44.4648 0 -0 0 180 0 -180 0 -180
0 -180 0 -180 0 0 0.0253317 -38.5416 0.0846489 -111.814 0 0 0 0 0 180 0 -180
0 180 0 180 0 0 0 -180 0.146494 -176.682 0 -0 0 -0 0 -0 0 -180
0 -180 0 -180 0 0 0.0738861 -84.6159 0.0813325 -111.327 0 180 0 180 0 0 0 180
0 180 0 -180 0 -0 0 180 0.116844 -163.752 0 -0 0 -0 0 0 0 -180
0 -180 0 0 0 -180 0.323364 -79.8976 0.25632 65.026 0 -180 0 -180 0 0 0 180
0 180 0 0 0 180 0 -180 1.34827 43.9991 0 -180 0 -180 0 0 0 -180
inside=0 lambda=0.647 phi=35 theta=30
0 -180 0 -180 0 -180 0 -0 0.0797427 37.9924 0 0 0 -180 0 180 0 180
0 180 0 -180 0 -180 0 0 1.08516 42.9754 0 -0 0 180 0 -180 0 -0
0 -180 0 -180 0 0 0 -180 0.146793 -112.706 0 0 0 0 0 180 0 180
0 180 0 180 0 0 0 -180 0.231277 -175.061 0 -0 0 -0 0 -0 0 -180
0 -180 0 -180 0 0 0 -180 0.144561 -111.555 0 180 0 0 0 0 0 180
0 180 0 -180 0 -0 0 180 0.202315 -166.868 0 -0 0 0 0 0 0 -180
0 -180 0 0 0 -180 0 -180 0.22539 62.1241 0 -180 0 -180 0 0 0 180
0 180 0 0 0 180 0 -180 1.28978 42.4844 0 -180 0 -180 0 0 0 -180
inside=0 lambda=0.647 phi=35 theta=45
0 -180 0 -180 0 -180 0 0 0.154069 52.754 0 0 0 -180 0 -180 0 180
0 180 0 -180 0 -180 0 0 1.18446 42.0009 0 -0 0 180 0 -180 0 -0
0 -180 0 -180 0 0 0 -180 0.167813 -112.864 0 0 0 0 0 180 0 180
0 180 0 180 0 0 0 -180 0.244316 -170.661 0 0 0 -0 0 -0 0 -0
0 -180 0 -180 0 0 0 -180 0.167813 -112.864 0 180 0 0 0 0 0 180
0 180 0 -180 0 -0 0 180 0.244316 -170.661 0 -0 0 0 0 0 0 -0
0 -180 0 0 0 -180 0 -180 0.154069 52.754 0 -180 0 -180 0 0 0 180
0 180 0 0 0 180 0 -180 1.18446 42.0009 0 -180 0 -180 0 -0 0 -0
inside=0 lambda=0.647 phi=40 theta=0
0 -180 0 180 0 -180 0.142007 -40.1184 0.214901 -176.255 0 0 0 -180 0 180 0 -180
0 180 0 -180 0 -180 0 0 0.786186 8.43433 0 -0 0 180 0 -180 0 -180
0 -180 0 -180 0 0 3.83818e-13 176.675 5.57836e-13 -77.4044 0 0 0 0 0 0 0 -180
0 180 0 180 0 0 0 180 2.37733e-13 37.3108 0 -0 0 -0 0 -0 0 -180
0 180 0 -180 0 0 1.75627e-12 39.9583 1.95917e-13 148.638 0 180 0 -0 0 0 0 -180
0 0 0 -180 0 0 0 0 5.09827e-13 136.177 0 180 0 -180 0 0 0 -180
0 180 0 0 0 -180 0.375798 131.772 0.381571 34.1072 0 -180 0 180 0 0 0 -180
0 0 0 0 0 -180 0 0 1.54749 18.1367 0 -180 0 0 0 0 0 -180
inside=0 lambda=0.647 phi=40 theta=15
0 -0 0 180 0 -180 0.11148 0.454418 0.157957 -166.676 0 0 0 -180 0 180 0 -180
0 180 0 -180 0 -180 0 0 0.84322 5.42571 0 -0 0 180 0 -180 0 -180
0 -0 0 -180 0 0 0.0914496 -13.3758 0.175598 -169.14 0 0 0 0 0 180 0 -180
0 180 0 180 0 0 0 180 0.280629 145.081 0 -0 0 -0 0 -0 0 -180
0 -0 0 -180 0 -0 0.0470761 5.05621 0.178271 -169.028 0 180 0 180 0 0 0 -180
0 180 0 -180 0 0 0 0 0.180628 176.507 0 -0 0 -180 0 -0 0 -180
0 -0 0 -0 0 180 0.196984 -41.8463 0.47565 10.4388 0 -180 0 -180 0 0 0 -180
0 180 0 0 0 -180 0 180 1.43943 10.7627 0 -180 0 180 0 -0 0 -180
inside=0 lambda=0.647 phi=40 theta=30
0 -180 0 180 0 -180 0.10199 -74.3638 0.0420189 -102.664 0 0 0 -180 0 180 0 180
0 180 0 -180 0 -180 0 0 0.976473 4.56317 0 -0 0 180 0 -180 0 -180
0 -180 0 -180 0 0 0.120075 -62.7256 0.299971 -172.174 0 0 0 0 0 180 0 180
0 180 0 180 0 0 0 180 0.393572 154.672 0 -0 0 -0 0 -0 0 -180
0 -180 0 -180 0 0 0.104411 -113.43 0.300558 -172.255 0 180 0 0 0 0 0 180
0 180 0 -180 0 -0 0 180 0.324739 168.501 0 -0 0 -0 0 -0 0 -180
0 -180 0 -0 0 -180 0.228065 -108.056 0.337172 0.754872 0 180 0 -180 0 0 0 180
0 180 0 0 0 180 0 180 1.31995 6.87793 0 -180 0 180 0 -0 0 -180
inside=0 lambda=0.647 phi=40 theta=45
0 -180 0 -180 0 -180 0 -0 0.17341 -11.9131 0 0 0 -180 0 180 0 180
0 180 0 -180 0 -180 0 0 1.15444 4.29741 0 -0 0 180 0 -180 0 -180
0 -180 0 -180 0 0 0 -180 0.347679 -173.104 0 0 0 0 0 180 0 180
0 180 0 180 0 -0 0 180 0.395366 162.2 0 -0 0 -0 0 -0 0 -180
0 -180 0 -180 0 0 0 -180 0.347679 -173.104 0 180 0 0 0 0 0 180
0 180 0 180 0 -0 0 180 0.395366 162.2 0 -0 0 -0 0 -0 0 -180
0 -180 0 -0 0 -180 0 -180 0.17341 -11.9131 0 180 0 -180 0 0 0 180
0 180 0 0 0 180 0 -180 1.15444 4.29741 0 -180 0 -180 0 -0 0 -180
inside=0 lambda=0.647 phi=45 theta=0
0 -0 0 180 0 -180 0.516645 53.1437 0.837978 57.4193 0 0 0 -0 0 180 0 -180
0 -0 0 -180 0 -180 0 180 0 0 0 -180 0 -0 0 -180 0 -180
0 -0 0 -180 0 0 4.092e-12 -130.193 2.77197e-12 -153.978 0 0 0 180 0 0 0 -180
0 -0 0 0 0 0 0 0 0 -0 0 -180 0 180 0 -180 0 -180
0 0 0 180 0 0 7.32061e-12 165.051 7.63725e-12 -49.9773 0 -180 0 -180 0 -0 0 -180
0 180 0 180 0 180 0 -180 0 -0 0 0 0 -0 0 -0 0 -0
0 0 0 -0 0 180 0.296015 51.8669 0.959927 -58.5078 0 180 0 0 0 -0 0 180
0 180 0 -0 0 -0 0 180 0 -0 0 180 0 180 0 -0 0 -0
inside=0 lambda=0.647 phi=45 theta=15
0 -180 0 -180 0 -180 0.288492 -22.7659 0.726067 66.0387 0 0 0 -0 0 180 0 -180
0 180 0 -180 0 -180 0 0 0 0 0 -180 0 -0 0 180 0 -180
0 -180 0 -180 0 0 0.718151 -115.914 0.386232 117.689 0 0 0 180 0 0 0 -180
0 180 0 0 0 0 0 180 0 180 0 -180 0 180 0 -180 0 -180
0 180 0 180 0 180 0.227353 -91.6766 0.372275 95.6631 0 0 0 -0 0 0 0 -180
0 180 0 180 0 180 0 0 0 180 0 180 0 -0 0 -0 0 -0
0 -180 0 -180 0 -0 0.445854 171.652 0.764503 -104.163 0 180 0 0 0 0 0 -180
0 180 0 -0 0 -0 0 180 0 -0 0 180 0 180 0 -0 0 -0
inside=0 lambda=0.647 phi=45 theta=30
0 -180 0 -180 0 -180 0.183806 -54.6756 0.488183 81.9205 0 0 0 -0 0 0 0 -180
0 0 0 -180 0 -180 0 0 0 -0 0 -180 0 180 0 180 0 -180
0 -180 0 -180 0 0 0.40462 -115.958 0.801221 74.3494 0 0 0 180 0 0 0 -180
0 -0 0 0 0 0 0 -0 0 180 0 -180 0 -0 0 -180 0 -180
0 -180 0 -180 0 -180 0.198956 -48.9127 0.824004 74.4562 0 0 0 180 0 0 0 -180
0 0 0 180 0 -0 0 0 0 180 0 -180 0 -0 0 -0 0 -180
0 -180 0 -180 0 0 0.23873 -62.436 0.53647 -111.87 0 0 0 0 0 0 0 -180
0 180 0 -0 0 180 0 180 0 -0 0 180 0 180 0 -0 0 -180
inside=0 lambda=0.647 phi=45 theta=45
0 -180 0 -180 0 -0 0 -180 0.158358 158.724 0 0 0 -0 0 0 0 -180
0 0 0 -180 0 180 0 0 0 -0 0 -180 0 180 0 180 0 -180
0 -180 0 -180 0 180 0 -180 0.987382 68.7244 0 0 0 180 0 0 0 -180
0 0 0 0 0 -0 0 -180 0 180 0 -180 0 -0 0 -180 0 -180
0 -180 0 -180 0 180 0 -180 0.987382 68.7244 0 0 0 180 0 0 0 -180
0 0 0 -180 0 -0 0 0 0 180 0 -180 0 -0 0 -180 0 -180
0 -180 0 -180 0 -0 0 -180 0.158358 158.724 0 0 0 -0 0 0 0 -180
0 0 0 0 0 180 0 -180 0 -0 0 180 0 180 0 -180 0 -180
inside=1 lambda=0.647 phi=0 theta=0
0 -180 0 -180 0 -180 0 0 0.175968 166.478 0 0 0 -180 0 -180 0 -180
0 -0 0 -0 0 -0 0 180 0.815637 165.167 0 180 0 -0 0 -0 0 -0
0 -180 0 -0 0 0 0 -180 1.16126e-13 55.3493 0 180 0 0 0 0 0 -180
0 -0 0 0 0 180 0 0 7.52142e-13 74.5697 0 180 0 180 0 0 0 -0
0 -180 0 180 0 0 0 0 8.68103e-14 35.9949 0 -0 0 0 0 -180 0 -180
0 -0 0 -0 0 180 0 -180 7.79332e-13 77.2134 0 -180 0 180 0 -0 0 -0
0 -180 0 0 0 -180 0 -180 0.175968 166.478 0 -180 0 -180 0 0 0 -180
0 -0 0 180 0 -0 0 -0 0.815637 165.167 0 -0 0 -0 0 180 0 -0
inside=1 lambda=0.647 phi=0 theta=15
0 -180 0 -180 0 -180 0 0 0.175968 166.478 0 0 0 -180 0 -180 0 -180
0 -0 0 -0 0 -0 0 180 0.815637 165.167 0 180 0 -0 0 -0 0 -0
0 -180 0 -0 0 0 0 -180 1.16126e-13 55.3493 0 180 0 0 0 0 0 -180
0 -0 0 0 0 180 0 0 7.52142e-13 74.5697 0 180 0 180 0 0 0 -0
0 -180 0 180 0 0 0 0 8.68103e-14 35.9949 0 -0 0 0 0 -180 0 -180
0 -0 0 -0 0 180 0 -180 7.79332e-13 77.2134 0 -180 0 180 0 -0 0 -0
0 -180 0 0 0 -180 0 -180 0.175968 166.478 0 -180 0 -180 0 0 0 -180
0 -0 0 180 0 -0 0 -0 0.815637 165.167 0 -0 0 -0 0 180 0 -0
inside=1 lambda=0.647 phi=0 theta=30
0 -180 0 -180 0 -180 0 0 0.175968 166.478 0 0 0 -180 0 -180 0 -180
0 -0 0 -0 0 -0 0 180 0.815637 165.167 0 180 0 -0 0 -0 0 -0
0 -180 0 -0 0 0 0 -180 1.16126e-13 55.3493 0 180 0 0 0 0 0 -180
0 -0 0 0 0 180 0 0 7.52142e-13 74.5697 0 180 0 180 0 0 0 -0
0 -180 0 180 0 0 0 0 8.68103e-14 35.9949 0 -0 0 0 0 -180 0 -180
0 -0 0 -0 0 180 0 -180 7.79332e-13 77.2134 0 -180 0 180 0 -0 0 -0
0 -180 0 0 0 -180 0 -180 0.175968 166.478 0 -180 0 -180 0 0 0 -180
0 -0 0 180 0 -0 0 -0 0.815637 165.167 0 -0 0 -0 0 180 0 -0
inside=1 lambda=0.647 phi=0 theta=45
0 -180 0 -180 0 -180 0 0 0.175968 166.478 0 0 0 -180 0 -180 0 -180
0 -0 0 -0 0 -0 0 180 0.815637 165.167 0 180 0 -0 0 -0 0 -0
0 -180 0 -0 0 0 0 -180 1.16126e-13 55.3493 0 180 0 0 0 0 0 -180
0 -0 0 0 0 180 0 0 7.52142e-13 74.5697 0 180 0 180 0 0 0 -0
0 -180 0 180 0 0 0 0 8.68103e-14 35.9949 0 -0 0 0 0 -180 0 -180
0 -0 0 -0 0 180 0 -180 7.79332e-13 77.2134 0 -180 0 180 0 -0 0 -0
0 -180 0 0 0 -180 0 -180 0.175968 166.478 0 -180 0 -180 0 0 0 -180
0 -0 0 180 0 -0 0 -0 0.815637 165.167 0 -0 0 -0 0 180 0 -0
inside=1 lambda=0.647 phi=5 theta=0
0 -180 0 -180 0 -180 0 0 0.17407 165.671 0 0 0 -180 0 -180 0 -180
0 -0 0 -0 0 -0 0 180 0.816741 164.016 0 180 0 -0 0 -0 0 -0
0 -180 0 -0 0 0 0 0 1.46162e-13 -121.812 0 0 0 0 0 180 0 -180
0 -0 0 -180 0 180 0 0 3.08285e-13 -121.491 0 -0 0 180 0 0 0 -0
0 -180 0 -180 0 0 0 180 5.67468e-14 162.447 0 180 0 0 0 0 0 -180
0 -0 0 -0 0 180 0 180 5.69274e-13 -102.206 0 -0 0 180 0 180 0 -0
0 -180 0 0 0 -180 0 -180 0.175928 165.819 0 -180 0 -180 0 0 0 -180
0 -0 0 180 0 -0 0 -0 0.81482 164.004 0 -0 0 -0 0 180 0 -0
inside=1 lambda=0.647 phi=5 theta=15
0 -180 0 -180 0 -180 0 0 0.174195 165.681 0 0 0 -180 0 -180 0 -180
0 -0 0 -0 0 -0 0 180 0.816613 164.015 0 180 0 -0 0 -0 0 -0
0 -180 0 -0 0 0 0 -180 0.000447801 -12.2255 0 0 0 0 0 180 0 -180
0 -0 0 -180 0 180 0 -0 0.000546926 -166.861 0 180 0 180 0 0 0 -0
0 -180 0 -180 0 0 0 -0 0.000447935 -12.144 0 0 0 0 0 0 0 -180
0 -0 0 -0 0 180 0 -180 0.00054639 -166.954 0 0 0 180 0 180 0 -0
0 -180 0 0 0 -180 0 -180 0.175803 165.81 0 -180 0 -180 0 0 0 -180
0 -0 0 180 0 -0 0 -0 0.814949 164.005 0 -0 0 -0 0 180 0 -0
inside=1 lambda=0.647 phi=5 theta=30
0 -180 0 -180 0 -180 0 0 0.174535 165.708 0 0 0 -180 0 -180 0 -180
0 -0 0 -0 0 -0 0 180 0.816261 164.013 0 180 0 -0 0 -0 0 -0
0 -180 0 -0 0 0 0 -180 0.000775663 -12.2082 0 0 0 0 0 180 0 -180
0 -0 0 -180 0 180 0 -0 0.000947106 -166.881 0 180 0 180 0 0 0 -0
0 -180 0 -180 0 0 0 -0 0.000775797 -12.1612 0 0 0 0 0 0 0 -180
0 -0 0 -0 0 180 0 -180 0.00094657 -166.934 0 0 0 180 0 180 0 -0
0 -180 0 0 0 -180 0 -180 0.175463 165.782 0 -180 0 -180 0 0 0 -180
0 -0 0 180 0 -0 0 -0 0.815301 164.007 0 -0 0 -0 0 180 0 -0
inside=1 lambda=0.647 phi=5 theta=45
0 -180 0 -180 0 -180 0 0 0.174999 165.745 0 0 0 -180 0 -180 0 -180
0 -0 0 -0 0 -0 0 180 0.815781 164.01 0 180 0 -0 0 -0 0 -0
0 -180 0 -0 0 0 0 -180 0.000895735 -12.1847 0 0 0 0 0 0 0 -180
0 -0 0 -180 0 180 0 -0 0.00109331 -166.908 0 180 0 180 0 0 0 -0
0 -180 0 -180 0 0 0 -0 0.000895735 -12.1847 0 0 0 0 0 0 0 -180
0 -0 0 -0 0 180 0 -180 0.00109331 -166.908 0 0 0 180 0 180 0 -0
0 -180 0 0 0 -180 0 -180 0.174999 165.745 0 -180 0 -180 0 0 0 -180
0 -0 0 180 0 -0 0 -0 0.815781 164.01 0 -0 0 -0 0 180 0 -0
inside=1 lambda=0.647 phi=10 theta=0
0 -180 0 -180 0 -180 0 0 0.168038 163.258 0 0 0 -180 0 -180 0 -180
0 -0 0 -0 0 -0 0 180 0.820121 160.577 0 180 0 -0 0 -0 0 -0
0 -180 0 -0 0 0 0 -0 5.86729e-14 -134.616 0 180 0 0 0 180 0 -180
0 -0 0 -180 0 180 0 -180 4.25105e-13 -109.183 0 180 0 180 0 0 0 -0
0 -180 0 -180 0 0 0 -180 4.1123e-14 -151.065 0 -0 0 0 0 0 0 -180
0 -0 0 -0 0 180 0 -180 4.10904e-13 -110.529 0 -180 0 180 0 180 0 -0
0 -180 0 0 0 -180 0 -180 0.175443 163.907 0 -180 0 -180 0 0 0 -180
0 -0 0 180 0 -0 0 -0 0.812397 160.535 0 -0 0 -0 0 180 0 -0
inside=1 lambda=0.647 phi=10 theta=15
0 -180 0 -180 0 -180 0 0 0.168533 163.302 0 0 0 -180 0 -180 0 -180
0 -0 0 -0 0 -0 0 180 0.819603 160.574 0 180 0 -0 0 -0 0 -0
0 -180 0 -0 0 0 0 -180 0.00177004 -13.4303 0 0 0 0 0 0 0 -180
0 -0 0 -180 0 180 0 -0 0.00219559 -170.388 0 180 0 180 0 0 0 -0
0 -180 0 -180 0 0 0 -0 0.00177279 -13.1016 0 0 0 0 0 0 0 -180
0 -0 0 -0 0 180 0 -180 0.00218705 -170.765 0 0 0 180 0 180 0 -0
0 -180 0 0 0 -180 0 -180 0.174946 163.864 0 -180 0 -180 0 0 0 -180
0 -0 0 180 0 -0 0 -0 0.812914 160.538 0 -0 0 -0 0 180 0 -0
inside=1 lambda=0.647 phi=10 theta=30
0 -180 0 -180 0 -180 0 0 0.169886 163.422 0 0 0 -180 0 -180 0 -180
0 -0 0 -0 0 -0 0 180 0.818189 160.566 0 180 0 -0 0 -0 0 -0
0 -180 0 -0 0 0 0 -180 0.00306678 -13.3595 0 0 0 0 0 0 0 -180
0 -0 0 -180 0 180 0 -0 0.00379964 -170.47 0 180 0 180 0 0 0 -0
0 -180 0 -180 0 0 0 -0 0.00306954 -13.1698 0 0 0 0 0 0 0 -180
0 -0 0 -0 0 180 0 -180 0.0037911 -170.687 0 0 0 180 0 180 0 -0
0 -180 0 0 0 -180 0 -180 0.173589 163.746 0 -180 0 -180 0 0 0 -180
0 -0 0 180 0 -0 0 -0 0.814327 160.545 0 -0 0 -0 0 180 0 -0
inside=1 lambda=0.647 phi=10 theta=45
0 -180 0 -180 0 -180 0 0 0.171737 163.585 0 0 0 -180 0 -180 0 -180
0 -0 0 -0 0 -0 0 180 0.816257 160.556 0 180 0 -0 0 -0 0 -0
0 -180 0 -0 0 0 0 -180 0.0035428 -13.264 0 0 0 0 0 0 0 -180
0 -0 0 -180 0 180 0 -0 0.00438245 -170.58 0 180 0 180 0 0 0 -0
0 -180 0 -180 0 0 0 -0 0.0035428 -13.264 0 0 0 0 0 0 0 -180
0 -0 0 -0 0 180 0 -180 0.00438245 -170.58 0 0 0 180 0 180 0 -0
0 -180 0 0 0 -180 0 -180 0.171737 163.585 0 -180 0 -180 0 0 0 -180
0 -0 0 180 0 -0 0 -0 0.816257 160.556 0 -0 0 -0 0 180 0 -0
inside=1 lambda=0.647 phi=15 theta=0
0 -180 0 -180 0 -180 0 0 0.156959 159.274 0 0 0 -180 0 -180 0 -180
0 -0 0 -0 0 -0 0 180 0.825954 154.899 0 180 0 -0 0 -0 0 -0
0 -180 0 -0 0 0 0 180 3.13789e-14 -25.901 0 -0 0 0 0 180 0 -180
0 -0 0 -180 0 180 0 180 5.90817e-13 67.9883 0 -180 0 180 0 0 0 -0
0 -180 0 -180 0 0 0 180 2.34933e-14 49.5229 0 180 0 0 0 0 0 -180
0 -0 0 -0 0 180 0 0 4.97492e-13 65.0053 0 -0 0 180 0 180 0 -0
0 -180 0 0 0 -180 0 -180 0.173455 160.952 0 -180 0 -180 0 0 0 -180
0 -0 0 180 0 -0 0 -0 0.808442 154.82 0 -0 0 -0 0 180 0 -0
inside=1 lambda=0.647 phi=15 theta=15
0 -180 0 -180 0 -180 0 0 0.158057 159.391 0 0 0 -180 0 -180 0 -180
0 -0 0 -0 0 -0 0 180 0.824779 154.894 0 180 0 -0 0 -0 0 -0
0 -180 0 -0 0 0 0 -180 0.00388497 -15.1635 0 0 0 0 0 0 0 -180
0 -0 0 -180 0 180 0 -0 0.00496987 -176.094 0 180 0 180 0 0 0 -0
0 -180 0 -180 0 0 0 -0 0.00390419 -14.423 0 0 0 0 0 0 0 -180
0 -0 0 -0 0 180 0 -180 0.00492662 -176.971 0 0 0 180 0 180 0 -0
0 -180 0 0 0 -180 0 -180 0.172343 160.844 0 -180 0 -180 0 0 0 -180
0 -0 0 180 0 -0 0 -0 0.809613 154.825 0 -0 0 -0 0 180 0 -0
inside=1 lambda=0.647 phi=15 theta=30
0 -180 0 -180 0 -180 0 0 0.161062 159.707 0 0 0 -180 0 -180 0 -180
0 -0 0 -0 0 -0 0 180 0.82157 154.879 0 180 0 -0 0 -0 0 -0
0 -180 0 -0 0 0 0 -180 0.00673582 -15.0001 0 0 0 0 0 0 0 -180
0 -0 0 -180 0 180 0 -0 0.00859101 -176.29 0 180 0 180 0 0 0 -0
0 -180 0 -180 0 0 0 -0 0.00675504 -14.5732 0 0 0 0 0 0 0 -180
0 -0 0 -0 0 180 0 -180 0.0085478 -176.797 0 0 0 180 0 180 0 -0
0 -180 0 0 0 -180 0 -180 0.16931 160.545 0 -180 0 -180 0 0 0 -180
0 -0 0 180 0 -0 0 -0 0.812815 154.839 0 -0 0 -0 0 180 0 -0
inside=1 lambda=0.647 phi=15 theta=45
0 -180 0 -180 0 -180 0 0 0.16518 160.131 0 0 0 -180 0 -180 0 -180
0 -0 0 -0 0 -0 0 180 0.817191 154.859 0 180 0 -0 0 -0 0 -0
0 -180 0 -0 0 0 0 -180 0.00778885 -14.7834 0 0 0 0 0 0 0 -180
0 -0 0 -180 0 180 0 -0 0.0098944 -176.549 0 180 0 180 0 0 0 -0
0 -180 0 -180 0 0 0 -0 0.00778885 -14.7834 0 0 0 0 0 0 0 -180
0 -0 0 -0 0 180 0 -180 0.0098944 -176.549 0 0 0 180 0 180 0 -0
0 -180 0 0 0 -180 0 -180 0.16518 160.131 0 -180 0 -180 0 0 0 -180
0 -0 0 180 0 -0 0 -0 0.817191 154.859 0 -0 0 -0 0 180 0 -0
inside=1 lambda=0.647 phi=20 theta=0
0 -180 0 -180 0 -180 0 0 0.139687 153.804 0 0 0 -180 0 -180 0 -180
0 -180 0 -0 0 -0 0 180 0.834446 147.066 0 180 0 -180 0 -0 0 -0
0 -180 0 -180 0 0 0 -0 3.23021e-14 -8.90726 0 -0 0 0 0 0 0 -180
0 -180 0 -180 0 180 0 -180 2.79998e-13 59.9961 0 0 0 0 0 0 0 -0
0 -180 0 -180 0 0 0 -0 2.50892e-14 9.42899 0 -0 0 0 0 0 0 -180
0 -180 0 -0 0 180 0 -180 2.50822e-13 57.6866 0 -0 0 0 0 180 0 -0
0 -180 0 0 0 -180 0 -180 0.168349 157.406 0 -180 0 -180 0 0 0 -180
0 -180 0 180 0 -0 0 -0 0.803035 146.957 0 -0 0 -180 0 180 0 -0
inside=1 lambda=0.647 phi=20 theta=15
0 -180 0 -180 0 -180 0 0 0.141575 154.071 0 0 0 -180 0 -180 0 -180
0 -180 0 -0 0 -0 0 180 0.832337 147.058 0 180 0 -180 0 -0 0 -0
0 -180 0 -0 0 0 0 -180 0.00660675 -16.889 0 0 0 0 0 0 0 -180
0 -180 0 -180 0 180 0 -0 0.00891692 176.282 0 180 0 0 0 0 0 -0
0 -180 0 -180 0 0 0 -0 0.0066911 -15.611 0 0 0 0 0 0 0 -180
0 -180 0 -0 0 0 0 -180 0.00877795 174.647 0 0 0 0 0 180 0 -0
0 -180 0 0 0 -180 0 -180 0.166397 157.184 0 -180 0 -180 0 0 0 -180
0 -180 0 180 0 -180 0 -0 0.805135 146.964 0 -0 0 -180 0 180 0 -0
inside=1 lambda=0.647 phi=20 theta=30
0 -180 0 -180 0 -180 0 0 0.146756 154.776 0 0 0 -180 0 -180 0 -180
0 -180 0 -0 0 -0 0 180 0.82658 147.038 0 180 0 -180 0 -0 0 -0
0 -180 0 -0 0 0 0 -180 0.0114736 -16.596 0 0 0 0 0 0 0 -180
0 -180 0 -180 0 0 0 -0 0.0153864 175.9 0 180 0 0 0 0 0 -0
0 -180 0 -180 0 0 0 -0 0.0115579 -15.8614 0 0 0 0 0 0 0 -180
0 -180 0 -0 0 0 0 -180 0.015248 174.956 0 0 0 0 0 180 0 -0
0 -180 0 0 0 -180 0 -180 0.161088 156.567 0 -180 0 -180 0 0 0 -180
0 -180 0 180 0 -180 0 -0 0.810876 146.983 0 -0 0 -180 0 180 0 -0
inside=1 lambda=0.647 phi=20 theta=45
0 -180 0 -180 0 -180 0 0 0.15389 155.693 0 0 0 -180 0 -180 0 -180
0 -180 0 -0 0 -180 0 180 0.818724 147.01 0 180 0 -180 0 -0 0 -0
0 -180 0 -0 0 0 0 -180 0.013297 -16.2181 0 0 0 0 0 0 0 -180
0 -180 0 -180 0 0 0 -0 0.0176827 175.41 0 180 0 0 0 0 0 -0
0 -180 0 -180 0 0 0 -0 0.013297 -16.2181 0 0 0 0 0 0 0 -180
0 -180 0 -0 0 0 0 -180 0.0176827 175.41 0 0 0 0 0 180 0 -0
0 -180 0 0 0 -180 0 -180 0.15389 155.693 0 -180 0 -180 0 0 0 -180
0 -180 0 180 0 -180 0 -0 0.818724 147.01 0 -0 0 -180 0 180 0 -0
inside=1 lambda=0.647 phi=25 theta=0
0 -180 0 -180 0 -180 0 0 0.115416 147.051 0 0 0 -180 0 -180 0 -180
0 -180 0 -0 0 -180 0 180 0.845727 137.202 0 0 0 -180 0 -0 0 -180
0 -180 0 -180 0 0 0 -180 1.55058e-13 125.692 0 -180 0 0 0 0 0 -180
0 -180 0 -180 0 0 0 -0 3.70864e-13 -136.227 0 -180 0 0 0 0 0 -180
0 -180 0 -180 0 0 0 180 2.91229e-14 178.868 0 -0 0 0 0 0 0 -180
0 -180 0 -0 0 0 0 -0 1.26003e-13 -140.515 0 0 0 0 0 180 0 -180
0 -180 0 0 0 -180 0 -180 0.158368 154.167 0 -180 0 -180 0 0 0 -180
0 -180 0 180 0 -180 0 -180 0.796154 137.076 0 -0 0 -180 0 180 0 -180
inside=1 lambda=0.647 phi=25 theta=15
0 -180 0 -180 0 -180 0 0 0.118177 147.632 0 0 0 -180 0 -180 0 -180
0 -180 0 -0 0 -180 0 180 0.842397 137.192 0 0 0 -180 0 -0 0 -0
0 -180 0 -0 0 0 0 -180 0.00962548 -17.5541 0 0 0 0 0 0 0 -180
0 -180 0 -180 0 0 0 -0 0.0141416 167.083 0 0 0 0 0 0 0 -180
0 -180 0 -180 0 0 0 -0 0.00990144 -15.7851 0 0 0 0 0 0 0 -180
0 -180 0 -0 0 0 0 -180 0.0137852 164.378 0 0 0 0 0 180 0 -180
0 -180 0 0 0 -180 0 -180 0.155375 153.765 0 -180 0 -180 0 0 0 -180
0 -180 0 180 0 -180 0 -180 0.79947 137.082 0 -0 0 -180 0 180 0 -180
inside=1 lambda=0.647 phi=25 theta=30
0 -180 0 -180 0 -180 0 0 0.125807 149.123 0 0 0 -180 0 -180 0 -180
0 -180 0 -0 0 -180 0 180 0.833309 137.165 0 0 0 -180 0 -0 0 -0
0 -180 0 -0 0 0 0 -180 0.0167737 -17.1217 0 0 0 0 0 0 0 -180
0 -180 0 -180 0 0 0 -0 0.0243335 166.417 0 0 0 0 0 0 0 -0
0 -180 0 -180 0 0 0 -0 0.0170489 -16.1133 0 0 0 0 0 0 0 -180
0 -180 0 -0 0 0 0 -180 0.0239805 164.859 0 0 0 0 0 180 0 -0
0 -180 0 0 0 -180 0 -180 0.147284 152.629 0 -180 0 -180 0 0 0 -180
0 -180 0 180 0 -180 0 -0 0.80853 137.101 0 -0 0 -180 0 0 0 -0
inside=1 lambda=0.647 phi=25 theta=45
0 -180 0 -180 0 -180 0 0 0.136431 150.963 0 0 0 -180 0 -180 0 -180
0 -180 0 -0 0 -180 0 180 0.820912 137.131 0 0 0 -180 0 -0 0 -0
0 -180 0 -0 0 0 0 -180 0.0195279 -16.5919 0 0 0 0 0 0 0 -180
0 -180 0 -180 0 0 0 -0 0.027878 165.592 0 0 0 0 0 0 0 -0
0 -180 0 -180 0 0 0 -0 0.0195279 -16.5919 0 0 0 0 0 0 0 -180
0 -180 0 -0 0 0 0 -180 0.027878 165.592 0 0 0 0 0 0 0 -0
0 -180 0 0 0 -180 0 -180 0.136431 150.963 0 -180 0 -180 0 0 0 -180
0 -180 0 180 0 -180 0 -0 0.820912 137.131 0 -0 0 -180 0 0 0 -0
inside=1 lambda=0.647 phi=30 theta=0
0 -180 0 -180 0 -180 0 0 0.0844777 139.45 0 0 0 -180 0 -180 0 -180
0 -180 0 -0 0 -180 0 180 0.859795 125.488 0 0 0 -180 0 -0 0 -180
0 -180 0 -0 0 0 0 -180 2.05399e-13 83.732 0 0 0 0 0 180 0 -180
0 -180 0 -180 0 0 0 0 4.16094e-13 -131.691 0 -180 0 0 0 0 0 -180
0 -180 0 -180 0 0 0 -0 9.48571e-14 119.143 0 0 0 0 0 0 0 -180
0 -180 0 -180 0 0 0 -180 3.5948e-13 -145.886 0 -0 0 0 0 0 0 -180
0 -180 0 0 0 -180 0 -180 0.14272 153.06 0 -180 0 -180 0 0 0 -180
0 -180 0 0 0 -180 0 -180 0.787473 125.344 0 -0 0 -180 0 0 0 -180
inside=1 lambda=0.647 phi=30 theta=15
0 -180 0 -180 0 -180 0 0 0.0880242 140.784 0 0 0 -180 0 -180 0 -180
0 -180 0 -0 0 -180 0 180 0.854929 125.472 0 0 0 -180 0 -0 0 -180
0 -180 0 -0 0 0 0 -180 0.0126592 -15.2572 0 0 0 0 0 0 0 -180
0 -180 0 -180 0 0 0 -180 0.0208982 156.656 0 0 0 0 0 0 0 -180
0 -180 0 -180 0 0 0 -0 0.0133631 -13.574 0 0 0 0 0 0 0 -180
0 -180 0 -180 0 0 0 -180 0.0200822 152.531 0 0 0 0 0 0 0 -180
0 -180 0 0 0 -180 0 -180 0.13847 152.412 0 -180 0 -180 0 0 0 -180
0 -180 0 0 0 -180 0 -180 0.792313 125.345 0 -0 0 -180 0 0 0 -180
inside=1 lambda=0.647 phi=30 theta=30
0 -180 0 -180 0 -180 0 0 0.0979955 143.994 0 0 0 -180 0 -180 0 -180
0 -180 0 -0 0 -180 0 180 0.841661 125.433 0 0 0 -180 0 -0 0 -180
0 -180 0 -0 0 0 0 -180 0.0221982 -14.7883 0 0 0 0 0 0 0 -180
0 -180 0 -180 0 0 0 -180 0.0357978 155.577 0 0 0 0 0 0 0 -180
0 -180 0 -180 0 0 0 -0 0.0228936 -13.8497 0 0 0 0 0 0 0 -180
0 -180 0 -180 0 0 0 -180 0.0349984 153.211 0 0 0 0 0 0 0 -180
0 -180 0 0 0 -180 0 -180 0.127131 150.532 0 -180 0 -180 0 0 0 -180
0 -180 0 180 0 -180 0 -180 0.805528 125.356 0 -0 0 -180 0 0 0 -180
inside=1 lambda=0.647 phi=30 theta=45
0 -180 0 -180 0 -180 0 0 0.11223 147.585 0 0 0 -180 0 -180 0 -180
0 -180 0 -180 0 -180 0 180 0.823581 125.388 0 0 0 -180 0 -0 0 -180
0 -180 0 -0 0 0 0 -180 0.0260398 -14.2731 0 0 0 0 0 0 0 -180
0 -180 0 -180 0 0 0 -180 0.040823 154.297 0 0 0 0 0 0 0 -180
0 -180 0 -180 0 0 0 -0 0.0260398 -14.2731 0 0 0 0 0 0 0 -180
0 -180 0 -180 0 0 0 -180 0.040823 154.297 0 0 0 0 0 0 0 -180
0 -180 0 0 0 -180 0 -180 0.11223 147.585 0 -180 0 -180 0 0 0 -180
0 -180 0 180 0 -180 0 -180 0.823581 125.388 0 -0 0 -180 0 0 0 -180
inside=1 lambda=0.647 phi=35 theta=0
0 -180 0 -180 0 -180 0 0 0.0491407 132.169 0 0 0 -180 0 -180 0 -180
0 -180 0 -0 0 -180 0 180 0.876651 112.182 0 0 0 -180 0 -0 0 -180
0 -180 0 -0 0 0 0 -0 7.92186e-14 -98.319 0 0 0 0 0 180 0 -180
0 -180 0 -180 0 0 0 -180 1.42382e-14 51.8917 0 -0 0 0 0 0 0 -180
0 -180 0 -180 0 0 0 -0 3.48747e-14 -7.87001 0 -0 0 0 0 0 0 -180
0 -180 0 -180 0 0 0 180 3.30935e-14 7.3489 0 180 0 0 0 0 0 -180
0 -180 0 0 0 -180 0 -180 0.124532 157.648 0 -180 0 -180 0 0 0 -180
0 -180 0 0 0 -180 0 -180 0.776084 111.978 0 -180 0 -180 0 0 0 -180
inside=1 lambda=0.647 phi=35 theta=15
0 -180 0 -180 0 -180 0 0 0.0532501 135.742 0 0 0 -180 0 180 0 -180
0 -180 0 -0 0 -180 0 180 0.869847 112.151 0 0 0 -180 0 -0 0 -180
0 -180 0 -0 0 0 0 -180 0.0161164 -7.64952 0 0 0 0 0 0 0 -180
0 -180 0 -180 0 0 0 -180 0.0297474 145.201 0 0 0 0 0 0 0 -180
0 -180 0 -180 0 0 0 -0 0.0174417 -7.63109 0 0 0 0 0 0 0 -180
0 -180 0 -180 0 0 0 -180 0.0279858 139.338 0 0 0 0 0 0 0 -180
0 -180 0 0 0 -180 0 -180 0.118643 156.859 0 -180 0 -180 0 0 0 -180
0 -180 0 0 0 -180 0 -180 0.782806 111.964 0 -180 0 -180 0 0 0 -180
inside=1 lambda=0.647 phi=35 theta=30
0 -180 0 -180 0 -180 0 0 0.0653874 143.23 0 0 0 -180 0 -180 0 -180
0 -180 0 -180 0 -180 0 180 0.851341 112.078 0 0 0 -180 0 -0 0 -180
0 -180 0 -0 0 0 0 -180 0.0284628 -7.51304 0 0 0 0 0 0 0 -180
0 -180 0 -180 0 0 0 -180 0.050587 143.556 0 0 0 0 0 0 0 -180
0 -180 0 -180 0 0 0 -0 0.0297446 -7.53783 0 0 0 0 0 0 0 -180
0 -180 0 -180 0 0 0 -180 0.0488929 140.215 0 0 0 0 0 0 0 -180
0 -180 0 0 0 -180 0 -180 0.103266 154.412 0 -180 0 -180 0 0 0 -180
0 -180 0 0 0 -180 0 -180 0.801143 111.959 0 -180 0 -180 0 0 0 -180
inside=1 lambda=0.647 phi=35 theta=45
0 -180 0 -180 0 -180 0 0 0.0835859 149.956 0 0 0 -180 0 -180 0 -180
0 -180 0 -180 0 -180 0 0 0.826199 112.001 0 0 0 -180 0 -0 0 -180
0 -180 0 -0 0 0 0 -180 0.0336301 -7.47552 0 0 0 0 0 0 0 -180
0 -180 0 -180 0 0 0 -180 0.057296 141.704 0 0 0 0 0 0 0 -180
0 -180 0 -180 0 0 0 -0 0.0336301 -7.47552 0 0 0 0 0 0 0 -180
0 -180 0 -180 0 0 0 -180 0.057296 141.704 0 0 0 0 0 0 0 -180
0 -180 0 0 0 -180 0 -180 0.0835859 149.956 0 -180 0 -180 0 0 0 -180
0 -180 0 0 0 -180 0 -180 0.826199 112.001 0 -0 0 -180 0 0 0 -180
inside=1 lambda=0.647 phi=40 theta=0
0 -180 0 180 0 -180 0 0 0.0141463 133.667 0 0 0 -180 0 180 0 -180
0 -180 0 -0 0 -180 0 0 0.896689 97.6383 0 0 0 -180 0 -0 0 -180
0 -180 0 -0 0 0 0 180 8.27338e-14 118.093 0 180 0 0 0 180 0 -180
0 -180 0 -180 0 0 0 -180 9.48435e-14 167.968 0 180 0 0 0 0 0 -180
0 -180 0 -180 0 0 0 -0 3.73678e-14 -10.1891 0 -0 0 0 0 0 0 -180
0 -180 0 -180 0 0 0 180 5.27967e-14 -8.12178 0 180 0 0 0 0 0 -180
0 -180 0 0 0 -180 0 -180 0.116951 171.725 0 -180 0 -180 0 0 0 -180
0 -180 0 0 0 -180 0 -180 0.76029 97.3001 0 -180 0 -180 0 0 0 -180
inside=1 lambda=0.647 phi=40 theta=15
0 -180 0 180 0 -180 0 0 0.0195427 147.219 0 0 0 -180 0 180 0 180
0 -180 0 -180 0 -180 0 0 0.887336 97.569 0 0 0 -180 0 -0 0 -180
0 -180 0 -0 0 0 0 -180 0.0222819 4.07319 0 0 0 0 0 0 0 -180
0 -180 0 -180 0 0 0 -180 0.0417065 132.649 0 0 0 0 0 0 0 -180
0 -180 0 -180 0 0 0 -0 0.0237418 1.0724 0 0 0 0 0 0 0 -180
0 -180 0 -180 0 0 0 -180 0.0380655 124.864 0 0 0 0 0 0 0 -180
0 -180 0 0 0 -180 0 -180 0.108811 171.643 0 -180 0 -180 0 0 0 -180
0 -180 0 0 0 -180 0 -180 0.769356 97.2412 0 -180 0 -180 0 0 0 -180
inside=1 lambda=0.647 phi=40 theta=30
0 -180 0 -180 0 -180 0 0 0.0365909 162.16 0 0 0 -180 0 180 0 180
0 -180 0 -180 0 -180 0 0 0.862043 97.4213 0 0 0 -180 0 -0 0 -180
0 -180 0 -0 0 0 0 -180 0.039278 3.47448 0 0 0 0 0 0 0 180
0 -180 0 -180 0 0 0 -180 0.0701195 130.258 0 0 0 0 0 0 0 -180
0 -180 0 -180 0 0 0 -0 0.0406216 1.8353 0 0 0 0 0 0 0 -180
0 -180 0 -180 0 0 0 -180 0.0667319 125.869 0 0 0 0 0 0 0 -180
0 -180 0 0 0 -180 0 -180 0.0881915 170.95 0 -180 0 -180 0 0 0 180
0 -180 0 0 0 -180 0 -180 0.794051 97.2002 0 -180 0 -180 0 0 0 -180
inside=1 lambda=0.647 phi=40 theta=45
0 -180 0 -180 0 -180 0 0 0.0617366 168.579 0 0 0 -180 0 180 0 180
0 -180 0 -180 0 -180 0 0 0.827898 97.2741 0 0 0 -180 0 -180 0 -180
0 -180 0 -0 0 0 0 -180 0.0461787 2.67929 0 0 0 0 0 0 0 180
0 -180 0 -180 0 0 0 -180 0.0786792 127.754 0 0 0 0 0 0 0 -180
0 -180 0 -180 0 0 0 -0 0.0461787 2.67929 0 0 0 0 0 0 0 180
0 -180 0 -180 0 0 0 -180 0.0786792 127.754 0 0 0 0 0 0 0 -180
0 -180 0 0 0 -180 0 -180 0.0617366 168.579 0 180 0 -180 0 0 0 180
0 -180 0 0 0 -180 0 -180 0.827898 97.2741 0 -180 0 -180 0 0 0 -180
inside=1 lambda=0.647 phi=45 theta=0
0 -180 0 180 0 180 0 0 0.0186075 -82.7568 0 0 0 -180 0 180 0 180
0 -180 0 -180 0 -180 0.0197875 -8.2859 0.919261 82.4148 0 0 0 -180 0 -180 0 -180
0 -180 0 -0 0 -0 0 -0 1.28499e-13 -109.067 0 0 0 0 0 180 0 180
0 -180 0 180 0 0 6.00936e-13 66.1185 8.03166e-14 -25.2844 0 -180 0 0 0 -0 0 -180
0 -180 0 -180 0 0 0 -0 1.03561e-13 91.4194 0 180 0 0 0 0 0 -180
0 -180 0 -180 0 0 1.10551e-13 -142.108 1.40587e-13 120.088 0 -180 0 0 0 0 0 -180
0 -180 0 0 0 -180 0 -180 0.144221 -172.201 0 -180 0 -180 0 0 0 -180
0 -180 0 0 0 -180 0.192377 -145.905 0.734539 82.0282 0 -180 0 -180 0 0 0 -180
inside=1 lambda=0.647 phi=45 theta=15
0 -180 0 180 0 -180 0 0 0.0176736 -114.166 0 0 0 -180 0 180 0 180
0 -180 0 -180 0 -180 0 0 0.908311 82.1685 0 0 0 -180 0 -180 0 -180
0 -180 0 -0 0 0 0 -180 0.0347208 12.3748 0 0 0 0 0 180 0 180
0 -180 0 180 0 0 0 -180 0.0583091 118.845 0 0 0 0 0 -0 0 -180
0 -180 0 -180 0 0 0 -0 0.0346497 7.93717 0 0 0 0 0 0 0 180
0 -180 0 -180 0 0 0 -180 0.0510434 109.129 0 0 0 0 0 0 0 -180
0 -180 0 0 0 -180 0 -180 0.129611 -170.513 0 -180 0 -180 0 0 0 180
0 -180 0 0 0 -180 0 -180 0.749838 81.6572 0 -180 0 -180 0 0 0 -180
inside=1 lambda=0.647 phi=45 theta=30
0 -180 0 -180 0 -180 0 0 0.0368258 -150.543 0 0 0 -180 0 180 0 180
0 -180 0 -180 0 -180 0 0 0.873851 81.8764 0 0 0 -180 0 -180 0 -180
0 -180 0 -0 0 0 0 -180 0.0603164 11.3479 0 0 0 0 0 0 0 180
0 -180 0 180 0 0 0 -180 0.0962254 115.418 0 0 0 0 0 0 0 -180
0 -180 0 -180 0 0 0 -0 0.0601887 9.25287 0 0 0 0 0 0 0 180
0 -180 0 -180 0 0 0 180 0.0899328 110.026 0 0 0 0 0 0 0 -180
0 -180 0 0 0 -180 0 -180 0.104002 -167.245 0 180 0 -180 0 0 0 180
0 -180 0 0 0 -180 0 -180 0.782549 81.4911 0 -180 0 -180 0 0 0 -180
inside=1 lambda=0.647 phi=45 theta=45
0 -180 0 -180 0 -180 0 0 0.0699406 -162.337 0 0 0 -180 0 180 0 180
0 -180 0 -180 0 -180 0 0 0.82778 81.6174 0 0 0 -180 0 -180 0 -180
0 -180 0 -0 0 0 0 -180 0.0696338 10.3171 0 0 0 0 0 0 0 180
0 -180 0 180 0 0 0 -180 0.106763 112.222 0 0 0 0 0 0 0 -180
0 -180 0 -180 0 0 0 -0 0.0696338 10.3171 0 0 0 0 0 0 0 180
0 -180 0 -180 0 0 0 180 0.106763 112.222 0 0 0 0 0 0 0 -180
0 -180 0 0 0 -180 0 -180 0.0699406 -162.337 0 180 0 -180 0 0 0 180
0 -180 0 0 0 -180 0 -180 0.82778 81.6174 0 -180 0 -180 0 0 0 -180
