RSoft_BSDF_File_Version 2
1 0 5 2 1 0.365714
0.3 0.3
-1 1
-1 1
1 0.647 0.647
10 0 45 0.5
4 0 45
Begin_Dispersion_Data
0.647 1.45662 0 1 0 0
End_Dispersion_Data
inside=0 lambda=0.647 phi=0 theta=0
0 0 0 -180 0 0 0 0 0.195682 -120.389 0 0 0 0 0 -180 0 0
0 -0 0 0 0 -0 0 -180 1.18357 -59.308 0 -180 0 -0 0 0 0 -0
0 0 0 0 0 -180 0 -180 8.35611e-13 139.73 0 -180 0 -180 0 0 0 0
0 -0 0 -0 0 180 0 0 2.78737e-13 89.0999 0 0 0 180 0 0 0 -0
0 0 0 180 0 -180 0 -0 9.77356e-13 -171.351 0 -180 0 -180 0 180 0 0
0 -0 0 180 0 180 0 0 5.58165e-13 -132.98 0 0 0 180 0 -180 0 -0
0 0 0 0 0 0 0 -180 0.195682 -120.389 0 -180 0 0 0 0 0 0
0 -0 0 -180 0 -0 0 0 1.18357 -59.308 0 0 0 -0 0 -180 0 -0
inside=0 lambda=0.647 phi=0 theta=15
0 0 0 -180 0 0 0 0 0.195682 -120.389 0 0 0 0 0 -180 0 0
0 -0 0 0 0 -0 0 -180 1.18357 -59.308 0 -180 0 -0 0 0 0 -0
0 0 0 0 0 -180 0 -180 8.35611e-13 139.73 0 -180 0 -180 0 0 0 0
0 -0 0 -0 0 180 0 0 2.78737e-13 89.0999 0 0 0 180 0 0 0 -0
0 0 0 180 0 -180 0 -0 9.77356e-13 -171.351 0 -180 0 -180 0 180 0 0
0 -0 0 180 0 180 0 0 5.58165e-13 -132.98 0 0 0 180 0 -180 0 -0
0 0 0 0 0 0 0 -180 0.195682 -120.389 0 -180 0 0 0 0 0 0
0 -0 0 -180 0 -0 0 0 1.18357 -59.308 0 0 0 -0 0 -180 0 -0
inside=0 lambda=0.647 phi=0 theta=30
0 0 0 -180 0 0 0 0 0.195682 -120.389 0 0 0 0 0 -180 0 0
0 -0 0 0 0 -0 0 -180 1.18357 -59.308 0 -180 0 -0 0 0 0 -0
0 0 0 0 0 -180 0 -180 8.35611e-13 139.73 0 -180 0 -180 0 0 0 0
0 -0 0 -0 0 180 0 0 2.78737e-13 89.0999 0 0 0 180 0 0 0 -0
0 0 0 180 0 -180 0 -0 9.77356e-13 -171.351 0 -180 0 -180 0 180 0 0
0 -0 0 180 0 180 0 0 5.58165e-13 -132.98 0 0 0 180 0 -180 0 -0
0 0 0 0 0 0 0 -180 0.195682 -120.389 0 -180 0 0 0 0 0 0
0 -0 0 -180 0 -0 0 0 1.18357 -59.308 0 0 0 -0 0 -180 0 -0
inside=0 lambda=0.647 phi=0 theta=45
0 0 0 -180 0 0 0 0 0.195682 -120.389 0 0 0 0 0 -180 0 0
0 -0 0 0 0 -0 0 -180 1.18357 -59.308 0 -180 0 -0 0 0 0 -0
0 0 0 0 0 -180 0 -180 8.35611e-13 139.73 0 -180 0 -180 0 0 0 0
0 -0 0 -0 0 180 0 0 2.78737e-13 89.0999 0 0 0 180 0 0 0 -0
0 0 0 180 0 -180 0 -0 9.77356e-13 -171.351 0 -180 0 -180 0 180 0 0
0 -0 0 180 0 180 0 0 5.58165e-13 -132.98 0 0 0 180 0 -180 0 -0
0 0 0 0 0 0 0 -180 0.195682 -120.389 0 -180 0 0 0 0 0 0
0 -0 0 -180 0 -0 0 0 1.18357 -59.308 0 0 0 -0 0 -180 0 -0
inside=0 lambda=0.647 phi=5 theta=0
0 0 0 -180 0 0 0 0 0.193739 -122.558 0 0 0 0 0 -180 0 0
0 -0 0 0 0 -0 0 -180 1.18149 -60.4105 0 -180 0 -0 0 0 0 -0
0 0 0 -0 0 -180 0 -0 5.46416e-14 17.564 0 180 0 -180 0 180 0 0
0 -0 0 0 0 180 0 0 8.06189e-14 94.7644 0 0 0 180 0 -180 0 -0
0 0 0 -180 0 -180 0 -0 7.53758e-14 129.685 0 -0 0 -180 0 0 0 0
0 -0 0 0 0 180 0 -180 7.60585e-14 112.254 0 0 0 180 0 -180 0 -0
0 0 0 0 0 0 0 -180 0.19808 -122.564 0 -180 0 0 0 0 0 0
0 -0 0 -180 0 -0 0 0 1.18554 -60.417 0 0 0 -0 0 -180 0 -0
inside=0 lambda=0.647 phi=5 theta=15
0 0 0 -180 0 0 0 0 0.19403 -122.558 0 0 0 0 0 -180 0 0
0 -0 0 0 0 -0 0 -180 1.18176 -60.4109 0 -180 0 -0 0 0 0 -0
0 0 0 -0 0 -180 0 -180 0.00108082 56.9166 0 0 0 -180 0 180 0 0
0 -0 0 0 0 180 0 0 0.00101684 116.239 0 -180 0 180 0 -180 0 -0
0 0 0 -180 0 -180 0 -0 0.00108085 56.9184 0 180 0 -180 0 0 0 0
0 -0 0 0 0 180 0 0 0.00101681 116.254 0 -180 0 180 0 -180 0 -0
0 0 0 0 0 0 0 -180 0.197789 -122.563 0 -180 0 0 0 0 0 0
0 -0 0 -180 0 -0 0 0 1.18527 -60.4165 0 0 0 -0 0 -180 0 -0
inside=0 lambda=0.647 phi=5 theta=30
0 0 0 -180 0 0 0 0 0.194824 -122.56 0 0 0 0 0 -180 0 0
0 -0 0 0 0 -0 0 -180 1.1825 -60.4121 0 -180 0 -0 0 0 0 -0
0 0 0 -0 0 -180 0 -180 0.00187204 56.917 0 0 0 -180 0 180 0 0
0 -0 0 0 0 180 0 0 0.0017612 116.243 0 -180 0 180 0 -180 0 -0
0 0 0 -180 0 -180 0 -0 0.00187207 56.918 0 180 0 -180 0 0 0 0
0 -0 0 0 0 180 0 0 0.00176118 116.251 0 -180 0 180 0 -180 0 -0
0 0 0 0 0 0 0 -180 0.196995 -122.562 0 -180 0 0 0 0 0 0
0 -0 0 -180 0 -0 0 0 1.18453 -60.4154 0 0 0 -0 0 -180 0 -0
inside=0 lambda=0.647 phi=5 theta=45
0 0 0 -180 0 0 0 0 0.195909 -122.561 0 0 0 0 0 -180 0 0
0 -0 0 0 0 -0 0 -180 1.18351 -60.4137 0 -180 0 -0 0 0 0 -0
0 0 0 -0 0 -180 0 -180 0.00216166 56.9175 0 0 0 -180 0 180 0 0
0 -0 0 0 0 180 0 0 0.00203365 116.247 0 -180 0 180 0 -180 0 -0
0 0 0 -180 0 -180 0 -0 0.00216166 56.9175 0 180 0 -180 0 0 0 0
0 -0 0 0 0 180 0 0 0.00203365 116.247 0 -180 0 180 0 -180 0 -0
0 0 0 0 0 0 0 -180 0.195909 -122.561 0 -180 0 0 0 0 0 0
0 -0 0 -180 0 -0 0 0 1.18351 -60.4137 0 0 0 -0 0 -180 0 -0
inside=0 lambda=0.647 phi=10 theta=0
0 -0 0 -180 0 0 0 0 0.187599 -129.034 0 0 0 -0 0 -180 0 0
0 -0 0 0 0 -180 0 -180 1.175 -63.7081 0 -180 0 -0 0 0 0 -180
0 0 0 -0 0 -180 0 180 5.56414e-14 75.2812 0 -180 0 -180 0 180 0 0
0 -0 0 0 0 0 0 180 6.04059e-15 139.736 0 0 0 180 0 -180 0 -180
0 0 0 -180 0 -180 0 180 6.38903e-14 173.488 0 -0 0 -180 0 0 0 0
0 -0 0 0 0 180 0 -180 5.13353e-14 -78.4202 0 -0 0 180 0 -180 0 -0
0 0 0 0 0 0 0 -180 0.205493 -129.052 0 -180 0 0 0 0 0 0
0 -0 0 -180 0 -0 0 0 1.19168 -63.7328 0 0 0 -0 0 -180 0 -0
inside=0 lambda=0.647 phi=10 theta=15
0 -0 0 -180 0 0 0 0 0.188798 -129.036 0 0 0 -0 0 -180 0 0
0 -0 0 0 0 -180 0 -180 1.17612 -63.7099 0 -180 0 -0 0 0 0 -180
0 0 0 -0 0 -180 0 -180 0.00445664 50.4438 0 0 0 -180 0 180 0 0
0 -0 0 0 0 0 0 0 0.00417935 113.013 0 -180 0 180 0 -180 0 -180
0 0 0 -180 0 -180 0 -0 0.00445708 50.4521 0 180 0 -180 0 0 0 0
0 -0 0 0 0 180 0 0 0.00417901 113.073 0 -180 0 180 0 -180 0 -0
0 0 0 0 0 0 0 -180 0.204294 -129.052 0 -180 0 0 0 0 0 0
0 -0 0 -180 0 -0 0 0 1.19056 -63.7313 0 0 0 -0 0 -180 0 -0
inside=0 lambda=0.647 phi=10 theta=30
0 -0 0 -180 0 0 0 0 0.192072 -129.041 0 0 0 -0 0 -180 0 0
0 -0 0 0 0 -180 0 -180 1.17917 -63.7147 0 -180 0 -0 0 0 0 -180
0 0 0 -0 0 -180 0 -180 0.00771927 50.4456 0 0 0 -180 0 180 0 0
0 -0 0 0 0 0 0 0 0.00723872 113.027 0 -180 0 180 0 -180 0 -180
0 0 0 -180 0 -180 0 -0 0.00771971 50.4503 0 180 0 -180 0 0 0 0
0 -0 0 0 0 180 0 0 0.00723838 113.062 0 -180 0 180 0 -180 0 -0
0 0 0 0 0 0 0 -180 0.201019 -129.05 0 -180 0 0 0 0 0 0
0 -0 0 -180 0 -0 0 0 1.18751 -63.7271 0 0 0 -180 0 -180 0 -180
inside=0 lambda=0.647 phi=10 theta=45
0 0 0 -180 0 0 0 0 0.196545 -129.046 0 0 0 -0 0 -180 0 0
0 -0 0 0 0 -180 0 -180 1.18334 -63.7211 0 -180 0 -0 0 0 0 -180
0 0 0 -0 0 -180 0 -180 0.00891369 50.4479 0 0 0 -180 0 180 0 0
0 -0 0 0 0 0 0 0 0.00835836 113.045 0 -180 0 180 0 -180 0 -180
0 0 0 -180 0 -180 0 -0 0.00891369 50.4479 0 180 0 -180 0 0 0 0
0 -0 0 0 0 180 0 0 0.00835836 113.045 0 -180 0 0 0 -180 0 -180
0 0 0 0 0 -0 0 -180 0.196545 -129.046 0 -180 0 0 0 0 0 0
0 -0 0 -180 0 -0 0 0 1.18334 -63.7211 0 0 0 -180 0 -180 0 -180
inside=0 lambda=0.647 phi=15 theta=0
0 -0 0 -180 0 0 0 0 0.176232 -139.725 0 0 0 -0 0 -180 0 0
0 -0 0 0 0 -180 0 -180 1.16334 -69.1727 0 -180 0 -0 0 0 0 -180
0 0 0 -0 0 -180 0 180 2.80552e-14 134.594 0 180 0 -180 0 180 0 0
0 -0 0 0 0 0 0 0 5.00479e-14 -155.86 0 180 0 180 0 -180 0 -180
0 0 0 -180 0 -180 0 -0 3.66773e-14 14.7433 0 -0 0 -180 0 0 0 0
0 -180 0 0 0 180 0 -0 6.70067e-14 154.01 0 -180 0 0 0 -180 0 -0
0 0 0 0 0 0 0 -180 0.218614 -139.75 0 -180 0 0 0 0 0 0
0 -0 0 -180 0 -0 0 0 1.20269 -69.222 0 0 0 -0 0 -180 0 -0
inside=0 lambda=0.647 phi=15 theta=15
0 -0 0 -180 0 0 0 0 0.17907 -139.73 0 0 0 -0 0 -180 0 0
0 -0 0 0 0 -180 0 -180 1.16597 -69.1768 0 -180 0 -0 0 0 0 -180
0 0 0 -0 0 -180 0 -180 0.0105624 39.7492 0 0 0 -180 0 180 0 0
0 -0 0 0 0 0 0 0 0.00986216 107.684 0 -180 0 180 0 -180 0 -180
0 0 0 -180 0 -180 0 -0 0.0105644 39.7723 0 0 0 -180 0 0 0 0
0 -0 0 0 0 180 0 0 0.00986023 107.827 0 -180 0 0 0 -180 0 -180
0 0 0 0 0 0 0 -180 0.215774 -139.751 0 -180 0 0 0 0 0 0
0 -0 0 -180 0 -0 0 0 1.20006 -69.2196 0 0 0 -180 0 -180 0 -180
inside=0 lambda=0.647 phi=15 theta=30
0 -0 0 -180 0 0 0 0 0.186825 -139.74 0 0 0 -0 0 -180 0 0
0 -0 0 0 0 -180 0 -180 1.17318 -69.1874 0 -180 0 -0 0 0 0 -180
0 0 0 -0 0 -180 0 -180 0.018295 39.7542 0 0 0 -180 0 0 0 0
0 -0 0 0 0 0 0 0 0.0170811 107.72 0 -180 0 180 0 -180 0 -180
0 0 0 -180 0 -180 0 -0 0.018297 39.7673 0 0 0 -180 0 0 0 0
0 -0 0 0 0 180 0 0 0.0170792 107.802 0 -180 0 0 0 -180 0 -180
0 0 0 0 0 -0 0 -180 0.208016 -139.753 0 -180 0 0 0 0 0 0
0 -0 0 -180 0 -0 0 0 1.19286 -69.2124 0 0 0 -180 0 -180 0 -180
inside=0 lambda=0.647 phi=15 theta=45
0 -0 0 -180 0 0 0 0 0.197419 -139.75 0 0 0 -0 0 -180 0 0
0 -0 0 0 0 -180 0 -180 1.18302 -69.2007 0 -180 0 -0 0 0 0 -180
0 0 0 -0 0 -180 0 -180 0.0211262 39.7607 0 0 0 -180 0 0 0 0
0 -0 0 0 0 0 0 0 0.0197224 107.764 0 -180 0 180 0 -180 0 -180
0 0 0 -180 0 -180 0 -0 0.0211262 39.7607 0 0 0 -180 0 0 0 0
0 -0 0 0 0 180 0 0 0.0197224 107.764 0 -180 0 0 0 -180 0 -180
0 -0 0 0 0 -0 0 -180 0.197419 -139.75 0 -180 0 0 0 0 0 0
0 -0 0 -180 0 -0 0 0 1.18302 -69.2007 0 0 0 -180 0 -180 0 -180
inside=0 lambda=0.647 phi=20 theta=0
0 -0 0 -180 0 0 0 0 0.157578 -154.487 0 0 0 -0 0 -180 0 0
0 -0 0 0 0 -180 0 -180 1.14484 -76.7587 0 -180 0 -0 0 0 0 -180
0 0 0 -180 0 -180 0 -0 1.44808e-13 -78.7882 0 0 0 -180 0 0 0 0
0 -0 0 0 0 0 0 -180 1.40237e-13 8.60473 0 -180 0 180 0 -180 0 -180
0 0 0 -180 0 -180 0 180 1.48601e-13 71.9022 0 180 0 -180 0 0 0 0
0 -180 0 0 0 0 0 180 1.28569e-13 -103.596 0 -0 0 0 0 -180 0 -180
0 0 0 0 0 0 0 -180 0.238756 -154.491 0 -180 0 0 0 0 0 0
0 -180 0 -180 0 -180 0 0 1.2201 -76.823 0 0 0 -180 0 -180 0 -180
inside=0 lambda=0.647 phi=20 theta=15
0 -0 0 -180 0 0 0 0 0.163015 -154.499 0 0 0 -0 0 -180 0 0
0 -0 0 0 0 -180 0 -180 1.14988 -76.7658 0 -180 0 -0 0 0 0 -180
0 0 0 -0 0 -180 0 -180 0.0202622 24.9515 0 0 0 -180 0 0 0 0
0 -0 0 0 0 0 0 0 0.0188469 100.307 0 -180 0 180 0 -180 0 -180
0 0 0 -180 0 -180 0 -0 0.0202656 25.0055 0 0 0 -180 0 0 0 0
0 -180 0 0 0 180 0 0 0.018839 100.588 0 -180 0 0 0 -180 0 -180
0 0 0 0 0 0 0 -180 0.233324 -154.506 0 -180 0 0 0 0 0 0
0 -180 0 -180 0 -0 0 0 1.21505 -76.8232 0 0 0 -180 0 -180 0 -180
inside=0 lambda=0.647 phi=20 theta=30
0 -0 0 -180 0 0 0 0 0.177872 -154.524 0 0 0 -0 0 -180 0 0
0 -0 0 0 0 -180 0 -180 1.16366 -76.7839 0 -180 0 -0 0 0 0 -180
0 0 0 -0 0 -180 0 -180 0.0350924 24.9637 0 0 0 -180 0 0 0 0
0 -0 0 0 0 0 0 0 0.0326405 100.391 0 -180 0 180 0 -180 0 -180
0 0 0 -180 0 -180 0 -0 0.0350964 24.9924 0 0 0 -180 0 0 0 0
0 -180 0 0 0 180 0 0 0.0326331 100.546 0 -180 0 0 0 -180 0 -180
0 0 0 0 0 -0 0 -180 0.218472 -154.531 0 -180 0 0 0 0 0 0
0 -0 0 -180 0 -0 0 0 1.20128 -76.8187 0 0 0 -180 0 -180 0 -180
inside=0 lambda=0.647 phi=20 theta=45
0 -0 0 -180 0 0 0 0 0.198172 -154.539 0 0 0 -0 0 -180 0 0
0 -0 0 0 0 -180 0 -180 1.18247 -76.8045 0 -180 0 -0 0 0 0 -180
0 0 0 -0 0 -180 0 -180 0.0405217 24.9777 0 0 0 -180 0 0 0 0
0 -0 0 0 0 0 0 0 0.0376857 100.478 0 -180 0 180 0 -180 0 -180
0 0 0 -180 0 -180 0 -0 0.0405217 24.9777 0 0 0 -180 0 0 0 0
0 -0 0 0 0 180 0 0 0.0376857 100.478 0 -180 0 0 0 -180 0 -180
0 -0 0 0 0 -0 0 -180 0.198172 -154.539 0 -180 0 0 0 0 0 0
0 -0 0 -180 0 -0 0 0 1.18247 -76.8045 0 0 0 -180 0 -180 0 -180
inside=0 lambda=0.647 phi=25 theta=0
0 -0 0 -180 0 0 0 0 0.127812 -173.126 0 0 0 -0 0 -180 0 0
0 -0 0 0 0 -180 0 -180 1.11619 -86.4044 0 -180 0 -0 0 0 0 -180
0 -0 0 -180 0 -180 0 180 3.75318e-13 164.111 0 -0 0 180 0 0 0 0
0 -0 0 0 0 0 0 180 4.79991e-13 -100.571 0 -180 0 180 0 -180 0 -180
0 0 0 -180 0 -180 0 -0 3.46284e-13 -86.0128 0 0 0 -180 0 0 0 0
0 -180 0 0 0 0 0 0 4.53058e-13 -78.8905 0 180 0 0 0 -180 0 -180
0 0 0 0 0 0 0 -180 0.268136 -173.007 0 -180 0 0 0 0 0 0
0 -180 0 -180 0 -180 0 0 1.24689 -86.42 0 0 0 -180 0 -180 0 -180
inside=0 lambda=0.647 phi=25 theta=15
0 -0 0 -180 0 0 0 0 0.13723 -173.166 0 0 0 -0 0 -180 0 0
0 -0 0 0 0 -180 0 -180 1.12494 -86.4153 0 -180 0 -0 0 0 0 -180
0 0 0 -180 0 -180 0 -180 0.0351805 6.17284 0 0 0 180 0 0 0 0
0 -0 0 0 0 0 0 0 0.0326949 90.9085 0 -180 0 180 0 -180 0 -180
0 0 0 -180 0 -180 0 -0 0.035169 6.29686 0 0 0 -180 0 0 0 0
0 -180 0 0 0 0 0 -0 0.0326619 91.4458 0 -180 0 0 0 -180 0 -180
0 0 0 0 0 0 0 -180 0.258853 -173.104 0 -180 0 0 0 0 0 0
0 -180 0 -180 0 -0 0 0 1.23809 -86.4441 0 0 0 -180 0 -180 0 -180
inside=0 lambda=0.647 phi=25 theta=30
0 -0 0 -180 0 0 0 0 0.162972 -173.237 0 0 0 -0 0 -180 0 0
0 -0 0 0 0 -180 0 -180 1.14884 -86.4409 0 -180 0 -0 0 0 0 -180
0 0 0 -0 0 -180 0 -180 0.0608935 6.20213 0 0 0 180 0 0 0 0
0 -180 0 0 0 0 0 0 0.0566072 91.1081 0 -180 0 180 0 -180 0 -180
0 0 0 -180 0 -180 0 -0 0.0608915 6.25748 0 0 0 -180 0 0 0 0
0 -180 0 0 0 180 0 -0 0.056581 91.3781 0 -180 0 0 0 -180 0 -180
0 -0 0 0 0 -0 0 -180 0.233265 -173.228 0 -180 0 0 0 0 0 0
0 -0 0 -180 0 -0 0 0 1.21413 -86.4696 0 0 0 -180 0 -180 0 -180
inside=0 lambda=0.647 phi=25 theta=45
0 -0 0 -180 0 0 0 0 0.198139 -173.27 0 0 0 -0 0 -180 0 0
0 -0 0 0 0 -180 0 -180 1.18148 -86.4652 0 -180 0 -0 0 0 0 -180
0 0 0 -0 0 -180 0 -180 0.0703002 6.22614 0 0 0 -180 0 0 0 0
0 -180 0 -0 0 0 0 0 0.0653474 91.2689 0 -180 0 180 0 -180 0 -180
0 0 0 -180 0 -180 0 -0 0.0703002 6.22614 0 0 0 -180 0 0 0 0
0 -180 0 0 0 180 0 -0 0.0653474 91.2689 0 -180 0 0 0 -180 0 -180
0 -0 0 0 0 -0 0 -180 0.198139 -173.27 0 -180 0 0 0 0 0 0
0 -0 0 -180 0 -0 0 0 1.18148 -86.4652 0 0 0 -180 0 -180 0 -180
inside=0 lambda=0.647 phi=30 theta=0
0 -0 0 -180 0 0 0.00726278 15.5588 0.0794014 164.904 0 0 0 -0 0 -180 0 0
0 -0 0 0 0 -180 0 -0 1.07006 -98.04 0 -180 0 -0 0 0 0 -180
0 -0 0 -180 0 -180 4.63987e-13 -158.517 7.34072e-14 85.3683 0 -0 0 180 0 0 0 0
0 -0 0 -0 0 0 0 180 1.01775e-13 -131.662 0 0 0 180 0 180 0 -180
0 0 0 -180 0 -180 4.21178e-13 109.894 6.59919e-14 -71.8958 0 -180 0 -180 0 0 0 0
0 -180 0 0 0 0 0 -0 2.16073e-13 116.113 0 180 0 0 0 -180 0 -180
0 0 0 0 0 0 0.356734 11.9964 0.298928 162.366 0 -180 0 0 0 0 0 0
0 -180 0 -180 0 -180 0 0 1.27411 -97.9898 0 0 0 -180 0 -180 0 -180
inside=0 lambda=0.647 phi=30 theta=15
0 -0 0 -180 0 0 0 -0 0.0950983 164.533 0 0 0 -0 0 -180 0 0
0 -0 0 0 0 -180 0 -180 1.08482 -98.0434 0 -180 0 -0 0 0 0 -180
0 -0 0 -180 0 -180 0 -0 0.0589527 -16.646 0 0 0 180 0 0 0 0
0 -180 0 -0 0 0 0 -0 0.0549667 78.9184 0 -180 0 180 0 180 0 -180
0 0 0 -180 0 -180 0 -0 0.0585988 -16.0385 0 0 0 -180 0 0 0 0
0 -180 0 0 0 0 0 -0 0.0546172 80.5561 0 180 0 0 0 -180 0 -180
0 -0 0 0 0 0 0 -180 0.29391 165.642 0 -180 0 0 0 0 0 0
0 -180 0 -180 0 -0 0 -0 1.27535 -97.6662 0 0 0 -180 0 -180 0 -180
inside=0 lambda=0.647 phi=30 theta=30
0 -0 0 -180 0 0 0 0 0.137769 164.279 0 0 0 -0 0 -180 0 0
0 -0 0 0 0 -180 0 -180 1.12479 -98.0782 0 -180 0 -0 0 0 0 -180
0 0 0 -180 0 -180 0 -180 0.101295 -16.4243 0 0 0 180 0 0 0 0
0 -180 0 -0 0 0 0 0 0.0946973 79.9108 0 -180 0 180 0 180 0 -180
0 0 0 -180 0 -180 0 -0 0.101234 -16.3271 0 0 0 -180 0 0 0 0
0 -180 0 0 0 180 0 -0 0.0945939 80.375 0 180 0 0 0 -180 0 -180
0 -0 0 0 0 -0 0 -180 0.254212 164.292 0 -180 0 0 0 0 0 0
0 -180 0 -180 0 -0 0 0 1.23411 -98.055 0 0 0 -180 0 -180 0 -180
inside=0 lambda=0.647 phi=30 theta=45
0 -0 0 -180 0 0 0 0 0.196129 164.169 0 0 0 -0 0 -180 0 0
0 -0 0 0 0 -180 0 -180 1.1794 -98.0963 0 -180 0 -0 0 0 0 -180
0 0 0 -180 0 -180 0 -180 0.116859 -16.3969 0 0 0 180 0 0 0 0
0 -180 0 -0 0 0 0 0 0.109264 80.2048 0 -180 0 180 0 180 0 -180
0 0 0 -180 0 180 0 -180 0.116859 -16.3969 0 0 0 -180 0 0 0 0
0 -180 0 0 0 180 0 -0 0.109264 80.2048 0 180 0 0 0 -180 0 -180
0 -0 0 0 0 -0 0 -180 0.196129 164.169 0 -180 0 0 0 0 0 0
0 -0 0 -180 0 -0 0 0 1.1794 -98.0963 0 0 0 -180 0 -180 0 -180
inside=0 lambda=0.647 phi=35 theta=0
0 -0 0 -180 0 0 0.00495839 -79.7292 0.00634197 -65.1633 0 0 0 -0 0 -180 0 0
0 -0 0 0 0 -180 0 -0 0.988468 -111.552 0 -180 0 -0 0 0 0 -180
0 -0 0 -180 0 -180 7.3658e-13 -132.971 2.40326e-13 22.2274 0 -0 0 180 0 0 0 0
0 -180 0 -0 0 0 0 180 2.65731e-13 -177.891 0 0 0 0 0 180 0 -180
0 0 0 -180 0 -180 9.88375e-14 69.1742 9.91096e-14 172.599 0 -0 0 -180 0 0 0 0
0 -180 0 0 0 0 0 -0 1.24479e-13 176.563 0 -0 0 0 0 -180 0 -180
0 0 0 0 0 0 0.113995 113.469 0.394113 136.424 0 -180 0 0 0 0 0 0
0 -180 0 -180 0 -180 0 0 1.34891 -111.719 0 0 0 -180 0 -180 0 -180
inside=0 lambda=0.647 phi=35 theta=15
0 -0 0 -180 0 0 0.00753411 83.3317 0.0205111 143.584 0 0 0 -0 0 -180 0 0
0 -0 0 0 0 -180 0 -0 1.01339 -111.571 0 -180 0 -0 0 0 0 -180
0 -0 0 -180 0 -180 0.0374811 115.542 0.0963556 -41.8361 0 0 0 180 0 0 0 0
0 -180 0 -0 0 0 0 0 0.0939011 67.6301 0 -180 0 180 0 180 0 -180
0 0 0 -180 0 -180 0.0392216 72.5883 0.0970032 -42.7143 0 0 0 -180 0 0 0 0
0 -180 0 0 0 0 0 -0 0.0921594 67.7033 0 180 0 0 0 -180 0 -180
0 0 0 0 0 0 0.172935 68.5748 0.362112 135.672 0 -180 0 0 0 0 0 0
0 -180 0 -180 0 -180 0 0 1.32318 -111.696 0 0 0 -180 0 -180 0 -180
inside=0 lambda=0.647 phi=35 theta=30
0 -0 0 -180 0 0 0 -0 0.0920074 138.246 0 0 0 -0 0 -180 0 0
0 -0 0 0 0 -180 0 -180 1.08134 -111.596 0 -180 0 -0 0 0 0 -180
0 0 0 -180 0 -180 0 -0 0.170162 -42.8148 0 0 0 180 0 0 0 0
0 -180 0 -0 0 0 0 -0 0.16133 66.7025 0 -180 0 180 0 180 0 -180
0 0 0 -180 0 -180 0 -180 0.16969 -42.6363 0 0 0 -180 0 0 0 0
0 -180 0 0 0 0 0 -0 0.16073 67.6357 0 180 0 0 0 -180 0 -180
0 -0 0 0 0 -0 0 -180 0.285476 138.211 0 -180 0 0 0 0 0 0
0 -180 0 -180 0 -0 0 -0 1.26754 -111.369 0 0 0 -180 0 -180 0 -180
inside=0 lambda=0.647 phi=35 theta=45
0 -0 0 -180 0 0 0 0 0.189569 137.812 0 0 0 -0 0 -180 0 0
0 -0 0 0 0 -180 0 -180 1.17412 -111.588 0 -180 0 -0 0 0 0 -180
0 0 0 -180 0 -180 0 -180 0.195765 -42.8447 0 0 0 -180 0 0 0 0
0 -180 0 -0 0 0 0 0 0.185667 67.3324 0 -180 0 180 0 180 0 -180
0 0 0 -180 0 -180 0 -180 0.195765 -42.8447 0 0 0 -180 0 0 0 0
0 -180 0 0 0 180 0 -0 0.185667 67.3324 0 180 0 0 0 -180 0 -180
0 -0 0 0 0 -0 0 -180 0.189569 137.812 0 -180 0 0 0 0 0 0
0 -0 0 -180 0 -0 0 0 1.17412 -111.588 0 0 0 -180 0 -180 0 -180
inside=0 lambda=0.647 phi=40 theta=0
0 -0 0 180 0 0 0.0136704 -73.1521 0.196761 -74.2685 0 0 0 -0 0 180 0 0
0 -0 0 180 0 180 0 0 0.801122 -126.832 0 180 0 -0 0 180 0 180
0 -0 0 -0 0 -180 2.77541e-13 136.189 1.75095e-13 -119.434 0 -180 0 180 0 180 0 0
0 -0 0 -0 0 -0 0 -0 1.49437e-13 69.57 0 -180 0 180 0 180 0 180
0 0 0 -180 0 -180 2.64559e-13 99.8893 3.2143e-13 141.35 0 180 0 -180 0 0 0 0
0 -180 0 0 0 0 0 -180 1.76465e-13 110.49 0 0 0 0 0 -180 0 -180
0 0 0 0 0 0 0.11035 -124.444 0.538275 108.331 0 -180 0 0 0 0 0 0
0 -180 0 -180 0 -180 0 0 1.49297 -126.938 0 0 0 -180 0 -180 0 -180
inside=0 lambda=0.647 phi=40 theta=15
0 -0 0 180 0 0 0.0090256 -165.418 0.147765 -74.5383 0 0 0 -0 0 180 0 0
0 -0 0 0 0 180 0 0 0.848653 -126.837 0 180 0 -0 0 180 0 180
0 -0 0 -0 0 -180 0.0603246 155.444 0.178217 -73.384 0 0 0 180 0 180 0 0
0 -180 0 -0 0 -0 0 0 0.177792 52.9822 0 -180 0 180 0 180 0 180
0 0 0 -180 0 -180 0.0396924 149.942 0.180675 -73.212 0 180 0 -180 0 0 0 0
0 -180 0 0 0 0 0 0 0.174983 52.9006 0 180 0 0 0 -180 0 -180
0 0 0 0 0 0 0.0796372 171.571 0.49282 107.556 0 -180 0 0 0 0 0 0
0 -180 0 -180 0 -180 0 0 1.44754 -126.915 0 0 0 -180 0 -180 0 -180
inside=0 lambda=0.647 phi=40 theta=30
0 -0 0 -180 0 0 0.0580984 43.8275 0.0133993 -87.7404 0 0 0 -0 0 180 0 0
0 -0 0 0 0 180 0 -0 0.978547 -126.826 0 180 0 -0 0 0 0 180
0 -0 0 -180 0 -180 0.134619 66.1308 0.3126 -72.2108 0 0 0 180 0 180 0 0
0 -180 0 -0 0 -0 0 0 0.311845 53.1638 0 -180 0 0 0 180 0 180
0 0 0 -180 0 -180 0.129766 4.87953 0.312 -72.8995 0 0 0 -180 0 0 0 0
0 -180 0 0 0 0 0 -0 0.303431 53.0629 0 180 0 0 0 -180 0 -180
0 -0 0 0 0 -0 0.307302 5.48416 0.345262 105.265 0 -180 0 0 0 0 0 0
0 -0 0 -180 0 -0 0 0 1.31382 -126.622 0 0 0 -180 0 -180 0 180
inside=0 lambda=0.647 phi=40 theta=45
0 -0 0 -180 0 0 0 -0 0.167694 107.547 0 0 0 -0 0 -180 0 0
0 -0 0 0 0 -180 0 -180 1.15483 -126.797 0 180 0 -0 0 0 0 180
0 0 0 -180 0 -180 0 -180 0.364973 -73.0772 0 0 0 -180 0 180 0 0
0 -180 0 -0 0 0 0 -0 0.353704 52.7227 0 -180 0 0 0 180 0 180
0 0 0 -180 0 -180 0 -180 0.364973 -73.0772 0 180 0 -180 0 0 0 0
0 -180 0 -0 0 0 0 -0 0.353704 52.7227 0 180 0 0 0 -180 0 180
0 -0 0 -0 0 -0 0 -180 0.167694 107.547 0 -180 0 0 0 0 0 0
0 -0 0 -180 0 -0 0 0 1.15483 -126.797 0 0 0 -180 0 180 0 180
inside=0 lambda=0.647 phi=45 theta=0
0 -0 0 180 0 180 0.0110573 -115.171 0.999932 -161.294 0 180 0 -0 0 180 0 180
0 -0 0 180 0 180 0 -0 0 -0 0 180 0 -0 0 180 0 180
0 -0 0 -0 0 -0 2.57554e-12 179.099 2.38759e-12 -157.29 0 -0 0 180 0 180 0 180
0 -0 0 -0 0 -0 0 0 0 0 0 -180 0 180 0 180 0 180
0 0 0 -180 0 -180 2.75272e-13 161.448 1.4776e-13 162.553 0 180 0 -180 0 0 0 0
0 -180 0 0 0 0 0 -0 0 -0 0 -180 0 0 0 -180 0 -180
0 0 0 0 0 0 0.273396 -81.3306 0.965921 47.2493 0 -180 0 0 0 0 0 0
0 -180 0 -180 0 -180 0 0 0 -180 0 0 0 -180 0 -180 0 -180
inside=0 lambda=0.647 phi=45 theta=15
0 -180 0 0 0 0 0.0127831 -179.194 0.873889 -163.376 0 180 0 -0 0 180 0 180
0 -0 0 180 0 180 0 -0 0 -0 0 180 0 -180 0 0 0 180
0 -0 0 -0 0 -0 0.0895879 110.585 0.48128 -147.593 0 0 0 180 0 180 0 180
0 -0 0 -0 0 -0 0 0 0 -0 0 180 0 0 0 0 0 180
0 0 0 -180 0 180 0.0569669 -159.72 0.480154 -147.354 0 180 0 -180 0 0 0 0
0 -180 0 0 0 0 0 0 0 -0 0 0 0 -0 0 -180 0 180
0 -0 0 -0 0 -0 0.193674 -108.593 0.855843 49.616 0 -180 0 0 0 0 0 0
0 -180 0 -180 0 -180 0 0 0 -180 0 0 0 180 0 180 0 180
inside=0 lambda=0.647 phi=45 theta=30
0 -180 0 -0 0 0 0.0953418 68.0349 0.537343 -174.155 0 0 0 -0 0 180 0 180
0 -0 0 180 0 180 0 -0 0 -180 0 180 0 -180 0 0 0 0
0 -0 0 -180 0 -180 0.286994 70.0419 0.827086 -147.22 0 0 0 180 0 180 0 180
0 -0 0 -0 0 -0 0 0 0 -0 0 180 0 0 0 0 0 180
0 0 0 -180 0 180 0.0991519 61.6222 0.831157 -147.298 0 180 0 -180 0 0 0 0
0 -180 0 0 0 0 0 -0 0 -0 0 0 0 -0 0 180 0 180
0 -180 0 -0 0 -0 0.157409 58.9858 0.547315 58.6576 0 -180 0 0 0 0 0 180
0 -0 0 -180 0 -180 0 0 0 -180 0 0 0 180 0 180 0 180
inside=0 lambda=0.647 phi=45 theta=45
0 -180 0 -180 0 0 0 -0 0.233297 122.998 0 0 0 -0 0 180 0 180
0 -0 0 -0 0 180 0 -180 0 -180 0 180 0 -180 0 0 0 180
0 -0 0 -180 0 -180 0 -0 0.972405 -147.002 0 0 0 180 0 180 0 180
0 -180 0 -0 0 -0 0 -180 0 -0 0 180 0 0 0 0 0 180
0 -0 0 -0 0 180 0 -180 0.972405 -147.002 0 180 0 -180 0 0 0 180
0 -180 0 -180 0 0 0 -0 0 -0 0 0 0 -0 0 180 0 180
0 -180 0 -0 0 -0 0 -180 0.233297 122.998 0 180 0 0 0 0 0 180
0 -0 0 -180 0 -180 0 -0 0 -180 0 0 0 180 0 180 0 180
inside=1 lambda=0.647 phi=0 theta=0
0 0 0 -180 0 0 0 0 0.195682 -178.228 0 0 0 0 0 -180 0 0
0 -0 0 0 0 -0 0 -180 0.812548 -59.308 0 -180 0 -0 0 0 0 -0
0 0 0 -0 0 -180 0 180 7.54154e-13 -114.079 0 180 0 -180 0 -0 0 0
0 -0 0 0 0 180 0 -0 9.7308e-13 -13.5657 0 -0 0 180 0 0 0 -0
0 0 0 180 0 -180 0 -0 1.90003e-13 -3.46917 0 -0 0 -180 0 180 0 0
0 -0 0 -0 0 180 0 0 3.0487e-13 35.0063 0 -0 0 180 0 -180 0 -0
0 0 0 0 0 0 0 -180 0.195682 -178.228 0 -180 0 0 0 0 0 0
0 -0 0 -180 0 -0 0 0 0.812548 -59.308 0 0 0 -0 0 -180 0 -0
inside=1 lambda=0.647 phi=0 theta=15
0 0 0 -180 0 0 0 0 0.195682 -178.228 0 0 0 0 0 -180 0 0
0 -0 0 0 0 -0 0 -180 0.812548 -59.308 0 -180 0 -0 0 0 0 -0
0 0 0 -0 0 -180 0 180 7.54154e-13 -114.079 0 180 0 -180 0 -0 0 0
0 -0 0 0 0 180 0 -0 9.7308e-13 -13.5657 0 -0 0 180 0 0 0 -0
0 0 0 180 0 -180 0 -0 1.90003e-13 -3.46917 0 -0 0 -180 0 180 0 0
0 -0 0 -0 0 180 0 0 3.0487e-13 35.0063 0 -0 0 180 0 -180 0 -0
0 0 0 0 0 0 0 -180 0.195682 -178.228 0 -180 0 0 0 0 0 0
0 -0 0 -180 0 -0 0 0 0.812548 -59.308 0 0 0 -0 0 -180 0 -0
inside=1 lambda=0.647 phi=0 theta=30
0 0 0 -180 0 0 0 0 0.195682 -178.228 0 0 0 0 0 -180 0 0
0 -0 0 0 0 -0 0 -180 0.812548 -59.308 0 -180 0 -0 0 0 0 -0
0 0 0 -0 0 -180 0 180 7.54154e-13 -114.079 0 180 0 -180 0 -0 0 0
0 -0 0 0 0 180 0 -0 9.7308e-13 -13.5657 0 -0 0 180 0 0 0 -0
0 0 0 180 0 -180 0 -0 1.90003e-13 -3.46917 0 -0 0 -180 0 180 0 0
0 -0 0 -0 0 180 0 0 3.0487e-13 35.0063 0 -0 0 180 0 -180 0 -0
0 0 0 0 0 0 0 -180 0.195682 -178.228 0 -180 0 0 0 0 0 0
0 -0 0 -180 0 -0 0 0 0.812548 -59.308 0 0 0 -0 0 -180 0 -0
inside=1 lambda=0.647 phi=0 theta=45
0 0 0 -180 0 0 0 0 0.195682 -178.228 0 0 0 0 0 -180 0 0
0 -0 0 0 0 -0 0 -180 0.812548 -59.308 0 -180 0 -0 0 0 0 -0
0 0 0 -0 0 -180 0 180 7.54154e-13 -114.079 0 180 0 -180 0 -0 0 0
0 -0 0 0 0 180 0 -0 9.7308e-13 -13.5657 0 -0 0 180 0 0 0 -0
0 0 0 180 0 -180 0 -0 1.90003e-13 -3.46917 0 -0 0 -180 0 180 0 0
0 -0 0 -0 0 180 0 0 3.0487e-13 35.0063 0 -0 0 180 0 -180 0 -0
0 0 0 0 0 0 0 -180 0.195682 -178.228 0 -180 0 0 0 0 0 0
0 -0 0 -180 0 -0 0 0 0.812548 -59.308 0 0 0 -0 0 -180 0 -0
inside=1 lambda=0.647 phi=5 theta=0
0 0 0 -180 0 0 0 0 0.194774 -178.244 0 0 0 0 0 -180 0 0
0 -0 0 0 0 -180 0 -180 0.813519 -59.8271 0 -180 0 -0 0 0 0 -180
0 0 0 -0 0 -180 0 180 9.85702e-14 141.408 0 -180 0 -180 0 180 0 0
0 -0 0 0 0 0 0 180 5.91892e-14 -90.5832 0 180 0 180 0 -180 0 -180
0 0 0 -180 0 -180 0 0 1.86575e-13 -13.3036 0 180 0 -180 0 0 0 0
0 -0 0 0 0 180 0 180 1.76297e-13 10.8096 0 -180 0 180 0 -180 0 -0
0 0 0 0 0 0 0 -180 0.196806 -178.247 0 -180 0 0 0 0 0 0
0 -0 0 -180 0 -0 0 0 0.811542 -59.8302 0 0 0 -0 0 -180 0 -0
inside=1 lambda=0.647 phi=5 theta=15
0 0 0 -180 0 0 0 0 0.19491 -178.244 0 0 0 0 0 -180 0 0
0 -0 0 0 0 -180 0 -180 0.813387 -59.8273 0 -180 0 -0 0 0 0 -180
0 0 0 -0 0 -180 0 -180 0.000506025 1.23343 0 0 0 -180 0 0 0 0
0 -0 0 0 0 0 0 0 0.000494258 -57.606 0 -180 0 180 0 -180 0 -180
0 0 0 -180 0 -180 0 -0 0.000506039 1.23468 0 0 0 -180 0 0 0 0
0 -0 0 0 0 180 0 0 0.000494259 -57.6107 0 -180 0 0 0 -180 0 -0
0 0 0 0 0 0 0 -180 0.19667 -178.247 0 -180 0 0 0 0 0 0
0 -0 0 -180 0 -0 0 0 0.811675 -59.83 0 0 0 -180 0 -180 0 -0
inside=1 lambda=0.647 phi=5 theta=30
0 0 0 -180 0 0 0 0 0.195282 -178.245 0 0 0 0 0 -180 0 0
0 -0 0 0 0 -180 0 -180 0.813025 -59.8279 0 -180 0 -0 0 0 0 -180
0 0 0 -0 0 -180 0 -180 0.000876466 1.23369 0 0 0 -180 0 0 0 0
0 -0 0 0 0 0 0 0 0.00085608 -57.607 0 -180 0 180 0 -180 0 -180
0 0 0 -180 0 -180 0 -0 0.00087648 1.23442 0 0 0 -180 0 0 0 0
0 -0 0 0 0 180 0 0 0.000856081 -57.6097 0 -180 0 0 0 -180 0 -180
0 0 0 0 0 0 0 -180 0.196298 -178.246 0 -180 0 0 0 0 0 0
0 -0 0 -180 0 -0 0 0 0.812036 -59.8294 0 0 0 -180 0 -180 0 -180
inside=1 lambda=0.647 phi=5 theta=45
0 0 0 -180 0 0 0 0 0.19579 -178.246 0 0 0 0 0 -180 0 0
0 -0 0 0 0 -180 0 -180 0.812531 -59.8287 0 -180 0 -0 0 0 0 -180
0 0 0 -0 0 -180 0 -180 0.00101206 1.23406 0 0 0 -180 0 0 0 0
0 -0 0 0 0 0 0 0 0.000988517 -57.6083 0 -180 0 180 0 -180 0 -180
0 0 0 -180 0 -180 0 -0 0.00101206 1.23406 0 0 0 -180 0 0 0 0
0 -0 0 0 0 180 0 0 0.000988517 -57.6083 0 -180 0 0 0 -180 0 -180
0 0 0 0 0 0 0 -180 0.19579 -178.246 0 -180 0 0 0 0 0 0
0 -0 0 -180 0 -0 0 0 0.812531 -59.8287 0 0 0 -180 0 -180 0 -180
inside=1 lambda=0.647 phi=10 theta=0
0 0 0 -180 0 0 0 0 0.191997 -178.296 0 0 0 0 0 -180 0 0
0 -0 0 0 0 -180 0 -180 0.816473 -61.3739 0 -180 0 -0 0 0 0 -180
0 0 0 -0 0 -180 0 -0 2.47124e-14 126.012 0 -0 0 -180 0 180 0 0
0 -0 0 0 0 0 0 180 4.97526e-14 -154.735 0 0 0 180 0 -180 0 -180
0 0 0 -180 0 -180 0 -0 1.29252e-13 78.8823 0 -0 0 -180 0 0 0 0
0 -180 0 0 0 180 0 -180 2.05169e-13 99.8094 0 180 0 0 0 -180 0 -0
0 0 0 0 0 0 0 -180 0.200208 -178.31 0 -180 0 0 0 0 0 0
0 -180 0 -180 0 -0 0 0 0.808489 -61.3859 0 0 0 -180 0 -180 0 -0
inside=1 lambda=0.647 phi=10 theta=15
0 0 0 -180 0 0 0 0 0.192547 -178.297 0 0 0 0 0 -180 0 0
0 -0 0 0 0 -180 0 -180 0.815938 -61.3747 0 -180 0 -0 0 0 0 -180
0 0 0 -0 0 -180 0 -180 0.0020445 1.18171 0 0 0 -180 0 0 0 0
0 -0 0 0 0 0 0 0 0.00199604 -59.1832 0 -180 0 180 0 -180 0 -180
0 0 0 -180 0 -180 0 -0 0.00204471 1.18638 0 0 0 -180 0 0 0 0
0 -180 0 0 0 180 0 0 0.00199606 -59.2023 0 -180 0 0 0 -180 0 -180
0 0 0 0 0 0 0 -180 0.199658 -178.309 0 -180 0 0 0 0 0 0
0 -0 0 -180 0 -0 0 0 0.809024 -61.3851 0 0 0 -180 0 -180 0 -180
inside=1 lambda=0.647 phi=10 theta=30
0 0 0 -180 0 0 0 0 0.19405 -178.299 0 0 0 0 0 -180 0 0
0 -0 0 0 0 -180 0 -180 0.814477 -61.3769 0 -180 0 -0 0 0 0 -180
0 0 0 -0 0 -180 0 -180 0.00354126 1.1827 0 0 0 -180 0 0 0 0
0 -0 0 0 0 0 0 0 0.00345725 -59.1875 0 -180 0 180 0 -180 0 -180
0 0 0 -180 0 -180 0 -0 0.00354147 1.18539 0 0 0 -180 0 0 0 0
0 -0 0 0 0 180 0 0 0.00345726 -59.1985 0 -180 0 0 0 -180 0 -180
0 0 0 0 0 0 0 -180 0.198155 -178.306 0 -180 0 0 0 0 0 0
0 -0 0 -180 0 -0 0 0 0.810485 -61.3829 0 0 0 -180 0 -180 0 -180
inside=1 lambda=0.647 phi=10 theta=45
0 0 0 -180 0 0 0 0 0.196103 -178.303 0 0 0 0 0 -180 0 0
0 -0 0 0 0 -180 0 -180 0.812481 -61.3799 0 -180 0 -0 0 0 0 -180
0 0 0 -0 0 -180 0 -180 0.00408921 1.18405 0 0 0 -180 0 0 0 0
0 -0 0 0 0 0 0 0 0.0039921 -59.1931 0 -180 0 180 0 -180 0 -180
0 0 0 -180 0 -180 0 -0 0.00408921 1.18405 0 0 0 -180 0 0 0 0
0 -0 0 0 0 180 0 0 0.0039921 -59.1931 0 -180 0 0 0 -180 0 -180
0 0 0 0 0 0 0 -180 0.196103 -178.303 0 -180 0 0 0 0 0 0
0 -0 0 -180 0 -0 0 0 0.812481 -61.3799 0 0 0 -180 0 -180 0 -180
inside=1 lambda=0.647 phi=15 theta=0
0 0 0 -180 0 0 0 0 0.187194 -178.39 0 0 0 0 0 -180 0 0
0 -0 0 0 0 -180 0 -180 0.821536 -63.9167 0 -180 0 -0 0 0 0 -180
0 0 0 -0 0 -180 0 180 3.25939e-14 25.3771 0 -180 0 -180 0 180 0 0
0 -0 0 0 0 0 0 0 6.19821e-14 31.1118 0 180 0 180 0 -180 0 -180
0 0 0 -180 0 -180 0 -0 1.03884e-13 52.0949 0 -0 0 -180 0 0 0 0
0 -180 0 0 0 0 0 -180 1.2286e-13 64.4038 0 -0 0 0 0 -180 0 -180
0 0 0 0 0 0 0 -180 0.205974 -178.423 0 -180 0 0 0 0 0 0
0 -180 0 -180 0 -0 0 0 0.803283 -63.9425 0 0 0 -180 0 -180 0 -0
inside=1 lambda=0.647 phi=15 theta=15
0 0 0 -180 0 0 0 0 0.188451 -178.392 0 0 0 0 0 -180 0 0
0 -0 0 0 0 -180 0 -180 0.820314 -63.9184 0 -180 0 -0 0 0 0 -180
0 0 0 -0 0 -180 0 -180 0.00467732 1.09134 0 0 0 -180 0 0 0 0
0 -0 0 0 0 0 0 0 0.00456342 -61.7776 0 -180 0 180 0 -180 0 -180
0 0 0 -180 0 -180 0 -0 0.00467836 1.1005 0 0 0 -180 0 0 0 0
0 -180 0 0 0 180 0 0 0.00456347 -61.8218 0 -180 0 0 0 -180 0 -180
0 0 0 0 0 0 0 -180 0.204716 -178.421 0 -180 0 0 0 0 0 0
0 -0 0 -180 0 -0 0 0 0.804506 -63.9408 0 0 0 -180 0 -180 0 -180
inside=1 lambda=0.647 phi=15 theta=30
0 0 0 -180 0 0 0 0 0.191888 -178.399 0 0 0 0 0 -180 0 0
0 -0 0 0 0 -180 0 -180 0.816973 -63.9233 0 -180 0 -0 0 0 0 -180
0 0 0 -0 0 -180 0 -180 0.00810172 1.09325 0 0 0 -180 0 0 0 0
0 -0 0 0 0 0 0 0 0.00790408 -61.7881 0 -180 0 180 0 -180 0 -180
0 0 0 -180 0 -180 0 -0 0.00810277 1.09855 0 0 0 -180 0 0 0 0
0 -0 0 0 0 180 0 0 0.00790413 -61.8136 0 -180 0 0 0 -180 0 -180
0 0 0 0 0 0 0 -180 0.201278 -178.415 0 -180 0 0 0 0 0 0
0 -0 0 -180 0 -0 0 0 0.807847 -63.9362 0 0 0 -180 0 -180 0 -180
inside=1 lambda=0.647 phi=15 theta=45
0 0 0 -180 0 0 0 0 0.196583 -178.407 0 0 0 0 0 -180 0 0
0 -0 0 0 0 -180 0 -180 0.81241 -63.9298 0 -180 0 -0 0 0 0 -180
0 0 0 -0 0 -180 0 -180 0.00935566 1.09589 0 0 0 -180 0 0 0 0
0 -0 0 0 0 0 0 0 0.00912687 -61.8015 0 -180 0 180 0 -180 0 -180
0 0 0 -180 0 -180 0 -0 0.00935566 1.09589 0 0 0 -180 0 0 0 0
0 -0 0 0 0 180 0 0 0.00912687 -61.8015 0 -180 0 0 0 -180 0 -180
0 0 0 0 0 0 0 -180 0.196583 -178.407 0 -180 0 0 0 0 0 0
0 -0 0 -180 0 -0 0 0 0.81241 -63.9298 0 0 0 -180 0 -180 0 -180
inside=1 lambda=0.647 phi=20 theta=0
0 -0 0 -180 0 0 0 0 0.180087 -178.538 0 0 0 -0 0 -180 0 0
0 -0 0 0 0 -180 0 -180 0.82893 -67.4029 0 -180 0 -0 0 0 0 -180
0 0 0 -180 0 -180 0 -0 1.15511e-14 -171.591 0 0 0 -180 0 0 0 0
0 -0 0 0 0 0 0 -180 4.46575e-15 -43.5121 0 180 0 180 0 -180 0 -180
0 0 0 -180 0 -180 0 180 3.30069e-15 124.943 0 180 0 -180 0 0 0 0
0 -180 0 0 0 0 0 180 8.44116e-15 71.2479 0 -180 0 0 0 -180 0 -180
0 0 0 0 0 0 0 -180 0.214245 -178.598 0 -180 0 0 0 0 0 0
0 -180 0 -180 0 -180 0 0 0.795746 -67.4452 0 0 0 -180 0 -180 0 -180
inside=1 lambda=0.647 phi=20 theta=15
0 -0 0 -180 0 0 0 0 0.182374 -178.542 0 0 0 -0 0 -180 0 0
0 -0 0 0 0 -180 0 -180 0.826708 -67.4059 0 -180 0 -0 0 0 0 -180
0 0 0 -0 0 -180 0 -180 0.00850997 0.958297 0 0 0 -180 0 0 0 0
0 -0 0 0 0 0 0 0 0.00829667 -65.336 0 -180 0 180 0 -180 0 -180
0 0 0 -180 0 -180 0 -0 0.00851301 0.971334 0 0 0 -180 0 0 0 0
0 -180 0 0 0 180 0 0 0.00829673 -65.4183 0 -180 0 0 0 -180 0 -180
0 0 0 0 0 0 0 -180 0.211957 -178.594 0 -180 0 0 0 0 0 0
0 -0 0 -180 0 -0 0 0 0.797969 -67.4426 0 0 0 -180 0 -180 0 -180
inside=1 lambda=0.647 phi=20 theta=30
0 0 0 -180 0 0 0 0 0.188624 -178.555 0 0 0 -0 0 -180 0 0
0 -0 0 0 0 -180 0 -180 0.820635 -67.414 0 -180 0 -0 0 0 0 -180
0 0 0 -0 0 -180 0 -180 0.0147407 0.960816 0 0 0 -180 0 0 0 0
0 -0 0 0 0 0 0 0 0.0143702 -65.3575 0 -180 0 180 0 -180 0 -180
0 0 0 -180 0 -180 0 -0 0.0147437 0.968432 0 0 0 -180 0 0 0 0
0 -180 0 0 0 180 0 0 0.0143703 -65.4046 0 -180 0 0 0 -180 0 -180
0 0 0 0 0 0 0 -180 0.205704 -178.585 0 -180 0 0 0 0 0 0
0 -0 0 -180 0 -0 0 0 0.804043 -67.4352 0 0 0 -180 0 -180 0 -180
inside=1 lambda=0.647 phi=20 theta=45
0 0 0 -180 0 0 0 0 0.197163 -178.57 0 0 0 -0 0 -180 0 0
0 -0 0 0 0 -180 0 -180 0.812339 -67.4248 0 -180 0 -0 0 0 0 -180
0 0 0 -0 0 -180 0 -180 0.0170228 0.964539 0 0 0 -180 0 0 0 0
0 -0 0 0 0 0 0 0 0.0165933 -65.383 0 -180 0 180 0 -180 0 -180
0 0 0 -180 0 -180 0 -0 0.0170228 0.964539 0 0 0 -180 0 0 0 0
0 -0 0 0 0 180 0 0 0.0165933 -65.383 0 -180 0 0 0 -180 0 -180
0 0 0 0 0 -0 0 -180 0.197163 -178.57 0 -180 0 0 0 0 0 0
0 -0 0 -180 0 -0 0 0 0.812339 -67.4248 0 0 0 -180 0 -180 0 -180
inside=1 lambda=0.647 phi=25 theta=0
0 -0 0 -180 0 0 0 0 0.170277 -178.75 0 0 0 -0 0 -180 0 0
0 -0 0 0 0 -180 0 -180 0.838983 -71.7589 0 -180 0 -0 0 0 0 -180
0 0 0 -180 0 -180 0 -0 1.16922e-14 -82.016 0 -0 0 -180 0 0 0 0
0 -0 0 0 0 0 0 0 4.9643e-14 18.3097 0 -180 0 180 0 -180 0 -180
0 0 0 -180 0 -180 0 -0 7.94873e-14 -107.316 0 -0 0 -180 0 0 0 0
0 -180 0 0 0 0 0 -0 4.79342e-14 6.20129 0 0 0 0 0 -180 0 -180
0 0 0 0 0 0 0 -180 0.225215 -178.843 0 -180 0 0 0 0 0 0
0 -180 0 -180 0 -180 0 0 0.785614 -71.8163 0 0 0 -180 0 -180 0 -180
inside=1 lambda=0.647 phi=25 theta=15
0 -0 0 -180 0 0 0 0 0.173956 -178.758 0 0 0 -0 0 -180 0 0
0 -0 0 0 0 -180 0 -180 0.835408 -71.7632 0 -180 0 -0 0 0 0 -180
0 0 0 -0 0 -180 0 -180 0.0136953 0.781265 0 0 0 -180 0 0 0 0
0 -0 0 0 0 0 0 0 0.0133439 -69.7816 0 -180 0 180 0 -180 0 -180
0 0 0 -180 0 -180 0 -0 0.0137016 0.795124 0 0 0 -180 0 0 0 0
0 -180 0 0 0 0 0 0 0.0133435 -69.9187 0 -180 0 0 0 -180 0 -180
0 0 0 0 0 0 0 -180 0.221535 -178.838 0 -180 0 0 0 0 0 0
0 -180 0 -180 0 -0 0 0 0.78919 -71.8133 0 0 0 -180 0 -180 0 -180
inside=1 lambda=0.647 phi=25 theta=30
0 -0 0 -180 0 0 0 0 0.184008 -178.778 0 0 0 -0 0 -180 0 0
0 -0 0 0 0 -180 0 -180 0.825642 -71.7747 0 -180 0 -0 0 0 0 -180
0 0 0 -0 0 -180 0 -180 0.0237225 0.783107 0 0 0 -180 0 0 0 0
0 -0 0 0 0 0 0 0 0.0231118 -69.8217 0 -180 0 180 0 -180 0 -180
0 0 0 -180 0 -180 0 -0 0.0237289 0.791597 0 0 0 -180 0 0 0 0
0 -180 0 0 0 180 0 0 0.0231115 -69.899 0 -180 0 0 0 -180 0 -180
0 0 0 0 0 -0 0 -180 0.211479 -178.823 0 -180 0 0 0 0 0 0
0 -0 0 -180 0 -0 0 0 0.798958 -71.8041 0 0 0 -180 0 -180 0 -180
inside=1 lambda=0.647 phi=25 theta=45
0 0 0 -180 0 0 0 0 0.197742 -178.802 0 0 0 -0 0 -180 0 0
0 -0 0 0 0 -180 0 -180 0.8123 -71.79 0 -180 0 -0 0 0 0 -180
0 0 0 -0 0 -180 0 -180 0.0273957 0.787011 0 0 0 -180 0 0 0 0
0 -180 0 0 0 0 0 0 0.0266869 -69.8653 0 -180 0 180 0 -180 0 -180
0 0 0 -180 0 -180 0 -0 0.0273957 0.787011 0 0 0 -180 0 0 0 0
0 -180 0 0 0 180 0 0 0.0266869 -69.8653 0 -180 0 0 0 -180 0 -180
0 0 0 0 0 -0 0 -180 0.197742 -178.802 0 -180 0 0 0 0 0 0
0 -0 0 -180 0 -0 0 0 0.8123 -71.79 0 0 0 -180 0 -180 0 -180
inside=1 lambda=0.647 phi=30 theta=0
0 -0 0 -180 0 0 0 0 0.157223 -179.038 0 0 0 -0 0 -180 0 0
0 -0 0 0 0 -180 0 -180 0.852148 -76.8895 0 -180 0 -0 0 0 0 -180
0 0 0 -180 0 -180 0 -180 3.2766e-14 144.184 0 -0 0 -180 0 0 0 0
0 -0 0 0 0 0 0 180 4.77447e-14 -122.298 0 180 0 180 0 -180 0 -180
0 0 0 -180 0 -180 0 -180 1.21939e-13 40.813 0 -0 0 -180 0 0 0 0
0 -180 0 0 0 0 0 180 4.84095e-15 64.2235 0 -0 0 0 0 -180 0 -180
0 0 0 0 0 0 0 -180 0.239125 -179.164 0 -180 0 0 0 0 0 0
0 -180 0 -180 0 -180 0 0 0.772536 -76.9539 0 0 0 -180 0 -180 0 -180
inside=1 lambda=0.647 phi=30 theta=15
0 -0 0 -180 0 0 0 0 0.162708 -179.05 0 0 0 -0 0 -180 0 0
0 -0 0 0 0 -180 0 -180 0.846816 -76.895 0 -180 0 -0 0 0 0 -180
0 0 0 -0 0 -180 0 -180 0.0204404 0.565234 0 0 0 180 0 0 0 0
0 -0 0 0 0 0 0 0 0.0199093 -75.0101 0 -180 0 180 0 -180 0 -180
0 0 0 -180 0 -180 0 -0 0.0204486 0.573389 0 0 0 -180 0 0 0 0
0 -180 0 0 0 0 0 0 0.0199066 -75.2258 0 -180 0 0 0 -180 0 -180
0 0 0 0 0 0 0 -180 0.233645 -179.155 0 -180 0 0 0 0 0 0
0 -180 0 -180 0 -0 0 0 0.777868 -76.9523 0 0 0 -180 0 -180 0 -180
inside=1 lambda=0.647 phi=30 theta=30
0 -0 0 -180 0 0 0 0 0.177698 -179.077 0 0 0 -0 0 -180 0 0
0 -0 0 0 0 -180 0 -180 0.832246 -76.9096 0 -180 0 -0 0 0 0 -180
0 0 0 -0 0 -180 0 -180 0.0354027 0.56312 0 0 0 180 0 0 0 0
0 -180 0 0 0 0 0 0 0.0344816 -75.0825 0 -180 0 180 0 -180 0 -180
0 0 0 -180 0 -180 0 -0 0.0354123 0.569933 0 0 0 -180 0 0 0 0
0 -180 0 0 0 180 0 0 0.0344795 -75.2006 0 -180 0 0 0 -180 0 -180
0 0 0 0 0 -0 0 -180 0.218661 -179.135 0 -180 0 0 0 0 0 0
0 -0 0 -180 0 -0 0 0 0.792438 -76.9444 0 0 0 -180 0 -180 0 -180
inside=1 lambda=0.647 phi=30 theta=45
0 -0 0 -180 0 0 0 0 0.19818 -179.108 0 0 0 -0 0 -180 0 0
0 -0 0 0 0 -180 0 -180 0.812342 -76.9285 0 -180 0 -0 0 0 0 -180
0 0 0 -0 0 -180 0 -180 0.0408835 0.565549 0 0 0 -180 0 0 0 0
0 -180 0 0 0 0 0 0 0.0398142 -75.1524 0 -180 0 180 0 -180 0 -180
0 0 0 -180 0 -180 0 -0 0.0408835 0.565549 0 0 0 -180 0 0 0 0
0 -180 0 0 0 180 0 0 0.0398142 -75.1524 0 -180 0 0 0 -180 0 -180
0 -0 0 0 0 -0 0 -180 0.19818 -179.108 0 -180 0 0 0 0 0 0
0 -0 0 -180 0 -0 0 0 0.812342 -76.9285 0 0 0 -180 0 -180 0 -180
inside=1 lambda=0.647 phi=35 theta=0
0 -0 0 -180 0 0 0 0 0.14023 -179.412 0 0 0 -0 0 -180 0 0
0 -0 0 0 0 -180 0 -180 0.869039 -82.6783 0 -180 0 -0 0 0 0 -180
0 -0 0 -180 0 -180 0 -0 1.15752e-13 -83.7514 0 -0 0 180 0 0 0 0
0 -0 0 0 0 0 0 -180 1.89845e-14 -20.854 0 -180 0 180 0 -180 0 -180
0 0 0 -180 0 -180 0 -0 5.80181e-14 169.061 0 -0 0 -180 0 0 0 0
0 -180 0 0 0 0 0 180 8.88834e-14 -153.575 0 180 0 0 0 -180 0 -180
0 0 0 0 0 0 0 -180 0.25625 -179.557 0 -180 0 0 0 0 0 0
0 -180 0 -180 0 -180 0 0 0.756057 -82.7273 0 0 0 -180 0 -180 0 -180
inside=1 lambda=0.647 phi=35 theta=15
0 -0 0 -180 0 0 0 0 0.148007 -179.425 0 0 0 -0 0 -180 0 0
0 -0 0 0 0 -180 0 -180 0.861469 -82.6846 0 -180 0 -0 0 0 0 -180
0 0 0 -0 0 -180 0 -180 0.0290192 0.325897 0 0 0 180 0 0 0 0
0 -0 0 0 0 0 0 0 0.0282668 -80.8831 0 -180 0 180 0 -180 0 -180
0 0 0 -180 0 -180 0 -0 0.0290181 0.315378 0 0 0 -180 0 0 0 0
0 -180 0 0 0 0 0 0 0.0282547 -81.217 0 -180 0 0 0 -180 0 -180
0 0 0 0 0 0 0 -180 0.248519 -179.54 0 -180 0 0 0 0 0 0
0 -180 0 -180 0 -0 0 0 0.763616 -82.7332 0 0 0 -180 0 -180 0 -180
inside=1 lambda=0.647 phi=35 theta=30
0 -0 0 -180 0 0 0 0 0.169262 -179.454 0 0 0 -0 0 -180 0 0
0 -0 0 0 0 -180 0 -180 0.840788 -82.7012 0 -180 0 -0 0 0 0 -180
0 0 0 -0 0 -180 0 -180 0.0502446 0.311628 0 0 0 180 0 0 0 0
0 -180 0 0 0 0 0 0 0.0489504 -81.0156 0 -180 0 180 0 -180 0 -180
0 0 0 -180 0 -180 0 -0 0.0502516 0.313449 0 0 0 -180 0 0 0 0
0 -180 0 0 0 180 0 0 0.0489419 -81.1877 0 -180 0 0 0 -180 0 -180
0 0 0 0 0 -0 0 -180 0.227324 -179.511 0 -180 0 0 0 0 0 0
0 -0 0 -180 0 -0 0 0 0.784286 -82.7349 0 0 0 -180 0 -180 0 -180
inside=1 lambda=0.647 phi=35 theta=45
0 -0 0 -180 0 0 0 0 0.198302 -179.484 0 0 0 -0 0 -180 0 0
0 -0 0 0 0 -180 0 -180 0.812536 -82.7216 0 -180 0 -0 0 0 0 -180
0 0 0 -0 0 -180 0 -180 0.0580157 0.310326 0 0 0 180 0 0 0 0
0 -180 0 0 0 0 0 0 0.0565167 -81.1232 0 -180 0 180 0 -180 0 -180
0 0 0 -180 0 180 0 -0 0.0580157 0.310326 0 0 0 -180 0 0 0 0
0 -180 0 0 0 180 0 0 0.0565167 -81.1232 0 -180 0 0 0 -180 0 -180
0 -0 0 0 0 -0 0 -180 0.198302 -179.484 0 -180 0 0 0 0 0 0
0 -0 0 -180 0 -0 0 0 0.812536 -82.7216 0 0 0 -180 0 -180 0 -180
inside=1 lambda=0.647 phi=40 theta=0
0 -0 0 -180 0 0 0 0 0.118428 -179.888 0 0 0 -0 0 -180 0 0
0 -0 0 0 0 -180 0 -180 0.890467 -88.9866 0 -180 0 -0 0 0 0 -180
0 -0 0 -180 0 -180 0 -180 1.74968e-13 -136.117 0 0 0 180 0 0 0 0
0 -0 0 0 0 0 0 -180 1.12226e-13 19.211 0 -180 0 180 0 -180 0 -180
0 0 0 -180 0 -180 0 -180 2.25102e-13 10.8136 0 -180 0 -180 0 0 0 0
0 -180 0 0 0 0 0 0 2.16596e-13 -107.613 0 -0 0 0 0 -180 0 -180
0 0 0 0 0 0 0 -0 0.276747 179.953 0 -180 0 0 0 0 0 0
0 -180 0 -180 0 -180 0 0 0.735643 -88.957 0 0 0 -180 0 -180 0 -180
inside=1 lambda=0.647 phi=40 theta=15
0 -0 0 -180 0 0 0 0 0.129071 -179.895 0 0 0 -0 0 -180 0 0
0 -0 0 0 0 -180 0 -180 0.880084 -88.9931 0 -180 0 -0 0 0 0 -180
0 -0 0 -0 0 -180 0 -180 0.0398062 0.0996296 0 0 0 180 0 0 0 0
0 -180 0 0 0 0 0 0 0.0387821 -87.2059 0 -180 0 180 0 -180 0 -180
0 0 0 -180 0 -180 0 -0 0.039745 0.0376788 0 0 0 -180 0 0 0 0
0 -180 0 0 0 0 0 -0 0.0387357 -87.7418 0 -180 0 0 0 -180 0 -180
0 0 0 0 0 -0 0 -180 0.266388 -179.985 0 -180 0 0 0 0 0 0
0 -180 0 -180 0 -0 0 0 0.745957 -88.9967 0 0 0 -180 0 -180 0 -180
inside=1 lambda=0.647 phi=40 theta=30
0 -0 0 -180 0 0 0 0 0.158161 -179.905 0 0 0 -0 0 -180 0 0
0 -0 0 0 0 -180 0 -180 0.851723 -89.0099 0 -180 0 -0 0 0 0 -180
0 0 0 -0 0 -180 0 -180 0.0688476 0.0479485 0 0 0 180 0 0 0 0
0 -180 0 0 0 0 0 0 0.0671368 -87.4687 0 -180 0 180 0 -180 0 -180
0 0 0 -180 0 180 0 -0 0.0688312 0.0413991 0 0 0 -180 0 0 0 0
0 -180 0 0 0 180 0 -0 0.0671102 -87.7124 0 -180 0 0 0 -180 0 -180
0 0 0 0 0 -0 0 -180 0.237577 -179.93 0 -180 0 0 0 0 0 0
0 -0 0 -180 0 -0 0 0 0.774256 -89.0312 0 0 0 -180 0 -180 0 -180
inside=1 lambda=0.647 phi=40 theta=45
0 -0 0 -180 0 0 0 0 0.197903 -179.913 0 0 0 -0 0 -180 0 0
0 -0 0 0 0 -180 0 -180 0.812984 -89.0285 0 -180 0 -0 0 0 0 -180
0 0 0 -0 0 -180 0 -180 0.0794709 0.04048 0 0 0 180 0 0 0 0
0 -180 0 -0 0 0 0 0 0.0775043 -87.6308 0 -180 0 180 0 -180 0 -180
0 0 0 -180 0 180 0 -0 0.0794709 0.04048 0 0 0 -180 0 0 0 0
0 -180 0 0 0 180 0 -0 0.0775043 -87.6308 0 -180 0 0 0 -180 0 -180
0 -0 0 0 0 -0 0 -180 0.197903 -179.913 0 -180 0 0 0 0 0 0
0 -0 0 -180 0 -0 0 0 0.812984 -89.0285 0 0 0 -180 0 -180 0 -180
inside=1 lambda=0.647 phi=45 theta=0
0 -0 0 -180 0 0 0 180 0.0905569 179.58 0 0 0 -0 0 -180 0 0
0 -0 0 0 0 -180 0.00677385 -146.053 0.917305 -95.6527 0 -180 0 -0 0 0 0 -180
0 -0 0 -0 0 -180 0 180 9.93333e-14 89.7176 0 -0 0 180 0 180 0 0
0 -180 0 0 0 0 2.17434e-12 153.657 1.90465e-13 -166.776 0 0 0 0 0 -180 0 -180
0 0 0 -180 0 -180 0 0 7.92573e-14 -70.7998 0 0 0 -180 0 0 0 0
0 -180 0 0 0 0 1.58958e-13 -147.89 5.17798e-14 -179.325 0 180 0 0 0 -180 0 -180
0 0 0 0 0 0 0 0 0.306486 178.166 0 -180 0 0 0 0 0 0
0 -180 0 -180 0 -180 0.302556 41.7254 0.702003 -95.1078 0 0 0 -180 0 -180 0 -180
inside=1 lambda=0.647 phi=45 theta=15
0 -0 0 -180 0 0 0 0 0.104939 179.509 0 0 0 -0 0 -180 0 0
0 -0 0 0 0 -180 0 -0 0.903605 -95.6584 0 -180 0 -0 0 0 0 -180
0 -0 0 -0 0 -180 0 -0 0.053429 0.0303703 0 0 0 180 0 0 0 0
0 -180 0 -0 0 0 0 -0 0.0519773 -93.562 0 -180 0 180 0 -180 0 -180
0 0 0 -180 0 -180 0 -0 0.0530406 -0.251012 0 0 0 -180 0 0 0 0
0 -180 0 0 0 0 0 -0 0.0517721 -94.6169 0 -180 0 0 0 -180 0 -180
0 0 0 0 0 -0 0 -0 0.287025 179.438 0 -180 0 0 0 0 0 0
0 -180 0 -180 0 -0 0 -0 0.724418 -95.4954 0 0 0 -180 0 -180 0 -180
inside=1 lambda=0.647 phi=45 theta=30
0 -0 0 -180 0 0 0 0 0.143736 179.577 0 0 0 -0 0 -180 0 0
0 -0 0 0 0 -180 0 -180 0.865663 -95.6742 0 -180 0 -0 0 0 0 -180
0 0 0 -0 0 -180 0 -180 0.091999 -0.201838 0 0 0 180 0 0 0 0
0 -180 0 -0 0 0 0 0 0.0898541 -94.2604 0 -180 0 180 0 -180 0 -180
0 0 0 -180 0 180 0 -0 0.0919025 -0.219295 0 0 0 -180 0 0 0 0
0 -180 0 0 0 180 0 -0 0.0897804 -94.6002 0 -180 0 0 0 -180 0 -180
0 -0 0 0 0 -0 0 -180 0.249577 179.645 0 -180 0 0 0 0 0 0
0 -0 0 -180 0 -0 0 0 0.762046 -95.665 0 0 0 -180 0 -180 0 -180
inside=1 lambda=0.647 phi=45 theta=45
0 -0 0 -180 0 0 0 0 0.196756 179.635 0 0 0 -0 0 -180 0 0
0 -0 0 0 0 -180 0 -180 0.813835 -95.6866 0 -180 0 -0 0 0 0 -180
0 0 0 -0 0 -180 0 -180 0.106125 -0.217443 0 0 0 180 0 0 0 0
0 -180 0 -0 0 0 0 0 0.103705 -94.5026 0 -180 0 180 0 -180 0 -180
0 0 0 -180 0 180 0 -0 0.106125 -0.217443 0 0 0 -180 0 0 0 0
0 -180 0 0 0 180 0 -0 0.103705 -94.5026 0 -180 0 0 0 -180 0 -180
0 -0 0 0 0 -0 0 -180 0.196756 179.635 0 -180 0 0 0 0 0 0
0 -0 0 -180 0 -0 0 0 0.813835 -95.6866 0 0 0 -180 0 -180 0 -180
