RSoft_BSDF_File_Version 2
1 0 5 2 1 0.182857
0.3 0.3
-1 1
-1 1
1 0.647 0.647
10 0 45 0.5
4 0 45
Begin_Dispersion_Data
0.647 1.45662 0 1 0 0
End_Dispersion_Data
inside=0 lambda=0.647 phi=0 theta=0
0 -180 0 -180 0 -180 0 0 0.162003 -2.00056 0 0 0 -180 0 -180 0 -180
0 -180 0 -180 0 -180 0 0 1.19096 104.719 0 0 0 -180 0 -180 0 -180
0 -180 0 -180 0 0 0 180 1.78907e-12 77.9211 0 180 0 0 0 -180 0 -180
0 -180 0 -180 0 0 0 -0 1.00979e-12 -3.79926 0 -0 0 0 0 180 0 -180
0 -180 0 180 0 0 0 -0 4.00049e-13 57.9852 0 -0 0 0 0 180 0 -180
0 -180 0 0 0 0 0 -180 6.87774e-13 146.218 0 -180 0 0 0 0 0 -180
0 -180 0 0 0 -180 0 -180 0.162003 -2.00056 0 -180 0 -180 0 0 0 -180
0 -180 0 0 0 -180 0 -180 1.19096 104.719 0 -180 0 -180 0 0 0 -180
inside=0 lambda=0.647 phi=0 theta=15
0 -180 0 -180 0 -180 0 0 0.162003 -2.00056 0 0 0 -180 0 -180 0 -180
0 -180 0 -180 0 -180 0 0 1.19096 104.719 0 0 0 -180 0 -180 0 -180
0 -180 0 -180 0 0 0 180 1.78907e-12 77.9211 0 180 0 0 0 -180 0 -180
0 -180 0 -180 0 0 0 -0 1.00979e-12 -3.79926 0 -0 0 0 0 180 0 -180
0 -180 0 180 0 0 0 -0 4.00049e-13 57.9852 0 -0 0 0 0 180 0 -180
0 -180 0 0 0 0 0 -180 6.87774e-13 146.218 0 -180 0 0 0 0 0 -180
0 -180 0 0 0 -180 0 -180 0.162003 -2.00056 0 -180 0 -180 0 0 0 -180
0 -180 0 0 0 -180 0 -180 1.19096 104.719 0 -180 0 -180 0 0 0 -180
inside=0 lambda=0.647 phi=0 theta=30
0 -180 0 -180 0 -180 0 0 0.162003 -2.00056 0 0 0 -180 0 -180 0 -180
0 -180 0 -180 0 -180 0 0 1.19096 104.719 0 0 0 -180 0 -180 0 -180
0 -180 0 -180 0 0 0 180 1.78907e-12 77.9211 0 180 0 0 0 -180 0 -180
0 -180 0 -180 0 0 0 -0 1.00979e-12 -3.79926 0 -0 0 0 0 180 0 -180
0 -180 0 180 0 0 0 -0 4.00049e-13 57.9852 0 -0 0 0 0 180 0 -180
0 -180 0 0 0 0 0 -180 6.87774e-13 146.218 0 -180 0 0 0 0 0 -180
0 -180 0 0 0 -180 0 -180 0.162003 -2.00056 0 -180 0 -180 0 0 0 -180
0 -180 0 0 0 -180 0 -180 1.19096 104.719 0 -180 0 -180 0 0 0 -180
inside=0 lambda=0.647 phi=0 theta=45
0 -180 0 -180 0 -180 0 0 0.162003 -2.00056 0 0 0 -180 0 -180 0 -180
0 -180 0 -180 0 -180 0 0 1.19096 104.719 0 0 0 -180 0 -180 0 -180
0 -180 0 -180 0 0 0 180 1.78907e-12 77.9211 0 180 0 0 0 -180 0 -180
0 -180 0 -180 0 0 0 -0 1.00979e-12 -3.79926 0 -0 0 0 0 180 0 -180
0 -180 0 180 0 0 0 -0 4.00049e-13 57.9852 0 -0 0 0 0 180 0 -180
0 -180 0 0 0 0 0 -180 6.87774e-13 146.218 0 -180 0 0 0 0 0 -180
0 -180 0 0 0 -180 0 -180 0.162003 -2.00056 0 -180 0 -180 0 0 0 -180
0 -180 0 0 0 -180 0 -180 1.19096 104.719 0 -180 0 -180 0 0 0 -180
inside=0 lambda=0.647 phi=5 theta=0
0 -180 0 -180 0 -180 0 0 0.160303 -1.86793 0 0 0 -180 0 -180 0 -180
0 -0 0 -180 0 -180 0 0 1.18873 103.927 0 0 0 -0 0 -180 0 -180
0 -180 0 -0 0 0 0 180 2.29055e-13 47.2532 0 180 0 0 0 180 0 -180
0 -0 0 -180 0 0 0 0 1.41422e-13 -144.751 0 0 0 180 0 0 0 -180
0 -180 0 -180 0 0 0 180 2.26329e-13 -84.7829 0 0 0 0 0 0 0 -180
0 -180 0 -180 0 0 0 -180 4.57289e-13 -169.236 0 180 0 0 0 0 0 -180
0 -180 0 0 0 -180 0 -180 0.163499 -1.9066 0 -180 0 -180 0 0 0 -180
0 -180 0 0 0 -180 0 -180 1.19323 103.918 0 -180 0 -180 0 0 0 -180
inside=0 lambda=0.647 phi=5 theta=15
0 -180 0 -180 0 -180 0 0 0.160518 -1.87057 0 0 0 -180 0 -180 0 -180
0 -0 0 -180 0 -180 0 0 1.18903 103.926 0 0 0 -0 0 -180 0 -180
0 -180 0 -0 0 0 0 -180 0.000806253 176.344 0 0 0 0 0 180 0 -180
0 -0 0 -180 0 0 0 -180 0.00112557 -78.9136 0 0 0 180 0 0 0 -180
0 -180 0 -180 0 0 0 -0 0.000806208 176.343 0 180 0 0 0 0 0 -180
0 -180 0 -180 0 0 0 -180 0.00112553 -78.9074 0 0 0 0 0 0 0 -180
0 -180 0 0 0 -180 0 -180 0.163285 -1.90406 0 -180 0 -180 0 0 0 -180
0 -180 0 0 0 -180 0 -180 1.19293 103.919 0 -180 0 -180 0 0 0 -180
inside=0 lambda=0.647 phi=5 theta=30
0 -180 0 -180 0 -180 0 0 0.161103 -1.87775 0 0 0 -180 0 -180 0 -180
0 -0 0 -180 0 -180 0 0 1.18986 103.924 0 0 0 -0 0 -180 0 -180
0 -180 0 -0 0 0 0 -180 0.00139645 176.344 0 0 0 0 0 180 0 -180
0 -0 0 -180 0 0 0 -180 0.00194953 -78.9123 0 0 0 180 0 0 0 -180
0 -180 0 -180 0 0 0 -0 0.00139641 176.343 0 180 0 0 0 0 0 -180
0 -0 0 -180 0 180 0 -180 0.00194949 -78.9087 0 0 0 0 0 0 0 -180
0 -180 0 0 0 -180 0 -180 0.162701 -1.89708 0 -180 0 -180 0 0 0 -180
0 -0 0 0 0 -0 0 -180 1.19211 103.92 0 -180 0 -180 0 0 0 -180
inside=0 lambda=0.647 phi=5 theta=45
0 -180 0 -180 0 -180 0 0 0.161902 -1.88747 0 0 0 -180 0 -180 0 -180
0 -0 0 -180 0 -180 0 0 1.19098 103.922 0 0 0 -0 0 -180 0 -180
0 -180 0 -0 0 0 0 -180 0.00161246 176.344 0 0 0 0 0 180 0 -180
0 -0 0 -180 0 0 0 -180 0.0022511 -78.9105 0 0 0 180 0 0 0 -180
0 -180 0 -180 0 0 0 -0 0.00161246 176.344 0 180 0 0 0 0 0 -180
0 -0 0 -180 0 180 0 -180 0.0022511 -78.9105 0 0 0 0 0 0 0 -180
0 -180 0 0 0 -180 0 -180 0.161902 -1.88747 0 -180 0 -180 0 0 0 -180
0 -0 0 0 0 -0 0 -180 1.19098 103.922 0 -180 0 -180 0 0 0 -180
inside=0 lambda=0.647 phi=10 theta=0
0 180 0 -180 0 -180 0 0 0.15514 -1.4679 0 0 0 180 0 -180 0 -180
0 -0 0 -180 0 -180 0 180 1.18176 101.538 0 0 0 -0 0 -180 0 -180
0 180 0 -0 0 0 0 -0 1.15556e-13 5.13193 0 0 0 -0 0 180 0 -180
0 -0 0 -180 0 0 0 180 1.42197e-13 -92.5058 0 0 0 180 0 0 0 -180
0 -180 0 -180 0 0 0 -180 2.01864e-13 16.9603 0 -0 0 0 0 0 0 -180
0 -180 0 -180 0 0 0 180 2.49057e-13 -2.92644 0 -180 0 0 0 0 0 -180
0 -180 0 0 0 -180 0 -180 0.168176 -1.60359 0 -180 0 -180 0 0 0 -180
0 -180 0 0 0 -180 0 -180 1.20032 101.5 0 -180 0 -180 0 0 0 -180
inside=0 lambda=0.647 phi=10 theta=15
0 180 0 -180 0 -180 0 0 0.156014 -1.47776 0 0 0 180 0 -180 0 -180
0 -0 0 -180 0 -180 0 180 1.183 101.535 0 0 0 -0 0 -180 0 -180
0 -180 0 -0 0 0 0 -180 0.00328874 176.953 0 0 0 -0 0 180 0 -180
0 -0 0 -180 0 0 0 -180 0.00464158 -81.455 0 0 0 180 0 0 0 -180
0 -180 0 -180 0 0 0 -180 0.00328801 176.949 0 180 0 0 0 0 0 -180
0 -180 0 -180 0 180 0 -180 0.00464082 -81.4307 0 0 0 0 0 0 0 -180
0 -180 0 0 0 -180 0 -180 0.167304 -1.59522 0 -180 0 -180 0 0 0 -180
0 -180 0 0 0 -0 0 -180 1.19908 101.503 0 -180 0 -180 0 0 0 -180
inside=0 lambda=0.647 phi=10 theta=30
0 180 0 -180 0 -180 0 0 0.158401 -1.5041 0 0 0 180 0 -180 0 -180
0 -0 0 -180 0 -180 0 180 1.1864 101.528 0 0 0 -0 0 -180 0 -180
0 -180 0 -0 0 0 0 -180 0.00569605 176.952 0 0 0 0 0 180 0 -180
0 -0 0 -180 0 0 0 -180 0.00803913 -81.4493 0 0 0 180 0 0 0 -180
0 -180 0 -180 0 0 0 -180 0.00569532 176.949 0 180 0 0 0 0 0 -180
0 -0 0 -180 0 180 0 -180 0.00803838 -81.4353 0 0 0 0 0 0 0 -180
0 -180 0 0 0 -180 0 -180 0.164919 -1.57185 0 -180 0 -180 0 0 0 -180
0 -0 0 0 0 -0 0 -180 1.19568 101.509 0 -180 0 -180 0 0 0 -180
inside=0 lambda=0.647 phi=10 theta=45
0 180 0 -180 0 -180 0 0 0.161661 -1.53872 0 0 0 180 0 -180 0 -180
0 -0 0 -180 0 -180 0 0 1.19104 101.519 0 0 0 -0 0 -180 0 -180
0 -180 0 -180 0 0 0 -180 0.00657684 176.951 0 0 0 0 0 180 0 -180
0 -0 0 -180 0 0 0 -180 0.00928233 -81.442 0 0 0 180 0 0 0 -180
0 -180 0 -180 0 0 0 -180 0.00657684 176.951 0 180 0 0 0 0 0 -180
0 -0 0 -180 0 180 0 -180 0.00928233 -81.442 0 0 0 0 0 0 0 -180
0 180 0 0 0 180 0 -180 0.161661 -1.53872 0 -180 0 -180 0 0 0 -180
0 -0 0 0 0 -0 0 -180 1.19104 101.519 0 -180 0 -180 0 0 0 -180
inside=0 lambda=0.647 phi=15 theta=0
0 180 0 -180 0 -180 0 -0 0.146271 -0.81607 0 0 0 180 0 -180 0 -180
0 -0 0 -0 0 -180 0 180 1.16912 97.5189 0 0 0 -0 0 -0 0 -180
0 180 0 -0 0 0 0 180 1.74529e-13 157.895 0 -0 0 -0 0 180 0 -180
0 -0 0 -180 0 0 0 -0 3.45575e-13 30.5547 0 180 0 180 0 0 0 -180
0 -180 0 -180 0 0 0 -180 1.57167e-13 153.191 0 180 0 0 0 0 0 -180
0 -180 0 -180 0 0 0 -0 3.4343e-13 28.8007 0 180 0 0 0 0 0 -180
0 -180 0 0 0 -180 0 -180 0.176673 -1.02817 0 -180 0 -180 0 0 0 -180
0 -180 0 0 0 -180 0 -180 1.21312 97.4197 0 -180 0 -180 0 0 0 -180
inside=0 lambda=0.647 phi=15 theta=15
0 180 0 -180 0 -180 0 -0 0.14831 -0.833505 0 0 0 180 0 -180 0 -180
0 -0 0 -0 0 -180 0 180 1.17207 97.5117 0 0 0 -0 0 -0 0 -180
0 180 0 -0 0 0 0 -180 0.00767034 178.09 0 0 0 -0 0 180 0 -180
0 -0 0 -180 0 0 0 -0 0.0110051 -85.7533 0 0 0 180 0 -0 0 -180
0 -180 0 -180 0 0 0 -180 0.00766639 178.082 0 180 0 0 0 0 0 -180
0 -180 0 -180 0 180 0 -180 0.0110008 -85.7003 0 -0 0 0 0 0 0 -180
0 -180 0 0 0 -180 0 -180 0.174641 -1.01669 0 -180 0 -180 0 0 0 -180
0 -180 0 0 0 -0 0 -180 1.21017 97.4258 0 -180 0 -180 0 0 0 -180
inside=0 lambda=0.647 phi=15 theta=30
0 180 0 -180 0 -180 0 0 0.153881 -0.878396 0 0 0 180 0 -180 0 -180
0 -0 0 -180 0 -180 0 180 1.18012 97.4925 0 0 0 -0 0 -0 0 -180
0 180 0 -180 0 0 0 -180 0.0132846 178.088 0 0 0 -0 0 180 0 -180
0 -0 0 -180 0 0 0 -0 0.0190593 -85.739 0 0 0 180 0 -0 0 -180
0 -180 0 -180 0 0 0 -180 0.0132807 178.083 0 180 0 0 0 0 0 -180
0 -0 0 -180 0 180 0 -180 0.0190551 -85.7086 0 -0 0 0 0 0 0 -180
0 180 0 0 0 180 0 -180 0.169084 -0.983597 0 -180 0 -180 0 0 0 -180
0 -0 0 0 0 -0 0 -180 1.20211 97.443 0 -180 0 -180 0 0 0 -180
inside=0 lambda=0.647 phi=15 theta=45
0 180 0 -180 0 -180 0 0 0.161486 -0.933913 0 0 0 180 0 -180 0 -180
0 -0 0 -180 0 -180 0 180 1.19111 97.4672 0 0 0 -0 0 -180 0 -180
0 180 0 -180 0 0 0 -180 0.0153379 178.085 0 0 0 -0 0 180 0 -180
0 -0 0 -180 0 0 0 -180 0.0220051 -85.7223 0 0 0 180 0 -0 0 -180
0 180 0 -180 0 -0 0 -180 0.0153379 178.085 0 180 0 0 0 0 0 -180
0 -0 0 -180 0 180 0 -180 0.0220051 -85.7223 0 -0 0 0 0 0 0 -180
0 180 0 0 0 180 0 -180 0.161486 -0.933913 0 -180 0 -180 0 0 0 -180
0 -0 0 180 0 -0 0 -180 1.19111 97.4672 0 -180 0 -180 0 0 0 -180
inside=0 lambda=0.647 phi=20 theta=0
0 180 0 180 0 -180 0 -0 0.133063 -0.039933 0 0 0 180 0 180 0 -180
0 -0 0 -0 0 -180 0 180 1.14902 91.7991 0 0 0 -0 0 -0 0 -180
0 180 0 -0 0 0 0 -0 1.92497e-13 -58.8714 0 -0 0 -0 0 180 0 -180
0 -0 0 180 0 0 0 -0 4.50523e-13 -161.425 0 0 0 180 0 -0 0 -180
0 -180 0 -180 0 0 0 -0 3.93061e-13 -115.063 0 -0 0 0 0 0 0 -180
0 -180 0 -180 0 0 0 0 4.92691e-13 133.182 0 -0 0 0 0 0 0 -180
0 -180 0 0 0 -180 0 -180 0.190354 -0.07639 0 -180 0 -180 0 0 0 -180
0 -180 0 0 0 -180 0 -180 1.23346 91.5812 0 -180 0 -180 0 0 0 -180
inside=0 lambda=0.647 phi=20 theta=15
0 180 0 -180 0 -180 0 -0 0.136906 -0.0459369 0 0 0 180 0 180 0 -180
0 -0 0 -0 0 -180 0 180 1.15467 91.7823 0 0 0 -0 0 -0 0 -180
0 180 0 -0 0 0 0 -180 0.0144581 179.93 0 0 0 -0 0 180 0 -180
0 -0 0 180 0 0 0 -0 0.0211346 -91.9144 0 0 0 180 0 -0 0 -180
0 -180 0 -180 0 0 0 -180 0.0144446 179.921 0 180 0 0 0 0 0 -180
0 -180 0 -180 0 0 0 -180 0.0211179 -91.8238 0 -0 0 0 0 0 0 -180
0 -180 0 0 0 180 0 -180 0.186532 -0.0768074 0 -180 0 -180 0 0 0 -180
0 -180 0 0 0 -0 0 -180 1.2278 91.5938 0 -180 0 -180 0 0 0 -180
inside=0 lambda=0.647 phi=20 theta=30
0 180 0 -180 0 -180 0 -0 0.147409 -0.0588011 0 0 0 180 0 -180 0 -180
0 -0 0 -0 0 -180 0 180 1.17011 91.7383 0 0 0 -0 0 -0 0 -180
0 180 0 -180 0 0 0 -180 0.0250419 179.925 0 0 0 -0 0 180 0 -180
0 -0 0 180 0 0 0 -0 0.0365962 -91.8847 0 0 0 180 0 -0 0 -180
0 -180 0 -180 0 -0 0 -180 0.0250287 179.92 0 180 0 0 0 0 0 -180
0 -0 0 -180 0 180 0 180 0.0365804 -91.8334 0 -0 0 0 0 0 0 -180
0 180 0 0 0 180 0 -180 0.176071 -0.0758689 0 -180 0 -180 0 0 0 -180
0 -0 0 0 0 -0 0 -180 1.21233 91.6296 0 -180 0 -180 0 0 0 -180
inside=0 lambda=0.647 phi=20 theta=45
0 180 0 -180 0 -180 0 -0 0.16175 -0.0701096 0 0 0 180 0 -180 0 -180
0 -0 0 -180 0 -180 0 180 1.19122 91.682 0 0 0 -0 0 -0 0 -180
0 180 0 -180 0 0 0 -180 0.0289109 179.921 0 0 0 -0 0 180 0 -180
0 -0 0 180 0 0 0 -180 0.0422466 -91.8543 0 0 0 180 0 -0 0 -180
0 180 0 -180 0 -0 0 -180 0.0289109 179.921 0 180 0 0 0 0 0 -180
0 -0 0 -180 0 180 0 180 0.0422466 -91.8543 0 -0 0 0 0 0 0 -180
0 180 0 -0 0 180 0 -180 0.16175 -0.0701096 0 -180 0 -180 0 0 0 -180
0 -0 0 180 0 -0 0 -180 1.19122 91.682 0 -0 0 -180 0 0 0 -180
inside=0 lambda=0.647 phi=25 theta=0
0 180 0 180 0 -180 0 -0 0.113881 0.300049 0 0 0 180 0 180 0 -180
0 -0 0 -0 0 -180 0 180 1.1181 84.2475 0 0 0 -0 0 -0 0 -180
0 180 0 -0 0 0 0 0 8.61704e-14 11.5049 0 -0 0 -0 0 180 0 -180
0 -0 0 180 0 0 0 -0 1.36878e-13 168.929 0 180 0 180 0 -0 0 -180
0 -180 0 -180 0 0 0 180 1.50399e-13 160.139 0 -0 0 0 0 0 0 -180
0 -180 0 -180 0 0 0 -0 4.14226e-13 70.2239 0 -0 0 0 0 0 0 -180
0 -180 0 0 0 -180 0 -180 0.211981 1.38902 0 -180 0 -180 0 0 0 -180
0 -180 0 0 0 -180 0 -180 1.26487 83.8015 0 -180 0 -180 0 0 0 -180
inside=0 lambda=0.647 phi=25 theta=15
0 180 0 180 0 -180 0 -0 0.120445 0.417087 0 0 0 180 0 180 0 -180
0 -0 0 -0 0 -180 0 180 1.12792 84.2096 0 0 0 -0 0 -0 0 -180
0 180 0 -0 0 0 0 -180 0.0247882 -177.32 0 0 0 -0 0 180 0 -180
0 -0 0 180 0 0 0 -0 0.0367699 -100.122 0 0 0 180 0 -0 0 -180
0 -180 0 -180 0 -0 0 -180 0.0247512 -177.325 0 180 0 0 0 0 0 -180
0 -180 0 -180 0 0 0 180 0.0367132 -99.9864 0 -0 0 0 0 0 0 -180
0 180 0 0 0 180 0 -180 0.205458 1.33915 0 -180 0 -180 0 0 0 -180
0 -180 0 0 0 -0 0 -180 1.25501 83.8245 0 -180 0 -180 0 0 0 -180
inside=0 lambda=0.647 phi=25 theta=30
0 180 0 180 0 -180 0 -0 0.138421 0.689276 0 0 0 180 0 180 0 -180
0 -0 0 -0 0 -180 0 180 1.15476 84.1138 0 0 0 -0 0 -0 0 -180
0 180 0 -180 0 0 0 -180 0.0429447 -177.337 0 0 0 -0 0 180 0 -180
0 -0 0 180 0 0 0 -0 0.0636453 -100.064 0 0 0 180 0 -0 0 -180
0 180 0 -180 0 -0 0 -180 0.04291 -177.339 0 180 0 0 0 0 0 -180
0 -0 0 -180 0 180 0 180 0.0635967 -99.9898 0 -0 0 0 0 0 0 -180
0 180 0 -0 0 180 0 -180 0.187559 1.19836 0 -180 0 -180 0 0 0 -180
0 -0 0 0 0 -0 0 -180 1.22811 83.8926 0 -180 0 -180 0 0 0 -180
inside=0 lambda=0.647 phi=25 theta=45
0 180 0 -180 0 -180 0 -0 0.163009 0.975487 0 0 0 180 0 180 0 -180
0 -0 0 -180 0 -180 0 180 1.19142 83.9967 0 0 0 -0 0 -0 0 -180
0 180 0 -180 0 0 0 -180 0.0495807 -177.345 0 0 0 -0 0 180 0 -180
0 -0 0 180 0 0 0 -180 0.0734546 -100.015 0 0 0 180 0 -0 0 -180
0 180 0 -180 0 -0 0 -180 0.0495807 -177.345 0 180 0 0 0 0 0 -180
0 -0 0 -180 0 180 0 180 0.0734546 -100.015 0 -0 0 0 0 0 0 -180
0 180 0 -0 0 180 0 -180 0.163009 0.975487 0 180 0 -180 0 0 0 -180
0 -0 0 180 0 -0 0 -180 1.19142 83.9967 0 -0 0 -180 0 0 0 -180
inside=0 lambda=0.647 phi=30 theta=0
0 180 0 180 0 -180 0.0129932 -114.589 0.0844556 -2.13777 0 0 0 180 0 180 0 -180
0 -0 0 -0 0 -180 0 180 1.06934 74.6098 0 0 0 -0 0 -0 0 -180
0 180 0 -0 0 0 4.95049e-14 -38.3057 1.33892e-13 163.526 0 180 0 -0 0 180 0 -180
0 -0 0 180 0 0 0 180 2.64842e-13 90.9581 0 -180 0 180 0 -0 0 -180
0 -180 0 -180 0 0 1.6956e-13 -162.269 5.81469e-13 -58.5868 0 0 0 0 0 0 0 -180
0 -180 0 -180 0 0 0 0 4.33199e-13 87.1027 0 -180 0 0 0 0 0 -180
0 -180 0 0 0 -180 0.0497578 -137.671 0.247255 3.4803 0 -180 0 -180 0 0 0 -180
0 -180 0 0 0 -180 0 -180 1.31427 73.7185 0 -180 0 -180 0 0 0 -180
inside=0 lambda=0.647 phi=30 theta=15
0 180 0 180 0 -180 0 -0 0.0953452 -1.37591 0 0 0 180 0 180 0 -180
0 -0 0 -0 0 -180 0 180 1.08612 74.5219 0 0 0 -0 0 -0 0 -180
0 180 0 -0 0 0 0 -180 0.0413901 -173.472 0 0 0 -0 0 180 0 -180
0 -0 0 180 0 0 0 -0 0.0614839 -110.737 0 0 0 180 0 -0 0 -180
0 -180 0 -180 0 -0 0 -180 0.0412916 -173.472 0 180 0 0 0 0 0 -180
0 -180 0 -180 0 0 0 180 0.0612415 -110.542 0 -0 0 0 0 0 0 -180
0 180 0 0 0 180 0 -180 0.236634 3.35196 0 -180 0 -180 0 0 0 -180
0 -180 0 0 0 -180 0 -180 1.29809 73.7533 0 -180 0 -180 0 0 0 -180
inside=0 lambda=0.647 phi=30 theta=30
0 180 0 180 0 -180 0 -0 0.124962 0.443751 0 0 0 180 0 180 0 -180
0 -0 0 -0 0 -180 0 180 1.13086 74.3066 0 0 0 -0 0 -0 0 -180
0 180 0 -180 0 0 0 180 0.0717814 -173.562 0 0 0 -0 0 180 0 -180
0 -0 0 180 0 0 0 -0 0.106258 -110.606 0 0 0 180 0 -0 0 -180
0 180 0 180 0 -0 0 -180 0.0717019 -173.559 0 180 0 0 0 0 0 -180
0 -180 0 -180 0 180 0 180 0.106118 -110.507 0 -0 0 0 0 0 0 -180
0 180 0 -0 0 180 0 -180 0.206886 2.83108 0 180 0 -180 0 0 0 -180
0 -0 0 0 0 -0 0 -180 1.25315 73.8699 0 -180 0 -180 0 0 0 -180
inside=0 lambda=0.647 phi=30 theta=45
0 180 0 -180 0 -180 0 -0 0.16591 1.9152 0 0 0 180 0 180 0 -180
0 -0 0 -0 0 -180 0 180 1.19196 74.0686 0 0 0 -0 0 -0 0 -180
0 180 0 -180 0 0 0 180 0.0828865 -173.585 0 0 0 -0 0 180 0 -180
0 -0 0 180 0 0 0 -180 0.122583 -110.531 0 0 0 180 0 -0 0 -180
0 180 0 180 0 -0 0 -180 0.0828865 -173.585 0 180 0 0 0 0 0 -180
0 -0 0 -180 0 180 0 180 0.122583 -110.531 0 -0 0 0 0 0 0 -180
0 180 0 -0 0 180 0 -180 0.16591 1.9152 0 180 0 -180 0 0 0 -180
0 -0 0 180 0 -0 0 -0 1.19196 74.0686 0 -0 0 -180 0 0 0 -180
inside=0 lambda=0.647 phi=35 theta=0
0 180 0 180 0 -180 0.0400639 -114.03 0.0370347 -34.2241 0 0 0 180 0 180 0 -180
0 -0 0 -0 0 180 0 180 0.986288 62.1982 0 -0 0 -0 0 -0 0 180
0 180 0 -0 0 0 2.0711e-13 -55.3106 2.23204e-13 176.063 0 0 0 -0 0 180 0 -180
0 -0 0 180 0 -0 0 -180 4.61857e-13 112.09 0 -180 0 180 0 -0 0 180
0 -180 0 -180 0 0 3.90781e-13 40.4163 1.74259e-13 -135.02 0 0 0 0 0 0 0 -180
0 -180 0 -180 0 0 0 -0 1.55817e-13 21.0677 0 -180 0 0 0 0 0 -180
0 -180 0 0 0 -180 0.0594906 -119.81 0.311704 6.19636 0 -180 0 -180 0 0 0 -180
0 -180 0 0 0 -180 0 -180 1.39872 60.4216 0 -180 0 -180 0 0 0 -180
inside=0 lambda=0.647 phi=35 theta=15
0 180 0 180 0 -180 0.0303102 -117.713 0.052345 -19.4441 0 0 0 180 0 180 0 -180
0 -0 0 -0 0 180 0 180 1.01431 62.0199 0 -0 0 -0 0 -0 0 180
0 180 0 -0 0 0 0.0020578 111.043 0.0717977 -168.782 0 0 0 -0 0 180 0 -180
0 -0 0 180 0 -0 0 -0 0.103844 -124.172 0 -0 0 180 0 -0 0 180
0 180 0 -180 0 -0 0.015794 -143.682 0.0716321 -168.827 0 180 0 0 0 0 0 -180
0 -180 0 -180 0 0 0 180 0.103356 -124.211 0 -0 0 0 0 0 0 -180
0 180 0 -0 0 180 0.0529127 -127.202 0.293053 5.85957 0 -180 0 -180 0 0 0 -180
0 -180 0 0 0 -180 0 -180 1.37117 60.4927 0 -180 0 -180 0 0 0 -180
inside=0 lambda=0.647 phi=35 theta=30
0 180 0 180 0 -180 0 -0 0.10078 -4.65311 0 0 0 180 0 180 0 -180
0 -0 0 -0 0 180 0 180 1.09055 61.5619 0 -0 0 -0 0 -0 0 180
0 180 0 -180 0 0 0 180 0.124938 -168.82 0 0 0 -0 0 180 0 -180
0 -0 0 180 0 -0 0 -0 0.17912 -124.236 0 0 0 180 0 -0 0 180
0 180 0 180 0 -0 0 -180 0.124758 -168.811 0 180 0 0 0 0 0 -180
0 -180 0 -180 0 180 0 180 0.178688 -124.116 0 -0 0 0 0 0 0 -180
0 180 0 -0 0 180 0 -180 0.241617 4.6757 0 180 0 -180 0 0 0 -180
0 -0 0 0 0 -0 0 -180 1.29626 60.7042 0 -180 0 -180 0 0 0 -180
inside=0 lambda=0.647 phi=35 theta=45
0 180 0 180 0 -180 0 -0 0.170675 1.90311 0 0 0 180 0 180 0 -180
0 -0 0 -0 0 -180 0 180 1.19329 61.0729 0 -0 0 -0 0 -0 0 180
0 180 0 -180 0 0 0 180 0.144311 -168.895 0 0 0 -0 0 180 0 -180
0 -0 0 180 0 0 0 -180 0.206462 -124.127 0 0 0 180 0 -0 0 180
0 180 0 180 0 -0 0 -180 0.144311 -168.895 0 180 0 0 0 0 0 -180
0 -0 0 -180 0 180 0 180 0.206462 -124.127 0 -0 0 0 0 0 0 180
0 180 0 -0 0 180 0 180 0.170675 1.90311 0 180 0 -180 0 0 0 -180
0 -0 0 180 0 -0 0 -0 1.19329 61.0729 0 -0 0 -180 0 -0 0 180
inside=0 lambda=0.647 phi=40 theta=0
0 180 0 180 0 -180 0.0856898 -116.25 0.137623 -140.026 0 0 0 180 0 180 0 -180
0 -0 0 -0 0 180 0 180 0.80517 44.8372 0 -0 0 -0 0 -0 0 180
0 180 0 -0 0 0 1.44577e-13 21.5536 4.63661e-13 -100.784 0 -0 0 -0 0 180 0 -180
0 -0 0 180 0 -0 0 -0 8.90315e-13 174.328 0 180 0 180 0 -0 0 180
0 -180 0 -180 0 0 1.09993e-12 -133.414 2.92318e-13 36.513 0 180 0 0 0 0 0 -180
0 -180 0 -180 0 0 0 180 3.30638e-13 135.419 0 -0 0 0 0 0 0 -180
0 -180 0 0 0 -180 0.0766647 -111.184 0.45933 9.55451 0 -180 0 -180 0 0 0 -180
0 -180 0 0 0 -180 0 -180 1.57907 41.0171 0 -180 0 -180 0 0 0 -180
inside=0 lambda=0.647 phi=40 theta=15
0 180 0 180 0 -180 0.0658217 -121.105 0.103965 -131.357 0 0 0 180 0 180 0 -180
0 -0 0 -0 0 180 0 180 0.857888 44.3307 0 -0 0 -0 0 -0 0 180
0 180 0 -0 0 0 0.0123273 68.4714 0.146574 -163.365 0 0 0 -0 0 180 0 -180
0 -0 0 180 0 -0 0 -0 0.194947 -143.081 0 -0 0 180 0 -0 0 180
0 180 0 180 0 -0 0.029187 -140.43 0.146356 -163.45 0 180 0 0 0 0 0 -180
0 -180 0 -180 0 0 0 180 0.194179 -143.249 0 -0 0 0 0 0 0 -180
0 180 0 -0 0 180 0.0628644 -117.767 0.421428 8.84127 0 -180 0 -180 0 0 0 -180
0 -180 0 0 0 -180 0 -180 1.52724 41.1125 0 -180 0 -180 0 0 0 180
inside=0 lambda=0.647 phi=40 theta=30
0 180 0 180 0 -180 0.0210769 -135.48 0.0593352 -55.7531 0 0 0 180 0 180 0 -180
0 -0 0 -0 0 180 0 180 1.00077 43.2216 0 -0 0 -0 0 -0 0 180
0 180 0 -180 0 0 0.00591321 82.3285 0.25547 -163.435 0 0 0 -0 0 180 0 -180
0 -0 0 180 0 -0 0 -0 0.336815 -143.237 0 -0 0 180 0 -0 0 180
0 180 0 180 0 -0 0.026657 -158.189 0.255037 -163.472 0 180 0 0 0 0 0 -180
0 -180 0 -180 0 0 0 180 0.335297 -143.232 0 -0 0 -0 0 -0 0 180
0 180 0 -0 0 180 0.041806 -146.173 0.316084 6.11327 0 180 0 -180 0 0 0 -180
0 -0 0 0 0 -0 0 -180 1.38613 41.4803 0 -180 0 180 0 -0 0 180
inside=0 lambda=0.647 phi=40 theta=45
0 180 0 180 0 -180 0 -0 0.173482 -2.62972 0 0 0 180 0 180 0 -180
0 -0 0 -0 0 180 0 180 1.19366 42.1463 0 -0 0 -0 0 -0 0 180
0 180 0 -180 0 0 0 180 0.295636 -163.623 0 0 0 -0 0 180 0 -180
0 -0 0 180 0 -0 0 -180 0.38737 -143.197 0 -0 0 180 0 -0 0 180
0 180 0 180 0 -0 0 -180 0.295636 -163.623 0 180 0 0 0 0 0 -180
0 -0 0 -180 0 180 0 180 0.38737 -143.197 0 -0 0 -0 0 -0 0 180
0 180 0 -0 0 180 0 180 0.173482 -2.62972 0 180 0 -180 0 0 0 -180
0 -0 0 180 0 -0 0 -0 1.19366 42.1463 0 -0 0 180 0 -0 0 180
inside=0 lambda=0.647 phi=45 theta=0
0 0 0 0 0 -180 0.191098 -151.08 0.979417 146.936 0 0 0 0 0 0 0 -180
0 -180 0 -180 0 0 0 180 0 0 0 -180 0 -180 0 -180 0 0
0 0 0 -180 0 0 9.1007e-13 72.0462 1.25093e-12 -80.9176 0 0 0 -180 0 0 0 -180
0 -180 0 0 0 -180 0 0 0 -180 0 -0 0 0 0 -180 0 0
0 180 0 180 0 -0 2.34061e-11 150.854 7.82993e-11 159.356 0 180 0 -0 0 -0 0 180
0 180 0 180 0 -0 0 0 0 0 0 -180 0 -0 0 -0 0 180
0 180 0 -0 0 180 0.100609 -126.477 0.995453 -19.0915 0 180 0 180 0 -0 0 180
0 180 0 -0 0 180 0 -180 0 -0 0 180 0 180 0 -0 0 180
inside=0 lambda=0.647 phi=45 theta=15
0 0 0 0 0 -180 0.134701 -159.216 0.855192 145.684 0 0 0 0 0 0 0 -180
0 -180 0 -180 0 0 0 0 0 0 0 -180 0 -180 0 -180 0 0
0 0 0 -180 0 0 0.0552575 14.6857 0.493206 154.227 0 0 0 -180 0 0 0 -180
0 -180 0 0 0 -180 0 -0 0 180 0 -180 0 0 0 -180 0 0
0 180 0 180 0 -0 0.0551682 -167.256 0.492599 154.035 0 0 0 0 0 0 0 -180
0 -180 0 -180 0 0 0 180 0 180 0 -180 0 -0 0 -0 0 180
0 180 0 -0 0 180 0.0709487 -126.823 0.86567 -18.1897 0 180 0 -180 0 0 0 -180
0 -180 0 0 0 -180 0 -180 0 -0 0 -180 0 180 0 -0 0 180
inside=0 lambda=0.647 phi=45 theta=30
0 0 0 0 0 -180 0.0455617 -167.121 0.506295 139.625 0 0 0 0 0 180 0 -180
0 -180 0 -180 0 0 0 0 0 0 0 -180 0 -180 0 -180 0 0
0 0 0 -180 0 0 0.0466569 -8.28467 0.858777 153.823 0 0 0 -180 0 0 0 -180
0 -180 0 0 0 -180 0 -180 0 180 0 -180 0 0 0 -180 0 0
0 180 0 180 0 -0 0.0467078 175.878 0.857373 153.744 0 0 0 0 0 0 0 -180
0 -180 0 -180 0 0 0 180 0 180 0 -180 0 -0 0 -0 0 0
0 0 0 -0 0 180 0.0335782 -125.501 0.50932 -12.6172 0 180 0 -180 0 0 0 -180
0 -180 0 0 0 -180 0 -180 0 -0 0 -180 0 180 0 -0 0 0
inside=0 lambda=0.647 phi=45 theta=45
0 0 0 0 0 -180 0 -0 0.123665 63.5525 0 0 0 180 0 180 0 -180
0 -180 0 -180 0 180 0 0 0 0 0 -180 0 -180 0 -180 0 0
0 0 0 -180 0 0 0 0 0.992324 153.553 0 0 0 -0 0 0 0 -180
0 -180 0 0 0 -0 0 -180 0 180 0 -0 0 0 0 -180 0 0
0 0 0 0 0 -0 0 -180 0.992324 153.553 0 0 0 0 0 0 0 -180
0 -180 0 -180 0 0 0 0 0 180 0 -180 0 -0 0 -0 0 0
0 0 0 -0 0 180 0 0 0.123665 63.5525 0 180 0 -180 0 0 0 -180
0 -180 0 0 0 -180 0 -180 0 0 0 -180 0 180 0 -180 0 0
inside=1 lambda=0.647 phi=0 theta=0
0 -180 0 -180 0 -180 0 0 0.162003 31.439 0 0 0 -180 0 -180 0 -180
0 -180 0 -180 0 -180 0 0 0.817621 104.719 0 0 0 -180 0 -180 0 -180
0 -180 0 0 0 0 0 -180 1.28018e-12 44.8447 0 -180 0 0 0 0 0 -180
0 -180 0 180 0 0 0 -180 1.05148e-12 -150.293 0 180 0 0 0 -180 0 -180
0 -180 0 180 0 0 0 -0 8.57082e-13 34.5081 0 -0 0 0 0 180 0 -180
0 -180 0 -0 0 0 0 -0 5.83293e-13 165.898 0 -0 0 0 0 -0 0 -180
0 -180 0 0 0 -180 0 -180 0.162003 31.439 0 -180 0 -180 0 0 0 -180
0 -180 0 0 0 -180 0 -180 0.817621 104.719 0 -180 0 -180 0 0 0 -180
inside=1 lambda=0.647 phi=0 theta=15
0 -180 0 -180 0 -180 0 0 0.162003 31.439 0 0 0 -180 0 -180 0 -180
0 -180 0 -180 0 -180 0 0 0.817621 104.719 0 0 0 -180 0 -180 0 -180
0 -180 0 0 0 0 0 -180 1.28018e-12 44.8447 0 -180 0 0 0 0 0 -180
0 -180 0 180 0 0 0 -180 1.05148e-12 -150.293 0 180 0 0 0 -180 0 -180
0 -180 0 180 0 0 0 -0 8.57082e-13 34.5081 0 -0 0 0 0 180 0 -180
0 -180 0 -0 0 0 0 -0 5.83293e-13 165.898 0 -0 0 0 0 -0 0 -180
0 -180 0 0 0 -180 0 -180 0.162003 31.439 0 -180 0 -180 0 0 0 -180
0 -180 0 0 0 -180 0 -180 0.817621 104.719 0 -180 0 -180 0 0 0 -180
inside=1 lambda=0.647 phi=0 theta=30
0 -180 0 -180 0 -180 0 0 0.162003 31.439 0 0 0 -180 0 -180 0 -180
0 -180 0 -180 0 -180 0 0 0.817621 104.719 0 0 0 -180 0 -180 0 -180
0 -180 0 0 0 0 0 -180 1.28018e-12 44.8447 0 -180 0 0 0 0 0 -180
0 -180 0 180 0 0 0 -180 1.05148e-12 -150.293 0 180 0 0 0 -180 0 -180
0 -180 0 180 0 0 0 -0 8.57082e-13 34.5081 0 -0 0 0 0 180 0 -180
0 -180 0 -0 0 0 0 -0 5.83293e-13 165.898 0 -0 0 0 0 -0 0 -180
0 -180 0 0 0 -180 0 -180 0.162003 31.439 0 -180 0 -180 0 0 0 -180
0 -180 0 0 0 -180 0 -180 0.817621 104.719 0 -180 0 -180 0 0 0 -180
inside=1 lambda=0.647 phi=0 theta=45
0 -180 0 -180 0 -180 0 0 0.162003 31.439 0 0 0 -180 0 -180 0 -180
0 -180 0 -180 0 -180 0 0 0.817621 104.719 0 0 0 -180 0 -180 0 -180
0 -180 0 0 0 0 0 -180 1.28018e-12 44.8447 0 -180 0 0 0 0 0 -180
0 -180 0 180 0 0 0 -180 1.05148e-12 -150.293 0 180 0 0 0 -180 0 -180
0 -180 0 180 0 0 0 -0 8.57082e-13 34.5081 0 -0 0 0 0 180 0 -180
0 -180 0 -0 0 0 0 -0 5.83293e-13 165.898 0 -0 0 0 0 -0 0 -180
0 -180 0 0 0 -180 0 -180 0.162003 31.439 0 -180 0 -180 0 0 0 -180
0 -180 0 0 0 -180 0 -180 0.817621 104.719 0 -180 0 -180 0 0 0 -180
inside=1 lambda=0.647 phi=5 theta=0
0 -180 0 -180 0 -180 0 0 0.161204 30.6309 0 0 0 -180 0 -180 0 -180
0 -0 0 -180 0 -180 0 0 0.818556 104.346 0 0 0 -0 0 -180 0 -180
0 -180 0 -0 0 0 0 180 2.34181e-13 -117.224 0 -0 0 0 0 180 0 -180
0 -180 0 -180 0 0 0 180 4.62394e-13 7.95387 0 -0 0 0 0 0 0 -180
0 -180 0 -180 0 0 0 -0 3.36938e-13 -119.403 0 -0 0 0 0 0 0 -180
0 -180 0 -180 0 0 0 0 3.4614e-13 19.2176 0 0 0 0 0 0 0 -180
0 -180 0 0 0 -180 0 -180 0.162704 30.6415 0 -180 0 -180 0 0 0 -180
0 -180 0 0 0 -180 0 -180 0.816701 104.342 0 -180 0 -180 0 0 0 -180
inside=1 lambda=0.647 phi=5 theta=15
0 -180 0 -180 0 -180 0 0 0.161305 30.6316 0 0 0 -180 0 -180 0 -180
0 -0 0 -180 0 -180 0 0 0.818432 104.346 0 0 0 -0 0 -180 0 -180
0 -180 0 -0 0 0 0 -180 0.000378081 -148.62 0 0 0 0 0 180 0 -180
0 -180 0 -180 0 0 0 -180 0.000464505 106.534 0 0 0 0 0 0 0 -180
0 -180 0 -180 0 0 0 -0 0.00037806 -148.617 0 180 0 0 0 0 0 -180
0 -180 0 -180 0 0 0 -180 0.000464494 106.532 0 0 0 0 0 0 0 -180
0 -180 0 0 0 -180 0 -180 0.162603 30.6408 0 -180 0 -180 0 0 0 -180
0 -180 0 0 0 -180 0 -180 0.816825 104.343 0 -180 0 -180 0 0 0 -180
inside=1 lambda=0.647 phi=5 theta=30
0 -180 0 -180 0 -180 0 0 0.161579 30.6336 0 0 0 -180 0 -180 0 -180
0 -180 0 -180 0 -180 0 0 0.818092 104.345 0 0 0 -180 0 -180 0 -180
0 -180 0 -0 0 0 0 -180 0.000654847 -148.619 0 0 0 0 0 180 0 -180
0 -180 0 -180 0 0 0 -180 0.000804542 106.534 0 0 0 0 0 0 0 -180
0 -180 0 -180 0 0 0 -0 0.000654826 -148.618 0 180 0 0 0 0 0 -180
0 -180 0 -180 0 0 0 -180 0.000804532 106.533 0 0 0 0 0 0 0 -180
0 -180 0 0 0 -180 0 -180 0.162329 30.6388 0 -180 0 -180 0 0 0 -180
0 -180 0 0 0 -180 0 -180 0.817165 104.343 0 -180 0 -180 0 0 0 -180
inside=1 lambda=0.647 phi=5 theta=45
0 -180 0 -180 0 -180 0 0 0.161954 30.6362 0 0 0 -180 0 -180 0 -180
0 -180 0 -180 0 -180 0 0 0.817628 104.344 0 0 0 -180 0 -180 0 -180
0 -180 0 -0 0 0 0 -180 0.00075614 -148.618 0 0 0 0 0 180 0 -180
0 -180 0 -180 0 0 0 -180 0.000929 106.533 0 0 0 0 0 0 0 -180
0 -180 0 -180 0 0 0 -0 0.00075614 -148.618 0 180 0 0 0 0 0 -180
0 -180 0 -180 0 0 0 -180 0.000929 106.533 0 0 0 0 0 0 0 -180
0 -180 0 0 0 -180 0 -180 0.161954 30.6362 0 -180 0 -180 0 0 0 -180
0 -180 0 0 0 -180 0 -180 0.817628 104.344 0 -180 0 -180 0 0 0 -180
inside=1 lambda=0.647 phi=10 theta=0
0 -180 0 -180 0 -180 0 0 0.158808 28.2145 0 0 0 -180 0 -180 0 -180
0 -0 0 -180 0 -180 0 0 0.821393 103.232 0 0 0 -0 0 -180 0 -180
0 -180 0 -0 0 0 0 180 1.5193e-14 81.8176 0 -180 0 0 0 180 0 -180
0 -0 0 -180 0 0 0 0 2.66319e-14 -176.81 0 -0 0 180 0 0 0 -180
0 -180 0 -180 0 0 0 -0 5.78236e-14 174.853 0 -0 0 0 0 0 0 -180
0 -180 0 -180 0 0 0 0 8.28272e-14 110.773 0 -180 0 0 0 0 0 -180
0 -180 0 0 0 -180 0 -180 0.164834 28.2512 0 -180 0 -180 0 0 0 -180
0 -180 0 0 0 -180 0 -180 0.813909 103.215 0 -180 0 -180 0 0 0 -180
inside=1 lambda=0.647 phi=10 theta=15
0 -180 0 -180 0 -180 0 0 0.159211 28.217 0 0 0 -180 0 -180 0 -180
0 -0 0 -180 0 -180 0 0 0.820891 103.23 0 0 0 -0 0 -180 0 -180
0 -180 0 -0 0 0 0 -180 0.00151975 -151.165 0 0 0 0 0 180 0 -180
0 -0 0 -180 0 0 0 -180 0.00187432 105.464 0 0 0 180 0 0 0 -180
0 -180 0 -180 0 0 0 -0 0.00151941 -151.155 0 180 0 0 0 0 0 -180
0 -180 0 -180 0 0 0 -180 0.00187415 105.457 0 0 0 0 0 0 0 -180
0 -180 0 0 0 -180 0 -180 0.16443 28.2488 0 -180 0 -180 0 0 0 -180
0 -180 0 0 0 -180 0 -180 0.81441 103.216 0 -180 0 -180 0 0 0 -180
inside=1 lambda=0.647 phi=10 theta=30
0 -180 0 -180 0 -180 0 0 0.160315 28.2239 0 0 0 -180 0 -180 0 -180
0 -0 0 -180 0 -180 0 0 0.819522 103.227 0 0 0 -0 0 -180 0 -180
0 -180 0 -0 0 0 0 -180 0.00263216 -151.163 0 0 0 0 0 180 0 -180
0 -0 0 -180 0 0 0 -180 0.00324635 105.463 0 0 0 180 0 0 0 -180
0 -180 0 -180 0 0 0 -0 0.00263182 -151.157 0 180 0 0 0 0 0 -180
0 -180 0 -180 0 0 0 -180 0.00324618 105.459 0 0 0 0 0 0 0 -180
0 -180 0 0 0 -180 0 -180 0.163328 28.2422 0 -180 0 -180 0 0 0 -180
0 -180 0 0 0 -0 0 -180 0.81578 103.219 0 -180 0 -180 0 0 0 -180
inside=1 lambda=0.647 phi=10 theta=45
0 -180 0 -180 0 -180 0 0 0.161821 28.2331 0 0 0 -180 0 -180 0 -180
0 -0 0 -180 0 -180 0 0 0.817651 103.223 0 0 0 -0 0 -180 0 -180
0 -180 0 -0 0 0 0 -180 0.00303917 -151.16 0 0 0 0 0 180 0 -180
0 -180 0 -180 0 0 0 -180 0.00374847 105.461 0 0 0 180 0 0 0 -180
0 -180 0 -180 0 0 0 -0 0.00303917 -151.16 0 180 0 0 0 0 0 -180
0 -180 0 -180 0 180 0 -180 0.00374847 105.461 0 0 0 0 0 0 0 -180
0 -180 0 0 0 -180 0 -180 0.161821 28.2331 0 -180 0 -180 0 0 0 -180
0 -0 0 0 0 -0 0 -180 0.817651 103.223 0 -180 0 -180 0 0 0 -180
inside=1 lambda=0.647 phi=15 theta=0
0 180 0 -180 0 -180 0 0 0.154809 24.2149 0 0 0 180 0 -180 0 -180
0 -0 0 -180 0 -180 0 180 0.826237 101.386 0 0 0 -0 0 -180 0 -180
0 -180 0 -0 0 0 0 -0 1.03895e-13 -122.705 0 -0 0 0 0 180 0 -180
0 -0 0 -180 0 0 0 -180 9.49551e-14 13.4612 0 -180 0 180 0 0 0 -180
0 -180 0 -180 0 0 0 -0 1.54645e-13 -105.688 0 0 0 0 0 0 0 -180
0 -180 0 -180 0 0 0 180 5.91545e-14 0.467678 0 180 0 0 0 0 0 -180
0 -180 0 0 0 -180 0 -180 0.168483 24.2757 0 -180 0 -180 0 0 0 -180
0 -180 0 0 0 -180 0 -180 0.80915 101.346 0 -180 0 -180 0 0 0 -180
inside=1 lambda=0.647 phi=15 theta=15
0 180 0 -180 0 -180 0 0 0.155726 24.2192 0 0 0 180 0 -180 0 -180
0 -0 0 -180 0 -180 0 180 0.825093 101.383 0 0 0 -0 0 -180 0 -180
0 -180 0 -0 0 0 0 -180 0.00344892 -155.408 0 0 0 0 0 180 0 -180
0 -0 0 -180 0 0 0 -180 0.00427973 103.695 0 0 0 180 0 0 0 -180
0 -180 0 -180 0 0 0 -0 0.00344715 -155.386 0 180 0 0 0 0 0 -180
0 -180 0 -180 0 0 0 -180 0.00427884 103.679 0 0 0 0 0 0 0 -180
0 -180 0 0 0 -180 0 -180 0.167568 24.2718 0 -180 0 -180 0 0 0 -180
0 -180 0 0 0 -180 0 -180 0.810295 101.349 0 -180 0 -180 0 0 0 -180
inside=1 lambda=0.647 phi=15 theta=30
0 -180 0 -180 0 -180 0 0 0.15823 24.2307 0 0 0 180 0 -180 0 -180
0 -0 0 -180 0 -180 0 0 0.821965 101.376 0 0 0 -0 0 -180 0 -180
0 -180 0 -0 0 0 0 -180 0.0059731 -155.403 0 0 0 0 0 180 0 -180
0 -0 0 -180 0 0 0 -180 0.00741239 103.691 0 0 0 180 0 0 0 -180
0 -180 0 -180 0 0 0 -0 0.00597134 -155.391 0 180 0 0 0 0 0 -180
0 -180 0 -180 0 180 0 -180 0.0074115 103.682 0 0 0 0 0 0 0 -180
0 -180 0 0 0 -180 0 -180 0.165067 24.2611 0 -180 0 -180 0 0 0 -180
0 -0 0 0 0 -0 0 -180 0.813422 101.356 0 -180 0 -180 0 0 0 -180
inside=1 lambda=0.647 phi=15 theta=45
0 -180 0 -180 0 -180 0 0 0.161649 24.2461 0 0 0 -180 0 -180 0 -180
0 -0 0 -180 0 -180 0 0 0.817693 101.366 0 0 0 -0 0 -180 0 -180
0 -180 0 -0 0 0 0 -180 0.00689616 -155.397 0 0 0 0 0 180 0 -180
0 -0 0 -180 0 0 0 -180 0.00855858 103.686 0 0 0 180 0 0 0 -180
0 -180 0 -180 0 0 0 -0 0.00689616 -155.397 0 180 0 0 0 0 0 -180
0 -0 0 -180 0 180 0 -180 0.00855858 103.686 0 0 0 0 0 0 0 -180
0 -180 0 0 0 -180 0 -180 0.161649 24.2461 0 -180 0 -180 0 0 0 -180
0 -0 0 0 0 -0 0 -180 0.817693 101.366 0 -180 0 -180 0 0 0 -180
inside=1 lambda=0.647 phi=20 theta=0
0 180 0 -180 0 -180 0 0 0.149192 18.6818 0 0 0 180 0 -180 0 -180
0 -0 0 -180 0 -180 0 180 0.833277 98.8293 0 0 0 -0 0 -180 0 -180
0 180 0 -0 0 0 0 0 4.27729e-14 -125.433 0 0 0 -0 0 180 0 -180
0 -0 0 -180 0 0 0 180 1.51393e-13 7.28538 0 180 0 180 0 0 0 -180
0 -180 0 -180 0 0 0 -180 9.18011e-14 -93.8895 0 180 0 0 0 0 0 -180
0 -180 0 -180 0 0 0 0 2.71628e-14 148.108 0 0 0 0 0 0 0 -180
0 -180 0 0 0 -180 0 -180 0.173811 18.7284 0 -180 0 -180 0 0 0 -180
0 -180 0 0 0 -180 0 -180 0.802262 98.7519 0 -180 0 -180 0 0 0 -180
inside=1 lambda=0.647 phi=20 theta=15
0 180 0 -180 0 -180 0 0 0.150843 18.6851 0 0 0 180 0 -180 0 -180
0 -0 0 -180 0 -180 0 180 0.831199 98.8242 0 0 0 -0 0 -180 0 -180
0 180 0 -0 0 0 0 -180 0.00621131 -161.344 0 0 0 -0 0 180 0 -180
0 -0 0 -180 0 0 0 -180 0.00776942 101.246 0 0 0 180 0 0 0 -180
0 -180 0 -180 0 0 0 -0 0.00620555 -161.309 0 180 0 0 0 0 0 -180
0 -180 0 -180 0 0 0 -180 0.00776647 101.219 0 0 0 0 0 0 0 -180
0 -180 0 0 0 -180 0 -180 0.172164 18.7253 0 -180 0 -180 0 0 0 -180
0 -180 0 0 0 -0 0 -180 0.804339 98.7571 0 -180 0 -180 0 0 0 -180
inside=1 lambda=0.647 phi=20 theta=30
0 180 0 -180 0 -180 0 0 0.155353 18.6938 0 0 0 180 0 -180 0 -180
0 -0 0 -180 0 -180 0 180 0.825521 98.8101 0 0 0 -0 0 -180 0 -180
0 180 0 -0 0 0 0 -180 0.0107565 -161.336 0 0 0 -0 0 180 0 -180
0 -0 0 -180 0 0 0 -180 0.0134559 101.238 0 0 0 180 0 0 0 -180
0 -180 0 -180 0 0 0 -0 0.0107508 -161.316 0 180 0 0 0 0 0 -180
0 -180 0 -180 0 180 0 -180 0.013453 101.222 0 0 0 0 0 0 0 -180
0 -180 0 0 0 -180 0 -180 0.167664 18.717 0 -180 0 -180 0 0 0 -180
0 -0 0 0 0 -0 0 -180 0.810014 98.7714 0 -180 0 -180 0 0 0 -180
inside=1 lambda=0.647 phi=20 theta=45
0 180 0 -180 0 -180 0 0 0.161511 18.7055 0 0 0 180 0 -180 0 -180
0 -0 0 -180 0 -180 0 0 0.817767 98.7908 0 0 0 -0 0 -180 0 -180
0 -180 0 -0 0 0 0 -180 0.0124174 -161.325 0 0 0 -0 0 180 0 -180
0 -0 0 -180 0 0 0 -180 0.0155359 101.229 0 0 0 180 0 0 0 -180
0 -180 0 -180 0 -0 0 -0 0.0124174 -161.325 0 180 0 0 0 0 0 -180
0 -0 0 -180 0 180 0 -180 0.0155359 101.229 0 0 0 0 0 0 0 -180
0 180 0 0 0 180 0 -180 0.161511 18.7055 0 -180 0 -180 0 0 0 -180
0 -0 0 0 0 -0 0 -180 0.817767 98.7908 0 -180 0 -180 0 0 0 -180
inside=1 lambda=0.647 phi=25 theta=0
0 180 0 180 0 -180 0 -0 0.141904 11.7029 0 0 0 180 0 180 0 -180
0 -0 0 -180 0 -180 0 180 0.842801 95.5883 0 0 0 -0 0 -180 0 -180
0 180 0 -0 0 0 0 180 1.30102e-13 72.2226 0 180 0 -0 0 180 0 -180
0 -0 0 -180 0 0 0 180 3.8981e-14 151.236 0 0 0 180 0 0 0 -180
0 -180 0 -180 0 0 0 -180 1.82954e-13 18.0559 0 180 0 0 0 0 0 -180
0 -180 0 -180 0 0 0 0 1.32535e-13 -138.528 0 -180 0 0 0 0 0 -180
0 -180 0 0 0 -180 0 -180 0.181066 11.6307 0 -180 0 -180 0 0 0 -180
0 -180 0 0 0 -180 0 -180 0.793002 95.4535 0 -180 0 -180 0 0 0 -180
inside=1 lambda=0.647 phi=25 theta=15
0 180 0 -180 0 -180 0 -0 0.144532 11.696 0 0 0 180 0 180 0 -180
0 -0 0 -180 0 -180 0 180 0.839463 95.5794 0 0 0 -0 0 -180 0 -180
0 180 0 -0 0 0 0 -180 0.00988494 -168.962 0 0 0 -0 0 180 0 -180
0 -0 0 -180 0 0 0 -180 0.0124783 98.1446 0 0 0 180 0 0 0 -180
0 -180 0 -180 0 0 0 -0 0.00987029 -168.911 0 180 0 0 0 0 0 -180
0 -180 0 -180 0 0 0 -180 0.0124707 98.1025 0 0 0 0 0 0 0 -180
0 -180 0 0 0 -180 0 -180 0.17845 11.6338 0 -180 0 -180 0 0 0 -180
0 -180 0 0 0 -0 0 -180 0.796336 95.4627 0 -180 0 -180 0 0 0 -180
inside=1 lambda=0.647 phi=25 theta=30
0 180 0 -180 0 -180 0 -0 0.151709 11.679 0 0 0 180 0 180 0 -180
0 -0 0 -180 0 -180 0 180 0.830347 95.5551 0 0 0 -0 0 -180 0 -180
0 180 0 -0 0 0 0 -180 0.0171171 -168.95 0 0 0 -0 0 180 0 -180
0 -0 0 -180 0 0 0 -180 0.0216102 98.1304 0 0 0 180 0 0 0 -180
0 -180 0 -180 0 -0 0 -0 0.0171026 -168.92 0 180 0 0 0 0 0 -180
0 -0 0 -180 0 180 0 -180 0.0216027 98.1063 0 0 0 0 0 0 0 -180
0 180 0 0 0 180 0 -180 0.171295 11.6435 0 -180 0 -180 0 0 0 -180
0 -0 0 0 0 -0 0 -180 0.805447 95.4878 0 -180 0 -180 0 0 0 -180
inside=1 lambda=0.647 phi=25 theta=45
0 180 0 -180 0 -180 0 0 0.161507 11.6594 0 0 0 180 0 -180 0 -180
0 -0 0 -180 0 -180 0 180 0.817895 95.5216 0 0 0 -0 0 -180 0 -180
0 180 0 -0 0 0 0 -180 0.0197575 -168.934 0 0 0 -0 0 180 0 -180
0 -0 0 -180 0 0 0 -180 0.024949 98.1158 0 0 0 180 0 0 0 -180
0 180 0 -180 0 -0 0 -0 0.0197575 -168.934 0 180 0 0 0 0 0 -180
0 -0 0 -180 0 180 0 -180 0.024949 98.1158 0 0 0 0 0 0 0 -180
0 180 0 0 0 180 0 -180 0.161507 11.6594 0 -180 0 -180 0 0 0 -180
0 -0 0 180 0 -0 0 -180 0.817895 95.5216 0 -180 0 -180 0 0 0 -180
inside=1 lambda=0.647 phi=30 theta=0
0 180 0 180 0 -180 0 -0 0.132823 3.42683 0 0 0 180 0 180 0 -180
0 -0 0 -0 0 -180 0 180 0.855235 91.6989 0 0 0 -0 0 -0 0 -180
0 180 0 -0 0 0 0 180 4.05677e-13 -151.93 0 180 0 -0 0 180 0 -180
0 -0 0 180 0 0 0 180 5.25708e-13 7.65925 0 180 0 180 0 -0 0 -180
0 -180 0 -180 0 0 0 180 4.48198e-13 -153.248 0 -0 0 0 0 0 0 -180
0 -180 0 -180 0 0 0 -180 6.01692e-13 5.79832 0 180 0 0 0 0 0 -180
0 -180 0 0 0 -180 0 -180 0.190612 3.01549 0 -180 0 -180 0 0 0 -180
0 -180 0 0 0 -180 0 -180 0.78103 91.4785 0 -180 0 -180 0 0 0 -180
inside=1 lambda=0.647 phi=30 theta=15
0 180 0 180 0 -180 0 -0 0.1367 3.38695 0 0 0 180 0 180 0 -180
0 -0 0 -180 0 -180 0 180 0.850261 91.6845 0 0 0 -0 0 -0 0 -180
0 180 0 -0 0 0 0 -180 0.0145978 -178.233 0 0 0 -0 0 180 0 -180
0 -0 0 180 0 0 0 -180 0.0186003 94.4233 0 0 0 180 0 0 0 -180
0 -180 0 -180 0 0 0 -0 0.0145659 -178.167 0 180 0 0 0 0 0 -180
0 -180 0 -180 0 0 0 -180 0.018583 94.3636 0 0 0 0 0 0 0 -180
0 -180 0 0 0 180 0 -180 0.186757 3.03401 0 -180 0 -180 0 0 0 -180
0 -180 0 0 0 -0 0 -180 0.785997 91.4938 0 -180 0 -180 0 0 0 -180
inside=1 lambda=0.647 phi=30 theta=30
0 180 0 180 0 -180 0 -0 0.147293 3.28957 0 0 0 180 0 180 0 -180
0 -0 0 -180 0 -180 0 180 0.836675 91.645 0 0 0 -0 0 -0 0 -180
0 180 0 -0 0 0 0 -180 0.0252765 -178.214 0 0 0 -0 0 180 0 -180
0 -0 0 180 0 0 0 -180 0.0322099 94.3991 0 0 0 180 0 0 0 -180
0 180 0 -180 0 -0 0 -0 0.0252453 -178.176 0 180 0 0 0 0 0 -180
0 -0 0 -180 0 180 0 -180 0.0321933 94.3653 0 0 0 0 0 0 0 -180
0 180 0 0 0 180 0 -180 0.176204 3.0895 0 -180 0 -180 0 0 0 -180
0 -0 0 0 0 -0 0 -180 0.799571 91.5352 0 -180 0 -180 0 0 0 -180
inside=1 lambda=0.647 phi=30 theta=45
0 180 0 -180 0 -180 0 -0 0.161759 3.17927 0 0 0 180 0 180 0 -180
0 -0 0 -180 0 -180 0 180 0.81812 91.5906 0 0 0 -0 0 -180 0 -180
0 180 0 -0 0 0 0 -180 0.0291712 -178.192 0 0 0 -0 0 180 0 -180
0 -0 0 -180 0 0 0 -180 0.0371832 94.3768 0 0 0 180 0 0 0 -180
0 180 0 -180 0 -0 0 -0 0.0291712 -178.192 0 180 0 0 0 0 0 -180
0 -0 0 -180 0 180 0 -180 0.0371832 94.3768 0 0 0 0 0 0 0 -180
0 180 0 -0 0 180 0 -180 0.161759 3.17927 0 180 0 -180 0 0 0 -180
0 -0 0 180 0 -0 0 -180 0.81812 91.5906 0 -180 0 -180 0 0 0 -180
inside=1 lambda=0.647 phi=35 theta=0
0 180 0 180 0 -180 0 -0 0.121697 -5.89375 0 0 0 180 0 180 0 -180
0 -0 0 -0 0 -180 0 180 0.871188 87.2058 0 0 0 -0 0 -0 0 -180
0 180 0 -0 0 0 0 180 1.26017e-13 24.8047 0 -0 0 -0 0 180 0 -180
0 -0 0 180 0 0 0 -0 7.76306e-14 -164.762 0 -180 0 180 0 -0 0 -180
0 -180 0 -180 0 0 0 -180 8.47202e-14 -7.83287 0 -180 0 0 0 0 0 -180
0 -180 0 -180 0 0 0 0 1.59966e-13 163.316 0 0 0 0 0 0 0 -180
0 -180 0 0 0 -180 0 -180 0.202961 -7.06909 0 -180 0 -180 0 0 0 -180
0 -180 0 0 0 -180 0 -180 0.765894 86.8602 0 -180 0 -180 0 0 0 -180
inside=1 lambda=0.647 phi=35 theta=15
0 180 0 180 0 -180 0 -0 0.127142 -6.02184 0 0 0 180 0 180 0 -180
0 -0 0 -0 0 -180 0 180 0.864129 87.1833 0 0 0 -0 0 -0 0 -180
0 180 0 -0 0 0 0 180 0.0205553 170.903 0 0 0 -0 0 180 0 -180
0 -0 0 180 0 0 0 -180 0.0264063 90.1196 0 0 0 180 0 -0 0 -180
0 -180 0 -180 0 -0 0 -0 0.0204925 170.981 0 180 0 0 0 0 0 -180
0 -180 0 -180 0 0 0 -180 0.0263703 90.0398 0 -0 0 0 0 0 0 -180
0 180 0 0 0 180 0 -180 0.197547 -7.02168 0 -180 0 -180 0 0 0 -180
0 -180 0 0 0 -0 0 -180 0.772939 86.8846 0 -180 0 -180 0 0 0 -180
inside=1 lambda=0.647 phi=35 theta=30
0 180 0 180 0 -180 0 -0 0.142034 -6.32036 0 0 0 180 0 180 0 -180
0 -0 0 -180 0 -180 0 180 0.844848 87.122 0 0 0 -0 0 -0 0 -180
0 180 0 -0 0 0 0 180 0.0355911 170.932 0 0 0 -0 0 180 0 -180
0 -0 0 180 0 0 0 -180 0.045722 90.0797 0 0 0 180 0 -0 0 -180
0 180 0 -180 0 -0 0 -0 0.035531 170.975 0 180 0 0 0 0 0 -180
0 -0 0 -180 0 180 0 180 0.045689 90.0352 0 -0 0 0 0 0 0 -180
0 180 0 -0 0 180 0 -180 0.182714 -6.87774 0 180 0 -180 0 0 0 -180
0 -0 0 0 0 -0 0 -180 0.792196 86.9503 0 -180 0 -180 0 0 0 -180
inside=1 lambda=0.647 phi=35 theta=45
0 180 0 -180 0 -180 0 -0 0.162388 -6.63603 0 0 0 180 0 180 0 -180
0 -0 0 -180 0 -180 0 180 0.818516 87.0374 0 0 0 -0 0 -180 0 -180
0 180 0 -0 0 0 0 180 0.0410689 170.959 0 0 0 -0 0 180 0 -180
0 -0 0 180 0 0 0 -180 0.052776 90.0473 0 0 0 180 0 -0 0 -180
0 180 0 180 0 -0 0 -0 0.0410689 170.959 0 180 0 0 0 0 0 -180
0 -0 0 -180 0 180 0 180 0.052776 90.0473 0 -0 0 0 0 0 0 -180
0 180 0 -0 0 180 0 -180 0.162388 -6.63603 0 180 0 -180 0 0 0 -180
0 -0 0 180 0 -0 0 -180 0.818516 87.0374 0 -180 0 -180 0 0 0 -180
inside=1 lambda=0.647 phi=40 theta=0
0 180 0 180 0 -180 0 -0 0.108088 -15.8129 0 0 0 180 0 180 0 -180
0 -0 0 -0 0 -180 0 180 0.891524 82.1636 0 0 0 -0 0 -0 0 -180
0 180 0 -0 0 0 0 -0 1.38221e-13 155.835 0 -0 0 -0 0 180 0 -180
0 -0 0 180 0 0 0 -180 1.03343e-13 74.0922 0 180 0 180 0 -0 0 -180
0 -180 0 -180 0 0 0 180 4.68432e-14 35.0333 0 -0 0 0 0 0 0 -180
0 -180 0 -180 0 0 0 -180 3.35809e-14 -98.7338 0 -180 0 0 0 0 0 -180
0 -180 0 0 0 -180 0 -180 0.218811 -18.5546 0 -180 0 -180 0 0 0 -180
0 -180 0 0 0 -180 0 -180 0.746992 81.6374 0 -180 0 -180 0 0 0 -180
inside=1 lambda=0.647 phi=40 theta=15
0 180 0 180 0 -180 0 -0 0.115471 -16.164 0 0 0 180 0 180 0 -180
0 -0 0 -0 0 -180 0 180 0.881834 82.1288 0 0 0 -0 0 -0 0 -180
0 180 0 -0 0 0 0 180 0.0280793 158.542 0 0 0 -0 0 180 0 -180
0 -0 0 180 0 0 0 -180 0.0362723 85.2754 0 0 0 180 0 -0 0 -180
0 180 0 -180 0 -0 0 -0 0.0279639 158.63 0 180 0 0 0 0 0 -180
0 -180 0 -180 0 0 0 -180 0.0361997 85.1731 0 -0 0 0 0 0 0 -180
0 180 0 -0 0 180 0 -180 0.211451 -18.4604 0 -180 0 -180 0 0 0 -180
0 -180 0 0 0 -0 0 -180 0.756658 81.6751 0 -180 0 -180 0 0 0 -180
inside=1 lambda=0.647 phi=40 theta=30
0 180 0 180 0 -180 0 -0 0.135736 -16.9274 0 0 0 180 0 180 0 -180
0 -0 0 -180 0 -180 0 180 0.855362 82.0364 0 0 0 -0 0 -0 0 -180
0 180 0 -0 0 0 0 180 0.0486211 158.589 0 0 0 -0 0 180 0 -180
0 -0 0 180 0 0 0 -180 0.062791 85.2104 0 0 0 180 0 -0 0 -180
0 180 0 180 0 -0 0 -0 0.048514 158.636 0 180 0 0 0 0 0 -180
0 -0 0 -180 0 180 0 180 0.0627294 85.1547 0 -0 0 0 0 0 0 -180
0 180 0 -0 0 180 0 -180 0.191233 -18.1703 0 180 0 -180 0 0 0 -180
0 -0 0 180 0 -0 0 -180 0.783084 81.7765 0 -180 0 -180 0 0 0 -180
inside=1 lambda=0.647 phi=40 theta=45
0 180 0 180 0 -180 0 -0 0.163496 -17.6575 0 0 0 180 0 180 0 -180
0 -0 0 -180 0 -180 0 180 0.819213 81.9092 0 0 0 -0 0 -0 0 -180
0 180 0 -0 0 0 0 180 0.0560962 158.624 0 0 0 -0 0 180 0 -180
0 -0 0 180 0 0 0 -180 0.0724684 85.1649 0 0 0 180 0 -0 0 -180
0 180 0 180 0 -0 0 -0 0.0560962 158.624 0 180 0 0 0 0 0 -180
0 -0 0 -180 0 180 0 180 0.0724684 85.1649 0 -0 0 0 0 0 0 -180
0 180 0 -0 0 180 0 180 0.163496 -17.6575 0 180 0 -180 0 0 0 -180
0 -0 0 180 0 -0 0 -180 0.819213 81.9092 0 -0 0 -180 0 0 0 -180
inside=1 lambda=0.647 phi=45 theta=0
0 180 0 180 0 -180 0 -0 0.0915248 -25.3839 0 0 0 180 0 180 0 -180
0 -0 0 -0 0 -180 0.00543956 26.1428 0.917302 76.646 0 0 0 -0 0 -0 0 -180
0 180 0 -0 0 0 0 180 1.17364e-13 116.828 0 -0 0 -0 0 180 0 -180
0 -0 0 180 0 0 2.36502e-13 124.514 1.0487e-13 32.4741 0 180 0 180 0 -0 0 -180
0 -180 0 -180 0 0 0 180 1.68858e-13 -163.541 0 -180 0 0 0 0 0 -180
0 -180 0 -180 0 0 5.25767e-15 -106.025 1.80159e-13 -9.3558 0 180 0 0 0 0 0 -180
0 -180 0 0 0 -180 0 -180 0.239038 -31.378 0 -180 0 -180 0 0 0 -180
0 -180 0 0 0 -180 0.0321148 -134.939 0.723475 75.8628 0 -180 0 -180 0 0 0 -180
inside=1 lambda=0.647 phi=45 theta=15
0 180 0 180 0 -180 0 -0 0.101073 -26.3866 0 0 0 180 0 180 0 -180
0 -0 0 -0 0 -180 0 180 0.904456 76.5847 0 0 0 -0 0 -0 0 -180
0 180 0 -0 0 0 0 180 0.0376584 144.829 0 0 0 -0 0 180 0 -180
0 -0 0 180 0 0 0 -180 0.0487214 79.942 0 0 0 180 0 -0 0 -180
0 180 0 180 0 -0 0 -0 0.0374508 144.928 0 180 0 0 0 0 0 -180
0 -180 0 -180 0 0 0 -180 0.0485692 79.8147 0 -0 0 0 0 0 0 -180
0 180 0 -0 0 180 0 -180 0.229289 -31.1855 0 180 0 -180 0 0 0 -180
0 -180 0 0 0 -0 0 -180 0.736504 75.9126 0 -180 0 -180 0 0 0 -180
inside=1 lambda=0.647 phi=45 theta=30
0 180 0 180 0 -180 0 -0 0.127997 -28.2123 0 0 0 180 0 180 0 -180
0 -0 0 -180 0 -180 0 180 0.868933 76.4469 0 0 0 -0 0 -0 0 -180
0 180 0 -0 0 0 0 180 0.0652209 144.917 0 0 0 -0 0 180 0 -180
0 -0 0 180 0 0 0 -180 0.0843002 79.8307 0 0 0 180 0 -0 0 -180
0 180 0 180 0 -0 0 -0 0.0650413 144.964 0 180 0 0 0 0 0 -180
0 -0 0 -180 0 180 0 180 0.0841905 79.7638 0 -0 0 0 0 0 0 -180
0 180 0 -0 0 180 0 -180 0.20226 -30.6798 0 180 0 -180 0 0 0 -180
0 -0 0 180 0 -0 0 -180 0.771947 76.0646 0 -180 0 -180 0 0 0 -180
inside=1 lambda=0.647 phi=45 theta=45
0 180 0 180 0 -180 0 -0 0.165113 -29.7287 0 0 0 180 0 180 0 -180
0 -0 0 -180 0 -180 0 180 0.820423 76.2615 0 0 0 -0 0 -0 0 -180
0 180 0 -0 0 0 0 180 0.0752387 144.961 0 0 0 -0 0 180 0 -180
0 -0 0 180 0 0 0 -180 0.097275 79.7684 0 0 0 180 0 -0 0 -180
0 180 0 180 0 -0 0 -0 0.0752387 144.961 0 180 0 0 0 0 0 -180
0 -0 0 -180 0 180 0 180 0.097275 79.7684 0 -0 0 0 0 0 0 -180
0 180 0 -0 0 180 0 180 0.165113 -29.7287 0 180 0 -180 0 0 0 -180
0 -0 0 180 0 -0 0 -180 0.820423 76.2615 0 -0 0 -180 0 0 0 -180
