RSoft_BSDF_File_Version 2
1 0 5 2 1 0.365714
0.3 0.3
-1 1
-1 1
1 0.647 0.647
10 0 45 0.5
4 0 45
Begin_Dispersion_Data
0.647 1.45662 0 1 0 0
End_Dispersion_Data
inside=0 lambda=0.647 phi=0 theta=0
0 -180 0 -180 0 -180 0 0 0.185805 0.0476749 0 0 0 -180 0 -180 0 -180
0 0 0 -0 0 0 0 180 1.18589 -156.426 0 180 0 0 0 -0 0 0
0 -180 0 -0 0 0 0 -0 4.56622e-15 113.713 0 -0 0 0 0 180 0 -180
0 0 0 -180 0 -180 0 -180 5.09453e-14 114.005 0 -180 0 -180 0 0 0 0
0 -180 0 -0 0 0 0 -0 4.37368e-15 113.226 0 180 0 0 0 180 0 -180
0 0 0 -180 0 -180 0 -180 4.90395e-14 114.127 0 0 0 -180 0 0 0 0
0 -180 0 0 0 -180 0 -180 0.185805 0.0476749 0 -180 0 -180 0 0 0 -180
0 0 0 180 0 0 0 -0 1.18589 -156.426 0 -0 0 0 0 180 0 0
inside=0 lambda=0.647 phi=0 theta=15
0 -180 0 -180 0 -180 0 0 0.185805 0.0476749 0 0 0 -180 0 -180 0 -180
0 0 0 -0 0 0 0 180 1.18589 -156.426 0 180 0 0 0 -0 0 0
0 -180 0 -0 0 0 0 -0 4.56622e-15 113.713 0 -0 0 0 0 180 0 -180
0 0 0 -180 0 -180 0 -180 5.09453e-14 114.005 0 -180 0 -180 0 0 0 0
0 -180 0 -0 0 0 0 -0 4.37368e-15 113.226 0 180 0 0 0 180 0 -180
0 0 0 -180 0 -180 0 -180 4.90395e-14 114.127 0 0 0 -180 0 0 0 0
0 -180 0 0 0 -180 0 -180 0.185805 0.0476749 0 -180 0 -180 0 0 0 -180
0 0 0 180 0 0 0 -0 1.18589 -156.426 0 -0 0 0 0 180 0 0
inside=0 lambda=0.647 phi=0 theta=30
0 -180 0 -180 0 -180 0 0 0.185805 0.0476749 0 0 0 -180 0 -180 0 -180
0 0 0 -0 0 0 0 180 1.18589 -156.426 0 180 0 0 0 -0 0 0
0 -180 0 -0 0 0 0 -0 4.56622e-15 113.713 0 -0 0 0 0 180 0 -180
0 0 0 -180 0 -180 0 -180 5.09453e-14 114.005 0 -180 0 -180 0 0 0 0
0 -180 0 -0 0 0 0 -0 4.37368e-15 113.226 0 180 0 0 0 180 0 -180
0 0 0 -180 0 -180 0 -180 4.90395e-14 114.127 0 0 0 -180 0 0 0 0
0 -180 0 0 0 -180 0 -180 0.185805 0.0476749 0 -180 0 -180 0 0 0 -180
0 0 0 180 0 0 0 -0 1.18589 -156.426 0 -0 0 0 0 180 0 0
inside=0 lambda=0.647 phi=0 theta=45
0 -180 0 -180 0 -180 0 0 0.185805 0.0476749 0 0 0 -180 0 -180 0 -180
0 0 0 -0 0 0 0 180 1.18589 -156.426 0 180 0 0 0 -0 0 0
0 -180 0 -0 0 0 0 -0 4.56622e-15 113.713 0 -0 0 0 0 180 0 -180
0 0 0 -180 0 -180 0 -180 5.09453e-14 114.005 0 -180 0 -180 0 0 0 0
0 -180 0 -0 0 0 0 -0 4.37368e-15 113.226 0 180 0 0 0 180 0 -180
0 0 0 -180 0 -180 0 -180 4.90395e-14 114.127 0 0 0 -180 0 0 0 0
0 -180 0 0 0 -180 0 -180 0.185805 0.0476749 0 -180 0 -180 0 0 0 -180
0 0 0 180 0 0 0 -0 1.18589 -156.426 0 -0 0 0 0 180 0 0
inside=0 lambda=0.647 phi=5 theta=0
0 180 0 -180 0 -180 0 0 0.183732 0.0447174 0 0 0 180 0 -180 0 -180
0 0 0 -0 0 -0 0 -180 1.1838 -158.071 0 180 0 0 0 -0 0 -0
0 -180 0 -0 0 0 0 180 2.04295e-15 -69.4612 0 -0 0 0 0 180 0 -180
0 0 0 -0 0 180 0 0 2.43061e-14 -68.897 0 -0 0 -180 0 180 0 -0
0 -180 0 -180 0 0 0 180 9.80106e-16 -86.0292 0 -0 0 0 0 0 0 -180
0 0 0 -0 0 -180 0 0 1.16611e-14 -86.5138 0 -180 0 -180 0 180 0 0
0 -180 0 0 0 -180 0 -180 0.187893 0.0453287 0 -180 0 -180 0 0 0 -180
0 0 0 180 0 0 0 -0 1.18797 -158.072 0 -0 0 0 0 180 0 0
inside=0 lambda=0.647 phi=5 theta=15
0 -180 0 -180 0 -180 0 0 0.184011 0.0447592 0 0 0 180 0 -180 0 -180
0 0 0 -0 0 -0 0 -180 1.18408 -158.071 0 180 0 0 0 -0 0 -0
0 -180 0 -0 0 0 0 -180 0.00104012 -179.928 0 0 0 0 0 180 0 -180
0 0 0 -0 0 180 0 0 0.00104086 21.7442 0 180 0 -180 0 180 0 -0
0 -180 0 -180 0 0 0 -0 0.00104012 -179.928 0 180 0 0 0 0 0 -180
0 0 0 -0 0 -180 0 -0 0.00104086 21.7442 0 180 0 180 0 180 0 0
0 -180 0 0 0 -180 0 -180 0.187614 0.0452886 0 -180 0 -180 0 0 0 -180
0 0 0 180 0 0 0 -0 1.18769 -158.072 0 -0 0 -0 0 180 0 -0
inside=0 lambda=0.647 phi=5 theta=30
0 -180 0 -180 0 -180 0 0 0.184772 0.0448728 0 0 0 -180 0 -180 0 -180
0 0 0 -0 0 -0 0 -180 1.18484 -158.071 0 180 0 0 0 -0 0 -0
0 -180 0 -0 0 0 0 -180 0.00180154 -179.928 0 0 0 0 0 180 0 -180
0 0 0 -0 0 180 0 0 0.00180283 21.7442 0 180 0 -180 0 180 0 -0
0 -180 0 -180 0 0 0 -0 0.00180154 -179.928 0 180 0 0 0 0 0 -180
0 0 0 -0 0 -180 0 -0 0.00180283 21.7442 0 180 0 180 0 180 0 -0
0 -180 0 0 0 -180 0 -180 0.186853 0.0451784 0 -180 0 -180 0 0 0 -180
0 0 0 180 0 0 0 -0 1.18693 -158.072 0 -0 0 -0 0 180 0 -0
inside=0 lambda=0.647 phi=5 theta=45
0 -180 0 -180 0 -180 0 0 0.185813 0.0450264 0 0 0 -180 0 -180 0 -180
0 0 0 -0 0 -0 0 -180 1.18588 -158.072 0 180 0 0 0 -0 0 -0
0 -180 0 -0 0 0 0 -180 0.00208024 -179.928 0 0 0 0 0 180 0 -180
0 0 0 -0 0 180 0 -0 0.00208173 21.7442 0 180 0 -180 0 180 0 -0
0 -180 0 -180 0 0 0 -0 0.00208024 -179.928 0 180 0 0 0 0 0 -180
0 0 0 -0 0 -180 0 -0 0.00208173 21.7442 0 180 0 180 0 180 0 -0
0 -180 0 0 0 -180 0 -180 0.185813 0.0450264 0 -180 0 -180 0 0 0 -180
0 0 0 -180 0 0 0 -0 1.18588 -158.072 0 -0 0 -0 0 180 0 -0
inside=0 lambda=0.647 phi=10 theta=0
0 180 0 -180 0 -180 0 0 0.177257 0.0352008 0 0 0 180 0 -180 0 -180
0 0 0 0 0 -0 0 -180 1.1773 -163.037 0 180 0 0 0 0 0 -0
0 180 0 -0 0 0 0 -0 2.30333e-15 106.77 0 180 0 -0 0 180 0 -180
0 0 0 -0 0 180 0 -180 3.44487e-14 107.236 0 0 0 -180 0 180 0 -0
0 -180 0 -180 0 0 0 180 1.63348e-15 106.815 0 180 0 0 0 0 0 -180
0 -0 0 -0 0 180 0 0 2.41575e-14 107.364 0 0 0 180 0 180 0 -0
0 -180 0 0 0 -180 0 -180 0.194387 0.037267 0 -180 0 -180 0 0 0 -180
0 -0 0 180 0 -0 0 -0 1.19444 -163.04 0 -0 0 -0 0 180 0 -0
inside=0 lambda=0.647 phi=10 theta=15
0 180 0 -180 0 -180 0 0 0.178404 0.0353516 0 0 0 180 0 -180 0 -180
0 0 0 -0 0 -0 0 -180 1.17845 -163.038 0 180 0 0 0 0 0 -0
0 180 0 -0 0 0 0 -180 0.00428259 -179.941 0 0 0 -0 0 180 0 -180
0 0 0 -0 0 180 0 0 0.00428449 16.7839 0 180 0 -180 0 180 0 -0
0 -180 0 -180 0 0 0 -180 0.00428259 -179.941 0 180 0 0 0 0 0 -180
0 0 0 -0 0 -180 0 -0 0.00428449 16.7839 0 180 0 180 0 180 0 -0
0 -180 0 0 0 -180 0 -180 0.19324 0.03714 0 -180 0 -180 0 0 0 -180
0 0 0 180 0 0 0 -0 1.19329 -163.04 0 -0 0 -0 0 180 0 -0
inside=0 lambda=0.647 phi=10 theta=30
0 180 0 -180 0 -180 0 0 0.181539 0.0357539 0 0 0 180 0 -180 0 -180
0 0 0 -0 0 -0 0 -180 1.18158 -163.038 0 180 0 0 0 0 0 -0
0 180 0 -0 0 0 0 -180 0.00741766 -179.941 0 0 0 -0 0 180 0 -180
0 0 0 -0 0 180 0 0 0.00742095 16.7839 0 180 0 -180 0 180 0 -0
0 -180 0 -180 0 0 0 -0 0.00741766 -179.941 0 180 0 0 0 0 0 -180
0 0 0 -0 0 -180 0 -0 0.00742095 16.7839 0 180 0 180 0 180 0 -0
0 -180 0 0 0 180 0 -180 0.190105 0.0367854 0 -180 0 -180 0 0 0 -180
0 0 0 -180 0 0 0 -0 1.19015 -163.039 0 -0 0 -0 0 180 0 -0
inside=0 lambda=0.647 phi=10 theta=45
0 180 0 -180 0 -180 0 0 0.185822 0.0362815 0 0 0 180 0 -180 0 -180
0 0 0 -0 0 -0 0 -180 1.18587 -163.039 0 180 0 0 0 -0 0 -0
0 -180 0 -0 0 0 0 -180 0.00856518 -179.941 0 0 0 -0 0 180 0 -180
0 0 0 -0 0 180 0 0 0.00856897 16.7839 0 180 0 -180 0 180 0 -0
0 -180 0 -180 0 -0 0 -0 0.00856518 -179.941 0 180 0 0 0 0 0 -180
0 0 0 0 0 -180 0 -0 0.00856897 16.7839 0 180 0 180 0 180 0 -0
0 180 0 0 0 180 0 -180 0.185822 0.0362815 0 -180 0 -180 0 0 0 -180
0 0 0 -180 0 0 0 -0 1.18587 -163.039 0 -0 0 -0 0 180 0 -0
inside=0 lambda=0.647 phi=15 theta=0
0 180 0 -180 0 -180 0 -0 0.165522 0.0183245 0 0 0 180 0 -180 0 -180
0 0 0 0 0 -0 0 -180 1.16553 -171.428 0 180 0 0 0 0 0 -0
0 180 0 -0 0 0 0 -0 2.79e-16 98.4813 0 180 0 -0 0 180 0 -180
0 0 0 -0 0 180 0 -180 7.78764e-15 98.6463 0 0 0 -180 0 180 0 -0
0 -180 0 -180 0 0 0 -0 2.61247e-16 95.1876 0 -0 0 0 0 0 0 -180
0 -0 0 -0 0 180 0 -180 6.64205e-15 99.2833 0 -180 0 180 0 180 0 -0
0 -180 0 0 0 -180 0 -180 0.206045 0.0207759 0 -180 0 -180 0 0 0 -180
0 -0 0 180 0 -0 0 -0 1.20606 -171.433 0 -0 0 -0 0 180 0 -0
inside=0 lambda=0.647 phi=15 theta=15
0 180 0 -180 0 -180 0 -0 0.168236 0.0185256 0 0 0 180 0 -180 0 -180
0 0 0 0 0 -0 0 -180 1.16825 -171.428 0 180 0 0 0 0 0 -0
0 180 0 -0 0 0 0 -180 0.0101309 -179.969 0 0 0 -0 0 180 0 -180
0 0 0 -0 0 180 0 0 0.0101321 8.40534 0 180 0 -180 0 180 0 -0
0 -180 0 -180 0 0 0 -180 0.0101309 -179.969 0 180 0 0 0 0 0 -180
0 -0 0 -0 0 -180 0 -0 0.0101321 8.40538 0 180 0 180 0 180 0 -0
0 -180 0 0 0 180 0 -180 0.20333 0.0206423 0 -180 0 -180 0 0 0 -180
0 0 0 180 0 0 0 -0 1.20334 -171.433 0 -0 0 -0 0 180 0 -0
inside=0 lambda=0.647 phi=15 theta=30
0 180 0 -180 0 -180 0 0 0.175652 0.0190435 0 0 0 180 0 -180 0 -180
0 0 0 -0 0 -0 0 -180 1.17566 -171.429 0 180 0 0 0 0 0 -0
0 180 0 -0 0 0 0 -180 0.0175472 -179.969 0 0 0 -0 0 180 0 -180
0 0 0 -0 0 180 0 0 0.0175493 8.40535 0 180 0 -180 0 180 0 -0
0 -180 0 -180 0 -0 0 -180 0.0175472 -179.969 0 180 0 0 0 0 0 -180
0 0 0 -0 0 -180 0 -0 0.0175493 8.40537 0 180 0 180 0 180 0 -0
0 180 0 0 0 180 0 -180 0.195914 0.0202584 0 -180 0 -180 0 0 0 -180
0 0 0 180 0 0 0 -0 1.19593 -171.432 0 -0 0 -0 0 180 0 -0
inside=0 lambda=0.647 phi=15 theta=45
0 180 0 -180 0 -180 0 0 0.185783 0.0196841 0 0 0 180 0 -180 0 -180
0 0 0 -0 0 -0 0 -180 1.1858 -171.43 0 180 0 0 0 -0 0 -0
0 180 0 -180 0 0 0 -180 0.0202617 -179.969 0 0 0 -0 0 180 0 -180
0 0 0 -0 0 180 0 -0 0.0202642 8.40536 0 180 0 -180 0 180 0 -0
0 180 0 -180 0 -0 0 -180 0.0202617 -179.969 0 180 0 0 0 0 0 -180
0 0 0 -0 0 -180 0 -0 0.0202642 8.40536 0 180 0 180 0 180 0 -0
0 180 0 0 0 180 0 -180 0.185783 0.0196841 0 -180 0 -180 0 0 0 -180
0 0 0 -180 0 0 0 -0 1.1858 -171.43 0 -0 0 -0 0 180 0 -0
inside=0 lambda=0.647 phi=20 theta=0
0 180 0 180 0 -180 0 -0 0.146772 -0.00224279 0 0 0 180 0 180 0 -180
0 0 0 0 0 -0 0 -180 1.14677 176.548 0 180 0 0 0 0 0 -0
0 180 0 -0 0 0 0 180 5.51431e-17 76.2034 0 0 0 -0 0 180 0 -180
0 0 0 -180 0 180 0 0 3.76371e-15 -93.4723 0 -180 0 -180 0 0 0 -0
0 -180 0 -180 0 0 0 180 2.40639e-17 146.335 0 180 0 0 0 0 0 -180
0 -0 0 -0 0 180 0 0 3.39337e-15 -94.8194 0 0 0 180 0 180 0 -0
0 -180 0 0 0 -180 0 -180 0.22439 -0.00698983 0 -180 0 -180 0 0 0 -180
0 -0 0 180 0 -0 0 -0 1.22439 176.539 0 -0 0 -0 0 180 0 -0
inside=0 lambda=0.647 phi=20 theta=15
0 180 0 -180 0 -180 0 -0 0.151971 -0.00271251 0 0 0 180 0 180 0 -180
0 0 0 0 0 -0 0 -180 1.15197 176.548 0 180 0 0 0 0 0 -0
0 180 0 -0 0 0 0 -180 0.0194047 179.984 0 0 0 -0 0 180 0 -180
0 0 0 -180 0 180 0 -0 0.0194053 -3.60025 0 180 0 -180 0 0 0 -0
0 -180 0 -180 0 -0 0 -180 0.0194047 179.984 0 180 0 0 0 0 0 -180
0 -0 0 -0 0 180 0 -180 0.0194053 -3.60017 0 0 0 180 0 180 0 -0
0 -180 0 0 0 180 0 -180 0.219191 -0.00677636 0 -180 0 -180 0 0 0 -180
0 -0 0 180 0 0 0 -0 1.21919 176.539 0 -0 0 -0 0 180 0 -0
inside=0 lambda=0.647 phi=20 theta=30
0 180 0 -180 0 -180 0 -0 0.166176 -0.00384523 0 0 0 180 0 180 0 -180
0 0 0 0 0 -0 0 -180 1.16618 176.546 0 180 0 0 0 0 0 -0
0 180 0 -180 0 0 0 -180 0.0336099 179.984 0 0 0 -0 0 180 0 -180
0 0 0 -180 0 180 0 -0 0.033611 -3.60023 0 180 0 -180 0 0 0 -0
0 180 0 -180 0 -0 0 -180 0.0336099 179.984 0 180 0 0 0 0 0 -180
0 0 0 -0 0 -180 0 -180 0.033611 -3.60018 0 0 0 180 0 180 0 -0
0 180 0 0 0 180 0 -180 0.204986 -0.00613883 0 -180 0 -180 0 0 0 -180
0 0 0 180 0 0 0 -0 1.20499 176.541 0 -0 0 -0 0 180 0 -0
inside=0 lambda=0.647 phi=20 theta=45
0 180 0 -180 0 -180 0 -0 0.185581 -0.00511168 0 0 0 180 0 -180 0 -180
0 0 0 -0 0 -0 0 -180 1.18558 176.543 0 180 0 0 0 0 0 -0
0 180 0 -180 0 0 0 -180 0.0388094 179.984 0 0 0 -0 0 180 0 -180
0 0 0 -180 0 180 0 -0 0.0388106 -3.6002 0 180 0 -180 0 0 0 -0
0 180 0 -180 0 -0 0 -180 0.0388094 179.984 0 180 0 0 0 0 0 -180
0 0 0 -0 0 -180 0 -180 0.0388106 -3.6002 0 0 0 180 0 180 0 -0
0 180 0 -0 0 180 0 -180 0.185581 -0.00511168 0 -180 0 -180 0 0 0 -180
0 0 0 -180 0 0 0 -0 1.18558 176.543 0 0 0 -0 0 180 0 -0
inside=0 lambda=0.647 phi=25 theta=0
0 180 0 180 0 -180 0 -0 0.117609 -0.00494086 0 0 0 180 0 180 0 -180
0 0 0 0 0 -0 0 -180 1.11761 160.489 0 180 0 0 0 0 0 -0
0 180 0 -0 0 0 0 180 3.23633e-16 -109.995 0 -0 0 -0 0 180 0 -180
0 0 0 -180 0 180 0 0 3.41206e-15 71.1556 0 -180 0 -180 0 0 0 -0
0 -180 0 -180 0 0 0 180 3.42377e-16 -110.649 0 -0 0 0 0 0 0 -180
0 -0 0 -0 0 180 0 0 2.71936e-15 72.0326 0 -180 0 180 0 180 0 -0
0 -180 0 0 0 -180 0 -180 0.252314 -0.044791 0 -180 0 -180 0 0 0 -180
0 -0 0 180 0 -0 0 -0 1.25241 160.476 0 -0 0 -0 0 180 0 -0
inside=0 lambda=0.647 phi=25 theta=15
0 180 0 180 0 -180 0 -0 0.126632 -0.0102626 0 0 0 180 0 180 0 -180
0 0 0 0 0 -0 0 -180 1.12664 160.488 0 180 0 0 0 0 0 -0
0 180 0 -0 0 0 0 -180 0.0336763 179.921 0 0 0 -0 0 180 0 -180
0 0 0 -180 0 180 0 -0 0.033699 -19.6357 0 180 0 -180 0 0 0 -0
0 -180 0 -180 0 -0 0 -180 0.0336763 179.921 0 180 0 0 0 0 0 -180
0 -0 0 -0 0 180 0 -180 0.033699 -19.6356 0 0 0 180 0 180 0 -0
0 180 0 0 0 180 0 -180 0.24329 -0.043499 0 -180 0 -180 0 0 0 -180
0 -0 0 180 0 -0 0 -0 1.24338 160.476 0 -0 0 -0 0 180 0 -0
inside=0 lambda=0.647 phi=25 theta=30
0 180 0 -180 0 -180 0 -0 0.151285 -0.0215595 0 0 0 180 0 180 0 -180
0 0 0 0 0 -0 0 180 1.15131 160.485 0 180 0 0 0 0 0 -0
0 180 0 -180 0 0 0 -180 0.0583291 179.921 0 0 0 -0 0 180 0 -180
0 0 0 -180 0 180 0 -0 0.0583684 -19.6357 0 180 0 -180 0 0 0 -0
0 180 0 -180 0 -0 0 -180 0.0583291 179.921 0 180 0 0 0 0 0 -180
0 -0 0 -0 0 -180 0 -180 0.0583684 -19.6356 0 0 0 180 0 180 0 -0
0 180 0 -0 0 180 0 -180 0.218637 -0.0394285 0 -180 0 -180 0 0 0 -180
0 0 0 180 0 0 0 -0 1.21871 160.479 0 -0 0 -0 0 180 0 -0
inside=0 lambda=0.647 phi=25 theta=45
0 180 0 -180 0 -180 0 -0 0.184961 -0.0321202 0 0 0 180 0 180 0 -180
0 0 0 -0 0 -0 0 180 1.18501 160.482 0 180 0 0 0 0 0 -0
0 180 0 -180 0 0 0 -180 0.0673527 179.921 0 0 0 -0 0 180 0 -180
0 0 0 -180 0 180 0 -0 0.067398 -19.6356 0 180 0 -180 0 0 0 -0
0 180 0 -180 0 -0 0 -180 0.0673527 179.921 0 180 0 0 0 0 0 -180
0 0 0 -0 0 -180 0 -180 0.067398 -19.6356 0 0 0 180 0 180 0 -0
0 180 0 -0 0 180 0 -180 0.184961 -0.0321202 0 180 0 -180 0 0 0 -180
0 0 0 180 0 0 0 -0 1.18501 160.482 0 0 0 -0 0 180 0 -0
inside=0 lambda=0.647 phi=30 theta=0
0 180 0 180 0 -180 0.000233564 -113.433 0.0709861 0.104904 0 0 0 180 0 180 0 -180
0 0 0 0 0 -180 0 180 1.07086 139.593 0 0 0 0 0 0 0 -180
0 180 0 -0 0 0 2.26823e-16 138.804 6.41402e-17 110.44 0 -0 0 -0 0 180 0 -180
0 0 0 -180 0 0 0 0 6.25122e-17 -43.3717 0 -180 0 -180 0 0 0 -180
0 -180 0 -180 0 0 1.1131e-15 -120.167 9.64829e-16 -143.849 0 -0 0 0 0 0 0 -180
0 -0 0 -0 0 180 0 -180 3.80475e-15 41.244 0 -180 0 180 0 180 0 -0
0 -180 0 0 0 -180 0.000867939 -131.625 0.295649 -0.0783774 0 -180 0 -180 0 0 0 -180
0 -0 0 180 0 -0 0 -0 1.29614 139.575 0 -0 0 -0 0 180 0 -0
inside=0 lambda=0.647 phi=30 theta=15
0 180 0 180 0 -180 0 -0 0.0860355 0.0626297 0 0 0 180 0 180 0 -180
0 0 0 0 0 -180 0 180 1.08596 139.592 0 0 0 0 0 0 0 -180
0 180 0 -0 0 0 0 -180 0.056166 179.864 0 0 0 -0 0 180 0 -180
0 0 0 -180 0 0 0 -0 0.0563187 -40.5127 0 0 0 -180 0 0 0 -180
0 180 0 -180 0 -0 0 -180 0.0561659 179.864 0 180 0 0 0 0 0 -180
0 -0 0 -0 0 180 0 -180 0.0563186 -40.5125 0 0 0 180 0 180 0 -0
0 180 0 -0 0 180 0 -180 0.280599 -0.0752566 0 -180 0 -180 0 0 0 -180
0 -0 0 180 0 -0 0 -0 1.28105 139.576 0 -0 0 -0 0 180 0 -0
inside=0 lambda=0.647 phi=30 theta=30
0 180 0 180 0 -180 0 -0 0.127152 -0.00169481 0 0 0 180 0 180 0 -180
0 0 0 0 0 -180 0 180 1.12718 139.588 0 0 0 0 0 0 0 -180
0 180 0 -180 0 0 0 180 0.0972823 179.864 0 0 0 -0 0 180 0 -180
0 0 0 -180 0 0 0 -0 0.0975468 -40.5126 0 0 0 -180 0 0 0 -180
0 180 0 180 0 -0 0 -180 0.0972823 179.864 0 180 0 0 0 0 0 -180
0 -0 0 -0 0 180 0 -180 0.0975467 -40.5125 0 0 0 180 0 180 0 -180
0 180 0 -0 0 180 0 -180 0.239483 -0.0647873 0 180 0 -180 0 0 0 -180
0 -0 0 180 0 0 0 -0 1.23982 139.579 0 -0 0 -180 0 0 0 -180
inside=0 lambda=0.647 phi=30 theta=45
0 180 0 -180 0 -180 0 -0 0.183317 -0.0429065 0 0 0 180 0 180 0 -180
0 0 0 -0 0 -180 0 180 1.1835 139.583 0 0 0 0 0 -0 0 -180
0 180 0 -180 0 0 0 180 0.112332 179.864 0 0 0 -0 0 180 0 -180
0 -0 0 -180 0 0 0 -0 0.112637 -40.5125 0 0 0 -180 0 0 0 -180
0 180 0 180 0 -0 0 -180 0.112332 179.864 0 180 0 0 0 0 0 -180
0 -0 0 -0 0 -180 0 -180 0.112637 -40.5125 0 0 0 0 0 0 0 -180
0 180 0 -0 0 180 0 -180 0.183317 -0.0429065 0 180 0 -180 0 0 0 -180
0 0 0 180 0 0 0 -0 1.1835 139.583 0 -0 0 -180 0 0 0 -180
inside=0 lambda=0.647 phi=35 theta=0
0 180 0 180 0 -180 0.000780395 -113.932 0.0107285 178.221 0 0 0 180 0 180 0 -180
0 0 0 0 0 -180 0 180 0.988455 112.023 0 0 0 0 0 0 0 -180
0 180 0 -0 0 0 6.92543e-16 -23.9325 2.04957e-16 22.6836 0 180 0 -0 0 180 0 -180
0 -0 0 -180 0 0 0 180 6.48601e-16 -148.121 0 0 0 180 0 0 0 -180
0 -180 0 -180 0 0 1.05132e-14 -130.957 1.95552e-15 20.8303 0 180 0 0 0 0 0 -180
0 -0 0 -0 0 180 0 180 4.08792e-15 -159.357 0 0 0 180 0 180 0 -0
0 -180 0 0 0 -180 0.00109758 -114.65 0.368306 -0.0654662 0 -180 0 -180 0 0 0 -180
0 -0 0 180 0 -0 0 -180 1.36996 111.989 0 -0 0 -0 0 180 0 -0
inside=0 lambda=0.647 phi=35 theta=15
0 180 0 180 0 -180 0.000577547 -117.891 0.0146694 1.10337 0 0 0 180 0 180 0 -180
0 0 0 0 0 -180 0 180 1.01401 112.02 0 0 0 -0 0 -0 0 -180
0 180 0 -180 0 0 4.16618e-05 68.7065 0.0947577 179.886 0 0 0 -0 0 180 0 -180
0 -0 0 -180 0 0 0 -0 0.0953768 -68.0973 0 0 0 180 0 0 0 -180
0 180 0 180 0 -0 0.000296538 -140.354 0.0947576 179.886 0 180 0 0 0 0 0 -180
0 -0 0 -0 0 180 0 -180 0.0953766 -68.0971 0 0 0 0 0 0 0 -180
0 180 0 -0 0 180 0.000958622 -122.261 0.342916 -0.0618601 0 -180 0 -180 0 0 0 -180
0 -0 0 180 0 -0 0 -180 1.3444 111.991 0 -0 0 -180 0 0 0 -180
inside=0 lambda=0.647 phi=35 theta=30
0 180 0 180 0 -180 0 -0 0.0840338 0.0983389 0 0 0 180 0 180 0 -180
0 -0 0 -0 0 -180 0 180 1.08383 112.012 0 0 0 -0 0 -0 0 -180
0 180 0 -180 0 0 0 180 0.164125 179.886 0 0 0 -0 0 180 0 -180
0 -0 0 -180 0 0 0 -0 0.165197 -68.0972 0 0 0 180 0 0 0 -180
0 180 0 180 0 -0 0 -180 0.164125 179.886 0 180 0 0 0 0 0 -180
0 -0 0 -0 0 180 0 -180 0.165197 -68.0971 0 0 0 0 0 0 0 -180
0 180 0 -0 0 180 0 -180 0.273549 -0.0486459 0 180 0 -180 0 0 0 -180
0 -0 0 180 0 -0 0 -0 1.27458 111.996 0 -0 0 -180 0 0 0 -180
inside=0 lambda=0.647 phi=35 theta=45
0 180 0 180 0 -180 0 -0 0.178791 -0.0141065 0 0 0 180 0 180 0 -180
0 -0 0 -0 0 -180 0 180 1.17921 112.003 0 0 0 -0 0 -0 0 -180
0 180 0 -180 0 0 0 180 0.189516 179.886 0 0 0 -0 0 180 0 -180
0 -0 0 -180 0 0 0 -0 0.190753 -68.0971 0 0 0 180 0 0 0 -180
0 180 0 180 0 -0 0 -180 0.189516 179.886 0 180 0 0 0 0 0 -180
0 -0 0 -0 0 180 0 -180 0.190753 -68.0971 0 0 0 0 0 0 0 -180
0 180 0 -0 0 180 0 180 0.178791 -0.0141065 0 180 0 -180 0 0 0 -180
0 -0 0 180 0 -0 0 -0 1.17921 112.003 0 -0 0 -180 0 0 0 -180
inside=0 lambda=0.647 phi=40 theta=0
0 180 0 180 0 -180 0.00184571 -120.608 0.195868 -179.681 0 0 0 180 0 180 0 -180
0 -0 0 -0 0 180 0 180 0.801376 71.7879 0 -0 0 -0 0 -0 0 180
0 180 0 -0 0 0 1.17845e-13 -19.1006 3.33737e-14 161.752 0 -0 0 -0 0 180 0 -180
0 -0 0 180 0 -0 0 180 1.09165e-13 0.232871 0 180 0 180 0 -0 0 180
0 -180 0 -180 0 0 3.21012e-13 -129.73 1.29867e-14 161.863 0 -0 0 0 0 0 0 -180
0 -180 0 -180 0 0 0 180 1.45351e-14 -25.9738 0 180 0 0 0 0 0 -180
0 -180 0 0 0 -180 0.0015294 -109.236 0.518929 0.082936 0 -180 0 -180 0 0 0 -180
0 -180 0 0 0 -180 0 -180 1.52365 71.6848 0 -180 0 -180 0 0 0 -180
inside=0 lambda=0.647 phi=40 theta=15
0 180 0 180 0 -180 0.00136459 -125.665 0.147987 -179.626 0 0 0 180 0 180 0 -180
0 -0 0 -0 0 180 0 180 0.849759 71.7754 0 -0 0 -0 0 -0 0 180
0 180 0 -180 0 0 0.000277142 54.9141 0.1787 -179.852 0 0 0 -0 0 180 0 -180
0 -0 0 180 0 -0 0 -0 0.18057 -108.43 0 -0 0 180 0 -0 0 180
0 180 0 180 0 -0 0.000593954 -141.562 0.1787 -179.852 0 180 0 0 0 0 0 -180
0 -0 0 -180 0 180 0 180 0.18057 -108.43 0 -0 0 0 0 0 0 -180
0 180 0 -0 0 180 0.00121072 -115.535 0.471047 0.0763524 0 180 0 -180 0 0 0 -180
0 -0 0 180 0 -0 0 -180 1.47527 71.6885 0 -180 0 -180 0 0 0 -180
inside=0 lambda=0.647 phi=40 theta=30
0 180 0 180 0 -180 0.000401129 -138.296 0.0171801 -177.898 0 0 0 180 0 180 0 -180
0 -0 0 -0 0 180 0 180 0.981945 71.7477 0 -0 0 -0 0 -0 0 180
0 180 0 -180 0 0 0.00011655 43.8337 0.309519 -179.852 0 0 0 -0 0 180 0 -180
0 -0 0 180 0 -0 0 -0 0.312756 -108.43 0 0 0 180 0 -0 0 180
0 180 0 180 0 -0 0.000501383 -158.223 0.309518 -179.852 0 180 0 0 0 0 0 -180
0 -0 0 -0 0 180 0 180 0.312755 -108.43 0 -0 0 0 0 0 0 -180
0 180 0 -0 0 180 0.000749285 -142.983 0.34023 0.0489236 0 180 0 -180 0 0 0 -180
0 -0 0 180 0 -0 0 -0 1.34308 71.7 0 -0 0 -180 0 0 0 180
inside=0 lambda=0.647 phi=40 theta=45
0 180 0 180 0 -180 0 -0 0.161531 -0.0602199 0 0 0 180 0 180 0 -180
0 -0 0 -0 0 -180 0 180 1.16251 71.7201 0 -0 0 -0 0 -0 0 180
0 180 0 -180 0 0 0 180 0.357402 -179.852 0 0 0 -0 0 180 0 -180
0 -0 0 180 0 0 0 -0 0.361139 -108.43 0 0 0 180 0 -0 0 180
0 180 0 180 0 -0 0 -180 0.357402 -179.852 0 180 0 0 0 0 0 -180
0 -0 0 -0 0 180 0 180 0.361139 -108.43 0 -0 0 0 0 0 0 180
0 180 0 -0 0 180 0 180 0.161531 -0.0602199 0 180 0 -180 0 0 0 -180
0 -0 0 180 0 -0 0 -0 1.16251 71.7201 0 -0 0 -180 0 -0 0 180
inside=0 lambda=0.647 phi=45 theta=0
0 0 0 0 0 -180 0.00366909 -166.671 0.999992 126.535 0 0 0 0 0 0 0 -180
0 -180 0 -180 0 0 0 0 0 0 0 -180 0 -180 0 -180 0 0
0 0 0 -180 0 0 2.24175e-15 132.017 1.92562e-15 140.61 0 -0 0 -180 0 0 0 -180
0 -180 0 0 0 -180 0 -180 0 -180 0 0 0 0 0 -180 0 0
0 180 0 180 0 -0 3.86402e-13 172.309 2.75454e-12 138.089 0 180 0 -0 0 -0 0 180
0 180 0 180 0 -0 0 0 0 0 0 -0 0 -0 0 -0 0 180
0 180 0 -0 0 180 0.0019174 -132.702 0.999998 -26.7891 0 180 0 180 0 -0 0 180
0 180 0 -0 0 180 0 180 0 -0 0 180 0 180 0 -0 0 180
inside=0 lambda=0.647 phi=45 theta=15
0 0 0 0 0 -180 0.0024675 -173.169 0.873669 124.562 0 0 0 0 0 0 0 -180
0 -180 0 -180 0 0 0 0 0 0 0 -180 0 -180 0 -180 0 0
0 0 0 -180 0 0 0.00102558 -0.633641 0.486512 139.873 0 0 0 -180 0 0 0 -180
0 -180 0 0 0 -180 0 -180 0 180 0 -180 0 0 0 -180 0 0
0 180 0 180 0 -0 0.00101245 -178.601 0.486512 139.873 0 0 0 0 0 0 0 -180
0 -180 0 -180 0 0 0 180 0 180 0 -180 0 -0 0 -0 0 180
0 180 0 -0 0 180 0.00133262 -130.951 0.873672 -24.8166 0 180 0 -180 0 0 0 -180
0 -180 0 0 0 -180 0 -180 0 -0 0 -180 0 180 0 -0 0 180
inside=0 lambda=0.647 phi=45 theta=30
0 0 0 0 0 -180 0.000776885 -177.61 0.538437 114.503 0 0 0 0 0 0 0 -180
0 -180 0 -180 0 0 0 0 0 0 0 -180 0 -180 0 -180 0 0
0 0 0 -180 0 0 0.00081792 -23.203 0.842665 139.873 0 0 0 -180 0 0 0 -180
0 -180 0 0 0 -180 0 -180 0 180 0 -180 0 0 0 -180 0 0
0 180 0 180 0 -0 0.000808902 168.483 0.842664 139.873 0 0 0 0 0 0 0 -180
0 -180 0 -180 0 0 0 0 0 180 0 -180 0 -0 0 -0 0 0
0 0 0 -0 0 0 0.000657752 -127.201 0.538438 -14.7578 0 180 0 -180 0 0 0 -180
0 -180 0 0 0 -180 0 -180 0 -0 0 -180 0 180 0 -180 0 0
inside=0 lambda=0.647 phi=45 theta=45
0 0 0 0 0 -180 0 -180 0.230698 49.8725 0 0 0 0 0 0 0 -180
0 -180 0 -180 0 0 0 0 0 0 0 -180 0 -180 0 -180 0 0
0 0 0 -180 0 0 0 0 0.973025 139.873 0 0 0 -180 0 0 0 -180
0 -180 0 0 0 -180 0 -180 0 180 0 -180 0 0 0 -180 0 0
0 0 0 0 0 -180 0 -180 0.973025 139.873 0 0 0 0 0 0 0 -180
0 -180 0 -180 0 0 0 0 0 180 0 -180 0 -180 0 -180 0 0
0 0 0 -180 0 0 0 0 0.230698 49.8725 0 0 0 -180 0 0 0 -180
0 -180 0 0 0 -180 0 -180 0 0 0 -180 0 0 0 -180 0 0
inside=1 lambda=0.647 phi=0 theta=0
0 -180 0 -180 0 -180 0 0 0.185805 -132.9 0 0 0 -180 0 -180 0 -180
0 -0 0 -0 0 -0 0 180 0.814139 -156.426 0 180 0 -0 0 -0 0 -0
0 -180 0 180 0 0 0 180 2.02481e-14 -48.0191 0 180 0 0 0 -0 0 -180
0 -0 0 180 0 180 0 180 3.4974e-14 -65.9716 0 180 0 180 0 -0 0 -0
0 -180 0 180 0 0 0 -0 1.94591e-14 -48.0794 0 180 0 0 0 -0 0 -180
0 -0 0 180 0 180 0 -0 3.36635e-14 -66.0315 0 180 0 180 0 -0 0 -0
0 -180 0 0 0 -180 0 -180 0.185805 -132.9 0 -180 0 -180 0 0 0 -180
0 -0 0 180 0 -0 0 -0 0.814139 -156.426 0 -0 0 -0 0 180 0 -0
inside=1 lambda=0.647 phi=0 theta=15
0 -180 0 -180 0 -180 0 0 0.185805 -132.9 0 0 0 -180 0 -180 0 -180
0 -0 0 -0 0 -0 0 180 0.814139 -156.426 0 180 0 -0 0 -0 0 -0
0 -180 0 180 0 0 0 180 2.02481e-14 -48.0191 0 180 0 0 0 -0 0 -180
0 -0 0 180 0 180 0 180 3.4974e-14 -65.9716 0 180 0 180 0 -0 0 -0
0 -180 0 180 0 0 0 -0 1.94591e-14 -48.0794 0 180 0 0 0 -0 0 -180
0 -0 0 180 0 180 0 -0 3.36635e-14 -66.0315 0 180 0 180 0 -0 0 -0
0 -180 0 0 0 -180 0 -180 0.185805 -132.9 0 -180 0 -180 0 0 0 -180
0 -0 0 180 0 -0 0 -0 0.814139 -156.426 0 -0 0 -0 0 180 0 -0
inside=1 lambda=0.647 phi=0 theta=30
0 -180 0 -180 0 -180 0 0 0.185805 -132.9 0 0 0 -180 0 -180 0 -180
0 -0 0 -0 0 -0 0 180 0.814139 -156.426 0 180 0 -0 0 -0 0 -0
0 -180 0 180 0 0 0 180 2.02481e-14 -48.0191 0 180 0 0 0 -0 0 -180
0 -0 0 180 0 180 0 180 3.4974e-14 -65.9716 0 180 0 180 0 -0 0 -0
0 -180 0 180 0 0 0 -0 1.94591e-14 -48.0794 0 180 0 0 0 -0 0 -180
0 -0 0 180 0 180 0 -0 3.36635e-14 -66.0315 0 180 0 180 0 -0 0 -0
0 -180 0 0 0 -180 0 -180 0.185805 -132.9 0 -180 0 -180 0 0 0 -180
0 -0 0 180 0 -0 0 -0 0.814139 -156.426 0 -0 0 -0 0 180 0 -0
inside=1 lambda=0.647 phi=0 theta=45
0 -180 0 -180 0 -180 0 0 0.185805 -132.9 0 0 0 -180 0 -180 0 -180
0 -0 0 -0 0 -0 0 180 0.814139 -156.426 0 180 0 -0 0 -0 0 -0
0 -180 0 180 0 0 0 180 2.02481e-14 -48.0191 0 180 0 0 0 -0 0 -180
0 -0 0 180 0 180 0 180 3.4974e-14 -65.9716 0 180 0 180 0 -0 0 -0
0 -180 0 180 0 0 0 -0 1.94591e-14 -48.0794 0 180 0 0 0 -0 0 -180
0 -0 0 180 0 180 0 -0 3.36635e-14 -66.0315 0 180 0 180 0 -0 0 -0
0 -180 0 0 0 -180 0 -180 0.185805 -132.9 0 -180 0 -180 0 0 0 -180
0 -0 0 180 0 -0 0 -0 0.814139 -156.426 0 -0 0 -0 0 180 0 -0
inside=1 lambda=0.647 phi=5 theta=0
0 -180 0 -180 0 -180 0 0 0.184834 -134.446 0 0 0 -180 0 -180 0 -180
0 0 0 -0 0 -0 0 180 0.815113 -157.2 0 180 0 0 0 -0 0 -0
0 -180 0 -0 0 0 0 180 2.57103e-15 -49.641 0 -0 0 0 0 180 0 -180
0 0 0 -0 0 180 0 180 4.46123e-15 -67.1216 0 -0 0 -180 0 180 0 -0
0 -180 0 -180 0 0 0 -0 4.03825e-14 -49.3464 0 180 0 0 0 0 0 -180
0 -0 0 -0 0 180 0 -180 7.02553e-14 -66.829 0 180 0 180 0 180 0 -0
0 -180 0 0 0 -180 0 -180 0.186783 -134.447 0 -180 0 -180 0 0 0 -180
0 -0 0 180 0 -0 0 -0 0.813163 -157.2 0 -0 0 -0 0 180 0 -0
inside=1 lambda=0.647 phi=5 theta=15
0 -180 0 -180 0 -180 0 0 0.184965 -134.446 0 0 0 -180 0 -180 0 -180
0 0 0 -0 0 -0 0 180 0.814982 -157.2 0 180 0 0 0 -0 0 -0
0 -180 0 -0 0 0 0 -180 0.000487112 45.4674 0 0 0 0 0 180 0 -180
0 0 0 -0 0 180 0 -0 0.000487315 -157.073 0 180 0 -180 0 180 0 -0
0 -180 0 -180 0 0 0 -0 0.000487112 45.4674 0 180 0 0 0 0 0 -180
0 -0 0 -0 0 180 0 -0 0.000487315 -157.073 0 180 0 180 0 180 0 -0
0 -180 0 0 0 -180 0 -180 0.186652 -134.447 0 -180 0 -180 0 0 0 -180
0 0 0 180 0 0 0 -0 0.813294 -157.2 0 -0 0 -0 0 180 0 -0
inside=1 lambda=0.647 phi=5 theta=30
0 -180 0 -180 0 -180 0 0 0.185322 -134.446 0 0 0 -180 0 -180 0 -180
0 0 0 -0 0 -0 0 180 0.814625 -157.2 0 180 0 0 0 -0 0 -0
0 -180 0 -0 0 0 0 -180 0.000843703 45.4674 0 0 0 0 0 180 0 -180
0 0 0 -0 0 180 0 -0 0.000844054 -157.073 0 180 0 -180 0 180 0 -0
0 -180 0 -180 0 0 0 -0 0.000843703 45.4674 0 180 0 0 0 0 0 -180
0 0 0 -0 0 -180 0 -0 0.000844054 -157.073 0 180 0 180 0 180 0 -0
0 -180 0 0 0 -180 0 -180 0.186296 -134.447 0 -180 0 -180 0 0 0 -180
0 0 0 180 0 0 0 -0 0.813651 -157.2 0 -0 0 -0 0 180 0 -0
inside=1 lambda=0.647 phi=5 theta=45
0 -180 0 -180 0 -180 0 0 0.185809 -134.446 0 0 0 -180 0 -180 0 -180
0 0 0 -0 0 -0 0 180 0.814138 -157.2 0 180 0 0 0 -0 0 -0
0 -180 0 -0 0 0 0 -180 0.000974224 45.4674 0 0 0 0 0 180 0 -180
0 0 0 -0 0 180 0 -0 0.00097463 -157.073 0 180 0 -180 0 180 0 -0
0 -180 0 -180 0 0 0 -0 0.000974224 45.4674 0 180 0 0 0 0 0 -180
0 0 0 -0 0 -180 0 -0 0.00097463 -157.073 0 180 0 180 0 180 0 -0
0 -180 0 0 0 -180 0 -180 0.185809 -134.446 0 -180 0 -180 0 0 0 -180
0 0 0 180 0 0 0 -0 0.814138 -157.2 0 -0 0 -0 0 180 0 -0
inside=1 lambda=0.647 phi=10 theta=0
0 180 0 -180 0 -180 0 0 0.181884 -139.072 0 0 0 180 0 -180 0 -180
0 0 0 -0 0 -0 0 -180 0.818074 -159.515 0 180 0 0 0 -0 0 -0
0 180 0 -0 0 0 0 180 5.2127e-16 127.152 0 180 0 -0 0 180 0 -180
0 0 0 -0 0 180 0 0 9.11934e-16 111.377 0 0 0 -180 0 180 0 -0
0 -180 0 -180 0 0 0 180 3.60036e-16 -55.8498 0 -0 0 0 0 0 0 -180
0 -0 0 -0 0 180 0 0 6.26119e-16 -74.6412 0 -0 0 180 0 180 0 -0
0 -180 0 0 0 -180 0 -180 0.189751 -139.075 0 -180 0 -180 0 0 0 -180
0 -0 0 180 0 -0 0 -0 0.810204 -159.516 0 -0 0 -0 0 180 0 -0
inside=1 lambda=0.647 phi=10 theta=15
0 180 0 -180 0 -180 0 0 0.182411 -139.072 0 0 0 180 0 -180 0 -180
0 0 0 -0 0 -0 0 -180 0.817547 -159.515 0 180 0 0 0 -0 0 -0
0 180 0 -0 0 0 0 -180 0.00196669 40.8431 0 0 0 -0 0 180 0 -180
0 0 0 -0 0 180 0 -0 0.00196736 -159.39 0 180 0 -180 0 180 0 -0
0 -180 0 -180 0 0 0 -0 0.00196669 40.8431 0 180 0 0 0 0 0 -180
0 -0 0 -0 0 -180 0 -0 0.00196736 -159.39 0 180 0 180 0 180 0 -0
0 -180 0 0 0 -180 0 -180 0.189224 -139.075 0 -180 0 -180 0 0 0 -180
0 0 0 180 0 0 0 -0 0.810731 -159.516 0 -0 0 -0 0 180 0 -0
inside=1 lambda=0.647 phi=10 theta=30
0 180 0 -180 0 -180 0 0 0.183851 -139.073 0 0 0 180 0 -180 0 -180
0 0 0 -0 0 -0 0 180 0.816106 -159.515 0 180 0 0 0 -0 0 -0
0 180 0 -0 0 0 0 -180 0.00340641 40.8431 0 0 0 -0 0 180 0 -180
0 0 0 -0 0 180 0 -0 0.00340757 -159.39 0 180 0 -180 0 180 0 -0
0 -180 0 -180 0 0 0 -0 0.00340641 40.8431 0 180 0 0 0 0 0 -180
0 0 0 -0 0 -180 0 -0 0.00340757 -159.39 0 180 0 180 0 180 0 -0
0 -180 0 0 0 180 0 -180 0.187784 -139.075 0 -180 0 -180 0 0 0 -180
0 0 0 180 0 0 0 -0 0.812172 -159.516 0 -0 0 -0 0 180 0 -0
inside=1 lambda=0.647 phi=10 theta=45
0 180 0 -180 0 -180 0 0 0.185818 -139.074 0 0 0 180 0 -180 0 -180
0 0 0 -0 0 -0 0 180 0.814139 -159.516 0 180 0 0 0 -0 0 -0
0 -180 0 -0 0 0 0 -180 0.00393338 40.8431 0 0 0 -0 0 180 0 -180
0 0 0 -0 0 180 0 -0 0.00393472 -159.39 0 180 0 -180 0 180 0 -0
0 -180 0 -180 0 -0 0 -0 0.00393338 40.8431 0 180 0 0 0 0 0 -180
0 0 0 -0 0 -180 0 -0 0.00393472 -159.39 0 180 0 180 0 180 0 -0
0 180 0 0 0 180 0 -180 0.185818 -139.074 0 -180 0 -180 0 0 0 -180
0 0 0 180 0 0 0 -0 0.814139 -159.516 0 -0 0 -0 0 180 0 -0
inside=1 lambda=0.647 phi=15 theta=0
0 180 0 -180 0 -180 0 0 0.176833 -146.742 0 0 0 180 0 -180 0 -180
0 0 0 -0 0 -0 0 -180 0.82314 -163.354 0 180 0 0 0 -0 0 -0
0 180 0 -0 0 0 0 -0 2.07515e-15 120.326 0 -0 0 -0 0 180 0 -180
0 0 0 -0 0 180 0 -180 3.72943e-15 106.9 0 -180 0 -180 0 180 0 -0
0 -180 0 -180 0 0 0 180 1.91818e-15 120.618 0 -0 0 0 0 0 0 -180
0 -0 0 -0 0 180 0 0 3.54785e-15 107.689 0 -0 0 180 0 180 0 -0
0 -180 0 0 0 -180 0 -180 0.194811 -146.75 0 -180 0 -180 0 0 0 -180
0 -0 0 180 0 -0 0 -0 0.805158 -163.357 0 -0 0 -0 0 180 0 -0
inside=1 lambda=0.647 phi=15 theta=15
0 180 0 -180 0 -180 0 0 0.178037 -146.743 0 0 0 180 0 -180 0 -180
0 0 0 -0 0 -0 0 -180 0.821936 -163.354 0 180 0 0 0 -0 0 -0
0 180 0 -0 0 0 0 -180 0.00449456 33.1764 0 0 0 -0 0 180 0 -180
0 0 0 -0 0 180 0 -0 0.0044956 -163.234 0 180 0 -180 0 180 0 -0
0 -180 0 -180 0 0 0 -0 0.00449456 33.1764 0 180 0 0 0 0 0 -180
0 -0 0 -0 0 -180 0 -0 0.0044956 -163.234 0 180 0 180 0 180 0 -0
0 -180 0 0 0 -180 0 -180 0.193607 -146.749 0 -180 0 -180 0 0 0 -180
0 0 0 180 0 0 0 -0 0.806362 -163.356 0 -0 0 -0 0 180 0 -0
inside=1 lambda=0.647 phi=15 theta=30
0 180 0 -180 0 -180 0 0 0.181327 -146.744 0 0 0 180 0 -180 0 -180
0 0 0 -0 0 -0 0 -180 0.818645 -163.354 0 180 0 0 0 -0 0 -0
0 180 0 -0 0 0 0 -180 0.0077848 33.1764 0 0 0 -0 0 180 0 -180
0 0 0 -0 0 180 0 -0 0.0077866 -163.234 0 180 0 -180 0 180 0 -0
0 -180 0 -180 0 -0 0 -0 0.0077848 33.1764 0 180 0 0 0 0 0 -180
0 0 0 -0 0 -180 0 -0 0.0077866 -163.234 0 180 0 180 0 180 0 -0
0 180 0 0 0 180 0 -180 0.190316 -146.748 0 -180 0 -180 0 0 0 -180
0 0 0 180 0 0 0 -0 0.809653 -163.356 0 -0 0 -0 0 180 0 -0
inside=1 lambda=0.647 phi=15 theta=45
0 180 0 -180 0 -180 0 0 0.185822 -146.746 0 0 0 180 0 -180 0 -180
0 0 0 -0 0 -0 0 180 0.814149 -163.355 0 180 0 0 0 -0 0 -0
0 180 0 -0 0 0 0 -180 0.00898912 33.1764 0 0 0 -0 0 180 0 -180
0 0 0 -0 0 180 0 -0 0.00899119 -163.234 0 180 0 -180 0 180 0 -0
0 180 0 -180 0 -0 0 -0 0.00898912 33.1764 0 180 0 0 0 0 0 -180
0 0 0 -0 0 -180 0 -0 0.00899119 -163.234 0 180 0 180 0 180 0 -0
0 180 0 0 0 180 0 -180 0.185822 -146.746 0 -180 0 -180 0 0 0 -180
0 0 0 180 0 0 0 -0 0.814149 -163.355 0 -0 0 -0 0 180 0 -0
inside=1 lambda=0.647 phi=20 theta=0
0 180 0 -180 0 -180 0 -0 0.169469 -157.398 0 0 0 180 0 -180 0 -180
0 0 0 -0 0 -0 0 -180 0.830519 -168.687 0 180 0 0 0 -0 0 -0
0 180 0 -0 0 0 0 180 1.07878e-15 110.773 0 -0 0 -0 0 180 0 -180
0 0 0 -0 0 180 0 180 2.0478e-15 100.779 0 -180 0 -180 0 180 0 -0
0 -180 0 -180 0 0 0 180 9.45077e-16 108.695 0 180 0 0 0 0 0 -180
0 -0 0 -0 0 180 0 0 1.97916e-15 100.959 0 180 0 180 0 180 0 -0
0 -180 0 0 0 -180 0 -180 0.202139 -157.41 0 -180 0 -180 0 0 0 -180
0 -0 0 180 0 -0 0 -0 0.797845 -168.692 0 -0 0 -0 0 180 0 -0
inside=1 lambda=0.647 phi=20 theta=15
0 180 0 -180 0 -180 0 -0 0.171658 -157.399 0 0 0 180 0 -180 0 -180
0 0 0 -0 0 -0 0 -180 0.82833 -168.688 0 180 0 0 0 -0 0 -0
0 180 0 -0 0 0 0 -180 0.0081675 22.5275 0 0 0 -0 0 180 0 -180
0 0 0 -0 0 180 0 -0 0.0081684 -168.574 0 180 0 -180 0 180 0 -0
0 -180 0 -180 0 0 0 -0 0.0081675 22.5275 0 180 0 0 0 0 0 -180
0 -0 0 -0 0 -180 0 -0 0.0081684 -168.574 0 180 0 180 0 180 0 -0
0 -180 0 0 0 180 0 -180 0.199951 -157.41 0 -180 0 -180 0 0 0 -180
0 0 0 180 0 0 0 -0 0.800034 -168.692 0 -0 0 -0 0 180 0 -0
inside=1 lambda=0.647 phi=20 theta=30
0 180 0 -180 0 -180 0 0 0.177637 -157.402 0 0 0 180 0 -180 0 -180
0 0 0 -0 0 -0 0 -180 0.82235 -168.688 0 180 0 0 0 -0 0 -0
0 180 0 -0 0 0 0 -180 0.0141465 22.5275 0 0 0 -0 0 180 0 -180
0 0 0 -0 0 180 0 -0 0.0141481 -168.574 0 180 0 -180 0 180 0 -0
0 180 0 -180 0 -0 0 -0 0.0141465 22.5275 0 180 0 0 0 0 0 -180
0 0 0 -0 0 -180 0 -0 0.0141481 -168.574 0 180 0 180 0 180 0 -0
0 180 0 0 0 180 0 -180 0.193972 -157.408 0 -180 0 -180 0 0 0 -180
0 0 0 180 0 0 0 -0 0.806014 -168.691 0 -0 0 -0 0 180 0 -0
inside=1 lambda=0.647 phi=20 theta=45
0 180 0 -180 0 -180 0 0 0.185804 -157.405 0 0 0 180 0 -180 0 -180
0 0 0 -0 0 -0 0 -180 0.814182 -168.689 0 180 0 0 0 -0 0 -0
0 180 0 -0 0 0 0 -180 0.016335 22.5275 0 0 0 -0 0 180 0 -180
0 0 0 -0 0 180 0 -0 0.0163368 -168.574 0 180 0 -180 0 180 0 -0
0 180 0 -180 0 -0 0 -0 0.016335 22.5275 0 180 0 0 0 0 0 -180
0 0 0 -0 0 -180 0 -0 0.0163368 -168.574 0 180 0 180 0 180 0 -0
0 180 0 0 0 180 0 -180 0.185804 -157.405 0 -180 0 -180 0 0 0 -180
0 0 0 -180 0 0 0 -0 0.814182 -168.689 0 -0 0 -0 0 180 0 -0
inside=1 lambda=0.647 phi=25 theta=0
0 180 0 180 0 -180 0 -0 0.159478 -170.959 0 0 0 180 0 180 0 -180
0 0 0 -0 0 -0 0 -180 0.84052 -175.474 0 180 0 0 0 -0 0 -0
0 180 0 -0 0 0 0 -0 1.26156e-15 98.6624 0 -0 0 -0 0 180 0 -180
0 0 0 -0 0 180 0 -180 2.50823e-15 94.8125 0 -180 0 -180 0 180 0 -0
0 -180 0 -180 0 0 0 -0 1.61037e-15 -81.2182 0 -0 0 0 0 0 0 -180
0 -0 0 -0 0 180 0 -180 3.41853e-15 -86.0491 0 -180 0 180 0 180 0 -0
0 -180 0 0 0 -180 0 -180 0.211994 -170.974 0 -180 0 -180 0 0 0 -180
0 -0 0 180 0 -0 0 -0 0.788003 -175.481 0 -0 0 -0 0 180 0 -0
inside=1 lambda=0.647 phi=25 theta=15
0 180 0 180 0 -180 0 -0 0.162996 -170.961 0 0 0 180 0 180 0 -180
0 0 0 -0 0 -0 0 -180 0.837002 -175.475 0 180 0 0 0 -0 0 -0
0 180 0 -0 0 0 0 -180 0.0131291 8.97919 0 0 0 -0 0 180 0 -180
0 0 0 -0 0 180 0 -0 0.0131293 -175.37 0 180 0 -180 0 180 0 -0
0 -180 0 -180 0 0 0 -0 0.0131291 8.97923 0 180 0 0 0 0 0 -180
0 -0 0 -0 0 180 0 -0 0.0131293 -175.37 0 180 0 180 0 180 0 -0
0 -180 0 0 0 180 0 -180 0.208477 -170.974 0 -180 0 -180 0 0 0 -180
0 -0 0 180 0 0 0 -0 0.791521 -175.481 0 -0 0 -0 0 180 0 -0
inside=1 lambda=0.647 phi=25 theta=30
0 180 0 -180 0 -180 0 -0 0.172607 -170.964 0 0 0 180 0 180 0 -180
0 0 0 -0 0 -0 0 -180 0.82739 -175.476 0 180 0 0 0 -0 0 -0
0 180 0 -0 0 0 0 -180 0.0227402 8.9792 0 0 0 -0 0 180 0 -180
0 0 0 -0 0 180 0 -0 0.0227407 -175.37 0 180 0 -180 0 180 0 -0
0 180 0 -180 0 -0 0 -0 0.0227402 8.97922 0 180 0 0 0 0 0 -180
0 0 0 -0 0 -180 0 -0 0.0227407 -175.37 0 180 0 180 0 180 0 -0
0 180 0 0 0 180 0 -180 0.198865 -170.971 0 -180 0 -180 0 0 0 -180
0 0 0 180 0 0 0 -0 0.801132 -175.479 0 -0 0 -0 0 180 0 -0
inside=1 lambda=0.647 phi=25 theta=45
0 180 0 -180 0 -180 0 0 0.185736 -170.968 0 0 0 180 0 -180 0 -180
0 0 0 -0 0 -0 0 -180 0.814261 -175.478 0 180 0 0 0 -0 0 -0
0 180 0 -0 0 0 0 -180 0.0262581 8.97921 0 0 0 -0 0 180 0 -180
0 0 0 -0 0 180 0 -0 0.0262587 -175.37 0 180 0 -180 0 180 0 -0
0 180 0 -180 0 -0 0 -0 0.0262581 8.97921 0 180 0 0 0 0 0 -180
0 0 0 -0 0 -180 0 -0 0.0262587 -175.37 0 180 0 180 0 180 0 -0
0 180 0 0 0 180 0 -180 0.185736 -170.968 0 -180 0 -180 0 0 0 -180
0 0 0 -180 0 0 0 -0 0.814261 -175.478 0 -0 0 -0 0 180 0 -0
inside=1 lambda=0.647 phi=30 theta=0
0 180 0 180 0 -180 0 -0 0.146419 172.676 0 0 0 180 0 180 0 -180
0 0 0 -0 0 -0 0 -180 0.85358 176.337 0 180 0 0 0 -0 0 -0
0 180 0 -0 0 0 0 180 3.40474e-15 -97.3434 0 0 0 -0 0 180 0 -180
0 0 0 -180 0 180 0 0 7.5278e-15 -93.6686 0 0 0 -180 0 0 0 -0
0 -180 0 -180 0 0 0 -0 1.69978e-14 82.5062 0 180 0 0 0 0 0 -180
0 -0 0 -0 0 180 0 -180 4.13465e-14 86.4951 0 0 0 180 0 180 0 -0
0 -180 0 0 0 -180 0 -180 0.224732 172.662 0 -180 0 -180 0 0 0 -180
0 -0 0 180 0 -0 0 -0 0.775266 176.327 0 -0 0 -0 0 180 0 -0
inside=1 lambda=0.647 phi=30 theta=15
0 180 0 180 0 -180 0 -0 0.151665 172.674 0 0 0 180 0 180 0 -180
0 0 0 -0 0 -0 0 -180 0.848334 176.336 0 180 0 0 0 0 0 -0
0 180 0 -0 0 0 0 180 0.0195781 -7.36458 0 0 0 -0 0 180 0 -180
0 0 0 -180 0 180 0 -0 0.0195785 176.43 0 180 0 -180 0 0 0 -0
0 -180 0 -180 0 0 0 -0 0.0195781 -7.36452 0 180 0 0 0 0 0 -180
0 -0 0 -0 0 180 0 -180 0.0195785 176.43 0 0 0 180 0 180 0 -0
0 -180 0 0 0 180 0 -180 0.219486 172.662 0 -180 0 -180 0 0 0 -180
0 -0 0 180 0 0 0 -0 0.780512 176.328 0 -0 0 -0 0 180 0 -0
inside=1 lambda=0.647 phi=30 theta=30
0 180 0 180 0 -180 0 -0 0.165997 172.671 0 0 0 180 0 180 0 -180
0 0 0 -0 0 -0 0 -180 0.834002 176.334 0 180 0 0 0 -0 0 -0
0 180 0 -0 0 0 0 -180 0.0339103 -7.36457 0 0 0 -0 0 180 0 -180
0 0 0 -180 0 180 0 -0 0.033911 176.43 0 180 0 -180 0 0 0 -0
0 180 0 -180 0 -0 0 -0 0.0339103 -7.36453 0 180 0 0 0 0 0 -180
0 0 0 -0 0 -180 0 -180 0.033911 176.43 0 0 0 180 0 180 0 -0
0 180 0 0 0 180 0 -180 0.205154 172.664 0 -180 0 -180 0 0 0 -180
0 0 0 180 0 0 0 -0 0.794845 176.33 0 -0 0 -0 0 180 0 -0
inside=1 lambda=0.647 phi=30 theta=45
0 180 0 -180 0 -180 0 -0 0.185576 172.667 0 0 0 180 0 180 0 -180
0 0 0 -0 0 -0 0 -180 0.814423 176.332 0 180 0 0 0 -0 0 -0
0 180 0 -0 0 0 0 -180 0.0391563 -7.36455 0 0 0 -0 0 180 0 -180
0 0 0 -180 0 180 0 -0 0.0391571 176.43 0 180 0 -180 0 0 0 -0
0 180 0 -180 0 -0 0 -0 0.0391563 -7.36455 0 180 0 0 0 0 0 -180
0 0 0 -0 0 -180 0 -180 0.0391571 176.43 0 0 0 180 0 180 0 -0
0 180 0 -0 0 180 0 -180 0.185576 172.667 0 180 0 -180 0 0 0 -180
0 0 0 -180 0 0 0 -0 0.814423 176.332 0 -0 0 -0 0 180 0 -0
inside=1 lambda=0.647 phi=35 theta=0
0 180 0 180 0 -180 0 -0 0.129698 153.625 0 0 0 180 0 180 0 -180
0 0 0 0 0 -0 0 -180 0.870298 166.808 0 180 0 0 0 0 0 -0
0 180 0 -0 0 0 0 180 1.63155e-14 -119.74 0 -0 0 -0 0 180 0 -180
0 0 0 -180 0 180 0 0 4.19782e-14 -103.08 0 -180 0 -180 0 0 0 -0
0 -180 0 -180 0 0 0 -0 2.09685e-14 -119.798 0 -0 0 0 0 0 0 -180
0 -0 0 -0 0 180 0 -180 6.1328e-14 -103.003 0 -180 0 180 0 180 0 -0
0 -180 0 0 0 -180 0 -180 0.240822 153.623 0 -180 0 -180 0 0 0 -180
0 -0 0 180 0 -0 0 -0 0.759153 166.796 0 -0 0 -0 0 180 0 -0
inside=1 lambda=0.647 phi=35 theta=15
0 180 0 180 0 -180 0 -0 0.137142 153.625 0 0 0 180 0 180 0 -180
0 0 0 -0 0 -0 0 -180 0.862853 166.807 0 180 0 0 0 0 0 -0
0 180 0 -0 0 0 0 180 0.0277812 -26.3805 0 0 0 -0 0 180 0 -180
0 0 0 -180 0 180 0 -0 0.0277864 166.89 0 180 0 -180 0 0 0 -0
0 -180 0 -180 0 -0 0 -0 0.0277812 -26.3804 0 0 0 0 0 0 0 -180
0 -0 0 -0 0 180 0 -180 0.0277863 166.89 0 0 0 180 0 180 0 -0
0 -180 0 0 0 180 0 -180 0.233378 153.623 0 -180 0 -180 0 0 0 -180
0 -0 0 180 0 0 0 -0 0.766598 166.797 0 -0 0 -0 0 180 0 -0
inside=1 lambda=0.647 phi=35 theta=30
0 180 0 180 0 -180 0 -0 0.157479 153.624 0 0 0 180 0 180 0 -180
0 0 0 -0 0 -0 0 -180 0.842512 166.805 0 180 0 0 0 0 0 -0
0 180 0 -0 0 0 0 180 0.0481185 -26.3805 0 0 0 -0 0 0 0 -180
0 0 0 -180 0 180 0 -0 0.0481274 166.89 0 180 0 -180 0 0 0 -0
0 180 0 -180 0 -0 0 -0 0.0481185 -26.3804 0 0 0 0 0 0 0 -180
0 -0 0 -0 0 -180 0 -180 0.0481274 166.89 0 0 0 180 0 180 0 -0
0 180 0 0 0 180 0 -180 0.213041 153.623 0 -180 0 -180 0 0 0 -180
0 0 0 180 0 0 0 -0 0.786939 166.799 0 -0 0 -0 0 180 0 -0
inside=1 lambda=0.647 phi=35 theta=45
0 180 0 -180 0 -180 0 -0 0.18526 153.623 0 0 0 180 0 180 0 -180
0 0 0 -0 0 -0 0 -180 0.814726 166.802 0 180 0 0 0 -0 0 -0
0 180 0 -0 0 0 0 -180 0.0555624 -26.3805 0 0 0 -0 0 0 0 -180
0 0 0 -180 0 180 0 -0 0.0555727 166.89 0 180 0 -180 0 0 0 -0
0 180 0 -180 0 -0 0 -0 0.0555624 -26.3805 0 0 0 0 0 0 0 -180
0 0 0 -0 0 -180 0 -180 0.0555727 166.89 0 0 0 180 0 180 0 -0
0 180 0 -0 0 180 0 -180 0.18526 153.623 0 180 0 -180 0 0 0 -180
0 0 0 -180 0 0 0 -0 0.814726 166.802 0 -0 0 -0 0 180 0 -0
inside=1 lambda=0.647 phi=40 theta=0
0 180 0 180 0 -180 0 -0 0.108521 132.022 0 0 0 180 0 180 0 -180
0 0 0 0 0 -180 0 -180 0.891482 156.013 0 0 0 0 0 0 0 -180
0 180 0 -0 0 0 0 180 5.22565e-15 27.3952 0 -0 0 -0 0 180 0 -180
0 0 0 -180 0 0 0 0 1.60674e-14 66.4609 0 -180 0 -180 0 0 0 -180
0 -180 0 -180 0 0 0 180 4.75109e-15 27.3502 0 -0 0 0 0 0 0 -180
0 -0 0 -0 0 180 0 0 1.73161e-14 67.2166 0 -180 0 180 0 180 0 -0
0 -180 0 0 0 -180 0 -180 0.260879 132.052 0 -180 0 -180 0 0 0 -180
0 -0 0 180 0 -0 0 -0 0.739034 155.999 0 -0 0 -0 0 180 0 -0
inside=1 lambda=0.647 phi=40 theta=15
0 180 0 180 0 -180 0 -0 0.118727 132.027 0 0 0 180 0 180 0 -180
0 0 0 -0 0 -180 0 -180 0.88127 156.012 0 0 0 0 0 0 0 -180
0 180 0 -0 0 0 0 180 0.0380894 -47.928 0 0 0 -0 0 0 0 -180
0 0 0 -180 0 0 0 -0 0.0381121 156.083 0 0 0 -180 0 0 0 -180
0 -180 0 -180 0 -0 0 -0 0.0380894 -47.9279 0 0 0 0 0 0 0 -180
0 -0 0 -0 0 180 0 -180 0.0381121 156.083 0 0 0 180 0 180 0 -0
0 -180 0 0 0 180 0 -180 0.250673 132.051 0 -180 0 -180 0 0 0 -180
0 -0 0 180 0 0 0 -0 0.749246 156 0 -0 0 -0 0 180 0 -0
inside=1 lambda=0.647 phi=40 theta=30
0 180 0 180 0 -180 0 -0 0.146611 132.035 0 0 0 180 0 180 0 -180
0 0 0 -0 0 -180 0 -180 0.85337 156.01 0 0 0 0 0 0 0 -180
0 180 0 -0 0 0 0 180 0.0659728 -47.928 0 0 0 -0 0 0 0 -180
0 0 0 -180 0 0 0 -0 0.0660122 156.083 0 0 0 -180 0 0 0 -180
0 180 0 -180 0 -0 0 -0 0.0659728 -47.9279 0 0 0 0 0 0 0 -180
0 -0 0 -0 0 -180 0 -180 0.0660121 156.083 0 0 0 180 0 180 0 -0
0 180 0 -0 0 180 0 -180 0.222789 132.048 0 -180 0 -180 0 0 0 -180
0 0 0 180 0 0 0 -0 0.777146 156.003 0 -0 0 -180 0 180 0 -0
inside=1 lambda=0.647 phi=40 theta=45
0 180 0 180 0 -180 0 -0 0.1847 132.043 0 0 0 180 0 180 0 -180
0 0 0 -0 0 -180 0 -180 0.815258 156.007 0 0 0 0 0 -0 0 -180
0 180 0 -0 0 0 0 180 0.0761789 -47.9279 0 0 0 -0 0 0 0 -180
0 0 0 -180 0 180 0 -0 0.0762243 156.083 0 180 0 -180 0 0 0 -0
0 180 0 180 0 -0 0 -0 0.0761789 -47.9279 0 0 0 0 0 0 0 -180
0 0 0 -0 0 -180 0 -180 0.0762243 156.083 0 0 0 180 0 180 0 -0
0 180 0 -0 0 180 0 180 0.1847 132.043 0 180 0 -180 0 0 0 -180
0 0 0 -180 0 0 0 -0 0.815258 156.007 0 -0 0 -180 0 0 0 -180
inside=1 lambda=0.647 phi=45 theta=0
0 180 0 180 0 -180 0 -0 0.081839 108.007 0 0 0 180 0 180 0 -180
0 0 0 0 0 -180 9.65609e-05 90.8584 0.918222 144.035 0 0 0 0 0 0 0 -180
0 180 0 -0 0 0 0 -0 1.25961e-15 161.2 0 180 0 -0 0 180 0 -180
0 0 0 -180 0 0 2.19677e-17 -158.305 4.06953e-15 -125.752 0 0 0 -180 0 0 0 -180
0 -180 0 -180 0 0 0 -0 4.41679e-15 159.052 0 -180 0 0 0 0 0 -180
0 -0 0 -0 0 180 5.03644e-15 152.376 1.74444e-14 -124.638 0 -180 0 180 0 180 0 -0
0 -180 0 0 0 -180 0 -180 0.285692 108.109 0 -180 0 -180 0 0 0 -180
0 -0 0 180 0 -0 0.00059887 -77.6331 0.7141 144.018 0 -0 0 -0 0 180 0 -0
inside=1 lambda=0.647 phi=45 theta=15
0 180 0 180 0 -180 0 -0 0.0954945 108.027 0 0 0 180 0 180 0 -180
0 0 0 -0 0 -180 0 180 0.904549 144.034 0 0 0 0 0 0 0 -180
0 180 0 -0 0 0 0 180 0.0509634 -71.8505 0 0 0 -0 0 180 0 -180
0 0 0 -180 0 0 0 -0 0.0510306 144.095 0 0 0 -180 0 0 0 -180
0 -180 0 -180 0 -0 0 -0 0.0509633 -71.8503 0 0 0 0 0 0 0 -180
0 -0 0 -0 0 180 0 -180 0.0510306 144.095 0 0 0 180 0 180 0 -0
0 -180 0 0 0 180 0 -180 0.272036 108.107 0 -180 0 -180 0 0 0 -180
0 -0 0 180 0 0 0 -0 0.727774 144.019 0 -0 0 -180 0 180 0 -180
inside=1 lambda=0.647 phi=45 theta=30
0 180 0 180 0 -180 0 -0 0.132802 108.062 0 0 0 180 0 180 0 -180
0 0 0 -0 0 -180 0 180 0.867192 144.031 0 0 0 0 0 0 0 -180
0 180 0 -0 0 0 0 180 0.0882712 -71.8504 0 0 0 -0 0 180 0 -180
0 0 0 -180 0 0 0 -0 0.0883876 144.095 0 0 0 -180 0 0 0 -180
0 180 0 -180 0 -0 0 -0 0.0882712 -71.8503 0 0 0 0 0 0 0 -180
0 -0 0 -0 0 -180 0 -180 0.0883876 144.095 0 0 0 0 0 0 0 -180
0 180 0 -0 0 180 0 -180 0.234729 108.1 0 180 0 -180 0 0 0 -180
0 0 0 180 0 0 0 -0 0.765131 144.023 0 -0 0 -180 0 0 0 -180
inside=1 lambda=0.647 phi=45 theta=45
0 180 0 180 0 -180 0 -0 0.183765 108.086 0 0 0 180 0 180 0 -180
0 0 0 -0 0 -180 0 180 0.816161 144.027 0 0 0 0 0 -0 0 -180
0 180 0 -0 0 0 0 180 0.101927 -71.8504 0 0 0 -0 0 0 0 -180
0 -0 0 -180 0 0 0 -0 0.102061 144.095 0 0 0 -180 0 0 0 -180
0 180 0 180 0 -0 0 -0 0.101927 -71.8504 0 0 0 0 0 0 0 -180
0 -0 0 -0 0 -180 0 -180 0.102061 144.095 0 0 0 0 0 0 0 -180
0 180 0 -0 0 180 0 180 0.183765 108.086 0 180 0 -180 0 0 0 -180
0 0 0 180 0 0 0 -0 0.816161 144.027 0 -0 0 -180 0 0 0 -180
