RSoft_BSDF_File_Version 2
1 0 5 2 1 1.09714
0.3 0.3
-1 1
-1 1
1 0.647 0.647
10 0 45 0.5
4 0 45
Begin_Dispersion_Data
0.647 1.45662 0 1 0 0
End_Dispersion_Data
inside=0 lambda=0.647 phi=0 theta=0
0 -180 0 -180 0 -180 0 0 0.18192 8.83464 0 0 0 -180 0 -180 0 -180
0 180 0 180 0 180 0 -0 1.18676 4.30531 0 -0 0 180 0 180 0 180
0 -180 0 180 0 0 0 0 3.5872e-13 -148.797 0 180 0 0 0 180 0 -180
0 180 0 -0 0 -0 0 180 1.47674e-13 74.2329 0 180 0 -0 0 -180 0 180
0 -180 0 0 0 0 0 180 9.8576e-14 174.162 0 180 0 0 0 0 0 -180
0 180 0 -0 0 -0 0 -0 1.28054e-13 -34.9347 0 -0 0 -0 0 -0 0 180
0 -180 0 0 0 -180 0 -180 0.18192 8.83464 0 -180 0 -180 0 0 0 -180
0 180 0 -0 0 180 0 180 1.18676 4.30531 0 180 0 180 0 -0 0 180
inside=0 lambda=0.647 phi=0 theta=15
0 -180 0 -180 0 -180 0 0 0.18192 8.83464 0 0 0 -180 0 -180 0 -180
0 180 0 180 0 180 0 -0 1.18676 4.30531 0 -0 0 180 0 180 0 180
0 -180 0 180 0 0 0 0 3.5872e-13 -148.797 0 180 0 0 0 180 0 -180
0 180 0 -0 0 -0 0 180 1.47674e-13 74.2329 0 180 0 -0 0 -180 0 180
0 -180 0 0 0 0 0 180 9.8576e-14 174.162 0 180 0 0 0 0 0 -180
0 180 0 -0 0 -0 0 -0 1.28054e-13 -34.9347 0 -0 0 -0 0 -0 0 180
0 -180 0 0 0 -180 0 -180 0.18192 8.83464 0 -180 0 -180 0 0 0 -180
0 180 0 -0 0 180 0 180 1.18676 4.30531 0 180 0 180 0 -0 0 180
inside=0 lambda=0.647 phi=0 theta=30
0 -180 0 -180 0 -180 0 0 0.18192 8.83464 0 0 0 -180 0 -180 0 -180
0 180 0 180 0 180 0 -0 1.18676 4.30531 0 -0 0 180 0 180 0 180
0 -180 0 180 0 0 0 0 3.5872e-13 -148.797 0 180 0 0 0 180 0 -180
0 180 0 -0 0 -0 0 180 1.47674e-13 74.2329 0 180 0 -0 0 -180 0 180
0 -180 0 0 0 0 0 180 9.8576e-14 174.162 0 180 0 0 0 0 0 -180
0 180 0 -0 0 -0 0 -0 1.28054e-13 -34.9347 0 -0 0 -0 0 -0 0 180
0 -180 0 0 0 -180 0 -180 0.18192 8.83464 0 -180 0 -180 0 0 0 -180
0 180 0 -0 0 180 0 180 1.18676 4.30531 0 180 0 180 0 -0 0 180
inside=0 lambda=0.647 phi=0 theta=45
0 -180 0 -180 0 -180 0 0 0.18192 8.83464 0 0 0 -180 0 -180 0 -180
0 180 0 180 0 180 0 -0 1.18676 4.30531 0 -0 0 180 0 180 0 180
0 -180 0 180 0 0 0 0 3.5872e-13 -148.797 0 180 0 0 0 180 0 -180
0 180 0 -0 0 -0 0 180 1.47674e-13 74.2329 0 180 0 -0 0 -180 0 180
0 -180 0 0 0 0 0 180 9.8576e-14 174.162 0 180 0 0 0 0 0 -180
0 180 0 -0 0 -0 0 -0 1.28054e-13 -34.9347 0 -0 0 -0 0 -0 0 180
0 -180 0 0 0 -180 0 -180 0.18192 8.83464 0 -180 0 -180 0 0 0 -180
0 180 0 -0 0 180 0 180 1.18676 4.30531 0 180 0 180 0 -0 0 180
inside=0 lambda=0.647 phi=5 theta=0
0 -180 0 -180 0 -180 0 0 0.180413 5.46984 0 0 0 -180 0 -180 0 -180
0 180 0 180 0 180 0 -0 1.18454 0.350594 0 -0 0 180 0 180 0 180
0 -180 0 -180 0 0 0 0 2.86147e-13 82.6612 0 0 0 0 0 0 0 -180
0 180 0 0 0 -0 0 -180 2.42571e-12 97.4256 0 -180 0 -0 0 -180 0 180
0 -180 0 -180 0 0 0 180 3.69385e-13 99.7936 0 180 0 0 0 0 0 -180
0 180 0 180 0 -0 0 180 2.48984e-12 89.5961 0 0 0 -0 0 -0 0 180
0 -180 0 0 0 -180 0 -180 0.184459 5.11457 0 -180 0 -180 0 0 0 -180
0 180 0 -0 0 180 0 180 1.18875 0.256767 0 180 0 180 0 -0 0 180
inside=0 lambda=0.647 phi=5 theta=15
0 -180 0 -180 0 -180 0 0 0.180683 5.44533 0 0 0 -180 0 -180 0 -180
0 180 0 180 0 180 0 -0 1.18482 0.344195 0 -0 0 180 0 180 0 180
0 -180 0 -180 0 0 0 -180 0.00105773 168.213 0 0 0 0 0 0 0 -180
0 180 0 0 0 -0 0 180 0.001825 125.542 0 -0 0 -0 0 -180 0 180
0 -180 0 -180 0 0 0 -180 0.00105768 168.223 0 0 0 0 0 0 0 -180
0 180 0 180 0 -0 0 0 0.00181574 125.722 0 -180 0 -0 0 -0 0 180
0 -180 0 0 0 -180 0 -180 0.184188 5.13767 0 -180 0 -180 0 0 0 -180
0 180 0 -0 0 180 0 180 1.18847 0.262938 0 180 0 180 0 -0 0 180
inside=0 lambda=0.647 phi=5 theta=30
0 -180 0 -180 0 -180 0 0 0.181423 5.3789 0 0 0 -180 0 -180 0 -180
0 180 0 180 0 180 0 -0 1.18559 0.326796 0 -0 0 180 0 180 0 180
0 -180 0 -180 0 0 0 -180 0.00183203 168.216 0 0 0 0 0 0 0 -180
0 180 0 0 0 -0 0 180 0.00315755 125.58 0 -0 0 -0 0 -180 0 180
0 -180 0 -180 0 0 0 -180 0.00183197 168.221 0 0 0 0 0 0 0 -180
0 180 0 180 0 -0 0 0 0.00314829 125.685 0 -180 0 -0 0 -0 0 180
0 -180 0 0 0 -180 0 -180 0.183446 5.20129 0 -180 0 -180 0 0 0 -180
0 180 0 -0 0 180 0 180 1.1877 0.279882 0 180 0 180 0 -0 0 180
inside=0 lambda=0.647 phi=5 theta=45
0 -180 0 -180 0 -180 0 0 0.182435 5.28939 0 0 0 -180 0 -180 0 -180
0 180 0 180 0 180 0 -0 1.18664 0.303225 0 -0 0 180 0 180 0 180
0 -180 0 -180 0 0 0 -180 0.00211541 168.218 0 0 0 0 0 0 0 -180
0 180 0 0 0 -0 0 180 0.00364065 125.633 0 -0 0 -0 0 -180 0 180
0 -180 0 -180 0 0 0 -180 0.00211541 168.218 0 0 0 0 0 0 0 -180
0 180 0 180 0 -0 0 0 0.00364065 125.633 0 -180 0 -0 0 -0 0 180
0 -180 0 0 0 -180 0 -180 0.182435 5.28939 0 -180 0 -180 0 0 0 -180
0 180 0 -0 0 180 0 180 1.18664 0.303225 0 180 0 180 0 -0 0 180
inside=0 lambda=0.647 phi=10 theta=0
0 -180 0 -180 0 -180 0 0 0.170766 -4.36006 0 0 0 -180 0 -180 0 -180
0 180 0 180 0 180 0 -0 1.17867 -11.5398 0 -0 0 180 0 180 0 180
0 -180 0 -180 0 0 0 -180 1.735e-13 83.1984 0 -0 0 0 0 0 0 -180
0 180 0 0 0 -0 0 -180 1.1367e-12 77.7792 0 -0 0 -0 0 -180 0 180
0 -180 0 -180 0 0 0 180 1.83755e-13 76.6764 0 180 0 0 0 0 0 -180
0 180 0 180 0 -0 0 180 1.12475e-12 79.4178 0 -180 0 -0 0 -0 0 180
0 -180 0 0 0 -180 0 -180 0.186646 -6.15694 0 -180 0 -180 0 0 0 -180
0 180 0 -0 0 180 0 180 1.19626 -11.8816 0 180 0 180 0 -0 0 180
inside=0 lambda=0.647 phi=10 theta=15
0 -180 0 -180 0 -180 0 0 0.17182 -4.49398 0 0 0 -180 0 -180 0 -180
0 180 0 180 0 180 0 -0 1.17983 -11.5647 0 -0 0 180 0 180 0 180
0 -180 0 -180 0 0 0 -180 0.00412575 154.05 0 0 0 0 0 180 0 -180
0 180 0 0 0 -0 0 180 0.0074657 114.663 0 -0 0 -0 0 -180 0 180
0 -180 0 -180 0 0 0 -180 0.00412791 154.084 0 180 0 0 0 0 0 -180
0 180 0 180 0 -0 0 0 0.00731329 115.449 0 -180 0 -0 0 -0 0 180
0 -180 0 0 0 -180 0 -180 0.185573 -6.04895 0 -180 0 -180 0 0 0 -180
0 180 0 -0 0 180 0 180 1.19507 -11.8607 0 180 0 180 0 -0 0 180
inside=0 lambda=0.647 phi=10 theta=30
0 -180 0 -180 0 -180 0 0 0.174706 -4.84914 0 0 0 -180 0 -180 0 -180
0 180 0 180 0 180 0 -0 1.18303 -11.6312 0 -0 0 180 0 180 0 180
0 -180 0 -180 0 0 0 -180 0.0071465 154.06 0 0 0 0 0 180 0 -180
0 180 0 0 0 -0 0 180 0.0128718 114.834 0 -0 0 -0 0 -180 0 180
0 -180 0 -180 0 0 0 -180 0.00714866 154.08 0 180 0 0 0 0 0 -180
0 180 0 180 0 -0 0 0 0.0127195 115.288 0 -180 0 -0 0 -0 0 180
0 -180 0 0 0 -180 0 -180 0.182647 -5.74556 0 -180 0 -180 0 0 0 -180
0 180 0 -0 0 180 0 180 1.19183 -11.8021 0 180 0 180 0 -0 0 180
inside=0 lambda=0.647 phi=10 theta=45
0 -180 0 -180 0 -180 0 0 0.178667 -5.31027 0 0 0 -180 0 -180 0 -180
0 180 0 180 0 180 0 -0 1.18741 -11.7186 0 -0 0 180 0 180 0 180
0 -180 0 -180 0 0 0 -180 0.00825315 154.071 0 0 0 0 0 180 0 -180
0 180 0 0 0 -0 0 180 0.0147732 115.063 0 -0 0 -0 0 -180 0 180
0 -180 0 -180 0 0 0 -180 0.00825315 154.071 0 180 0 0 0 0 0 -180
0 180 0 180 0 -0 0 0 0.0147732 115.063 0 -180 0 -0 0 -0 0 180
0 -180 0 0 0 -180 0 -180 0.178667 -5.31027 0 -180 0 -180 0 0 0 -180
0 180 0 -0 0 180 0 180 1.18741 -11.7186 0 180 0 180 0 -0 0 180
inside=0 lambda=0.647 phi=15 theta=0
0 -180 0 -180 0 -180 0 0 0.140058 -19.2529 0 0 0 -180 0 -180 0 -180
0 180 0 180 0 180 0 -0 1.17018 -31.5012 0 -0 0 180 0 180 0 180
0 -180 0 -0 0 0 0 -0 1.86601e-13 -152.02 0 180 0 0 0 180 0 -180
0 180 0 0 0 -0 0 180 1.11312e-12 -122.537 0 -0 0 -0 0 -180 0 180
0 -180 0 -180 0 0 0 180 2.35398e-13 -142.052 0 180 0 0 0 0 0 -180
0 180 0 180 0 -0 0 -180 1.10572e-12 -124.633 0 180 0 -0 0 -0 0 180
0 -180 0 0 0 -180 0 -180 0.170783 -25.2512 0 -180 0 -180 0 0 0 -180
0 180 0 -0 0 180 0 180 1.2144 -32.1806 0 180 0 180 0 -0 0 180
inside=0 lambda=0.647 phi=15 theta=15
0 -180 0 -180 0 -180 0 0 0.142001 -19.7463 0 0 0 -180 0 -180 0 -180
0 180 0 180 0 180 0 -0 1.17309 -31.5586 0 -0 0 180 0 180 0 180
0 -180 0 -0 0 0 0 -180 0.00802187 128.529 0 0 0 0 0 180 0 -180
0 180 0 0 0 -0 0 180 0.0179873 96.6613 0 -0 0 -0 0 -180 0 180
0 -180 0 -180 0 0 0 -180 0.00806011 128.612 0 180 0 0 0 0 0 -180
0 180 0 180 0 -0 0 0 0.0171849 98.6323 0 -180 0 -0 0 -0 0 180
0 -180 0 0 0 -180 0 -180 0.168622 -24.9256 0 -180 0 -180 0 0 0 -180
0 180 0 -0 0 180 0 180 1.21138 -32.1471 0 180 0 180 0 -0 0 180
inside=0 lambda=0.647 phi=15 theta=30
0 -180 0 -180 0 -180 0 0 0.147403 -21.0164 0 0 0 -180 0 -180 0 -180
0 180 0 180 0 180 0 -0 1.18106 -31.7067 0 -0 0 180 0 180 0 180
0 -180 0 -0 0 0 0 -180 0.0139041 128.568 0 0 0 0 0 180 0 -180
0 180 0 0 0 -0 0 180 0.0308206 97.1045 0 -0 0 -0 0 -180 0 180
0 -180 0 -180 0 0 0 -0 0.0139423 128.616 0 180 0 0 0 0 0 -180
0 180 0 180 0 -0 0 0 0.0300214 98.2421 0 -180 0 -0 0 -0 0 180
0 -180 0 0 0 -180 0 -180 0.162786 -23.9892 0 -180 0 -180 0 0 0 -180
0 180 0 -0 0 180 0 180 1.20317 -32.0465 0 180 0 180 0 -0 0 180
inside=0 lambda=0.647 phi=15 theta=45
0 -180 0 -180 0 -180 0 0 0.154987 -22.5858 0 0 0 -180 0 -180 0 -180
0 180 0 180 0 180 0 -0 1.19206 -31.8884 0 -0 0 180 0 180 0 180
0 -180 0 -0 0 0 0 -180 0.0160747 128.602 0 0 0 0 0 180 0 -180
0 180 0 0 0 -0 0 180 0.0351048 97.6865 0 -0 0 -0 0 -180 0 180
0 -180 0 -180 0 0 0 -0 0.0160747 128.602 0 180 0 0 0 0 0 -180
0 180 0 180 0 -0 0 0 0.0351048 97.6865 0 -180 0 -0 0 -0 0 180
0 -180 0 0 0 -180 0 -180 0.154987 -22.5858 0 -180 0 -180 0 0 0 -180
0 180 0 -0 0 180 0 180 1.19206 -31.8884 0 180 0 180 0 -0 0 180
inside=0 lambda=0.647 phi=20 theta=0
0 -180 0 -180 0 -180 0 0 0.079867 -31.0964 0 0 0 -180 0 -180 0 -180
0 180 0 180 0 0 0 -0 1.15562 -59.7911 0 -180 0 180 0 180 0 0
0 -180 0 -0 0 0 0 -0 1.88446e-13 -43.174 0 180 0 0 0 180 0 -180
0 180 0 0 0 -180 0 -0 1.27954e-12 25.8661 0 -180 0 -0 0 -180 0 0
0 -180 0 -180 0 0 0 -0 1.83205e-13 -9.11147 0 -0 0 0 0 0 0 -180
0 180 0 180 0 -0 0 0 1.04603e-12 29.6861 0 0 0 -0 0 -0 0 180
0 -180 0 0 0 -180 0 -180 0.105407 -52.2456 0 -180 0 -180 0 0 0 -180
0 0 0 -0 0 180 0 0 1.24943 -61.0614 0 180 0 0 0 -0 0 180
inside=0 lambda=0.647 phi=20 theta=15
0 -180 0 -180 0 -180 0 0 0.0808625 -32.7975 0 0 0 -180 0 -180 0 -180
0 180 0 180 0 0 0 -0 1.16168 -59.9277 0 -180 0 180 0 180 0 0
0 -180 0 -0 0 0 0 -180 0.00828449 79.1178 0 0 0 0 0 180 0 -180
0 180 0 0 0 -180 0 180 0.0370804 69.3662 0 -180 0 -0 0 -180 0 0
0 -180 0 -180 0 0 0 -180 0.00851052 79.8385 0 180 0 0 0 0 0 -180
0 180 0 180 0 -0 0 0 0.0343281 72.9761 0 -180 0 -180 0 -180 0 180
0 -180 0 0 0 -180 0 -180 0.103012 -51.1075 0 -180 0 -180 0 0 0 -180
0 180 0 -0 0 180 0 0 1.24292 -61.029 0 180 0 0 0 -180 0 180
inside=0 lambda=0.647 phi=20 theta=30
0 -180 0 -180 0 -180 0 0 0.0841327 -37.248 0 0 0 -180 0 -180 0 -180
0 180 0 180 0 0 0 -0 1.17839 -60.2621 0 -180 0 180 0 180 0 0
0 -180 0 -0 0 0 0 -180 0.014387 79.3684 0 0 0 0 0 180 0 -180
0 180 0 0 0 -180 0 180 0.0629618 70.1971 0 -180 0 -0 0 -180 0 0
0 -180 0 -180 0 0 0 -0 0.0146113 79.7843 0 180 0 0 0 0 0 -180
0 180 0 180 0 -0 0 0 0.0602464 72.2782 0 -180 0 -180 0 -180 0 0
0 -180 0 0 0 -180 0 -180 0.0969585 -47.813 0 -180 0 -180 0 0 0 -180
0 180 0 -0 0 180 0 180 1.2253 -60.8992 0 180 0 0 0 -180 0 0
inside=0 lambda=0.647 phi=20 theta=45
0 -180 0 -180 0 -180 0 0 0.0898539 -42.8271 0 0 0 -180 0 -180 0 -180
0 180 0 180 0 0 0 -0 1.20162 -60.6309 0 -180 0 180 0 180 0 0
0 -180 0 -0 0 0 0 -180 0.016717 79.6247 0 0 0 0 0 180 0 -180
0 180 0 0 0 -180 0 180 0.0710006 71.2705 0 -180 0 -0 0 -180 0 0
0 -180 0 -180 0 0 0 -0 0.016717 79.6247 0 180 0 0 0 0 0 -180
0 180 0 180 0 -0 0 0 0.0710006 71.2705 0 -180 0 -180 0 -180 0 0
0 -180 0 0 0 -180 0 -180 0.0898539 -42.8271 0 -180 0 -180 0 0 0 -180
0 180 0 -0 0 180 0 180 1.20162 -60.6309 0 180 0 0 0 -180 0 0
inside=0 lambda=0.647 phi=25 theta=0
0 180 0 180 0 -180 0 0 0.040962 17.1662 0 0 0 180 0 180 0 -180
0 0 0 180 0 0 0 -180 1.12448 -96.4053 0 -180 0 0 0 180 0 0
0 -180 0 -180 0 0 0 -0 2.49007e-13 136.884 0 180 0 0 0 0 0 -180
0 0 0 -0 0 -180 0 -0 1.62439e-12 165.976 0 180 0 -180 0 180 0 0
0 -180 0 -180 0 0 0 -0 4.33384e-13 87.775 0 -0 0 0 0 0 0 -180
0 0 0 0 0 -180 0 -0 2.31762e-12 171.378 0 -180 0 -180 0 -180 0 0
0 -180 0 0 0 -180 0 -180 0.042153 81.1137 0 -180 0 -180 0 0 0 -180
0 0 0 -180 0 0 0 0 1.29313 -99.233 0 0 0 0 0 -180 0 0
inside=0 lambda=0.647 phi=25 theta=15
0 180 0 -180 0 -180 0 0 0.0406764 21.5533 0 0 0 180 0 180 0 -180
0 0 0 180 0 0 0 -180 1.13468 -96.7764 0 -180 0 0 0 180 0 0
0 -180 0 -180 0 0 0 -180 0.0133922 -67.5355 0 0 0 0 0 180 0 -180
0 0 0 -0 0 -180 0 0 0.0704049 29.0275 0 -180 0 -180 0 180 0 0
0 -180 0 -180 0 0 0 -180 0.0128832 -64.3678 0 0 0 0 0 0 0 -180
0 0 0 0 0 -180 0 -0 0.0620406 34.1328 0 180 0 -180 0 -180 0 0
0 -180 0 0 0 -180 0 -180 0.042191 76.2648 0 -180 0 -180 0 0 0 -180
0 0 0 -180 0 0 0 0 1.28057 -99.2346 0 0 0 0 0 -180 0 0
inside=0 lambda=0.647 phi=25 theta=30
0 -180 0 -180 0 -180 0 0 0.040486 33.5173 0 0 0 180 0 -180 0 -180
0 0 0 0 0 0 0 -180 1.16332 -97.6413 0 -180 0 0 0 180 0 0
0 -180 0 -180 0 0 0 -180 0.0229142 -67.5824 0 0 0 0 0 180 0 -180
0 0 0 -0 0 -180 0 0 0.117473 30.1473 0 -180 0 -180 0 180 0 0
0 -180 0 -180 0 0 0 -180 0.0224223 -65.8117 0 0 0 0 0 0 0 -180
0 0 0 0 0 -180 0 -0 0.109405 33.0934 0 180 0 -180 0 -180 0 0
0 -180 0 0 0 -180 0 -180 0.0419295 64.3967 0 -180 0 -180 0 0 0 -180
0 0 0 -180 0 0 0 0 1.24738 -99.07 0 0 0 0 0 -180 0 0
inside=0 lambda=0.647 phi=25 theta=45
0 -180 0 -180 0 -180 0 0 0.041108 49.1755 0 0 0 -180 0 -180 0 -180
0 0 0 0 0 0 0 -180 1.20425 -98.5218 0 -180 0 0 0 0 0 0
0 -180 0 -180 0 0 0 -180 0.0261236 -67.0271 0 0 0 0 0 180 0 -180
0 0 0 -0 0 -180 0 0 0.130304 31.6423 0 -180 0 -180 0 180 0 0
0 -180 0 -180 0 0 0 -180 0.0261236 -67.0271 0 180 0 0 0 0 0 -180
0 0 0 0 0 -180 0 -0 0.130304 31.6423 0 180 0 -180 0 -180 0 0
0 -180 0 0 0 -180 0 -180 0.041108 49.1755 0 -180 0 -180 0 0 0 -180
0 0 0 -180 0 0 0 0 1.20425 -98.5218 0 0 0 0 0 -180 0 0
inside=0 lambda=0.647 phi=30 theta=0
0 180 0 180 0 -180 0.0453688 -73.6844 0.0556428 38.5189 0 0 0 180 0 180 0 -180
0 0 0 0 0 -0 0 -180 1.06701 -140.814 0 180 0 0 0 0 0 -0
0 -180 0 -180 0 0 1.64906e-13 147.658 2.22995e-13 2.91001 0 180 0 0 0 0 0 -180
0 0 0 -0 0 180 0 -0 2.80434e-13 -83.4463 0 180 0 -180 0 180 0 -0
0 -180 0 -180 0 0 3.81503e-14 107.69 5.65948e-13 -129.543 0 180 0 0 0 0 0 -180
0 0 0 0 0 -180 0 0 9.07092e-13 -67.2605 0 -180 0 -180 0 -180 0 0
0 -180 0 0 0 -180 0.239435 -118.06 0.232581 37.7153 0 -180 0 -180 0 0 0 -180
0 0 0 -180 0 0 0 -0 1.3105 -145.497 0 0 0 0 0 -180 0 0
inside=0 lambda=0.647 phi=30 theta=15
0 180 0 180 0 -180 0 -0 0.0729217 33.1327 0 0 0 180 0 180 0 -180
0 0 0 0 0 -0 0 -180 1.08499 -141.643 0 180 0 0 0 0 0 -0
0 -180 0 -180 0 0 0 -180 0.051659 -144.796 0 0 0 -0 0 180 0 -180
0 0 0 -0 0 180 0 0 0.118487 -21.6203 0 180 0 -180 0 180 0 -0
0 -180 0 -180 0 0 0 -180 0.0501653 -143.929 0 180 0 0 0 0 0 -180
0 0 0 0 0 -180 0 -0 0.0933079 -14.6422 0 180 0 -180 0 -180 0 0
0 -180 0 0 0 -180 0 -180 0.228426 37.5365 0 -180 0 -180 0 0 0 -180
0 0 0 -180 0 0 0 0 1.29656 -145.759 0 0 0 0 0 -180 0 0
inside=0 lambda=0.647 phi=30 theta=30
0 180 0 -180 0 -180 0 0 0.108905 30.382 0 0 0 180 0 180 0 -180
0 0 0 0 0 -0 0 -180 1.12331 -143.477 0 180 0 0 0 0 0 -0
0 -180 0 -180 0 0 0 -180 0.0887348 -145.167 0 0 0 -0 0 180 0 -180
0 0 0 -0 0 180 0 0 0.188072 -20.3409 0 180 0 -180 0 180 0 -0
0 -180 0 -180 0 0 0 -180 0.0875844 -144.626 0 180 0 0 0 0 0 -180
0 0 0 0 0 -180 0 -0 0.165402 -16.0978 0 180 0 180 0 180 0 0
0 -180 0 0 0 -180 0 -180 0.201046 34.4668 0 -180 0 -180 0 0 0 -180
0 0 0 -180 0 0 0 0 1.24369 -145.865 0 0 0 -0 0 180 0 0
inside=0 lambda=0.647 phi=30 theta=45
0 -180 0 -180 0 -180 0 0 0.156644 31.7796 0 0 0 180 0 -180 0 -180
0 0 0 0 0 -0 0 -180 1.18035 -145.061 0 180 0 0 0 0 0 -0
0 -180 0 -180 0 0 0 -180 0.101604 -145.061 0 0 0 0 0 180 0 -180
0 0 0 -0 0 180 0 0 0.200962 -18.1985 0 180 0 -180 0 180 0 -0
0 -180 0 -180 0 0 0 -180 0.101604 -145.061 0 180 0 0 0 0 0 -180
0 0 0 0 0 -180 0 -0 0.200962 -18.1985 0 180 0 180 0 180 0 -0
0 -180 0 0 0 180 0 -180 0.156644 31.7796 0 -180 0 -180 0 0 0 -180
0 0 0 -180 0 0 0 0 1.18035 -145.061 0 0 0 -0 0 180 0 -0
inside=0 lambda=0.647 phi=35 theta=0
0 -180 0 180 0 -180 0.12774 -56.0185 0.0909668 94.1914 0 0 0 -180 0 180 0 -180
0 0 0 0 0 -0 0 180 0.968531 165.935 0 180 0 0 0 0 0 -0
0 -180 0 -180 0 0 1.04126e-13 -128.248 1.23764e-13 -158.087 0 -0 0 0 0 0 0 -180
0 0 0 -180 0 180 0 0 5.01466e-13 78.4231 0 -180 0 -180 0 0 0 -0
0 -180 0 -180 0 0 2.02154e-13 -109.752 6.04656e-14 -89.7235 0 180 0 0 0 0 0 -180
0 -0 0 -0 0 180 0 -0 2.33848e-13 -53.4009 0 0 0 180 0 180 0 -0
0 -180 0 0 0 -180 0.203762 -91.3399 0.348024 -21.9694 0 -180 0 -180 0 0 0 -180
0 -0 0 180 0 -0 0 -0 1.36455 162.676 0 -0 0 -0 0 180 0 -0
inside=0 lambda=0.647 phi=35 theta=15
0 -180 0 180 0 -180 0.102787 -67.8232 0.0720263 79.2991 0 0 0 180 0 180 0 -180
0 0 0 0 0 -0 0 180 0.996352 164.623 0 180 0 0 0 0 0 -0
0 -180 0 -180 0 0 0.0379408 -91.6156 0.0896725 144.53 0 0 0 0 0 0 0 -180
0 0 0 -180 0 180 0 -0 0.190853 -72.1697 0 180 0 -180 0 0 0 -0
0 -180 0 -180 0 -0 0.0503931 -105.661 0.0918454 144.871 0 0 0 0 0 0 0 -180
0 -0 0 -0 0 180 0 -180 0.134865 -57.845 0 0 0 180 0 180 0 -0
0 -180 0 0 0 180 0.19398 -103.492 0.314602 -22.2583 0 180 0 -180 0 0 0 -180
0 -0 0 180 0 -0 0 -0 1.33977 161.871 0 -0 0 -0 0 180 0 -0
inside=0 lambda=0.647 phi=35 theta=30
0 180 0 -180 0 -180 0 -0 0.0717546 13.9625 0 0 0 180 0 180 0 -180
0 0 0 0 0 -0 0 180 1.07497 161.868 0 180 0 0 0 0 0 -0
0 -180 0 -180 0 0 0 -180 0.150833 144.831 0 0 0 -0 0 180 0 -180
0 -0 0 -180 0 180 0 -0 0.292676 -70.0425 0 180 0 180 0 0 0 -0
0 -180 0 -180 0 -0 0 -180 0.152434 145.047 0 180 0 0 0 0 0 -180
0 -0 0 -0 0 180 0 -180 0.239349 -61.0287 0 0 0 180 0 180 0 -0
0 -180 0 -0 0 180 0 -180 0.238577 -21.1065 0 180 0 -180 0 0 0 -180
0 -0 0 180 0 -0 0 -0 1.27458 160.43 0 -0 0 -0 0 180 0 -0
inside=0 lambda=0.647 phi=35 theta=45
0 -180 0 -180 0 -180 0 -0 0.146778 -16.1317 0 0 0 180 0 180 0 -180
0 -0 0 -0 0 -0 0 180 1.17276 160.195 0 180 0 0 0 0 0 -0
0 -180 0 -180 0 0 0 -180 0.173618 145.119 0 0 0 -0 0 180 0 -180
0 -0 0 -180 0 180 0 -0 0.297818 -65.2315 0 180 0 180 0 0 0 -0
0 -180 0 -180 0 -0 0 -180 0.173618 145.119 0 180 0 0 0 0 0 -180
0 -0 0 -0 0 180 0 -180 0.297818 -65.2315 0 0 0 180 0 180 0 -0
0 -180 0 -0 0 180 0 -180 0.146778 -16.1317 0 180 0 -180 0 0 0 -180
0 -0 0 180 0 0 0 -0 1.17276 160.195 0 0 0 -0 0 180 0 -0
inside=0 lambda=0.647 phi=40 theta=0
0 -180 0 180 0 -180 0.306213 -29.6321 0.202736 36.5534 0 0 0 -180 0 180 0 -180
0 -0 0 -0 0 -180 0 180 0.743314 105.19 0 0 0 -0 0 -0 0 -180
0 -180 0 -180 0 0 9.3002e-14 126.42 4.19501e-13 -23.6212 0 -0 0 0 0 0 0 -180
0 -0 0 -180 0 0 0 0 8.58001e-13 -87.1525 0 -180 0 180 0 0 0 -180
0 -180 0 -180 0 0 1.94844e-12 -62.4311 8.68142e-13 164.199 0 0 0 0 0 0 0 -180
0 -180 0 -180 0 180 0 180 1.14197e-12 1.11141 0 0 0 0 0 0 0 -0
0 -180 0 0 0 -180 0.360901 -36.6102 0.167845 -121.667 0 -180 0 -180 0 0 0 -180
0 -180 0 0 0 -0 0 -180 1.67112 101.03 0 -0 0 -180 0 0 0 -0
inside=0 lambda=0.647 phi=40 theta=15
0 -180 0 180 0 -180 0.229327 -48.1315 0.218748 42.9048 0 0 0 -180 0 180 0 -180
0 -0 0 0 0 -180 0 180 0.806206 99.9339 0 0 0 -0 0 -0 0 -180
0 -180 0 -180 0 0 0.058833 -163.556 0.0785458 20.5588 0 0 0 0 0 0 0 -180
0 -0 0 -180 0 0 0 -0 0.410531 -133.798 0 0 0 180 0 0 0 -180
0 -180 0 -180 0 0 0.118694 -70.6544 0.0844414 26.9677 0 0 0 0 0 0 0 -180
0 -180 0 -0 0 180 0 -180 0.279677 -111.176 0 0 0 0 0 0 0 -180
0 -180 0 0 0 -180 0.302398 -56.7701 0.120427 -156.796 0 -180 0 -180 0 0 0 -180
0 -180 0 180 0 -0 0 -180 1.61352 96.182 0 -0 0 -180 0 0 0 -180
inside=0 lambda=0.647 phi=40 theta=30
0 180 0 180 0 -180 0.0817356 -94.3688 0.217472 55.1211 0 0 0 180 0 180 0 -180
0 -0 0 -0 0 -180 0 180 0.978888 91.5339 0 0 0 -0 0 -0 0 -180
0 -180 0 -180 0 0 0.0870005 -157.746 0.132002 6.42995 0 0 0 0 0 0 0 -180
0 -0 0 -180 0 0 0 -0 0.613057 -131.722 0 0 0 180 0 0 0 -180
0 -180 0 -180 0 0 0.113367 -117.617 0.139885 10.8381 0 0 0 0 0 0 0 -180
0 -0 0 -0 0 180 0 -180 0.496622 -120.841 0 0 0 0 0 0 0 -180
0 -180 0 0 0 -180 0.217973 -110.099 0.118858 119.357 0 -180 0 -180 0 0 0 -180
0 -0 0 180 0 -0 0 -180 1.43949 89.5659 0 -0 0 -180 0 0 0 -180
inside=0 lambda=0.647 phi=40 theta=45
0 180 0 -180 0 -180 0 0 0.174161 74.2631 0 0 0 180 0 180 0 -180
0 -0 0 -0 0 -180 0 180 1.20924 87.153 0 0 0 -0 0 -0 0 -180
0 -180 0 -180 0 0 0 -180 0.146719 1.35366 0 0 0 0 0 0 0 -180
0 -0 0 -180 0 0 0 -0 0.615901 -127.963 0 0 0 180 0 0 0 -180
0 -180 0 -180 0 0 0 -180 0.146719 1.35366 0 0 0 0 0 0 0 -180
0 -0 0 -0 0 180 0 -180 0.615901 -127.963 0 0 0 0 0 0 0 -180
0 180 0 0 0 180 0 -180 0.174161 74.2631 0 180 0 -180 0 0 0 -180
0 -0 0 180 0 -0 0 -0 1.20924 87.153 0 -0 0 -180 0 0 0 -180
inside=0 lambda=0.647 phi=45 theta=0
0 180 0 180 0 -180 0.56669 -103.041 0.801075 -166.689 0 0 0 180 0 180 0 -180
0 -180 0 -0 0 -180 0 0 0 180 0 -0 0 -180 0 -0 0 -180
0 180 0 -0 0 0 4.67434e-13 153.597 4.65989e-13 -14.899 0 180 0 -0 0 180 0 -180
0 -0 0 180 0 0 0 0 0 -0 0 -180 0 180 0 -0 0 -180
0 -180 0 -180 0 0 3.30278e-12 -21.3794 2.3821e-12 155.902 0 0 0 0 0 0 0 -180
0 -180 0 -180 0 0 0 180 0 -180 0 0 0 0 0 0 0 -180
0 -180 0 0 0 -180 0.199896 -73.2494 0.981929 25.3693 0 -180 0 -180 0 0 0 -180
0 -180 0 0 0 -180 0 -180 0 0 0 -180 0 -180 0 0 0 -180
inside=0 lambda=0.647 phi=45 theta=15
0 180 0 180 0 -180 0.296664 -88.1738 0.832982 -157.206 0 180 0 180 0 180 0 -0
0 -0 0 -0 0 180 0 180 0 0 0 -0 0 -180 0 -180 0 0
0 180 0 -0 0 0 0.196207 31.1153 0.395158 -169.254 0 0 0 -0 0 180 0 -0
0 -0 0 180 0 -0 0 -0 0 180 0 -0 0 0 0 -180 0 0
0 -180 0 180 0 -0 0.123094 -99.497 0.433261 -170.62 0 180 0 0 0 0 0 -180
0 -180 0 -180 0 0 0 180 0 180 0 -0 0 -0 0 -0 0 180
0 180 0 -0 0 180 0.196755 -99.4243 0.885045 -5.91254 0 180 0 -180 0 0 0 -180
0 -180 0 0 0 -180 0 -180 0 0 0 -180 0 180 0 -0 0 180
inside=0 lambda=0.647 phi=45 theta=30
0 180 0 180 0 -180 0.17956 -116.699 0.673473 -136.204 0 180 0 180 0 180 0 -0
0 -0 0 -0 0 180 0 0 0 0 0 -0 0 -180 0 -180 0 0
0 180 0 -0 0 0 0.19989 -1.26735 0.634792 178.305 0 0 0 -0 0 180 0 -0
0 -0 0 180 0 -0 0 -0 0 180 0 -0 0 0 0 -180 0 180
0 180 0 180 0 -0 0.129717 -140.094 0.698744 177.613 0 180 0 0 0 0 0 -180
0 -180 0 -180 0 0 0 180 0 180 0 -180 0 -0 0 -0 0 180
0 180 0 -0 0 180 0.0632102 -111.49 0.730805 -46.4314 0 180 0 -180 0 0 0 -180
0 -180 0 0 0 -180 0 -180 0 0 0 -180 0 180 0 -0 0 180
inside=0 lambda=0.647 phi=45 theta=45
0 180 0 180 0 -180 0 -0 0.597593 -96.2738 0 180 0 180 0 180 0 -0
0 -0 0 -0 0 180 0 0 0 0 0 -0 0 -180 0 -180 0 180
0 180 0 -180 0 0 0 180 0.8018 173.726 0 0 0 -0 0 180 0 -0
0 -0 0 180 0 -0 0 -180 0 180 0 -0 0 0 0 -180 0 180
0 180 0 180 0 -0 0 -180 0.8018 173.726 0 180 0 0 0 0 0 -0
0 -0 0 -180 0 0 0 180 0 180 0 -180 0 -0 0 -0 0 180
0 180 0 -0 0 180 0 180 0.597593 -96.2738 0 180 0 -180 0 180 0 -0
0 -0 0 0 0 -180 0 -0 0 0 0 -180 0 180 0 -0 0 180
inside=1 lambda=0.647 phi=0 theta=0
0 -180 0 -180 0 -180 0 0 0.18192 179.776 0 0 0 -180 0 -180 0 -180
0 180 0 180 0 180 0 -0 0.814741 4.30531 0 -0 0 180 0 180 0 180
0 -180 0 -0 0 0 0 -0 6.59901e-13 88.8655 0 -180 0 0 0 -0 0 -180
0 180 0 180 0 -0 0 180 9.23162e-13 132.619 0 180 0 -0 0 -0 0 180
0 -180 0 -180 0 0 0 -0 6.69185e-14 137.266 0 -0 0 0 0 -180 0 -180
0 180 0 -0 0 -0 0 -0 2.78937e-14 67.0127 0 -0 0 -0 0 -0 0 180
0 -180 0 0 0 -180 0 -180 0.18192 179.776 0 -180 0 -180 0 0 0 -180
0 180 0 -0 0 180 0 180 0.814741 4.30531 0 180 0 180 0 -0 0 180
inside=1 lambda=0.647 phi=0 theta=15
0 -180 0 -180 0 -180 0 0 0.18192 179.776 0 0 0 -180 0 -180 0 -180
0 180 0 180 0 180 0 -0 0.814741 4.30531 0 -0 0 180 0 180 0 180
0 -180 0 -0 0 0 0 -0 6.59901e-13 88.8655 0 -180 0 0 0 -0 0 -180
0 180 0 180 0 -0 0 180 9.23162e-13 132.619 0 180 0 -0 0 -0 0 180
0 -180 0 -180 0 0 0 -0 6.69185e-14 137.266 0 -0 0 0 0 -180 0 -180
0 180 0 -0 0 -0 0 -0 2.78937e-14 67.0127 0 -0 0 -0 0 -0 0 180
0 -180 0 0 0 -180 0 -180 0.18192 179.776 0 -180 0 -180 0 0 0 -180
0 180 0 -0 0 180 0 180 0.814741 4.30531 0 180 0 180 0 -0 0 180
inside=1 lambda=0.647 phi=0 theta=30
0 -180 0 -180 0 -180 0 0 0.18192 179.776 0 0 0 -180 0 -180 0 -180
0 180 0 180 0 180 0 -0 0.814741 4.30531 0 -0 0 180 0 180 0 180
0 -180 0 -0 0 0 0 -0 6.59901e-13 88.8655 0 -180 0 0 0 -0 0 -180
0 180 0 180 0 -0 0 180 9.23162e-13 132.619 0 180 0 -0 0 -0 0 180
0 -180 0 -180 0 0 0 -0 6.69185e-14 137.266 0 -0 0 0 0 -180 0 -180
0 180 0 -0 0 -0 0 -0 2.78937e-14 67.0127 0 -0 0 -0 0 -0 0 180
0 -180 0 0 0 -180 0 -180 0.18192 179.776 0 -180 0 -180 0 0 0 -180
0 180 0 -0 0 180 0 180 0.814741 4.30531 0 180 0 180 0 -0 0 180
inside=1 lambda=0.647 phi=0 theta=45
0 -180 0 -180 0 -180 0 0 0.18192 179.776 0 0 0 -180 0 -180 0 -180
0 180 0 180 0 180 0 -0 0.814741 4.30531 0 -0 0 180 0 180 0 180
0 -180 0 -0 0 0 0 -0 6.59901e-13 88.8655 0 -180 0 0 0 -0 0 -180
0 180 0 180 0 -0 0 180 9.23162e-13 132.619 0 180 0 -0 0 -0 0 180
0 -180 0 -180 0 0 0 -0 6.69185e-14 137.266 0 -0 0 0 0 -180 0 -180
0 180 0 -0 0 -0 0 -0 2.78937e-14 67.0127 0 -0 0 -0 0 -0 0 180
0 -180 0 0 0 -180 0 -180 0.18192 179.776 0 -180 0 -180 0 0 0 -180
0 180 0 -0 0 180 0 180 0.814741 4.30531 0 180 0 180 0 -0 0 180
inside=1 lambda=0.647 phi=5 theta=0
0 -180 0 -180 0 -180 0 0 0.181321 177.642 0 0 0 -180 0 -180 0 -180
0 180 0 180 0 180 0 -0 0.815655 2.44426 0 -0 0 180 0 180 0 180
0 -180 0 -0 0 0 0 -0 1.81384e-13 80.2704 0 -0 0 0 0 180 0 -180
0 180 0 180 0 -0 0 -180 7.60903e-13 -93.0609 0 0 0 -0 0 -0 0 180
0 -180 0 -180 0 0 0 180 1.6427e-13 90.3062 0 0 0 0 0 0 0 -180
0 180 0 180 0 -0 0 -180 7.41525e-13 -87.1575 0 -180 0 -0 0 -0 0 180
0 -180 0 0 0 -180 0 -180 0.183223 177.713 0 -180 0 -180 0 0 0 -180
0 180 0 -0 0 180 0 180 0.813718 2.39939 0 180 0 180 0 -0 0 180
inside=1 lambda=0.647 phi=5 theta=15
0 -180 0 -180 0 -180 0 0 0.181449 177.647 0 0 0 -180 0 -180 0 -180
0 180 0 180 0 180 0 -0 0.815525 2.44126 0 -0 0 180 0 180 0 180
0 -180 0 -0 0 0 0 -180 0.000483173 -11.1383 0 0 0 0 0 180 0 -180
0 180 0 180 0 -0 0 180 0.000682992 47.2186 0 -0 0 -0 0 -0 0 180
0 -180 0 -180 0 0 0 -0 0.00048303 -11.0382 0 180 0 0 0 0 0 -180
0 180 0 180 0 -0 0 180 0.000681876 47.1368 0 -0 0 -0 0 -0 0 180
0 -180 0 0 0 -180 0 -180 0.183096 177.708 0 -180 0 -180 0 0 0 -180
0 180 0 -0 0 180 0 180 0.813848 2.4024 0 180 0 180 0 -0 0 180
inside=1 lambda=0.647 phi=5 theta=30
0 -180 0 -180 0 -180 0 0 0.181797 177.66 0 0 0 -180 0 -180 0 -180
0 180 0 180 0 180 0 -0 0.815171 2.43307 0 -0 0 180 0 180 0 180
0 -180 0 -0 0 0 0 -180 0.000836827 -11.1171 0 0 0 0 0 180 0 -180
0 180 0 180 0 -0 0 180 0.00118257 47.2012 0 -0 0 -0 0 -0 0 180
0 -180 0 -180 0 0 0 -0 0.000836684 -11.0593 0 180 0 0 0 0 0 -180
0 180 0 180 0 -0 0 180 0.00118145 47.154 0 -0 0 -0 0 -0 0 180
0 -180 0 0 0 -180 0 -180 0.182748 177.695 0 -180 0 -180 0 0 0 -180
0 180 0 -0 0 180 0 180 0.814202 2.41063 0 180 0 180 0 -0 0 180
inside=1 lambda=0.647 phi=5 theta=45
0 -180 0 -180 0 -180 0 0 0.182272 177.677 0 0 0 -180 0 -180 0 -180
0 180 0 180 0 180 0 -0 0.814686 2.42186 0 -0 0 180 0 180 0 180
0 -180 0 -0 0 0 0 -180 0.000966201 -11.0882 0 0 0 0 0 180 0 -180
0 180 0 180 0 -0 0 180 0.00136486 47.1776 0 -0 0 -0 0 -0 0 180
0 -180 0 -180 0 0 0 -0 0.000966201 -11.0882 0 180 0 0 0 0 0 -180
0 180 0 180 0 -0 0 180 0.00136486 47.1776 0 -0 0 -0 0 -0 0 180
0 -180 0 0 0 -180 0 -180 0.182272 177.677 0 -180 0 -180 0 0 0 -180
0 180 0 -0 0 180 0 180 0.814686 2.42186 0 180 0 180 0 -0 0 180
inside=1 lambda=0.647 phi=10 theta=0
0 -180 0 -180 0 -180 0 0 0.178374 171.216 0 0 0 -180 0 -180 0 -180
0 180 0 180 0 180 0 -0 0.818608 -3.11305 0 -0 0 180 0 180 0 180
0 -180 0 -0 0 0 0 180 4.64713e-13 -82.6047 0 0 0 0 0 180 0 -180
0 180 0 0 0 -0 0 0 9.14703e-13 70.9207 0 -0 0 -0 0 -180 0 180
0 -180 0 -180 0 0 0 -180 1.60395e-13 -98.0919 0 -180 0 0 0 0 0 -180
0 180 0 180 0 -0 0 -0 6.96194e-13 85.3107 0 180 0 -0 0 -0 0 180
0 -180 0 0 0 -180 0 -180 0.185955 171.588 0 -180 0 -180 0 0 0 -180
0 180 0 -0 0 180 0 180 0.810803 -3.28429 0 180 0 180 0 -0 0 180
inside=1 lambda=0.647 phi=10 theta=15
0 -180 0 -180 0 -180 0 0 0.178882 171.241 0 0 0 -180 0 -180 0 -180
0 180 0 180 0 180 0 -0 0.818083 -3.12438 0 -0 0 180 0 180 0 180
0 -180 0 -0 0 0 0 -180 0.00189594 -16.1019 0 0 0 0 0 180 0 -180
0 180 0 0 0 -0 0 180 0.00273669 41.3689 0 -0 0 -0 0 -180 0 180
0 -180 0 -180 0 0 0 -0 0.00189454 -15.6741 0 0 0 0 0 0 0 -180
0 180 0 180 0 -0 0 0 0.00271885 41.0317 0 -0 0 -0 0 -0 0 180
0 -180 0 0 0 -180 0 -180 0.185446 171.563 0 -180 0 -180 0 0 0 -180
0 180 0 -0 0 180 0 180 0.811324 -3.27268 0 180 0 180 0 -0 0 180
inside=1 lambda=0.647 phi=10 theta=30
0 -180 0 -180 0 -180 0 0 0.180268 171.308 0 0 0 -180 0 -180 0 -180
0 180 0 180 0 180 0 -0 0.816651 -3.15544 0 -0 0 180 0 180 0 180
0 -180 0 -0 0 0 0 -180 0.00328331 -16.0106 0 0 0 0 0 180 0 -180
0 180 0 0 0 -0 0 180 0.00473335 41.2958 0 -0 0 -0 0 -180 0 180
0 -180 0 -180 0 0 0 -0 0.0032819 -15.7637 0 0 0 0 0 0 0 -180
0 180 0 180 0 -0 0 0 0.00471552 41.1011 0 -0 0 -0 0 -0 0 180
0 -180 0 0 0 -180 0 -180 0.184058 171.494 0 -180 0 -180 0 0 0 -180
0 180 0 -0 0 180 0 180 0.812748 -3.24106 0 180 0 180 0 -0 0 180
inside=1 lambda=0.647 phi=10 theta=45
0 -180 0 -180 0 -180 0 0 0.182163 171.4 0 0 0 -180 0 -180 0 -180
0 180 0 180 0 180 0 -0 0.814697 -3.19811 0 -0 0 180 0 180 0 180
0 -180 0 -0 0 0 0 -180 0.0037904 -15.8867 0 0 0 0 0 180 0 -180
0 180 0 0 0 -0 0 180 0.0054552 41.1976 0 -0 0 -0 0 -0 0 180
0 -180 0 -180 0 0 0 -0 0.0037904 -15.8867 0 180 0 0 0 0 0 -180
0 180 0 180 0 -0 0 0 0.0054552 41.1976 0 -0 0 -0 0 -0 0 180
0 -180 0 0 0 -180 0 -180 0.182163 171.4 0 -180 0 -180 0 0 0 -180
0 180 0 -0 0 180 0 180 0.814697 -3.19811 0 180 0 180 0 -0 0 180
inside=1 lambda=0.647 phi=15 theta=0
0 -180 0 -180 0 -180 0 0 0.169911 160.376 0 0 0 -180 0 -180 0 -180
0 180 0 180 0 180 0 -0 0.824159 -12.2954 0 -0 0 180 0 180 0 180
0 -180 0 -0 0 0 0 -180 3.55889e-13 54.8419 0 180 0 0 0 180 0 -180
0 180 0 0 0 -0 0 0 1.51486e-12 -103.047 0 180 0 -0 0 -180 0 180
0 -180 0 -180 0 0 0 -0 4.07003e-13 49.4233 0 0 0 0 0 0 0 -180
0 180 0 180 0 -0 0 -0 1.39635e-12 -99.6124 0 180 0 -0 0 -0 0 180
0 -180 0 0 0 -180 0 -180 0.186498 161.574 0 -180 0 -180 0 0 0 -180
0 180 0 -0 0 180 0 180 0.806483 -12.6513 0 180 0 180 0 -0 0 180
inside=1 lambda=0.647 phi=15 theta=15
0 -180 0 -180 0 -180 0 0 0.171017 160.455 0 0 0 -180 0 -180 0 -180
0 180 0 180 0 180 0 -0 0.822965 -12.3186 0 -0 0 180 0 180 0 180
0 -180 0 -0 0 0 0 -180 0.00403922 -24.1303 0 0 0 0 0 0 0 -180
0 180 0 0 0 -0 0 180 0.00616874 31.9722 0 -0 0 -0 0 -180 0 180
0 -180 0 -180 0 0 0 -0 0.00404041 -23.0589 0 0 0 0 0 0 0 -180
0 180 0 180 0 -0 0 0 0.00607795 31.1731 0 -180 0 -0 0 -0 0 180
0 -180 0 0 0 -180 0 -180 0.185382 161.492 0 -180 0 -180 0 0 0 -180
0 180 0 -0 0 180 0 180 0.807657 -12.6269 0 180 0 180 0 -0 0 180
inside=1 lambda=0.647 phi=15 theta=30
0 -180 0 -180 0 -180 0 0 0.174043 160.672 0 0 0 -180 0 -180 0 -180
0 180 0 180 0 180 0 -0 0.81971 -12.3825 0 -0 0 180 0 180 0 180
0 -180 0 -0 0 0 0 -180 0.00699604 -23.8983 0 0 0 0 0 0 0 -180
0 180 0 0 0 -0 0 180 0.010649 31.7938 0 -0 0 -0 0 -180 0 180
0 -180 0 -180 0 0 0 -0 0.00699727 -23.2802 0 0 0 0 0 0 0 -180
0 180 0 180 0 -0 0 0 0.0105583 31.3325 0 -180 0 -0 0 -0 0 180
0 -180 0 0 0 -180 0 -180 0.182337 161.271 0 -180 0 -180 0 0 0 -180
0 180 0 -0 0 180 0 180 0.810872 -12.5605 0 180 0 180 0 -0 0 180
inside=1 lambda=0.647 phi=15 theta=45
0 -180 0 -180 0 -180 0 0 0.178185 160.97 0 0 0 -180 0 -180 0 -180
0 180 0 180 0 180 0 -0 0.815281 -12.4709 0 -0 0 180 0 180 0 180
0 -180 0 -0 0 0 0 -180 0.00807875 -23.5866 0 0 0 0 0 0 0 -180
0 180 0 0 0 -0 0 180 0.0122427 31.5584 0 -0 0 -0 0 -180 0 180
0 -180 0 -180 0 0 0 -0 0.00807875 -23.5866 0 0 0 0 0 0 0 -180
0 180 0 180 0 -0 0 0 0.0122427 31.5584 0 -180 0 -0 0 -0 0 180
0 -180 0 0 0 -180 0 -180 0.178185 160.97 0 -180 0 -180 0 0 0 -180
0 180 0 -0 0 180 0 180 0.815281 -12.4709 0 180 0 180 0 -0 0 180
inside=1 lambda=0.647 phi=20 theta=0
0 -180 0 -180 0 -180 0 0 0.151738 144.713 0 0 0 -180 0 -180 0 -180
0 180 0 180 0 180 0 -0 0.83295 -24.9975 0 -0 0 180 0 180 0 180
0 -180 0 -180 0 0 0 -0 1.68058e-13 -158.811 0 -0 0 0 0 0 0 -180
0 180 0 0 0 -0 0 -180 8.48447e-13 66.2142 0 -0 0 -0 0 -180 0 180
0 -180 0 -180 0 0 0 180 1.59837e-13 -176.298 0 -0 0 0 0 0 0 -180
0 180 0 180 0 -0 0 180 6.86081e-13 73.0481 0 -0 0 -0 0 -0 0 180
0 -180 0 0 0 -180 0 -180 0.178713 147.871 0 -180 0 -180 0 0 0 -180
0 180 0 -0 0 180 0 180 0.801547 -25.5718 0 180 0 180 0 -0 0 180
inside=1 lambda=0.647 phi=20 theta=15
0 -180 0 -180 0 -180 0 0 0.153514 144.93 0 0 0 -180 0 -180 0 -180
0 180 0 180 0 180 0 -0 0.830817 -25.0345 0 -0 0 180 0 180 0 180
0 -180 0 -180 0 0 0 -180 0.00629838 -34.7393 0 0 0 0 0 0 0 -180
0 180 0 0 0 -0 0 180 0.011003 19.5869 0 -0 0 -0 0 -180 0 180
0 -180 0 -180 0 0 0 -0 0.00634406 -32.5297 0 0 0 0 0 0 0 -180
0 180 0 180 0 -0 0 0 0.0107074 18.0665 0 -180 0 -0 0 -0 0 180
0 -180 0 0 0 -180 0 -180 0.176875 147.662 0 -180 0 -180 0 0 0 -180
0 180 0 -0 0 180 0 180 0.803623 -25.5319 0 180 0 180 0 -0 0 180
inside=1 lambda=0.647 phi=20 theta=30
0 -180 0 -180 0 -180 0 0 0.158389 145.517 0 0 0 -180 0 -180 0 -180
0 180 0 180 0 180 0 -0 0.825013 -25.1366 0 -0 0 180 0 180 0 180
0 -180 0 -0 0 0 0 -180 0.0109232 -34.2482 0 0 0 0 0 0 0 -180
0 180 0 0 0 -0 0 180 0.0189359 19.2343 0 -0 0 -0 0 -180 0 180
0 -180 0 -180 0 0 0 -0 0.0109692 -32.9758 0 0 0 0 0 0 0 -180
0 180 0 180 0 -0 0 0 0.0186412 18.3568 0 -180 0 -0 0 -0 0 180
0 -180 0 0 0 -180 0 -180 0.171878 147.092 0 -180 0 -180 0 0 0 -180
0 180 0 -0 0 180 0 180 0.809313 -25.4238 0 180 0 180 0 -0 0 180
inside=1 lambda=0.647 phi=20 theta=45
0 -180 0 -180 0 -180 0 0 0.165103 146.309 0 0 0 -180 0 -180 0 -180
0 180 0 180 0 180 0 -0 0.817134 -25.2787 0 -0 0 180 0 180 0 180
0 -180 0 -0 0 0 0 -180 0.0126382 -33.6007 0 0 0 0 0 0 0 -180
0 180 0 0 0 -0 0 180 0.0216875 18.7801 0 -0 0 -0 0 -180 0 180
0 -180 0 -180 0 0 0 -0 0.0126382 -33.6007 0 0 0 0 0 0 0 -180
0 180 0 180 0 -0 0 0 0.0216875 18.7801 0 -180 0 -0 0 -0 0 180
0 -180 0 0 0 -180 0 -180 0.165103 146.309 0 -180 0 -180 0 0 0 -180
0 180 0 -0 0 180 0 180 0.817134 -25.2787 0 180 0 180 0 -0 0 180
inside=1 lambda=0.647 phi=25 theta=0
0 -180 0 -180 0 -180 0 0 0.120741 122.959 0 0 0 -180 0 -180 0 -180
0 180 0 180 0 0 0 -0 0.845188 -41.0734 0 -180 0 180 0 180 0 0
0 -180 0 -180 0 0 0 -0 9.70688e-14 167.263 0 -180 0 0 0 0 0 -180
0 180 0 0 0 -180 0 -180 4.05205e-13 50.9531 0 0 0 -0 0 -180 0 0
0 -180 0 -180 0 0 0 180 1.08947e-13 177.688 0 180 0 0 0 0 0 -180
0 180 0 180 0 -0 0 180 5.88859e-13 49.5042 0 180 0 -0 0 -0 0 180
0 -180 0 0 0 -180 0 -180 0.154218 130.609 0 -180 0 -180 0 0 0 -180
0 180 0 -0 0 180 0 180 0.796683 -41.9164 0 180 0 180 0 -0 0 180
inside=1 lambda=0.647 phi=25 theta=15
0 -180 0 -180 0 -180 0 0 0.122847 123.515 0 0 0 -180 0 -180 0 -180
0 180 0 180 0 0 0 -0 0.841868 -41.128 0 -180 0 180 0 180 0 0
0 -180 0 -180 0 0 0 -180 0.00728773 -46.3629 0 0 0 0 0 0 0 -180
0 180 0 0 0 -180 0 180 0.0174176 4.89174 0 -180 0 -0 0 -180 0 180
0 -180 0 -180 0 0 0 -0 0.0075511 -42.1443 0 0 0 0 0 0 0 -180
0 180 0 180 0 -0 0 0 0.0166385 2.35881 0 -180 0 -0 0 -0 0 180
0 -180 0 0 0 -180 0 -180 0.15184 130.126 0 -180 0 -180 0 0 0 -180
0 180 0 -0 0 180 0 180 0.799867 -41.8583 0 180 0 0 0 -0 0 180
inside=1 lambda=0.647 phi=25 theta=30
0 -180 0 -180 0 -180 0 0 0.128701 124.995 0 0 0 -180 0 -180 0 -180
0 180 0 180 0 0 0 -0 0.832854 -41.2786 0 -180 0 180 0 180 0 0
0 -180 0 -0 0 0 0 -180 0.0127118 -45.3732 0 0 0 0 0 0 0 -180
0 180 0 0 0 -180 0 180 0.0298269 4.27804 0 -180 0 -0 0 -180 0 180
0 -180 0 -180 0 0 0 -0 0.0129763 -42.9567 0 0 0 0 0 0 0 -180
0 180 0 180 0 -0 0 0 0.0290528 2.81693 0 -180 0 -0 0 -0 0 180
0 -180 0 0 0 -180 0 -180 0.145442 128.796 0 -180 0 -180 0 0 0 -180
0 180 0 -0 0 180 0 180 0.808611 -41.7005 0 180 0 0 0 -180 0 180
inside=1 lambda=0.647 phi=25 theta=45
0 -180 0 -180 0 -180 0 0 0.136935 126.934 0 0 0 -180 0 -180 0 -180
0 180 0 180 0 0 0 -0 0.820666 -41.4877 0 -180 0 180 0 180 0 180
0 -180 0 -0 0 0 0 -180 0.0148273 -44.1206 0 0 0 0 0 0 0 -180
0 180 0 0 0 -180 0 180 0.0339636 3.50895 0 -180 0 -0 0 -180 0 180
0 -180 0 -180 0 0 0 -0 0.0148273 -44.1206 0 0 0 0 0 0 0 -180
0 180 0 180 0 -0 0 0 0.0339636 3.50895 0 -180 0 -180 0 -180 0 180
0 -180 0 0 0 -180 0 -180 0.136935 126.934 0 -180 0 -180 0 0 0 -180
0 180 0 -0 0 180 0 180 0.820666 -41.4877 0 180 0 0 0 -180 0 180
inside=1 lambda=0.647 phi=30 theta=0
0 -180 0 -180 0 -180 0 0 0.0788121 90.5207 0 0 0 -180 0 -180 0 -180
0 180 0 180 0 0 0 -0 0.860196 -60.2842 0 -180 0 180 0 180 0 0
0 -180 0 -180 0 0 0 180 9.51762e-14 24.8555 0 0 0 0 0 0 0 -180
0 180 0 0 0 -180 0 -180 2.05447e-13 56.4893 0 180 0 -0 0 -180 0 0
0 -180 0 -180 0 0 0 -0 7.02154e-14 64.3008 0 -0 0 0 0 0 0 -180
0 0 0 0 0 -180 0 0 2.76381e-13 34.6898 0 -0 0 -180 0 -180 0 0
0 -180 0 0 0 -180 0 -180 0.103841 109.566 0 -180 0 -180 0 0 0 -180
0 0 0 -180 0 0 0 0 0.791317 -61.5687 0 180 0 0 0 -180 0 0
inside=1 lambda=0.647 phi=30 theta=15
0 -180 0 -180 0 -180 0 0 0.0800114 91.9056 0 0 0 -180 0 -180 0 -180
0 180 0 180 0 0 0 -0 0.855404 -60.3707 0 -180 0 180 0 180 0 0
0 -180 0 -0 0 0 0 -180 0.00481566 -46.9343 0 0 0 0 0 0 0 -180
0 180 0 0 0 -180 0 180 0.0261212 -11.8257 0 -180 0 -0 0 -180 0 0
0 -180 0 -180 0 0 0 -0 0.00583525 -40.543 0 0 0 0 0 0 0 -180
0 0 0 0 0 -0 0 0 0.024274 -15.5512 0 -180 0 -180 0 -180 0 0
0 -180 0 0 0 -180 0 -180 0.101672 108.393 0 -180 0 -180 0 0 0 -180
0 0 0 -180 0 0 0 0 0.795771 -61.4842 0 180 0 0 0 -180 0 0
inside=1 lambda=0.647 phi=30 theta=30
0 -180 0 -180 0 -180 0 0 0.0836254 95.6167 0 0 0 -180 0 -180 0 -180
0 180 0 180 0 0 0 -0 0.842461 -60.6064 0 -180 0 180 0 180 0 0
0 -180 0 -0 0 0 0 -180 0.00872133 -45.0829 0 0 0 0 0 0 0 -180
0 180 0 0 0 -180 0 180 0.0443807 -12.7775 0 -180 0 -0 0 -180 0 0
0 -180 0 -180 0 0 0 -0 0.00973696 -41.5349 0 0 0 0 0 0 0 -180
0 180 0 0 0 -0 0 0 0.0425582 -14.9247 0 -180 0 -180 0 -180 0 0
0 -180 0 0 0 -180 0 -180 0.0961162 105.13 0 -180 0 -180 0 0 0 -180
0 180 0 -0 0 180 0 0 0.808052 -61.2506 0 180 0 0 0 -180 0 0
inside=1 lambda=0.647 phi=30 theta=45
0 -180 0 -180 0 -180 0 0 0.089385 100.492 0 0 0 -180 0 -180 0 -180
0 180 0 0 0 0 0 -0 0.825093 -60.9287 0 -180 0 180 0 180 0 0
0 -180 0 -0 0 0 0 -180 0.0106613 -43.1019 0 0 0 0 0 0 0 -180
0 180 0 0 0 -180 0 180 0.0500962 -13.9308 0 -180 0 -0 0 -180 0 0
0 -180 0 -180 0 0 0 -0 0.0106613 -43.1019 0 0 0 0 0 0 0 -180
0 180 0 180 0 -0 0 0 0.0500962 -13.9308 0 -180 0 -180 0 -180 0 0
0 -180 0 0 0 -180 0 -180 0.089385 100.492 0 -180 0 -180 0 0 0 -180
0 180 0 -0 0 180 0 0 0.825093 -60.9287 0 180 0 0 0 -180 0 0
inside=1 lambda=0.647 phi=35 theta=0
0 -180 0 180 0 -180 0 0 0.0424548 27.3273 0 0 0 -180 0 180 0 -180
0 180 0 180 0 0 0 -180 0.876921 -82.2144 0 -180 0 180 0 180 0 0
0 -180 0 -0 0 0 0 -0 9.97323e-14 -125.522 0 180 0 0 0 180 0 -180
0 180 0 0 0 -180 0 -0 5.03614e-13 -176.414 0 0 0 -0 0 -180 0 0
0 -180 0 -180 0 0 0 180 2.4511e-13 -107.076 0 -180 0 0 0 0 0 -180
0 0 0 0 0 -180 0 -180 7.77623e-13 -166.696 0 -180 0 -180 0 -180 0 0
0 -180 0 0 0 -180 0 -180 0.0219117 76.7838 0 -180 0 -180 0 0 0 -180
0 0 0 -180 0 0 0 0 0.781985 -84.3257 0 0 0 0 0 -180 0 0
inside=1 lambda=0.647 phi=35 theta=15
0 -180 0 180 0 -180 0 0 0.0405065 28.1239 0 0 0 180 0 180 0 -180
0 180 0 0 0 0 0 -180 0.870084 -82.3628 0 -180 0 180 0 180 0 0
0 -180 0 -0 0 0 0 -180 0.0070577 47.2057 0 0 0 0 0 180 0 -180
0 0 0 0 0 -180 0 0 0.0386648 -31.399 0 -180 0 -0 0 -180 0 0
0 -180 0 -180 0 0 0 -0 0.00676877 31.5837 0 0 0 0 0 0 0 -180
0 0 0 0 0 -180 0 0 0.0346571 -36.1923 0 -180 0 -180 0 -180 0 0
0 -180 0 0 0 -180 0 -180 0.0219266 69.8196 0 -180 0 -180 0 0 0 -180
0 0 0 -180 0 0 0 0 0.787916 -84.1953 0 0 0 0 0 -180 0 0
inside=1 lambda=0.647 phi=35 theta=30
0 -180 0 -180 0 -180 0 0 0.0353125 31.2548 0 0 0 180 0 180 0 -180
0 180 0 0 0 0 0 -180 0.851811 -82.7606 0 -180 0 180 0 0 0 0
0 -180 0 -0 0 0 0 -180 0.0121074 43.6138 0 0 0 -0 0 180 0 -180
0 0 0 0 0 -180 0 0 0.0649668 -32.7245 0 -180 0 -180 0 -180 0 0
0 -180 0 -180 0 0 0 -0 0.011805 34.8038 0 0 0 0 0 0 0 -180
0 0 0 0 0 -180 0 0 0.0610589 -35.4849 0 -180 0 -180 0 -180 0 0
0 -180 0 0 0 -180 0 -180 0.0237148 53.5444 0 -180 0 -180 0 0 0 -180
0 0 0 -180 0 0 0 0 0.804422 -83.823 0 0 0 0 0 -180 0 0
inside=1 lambda=0.647 phi=35 theta=45
0 -180 0 -180 0 -180 0 0 0.0287897 39.0417 0 0 0 180 0 180 0 -180
0 0 0 0 0 0 0 -180 0.827686 -83.296 0 -180 0 180 0 0 0 0
0 -180 0 -0 0 0 0 -180 0.013796 39.0997 0 0 0 0 0 0 0 -180
0 0 0 0 0 -180 0 0 0.0724933 -34.2534 0 -180 0 -180 0 -180 0 0
0 -180 0 -180 0 0 0 -0 0.013796 39.0997 0 0 0 0 0 0 0 -180
0 0 0 0 0 -180 0 0 0.0724933 -34.2534 0 -180 0 -180 0 -180 0 0
0 -180 0 0 0 180 0 -180 0.0287897 39.0417 0 180 0 -180 0 0 0 -180
0 0 0 -180 0 180 0 0 0.827686 -83.296 0 0 0 0 0 -180 0 0
inside=1 lambda=0.647 phi=40 theta=0
0 180 0 180 0 -180 0 0 0.0477312 -61.1766 0 0 0 180 0 180 0 -180
0 0 0 0 0 0 0 -180 0.895756 -106.254 0 -180 0 0 0 0 0 0
0 180 0 -0 0 0 0 -0 4.81053e-14 178.602 0 -0 0 -0 0 180 0 -180
0 0 0 -0 0 -180 0 0 4.2231e-14 -175.232 0 180 0 -180 0 180 0 0
0 -180 0 -180 0 0 0 -180 4.57847e-14 -161.788 0 -0 0 0 0 0 0 -180
0 0 0 0 0 -180 0 0 5.52475e-13 151.942 0 0 0 -180 0 -180 0 0
0 -180 0 0 0 -180 0 -180 0.0881114 -113.235 0 -180 0 -180 0 0 0 -180
0 0 0 -180 0 0 0 0 0.762566 -109.615 0 0 0 0 0 -180 0 0
inside=1 lambda=0.647 phi=40 theta=15
0 180 0 180 0 -180 0 0 0.0486592 -67.5294 0 0 0 180 0 180 0 -180
0 0 0 0 0 0 0 -180 0.88567 -106.497 0 -180 0 0 0 0 0 0
0 -180 0 -0 0 0 0 -180 0.0253951 41.6324 0 0 0 -0 0 180 0 -180
0 0 0 -0 0 -180 0 0 0.0565967 -55.1697 0 -180 0 -180 0 180 0 0
0 -180 0 -180 0 0 0 -0 0.0224809 39.6052 0 0 0 0 0 0 0 -180
0 0 0 0 0 -180 0 -0 0.0488639 -60.7942 0 -180 0 -180 0 -180 0 0
0 -180 0 0 0 -180 0 -180 0.0855232 -111.63 0 -180 0 -180 0 0 0 -180
0 0 0 -180 0 0 0 0 0.7704 -109.419 0 0 0 0 0 -180 0 0
inside=1 lambda=0.647 phi=40 theta=30
0 -180 0 180 0 -180 0 0 0.0539394 -82.8434 0 0 0 180 0 180 0 -180
0 0 0 0 0 0 0 -180 0.859135 -107.128 0 -180 0 0 0 0 0 0
0 -180 0 -0 0 0 0 -180 0.0428658 41.0047 0 0 0 -0 0 180 0 -180
0 0 0 -0 0 -180 0 0 0.0938053 -56.9316 0 -180 0 -180 0 180 0 0
0 -180 0 -180 0 -0 0 -0 0.0400454 39.963 0 0 0 0 0 0 0 -180
0 0 0 0 0 -180 0 -0 0.0864247 -60.1785 0 -180 0 -180 0 -180 0 0
0 -180 0 0 0 180 0 -180 0.0772443 -106.807 0 180 0 -180 0 0 0 -180
0 0 0 -180 0 0 0 0 0.792656 -108.824 0 0 0 0 0 -180 0 0
inside=1 lambda=0.647 phi=40 theta=45
0 -180 0 -180 0 -180 0 0 0.0649743 -97.5254 0 0 0 180 0 180 0 -180
0 0 0 0 0 0 0 -180 0.824875 -107.976 0 -180 0 0 0 0 0 0
0 -180 0 -0 0 0 0 -180 0.0478412 40.3965 0 0 0 -0 0 0 0 -180
0 0 0 -0 0 -180 0 0 0.103409 -58.8207 0 -180 0 -180 0 180 0 0
0 -180 0 -180 0 -0 0 -0 0.0478412 40.3965 0 0 0 0 0 0 0 -180
0 0 0 0 0 -180 0 -0 0.103409 -58.8207 0 180 0 -180 0 -180 0 0
0 -180 0 0 0 180 0 -180 0.0649743 -97.5254 0 180 0 -180 0 0 0 -180
0 0 0 -180 0 0 0 0 0.824875 -107.976 0 0 0 0 0 -180 0 0
inside=1 lambda=0.647 phi=45 theta=0
0 180 0 180 0 -180 0 -0 0.0627177 -118.43 0 0 0 180 0 180 0 -180
0 0 0 0 0 -0 0.0189632 142.51 0.917758 -131.614 0 180 0 0 0 0 0 -0
0 180 0 -0 0 0 0 -0 4.18363e-13 148.186 0 -0 0 -0 0 180 0 -180
0 0 0 -0 0 180 5.26965e-13 18.6456 8.44424e-13 142.442 0 180 0 -180 0 180 0 -0
0 -180 0 -180 0 0 0 -0 1.10789e-13 150.142 0 0 0 0 0 0 0 -180
0 0 0 0 0 -180 3.96951e-14 50.0416 3.94688e-13 142.199 0 -180 0 -180 0 -180 0 0
0 -180 0 0 0 -180 0 -180 0.20177 -141.85 0 -180 0 -180 0 0 0 -180
0 0 0 -180 0 0 0.153063 0.771706 0.728024 -136.078 0 0 0 0 0 -180 0 0
inside=1 lambda=0.647 phi=45 theta=15
0 180 0 180 0 -180 0 -0 0.0688449 -123.349 0 0 0 180 0 180 0 -180
0 0 0 0 0 -0 0 -180 0.904654 -132.054 0 180 0 0 0 0 0 -0
0 180 0 -0 0 0 0 -180 0.0494098 18.9977 0 0 0 -0 0 180 0 -180
0 0 0 -0 0 180 0 0 0.0796435 -82.7581 0 180 0 -180 0 180 0 -0
0 -180 0 -180 0 -0 0 -0 0.0440069 23.1462 0 0 0 0 0 0 0 -180
0 0 0 0 0 -180 0 -0 0.0664407 -89.3575 0 180 0 180 0 180 0 0
0 -180 0 0 0 180 0 -180 0.194766 -140.984 0 -180 0 -180 0 0 0 -180
0 0 0 -180 0 0 0 -0 0.740258 -135.984 0 0 0 -0 0 180 0 0
inside=1 lambda=0.647 phi=45 theta=30
0 -180 0 180 0 -180 0 -0 0.0952177 -132.656 0 0 0 180 0 180 0 -180
0 0 0 0 0 -0 0 -180 0.865894 -132.898 0 180 0 0 0 0 0 -0
0 -180 0 -0 0 0 0 -180 0.0833136 19.8397 0 0 0 -0 0 0 0 -180
0 0 0 -0 0 180 0 0 0.129745 -85.1854 0 180 0 -180 0 180 0 0
0 -180 0 -180 0 -0 0 -0 0.0784421 22.2124 0 0 0 0 0 0 0 -180
0 0 0 0 0 -180 0 -0 0.117678 -89.0653 0 180 0 180 0 180 0 0
0 -180 0 0 0 180 0 -180 0.170541 -140.6 0 180 0 -180 0 0 0 -180
0 0 0 -180 0 0 0 0 0.770969 -135.172 0 0 0 -0 0 180 0 0
inside=1 lambda=0.647 phi=45 theta=45
0 -180 0 -180 0 -180 0 -0 0.1334 -138.463 0 0 0 180 0 180 0 -180
0 0 0 0 0 -0 0 -180 0.81661 -134.007 0 180 0 0 0 0 0 0
0 -180 0 -0 0 0 0 -180 0.0932192 20.9833 0 0 0 -0 0 0 0 -180
0 0 0 -0 0 180 0 0 0.141459 -87.5776 0 180 0 -180 0 180 0 0
0 -180 0 -180 0 -0 0 -0 0.0932192 20.9833 0 0 0 0 0 0 0 -180
0 0 0 0 0 -180 0 -0 0.141459 -87.5776 0 180 0 180 0 180 0 0
0 -180 0 -0 0 180 0 -180 0.1334 -138.463 0 180 0 -180 0 0 0 -180
0 0 0 -180 0 0 0 0 0.81661 -134.007 0 0 0 -0 0 180 0 0
