RSoft_BSDF_File_Version 2
1 0 5 2 1 0.822857
0.3 0.3
-1 1
-1 1
1 0.647 0.647
10 0 45 0.5
4 0 45
Begin_Dispersion_Data
0.647 1.45662 0 1 0 0
End_Dispersion_Data
inside=0 lambda=0.647 phi=0 theta=0
0 -180 0 -180 0 -180 0 0 0.154721 -6.23367 0 0 0 -180 0 -180 0 -180
0 -0 0 -0 0 -0 0 180 1.19237 119.677 0 180 0 -0 0 -0 0 -0
0 -180 0 0 0 0 0 -0 7.04771e-13 -117.061 0 -0 0 0 0 0 0 -180
0 -0 0 0 0 180 0 -180 1.86151e-12 55.4216 0 -180 0 180 0 0 0 -0
0 -180 0 -180 0 0 0 0 4.14357e-13 -153.964 0 0 0 0 0 -180 0 -180
0 -0 0 0 0 180 0 180 1.67272e-12 46.3151 0 -0 0 180 0 0 0 -0
0 -180 0 0 0 -180 0 -180 0.154721 -6.23367 0 -180 0 -180 0 0 0 -180
0 -0 0 180 0 -0 0 -0 1.19237 119.677 0 -0 0 -0 0 180 0 -0
inside=0 lambda=0.647 phi=0 theta=15
0 -180 0 -180 0 -180 0 0 0.154721 -6.23367 0 0 0 -180 0 -180 0 -180
0 -0 0 -0 0 -0 0 180 1.19237 119.677 0 180 0 -0 0 -0 0 -0
0 -180 0 0 0 0 0 -0 7.04771e-13 -117.061 0 -0 0 0 0 0 0 -180
0 -0 0 0 0 180 0 -180 1.86151e-12 55.4216 0 -180 0 180 0 0 0 -0
0 -180 0 -180 0 0 0 0 4.14357e-13 -153.964 0 0 0 0 0 -180 0 -180
0 -0 0 0 0 180 0 180 1.67272e-12 46.3151 0 -0 0 180 0 0 0 -0
0 -180 0 0 0 -180 0 -180 0.154721 -6.23367 0 -180 0 -180 0 0 0 -180
0 -0 0 180 0 -0 0 -0 1.19237 119.677 0 -0 0 -0 0 180 0 -0
inside=0 lambda=0.647 phi=0 theta=30
0 -180 0 -180 0 -180 0 0 0.154721 -6.23367 0 0 0 -180 0 -180 0 -180
0 -0 0 -0 0 -0 0 180 1.19237 119.677 0 180 0 -0 0 -0 0 -0
0 -180 0 0 0 0 0 -0 7.04771e-13 -117.061 0 -0 0 0 0 0 0 -180
0 -0 0 0 0 180 0 -180 1.86151e-12 55.4216 0 -180 0 180 0 0 0 -0
0 -180 0 -180 0 0 0 0 4.14357e-13 -153.964 0 0 0 0 0 -180 0 -180
0 -0 0 0 0 180 0 180 1.67272e-12 46.3151 0 -0 0 180 0 0 0 -0
0 -180 0 0 0 -180 0 -180 0.154721 -6.23367 0 -180 0 -180 0 0 0 -180
0 -0 0 180 0 -0 0 -0 1.19237 119.677 0 -0 0 -0 0 180 0 -0
inside=0 lambda=0.647 phi=0 theta=45
0 -180 0 -180 0 -180 0 0 0.154721 -6.23367 0 0 0 -180 0 -180 0 -180
0 -0 0 -0 0 -0 0 180 1.19237 119.677 0 180 0 -0 0 -0 0 -0
0 -180 0 0 0 0 0 -0 7.04771e-13 -117.061 0 -0 0 0 0 0 0 -180
0 -0 0 0 0 180 0 -180 1.86151e-12 55.4216 0 -180 0 180 0 0 0 -0
0 -180 0 -180 0 0 0 0 4.14357e-13 -153.964 0 0 0 0 0 -180 0 -180
0 -0 0 0 0 180 0 180 1.67272e-12 46.3151 0 -0 0 180 0 0 0 -0
0 -180 0 0 0 -180 0 -180 0.154721 -6.23367 0 -180 0 -180 0 0 0 -180
0 -0 0 180 0 -0 0 -0 1.19237 119.677 0 -0 0 -0 0 180 0 -0
inside=0 lambda=0.647 phi=5 theta=0
0 -180 0 -180 0 -180 0 0 0.151011 -5.75488 0 0 0 -180 0 -180 0 -180
0 -0 0 -0 0 -180 0 180 1.19049 116.222 0 0 0 -0 0 -0 0 -180
0 -180 0 -0 0 0 0 180 1.67951e-13 -20.0912 0 -180 0 0 0 180 0 -180
0 -0 0 -180 0 0 0 0 1.86921e-12 17.9278 0 0 0 180 0 0 0 -180
0 -180 0 -180 0 0 0 -180 6.76044e-13 -163.377 0 0 0 0 0 0 0 -180
0 -0 0 -180 0 180 0 -180 1.9867e-12 45.3504 0 -0 0 180 0 0 0 -0
0 -180 0 0 0 -180 0 -180 0.153764 -5.88101 0 -180 0 -180 0 0 0 -180
0 -0 0 0 0 -0 0 -180 1.19512 116.134 0 -0 0 -0 0 0 0 -0
inside=0 lambda=0.647 phi=5 theta=15
0 -180 0 -180 0 -180 0 0 0.151195 -5.76346 0 0 0 -180 0 -180 0 -180
0 -0 0 -0 0 -180 0 180 1.1908 116.216 0 0 0 -0 0 -0 0 -180
0 -180 0 -0 0 0 0 -180 0.000703237 168.337 0 0 0 0 0 180 0 -180
0 -0 0 -180 0 0 0 -0 0.00129785 -90.9013 0 0 0 180 0 0 0 -180
0 -180 0 -180 0 0 0 -0 0.000703171 168.33 0 180 0 0 0 0 0 -180
0 -0 0 -0 0 180 0 -180 0.00129711 -90.8458 0 0 0 180 0 0 0 -0
0 -180 0 0 0 -180 0 -180 0.15358 -5.87268 0 -180 0 -180 0 0 0 -180
0 -0 0 180 0 -0 0 -0 1.19481 116.14 0 -0 0 -0 0 0 0 -0
inside=0 lambda=0.647 phi=5 theta=30
0 -180 0 -180 0 -180 0 0 0.151699 -5.7868 0 0 0 -180 0 -180 0 -180
0 -0 0 -0 0 -180 0 180 1.19165 116.2 0 0 0 -0 0 -0 0 -180
0 -180 0 -0 0 0 0 -180 0.00121802 168.335 0 0 0 0 0 180 0 -180
0 -0 0 -180 0 0 0 -0 0.00224766 -90.8894 0 0 0 180 0 0 0 -0
0 -180 0 -180 0 0 0 -0 0.00121795 168.331 0 180 0 0 0 0 0 -180
0 -0 0 -0 0 180 0 -180 0.00224693 -90.8573 0 0 0 180 0 0 0 -0
0 -180 0 0 0 -180 0 -180 0.153076 -5.84986 0 -180 0 -180 0 0 0 -180
0 -0 0 180 0 -0 0 -0 1.19397 116.156 0 -0 0 -0 0 0 0 -0
inside=0 lambda=0.647 phi=5 theta=45
0 -180 0 -180 0 -180 0 0 0.152388 -5.81845 0 0 0 -180 0 -180 0 -180
0 -0 0 -0 0 -180 0 180 1.19281 116.178 0 0 0 -0 0 -0 0 -180
0 -180 0 -0 0 0 0 -180 0.00140641 168.333 0 0 0 0 0 180 0 -180
0 -0 0 -180 0 180 0 -0 0.00259495 -90.8732 0 0 0 180 0 0 0 -0
0 -180 0 -180 0 0 0 -0 0.00140641 168.333 0 180 0 0 0 0 0 -180
0 -0 0 -0 0 180 0 -180 0.00259495 -90.8732 0 0 0 180 0 0 0 -0
0 -180 0 0 0 -180 0 -180 0.152388 -5.81845 0 -180 0 -180 0 0 0 -180
0 -0 0 180 0 -0 0 -0 1.19281 116.178 0 -0 0 -180 0 0 0 -180
inside=0 lambda=0.647 phi=10 theta=0
0 180 0 -180 0 -180 0 0 0.141223 -3.71767 0 0 0 180 0 -180 0 -180
0 -0 0 -180 0 -180 0 180 1.18425 105.809 0 0 0 -0 0 -180 0 -180
0 -180 0 -0 0 0 0 -0 3.10506e-13 12.4424 0 180 0 0 0 180 0 -180
0 -0 0 -180 0 0 0 -180 1.25269e-12 -155.503 0 0 0 180 0 0 0 -180
0 -180 0 -180 0 0 0 180 5.33739e-13 -176.492 0 180 0 0 0 0 0 -180
0 -180 0 -180 0 0 0 0 1.5978e-12 155.919 0 -0 0 0 0 0 0 -180
0 -180 0 0 0 -180 0 -180 0.151734 -4.01567 0 -180 0 -180 0 0 0 -180
0 -180 0 0 0 -180 0 -180 1.20356 105.432 0 -180 0 -180 0 0 0 -180
inside=0 lambda=0.647 phi=10 theta=15
0 180 0 -180 0 -180 0 0 0.141929 -3.73887 0 0 0 180 0 -180 0 -180
0 -0 0 -180 0 -180 0 180 1.18554 105.783 0 0 0 -0 0 -0 0 -180
0 -180 0 -0 0 0 0 -180 0.00268398 172.9 0 0 0 0 0 180 0 -180
0 -0 0 -180 0 0 0 -180 0.00544123 -102.035 0 0 0 180 0 0 0 -180
0 -180 0 -180 0 0 0 -0 0.00268269 172.877 0 180 0 0 0 0 0 -180
0 -180 0 -180 0 180 0 -180 0.00542868 -101.816 0 0 0 0 0 0 0 -180
0 -180 0 0 0 -180 0 -180 0.151032 -3.99684 0 -180 0 -180 0 0 0 -180
0 -0 0 0 0 -0 0 -180 1.20227 105.457 0 -180 0 -180 0 0 0 -180
inside=0 lambda=0.647 phi=10 theta=30
0 180 0 -180 0 -180 0 0 0.143855 -3.79581 0 0 0 180 0 -180 0 -180
0 -0 0 -180 0 -180 0 180 1.18907 105.713 0 0 0 -0 0 -180 0 -180
0 -180 0 -0 0 0 0 -180 0.0046484 172.895 0 0 0 0 0 180 0 -180
0 -0 0 -180 0 0 0 -180 0.00941945 -101.985 0 0 0 180 0 0 0 -180
0 -180 0 -180 0 0 0 -0 0.00464711 172.882 0 180 0 0 0 0 0 -180
0 -0 0 -180 0 180 0 -180 0.00940691 -101.859 0 0 0 0 0 0 0 -180
0 -180 0 0 0 -180 0 -180 0.149111 -3.94464 0 -180 0 -180 0 0 0 -180
0 -0 0 0 0 -0 0 -180 1.19873 105.525 0 -180 0 -180 0 0 0 -180
inside=0 lambda=0.647 phi=10 theta=45
0 -180 0 -180 0 -180 0 0 0.146485 -3.87141 0 0 0 -180 0 -180 0 -180
0 -0 0 -180 0 -180 0 0 1.19389 105.618 0 0 0 -0 0 -180 0 -180
0 -180 0 -0 0 0 0 -180 0.00536681 172.889 0 0 0 0 0 180 0 -180
0 -0 0 -180 0 0 0 -180 0.0108692 -101.92 0 0 0 180 0 0 0 -180
0 -180 0 -180 0 0 0 -0 0.00536681 172.889 0 180 0 0 0 0 0 -180
0 -0 0 -180 0 180 0 -180 0.0108692 -101.92 0 0 0 0 0 0 0 -180
0 -180 0 0 0 -180 0 -180 0.146485 -3.87141 0 -180 0 -180 0 0 0 -180
0 -0 0 0 0 -0 0 -180 1.19389 105.618 0 -180 0 -180 0 0 0 -180
inside=0 lambda=0.647 phi=15 theta=0
0 180 0 -180 0 -180 0 0 0.130314 0.840181 0 0 0 180 0 -180 0 -180
0 -0 0 -180 0 -180 0 0 1.17176 88.3149 0 0 0 -0 0 -180 0 -180
0 180 0 -0 0 0 0 180 1.33196e-14 86.9611 0 -0 0 -0 0 180 0 -180
0 -0 0 180 0 0 0 -0 8.2087e-13 171.514 0 0 0 180 0 -0 0 -180
0 -180 0 -180 0 0 0 -0 4.07723e-13 -46.6251 0 -180 0 0 0 0 0 -180
0 -180 0 -180 0 0 0 180 9.30775e-13 -170.928 0 0 0 0 0 0 0 -180
0 -180 0 0 0 -180 0 -180 0.154521 1.26643 0 -180 0 -180 0 0 0 -180
0 -180 0 0 0 -180 0 -180 1.2177 87.3516 0 -180 0 -180 0 0 0 -180
inside=0 lambda=0.647 phi=15 theta=15
0 180 0 -180 0 -180 0 0 0.131944 0.873166 0 0 0 180 0 -180 0 -180
0 -0 0 -180 0 -180 0 0 1.17481 88.2465 0 0 0 -0 0 -180 0 -180
0 180 0 -0 0 0 0 -180 0.00618151 -176.095 0 0 0 -0 0 180 0 -180
0 -0 0 180 0 0 0 -180 0.0131435 -121.382 0 0 0 180 0 -0 0 -180
0 -180 0 -180 0 0 0 -180 0.00617432 -176.115 0 180 0 0 0 0 0 -180
0 -180 0 -180 0 0 0 180 0.0130694 -120.899 0 -0 0 0 0 0 0 -180
0 -180 0 0 0 -180 0 -180 0.15291 1.24178 0 -180 0 -180 0 0 0 -180
0 -180 0 0 0 -180 0 -180 1.2146 87.4124 0 -180 0 -180 0 0 0 -180
inside=0 lambda=0.647 phi=15 theta=30
0 180 0 -180 0 -180 0 0 0.136391 0.959706 0 0 0 180 0 -180 0 -180
0 -0 0 -180 0 -180 0 0 1.18318 88.0626 0 0 0 -0 0 -180 0 -180
0 180 0 -0 0 0 0 -180 0.0107049 -176.099 0 0 0 -0 0 180 0 -180
0 -0 0 180 0 0 0 -180 0.022732 -121.261 0 0 0 180 0 -0 0 -180
0 -180 0 -180 0 0 0 -180 0.0106977 -176.11 0 180 0 0 0 0 0 -180
0 -180 0 -180 0 0 0 180 0.0226583 -120.983 0 -0 0 0 0 0 0 -180
0 -180 0 0 0 180 0 -180 0.148498 1.1719 0 -180 0 -180 0 0 0 -180
0 -180 0 0 0 -180 0 -180 1.20616 87.5812 0 -180 0 -180 0 0 0 -180
inside=0 lambda=0.647 phi=15 theta=45
0 180 0 -180 0 -180 0 0 0.142454 1.06997 0 0 0 180 0 -180 0 -180
0 -0 0 -180 0 -180 0 0 1.19465 87.8181 0 0 0 -0 0 -180 0 -180
0 -180 0 -0 0 0 0 -180 0.0123573 -176.104 0 0 0 -0 0 180 0 -180
0 -180 0 180 0 0 0 -180 0.0262028 -121.113 0 0 0 0 0 -0 0 -180
0 -180 0 -180 0 -0 0 -0 0.0123573 -176.104 0 180 0 0 0 0 0 -180
0 -180 0 -180 0 0 0 180 0.0262028 -121.113 0 -0 0 0 0 0 0 -180
0 180 0 0 0 180 0 -180 0.142454 1.06997 0 -180 0 -180 0 0 0 -180
0 -0 0 0 0 -0 0 -180 1.19465 87.8181 0 -180 0 -180 0 0 0 -180
inside=0 lambda=0.647 phi=20 theta=0
0 180 0 -180 0 -180 0 -0 0.123485 5.89817 0 0 0 180 0 -180 0 -180
0 -0 0 -180 0 -180 0 0 1.15045 63.5462 0 0 0 -0 0 -180 0 -180
0 180 0 -0 0 0 0 -0 1.87864e-13 -161.989 0 -0 0 -0 0 180 0 -180
0 -180 0 180 0 0 0 -0 6.44735e-13 151.959 0 -180 0 0 0 -0 0 -180
0 -180 0 -180 0 0 0 180 7.77153e-14 -131.087 0 -0 0 0 0 0 0 -180
0 -180 0 -180 0 0 0 -0 4.12811e-13 131.88 0 -0 0 0 0 0 0 -180
0 -180 0 0 0 -180 0 -180 0.179255 8.38068 0 -180 0 -180 0 0 0 -180
0 -180 0 0 0 -180 0 -180 1.23608 61.5373 0 -180 0 -180 0 0 0 -180
inside=0 lambda=0.647 phi=20 theta=15
0 180 0 -180 0 -180 0 -0 0.127236 6.12323 0 0 0 180 0 -180 0 -180
0 -180 0 -180 0 -180 0 0 1.15611 63.3959 0 0 0 -180 0 -180 0 -180
0 180 0 -0 0 0 0 -180 0.0141818 -166.166 0 0 0 -0 0 180 0 -180
0 -180 0 180 0 0 0 -180 0.0252177 -149.35 0 0 0 0 0 -0 0 -180
0 -180 0 -180 0 0 0 -180 0.0141671 -166.164 0 180 0 0 0 0 0 -180
0 -180 0 -180 0 0 0 180 0.0249117 -148.486 0 -0 0 0 0 0 0 -180
0 -180 0 0 0 -180 0 -180 0.175544 8.25778 0 -180 0 -180 0 0 0 -180
0 -180 0 0 0 -180 0 -180 1.23026 61.6571 0 -180 0 -180 0 0 0 -180
inside=0 lambda=0.647 phi=20 theta=30
0 180 0 -180 0 -180 0 0 0.137477 6.6836 0 0 0 180 0 -180 0 -180
0 -180 0 -180 0 -180 0 0 1.17163 62.9979 0 0 0 -180 0 -180 0 -180
0 180 0 -0 0 0 0 -180 0.0245622 -166.162 0 0 0 -0 0 180 0 -180
0 -180 0 180 0 0 0 -180 0.0435212 -149.106 0 0 0 0 0 -0 0 -180
0 -180 0 -180 0 -0 0 -180 0.0245477 -166.161 0 180 0 0 0 0 0 -180
0 -180 0 -180 0 0 0 180 0.0432209 -148.611 0 -0 0 0 0 0 0 -180
0 180 0 0 0 180 0 -180 0.165379 7.89844 0 -180 0 -180 0 0 0 -180
0 -180 0 0 0 -180 0 -180 1.21443 61.9952 0 -180 0 -180 0 0 0 -180
inside=0 lambda=0.647 phi=20 theta=45
0 180 0 -180 0 -180 0 0 0.151446 7.34044 0 0 0 180 0 -180 0 -180
0 -180 0 -180 0 -180 0 0 1.19295 62.4817 0 0 0 -180 0 -180 0 -180
0 180 0 -180 0 0 0 -180 0.0283558 -166.16 0 0 0 -0 0 180 0 -180
0 -180 0 180 0 0 0 -180 0.0500568 -148.829 0 0 0 0 0 -0 0 -180
0 180 0 -180 0 -0 0 -180 0.0283558 -166.16 0 180 0 0 0 0 0 -180
0 -180 0 -180 0 0 0 180 0.0500568 -148.829 0 -0 0 0 0 0 0 -180
0 180 0 0 0 180 0 -180 0.151446 7.34044 0 -180 0 -180 0 0 0 -180
0 -180 0 0 0 -180 0 -180 1.19295 62.4817 0 -180 0 -180 0 0 0 -180
inside=0 lambda=0.647 phi=25 theta=0
0 180 0 180 0 -180 0 -0 0.111026 7.37215 0 0 0 180 0 180 0 -180
0 -180 0 -180 0 180 0 0 1.11846 31.1156 0 -0 0 -180 0 -180 0 180
0 180 0 -0 0 0 0 -0 1.24462e-13 156.126 0 -0 0 -0 0 180 0 -180
0 -180 0 180 0 -0 0 180 4.0971e-14 4.45795 0 -180 0 0 0 -0 0 180
0 -180 0 -180 0 0 0 180 6.22602e-14 -2.83026 0 -0 0 0 0 0 0 -180
0 -180 0 -180 0 0 0 -0 1.11289e-13 -31.8084 0 -180 0 0 0 0 0 -180
0 -180 0 0 0 -180 0 -180 0.236908 7.98312 0 -180 0 -180 0 0 0 -180
0 -180 0 0 0 -180 0 180 1.25744 27.6422 0 -180 0 -180 0 0 0 -180
inside=0 lambda=0.647 phi=25 theta=15
0 180 0 180 0 -180 0 -0 0.119476 7.38872 0 0 0 180 0 180 0 -180
0 -180 0 -180 0 180 0 0 1.12756 30.8312 0 -0 0 -180 0 -180 0 180
0 180 0 -0 0 0 0 -180 0.0315344 -171.087 0 0 0 -0 0 180 0 -180
0 -180 0 180 0 -0 0 -180 0.0420619 175.334 0 -0 0 0 0 -0 0 180
0 -180 0 -180 0 0 0 -180 0.0315273 -171.143 0 180 0 0 0 0 0 -180
0 -180 0 -180 0 0 0 180 0.041023 176.872 0 -0 0 -0 0 -0 0 -180
0 -180 0 0 0 180 0 -180 0.228547 7.94498 0 -180 0 -180 0 0 0 -180
0 -180 0 0 0 -180 0 180 1.24788 27.8291 0 -180 0 180 0 -0 0 180
inside=0 lambda=0.647 phi=25 theta=30
0 180 0 -180 0 -180 0 -0 0.14258 7.49322 0 0 0 180 0 180 0 -180
0 -180 0 -180 0 180 0 0 1.15255 30.1005 0 -0 0 -180 0 -180 0 180
0 180 0 -180 0 0 0 -180 0.0546456 -171.073 0 0 0 -0 0 180 0 -180
0 -180 0 180 0 -0 0 -180 0.0722253 175.832 0 -0 0 0 0 -0 0 180
0 -180 0 -180 0 -0 0 -180 0.0546395 -171.102 0 180 0 0 0 0 0 -180
0 -180 0 -180 0 0 0 180 0.0712386 176.703 0 -0 0 -0 0 -0 0 180
0 180 0 0 0 180 0 -180 0.205596 7.83637 0 -180 0 -180 0 0 0 -180
0 -180 0 0 0 -180 0 -180 1.22199 28.3737 0 -180 0 180 0 -0 0 180
inside=0 lambda=0.647 phi=25 theta=45
0 180 0 -180 0 -180 0 -0 0.174121 7.67032 0 0 0 180 0 180 0 -180
0 -180 0 -180 0 180 0 0 1.18705 29.1924 0 -0 0 -180 0 -180 0 180
0 180 0 -180 0 0 0 -180 0.063109 -171.075 0 0 0 -0 0 180 0 -180
0 -180 0 180 0 -0 0 -180 0.0827105 176.347 0 -0 0 0 0 -0 0 180
0 180 0 -180 0 -0 0 -180 0.063109 -171.075 0 180 0 0 0 0 0 -180
0 -180 0 -180 0 0 0 180 0.0827105 176.347 0 -0 0 -0 0 -0 0 180
0 180 0 -0 0 180 0 -180 0.174121 7.67032 0 180 0 -180 0 0 0 -180
0 -180 0 0 0 -180 0 -180 1.18705 29.1924 0 -180 0 180 0 -0 0 180
inside=0 lambda=0.647 phi=30 theta=0
0 180 0 180 0 -180 0.0215374 -99.1873 0.0800377 17.5767 0 0 0 180 0 180 0 -180
0 -180 0 -180 0 180 0 0 1.06902 -9.88766 0 -0 0 -180 0 -180 0 180
0 180 0 -0 0 0 2.27088e-13 -37.2507 7.85606e-14 46.2501 0 180 0 -0 0 180 0 -180
0 -180 0 0 0 -0 0 0 4.48028e-13 75.4983 0 0 0 0 0 -180 0 180
0 -180 0 -180 0 0 7.15879e-14 52.0107 1.71346e-13 145.657 0 -0 0 0 0 0 0 -180
0 180 0 180 0 -0 0 180 9.28227e-14 38.353 0 180 0 -0 0 -0 0 180
0 -180 0 0 0 -180 0.0800495 -131.425 0.289422 -3.17569 0 -180 0 -180 0 0 0 -180
0 180 0 -0 0 180 0 180 1.2977 -14.8006 0 180 0 180 0 -0 0 180
inside=0 lambda=0.647 phi=30 theta=15
0 180 0 180 0 -180 0 -0 0.0933377 12.6234 0 0 0 180 0 180 0 -180
0 -180 0 -180 0 180 0 0 1.08495 -10.3811 0 -0 0 -180 0 -180 0 180
0 180 0 -0 0 0 0 -180 0.0540413 171.016 0 0 0 -0 0 180 0 -180
0 -180 0 0 0 -0 0 180 0.0679967 135.282 0 -0 0 0 0 -180 0 180
0 -180 0 -180 0 -0 0 -180 0.054036 170.739 0 180 0 0 0 0 0 -180
0 180 0 180 0 -0 0 0 0.065061 138.194 0 -180 0 -0 0 -0 0 180
0 180 0 0 0 180 0 -180 0.275558 -2.67915 0 -180 0 -180 0 0 0 -180
0 180 0 -0 0 180 0 180 1.2827 -14.6153 0 180 0 180 0 -0 0 180
inside=0 lambda=0.647 phi=30 theta=30
0 180 0 180 0 -180 0 -0 0.130196 5.49274 0 0 0 180 0 180 0 -180
0 -180 0 -180 0 180 0 0 1.12587 -11.5739 0 -0 0 -180 0 -180 0 180
0 180 0 -180 0 0 0 -180 0.0939005 171.069 0 0 0 -0 0 180 0 -180
0 -180 0 0 0 -0 0 180 0.115465 136.371 0 -0 0 0 0 -180 0 180
0 180 0 -180 0 -0 0 -180 0.0939103 170.939 0 180 0 0 0 0 0 -180
0 180 0 180 0 0 0 0 0.112988 138 0 -180 0 -0 0 -0 0 180
0 180 0 -0 0 180 0 -180 0.236587 -1.50307 0 180 0 -180 0 0 0 -180
0 -180 0 -0 0 -180 0 180 1.23989 -13.9838 0 180 0 180 0 -0 0 180
inside=0 lambda=0.647 phi=30 theta=45
0 180 0 -180 0 -180 0 -0 0.183009 0.924951 0 0 0 180 0 180 0 -180
0 -180 0 -180 0 180 0 0 1.18246 -12.8999 0 -0 0 -180 0 -180 0 180
0 180 0 -180 0 0 0 -180 0.108522 171.057 0 0 0 -0 0 180 0 -180
0 -180 0 0 0 -0 0 180 0.131462 137.383 0 -0 0 0 0 -180 0 180
0 180 0 -180 0 -0 0 -180 0.108522 171.057 0 180 0 0 0 0 0 -180
0 -180 0 180 0 0 0 0 0.131462 137.383 0 -180 0 -0 0 -0 0 180
0 180 0 -0 0 180 0 -180 0.183009 0.924951 0 180 0 -180 0 0 0 -180
0 -180 0 0 0 -180 0 -180 1.18246 -12.8999 0 -180 0 180 0 -0 0 180
inside=0 lambda=0.647 phi=35 theta=0
0 180 0 180 0 -180 0.0691338 -91.997 0.0834595 34.952 0 0 0 180 0 180 0 -180
0 180 0 -180 0 0 0 -0 0.980441 -61.0654 0 -180 0 180 0 -180 0 0
0 180 0 -0 0 0 2.81789e-13 -9.78935 3.29673e-13 -165.352 0 0 0 -0 0 180 0 -180
0 180 0 0 0 -180 0 0 7.98049e-13 -110.385 0 -180 0 -0 0 -180 0 0
0 -180 0 -180 0 0 5.02124e-13 57.6006 5.76321e-13 81.2841 0 180 0 0 0 0 0 -180
0 180 0 180 0 -0 0 0 6.63905e-13 -130.058 0 180 0 -0 0 -0 0 180
0 -180 0 0 0 -180 0.0953481 -104.583 0.261003 -9.1005 0 -180 0 -180 0 0 0 -180
0 180 0 -0 0 180 0 0 1.4189 -69.3039 0 180 0 180 0 -0 0 180
inside=0 lambda=0.647 phi=35 theta=15
0 180 0 180 0 -180 0.0520814 -98.3448 0.0915325 26.7899 0 0 0 180 0 180 0 -180
0 180 0 -180 0 0 0 -0 1.00976 -62.1298 0 -180 0 180 0 180 0 0
0 180 0 -0 0 0 0.00434149 -178.472 0.0520552 158.383 0 0 0 -0 0 180 0 -180
0 180 0 0 0 -180 0 180 0.127306 84.4157 0 -180 0 -0 0 -180 0 0
0 -180 0 -180 0 -0 0.0255486 -126.523 0.0520445 157.508 0 180 0 0 0 0 0 -180
0 180 0 180 0 -0 0 0 0.121457 88.2227 0 -180 0 -180 0 -180 0 0
0 180 0 -0 0 180 0.0850857 -114.468 0.248008 -7.85405 0 -180 0 -180 0 0 0 -180
0 180 0 -0 0 180 0 0 1.38896 -69.1576 0 180 0 0 0 -180 0 0
inside=0 lambda=0.647 phi=35 theta=30
0 180 0 180 0 -180 0 -0 0.119462 11.3645 0 0 0 180 0 180 0 -180
0 180 0 180 0 0 0 -0 1.09023 -64.5472 0 -180 0 180 0 180 0 0
0 180 0 -0 0 0 0 -180 0.0907262 159.494 0 0 0 -0 0 180 0 -180
0 180 0 0 0 -180 0 180 0.214804 85.511 0 -180 0 -0 0 -180 0 0
0 180 0 180 0 -0 0 -180 0.0904803 159.066 0 180 0 0 0 0 0 -180
0 180 0 180 0 -0 0 0 0.20936 87.8231 0 -180 0 -180 0 -180 0 0
0 180 0 -0 0 180 0 -180 0.212873 -4.49326 0 180 0 -180 0 0 0 -180
0 180 0 -0 0 180 0 180 1.30861 -68.462 0 180 0 0 0 -180 0 0
inside=0 lambda=0.647 phi=35 theta=45
0 180 0 -180 0 -180 0 -0 0.164494 1.19328 0 0 0 180 0 180 0 -180
0 180 0 180 0 0 0 -0 1.19825 -66.8911 0 -180 0 180 0 180 0 0
0 180 0 -180 0 0 0 180 0.105176 159.504 0 0 0 -0 0 180 0 -180
0 180 0 0 0 -180 0 180 0.243391 86.988 0 -180 0 -0 0 -180 0 0
0 180 0 180 0 -0 0 -180 0.105176 159.504 0 180 0 0 0 0 0 -180
0 180 0 180 0 -0 0 0 0.243391 86.988 0 -180 0 -180 0 -180 0 0
0 180 0 -0 0 180 0 -180 0.164494 1.19328 0 180 0 -180 0 0 0 -180
0 180 0 -0 0 180 0 180 1.19825 -66.8911 0 180 0 0 0 -180 0 0
inside=0 lambda=0.647 phi=40 theta=0
0 180 0 180 0 -180 0.174756 -93.0761 0.101506 -110.942 0 0 0 180 0 180 0 -180
0 180 0 180 0 -0 0 -0 0.795191 -125.716 0 180 0 180 0 180 0 -0
0 180 0 -0 0 0 3.57912e-13 -102.043 2.69786e-12 118.94 0 0 0 -0 0 180 0 -180
0 180 0 -0 0 180 0 0 3.31358e-12 -169.66 0 -0 0 -0 0 180 0 -0
0 -180 0 -180 0 0 2.37669e-13 -113.627 1.8904e-13 138.785 0 -180 0 0 0 0 0 -180
0 0 0 0 0 -180 0 -180 3.91314e-12 134.497 0 -180 0 -180 0 -180 0 0
0 -180 0 0 0 -180 0.153996 -96.2924 0.454508 13.694 0 -180 0 -180 0 0 0 -180
0 0 0 -180 0 0 0 0 1.57069 -145.938 0 0 0 0 0 -180 0 0
inside=0 lambda=0.647 phi=40 theta=15
0 180 0 180 0 -180 0.13021 -100.904 0.0886702 -90.2989 0 0 0 180 0 180 0 -180
0 180 0 180 0 -0 0 -0 0.845088 -129.599 0 180 0 180 0 180 0 -0
0 180 0 -0 0 0 0.0262685 80.7103 0.130087 -154.495 0 0 0 -0 0 180 0 -180
0 180 0 -0 0 180 0 180 0.245984 6.2175 0 180 0 -0 0 180 0 -0
0 180 0 -180 0 -0 0.0558584 -122.668 0.130395 -155.121 0 180 0 0 0 0 0 -180
0 0 0 0 0 -180 0 -0 0.222633 11.0843 0 180 0 -180 0 -180 0 0
0 180 0 -0 0 180 0.121764 -105.867 0.425207 12.8395 0 -180 0 -180 0 0 0 -180
0 0 0 -180 0 0 0 0 1.51301 -146.182 0 0 0 0 0 -180 0 0
inside=0 lambda=0.647 phi=40 theta=30
0 180 0 180 0 -180 0.039473 -120.224 0.108941 -32.8907 0 0 0 180 0 180 0 -180
0 180 0 180 0 -0 0 -0 0.981902 -136.647 0 180 0 180 0 180 0 -0
0 180 0 -0 0 0 0.0110349 87.008 0.233228 -154.085 0 0 0 -0 0 180 0 -180
0 180 0 -0 0 180 0 180 0.401148 7.43896 0 180 0 -0 0 180 0 -0
0 180 0 180 0 -0 0.0479898 -147.464 0.232374 -154.36 0 180 0 0 0 0 0 -180
0 0 0 0 0 -180 0 -0 0.38004 9.93243 0 180 0 180 0 180 0 -0
0 180 0 -0 0 180 0.0760136 -139.009 0.336279 8.83089 0 180 0 -180 0 0 0 -180
0 180 0 -180 0 0 0 0 1.36359 -145.297 0 0 0 -0 0 180 0 -0
inside=0 lambda=0.647 phi=40 theta=45
0 180 0 180 0 -180 0 -0 0.21131 -1.82091 0 0 0 180 0 180 0 -180
0 180 0 180 0 -0 0 -0 1.16976 -142.288 0 180 0 180 0 180 0 -0
0 180 0 -180 0 0 0 180 0.273124 -154.645 0 0 0 -0 0 180 0 -180
0 180 0 -0 0 180 0 0 0.442752 8.90017 0 180 0 -0 0 180 0 -0
0 180 0 180 0 -0 0 -180 0.273124 -154.645 0 180 0 0 0 0 0 -180
0 180 0 0 0 -0 0 -0 0.442752 8.90017 0 180 0 180 0 180 0 -0
0 180 0 -0 0 180 0 180 0.21131 -1.82091 0 180 0 -180 0 0 0 -180
0 180 0 -0 0 180 0 180 1.16976 -142.288 0 180 0 -0 0 180 0 -0
inside=0 lambda=0.647 phi=45 theta=0
0 0 0 0 0 -180 0.236264 -6.21318 0.968361 79.3035 0 0 0 0 0 0 0 -180
0 0 0 0 0 -180 0 -180 0 -180 0 0 0 0 0 0 0 -180
0 -0 0 -180 0 0 2.4629e-13 -132.485 7.64948e-13 56.7278 0 0 0 180 0 0 0 -180
0 0 0 -180 0 0 0 0 0 -0 0 -180 0 -180 0 0 0 -180
0 -180 0 -180 0 0 4.68006e-12 -39.0948 9.80506e-12 -35.9506 0 -180 0 0 0 0 0 -180
0 -180 0 -180 0 0 0 0 0 0 0 -180 0 0 0 0 0 -180
0 -180 0 0 0 -180 0.440978 -95.0076 0.908679 35.2548 0 -180 0 -180 0 0 0 -180
0 -180 0 0 0 -180 0 -180 0 0 0 -180 0 -180 0 0 0 -180
inside=0 lambda=0.647 phi=45 theta=15
0 -0 0 -0 0 -180 0.210499 -28.2395 0.950475 55.9028 0 0 0 0 0 0 0 -180
0 0 0 0 0 -180 0 -180 0 -180 0 0 0 0 0 0 0 -180
0 -180 0 -180 0 0 0.0217028 -142.233 0.21522 128.746 0 0 0 0 0 0 0 -180
0 0 0 -180 0 0 0 0 0 -180 0 0 0 -180 0 0 0 -180
0 -180 0 -180 0 0 0.0445116 -103.437 0.187709 128.995 0 0 0 0 0 0 0 -180
0 180 0 180 0 -0 0 -180 0 -180 0 0 0 0 0 0 0 -180
0 -180 0 0 0 180 0.272614 -111.683 0.948701 23.3147 0 -180 0 -180 0 0 0 -180
0 0 0 -0 0 180 0 -180 0 0 0 180 0 -180 0 0 0 -180
inside=0 lambda=0.647 phi=45 theta=30
0 -180 0 -180 0 -180 0.0962757 -70.6187 0.972588 27.6272 0 0 0 180 0 -180 0 -180
0 0 0 0 0 -180 0 -180 0 -180 0 0 0 0 0 0 0 -180
0 -180 0 -180 0 0 0.0474786 -160.434 0.190987 112.682 0 0 0 0 0 0 0 -180
0 0 0 -180 0 0 0 0 0 -180 0 0 0 -180 0 0 0 -180
0 -180 0 -180 0 0 0.0560713 -128.595 0.177015 113.141 0 0 0 0 0 0 0 -180
0 0 0 0 0 -180 0 -180 0 -180 0 0 0 0 0 0 0 -180
0 -180 0 0 0 180 0.149483 -140.66 0.977988 17.9779 0 -180 0 -180 0 0 0 -180
0 0 0 -180 0 0 0 0 0 0 0 0 0 -180 0 0 0 -180
inside=0 lambda=0.647 phi=45 theta=45
0 -180 0 -180 0 -180 0 0 0.989456 17.6645 0 0 0 180 0 -180 0 -180
0 0 0 0 0 -180 0 -180 0 -0 0 0 0 0 0 0 0 -180
0 -180 0 -180 0 0 0 -180 0.144833 107.664 0 0 0 0 0 0 0 -180
0 0 0 -180 0 0 0 0 0 -180 0 0 0 -180 0 0 0 -180
0 -180 0 -180 0 0 0 -180 0.144833 107.664 0 0 0 0 0 0 0 -180
0 0 0 0 0 -180 0 -180 0 -180 0 0 0 0 0 0 0 -180
0 -180 0 0 0 180 0 -180 0.989456 17.6645 0 -180 0 -180 0 0 0 -180
0 0 0 -180 0 0 0 0 0 -0 0 0 0 -180 0 0 0 -180
inside=1 lambda=0.647 phi=0 theta=0
0 -180 0 -180 0 -180 0 0 0.154721 65.5883 0 0 0 -180 0 -180 0 -180
0 -0 0 -180 0 -0 0 0 0.818589 119.677 0 0 0 -0 0 -180 0 -0
0 -180 0 -180 0 0 0 180 1.18698e-12 -175.938 0 180 0 0 0 -0 0 -180
0 -0 0 -0 0 180 0 -0 5.83041e-13 173.855 0 -180 0 180 0 -0 0 -0
0 -180 0 0 0 0 0 -180 3.75744e-13 134.612 0 -180 0 0 0 0 0 -180
0 -0 0 -0 0 180 0 -180 1.00668e-12 -145.842 0 -0 0 180 0 -0 0 -0
0 -180 0 0 0 -180 0 -180 0.154721 65.5883 0 -180 0 -180 0 0 0 -180
0 -0 0 0 0 -0 0 -180 0.818589 119.677 0 -180 0 -0 0 0 0 -0
inside=1 lambda=0.647 phi=0 theta=15
0 -180 0 -180 0 -180 0 0 0.154721 65.5883 0 0 0 -180 0 -180 0 -180
0 -0 0 -180 0 -0 0 0 0.818589 119.677 0 0 0 -0 0 -180 0 -0
0 -180 0 -180 0 0 0 180 1.18698e-12 -175.938 0 180 0 0 0 -0 0 -180
0 -0 0 -0 0 180 0 -0 5.83041e-13 173.855 0 -180 0 180 0 -0 0 -0
0 -180 0 0 0 0 0 -180 3.75744e-13 134.612 0 -180 0 0 0 0 0 -180
0 -0 0 -0 0 180 0 -180 1.00668e-12 -145.842 0 -0 0 180 0 -0 0 -0
0 -180 0 0 0 -180 0 -180 0.154721 65.5883 0 -180 0 -180 0 0 0 -180
0 -0 0 0 0 -0 0 -180 0.818589 119.677 0 -180 0 -0 0 0 0 -0
inside=1 lambda=0.647 phi=0 theta=30
0 -180 0 -180 0 -180 0 0 0.154721 65.5883 0 0 0 -180 0 -180 0 -180
0 -0 0 -180 0 -0 0 0 0.818589 119.677 0 0 0 -0 0 -180 0 -0
0 -180 0 -180 0 0 0 180 1.18698e-12 -175.938 0 180 0 0 0 -0 0 -180
0 -0 0 -0 0 180 0 -0 5.83041e-13 173.855 0 -180 0 180 0 -0 0 -0
0 -180 0 0 0 0 0 -180 3.75744e-13 134.612 0 -180 0 0 0 0 0 -180
0 -0 0 -0 0 180 0 -180 1.00668e-12 -145.842 0 -0 0 180 0 -0 0 -0
0 -180 0 0 0 -180 0 -180 0.154721 65.5883 0 -180 0 -180 0 0 0 -180
0 -0 0 0 0 -0 0 -180 0.818589 119.677 0 -180 0 -0 0 0 0 -0
inside=1 lambda=0.647 phi=0 theta=45
0 -180 0 -180 0 -180 0 0 0.154721 65.5883 0 0 0 -180 0 -180 0 -180
0 -0 0 -180 0 -0 0 0 0.818589 119.677 0 0 0 -0 0 -180 0 -0
0 -180 0 -180 0 0 0 180 1.18698e-12 -175.938 0 180 0 0 0 -0 0 -180
0 -0 0 -0 0 180 0 -0 5.83041e-13 173.855 0 -180 0 180 0 -0 0 -0
0 -180 0 0 0 0 0 -180 3.75744e-13 134.612 0 -180 0 0 0 0 0 -180
0 -0 0 -0 0 180 0 -180 1.00668e-12 -145.842 0 -0 0 180 0 -0 0 -0
0 -180 0 0 0 -180 0 -180 0.154721 65.5883 0 -180 0 -180 0 0 0 -180
0 -0 0 0 0 -0 0 -180 0.818589 119.677 0 -180 0 -0 0 0 0 -0
inside=1 lambda=0.647 phi=5 theta=0
0 -180 0 -180 0 -180 0 0 0.152951 62.1256 0 0 0 -180 0 -180 0 -180
0 -0 0 -180 0 -180 0 0 0.819645 118.052 0 0 0 -0 0 -180 0 -180
0 -180 0 -0 0 0 0 -0 6.35187e-13 127.237 0 -0 0 0 0 180 0 -180
0 -0 0 -180 0 0 0 -180 1.69174e-12 -151.04 0 -180 0 180 0 0 0 -180
0 -180 0 -180 0 0 0 -0 4.93128e-13 128.079 0 180 0 0 0 0 0 -180
0 -0 0 -180 0 180 0 0 1.74923e-12 -151.585 0 180 0 180 0 0 0 -0
0 -180 0 0 0 -180 0 -180 0.154261 62.1061 0 -180 0 -180 0 0 0 -180
0 -180 0 0 0 -0 0 -180 0.817823 118.011 0 -180 0 -180 0 0 0 -0
inside=1 lambda=0.647 phi=5 theta=15
0 -180 0 -180 0 -180 0 0 0.153039 62.1243 0 0 0 -180 0 -180 0 -180
0 -0 0 -180 0 -180 0 0 0.819523 118.049 0 0 0 -0 0 -180 0 -180
0 -180 0 -0 0 0 0 -180 0.000334458 -123.881 0 0 0 0 0 180 0 -180
0 -0 0 -180 0 0 0 -180 0.000493709 140.521 0 0 0 180 0 0 0 -180
0 -180 0 -180 0 0 0 -0 0.00033441 -123.857 0 180 0 0 0 0 0 -180
0 -0 0 -180 0 180 0 -180 0.000493618 140.501 0 0 0 0 0 0 0 -0
0 -180 0 0 0 -180 0 -180 0.154173 62.1074 0 -180 0 -180 0 0 0 -180
0 -0 0 0 0 -0 0 -180 0.817945 118.014 0 -180 0 -180 0 0 0 -180
inside=1 lambda=0.647 phi=5 theta=30
0 -180 0 -180 0 -180 0 0 0.153278 62.1206 0 0 0 -180 0 -180 0 -180
0 -0 0 -180 0 -180 0 0 0.819189 118.042 0 0 0 -0 0 -180 0 -180
0 -180 0 -0 0 0 0 -180 0.000579281 -123.876 0 0 0 0 0 180 0 -180
0 -0 0 -180 0 0 0 -180 0.000855095 140.517 0 0 0 180 0 0 0 -180
0 -180 0 -180 0 0 0 -0 0.000579232 -123.862 0 180 0 0 0 0 0 -180
0 -0 0 -180 0 180 0 -180 0.000855004 140.505 0 0 0 0 0 0 0 -180
0 -180 0 0 0 -180 0 -180 0.153933 62.1109 0 -180 0 -180 0 0 0 -180
0 -0 0 0 0 -0 0 -180 0.818278 118.021 0 -180 0 -180 0 0 0 -180
inside=1 lambda=0.647 phi=5 theta=45
0 -180 0 -180 0 -180 0 0 0.153606 62.1157 0 0 0 -180 0 -180 0 -180
0 -0 0 -180 0 -180 0 0 0.818734 118.031 0 0 0 -0 0 -180 0 -180
0 -180 0 -0 0 0 0 -180 0.000668868 -123.869 0 0 0 0 0 180 0 -180
0 -0 0 -180 0 0 0 -180 0.000987326 140.511 0 0 0 180 0 0 0 -180
0 -180 0 -180 0 0 0 -0 0.000668868 -123.869 0 180 0 0 0 0 0 -180
0 -0 0 -180 0 180 0 -180 0.000987326 140.511 0 0 0 0 0 0 0 -180
0 -180 0 0 0 -180 0 -180 0.153606 62.1157 0 -180 0 -180 0 0 0 -180
0 -0 0 0 0 -0 0 -180 0.818734 118.031 0 -180 0 -180 0 0 0 -180
inside=1 lambda=0.647 phi=10 theta=0
0 -180 0 -180 0 -180 0 0 0.147932 51.6313 0 0 0 -180 0 -180 0 -180
0 -0 0 -180 0 -180 0 0 0.822797 113.191 0 0 0 -0 0 -180 0 -180
0 -180 0 -0 0 0 0 -0 8.89652e-14 -68.7287 0 -0 0 0 0 180 0 -180
0 -0 0 -180 0 0 0 -180 2.15741e-13 28.5433 0 -0 0 180 0 0 0 -180
0 -180 0 -180 0 0 0 -180 1.79752e-13 140.718 0 -0 0 0 0 0 0 -180
0 -180 0 -180 0 0 0 -180 2.34098e-13 7.84506 0 0 0 0 0 0 0 -180
0 -180 0 0 0 -180 0 -180 0.15301 51.5079 0 -180 0 -180 0 0 0 -180
0 -180 0 0 0 -180 0 -180 0.815479 113.023 0 -180 0 -180 0 0 0 -180
inside=1 lambda=0.647 phi=10 theta=15
0 -180 0 -180 0 -180 0 0 0.148272 51.6224 0 0 0 -180 0 -180 0 -180
0 -0 0 -180 0 -180 0 0 0.822307 113.18 0 0 0 -0 0 -180 0 -180
0 -180 0 -0 0 0 0 -180 0.00130259 -135.795 0 0 0 0 0 180 0 -180
0 -0 0 -180 0 0 0 -180 0.00198938 136.02 0 0 0 180 0 0 0 -180
0 -180 0 -180 0 0 0 -0 0.00130172 -135.7 0 180 0 0 0 0 0 -180
0 -180 0 -180 0 180 0 -180 0.00198787 135.94 0 0 0 0 0 0 0 -180
0 -180 0 0 0 -180 0 -180 0.15267 51.5156 0 -180 0 -180 0 0 0 -180
0 -180 0 0 0 -0 0 -180 0.815969 113.035 0 -180 0 -180 0 0 0 -180
inside=1 lambda=0.647 phi=10 theta=30
0 -180 0 -180 0 -180 0 0 0.149202 51.5987 0 0 0 -180 0 -180 0 -180
0 -0 0 -180 0 -180 0 0 0.820966 113.15 0 0 0 -0 0 -180 0 -180
0 -180 0 -0 0 0 0 -180 0.00225583 -135.775 0 0 0 0 0 180 0 -180
0 -0 0 -180 0 0 0 -180 0.00344514 136.003 0 0 0 180 0 0 0 -180
0 -180 0 -180 0 0 0 -0 0.00225496 -135.72 0 180 0 0 0 0 0 -180
0 -0 0 -180 0 180 0 -180 0.00344363 135.956 0 0 0 0 0 0 0 -180
0 -180 0 0 0 -180 0 -180 0.151741 51.537 0 -180 0 -180 0 0 0 -180
0 -0 0 0 0 -0 0 -180 0.817307 113.066 0 -180 0 -180 0 0 0 -180
inside=1 lambda=0.647 phi=10 theta=45
0 -180 0 -180 0 -180 0 0 0.150472 51.5673 0 0 0 -180 0 -180 0 -180
0 -0 0 -180 0 -180 0 0 0.819137 113.108 0 0 0 -0 0 -180 0 -180
0 -180 0 -0 0 0 0 -180 0.00260431 -135.747 0 0 0 0 0 180 0 -180
0 -0 0 -180 0 0 0 -180 0.00397722 135.979 0 0 0 180 0 0 0 -180
0 -180 0 -180 0 0 0 -0 0.00260431 -135.747 0 180 0 0 0 0 0 -180
0 -0 0 -180 0 180 0 -180 0.00397722 135.979 0 0 0 0 0 0 0 -180
0 -180 0 0 0 -180 0 -180 0.150472 51.5673 0 -180 0 -180 0 0 0 -180
0 -0 0 0 0 -0 0 -180 0.819137 113.108 0 -180 0 -180 0 0 0 -180
inside=1 lambda=0.647 phi=15 theta=0
0 -180 0 -180 0 -180 0 0 0.140681 33.8567 0 0 0 -180 0 -180 0 -180
0 -0 0 -180 0 -180 0 0 0.828003 105.147 0 0 0 -0 0 -180 0 -180
0 -180 0 -0 0 0 0 180 5.09306e-13 87.4557 0 -180 0 0 0 180 0 -180
0 -0 0 -180 0 0 0 0 9.47702e-13 -159.935 0 0 0 180 0 0 0 -180
0 -180 0 -180 0 0 0 -0 3.3719e-13 98.7172 0 -0 0 0 0 0 0 -180
0 -180 0 -180 0 0 0 180 1.08426e-12 -162.878 0 180 0 0 0 0 0 -180
0 -180 0 0 0 -180 0 -180 0.151672 33.3587 0 -180 0 -180 0 0 0 -180
0 -180 0 0 0 -180 0 -180 0.811388 104.75 0 -180 0 -180 0 0 0 -180
inside=1 lambda=0.647 phi=15 theta=15
0 -180 0 -180 0 -180 0 0 0.141418 33.8192 0 0 0 -180 0 -180 0 -180
0 -0 0 -180 0 -180 0 0 0.826887 105.121 0 0 0 -0 0 -180 0 -180
0 -180 0 -0 0 0 0 -180 0.00284838 -156.589 0 0 0 0 0 180 0 -180
0 -0 0 -180 0 0 0 -180 0.00454307 128.614 0 0 0 180 0 0 0 -180
0 -180 0 -180 0 0 0 -0 0.00284329 -156.385 0 180 0 0 0 0 0 -180
0 -180 0 -180 0 0 0 -180 0.00453485 128.431 0 0 0 0 0 0 0 -180
0 -180 0 0 0 -180 0 -180 0.150937 33.3883 0 -180 0 -180 0 0 0 -180
0 -180 0 0 0 -180 0 -180 0.812499 104.777 0 -180 0 -180 0 0 0 -180
inside=1 lambda=0.647 phi=15 theta=30
0 -180 0 -180 0 -180 0 0 0.143431 33.7202 0 0 0 -180 0 -180 0 -180
0 -0 0 -180 0 -180 0 0 0.823842 105.049 0 0 0 -0 0 -180 0 -180
0 -180 0 -0 0 0 0 -180 0.00493168 -156.544 0 0 0 0 0 180 0 -180
0 -0 0 -180 0 0 0 -180 0.00786555 128.571 0 0 0 180 0 0 0 -180
0 -180 0 -180 0 0 0 -0 0.00492659 -156.426 0 180 0 0 0 0 0 -180
0 -180 0 -180 0 180 0 -180 0.00785735 128.465 0 0 0 0 0 0 0 -180
0 -180 0 0 0 -180 0 -180 0.148927 33.4716 0 -180 0 -180 0 0 0 -180
0 -0 0 0 0 -0 0 -180 0.815535 104.851 0 -180 0 -180 0 0 0 -180
inside=1 lambda=0.647 phi=15 theta=45
0 -180 0 -180 0 -180 0 0 0.14618 33.592 0 0 0 -180 0 -180 0 -180
0 -0 0 -180 0 -180 0 0 0.819686 104.951 0 0 0 -0 0 -180 0 -180
0 -180 0 -0 0 0 0 -180 0.00569168 -156.484 0 0 0 0 0 180 0 -180
0 -0 0 -180 0 0 0 -180 0.00907748 128.516 0 0 0 180 0 0 0 -180
0 -180 0 -180 0 0 0 -0 0.00569168 -156.484 0 180 0 0 0 0 0 -180
0 -0 0 -180 0 180 0 -180 0.00907748 128.516 0 0 0 0 0 0 0 -180
0 -180 0 0 0 -180 0 -180 0.14618 33.592 0 -180 0 -180 0 0 0 -180
0 -0 0 0 0 -0 0 -180 0.819686 104.951 0 -180 0 -180 0 0 0 -180
inside=1 lambda=0.647 phi=20 theta=0
0 180 0 -180 0 -180 0 0 0.133104 8.71758 0 0 0 180 0 -180 0 -180
0 -0 0 -180 0 -180 0 0 0.83521 94.0126 0 0 0 -0 0 -180 0 -180
0 180 0 -0 0 0 0 180 1.73363e-13 -98.4828 0 -180 0 -0 0 180 0 -180
0 -0 0 -180 0 0 0 0 9.38987e-13 2.70935 0 180 0 180 0 0 0 -180
0 -180 0 -180 0 0 0 -0 2.46456e-13 -99.334 0 -180 0 0 0 0 0 -180
0 -180 0 -180 0 0 0 0 5.76376e-13 25.8446 0 -0 0 0 0 0 0 -180
0 -180 0 0 0 -180 0 -180 0.152458 7.15804 0 -180 0 -180 0 0 0 -180
0 -180 0 0 0 -180 0 -180 0.805139 93.2554 0 -180 0 -180 0 0 0 -180
inside=1 lambda=0.647 phi=20 theta=15
0 180 0 -180 0 -180 0 0 0.1344 8.59391 0 0 0 180 0 -180 0 -180
0 -0 0 -180 0 -180 0 0 0.833187 93.9635 0 0 0 -0 0 -180 0 -180
0 180 0 -0 0 0 0 -180 0.00510724 173.329 0 0 0 -0 0 180 0 -180
0 -0 0 180 0 0 0 -180 0.00829222 118.348 0 0 0 180 0 0 0 -180
0 -180 0 -180 0 0 0 -0 0.0050889 173.651 0 180 0 0 0 0 0 -180
0 -180 0 -180 0 0 0 180 0.00826354 118.021 0 0 0 0 0 0 0 -180
0 -180 0 0 0 -180 0 -180 0.151163 7.24535 0 -180 0 -180 0 0 0 -180
0 -180 0 0 0 -180 0 -180 0.807145 93.3078 0 -180 0 -180 0 0 0 -180
inside=1 lambda=0.647 phi=20 theta=30
0 180 0 -180 0 -180 0 0 0.137943 8.27154 0 0 0 180 0 -180 0 -180
0 -0 0 -180 0 -180 0 0 0.827667 93.8282 0 0 0 -0 0 -180 0 -180
0 -180 0 -0 0 0 0 -180 0.00883918 173.404 0 0 0 -0 0 180 0 -180
0 -0 0 180 0 0 0 -180 0.0143504 118.265 0 0 0 180 0 0 0 -180
0 -180 0 -180 0 0 0 -0 0.0088209 173.589 0 180 0 0 0 0 0 -180
0 -180 0 -180 0 0 0 180 0.0143219 118.077 0 0 0 0 0 0 0 -180
0 -180 0 0 0 -180 0 -180 0.147622 7.49529 0 -180 0 -180 0 0 0 -180
0 -180 0 0 0 -0 0 -180 0.812632 93.4498 0 -180 0 -180 0 0 0 -180
inside=1 lambda=0.647 phi=20 theta=45
0 -180 0 -180 0 -180 0 0 0.142783 7.86538 0 0 0 180 0 -180 0 -180
0 -0 0 -180 0 -180 0 0 0.820141 93.6406 0 0 0 -0 0 -180 0 -180
0 -180 0 -0 0 0 0 -180 0.010196 173.5 0 0 0 0 0 180 0 -180
0 -180 0 180 0 0 0 -180 0.016553 118.164 0 0 0 180 0 0 0 -180
0 -180 0 -180 0 0 0 -0 0.010196 173.5 0 180 0 0 0 0 0 -180
0 -180 0 -180 0 180 0 180 0.016553 118.164 0 0 0 0 0 0 0 -180
0 -180 0 0 0 180 0 -180 0.142783 7.86538 0 -180 0 -180 0 0 0 -180
0 -0 0 0 0 -0 0 -180 0.820141 93.6406 0 -180 0 -180 0 0 0 -180
inside=1 lambda=0.647 phi=25 theta=0
0 180 0 180 0 -180 0 0 0.127312 -23.0754 0 0 0 180 0 180 0 -180
0 -0 0 -180 0 -180 0 0 0.844489 79.9348 0 0 0 -0 0 -180 0 -180
0 180 0 -0 0 0 0 180 1.93973e-13 51.2355 0 180 0 -0 0 180 0 -180
0 -0 0 180 0 0 0 0 3.32429e-13 166.796 0 -180 0 180 0 -0 0 -180
0 -180 0 -180 0 0 0 180 9.3691e-14 149.339 0 -180 0 0 0 0 0 -180
0 -180 0 -180 0 0 0 -0 3.78509e-13 157.777 0 -0 0 0 0 0 0 -180
0 -180 0 0 0 -180 0 -180 0.160004 -26.8145 0 -180 0 -180 0 0 0 -180
0 -180 0 0 0 -180 0 -180 0.795941 78.6423 0 -180 0 -180 0 0 0 -180
inside=1 lambda=0.647 phi=25 theta=15
0 180 0 180 0 -180 0 0 0.129486 -23.3976 0 0 0 180 0 180 0 -180
0 -0 0 -180 0 -180 0 0 0.841214 79.8525 0 0 0 -0 0 -180 0 -180
0 180 0 -0 0 0 0 -180 0.0087857 136.265 0 0 0 -0 0 180 0 -180
0 -180 0 180 0 0 0 -180 0.0135133 105.12 0 0 0 180 0 -0 0 -180
0 -180 0 -180 0 0 0 -0 0.00873947 136.689 0 180 0 0 0 0 0 -180
0 -180 0 -180 0 0 0 180 0.0134346 104.612 0 -0 0 0 0 0 0 -180
0 -180 0 0 0 180 0 -180 0.157806 -26.6233 0 -180 0 -180 0 0 0 -180
0 -180 0 0 0 -180 0 -180 0.79917 78.7336 0 -180 0 -180 0 0 0 -180
inside=1 lambda=0.647 phi=25 theta=30
0 180 0 -180 0 -180 0 0 0.135443 -24.216 0 0 0 180 0 180 0 -180
0 -0 0 -180 0 -180 0 0 0.832283 79.6248 0 0 0 -0 0 -180 0 -180
0 180 0 -0 0 0 0 -180 0.0151994 136.369 0 0 0 -0 0 180 0 -180
0 -180 0 180 0 0 0 -180 0.0233698 104.979 0 0 0 180 0 -0 0 -180
0 -180 0 -180 0 -0 0 -0 0.0151536 136.612 0 180 0 0 0 0 0 -180
0 -180 0 -180 0 0 0 180 0.0232919 104.687 0 -0 0 0 0 0 0 -180
0 180 0 0 0 180 0 -180 0.151802 -26.0643 0 -180 0 -180 0 0 0 -180
0 -180 0 0 0 -180 0 -180 0.808008 78.9792 0 -180 0 -180 0 0 0 -180
inside=1 lambda=0.647 phi=25 theta=45
0 180 0 -180 0 -180 0 0 0.143611 -25.2043 0 0 0 180 0 -180 0 -180
0 -0 0 -180 0 -180 0 0 0.820123 79.3065 0 0 0 -0 0 -180 0 -180
0 180 0 -0 0 0 0 -180 0.0175238 136.497 0 0 0 -0 0 180 0 -180
0 -180 0 180 0 0 0 -180 0.0269363 104.817 0 0 0 0 0 -0 0 -180
0 180 0 -180 0 -0 0 -0 0.0175238 136.497 0 180 0 0 0 0 0 -180
0 -180 0 -180 0 0 0 180 0.0269363 104.817 0 -0 0 0 0 0 0 -180
0 180 0 0 0 180 0 -180 0.143611 -25.2043 0 -180 0 -180 0 0 0 -180
0 -0 0 0 0 -0 0 -180 0.820123 79.3065 0 -180 0 -180 0 0 0 -180
inside=1 lambda=0.647 phi=30 theta=0
0 180 0 180 0 -180 0 -0 0.123392 -59.723 0 0 0 180 0 180 0 -180
0 -0 0 -180 0 180 0 0 0.856286 63.1138 0 0 0 -0 0 -180 0 180
0 180 0 -0 0 0 0 -0 4.04756e-13 -158.301 0 0 0 -0 0 180 0 -180
0 -180 0 180 0 0 0 -180 2.7271e-13 -71.9623 0 -180 0 0 0 -0 0 -180
0 -180 0 -180 0 0 0 -0 1.19602e-13 159.535 0 -0 0 0 0 0 0 -180
0 -180 0 -180 0 0 0 -0 2.93004e-13 -17.759 0 -180 0 0 0 0 0 -180
0 -180 0 0 0 -180 0 -180 0.1799 -66.2862 0 -180 0 -180 0 0 0 -180
0 -180 0 0 0 -180 0 -180 0.782637 61.0851 0 -180 0 -180 0 0 0 -180
inside=1 lambda=0.647 phi=30 theta=15
0 180 0 180 0 -180 0 -0 0.127107 -60.3727 0 0 0 180 0 180 0 -180
0 -0 0 -180 0 180 0 0 0.851298 62.9875 0 0 0 -0 0 -180 0 -180
0 180 0 -0 0 0 0 -180 0.0151415 97.2492 0 0 0 -0 0 180 0 -180
0 -180 0 180 0 0 0 -180 0.0206313 88.6542 0 0 0 0 0 -0 0 -180
0 -180 0 -180 0 -0 0 -0 0.0150545 97.818 0 180 0 0 0 0 0 -180
0 -180 0 -180 0 0 0 180 0.0204483 87.939 0 -0 0 0 0 0 0 -180
0 -180 0 0 0 180 0 -180 0.176077 -66.0014 0 -180 0 -180 0 0 0 -180
0 -180 0 0 0 -180 0 -180 0.787515 61.2319 0 -180 0 -180 0 0 0 -180
inside=1 lambda=0.647 phi=30 theta=30
0 180 0 180 0 -180 0 -0 0.137334 -61.9493 0 0 0 180 0 180 0 -180
0 -0 0 -180 0 180 0 0 0.837711 62.6364 0 0 0 -0 0 -180 0 -180
0 180 0 -0 0 0 0 -180 0.0261914 97.3922 0 0 0 -0 0 180 0 -180
0 -180 0 180 0 0 0 -180 0.0356431 88.4316 0 0 0 0 0 -0 0 -180
0 180 0 -180 0 -0 0 -0 0.0261057 97.7164 0 180 0 0 0 0 0 -180
0 -180 0 -180 0 0 0 180 0.0354639 88.0225 0 -0 0 0 0 0 0 -180
0 180 0 -0 0 180 0 -180 0.165642 -65.1366 0 180 0 -180 0 0 0 -180
0 -180 0 0 0 -180 0 -180 0.800884 61.6243 0 -180 0 -180 0 0 0 -180
inside=1 lambda=0.647 phi=30 theta=45
0 180 0 -180 0 -180 0 -0 0.151437 -63.7165 0 0 0 180 0 180 0 -180
0 -180 0 -180 0 -180 0 0 0.819243 62.1408 0 0 0 -0 0 -180 0 -180
0 180 0 -0 0 0 0 -180 0.0301924 97.5646 0 0 0 -0 0 180 0 -180
0 -180 0 180 0 0 0 -180 0.041041 88.1931 0 0 0 0 0 -0 0 -180
0 180 0 -180 0 -0 0 -0 0.0301924 97.5646 0 180 0 0 0 0 0 -180
0 -180 0 -180 0 0 0 180 0.041041 88.1931 0 -0 0 0 0 0 0 -180
0 180 0 -0 0 180 0 -180 0.151437 -63.7165 0 180 0 -180 0 0 0 -180
0 -180 0 0 0 -0 0 -180 0.819243 62.1408 0 -180 0 -180 0 0 0 -180
inside=1 lambda=0.647 phi=35 theta=0
0 180 0 180 0 -180 0 -0 0.117619 -99.5908 0 0 0 180 0 180 0 -180
0 -0 0 -180 0 180 0 0 0.87162 43.787 0 -0 0 -0 0 -180 0 180
0 180 0 -0 0 0 0 180 4.03666e-13 1.68734 0 0 0 -0 0 180 0 -180
0 -180 0 180 0 -0 0 -0 6.52411e-13 124.405 0 -180 0 0 0 -0 0 180
0 -180 0 -180 0 0 0 -0 1.32149e-13 -40.1308 0 -0 0 0 0 0 0 -180
0 -180 0 -180 0 0 0 180 1.57198e-13 129.138 0 -180 0 0 0 0 0 -180
0 -180 0 0 0 -180 0 -180 0.213258 -107.781 0 -180 0 -180 0 0 0 -180
0 -180 0 0 0 -180 0 180 0.76418 40.866 0 -180 0 -180 0 0 0 -180
inside=1 lambda=0.647 phi=35 theta=15
0 180 0 180 0 -180 0 -0 0.123876 -100.594 0 0 0 180 0 180 0 -180
0 -180 0 -180 0 180 0 0 0.864313 43.6097 0 -0 0 -0 0 -180 0 180
0 180 0 -0 0 0 0 -180 0.0250029 59.4075 0 0 0 -0 0 180 0 -180
0 -180 0 180 0 -0 0 -180 0.030066 68.7294 0 -0 0 0 0 -0 0 180
0 180 0 -180 0 -0 0 -0 0.0248721 60.2634 0 180 0 0 0 0 0 -180
0 -180 0 -180 0 0 0 180 0.0296957 67.7813 0 -0 0 0 0 -0 0 -180
0 180 0 0 0 180 0 -180 0.206792 -107.517 0 -180 0 -180 0 0 0 -180
0 -180 0 0 0 -180 0 180 0.771263 41.0842 0 -180 0 180 0 -0 0 180
inside=1 lambda=0.647 phi=35 theta=30
0 180 0 180 0 -180 0 -0 0.141155 -102.846 0 0 0 180 0 180 0 -180
0 -180 0 -180 0 180 0 0 0.844433 43.1152 0 -0 0 -0 0 -180 0 180
0 180 0 -0 0 0 0 -180 0.0432586 59.6239 0 0 0 -0 0 180 0 -180
0 -180 0 180 0 -0 0 -180 0.0518715 68.3921 0 -0 0 0 0 -0 0 180
0 180 0 -180 0 -0 0 -0 0.0431321 60.1049 0 180 0 0 0 0 0 -180
0 -180 0 -180 0 0 0 180 0.0515155 67.8533 0 -0 0 -0 0 -0 0 180
0 180 0 -0 0 180 0 -180 0.189121 -106.658 0 180 0 -180 0 0 0 -180
0 -180 0 0 0 -180 0 -180 0.790705 41.6619 0 -180 0 180 0 -0 0 180
inside=1 lambda=0.647 phi=35 theta=45
0 180 0 -180 0 -180 0 -0 0.165046 -105.08 0 0 0 180 0 180 0 -180
0 -180 0 -180 0 180 0 0 0.817462 42.4097 0 -0 0 -180 0 -180 0 180
0 180 0 -0 0 0 0 -180 0.0498775 59.8785 0 0 0 -0 0 180 0 -180
0 -180 0 180 0 -0 0 -180 0.0596566 68.0591 0 -0 0 0 0 -0 0 180
0 180 0 -180 0 -0 0 -0 0.0498775 59.8785 0 180 0 0 0 0 0 -180
0 -180 0 -180 0 0 0 180 0.0596566 68.0591 0 -0 0 -0 0 -0 0 180
0 180 0 -0 0 180 0 -180 0.165046 -105.08 0 180 0 -180 0 0 0 -180
0 -180 0 0 0 -180 0 -180 0.817462 42.4097 0 -180 0 180 0 -0 0 180
inside=1 lambda=0.647 phi=40 theta=0
0 180 0 180 0 -180 0 -0 0.104908 -143.342 0 0 0 180 0 180 0 -180
0 -180 0 -180 0 180 0 0 0.89183 22.2116 0 -0 0 -180 0 -180 0 180
0 180 0 -0 0 0 0 -0 4.32378e-13 126.279 0 0 0 -0 0 180 0 -180
0 -180 0 180 0 -0 0 0 1.10722e-12 -71.0042 0 -0 0 0 0 -0 0 180
0 -180 0 -180 0 0 0 -0 4.44296e-13 124.846 0 180 0 0 0 0 0 -180
0 180 0 180 0 -0 0 0 1.06601e-12 -73.1474 0 -180 0 -0 0 -0 0 180
0 -180 0 0 0 -180 0 -180 0.252577 -149.368 0 -180 0 -180 0 0 0 -180
0 180 0 -0 0 180 0 180 0.740722 18.383 0 180 0 180 0 -0 0 180
inside=1 lambda=0.647 phi=40 theta=15
0 180 0 180 0 -180 0 -0 0.114626 -144.358 0 0 0 180 0 180 0 -180
0 -180 0 -180 0 180 0 0 0.881521 21.9825 0 -0 0 -180 0 -180 0 180
0 180 0 -0 0 0 0 180 0.037573 22.6005 0 0 0 -0 0 180 0 -180
0 -180 0 180 0 -0 0 -180 0.0419265 45.6039 0 -0 0 0 0 -0 0 180
0 -180 0 -180 0 -0 0 -0 0.0374179 23.9607 0 180 0 0 0 0 0 -180
0 -180 0 180 0 0 0 180 0.0412586 44.3725 0 -0 0 -0 0 -0 0 180
0 180 0 0 0 180 0 -180 0.242692 -149.292 0 -180 0 -180 0 0 0 -180
0 -180 0 0 0 -180 0 180 0.750642 18.6784 0 180 0 180 0 -0 0 180
inside=1 lambda=0.647 phi=40 theta=30
0 180 0 180 0 -180 0 -0 0.141458 -146.378 0 0 0 180 0 180 0 -180
0 -180 0 -180 0 180 0 0 0.8535 21.3486 0 -0 0 -180 0 -180 0 180
0 180 0 -0 0 0 0 180 0.0650564 22.9452 0 0 0 -0 0 180 0 -180
0 -180 0 180 0 -0 0 -180 0.0722056 45.0924 0 -0 0 0 0 -0 0 180
0 180 0 -180 0 -0 0 -0 0.0649143 23.6925 0 180 0 0 0 0 0 -180
0 -180 0 -180 0 0 0 180 0.0715851 44.3983 0 -0 0 -0 0 -0 0 180
0 180 0 -0 0 180 0 -180 0.215552 -148.934 0 180 0 -180 0 0 0 -180
0 -180 0 0 0 -180 0 180 0.777922 19.4536 0 -180 0 180 0 -0 0 180
inside=1 lambda=0.647 phi=40 theta=45
0 180 0 180 0 -180 0 -0 0.178435 -148.022 0 0 0 180 0 180 0 -180
0 -180 0 -180 0 180 0 0 0.815534 20.4377 0 -0 0 -180 0 -180 0 180
0 180 0 -0 0 0 0 180 0.0750535 23.337 0 0 0 -0 0 180 0 -180
0 -180 0 180 0 -0 0 -180 0.0829407 44.6334 0 -0 0 0 0 -0 0 180
0 180 0 180 0 -0 0 -0 0.0750535 23.337 0 180 0 0 0 0 0 -180
0 -180 0 -180 0 0 0 180 0.0829407 44.6334 0 -0 0 -0 0 -0 0 180
0 180 0 -0 0 180 0 180 0.178435 -148.022 0 180 0 -180 0 0 0 -180
0 -180 0 0 0 -180 0 -180 0.815534 20.4377 0 -180 0 180 0 -0 0 180
inside=1 lambda=0.647 phi=45 theta=0
0 180 0 180 0 -180 0 -0 0.0867328 164.634 0 0 0 180 0 180 0 -180
0 -180 0 -180 0 180 0.00885406 -66.6635 0.917461 -1.28169 0 -0 0 -180 0 -180 0 180
0 180 0 -0 0 0 0 180 4.56301e-13 90.5988 0 180 0 -0 0 180 0 -180
0 -180 0 0 0 -0 1.88524e-13 -31.1146 5.28066e-13 -104.782 0 180 0 0 0 -180 0 180
0 -180 0 -180 0 0 0 180 2.84666e-13 81.1442 0 0 0 0 0 0 0 -180
0 180 0 180 0 -0 9.16294e-15 -144.111 7.23833e-13 -94.9006 0 180 0 -0 0 -0 0 180
0 -180 0 0 0 -180 0 -180 0.283383 168.504 0 -180 0 -180 0 0 0 -180
0 180 0 -0 0 180 0.0558281 133.992 0.714365 -5.92163 0 180 0 180 0 -0 0 180
inside=1 lambda=0.647 phi=45 theta=15
0 180 0 180 0 -180 0 -0 0.0991163 165.049 0 0 0 180 0 180 0 -180
0 -180 0 -180 0 180 0 0 0.903986 -1.58711 0 -0 0 -180 0 -180 0 180
0 180 0 -0 0 0 0 180 0.0497306 -14.8048 0 0 0 -0 0 180 0 -180
0 -180 0 0 0 -0 0 180 0.0558965 20.2864 0 -0 0 0 0 -180 0 180
0 -180 0 -180 0 -0 0 -0 0.0496147 -12.5926 0 0 0 0 0 0 0 -180
0 180 0 180 0 0 0 180 0.0547601 18.6733 0 -0 0 -0 0 -0 0 180
0 -180 0 0 0 180 0 -180 0.270598 168.279 0 -180 0 -180 0 0 0 -180
0 180 0 -0 0 -180 0 180 0.727842 -5.5775 0 180 0 180 0 -0 0 180
inside=1 lambda=0.647 phi=45 theta=30
0 180 0 180 0 -180 0 -0 0.134991 165.957 0 0 0 180 0 180 0 -180
0 -180 0 -180 0 180 0 0 0.866243 -2.35268 0 -0 0 -180 0 -180 0 180
0 180 0 -0 0 0 0 180 0.0862955 -14.2359 0 0 0 -0 0 180 0 -180
0 -180 0 0 0 -0 0 180 0.0960068 19.4824 0 -0 0 0 0 -180 0 180
0 180 0 -180 0 -0 0 -0 0.0862171 -13.0666 0 0 0 0 0 0 0 -180
0 -180 0 180 0 0 0 0 0.0950271 18.5781 0 -0 0 -0 0 -0 0 180
0 180 0 -0 0 180 0 -180 0.234368 167.614 0 180 0 -180 0 0 0 -180
0 -180 0 0 0 -180 0 180 0.764492 -4.62614 0 180 0 180 0 -0 0 180
inside=1 lambda=0.647 phi=45 theta=45
0 180 0 180 0 -180 0 -0 0.184596 166.817 0 0 0 180 0 180 0 -180
0 -180 0 180 0 180 0 0 0.815114 -3.43682 0 -0 0 -180 0 -180 0 180
0 180 0 -0 0 0 0 180 0.099673 -13.6295 0 0 0 -0 0 180 0 -180
0 -180 0 0 0 -0 0 180 0.110139 18.8388 0 -0 0 0 0 -0 0 180
0 180 0 180 0 -0 0 -0 0.099673 -13.6295 0 180 0 0 0 0 0 -180
0 -180 0 180 0 0 0 0 0.110139 18.8388 0 -0 0 -0 0 -0 0 180
0 180 0 -0 0 180 0 180 0.184596 166.817 0 180 0 -180 0 0 0 -180
0 -180 0 0 0 -180 0 180 0.815114 -3.43682 0 -180 0 180 0 -0 0 180
