RSoft_BSDF_File_Version 2
1 0 5 2 1 0.64
0.3 0.3
-1 1
-1 1
1 0.647 0.647
10 0 45 0.5
4 0 45
Begin_Dispersion_Data
0.647 1.45662 0 1 0 0
End_Dispersion_Data
inside=0 lambda=0.647 phi=0 theta=0
0 -180 0 -180 0 -180 0 0 0.0416784 116.678 0 0 0 -180 0 -180 0 -180
0 -180 0 -180 0 -180 0 0 1.20585 79.8383 0 0 0 -180 0 -180 0 -180
0 -180 0 180 0 0 0 -0 2.70288e-13 -177.645 0 -0 0 0 0 180 0 -180
0 -180 0 -180 0 0 0 180 2.56008e-13 -175.8 0 -180 0 0 0 -180 0 -180
0 -180 0 180 0 0 0 -0 2.33983e-13 11.6557 0 -0 0 0 0 -0 0 -180
0 -180 0 -0 0 0 0 0 1.10495e-13 -78.8154 0 -0 0 0 0 -0 0 -180
0 -180 0 0 0 -180 0 -180 0.0416784 116.678 0 -180 0 -180 0 0 0 -180
0 -180 0 0 0 -180 0 -180 1.20585 79.8383 0 -180 0 -180 0 0 0 -180
inside=0 lambda=0.647 phi=0 theta=15
0 -180 0 -180 0 -180 0 0 0.0416784 116.678 0 0 0 -180 0 -180 0 -180
0 -180 0 -180 0 -180 0 0 1.20585 79.8383 0 0 0 -180 0 -180 0 -180
0 -180 0 180 0 0 0 -0 2.70288e-13 -177.645 0 -0 0 0 0 180 0 -180
0 -180 0 -180 0 0 0 180 2.56008e-13 -175.8 0 -180 0 0 0 -180 0 -180
0 -180 0 180 0 0 0 -0 2.33983e-13 11.6557 0 -0 0 0 0 -0 0 -180
0 -180 0 -0 0 0 0 0 1.10495e-13 -78.8154 0 -0 0 0 0 -0 0 -180
0 -180 0 0 0 -180 0 -180 0.0416784 116.678 0 -180 0 -180 0 0 0 -180
0 -180 0 0 0 -180 0 -180 1.20585 79.8383 0 -180 0 -180 0 0 0 -180
inside=0 lambda=0.647 phi=0 theta=30
0 -180 0 -180 0 -180 0 0 0.0416784 116.678 0 0 0 -180 0 -180 0 -180
0 -180 0 -180 0 -180 0 0 1.20585 79.8383 0 0 0 -180 0 -180 0 -180
0 -180 0 180 0 0 0 -0 2.70288e-13 -177.645 0 -0 0 0 0 180 0 -180
0 -180 0 -180 0 0 0 180 2.56008e-13 -175.8 0 -180 0 0 0 -180 0 -180
0 -180 0 180 0 0 0 -0 2.33983e-13 11.6557 0 -0 0 0 0 -0 0 -180
0 -180 0 -0 0 0 0 0 1.10495e-13 -78.8154 0 -0 0 0 0 -0 0 -180
0 -180 0 0 0 -180 0 -180 0.0416784 116.678 0 -180 0 -180 0 0 0 -180
0 -180 0 0 0 -180 0 -180 1.20585 79.8383 0 -180 0 -180 0 0 0 -180
inside=0 lambda=0.647 phi=0 theta=45
0 -180 0 -180 0 -180 0 0 0.0416784 116.678 0 0 0 -180 0 -180 0 -180
0 -180 0 -180 0 -180 0 0 1.20585 79.8383 0 0 0 -180 0 -180 0 -180
0 -180 0 180 0 0 0 -0 2.70288e-13 -177.645 0 -0 0 0 0 180 0 -180
0 -180 0 -180 0 0 0 180 2.56008e-13 -175.8 0 -180 0 0 0 -180 0 -180
0 -180 0 180 0 0 0 -0 2.33983e-13 11.6557 0 -0 0 0 0 -0 0 -180
0 -180 0 -0 0 0 0 0 1.10495e-13 -78.8154 0 -0 0 0 0 -0 0 -180
0 -180 0 0 0 -180 0 -180 0.0416784 116.678 0 -180 0 -180 0 0 0 -180
0 -180 0 0 0 -180 0 -180 1.20585 79.8383 0 -180 0 -180 0 0 0 -180
inside=0 lambda=0.647 phi=5 theta=0
0 -180 0 -180 0 -180 0 0 0.0469501 109.091 0 0 0 -180 0 -180 0 -180
0 -180 0 -180 0 -180 0 0 1.20298 77.5504 0 0 0 -180 0 -180 0 -180
0 -180 0 -180 0 0 0 180 4.68248e-14 -15.5193 0 -180 0 0 0 0 0 -180
0 -180 0 180 0 0 0 -180 2.7018e-13 -172.275 0 -0 0 0 0 -0 0 -180
0 -180 0 -180 0 0 0 -0 6.6342e-14 -64.9688 0 180 0 0 0 0 0 -180
0 -180 0 -180 0 0 0 180 5.17118e-13 163.366 0 -0 0 0 0 0 0 -180
0 -180 0 0 0 -180 0 -180 0.0486846 109.961 0 -180 0 -180 0 0 0 -180
0 -180 0 0 0 -180 0 -180 1.20807 77.5043 0 -180 0 -180 0 0 0 -180
inside=0 lambda=0.647 phi=5 theta=15
0 -180 0 -180 0 -180 0 0 0.0470664 109.151 0 0 0 -180 0 -180 0 -180
0 -180 0 -180 0 -180 0 0 1.20332 77.5472 0 0 0 -180 0 -180 0 -180
0 -180 0 -180 0 0 0 -180 0.000492682 -61.7139 0 0 0 0 0 0 0 -180
0 -180 0 180 0 0 0 -180 0.00158052 -138.907 0 0 0 0 0 -0 0 -180
0 -180 0 -180 0 0 0 -180 0.000492443 -61.6271 0 0 0 0 0 0 0 -180
0 -180 0 -180 0 0 0 180 0.00157591 -138.716 0 -0 0 0 0 0 0 -180
0 -180 0 0 0 -180 0 -180 0.0485685 109.904 0 -180 0 -180 0 0 0 -180
0 -180 0 0 0 -180 0 -180 1.20773 77.5073 0 -180 0 -180 0 0 0 -180
inside=0 lambda=0.647 phi=5 theta=30
0 -180 0 -180 0 -180 0 0 0.047384 109.311 0 0 0 -180 0 -180 0 -180
0 -180 0 -180 0 -180 0 0 1.20425 77.5386 0 0 0 -180 0 -180 0 -180
0 -180 0 -180 0 0 0 -180 0.000853261 -61.6957 0 0 0 0 0 0 0 -180
0 -180 0 180 0 0 0 -180 0.00273583 -138.866 0 0 0 0 0 -0 0 -180
0 -180 0 -180 0 0 0 -180 0.000853022 -61.6456 0 0 0 0 0 0 0 -180
0 -180 0 -180 0 0 0 180 0.00273123 -138.756 0 -0 0 0 0 0 0 -180
0 -180 0 0 0 -180 0 -180 0.0482513 109.746 0 -180 0 -180 0 0 0 -180
0 -180 0 0 0 -180 0 -180 1.2068 77.5155 0 -180 0 -180 0 0 0 -180
inside=0 lambda=0.647 phi=5 theta=45
0 -180 0 -180 0 -180 0 0 0.0478177 109.53 0 0 0 -180 0 -180 0 -180
0 -180 0 -180 0 -180 0 0 1.20552 77.5269 0 0 0 -180 0 -180 0 -180
0 -180 0 -180 0 0 0 -180 0.000985122 -61.6708 0 0 0 0 0 0 0 -180
0 -180 0 180 0 0 0 -180 0.00315639 -138.811 0 0 0 0 0 -0 0 -180
0 -180 0 -180 0 0 0 -180 0.000985122 -61.6708 0 0 0 0 0 0 0 -180
0 -180 0 -180 0 0 0 180 0.00315639 -138.811 0 -0 0 0 0 0 0 -180
0 -180 0 0 0 -180 0 -180 0.0478177 109.53 0 -180 0 -180 0 0 0 -180
0 -180 0 0 0 -180 0 -180 1.20552 77.5269 0 -180 0 -180 0 0 0 -180
inside=0 lambda=0.647 phi=10 theta=0
0 -180 0 -180 0 -180 0 0 0.06291 92.3512 0 0 0 -180 0 -180 0 -180
0 -180 0 -180 0 -180 0 0 1.19387 70.7071 0 0 0 -180 0 -180 0 -180
0 -180 0 -180 0 0 0 180 1.48008e-13 92.1343 0 -0 0 0 0 0 0 -180
0 -180 0 180 0 0 0 180 8.36907e-13 -17.5883 0 -180 0 0 0 -0 0 -180
0 -180 0 -180 0 0 0 180 6.95402e-14 98.8524 0 180 0 0 0 0 0 -180
0 -180 0 -180 0 0 0 -0 6.46932e-13 -21.9379 0 180 0 0 0 0 0 -180
0 -180 0 0 0 -180 0 -180 0.0711296 94.8262 0 -180 0 -180 0 0 0 -180
0 -180 0 0 0 -180 0 -180 1.21458 70.5061 0 -180 0 -180 0 0 0 -180
inside=0 lambda=0.647 phi=10 theta=15
0 -180 0 -180 0 -180 0 0 0.0634658 92.5232 0 0 0 -180 0 -180 0 -180
0 -180 0 -180 0 -180 0 0 1.19525 70.6919 0 0 0 -180 0 -180 0 -180
0 -180 0 -180 0 0 0 -180 0.00236296 -78.1826 0 0 0 0 0 0 0 -180
0 -180 0 180 0 0 0 -180 0.00650689 -146.931 0 0 0 0 0 -0 0 -180
0 -180 0 -180 0 0 0 -180 0.00235708 -77.9142 0 0 0 0 0 0 0 -180
0 -180 0 -180 0 0 0 180 0.00642773 -146.168 0 -0 0 0 0 0 0 -180
0 -180 0 0 0 -180 0 -180 0.0705847 94.6653 0 -180 0 -180 0 0 0 -180
0 -180 0 0 0 -180 0 -180 1.21318 70.5177 0 -180 0 -180 0 0 0 -180
inside=0 lambda=0.647 phi=10 theta=30
0 -180 0 -180 0 -180 0 0 0.064981 92.9878 0 0 0 -180 0 -180 0 -180
0 -180 0 -180 0 -180 0 0 1.19902 70.6516 0 0 0 -180 0 -180 0 -180
0 -180 0 -180 0 0 0 -180 0.00409053 -78.1291 0 0 0 0 0 0 0 -180
0 -180 0 180 0 0 0 -180 0.0112394 -146.765 0 0 0 0 0 -0 0 -180
0 -180 0 -180 0 0 0 -180 0.00408465 -77.9742 0 0 0 0 0 0 0 -180
0 -180 0 -180 0 0 0 180 0.0111603 -146.324 0 -0 0 0 0 0 0 -180
0 -180 0 0 0 -180 0 -180 0.0690915 94.223 0 -180 0 -180 0 0 0 -180
0 -180 0 0 0 -180 0 -180 1.20938 70.551 0 -180 0 -180 0 0 0 -180
inside=0 lambda=0.647 phi=10 theta=45
0 -180 0 -180 0 -180 0 0 0.0670417 93.6109 0 0 0 -180 0 -180 0 -180
0 -180 0 -180 0 -180 0 0 1.20419 70.5995 0 0 0 -180 0 -180 0 -180
0 -180 0 -180 0 0 0 -180 0.00471989 -78.0533 0 0 0 0 0 0 0 -180
0 -180 0 180 0 0 0 -180 0.0129314 -146.542 0 0 0 0 0 -0 0 -180
0 -180 0 -180 0 0 0 -180 0.00471989 -78.0533 0 0 0 0 0 0 0 -180
0 -180 0 -180 0 0 0 180 0.0129314 -146.542 0 -0 0 0 0 0 0 -180
0 -180 0 0 0 -180 0 -180 0.0670417 93.6109 0 -180 0 -180 0 0 0 -180
0 -180 0 0 0 -180 0 -180 1.20419 70.5995 0 -180 0 -180 0 0 0 -180
inside=0 lambda=0.647 phi=15 theta=0
0 -180 0 -180 0 -180 0 0 0.0860783 73.4802 0 0 0 -180 0 -180 0 -180
0 -180 0 -180 0 -180 0 0 1.17745 59.373 0 0 0 -180 0 -180 0 -180
0 -180 0 -180 0 0 0 0 2.35345e-13 -127.221 0 -0 0 0 0 0 0 -180
0 -180 0 180 0 0 0 -0 1.50871e-12 147.495 0 -0 0 0 0 -0 0 -180
0 -180 0 -180 0 0 0 180 2.81166e-13 -115.939 0 -180 0 0 0 0 0 -180
0 -180 0 -180 0 0 0 -180 1.5231e-12 148.437 0 180 0 0 0 0 0 -180
0 -180 0 0 0 -180 0 -180 0.110737 76.4612 0 -180 0 -180 0 0 0 -180
0 -180 0 0 0 -180 0 -180 1.22493 58.8739 0 -180 0 -180 0 0 0 -180
inside=0 lambda=0.647 phi=15 theta=15
0 -180 0 -180 0 -180 0 0 0.0877753 73.6787 0 0 0 -180 0 -180 0 -180
0 -180 0 -180 0 -180 0 0 1.18058 59.3299 0 0 0 -180 0 -180 0 -180
0 -180 0 -180 0 0 0 -180 0.00692647 -100.635 0 0 0 0 0 0 0 -180
0 -180 0 180 0 0 0 -180 0.0152685 -160.155 0 0 0 0 0 -0 0 -180
0 -180 0 -180 0 0 0 -180 0.00688693 -100.246 0 0 0 0 0 0 0 -180
0 -180 0 -180 0 0 0 180 0.0148165 -158.414 0 -0 0 0 0 0 0 -180
0 -180 0 0 0 -180 0 -180 0.109138 76.2567 0 -180 0 -180 0 0 0 -180
0 -180 0 0 0 -180 0 -180 1.22169 58.8972 0 -180 0 -180 0 0 0 -180
inside=0 lambda=0.647 phi=15 theta=30
0 -180 0 -180 0 -180 0 0 0.0923821 74.2201 0 0 0 -180 0 -180 0 -180
0 -180 0 -180 0 -180 0 0 1.18917 59.2191 0 0 0 -180 0 -180 0 -180
0 -180 0 -180 0 0 0 -180 0.0119814 -100.566 0 0 0 0 0 0 0 -180
0 -180 0 180 0 0 0 -180 0.0262541 -159.761 0 0 0 0 0 -0 0 -180
0 -180 0 -180 0 0 0 -180 0.0119422 -100.342 0 0 0 0 0 0 0 -180
0 -180 0 -180 0 0 0 180 0.0258046 -158.757 0 -0 0 0 0 0 0 -180
0 -180 0 0 0 -180 0 -180 0.104723 75.7043 0 -180 0 -180 0 0 0 -180
0 -180 0 0 0 -180 0 -180 1.2129 58.9687 0 -180 0 -180 0 0 0 -180
inside=0 lambda=0.647 phi=15 theta=45
0 -180 0 -180 0 -180 0 0 0.0986004 74.9597 0 0 0 -180 0 -180 0 -180
0 -180 0 -180 0 -180 0 0 1.20099 59.0841 0 0 0 -180 0 -180 0 -180
0 -180 0 -180 0 0 0 -180 0.0138117 -100.461 0 0 0 0 0 0 0 -180
0 -180 0 180 0 0 0 -180 0.0300418 -159.246 0 0 0 0 0 -0 0 -180
0 -180 0 -180 0 0 0 -180 0.0138117 -100.461 0 0 0 0 0 0 0 -180
0 -180 0 -180 0 0 0 180 0.0300418 -159.246 0 -0 0 0 0 0 0 -180
0 -180 0 0 0 -180 0 -180 0.0986004 74.9597 0 -180 0 -180 0 0 0 -180
0 -180 0 0 0 -180 0 -180 1.20099 59.0841 0 -180 0 -180 0 0 0 -180
inside=0 lambda=0.647 phi=20 theta=0
0 -180 0 -180 0 -180 0 0 0.106247 53.9611 0 0 0 -180 0 -180 0 -180
0 -180 0 -180 0 -180 0 0 1.15276 43.6419 0 -0 0 -180 0 -180 0 -180
0 -180 0 -180 0 0 0 180 3.72326e-13 -27.2517 0 -180 0 0 0 0 0 -180
0 -180 0 180 0 0 0 180 1.03331e-12 -61.1787 0 -0 0 0 0 -0 0 -180
0 -180 0 -180 0 0 0 -0 6.95706e-14 132.221 0 0 0 0 0 0 0 -180
0 -180 0 -180 0 0 0 0 3.83365e-13 -60.0091 0 180 0 0 0 0 0 -180
0 -180 0 0 0 -180 0 -180 0.166307 55.193 0 -180 0 -180 0 0 0 -180
0 -180 0 0 0 -180 0 -180 1.23894 42.7265 0 -180 0 -180 0 0 0 -180
inside=0 lambda=0.647 phi=20 theta=15
0 -180 0 -180 0 -180 0 0 0.11043 53.9255 0 0 0 -180 0 -180 0 -180
0 -180 0 -180 0 -180 0 0 1.15837 43.5463 0 -0 0 -180 0 -180 0 -180
0 -180 0 -180 0 0 0 -180 0.0163401 -126.533 0 0 0 0 0 0 0 -180
0 -180 0 180 0 0 0 -180 0.0285513 -178.024 0 0 0 0 0 -0 0 -180
0 -180 0 -180 0 0 0 -180 0.0162053 -126.165 0 0 0 0 0 0 0 -180
0 -180 0 -180 0 0 0 180 0.0268645 -174.746 0 -0 0 0 0 0 0 -180
0 -180 0 0 0 -180 0 -180 0.162505 55.0239 0 -180 0 -180 0 0 0 -180
0 -180 0 0 0 -180 0 -180 1.23295 42.7509 0 -180 0 -180 0 0 0 -180
inside=0 lambda=0.647 phi=20 theta=30
0 -180 0 -180 0 -180 0 0 0.121766 53.9511 0 0 0 -180 0 -180 0 -180
0 -180 0 -180 0 -180 0 0 1.17378 43.3103 0 -0 0 -180 0 -180 0 -180
0 -180 0 -180 0 0 0 -180 0.0282432 -126.484 0 0 0 0 0 0 0 -180
0 -180 0 180 0 0 0 -180 0.048643 -177.24 0 0 0 0 0 -0 0 -180
0 -180 0 -180 0 0 0 -180 0.0281126 -126.271 0 0 0 0 0 0 0 -180
0 -180 0 -180 0 0 0 180 0.0469868 -175.355 0 -0 0 0 0 0 0 -180
0 -180 0 0 0 -180 0 -180 0.151897 54.619 0 -180 0 -180 0 0 0 -180
0 -180 0 0 0 -180 0 -180 1.21679 42.8482 0 -180 0 -180 0 0 0 -180
inside=0 lambda=0.647 phi=20 theta=45
0 -180 0 -180 0 -180 0 0 0.137007 54.197 0 0 0 -180 0 -180 0 -180
0 -180 0 -180 0 -180 0 0 1.1951 43.0454 0 0 0 -180 0 -180 0 -180
0 -180 0 -180 0 0 0 -180 0.0325328 -126.392 0 0 0 0 0 0 0 -180
0 -180 0 180 0 0 0 -180 0.0551133 -176.254 0 0 0 0 0 -0 0 -180
0 -180 0 -180 0 0 0 -180 0.0325328 -126.392 0 0 0 0 0 0 0 -180
0 -180 0 -180 0 0 0 180 0.0551133 -176.254 0 -0 0 0 0 0 0 -180
0 -180 0 0 0 -180 0 -180 0.137007 54.197 0 -180 0 -180 0 0 0 -180
0 -180 0 0 0 -180 0 -180 1.1951 43.0454 0 -180 0 -180 0 0 0 -180
inside=0 lambda=0.647 phi=25 theta=0
0 -180 0 -180 0 -180 0 0 0.107584 35.274 0 0 0 -180 0 -180 0 -180
0 -180 0 -180 0 180 0 0 1.11889 23.5658 0 -0 0 -180 0 -180 0 180
0 -180 0 -180 0 0 0 -0 8.40424e-14 -98.7247 0 -0 0 0 0 0 0 -180
0 -180 0 180 0 -0 0 -0 2.00682e-14 170.628 0 -0 0 0 0 -0 0 180
0 -180 0 -180 0 0 0 180 3.90443e-14 86.7828 0 -0 0 0 0 0 0 -180
0 180 0 180 0 0 0 180 1.35097e-13 131.362 0 -180 0 -0 0 -0 0 -180
0 -180 0 0 0 -180 0 -180 0.23022 29.9703 0 -180 0 -180 0 0 0 -180
0 180 0 -0 0 -180 0 180 1.25952 22.3814 0 -180 0 180 0 -0 0 -180
inside=0 lambda=0.647 phi=25 theta=15
0 -180 0 -180 0 -180 0 0 0.115961 34.0369 0 0 0 -180 0 -180 0 -180
0 180 0 -180 0 180 0 0 1.12792 23.3823 0 -0 0 -180 0 -180 0 180
0 -180 0 -180 0 0 0 -180 0.0326556 -155.831 0 0 0 0 0 0 0 -180
0 -180 0 180 0 -0 0 180 0.0477357 160.648 0 -0 0 0 0 -0 0 180
0 -180 0 -180 0 0 0 -180 0.0323926 -155.644 0 180 0 0 0 0 0 -180
0 180 0 -180 0 0 0 180 0.0427003 166.579 0 -0 0 -0 0 -0 0 180
0 -180 0 0 0 -180 0 -180 0.222657 29.8952 0 -180 0 -180 0 0 0 -180
0 180 0 0 0 -180 0 180 1.24942 22.3468 0 -180 0 180 0 -0 0 180
inside=0 lambda=0.647 phi=25 theta=30
0 -180 0 -180 0 -180 0 0 0.138984 31.8541 0 0 0 -180 0 -180 0 -180
0 180 0 -180 0 180 0 0 1.15277 22.9701 0 -0 0 -180 0 -180 0 180
0 -180 0 -180 0 0 0 -180 0.0563997 -155.811 0 0 0 0 0 180 0 -180
0 -180 0 180 0 -0 0 -180 0.0798129 162.19 0 -0 0 0 0 -0 0 180
0 -180 0 -180 0 0 0 -180 0.0561691 -155.69 0 180 0 0 0 0 0 -180
0 180 0 -180 0 0 0 180 0.0750385 165.589 0 -0 0 -0 0 -0 0 180
0 -180 0 0 0 -180 0 -180 0.201014 29.8992 0 -180 0 -180 0 0 0 -180
0 180 0 0 0 -180 0 180 1.22264 22.363 0 -180 0 180 0 -0 0 180
inside=0 lambda=0.647 phi=25 theta=45
0 -180 0 -180 0 -180 0 0 0.170301 30.4173 0 0 0 -180 0 -180 0 -180
0 180 0 -180 0 180 0 0 1.18727 22.5751 0 -0 0 -180 0 -180 0 180
0 -180 0 -180 0 0 0 -180 0.0649651 -155.758 0 0 0 0 0 180 0 -180
0 180 0 180 0 -0 0 -180 0.0889354 164.023 0 -0 0 0 0 -0 0 180
0 -180 0 -180 0 0 0 -180 0.0649651 -155.758 0 180 0 0 0 0 0 -180
0 180 0 -180 0 0 0 180 0.0889354 164.023 0 -0 0 -0 0 -0 0 180
0 -180 0 0 0 -180 0 -180 0.170301 30.4173 0 -180 0 -180 0 0 0 -180
0 180 0 0 0 -180 0 -180 1.18727 22.5751 0 -180 0 180 0 -0 0 180
inside=0 lambda=0.647 phi=30 theta=0
0 -180 0 180 0 -180 0.0476131 -66.1334 0.0746788 33.218 0 0 0 -180 0 180 0 -180
0 180 0 -180 0 180 0 -0 1.06517 -0.848099 0 -0 0 180 0 -180 0 180
0 -180 0 -180 0 0 4.35903e-14 44.5611 2.83636e-13 -150.708 0 -0 0 0 0 0 0 -180
0 180 0 0 0 -0 0 0 3.26174e-13 21.3716 0 180 0 -0 0 -180 0 180
0 -180 0 -180 0 0 9.69763e-15 94.5985 1.96231e-13 -85.6463 0 -180 0 0 0 0 0 -180
0 180 0 180 0 -0 0 -180 2.49123e-13 90.8693 0 0 0 -0 0 -0 0 180
0 -180 0 0 0 -180 0.221543 -117.768 0.283258 -2.07084 0 -180 0 -180 0 0 0 -180
0 180 0 -0 0 180 0 180 1.29334 -1.38732 0 180 0 180 0 -0 0 180
inside=0 lambda=0.647 phi=30 theta=15
0 -180 0 -180 0 -180 0 -0 0.089668 23.5323 0 0 0 180 0 180 0 -180
0 180 0 -180 0 180 0 -0 1.08519 -1.19899 0 -0 0 180 0 -180 0 180
0 -180 0 -180 0 0 0 -180 0.0561287 169.532 0 0 0 0 0 0 0 -180
0 180 0 0 0 -0 0 180 0.0790789 137.122 0 -0 0 -0 0 -180 0 180
0 -180 0 -180 0 0 0 -180 0.0560007 169.254 0 180 0 0 0 0 0 -180
0 180 0 180 0 -0 0 0 0.065353 147.823 0 -180 0 -0 0 -0 0 180
0 -180 0 0 0 -180 0 -180 0.270665 -0.71042 0 -180 0 -180 0 0 0 -180
0 180 0 -0 0 180 0 180 1.28393 -1.76406 0 180 0 180 0 -0 0 180
inside=0 lambda=0.647 phi=30 theta=30
0 -180 0 -180 0 -180 0 -0 0.124972 9.7971 0 0 0 180 0 180 0 -180
0 180 0 -180 0 180 0 -0 1.12604 -1.9251 0 -0 0 180 0 -180 0 180
0 -180 0 -180 0 0 0 -180 0.0966976 169.598 0 0 0 0 0 180 0 -180
0 180 0 0 0 -0 0 180 0.126546 140.3 0 -0 0 -0 0 -180 0 180
0 -180 0 -180 0 0 0 -180 0.0967577 169.564 0 180 0 0 0 0 0 -180
0 180 0 180 0 -0 0 0 0.115244 146.48 0 -180 0 -0 0 -0 0 180
0 -180 0 0 0 -180 0 -180 0.233396 0.129977 0 -180 0 -180 0 0 0 -180
0 180 0 -0 0 180 0 180 1.2397 -2.27669 0 180 0 180 0 -0 0 180
inside=0 lambda=0.647 phi=30 theta=45
0 -180 0 -180 0 -180 0 0 0.17866 2.86619 0 0 0 180 0 180 0 -180
0 180 0 180 0 180 0 -0 1.18235 -2.32629 0 -0 0 180 0 -180 0 180
0 -180 0 -180 0 0 0 -180 0.111542 169.624 0 0 0 0 0 180 0 -180
0 180 0 0 0 -0 0 180 0.137947 143.798 0 -0 0 -0 0 -180 0 180
0 -180 0 -180 0 0 0 -180 0.111542 169.624 0 180 0 0 0 0 0 -180
0 180 0 180 0 -0 0 0 0.137947 143.798 0 -180 0 -0 0 -0 0 180
0 -180 0 0 0 180 0 -180 0.17866 2.86619 0 180 0 -180 0 0 0 -180
0 180 0 -0 0 180 0 180 1.18235 -2.32629 0 -180 0 180 0 -0 0 180
inside=0 lambda=0.647 phi=35 theta=0
0 -180 0 180 0 -180 0.129739 -40.6597 0.0893003 77.0412 0 0 0 -180 0 180 0 -180
0 180 0 -180 0 180 0 -0 0.968177 -30.5637 0 -180 0 180 0 -180 0 180
0 -180 0 -180 0 0 1.56252e-13 -169.714 1.03699e-13 -15.7496 0 180 0 0 0 0 0 -180
0 180 0 0 0 -0 0 180 2.2952e-13 131.151 0 180 0 -0 0 -180 0 180
0 -180 0 -180 0 0 5.74942e-13 -62.3743 1.26753e-13 79.5476 0 -0 0 0 0 0 0 -180
0 180 0 180 0 -0 0 -0 1.9435e-13 -132.905 0 180 0 -0 0 -0 0 180
0 -180 0 0 0 -180 0.197299 -67.8664 0.333105 -41.2587 0 -180 0 -180 0 0 0 -180
0 180 0 -0 0 180 0 180 1.37367 -29.0524 0 180 0 180 0 -0 0 180
inside=0 lambda=0.647 phi=35 theta=15
0 -180 0 180 0 -180 0.106558 -56.6453 0.0755232 64.9759 0 0 0 -180 0 180 0 -180
0 180 0 -180 0 180 0 -0 1.00001 -30.9268 0 -180 0 180 0 -180 0 180
0 -180 0 -180 0 0 0.0518592 -94.3518 0.0843221 125.181 0 0 0 0 0 0 0 -180
0 180 0 0 0 -0 0 180 0.138102 112.822 0 -0 0 -0 0 -180 0 180
0 -180 0 -180 0 -0 0.0541653 -87.6974 0.0874419 125.245 0 0 0 0 0 0 0 -180
0 180 0 180 0 -0 0 0 0.112981 128.867 0 -180 0 -0 0 -0 0 180
0 -180 0 0 0 180 0.191815 -86.6242 0.299199 -41.9372 0 180 0 -180 0 0 0 -180
0 180 0 -0 0 180 0 180 1.35346 -29.7391 0 180 0 180 0 -0 0 180
inside=0 lambda=0.647 phi=35 theta=30
0 -180 0 -180 0 -180 0 -0 0.0712459 8.77062 0 0 0 180 0 180 0 -180
0 180 0 -180 0 180 0 -0 1.08838 -31.8876 0 -0 0 180 0 -180 0 180
0 -180 0 -180 0 0 0 -180 0.143994 124.018 0 0 0 -0 0 0 0 -180
0 180 0 0 0 -0 0 180 0.218739 116.421 0 -0 0 -0 0 -180 0 180
0 -180 0 -180 0 -0 0 -180 0.146263 123.958 0 0 0 0 0 0 0 -180
0 180 0 180 0 -0 0 0 0.196081 126.449 0 -180 0 -0 0 -0 0 180
0 -180 0 -0 0 180 0 -180 0.220596 -39.2664 0 180 0 -180 0 0 0 -180
0 180 0 -0 0 180 0 180 1.29575 -31.2342 0 180 0 180 0 -0 0 180
inside=0 lambda=0.647 phi=35 theta=45
0 -180 0 -180 0 -180 0 -0 0.134333 -29.7033 0 0 0 180 0 180 0 -180
0 180 0 180 0 180 0 -0 1.19289 -32.1668 0 -0 0 180 0 180 0 180
0 -180 0 -180 0 0 0 -180 0.16642 124.025 0 0 0 -0 0 0 0 -180
0 180 0 0 0 -0 0 180 0.235205 122.376 0 -0 0 -0 0 -180 0 180
0 -180 0 -180 0 -0 0 -180 0.16642 124.025 0 0 0 0 0 0 0 -180
0 180 0 180 0 -0 0 0 0.235205 122.376 0 -180 0 -0 0 -0 0 180
0 -180 0 -0 0 180 0 -180 0.134333 -29.7033 0 180 0 -180 0 0 0 -180
0 180 0 -0 0 180 0 180 1.19289 -32.1668 0 180 0 180 0 -0 0 180
inside=0 lambda=0.647 phi=40 theta=0
0 -0 0 180 0 -180 0.284925 20.6735 0.190006 38.9263 0 0 0 -0 0 180 0 -180
0 180 0 -180 0 0 0 -0 0.753423 -65.3192 0 -180 0 180 0 -180 0 0
0 -0 0 -180 0 0 6.9973e-14 -123.185 1.4602e-13 173.926 0 -0 0 180 0 0 0 -180
0 180 0 0 0 -180 0 180 3.59777e-13 -116.672 0 -180 0 -0 0 -180 0 0
0 -0 0 -180 0 0 2.02286e-12 -153.512 5.4286e-13 -45.119 0 -0 0 180 0 0 0 -180
0 0 0 180 0 -0 0 0 9.49232e-13 -132.358 0 0 0 -180 0 -0 0 180
0 -0 0 0 0 -180 0.401928 -2.63962 0.291742 -86.3701 0 -180 0 -0 0 0 0 -180
0 0 0 -0 0 180 0 0 1.59401 -59.483 0 180 0 0 0 -0 0 180
inside=0 lambda=0.647 phi=40 theta=15
0 -180 0 180 0 -180 0.224378 -25.2024 0.195854 54.5238 0 0 0 -180 0 180 0 -180
0 180 0 -180 0 0 0 -0 0.818537 -66.7777 0 -180 0 180 0 180 0 0
0 -180 0 -180 0 0 0.0756821 -130.665 0.11702 60.609 0 0 0 0 0 0 0 -180
0 180 0 0 0 -180 0 0 0.289481 78.2015 0 -180 0 -0 0 -180 0 0
0 -180 0 -180 0 -0 0.121684 -38.655 0.123009 63.6232 0 0 0 180 0 0 0 -180
0 0 0 180 0 -0 0 0 0.234294 103.917 0 -180 0 -180 0 -0 0 180
0 -180 0 0 0 180 0.29736 -32.2647 0.277668 -102.291 0 180 0 -0 0 0 0 -180
0 0 0 -0 0 180 0 0 1.57229 -62.7048 0 180 0 0 0 -0 0 180
inside=0 lambda=0.647 phi=40 theta=30
0 -180 0 -180 0 -180 0.0913484 -92.2436 0.138592 62.5789 0 0 0 -180 0 180 0 -180
0 180 0 -180 0 0 0 -0 1.0066 -68.8712 0 -180 0 180 0 180 0 0
0 -180 0 -180 0 0 0.12797 -138.525 0.220381 53.3384 0 0 0 0 0 0 0 -180
0 180 0 0 0 -180 0 180 0.458367 86.3029 0 -180 0 -0 0 -180 0 0
0 -180 0 -180 0 0 0.113403 -105.132 0.227689 54.8886 0 0 0 0 0 0 0 -180
0 180 0 180 0 -0 0 0 0.414128 97.4943 0 -180 0 -180 0 -180 0 0
0 -180 0 0 0 -0 0.210048 -100.615 0.154131 -123.457 0 180 0 -0 0 0 0 -180
0 180 0 -0 0 180 0 180 1.45441 -67.0571 0 180 0 0 0 -180 0 0
inside=0 lambda=0.647 phi=40 theta=45
0 -180 0 -180 0 -180 0 -0 0.0200271 136.74 0 0 0 180 0 180 0 -180
0 180 0 180 0 0 0 -0 1.24633 -69.7561 0 -180 0 180 0 180 0 0
0 -180 0 -180 0 0 0 -180 0.253347 50.7508 0 0 0 0 0 0 0 -180
0 180 0 0 0 -180 0 180 0.495831 92.1708 0 -180 0 -0 0 -180 0 0
0 -180 0 -180 0 0 0 -180 0.253347 50.7508 0 0 0 0 0 0 0 -180
0 180 0 180 0 -0 0 0 0.495831 92.1708 0 -180 0 -180 0 -180 0 0
0 -180 0 -0 0 180 0 -180 0.0200271 136.74 0 180 0 -180 0 0 0 -180
0 180 0 -0 0 180 0 180 1.24633 -69.7561 0 180 0 0 0 -180 0 0
inside=0 lambda=0.647 phi=45 theta=0
0 180 0 180 0 180 0.592683 -82.8378 0.779808 -67.2373 0 180 0 180 0 180 0 180
0 180 0 180 0 -180 0 -0 0 -0 0 180 0 180 0 180 0 -180
0 -180 0 -0 0 -0 2.74903e-13 -21.8479 3.31672e-12 -48.1515 0 180 0 0 0 180 0 180
0 180 0 -0 0 0 0 -180 0 0 0 0 0 -0 0 180 0 -180
0 -0 0 -180 0 0 5.78553e-12 -148.085 6.11663e-12 -65.6488 0 -180 0 180 0 0 0 -180
0 0 0 0 0 0 0 0 0 -0 0 0 0 -180 0 -180 0 -180
0 -180 0 0 0 -180 0.346876 24.0281 0.944537 96.3168 0 -180 0 -180 0 0 0 -180
0 0 0 -180 0 -180 0 0 0 -180 0 180 0 0 0 -180 0 -180
inside=0 lambda=0.647 phi=45 theta=15
0 -180 0 180 0 -180 0.390479 -1.32605 0.744154 -77.2575 0 180 0 -180 0 180 0 -180
0 180 0 180 0 0 0 -0 0 -0 0 180 0 180 0 180 0 180
0 -180 0 -0 0 0 0.346649 99.5407 0.444821 -87.3399 0 0 0 0 0 180 0 -180
0 180 0 -0 0 -180 0 -180 0 0 0 180 0 -0 0 180 0 180
0 -0 0 -180 0 -0 0.25057 5.40332 0.422503 -87.1538 0 180 0 0 0 0 0 -180
0 0 0 0 0 -180 0 -0 0 0 0 180 0 -180 0 -180 0 0
0 -0 0 0 0 180 0.608351 -44.2316 0.646825 81.9991 0 -180 0 -180 0 0 0 -180
0 0 0 -180 0 0 0 0 0 -180 0 0 0 0 0 -180 0 0
inside=0 lambda=0.647 phi=45 theta=30
0 180 0 180 0 -180 0.225659 -78.3367 0.54331 -41.9465 0 0 0 -180 0 -180 0 180
0 180 0 180 0 0 0 -0 0 -180 0 180 0 0 0 180 0 -0
0 180 0 -0 0 0 0.245092 95.8677 0.705688 -87.4775 0 0 0 0 0 180 0 -180
0 180 0 -0 0 -180 0 180 0 0 0 180 0 -180 0 180 0 -0
0 -180 0 -180 0 0 0.24978 -115.218 0.700346 -89.7501 0 -180 0 0 0 0 0 180
0 0 0 0 0 -180 0 0 0 0 0 180 0 -180 0 -180 0 0
0 -180 0 0 0 -180 0.243816 -113.673 0.646854 41.907 0 -180 0 -180 0 0 0 180
0 0 0 -0 0 0 0 0 0 -180 0 0 0 0 0 -180 0 -0
inside=0 lambda=0.647 phi=45 theta=45
0 180 0 180 0 -180 0 -0 0.520829 -4.45597 0 0 0 -180 0 -180 0 180
0 180 0 180 0 0 0 -0 0 -180 0 180 0 0 0 0 0 -0
0 180 0 -0 0 0 0 180 0.853661 -94.456 0 0 0 0 0 -180 0 180
0 180 0 -0 0 -180 0 180 0 0 0 180 0 -180 0 180 0 -0
0 180 0 180 0 0 0 -0 0.853661 -94.456 0 -180 0 0 0 0 0 180
0 180 0 180 0 -180 0 -0 0 0 0 180 0 -180 0 180 0 -0
0 180 0 -0 0 -180 0 180 0.520829 -4.45597 0 -180 0 -180 0 0 0 180
0 180 0 -0 0 0 0 180 0 -180 0 0 0 0 0 180 0 -0
inside=1 lambda=0.647 phi=0 theta=0
0 -180 0 -180 0 -180 0 0 0.0416784 -137.001 0 0 0 -180 0 -180 0 -180
0 -180 0 -180 0 -180 0 0 0.827847 79.8383 0 0 0 -180 0 -180 0 -180
0 -180 0 0 0 0 0 -180 1.90137e-13 133.503 0 180 0 0 0 180 0 -180
0 -180 0 -180 0 0 0 180 2.03926e-13 52.0532 0 -180 0 0 0 -0 0 -180
0 -180 0 -0 0 0 0 180 1.40076e-13 179.136 0 180 0 0 0 180 0 -180
0 -180 0 180 0 0 0 180 8.14476e-14 60.3952 0 180 0 0 0 180 0 -180
0 -180 0 0 0 -180 0 -180 0.0416784 -137.001 0 -180 0 -180 0 0 0 -180
0 -180 0 0 0 -180 0 -180 0.827847 79.8383 0 -180 0 -180 0 0 0 -180
inside=1 lambda=0.647 phi=0 theta=15
0 -180 0 -180 0 -180 0 0 0.0416784 -137.001 0 0 0 -180 0 -180 0 -180
0 -180 0 -180 0 -180 0 0 0.827847 79.8383 0 0 0 -180 0 -180 0 -180
0 -180 0 0 0 0 0 -180 1.90137e-13 133.503 0 180 0 0 0 180 0 -180
0 -180 0 -180 0 0 0 180 2.03926e-13 52.0532 0 -180 0 0 0 -0 0 -180
0 -180 0 -0 0 0 0 180 1.40076e-13 179.136 0 180 0 0 0 180 0 -180
0 -180 0 180 0 0 0 180 8.14476e-14 60.3952 0 180 0 0 0 180 0 -180
0 -180 0 0 0 -180 0 -180 0.0416784 -137.001 0 -180 0 -180 0 0 0 -180
0 -180 0 0 0 -180 0 -180 0.827847 79.8383 0 -180 0 -180 0 0 0 -180
inside=1 lambda=0.647 phi=0 theta=30
0 -180 0 -180 0 -180 0 0 0.0416784 -137.001 0 0 0 -180 0 -180 0 -180
0 -180 0 -180 0 -180 0 0 0.827847 79.8383 0 0 0 -180 0 -180 0 -180
0 -180 0 0 0 0 0 -180 1.90137e-13 133.503 0 180 0 0 0 180 0 -180
0 -180 0 -180 0 0 0 180 2.03926e-13 52.0532 0 -180 0 0 0 -0 0 -180
0 -180 0 -0 0 0 0 180 1.40076e-13 179.136 0 180 0 0 0 180 0 -180
0 -180 0 180 0 0 0 180 8.14476e-14 60.3952 0 180 0 0 0 180 0 -180
0 -180 0 0 0 -180 0 -180 0.0416784 -137.001 0 -180 0 -180 0 0 0 -180
0 -180 0 0 0 -180 0 -180 0.827847 79.8383 0 -180 0 -180 0 0 0 -180
inside=1 lambda=0.647 phi=0 theta=45
0 -180 0 -180 0 -180 0 0 0.0416784 -137.001 0 0 0 -180 0 -180 0 -180
0 -180 0 -180 0 -180 0 0 0.827847 79.8383 0 0 0 -180 0 -180 0 -180
0 -180 0 0 0 0 0 -180 1.90137e-13 133.503 0 180 0 0 0 180 0 -180
0 -180 0 -180 0 0 0 180 2.03926e-13 52.0532 0 -180 0 0 0 -0 0 -180
0 -180 0 -0 0 0 0 180 1.40076e-13 179.136 0 180 0 0 0 180 0 -180
0 -180 0 180 0 0 0 180 8.14476e-14 60.3952 0 180 0 0 0 180 0 -180
0 -180 0 0 0 -180 0 -180 0.0416784 -137.001 0 -180 0 -180 0 0 0 -180
0 -180 0 0 0 -180 0 -180 0.827847 79.8383 0 -180 0 -180 0 0 0 -180
inside=1 lambda=0.647 phi=5 theta=0
0 -180 0 -180 0 -180 0 0 0.044138 -135.408 0 0 0 -180 0 -180 0 -180
0 -180 0 -180 0 -180 0 0 0.828595 78.761 0 0 0 -180 0 -180 0 -180
0 -180 0 -0 0 0 0 -0 9.13196e-14 -125.27 0 0 0 0 0 180 0 -180
0 -180 0 180 0 0 0 180 3.41544e-13 -15.0772 0 -180 0 0 0 -0 0 -180
0 -180 0 -180 0 0 0 -0 7.73843e-14 -142.324 0 -0 0 0 0 0 0 -180
0 -180 0 -180 0 0 0 180 3.05527e-13 -14.5653 0 180 0 0 0 0 0 -180
0 -180 0 0 0 -180 0 -180 0.0449348 -135.881 0 -180 0 -180 0 0 0 -180
0 -180 0 0 0 -180 0 -180 0.826894 78.7397 0 -180 0 -180 0 0 0 -180
inside=1 lambda=0.647 phi=5 theta=15
0 -180 0 -180 0 -180 0 0 0.0441913 -135.44 0 0 0 -180 0 -180 0 -180
0 -180 0 -180 0 -180 0 0 0.828481 78.7596 0 0 0 -180 0 -180 0 -180
0 -180 0 -0 0 0 0 -180 0.000231332 28.0506 0 0 0 0 0 180 0 -180
0 -180 0 180 0 0 0 -180 0.000521304 113.926 0 0 0 0 0 -0 0 -180
0 -180 0 -180 0 0 0 -0 0.000231238 27.9977 0 180 0 0 0 0 0 -180
0 -180 0 -180 0 0 0 180 0.000520588 113.833 0 -0 0 0 0 0 0 -180
0 -180 0 0 0 -180 0 -180 0.0448814 -135.85 0 -180 0 -180 0 0 0 -180
0 -180 0 0 0 -180 0 -180 0.827008 78.7411 0 -180 0 -180 0 0 0 -180
inside=1 lambda=0.647 phi=5 theta=30
0 -180 0 -180 0 -180 0 0 0.0443371 -135.527 0 0 0 -180 0 -180 0 -180
0 -180 0 -180 0 -180 0 0 0.82817 78.7557 0 0 0 -180 0 -180 0 -180
0 -180 0 -0 0 0 0 -180 0.000400645 28.0394 0 0 0 0 0 180 0 -180
0 -180 0 180 0 0 0 -180 0.000902661 113.906 0 0 0 0 0 -0 0 -180
0 -180 0 -180 0 0 0 -0 0.000400551 28.0089 0 180 0 0 0 0 0 -180
0 -180 0 -180 0 0 0 180 0.000901945 113.852 0 -0 0 0 0 0 0 -180
0 -180 0 0 0 -180 0 -180 0.0447355 -135.764 0 -180 0 -180 0 0 0 -180
0 -180 0 0 0 -180 0 -180 0.827319 78.745 0 -180 0 -180 0 0 0 -180
inside=1 lambda=0.647 phi=5 theta=45
0 -180 0 -180 0 -180 0 0 0.0445363 -135.646 0 0 0 -180 0 -180 0 -180
0 -180 0 -180 0 -180 0 0 0.827745 78.7504 0 0 0 -180 0 -180 0 -180
0 -180 0 -0 0 0 0 -180 0.00046257 28.0242 0 0 0 0 0 180 0 -180
0 -180 0 180 0 0 0 -180 0.00104189 113.879 0 0 0 0 0 -0 0 -180
0 -180 0 -180 0 0 0 -0 0.00046257 28.0242 0 180 0 0 0 0 0 -180
0 -180 0 -180 0 0 0 180 0.00104189 113.879 0 -0 0 0 0 0 0 -180
0 -180 0 0 0 -180 0 -180 0.0445363 -135.646 0 -180 0 -180 0 0 0 -180
0 -180 0 0 0 -180 0 -180 0.827745 78.7504 0 -180 0 -180 0 0 0 -180
inside=1 lambda=0.647 phi=10 theta=0
0 -180 0 -180 0 -180 0 0 0.0516471 -132.356 0 0 0 -180 0 -180 0 -180
0 -180 0 -180 0 -180 0 0 0.83084 75.551 0 0 0 -180 0 -180 0 -180
0 -180 0 -0 0 0 0 -0 1.20409e-13 -179.008 0 -0 0 0 0 180 0 -180
0 -180 0 180 0 0 0 0 9.26034e-13 -7.76081 0 180 0 0 0 -0 0 -180
0 -180 0 -180 0 0 0 180 1.83791e-13 -163.803 0 180 0 0 0 0 0 -180
0 -180 0 -180 0 0 0 -0 5.64514e-13 -9.83965 0 -180 0 0 0 0 0 -180
0 -180 0 0 0 -180 0 -180 0.0550507 -134.019 0 -180 0 -180 0 0 0 -180
0 -180 0 0 0 -180 0 -180 0.823945 75.4621 0 -180 0 -180 0 0 0 -180
inside=1 lambda=0.647 phi=10 theta=15
0 -180 0 -180 0 -180 0 0 0.051875 -132.473 0 0 0 -180 0 -180 0 -180
0 -180 0 -180 0 -180 0 0 0.830377 75.545 0 0 0 -180 0 -180 0 -180
0 -180 0 -0 0 0 0 -180 0.00101246 29.0133 0 0 0 0 0 180 0 -180
0 -180 0 180 0 0 0 -180 0.00212164 110.894 0 0 0 0 0 -0 0 -180
0 -180 0 -180 0 0 0 -0 0.00101026 28.8523 0 180 0 0 0 0 0 -180
0 -180 0 -180 0 0 0 180 0.00210992 110.524 0 -0 0 0 0 0 0 -180
0 -180 0 0 0 -180 0 -180 0.0548226 -133.913 0 -180 0 -180 0 0 0 -180
0 -180 0 0 0 -180 0 -180 0.824406 75.4681 0 -180 0 -180 0 0 0 -180
inside=1 lambda=0.647 phi=10 theta=30
0 -180 0 -180 0 -180 0 0 0.0524977 -132.789 0 0 0 -180 0 -180 0 -180
0 -180 0 -180 0 -180 0 0 0.829113 75.5287 0 0 0 -180 0 -180 0 -180
0 -180 0 -0 0 0 0 -180 0.00175283 28.9791 0 0 0 0 0 180 0 -180
0 -180 0 180 0 0 0 -180 0.00367037 110.814 0 0 0 0 0 -0 0 -180
0 -180 0 -180 0 0 0 -0 0.00175064 28.8863 0 180 0 0 0 0 0 -180
0 -180 0 -180 0 0 0 180 0.00365866 110.6 0 -0 0 0 0 0 0 -180
0 -180 0 0 0 -180 0 -180 0.0541996 -133.62 0 -180 0 -180 0 0 0 -180
0 -180 0 0 0 -180 0 -180 0.825666 75.4843 0 -180 0 -180 0 0 0 -180
inside=1 lambda=0.647 phi=10 theta=45
0 -180 0 -180 0 -180 0 0 0.0533486 -133.21 0 0 0 -180 0 -180 0 -180
0 -180 0 -180 0 -180 0 0 0.827389 75.5064 0 0 0 -180 0 -180 0 -180
0 -180 0 -0 0 0 0 -180 0.00202273 28.9326 0 0 0 0 0 180 0 -180
0 -180 0 180 0 0 0 -180 0.00423135 110.706 0 0 0 0 0 -0 0 -180
0 -180 0 -180 0 0 0 -0 0.00202273 28.9326 0 180 0 0 0 0 0 -180
0 -180 0 -180 0 0 0 180 0.00423135 110.706 0 -0 0 0 0 0 0 -180
0 -180 0 0 0 -180 0 -180 0.0533486 -133.21 0 -180 0 -180 0 0 0 -180
0 -180 0 0 0 -180 0 -180 0.827389 75.5064 0 -180 0 -180 0 0 0 -180
inside=1 lambda=0.647 phi=15 theta=0
0 -180 0 -180 0 -180 0 0 0.063891 -130.937 0 0 0 -180 0 -180 0 -180
0 -180 0 -180 0 -180 0 0 0.834611 70.2744 0 0 0 -180 0 -180 0 -180
0 -180 0 -0 0 0 0 -0 1.91683e-14 -24.0932 0 -0 0 0 0 180 0 -180
0 -180 0 180 0 0 0 180 6.42577e-15 -127.204 0 180 0 0 0 -0 0 -180
0 -180 0 -180 0 0 0 0 4.9344e-14 2.5874 0 -0 0 0 0 0 0 -180
0 -180 0 -180 0 0 0 180 9.92836e-14 144.667 0 -180 0 0 0 0 0 -180
0 -180 0 0 0 -180 0 -180 0.0726006 -133.894 0 -180 0 -180 0 0 0 -180
0 -180 0 0 0 -180 0 -180 0.818719 70.0628 0 -180 0 -180 0 0 0 -180
inside=1 lambda=0.647 phi=15 theta=15
0 -180 0 -180 0 -180 0 0 0.0644761 -131.158 0 0 0 -180 0 -180 0 -180
0 -180 0 -180 0 -180 0 0 0.833541 70.2601 0 0 0 -180 0 -180 0 -180
0 -180 0 -0 0 0 0 -180 0.00261445 29.2598 0 0 0 0 0 180 0 -180
0 -180 0 180 0 0 0 -180 0.0049146 105.793 0 0 0 0 0 -0 0 -180
0 -180 0 -180 0 0 0 -0 0.00259866 29.0651 0 180 0 0 0 0 0 -180
0 -180 0 -180 0 0 0 180 0.00485335 104.975 0 -0 0 0 0 0 0 -180
0 -180 0 0 0 -180 0 -180 0.07202 -133.717 0 -180 0 -180 0 0 0 -180
0 -180 0 0 0 -180 0 -180 0.819778 70.0768 0 -180 0 -180 0 0 0 -180
inside=1 lambda=0.647 phi=15 theta=30
0 -180 0 -180 0 -180 0 0 0.0660741 -131.745 0 0 0 -180 0 -180 0 -180
0 -180 0 -180 0 -180 0 0 0.830621 70.2211 0 0 0 -180 0 -180 0 -180
0 -180 0 -0 0 0 0 -180 0.0045226 29.2183 0 0 0 0 0 180 0 -180
0 -180 0 180 0 0 0 -180 0.00848851 105.61 0 0 0 0 0 -0 0 -180
0 -180 0 -180 0 0 0 -0 0.00450683 29.106 0 180 0 0 0 0 0 -180
0 -180 0 -180 0 0 0 180 0.00842733 105.138 0 -0 0 0 0 0 0 -180
0 -180 0 0 0 -180 0 -180 0.0704309 -133.219 0 -180 0 -180 0 0 0 -180
0 -180 0 0 0 -180 0 -180 0.822675 70.1152 0 -180 0 -180 0 0 0 -180
inside=1 lambda=0.647 phi=15 theta=45
0 -180 0 -180 0 -180 0 0 0.0682547 -132.504 0 0 0 -180 0 -180 0 -180
0 -180 0 -180 0 -180 0 0 0.826642 70.168 0 0 0 -180 0 -180 0 -180
0 -180 0 -0 0 0 0 -180 0.00521316 29.162 0 0 0 0 0 180 0 -180
0 -180 0 180 0 0 0 -180 0.00976557 105.368 0 0 0 0 0 -0 0 -180
0 -180 0 -180 0 0 0 -0 0.00521316 29.162 0 180 0 0 0 0 0 -180
0 -180 0 -180 0 0 0 180 0.00976557 105.368 0 -0 0 0 0 0 0 -180
0 -180 0 0 0 -180 0 -180 0.0682547 -132.504 0 -180 0 -180 0 0 0 -180
0 -180 0 0 0 -180 0 -180 0.826642 70.168 0 -180 0 -180 0 0 0 -180
inside=1 lambda=0.647 phi=20 theta=0
0 -180 0 -180 0 -180 0 0 0.0792347 -132.829 0 0 0 -180 0 -180 0 -180
0 -180 0 -180 0 -180 0 0 0.840059 63.0428 0 0 0 -180 0 -180 0 -180
0 -180 0 -0 0 0 0 -0 6.30739e-14 -160.639 0 -0 0 0 0 180 0 -180
0 -180 0 180 0 0 0 -180 2.0999e-13 -30.6162 0 0 0 0 0 -0 0 -180
0 -180 0 -180 0 0 0 -0 4.80858e-14 -162.117 0 -0 0 0 0 0 0 -180
0 -180 0 -180 0 0 0 180 1.43739e-13 -30.3011 0 180 0 0 0 0 0 -180
0 -180 0 0 0 -180 0 -180 0.0977318 -136.647 0 -180 0 -180 0 0 0 -180
0 -180 0 0 0 -180 0 -180 0.810762 62.644 0 -180 0 -180 0 0 0 -180
inside=1 lambda=0.647 phi=20 theta=15
0 -180 0 -180 0 -180 0 0 0.0804861 -133.143 0 0 0 -180 0 -180 0 -180
0 -180 0 -180 0 -180 0 0 0.838076 63.0158 0 0 0 -180 0 -180 0 -180
0 -180 0 -0 0 0 0 -180 0.00548457 27.7014 0 0 0 0 0 180 0 -180
0 -180 0 180 0 0 0 -180 0.00909747 98.5663 0 0 0 0 0 -0 0 -180
0 -180 0 -180 0 0 0 -0 0.00542 27.6898 0 180 0 0 0 0 0 -180
0 -180 0 -180 0 0 0 180 0.00889672 97.1507 0 -0 0 0 0 0 0 -180
0 -180 0 0 0 -180 0 -180 0.0965114 -136.44 0 -180 0 -180 0 0 0 -180
0 -180 0 0 0 -180 0 -180 0.812705 62.6703 0 -180 0 -180 0 0 0 -180
inside=1 lambda=0.647 phi=20 theta=30
0 -180 0 -180 0 -180 0 0 0.0838999 -133.95 0 0 0 -180 0 -180 0 -180
0 -180 0 -180 0 -180 0 0 0.832673 62.9422 0 0 0 -180 0 -180 0 -180
0 -180 0 -0 0 0 0 -180 0.00947572 27.6988 0 0 0 0 0 180 0 -180
0 -180 0 180 0 0 0 -180 0.0156755 98.2331 0 0 0 0 0 -0 0 -180
0 -180 0 -180 0 0 0 -0 0.00941139 27.6923 0 180 0 0 0 0 0 -180
0 -180 0 -180 0 0 0 180 0.0154755 97.4167 0 -0 0 0 0 0 0 -180
0 -180 0 0 0 -180 0 -180 0.0931594 -135.843 0 -180 0 -180 0 0 0 -180
0 -180 0 0 0 -180 0 -180 0.818026 62.7424 0 -180 0 -180 0 0 0 -180
inside=1 lambda=0.647 phi=20 theta=45
0 -180 0 -180 0 -180 0 0 0.088545 -134.949 0 0 0 -180 0 -180 0 -180
0 -180 0 -180 0 -180 0 0 0.825329 62.8419 0 0 0 -180 0 -180 0 -180
0 -180 0 -0 0 0 0 -180 0.0109044 27.6956 0 0 0 0 0 180 0 -180
0 -180 0 180 0 0 0 -180 0.0179805 97.8082 0 0 0 0 0 -0 0 -180
0 -180 0 -180 0 0 0 -0 0.0109044 27.6956 0 180 0 0 0 0 0 -180
0 -180 0 -180 0 0 0 180 0.0179805 97.8082 0 -0 0 0 0 0 0 -180
0 -180 0 0 0 -180 0 -180 0.088545 -134.949 0 -180 0 -180 0 0 0 -180
0 -180 0 0 0 -180 0 -180 0.825329 62.8419 0 -180 0 -180 0 0 0 -180
inside=1 lambda=0.647 phi=25 theta=0
0 -180 0 -180 0 -180 0 0 0.0947109 -138.235 0 0 0 -180 0 -180 0 -180
0 -180 0 -180 0 -180 0 0 0.847589 54.0112 0 -0 0 -180 0 -180 0 -180
0 -180 0 -0 0 0 0 -0 9.20663e-14 168.622 0 0 0 0 0 180 0 -180
0 -180 0 180 0 0 0 0 3.26625e-13 -38.37 0 180 0 0 0 -0 0 -180
0 -180 0 -180 0 0 0 180 7.5098e-14 -170.188 0 -180 0 0 0 0 0 -180
0 -180 0 -180 0 0 0 -180 3.37329e-13 -38.4184 0 -180 0 0 0 0 0 -180
0 -180 0 0 0 -180 0 -180 0.129832 -142.186 0 -180 0 -180 0 0 0 -180
0 -180 0 0 0 -180 0 -180 0.799505 53.364 0 -180 0 -180 0 0 0 -180
inside=1 lambda=0.647 phi=25 theta=15
0 -180 0 -180 0 -180 0 0 0.097106 -138.611 0 0 0 -180 0 -180 0 -180
0 -180 0 -180 0 180 0 0 0.844312 53.9675 0 -0 0 -180 0 -180 0 -180
0 -180 0 -0 0 0 0 -180 0.01016 23.857 0 0 0 0 0 180 0 -180
0 -180 0 180 0 0 0 -180 0.0149425 89.1907 0 0 0 0 0 -0 0 -180
0 -180 0 -180 0 0 0 -0 0.0099748 24.3495 0 0 0 0 0 0 0 -180
0 -180 0 -180 0 0 0 180 0.0144358 87.0418 0 -0 0 0 0 0 0 -180
0 -180 0 0 0 -180 0 -180 0.127547 -142.007 0 -180 0 -180 0 0 0 -180
0 -180 0 0 0 -180 0 -180 0.80267 53.4061 0 -180 0 -180 0 0 0 -180
inside=1 lambda=0.647 phi=25 theta=30
0 -180 0 -180 0 -180 0 0 0.103633 -139.537 0 0 0 -180 0 -180 0 -180
0 -180 0 -180 0 180 0 0 0.8354 53.848 0 0 0 -180 0 -180 0 -180
0 -180 0 -0 0 0 0 -180 0.0175274 23.9642 0 0 0 0 0 180 0 -180
0 -180 0 180 0 0 0 -180 0.0256621 88.6509 0 0 0 0 0 -0 0 -180
0 -180 0 -180 0 0 0 -0 0.0173442 24.2475 0 180 0 0 0 0 0 -180
0 -180 0 -180 0 0 0 180 0.0251601 87.4134 0 -0 0 0 0 0 0 -180
0 -180 0 0 0 -180 0 -180 0.121237 -141.47 0 -180 0 -180 0 0 0 -180
0 -180 0 0 0 -180 0 -180 0.81136 53.5229 0 -180 0 180 0 0 0 -180
inside=1 lambda=0.647 phi=25 theta=45
0 -180 0 -180 0 -180 0 0 0.112488 -140.599 0 0 0 -180 0 -180 0 -180
0 -180 0 -180 0 180 0 0 0.823325 53.6849 0 0 0 -180 0 -180 0 -180
0 -180 0 -0 0 0 0 -180 0.0201323 24.1072 0 0 0 0 0 180 0 -180
0 -180 0 180 0 0 0 -180 0.0293244 87.9906 0 0 0 0 0 -0 0 -180
0 -180 0 -180 0 0 0 -0 0.0201323 24.1072 0 180 0 0 0 0 0 -180
0 -180 0 -180 0 0 0 180 0.0293244 87.9906 0 -0 0 0 0 0 0 -180
0 -180 0 0 0 -180 0 -180 0.112488 -140.599 0 -180 0 -180 0 0 0 -180
0 -180 0 0 0 -180 0 -180 0.823325 53.6849 0 -180 0 180 0 0 0 -180
inside=1 lambda=0.647 phi=30 theta=0
0 -180 0 -180 0 -180 0 0 0.106452 -146.922 0 0 0 -180 0 -180 0 -180
0 -180 0 -180 0 180 0 0 0.857977 43.3704 0 -0 0 -180 0 -180 0 180
0 -180 0 -0 0 0 0 180 2.43486e-13 -20.3919 0 180 0 0 0 180 0 -180
0 -180 0 180 0 -0 0 -0 5.92685e-14 156.449 0 180 0 0 0 -0 0 180
0 -180 0 -180 0 0 0 180 8.0008e-14 -43.4809 0 180 0 0 0 0 0 -180
0 180 0 -180 0 0 0 -0 1.9366e-13 134.77 0 -180 0 -0 0 0 0 -180
0 -180 0 0 0 -180 0 -180 0.167244 -149.946 0 -180 0 -180 0 0 0 -180
0 180 0 0 0 -180 0 180 0.784412 42.4486 0 -180 0 180 0 0 0 -180
inside=1 lambda=0.647 phi=30 theta=15
0 -180 0 -180 0 -180 0 0 0.110626 -147.296 0 0 0 -180 0 180 0 -180
0 -180 0 -180 0 180 0 0 0.852921 43.3083 0 -0 0 -180 0 -180 0 180
0 -180 0 -0 0 0 0 -180 0.0170855 17.8537 0 0 0 0 0 180 0 -180
0 -180 0 180 0 -0 0 -180 0.0227559 77.7486 0 -0 0 0 0 -0 0 180
0 -180 0 -180 0 0 0 -0 0.0166773 19.2462 0 0 0 0 0 0 0 -180
0 -180 0 -180 0 0 0 180 0.0216802 74.7272 0 -0 0 -0 0 -0 0 -180
0 -180 0 0 0 -180 0 -180 0.163352 -149.871 0 -180 0 -180 0 0 0 -180
0 180 0 0 0 -180 0 180 0.789213 42.5075 0 -180 0 180 0 -0 0 -180
inside=1 lambda=0.647 phi=30 theta=30
0 -180 0 -180 0 -180 0 0 0.121994 -148.153 0 0 0 -180 0 180 0 -180
0 -180 0 -180 0 180 0 0 0.839209 43.1384 0 -0 0 -180 0 -180 0 180
0 -180 0 -0 0 0 0 -180 0.0294308 18.164 0 0 0 0 0 180 0 -180
0 -180 0 180 0 -0 0 -180 0.0389131 76.924 0 -0 0 0 0 -0 0 180
0 -180 0 -180 0 0 0 -0 0.0290336 18.959 0 0 0 0 0 0 0 -180
0 -180 0 -180 0 0 0 180 0.0378589 75.1884 0 -0 0 -0 0 -0 0 -180
0 -180 0 0 0 -180 0 -180 0.152521 -149.592 0 -180 0 -180 0 0 0 -180
0 -180 0 0 0 -180 0 -180 0.802428 42.6733 0 -180 0 180 0 -0 0 180
inside=1 lambda=0.647 phi=30 theta=45
0 -180 0 -180 0 -180 0 0 0.137386 -149.012 0 0 0 -180 0 -180 0 -180
0 -180 0 -180 0 180 0 0 0.820698 42.9054 0 -0 0 -180 0 -180 0 180
0 -180 0 -0 0 0 0 -180 0.03375 18.5678 0 0 0 0 0 0 0 -180
0 -180 0 180 0 -0 0 -180 0.0442702 75.9678 0 -0 0 0 0 -0 0 180
0 -180 0 -180 0 0 0 -0 0.03375 18.5678 0 0 0 0 0 0 0 -180
0 -180 0 -180 0 0 0 180 0.0442702 75.9678 0 -0 0 -0 0 -0 0 180
0 -180 0 0 0 -180 0 -180 0.137386 -149.012 0 -180 0 -180 0 0 0 -180
0 -180 0 0 0 -180 0 -180 0.820698 42.9054 0 -180 0 180 0 -0 0 180
inside=1 lambda=0.647 phi=35 theta=0
0 -180 0 180 0 -180 0 0 0.110373 -158.953 0 0 0 -180 0 180 0 -180
0 -180 0 -180 0 180 0 0 0.872349 31.3383 0 -0 0 -180 0 -180 0 180
0 -180 0 -0 0 0 0 -0 1.81458e-13 131.77 0 -0 0 0 0 180 0 -180
0 -180 0 180 0 -0 0 180 4.59946e-13 -53.7479 0 -0 0 0 0 -0 0 180
0 -180 0 -180 0 0 0 -0 5.14565e-14 179.661 0 0 0 0 0 0 0 -180
0 180 0 180 0 -0 0 0 1.78246e-13 -62.577 0 0 0 -0 0 -0 0 180
0 -180 0 0 0 -180 0 -180 0.207008 -159.234 0 -180 0 -180 0 0 0 -180
0 180 0 -0 0 180 0 180 0.765231 30.2005 0 -180 0 180 0 -0 0 180
inside=1 lambda=0.647 phi=35 theta=15
0 -180 0 180 0 -180 0 0 0.11703 -159.137 0 0 0 -180 0 180 0 -180
0 -180 0 -180 0 180 0 0 0.86493 31.2602 0 -0 0 -180 0 -180 0 180
0 -180 0 -0 0 0 0 -180 0.0263753 10.1912 0 0 0 0 0 180 0 -180
0 -180 0 180 0 -0 0 180 0.0328109 64.5115 0 -0 0 0 0 -0 0 180
0 -180 0 -180 0 0 0 -0 0.0256684 12.9656 0 0 0 0 0 0 0 -180
0 180 0 180 0 -0 0 180 0.030796 60.4368 0 -0 0 -0 0 -0 0 180
0 -180 0 0 0 -180 0 -180 0.200943 -159.359 0 -180 0 -180 0 0 0 -180
0 180 0 -0 0 180 0 180 0.772157 30.2687 0 -180 0 180 0 -0 0 180
inside=1 lambda=0.647 phi=35 theta=30
0 -180 0 -180 0 -180 0 0 0.135178 -159.497 0 0 0 -180 0 180 0 -180
0 -180 0 -180 0 180 0 0 0.844863 31.0491 0 -0 0 -180 0 -180 0 180
0 -180 0 -0 0 0 0 -180 0.0453805 10.8305 0 0 0 0 0 0 0 -180
0 -180 0 180 0 -0 0 180 0.0557984 63.2813 0 -0 0 0 0 -0 0 180
0 -180 0 -180 0 0 0 -0 0.0447184 12.3933 0 0 0 0 0 0 0 -180
0 180 0 180 0 0 0 180 0.0538637 60.9486 0 -0 0 -0 0 -0 0 180
0 -180 0 0 0 -180 0 -180 0.183844 -159.598 0 -180 0 -180 0 0 0 -180
0 180 0 0 0 180 0 180 0.791295 30.4704 0 -180 0 180 0 -0 0 180
inside=1 lambda=0.647 phi=35 theta=45
0 -180 0 -180 0 -180 0 0 0.159746 -159.691 0 0 0 -180 0 180 0 -180
0 180 0 180 0 180 0 0 0.817859 30.7596 0 -0 0 -180 0 -180 0 180
0 -180 0 -0 0 0 0 -180 0.0520052 11.6312 0 0 0 0 0 0 0 -180
0 -180 0 180 0 -0 0 -180 0.0631757 61.945 0 -0 0 0 0 -0 0 180
0 -180 0 -180 0 0 0 -0 0.0520052 11.6312 0 0 0 0 0 0 0 -180
0 -180 0 -180 0 0 0 180 0.0631757 61.945 0 -0 0 -0 0 -0 0 180
0 -180 0 0 0 -180 0 -180 0.159746 -159.691 0 180 0 -180 0 0 0 -180
0 180 0 0 0 -180 0 180 0.817859 30.7596 0 -180 0 180 0 -0 0 180
inside=1 lambda=0.647 phi=40 theta=0
0 -180 0 180 0 -180 0 0 0.103362 -175.473 0 0 0 -180 0 180 0 -180
0 -180 0 -180 0 180 0 0 0.891975 18.1645 0 -0 0 -180 0 -180 0 180
0 -180 0 -0 0 0 0 -0 1.57754e-13 132.909 0 0 0 0 0 180 0 -180
0 -180 0 180 0 -0 0 -180 2.34083e-13 158.744 0 -180 0 0 0 -0 0 180
0 -180 0 -180 0 0 0 -0 5.93124e-14 -169.15 0 -0 0 0 0 0 0 -180
0 180 0 180 0 -0 0 0 1.01376e-13 74.4102 0 180 0 -0 0 -0 0 180
0 -180 0 0 0 -180 0 -180 0.244806 -169.257 0 -180 0 -180 0 0 0 -180
0 180 0 -0 0 180 0 180 0.742249 17.0047 0 180 0 180 0 -0 0 180
inside=1 lambda=0.647 phi=40 theta=15
0 -180 0 180 0 -180 0 0 0.113032 -174.827 0 0 0 -180 0 180 0 -180
0 180 0 -180 0 180 0 0 0.881547 18.0705 0 -0 0 -180 0 -180 0 180
0 -180 0 -0 0 0 0 -180 0.0375954 1.54262 0 0 0 0 0 0 0 -180
0 180 0 180 0 -0 0 180 0.0453072 49.9985 0 -0 0 0 0 -0 0 180
0 -180 0 -180 0 0 0 -0 0.0367069 6.30554 0 0 0 0 0 0 0 -180
0 180 0 180 0 -0 0 180 0.0418575 44.5991 0 -0 0 -0 0 -0 0 180
0 -180 0 0 0 -180 0 -180 0.236219 -169.729 0 -180 0 -180 0 0 0 -180
0 180 0 -0 0 180 0 180 0.751833 17.0515 0 180 0 180 0 -0 0 180
inside=1 lambda=0.647 phi=40 theta=30
0 -180 0 -180 0 -180 0 0 0.13957 -173.557 0 0 0 -180 0 180 0 -180
0 180 0 180 0 180 0 0 0.853419 17.841 0 -0 0 -180 0 -180 0 180
0 -180 0 -0 0 0 0 -180 0.0646838 2.68712 0 0 0 0 0 0 0 -180
0 180 0 180 0 -0 0 180 0.0764833 48.1601 0 -0 0 0 0 -0 0 180
0 -180 0 -180 0 0 0 -0 0.0639401 5.30473 0 0 0 0 0 0 0 -180
0 180 0 180 0 -0 0 180 0.0732962 45.081 0 -0 0 -0 0 -0 0 180
0 -180 0 0 0 -180 0 -180 0.211242 -170.85 0 -180 0 -180 0 0 0 -180
0 180 0 -0 0 180 0 180 0.778499 17.2403 0 -180 0 180 0 -0 0 180
inside=1 lambda=0.647 phi=40 theta=45
0 -180 0 -180 0 -180 0 0 0.175703 -172.19 0 0 0 -180 0 180 0 -180
0 180 0 180 0 180 0 0 0.815633 17.5384 0 -0 0 180 0 -180 0 180
0 -180 0 -0 0 0 0 -180 0.0742368 4.04242 0 0 0 0 0 0 0 -180
0 180 0 180 0 -0 0 180 0.0861689 46.3161 0 -0 0 -0 0 -0 0 180
0 -180 0 -180 0 0 0 -0 0.0742368 4.04242 0 0 0 0 0 0 0 -180
0 180 0 180 0 -0 0 180 0.0861689 46.3161 0 -0 0 -0 0 -0 0 180
0 -180 0 0 0 -180 0 -180 0.175703 -172.19 0 180 0 -180 0 0 0 -180
0 180 0 0 0 180 0 180 0.815633 17.5384 0 -180 0 180 0 -0 0 180
inside=1 lambda=0.647 phi=45 theta=0
0 -180 0 180 0 -180 0 0 0.0884816 158.343 0 0 0 -180 0 180 0 -180
0 -180 0 -180 0 180 0.0195523 -85.3873 0.915845 4.27207 0 -0 0 -180 0 -180 0 180
0 -180 0 -0 0 0 0 -0 2.4254e-14 -170.424 0 180 0 0 0 180 0 -180
0 180 0 180 0 -0 7.71325e-13 96.0125 6.57624e-13 97.0032 0 -180 0 -0 0 -0 0 180
0 -180 0 -180 0 0 0 180 1.02749e-13 -126.348 0 -180 0 0 0 0 0 -180
0 180 0 180 0 -0 5.12255e-14 -139.415 5.52953e-13 82.6456 0 -180 0 -0 0 -0 0 180
0 -180 0 0 0 -180 0 -180 0.272341 -179.406 0 -180 0 -180 0 0 0 -180
0 180 0 -0 0 180 0.168574 138.201 0.714759 3.51004 0 180 0 180 0 -0 0 180
inside=1 lambda=0.647 phi=45 theta=15
0 -180 0 180 0 -180 0 0 0.0981638 162.819 0 0 0 -180 0 180 0 -180
0 180 0 -180 0 180 0 0 0.903824 4.04399 0 -0 0 -180 0 -180 0 180
0 -180 0 -0 0 0 0 -180 0.0496266 -7.32739 0 0 0 0 0 0 0 -180
0 180 0 180 0 -0 0 180 0.0605151 35.0262 0 -0 0 -0 0 -0 0 180
0 -180 0 -180 0 0 0 -0 0.0492239 0.243664 0 0 0 0 0 0 0 -180
0 180 0 180 0 -0 0 180 0.054827 27.9161 0 -0 0 -0 0 -0 0 180
0 -180 0 0 0 -180 0 -180 0.264307 179.921 0 -180 0 -180 0 0 0 -180
0 180 0 -0 0 180 0 180 0.729127 3.28692 0 180 0 180 0 -0 0 180
inside=1 lambda=0.647 phi=45 theta=30
0 -180 0 180 0 -180 0 0 0.132901 169.094 0 0 0 -180 0 180 0 -180
0 180 0 180 0 180 0 0 0.866006 3.79771 0 -0 0 -180 0 -180 0 180
0 -180 0 -0 0 0 0 -180 0.08565 -5.43493 0 0 0 0 0 0 0 -180
0 180 0 0 0 -0 0 180 0.10096 32.1982 0 -0 0 -0 0 -0 0 180
0 -180 0 -180 0 0 0 -0 0.0856299 -1.4818 0 0 0 0 0 0 0 -180
0 180 0 180 0 -0 0 180 0.096137 28.141 0 -0 0 -0 0 -0 0 180
0 -180 0 0 0 -180 0 -180 0.230563 177.346 0 -180 0 -180 0 0 0 -180
0 180 0 -0 0 180 0 180 0.765004 3.33692 0 180 0 180 0 -0 0 180
inside=1 lambda=0.647 phi=45 theta=45
0 -180 0 -180 0 -180 0 0 0.181738 173.862 0 0 0 -180 0 180 0 -180
0 180 0 180 0 180 0 -0 0.815136 3.55185 0 -0 0 180 0 -180 0 180
0 -180 0 -0 0 0 0 -180 0.0988795 -3.36541 0 0 0 0 0 0 0 -180
0 180 0 0 0 -0 0 180 0.113179 29.6512 0 -0 0 -0 0 -0 0 180
0 -180 0 -180 0 0 0 -0 0.0988795 -3.36541 0 0 0 0 0 0 0 -180
0 180 0 180 0 -0 0 0 0.113179 29.6512 0 -0 0 -0 0 -0 0 180
0 -180 0 0 0 -180 0 -180 0.181738 173.862 0 180 0 -180 0 0 0 -180
0 180 0 -0 0 180 0 180 0.815136 3.55185 0 -180 0 180 0 -0 0 180
