RSoft_BSDF_File_Version 2
1 0 5 2 1 0.822857
0.3 0.3
-1 1
-1 1
1 0.647 0.647
10 0 45 0.5
4 0 45
Begin_Dispersion_Data
0.647 1.45662 0 1 0 0
End_Dispersion_Data
inside=0 lambda=0.647 phi=0 theta=0
0 -180 0 -180 0 -180 0 0 0.181782 -0.209226 0 0 0 -180 0 -180 0 -180
0 -180 0 -180 0 -180 0 0 1.1868 99.8854 0 0 0 -180 0 -180 0 -180
0 -180 0 -0 0 0 0 -0 4.91394e-14 -174.61 0 180 0 0 0 180 0 -180
0 -180 0 180 0 0 0 180 5.45748e-13 10.1605 0 -0 0 0 0 -180 0 -180
0 -180 0 180 0 0 0 -0 5.77664e-14 -172.176 0 180 0 0 0 -0 0 -180
0 -180 0 -0 0 0 0 -0 5.55522e-13 11.4961 0 -0 0 0 0 180 0 -180
0 -180 0 0 0 -180 0 -180 0.181782 -0.209226 0 -180 0 -180 0 0 0 -180
0 -180 0 0 0 -180 0 -180 1.1868 99.8854 0 -180 0 -180 0 0 0 -180
inside=0 lambda=0.647 phi=0 theta=15
0 -180 0 -180 0 -180 0 0 0.181782 -0.209226 0 0 0 -180 0 -180 0 -180
0 -180 0 -180 0 -180 0 0 1.1868 99.8854 0 0 0 -180 0 -180 0 -180
0 -180 0 -0 0 0 0 -0 4.91394e-14 -174.61 0 180 0 0 0 180 0 -180
0 -180 0 180 0 0 0 180 5.45748e-13 10.1605 0 -0 0 0 0 -180 0 -180
0 -180 0 180 0 0 0 -0 5.77664e-14 -172.176 0 180 0 0 0 -0 0 -180
0 -180 0 -0 0 0 0 -0 5.55522e-13 11.4961 0 -0 0 0 0 180 0 -180
0 -180 0 0 0 -180 0 -180 0.181782 -0.209226 0 -180 0 -180 0 0 0 -180
0 -180 0 0 0 -180 0 -180 1.1868 99.8854 0 -180 0 -180 0 0 0 -180
inside=0 lambda=0.647 phi=0 theta=30
0 -180 0 -180 0 -180 0 0 0.181782 -0.209226 0 0 0 -180 0 -180 0 -180
0 -180 0 -180 0 -180 0 0 1.1868 99.8854 0 0 0 -180 0 -180 0 -180
0 -180 0 -0 0 0 0 -0 4.91394e-14 -174.61 0 180 0 0 0 180 0 -180
0 -180 0 180 0 0 0 180 5.45748e-13 10.1605 0 -0 0 0 0 -180 0 -180
0 -180 0 180 0 0 0 -0 5.77664e-14 -172.176 0 180 0 0 0 -0 0 -180
0 -180 0 -0 0 0 0 -0 5.55522e-13 11.4961 0 -0 0 0 0 180 0 -180
0 -180 0 0 0 -180 0 -180 0.181782 -0.209226 0 -180 0 -180 0 0 0 -180
0 -180 0 0 0 -180 0 -180 1.1868 99.8854 0 -180 0 -180 0 0 0 -180
inside=0 lambda=0.647 phi=0 theta=45
0 -180 0 -180 0 -180 0 0 0.181782 -0.209226 0 0 0 -180 0 -180 0 -180
0 -180 0 -180 0 -180 0 0 1.1868 99.8854 0 0 0 -180 0 -180 0 -180
0 -180 0 -0 0 0 0 -0 4.91394e-14 -174.61 0 180 0 0 0 180 0 -180
0 -180 0 180 0 0 0 180 5.45748e-13 10.1605 0 -0 0 0 0 -180 0 -180
0 -180 0 180 0 0 0 -0 5.77664e-14 -172.176 0 180 0 0 0 -0 0 -180
0 -180 0 -0 0 0 0 -0 5.55522e-13 11.4961 0 -0 0 0 0 180 0 -180
0 -180 0 0 0 -180 0 -180 0.181782 -0.209226 0 -180 0 -180 0 0 0 -180
0 -180 0 0 0 -180 0 -180 1.1868 99.8854 0 -180 0 -180 0 0 0 -180
inside=0 lambda=0.647 phi=5 theta=0
0 180 0 -180 0 -180 0 0 0.179715 -0.126708 0 0 0 180 0 -180 0 -180
0 -0 0 -180 0 -180 0 0 1.1847 96.2106 0 0 0 -0 0 -180 0 -180
0 -180 0 -0 0 0 0 180 7.30709e-14 4.1503 0 180 0 0 0 180 0 -180
0 -0 0 180 0 0 0 -0 6.64503e-13 -171.697 0 0 0 180 0 -0 0 -180
0 -180 0 -180 0 0 0 -0 8.13881e-14 4.24626 0 180 0 0 0 0 0 -180
0 -180 0 -180 0 0 0 180 7.77358e-13 -172.993 0 -0 0 0 0 0 0 -180
0 -180 0 0 0 -180 0 -180 0.183709 -0.128584 0 -180 0 -180 0 0 0 -180
0 -180 0 0 0 -180 0 -180 1.18892 96.1946 0 -180 0 -180 0 0 0 -180
inside=0 lambda=0.647 phi=5 theta=15
0 -180 0 -180 0 -180 0 0 0.179983 -0.126836 0 0 0 -180 0 -180 0 -180
0 -0 0 -180 0 -180 0 0 1.18498 96.2095 0 0 0 -0 0 -180 0 -180
0 -180 0 -0 0 0 0 -180 0.00099864 179.788 0 0 0 0 0 180 0 -180
0 -180 0 180 0 0 0 -180 0.00105992 -88.3831 0 0 0 180 0 -0 0 -180
0 -180 0 -180 0 0 0 -0 0.000998639 179.788 0 180 0 0 0 0 0 -180
0 -180 0 -180 0 0 0 180 0.00105992 -88.3822 0 -0 0 0 0 0 0 -180
0 -180 0 0 0 -180 0 -180 0.183442 -0.128461 0 -180 0 -180 0 0 0 -180
0 -180 0 0 0 -180 0 -180 1.18864 96.1956 0 -180 0 -180 0 0 0 -180
inside=0 lambda=0.647 phi=5 theta=30
0 -180 0 -180 0 -180 0 0 0.180714 -0.127185 0 0 0 -180 0 -180 0 -180
0 -0 0 -180 0 -180 0 0 1.18575 96.2066 0 0 0 -0 0 -180 0 -180
0 -180 0 -0 0 0 0 -180 0.0017297 179.788 0 0 0 0 0 180 0 -180
0 -180 0 180 0 0 0 -180 0.00183584 -88.3829 0 0 0 0 0 -0 0 -180
0 -180 0 -180 0 0 0 -0 0.00172969 179.788 0 180 0 0 0 0 0 -180
0 -180 0 -180 0 0 0 180 0.00183583 -88.3824 0 -0 0 0 0 0 0 -180
0 -180 0 0 0 -180 0 -180 0.182711 -0.128123 0 -180 0 -180 0 0 0 -180
0 -180 0 0 0 -180 0 -180 1.18787 96.1986 0 -180 0 -180 0 0 0 -180
inside=0 lambda=0.647 phi=5 theta=45
0 -180 0 -180 0 -180 0 0 0.181712 -0.127657 0 0 0 -180 0 -180 0 -180
0 -180 0 -180 0 -180 0 0 1.18681 96.2026 0 0 0 -180 0 -180 0 -180
0 -180 0 -0 0 0 0 -180 0.00199728 179.788 0 0 0 0 0 180 0 -180
0 -180 0 180 0 0 0 -180 0.00211984 -88.3827 0 0 0 0 0 -0 0 -180
0 -180 0 -180 0 0 0 -0 0.00199728 179.788 0 180 0 0 0 0 0 -180
0 -180 0 -180 0 0 0 180 0.00211984 -88.3827 0 -0 0 0 0 0 0 -180
0 -180 0 0 0 -180 0 -180 0.181712 -0.127657 0 -180 0 -180 0 0 0 -180
0 -180 0 0 0 -180 0 -180 1.18681 96.2026 0 -180 0 -180 0 0 0 -180
inside=0 lambda=0.647 phi=10 theta=0
0 180 0 -180 0 -180 0 0 0.17348 0.119905 0 0 0 180 0 -180 0 -180
0 -0 0 -180 0 -180 0 0 1.1781 85.1203 0 0 0 -0 0 -180 0 -180
0 180 0 -0 0 0 0 -0 1.35321e-13 -9.47248 0 -0 0 -0 0 180 0 -180
0 -0 0 180 0 0 0 180 1.29789e-12 176.743 0 -0 0 180 0 -0 0 -180
0 -180 0 -180 0 0 0 -0 1.41098e-13 -7.94917 0 -0 0 0 0 0 0 -180
0 -180 0 -180 0 0 0 -180 1.40052e-12 176.774 0 180 0 0 0 0 0 -180
0 -180 0 0 0 -180 0 -180 0.189918 0.131645 0 -180 0 -180 0 0 0 -180
0 -180 0 0 0 -180 0 -180 1.1955 85.0524 0 -180 0 -180 0 0 0 -180
inside=0 lambda=0.647 phi=10 theta=15
0 180 0 -180 0 -180 0 0 0.174581 0.120756 0 0 0 180 0 -180 0 -180
0 -0 0 -180 0 -180 0 0 1.17927 85.1157 0 0 0 -0 0 -180 0 -180
0 180 0 -0 0 0 0 -180 0.0041101 -179.745 0 0 0 -0 0 180 0 -180
0 -180 0 180 0 0 0 -180 0.00436428 -99.6234 0 0 0 180 0 -0 0 -180
0 -180 0 -180 0 0 0 -0 0.00411008 -179.745 0 180 0 0 0 0 0 -180
0 -180 0 -180 0 0 0 180 0.00436422 -99.6196 0 -0 0 0 0 0 0 -180
0 -180 0 0 0 -180 0 -180 0.188817 0.130918 0 -180 0 -180 0 0 0 -180
0 -180 0 0 0 -180 0 -180 1.19434 85.0569 0 -180 0 -180 0 0 0 -180
inside=0 lambda=0.647 phi=10 theta=30
0 180 0 -180 0 -180 0 0 0.177589 0.123032 0 0 0 180 0 -180 0 -180
0 -0 0 -180 0 -180 0 0 1.18245 85.1031 0 0 0 -0 0 -180 0 -180
0 180 0 -0 0 0 0 -180 0.00711889 -179.745 0 0 0 -0 0 180 0 -180
0 -180 0 180 0 0 0 -180 0.00755913 -99.6225 0 0 0 0 0 -0 0 -180
0 -180 0 -180 0 0 0 -0 0.00711888 -179.745 0 180 0 0 0 0 0 -180
0 -180 0 -180 0 0 0 180 0.00755908 -99.6204 0 -0 0 0 0 0 0 -180
0 -180 0 0 0 180 0 -180 0.185808 0.128893 0 -180 0 -180 0 0 0 -180
0 -180 0 0 0 -180 0 -180 1.19115 85.0692 0 -180 0 -180 0 0 0 -180
inside=0 lambda=0.647 phi=10 theta=45
0 180 0 -180 0 -180 0 0 0.181699 0.126025 0 0 0 180 0 -180 0 -180
0 -180 0 -180 0 -180 0 0 1.1868 85.0861 0 0 0 -0 0 -180 0 -180
0 -180 0 -0 0 0 0 -180 0.00822018 -179.745 0 0 0 -0 0 180 0 -180
0 -180 0 180 0 0 0 -180 0.0087285 -99.6214 0 0 0 0 0 -0 0 -180
0 -180 0 -180 0 -0 0 -0 0.00822018 -179.745 0 180 0 0 0 0 0 -180
0 -180 0 -180 0 0 0 180 0.0087285 -99.6214 0 -0 0 0 0 0 0 -180
0 180 0 0 0 180 0 -180 0.181699 0.126025 0 -180 0 -180 0 0 0 -180
0 -180 0 0 0 -0 0 -180 1.1868 85.0861 0 -180 0 -180 0 0 0 -180
inside=0 lambda=0.647 phi=15 theta=0
0 180 0 -180 0 -180 0 -0 0.162735 0.439996 0 0 0 180 0 -180 0 -180
0 -0 0 -180 0 -180 0 0 1.16608 66.3984 0 0 0 -0 0 -180 0 -180
0 180 0 -0 0 0 0 -0 4.5344e-14 -18.059 0 -0 0 -0 0 180 0 -180
0 -180 0 180 0 0 0 180 5.1509e-13 156.738 0 180 0 0 0 -0 0 -180
0 -180 0 -180 0 0 0 180 4.5663e-14 -7.06023 0 -0 0 0 0 0 0 -180
0 -180 0 -180 0 0 0 -0 5.43801e-13 155.627 0 180 0 0 0 0 0 -180
0 -180 0 0 0 -180 0 -180 0.20187 0.536249 0 -180 0 -180 0 0 0 -180
0 -180 0 0 0 -180 0 -180 1.20713 66.2318 0 -180 0 -180 0 0 0 -180
inside=0 lambda=0.647 phi=15 theta=15
0 180 0 -180 0 -180 0 -0 0.165357 0.447839 0 0 0 180 0 -180 0 -180
0 -0 0 -180 0 -180 0 0 1.16883 66.3868 0 0 0 -0 0 -180 0 -180
0 180 0 -0 0 0 0 -180 0.0097844 -179.065 0 0 0 -0 0 180 0 -180
0 -180 0 180 0 0 0 -180 0.0103007 -118.582 0 0 0 0 0 -0 0 -180
0 -180 0 -180 0 0 0 -180 0.00978437 -179.065 0 180 0 0 0 0 0 -180
0 -180 0 -180 0 0 0 180 0.0103003 -118.573 0 -0 0 0 0 0 0 -180
0 -180 0 0 0 180 0 -180 0.199248 0.530959 0 -180 0 -180 0 0 0 -180
0 -180 0 0 0 -180 0 -180 1.20438 66.2426 0 -180 0 -180 0 0 0 -180
inside=0 lambda=0.647 phi=15 theta=30
0 180 0 -180 0 -180 0 0 0.172519 0.468071 0 0 0 180 0 -180 0 -180
0 -180 0 -180 0 -180 0 0 1.17634 66.3556 0 0 0 -0 0 -180 0 -180
0 180 0 -0 0 0 0 -180 0.0169471 -179.065 0 0 0 -0 0 180 0 -180
0 -180 0 180 0 0 0 -180 0.0178412 -118.58 0 0 0 0 0 -0 0 -180
0 -180 0 -180 0 -0 0 -180 0.0169471 -179.065 0 180 0 0 0 0 0 -180
0 -180 0 -180 0 0 0 180 0.0178408 -118.574 0 -0 0 0 0 0 0 -180
0 180 0 0 0 180 0 -180 0.192086 0.51579 0 -180 0 -180 0 0 0 -180
0 -180 0 0 0 -180 0 -180 1.19687 66.2723 0 -180 0 -180 0 0 0 -180
inside=0 lambda=0.647 phi=15 theta=45
0 180 0 -180 0 -180 0 0 0.182303 0.493186 0 0 0 180 0 -180 0 -180
0 -180 0 -180 0 -180 0 0 1.1866 66.3136 0 0 0 -180 0 -180 0 -180
0 180 0 -0 0 0 0 -180 0.0195688 -179.065 0 0 0 -0 0 180 0 -180
0 -180 0 180 0 0 0 -180 0.020601 -118.577 0 0 0 0 0 -0 0 -180
0 180 0 -180 0 -0 0 -0 0.0195688 -179.065 0 180 0 0 0 0 0 -180
0 -180 0 -180 0 0 0 180 0.020601 -118.577 0 -0 0 0 0 0 0 -180
0 180 0 0 0 180 0 -180 0.182303 0.493186 0 -180 0 -180 0 0 0 -180
0 -180 0 0 0 -180 0 -180 1.1866 66.3136 0 -180 0 -180 0 0 0 -180
inside=0 lambda=0.647 phi=20 theta=0
0 180 0 180 0 -180 0 -0 0.145709 0.516366 0 0 0 180 0 180 0 -180
0 -180 0 -180 0 180 0 0 1.14695 39.604 0 -0 0 -180 0 -180 0 180
0 180 0 -0 0 0 0 -0 2.53328e-14 129.28 0 180 0 -0 0 180 0 -180
0 -180 0 180 0 -0 0 0 3.76653e-13 -50.0581 0 -180 0 0 0 -0 0 180
0 -180 0 -180 0 0 0 180 4.86143e-14 123.341 0 -0 0 0 0 0 0 -180
0 -180 0 -180 0 0 0 -0 5.1834e-13 -47.727 0 180 0 0 0 0 0 -180
0 -180 0 0 0 -180 0 -180 0.222061 0.748904 0 -180 0 -180 0 0 0 -180
0 -180 0 0 0 -180 0 -180 1.22506 39.2836 0 -180 0 -180 0 0 0 -180
inside=0 lambda=0.647 phi=20 theta=15
0 180 0 -180 0 -180 0 -0 0.150823 0.53918 0 0 0 180 0 180 0 -180
0 -180 0 -180 0 180 0 0 1.15219 39.5811 0 -0 0 -180 0 -180 0 180
0 180 0 -0 0 0 0 -180 0.0190881 -178.804 0 0 0 -0 0 180 0 -180
0 -180 0 180 0 -0 0 -180 0.0196012 -145.513 0 -0 0 0 0 -0 0 180
0 -180 0 -180 0 -0 0 -180 0.0190882 -178.804 0 180 0 0 0 0 0 -180
0 -180 0 -180 0 0 0 180 0.0195996 -145.495 0 -0 0 0 0 0 0 -180
0 -180 0 0 0 180 0 -180 0.216947 0.738391 0 -180 0 -180 0 0 0 -180
0 -180 0 0 0 -180 0 -180 1.21983 39.3037 0 -180 0 -180 0 0 0 -180
inside=0 lambda=0.647 phi=20 theta=30
0 180 0 -180 0 -180 0 -0 0.164797 0.594407 0 0 0 180 0 180 0 -180
0 -180 0 -180 0 180 0 0 1.16648 39.5197 0 -0 0 -180 0 -180 0 180
0 180 0 -0 0 0 0 -180 0.0330617 -178.804 0 0 0 -0 0 180 0 -180
0 -180 0 180 0 -0 0 -180 0.0339496 -145.507 0 -0 0 0 0 -0 0 180
0 180 0 -180 0 -0 0 -180 0.0330618 -178.804 0 180 0 0 0 0 0 -180
0 -180 0 -180 0 0 0 180 0.033948 -145.497 0 -0 0 0 0 0 0 180
0 180 0 0 0 180 0 -180 0.202973 0.706992 0 -180 0 -180 0 0 0 -180
0 -180 0 0 0 -180 0 -180 1.20553 39.3596 0 -180 0 180 0 -0 0 180
inside=0 lambda=0.647 phi=20 theta=45
0 180 0 -180 0 -180 0 -0 0.183885 0.656471 0 0 0 180 0 -180 0 -180
0 -180 0 -180 0 180 0 0 1.186 39.4383 0 -0 0 -180 0 -180 0 180
0 180 0 -180 0 0 0 -180 0.0381764 -178.804 0 0 0 -0 0 180 0 -180
0 -180 0 180 0 -0 0 -180 0.0392006 -145.501 0 -0 0 0 0 -0 0 180
0 180 0 -180 0 -0 0 -180 0.0381764 -178.804 0 180 0 0 0 0 0 -180
0 -180 0 -180 0 0 0 180 0.0392006 -145.501 0 -0 0 -0 0 -0 0 180
0 180 0 -0 0 180 0 -180 0.183885 0.656471 0 -180 0 -180 0 0 0 -180
0 -180 0 0 0 -180 0 -180 1.186 39.4383 0 -180 0 180 0 -0 0 180
inside=0 lambda=0.647 phi=25 theta=0
0 180 0 180 0 -180 0 -0 0.117597 0.296798 0 0 0 180 0 180 0 -180
0 -180 0 -180 0 180 0 0 1.11761 3.87671 0 -0 0 -180 0 -180 0 180
0 180 0 -0 0 0 0 -0 9.26011e-15 83.6728 0 180 0 -0 0 180 0 -180
0 -180 0 0 0 -0 0 0 1.74731e-12 -86.3627 0 180 0 0 0 -180 0 180
0 -180 0 -180 0 0 0 180 1.04248e-14 81.8121 0 -0 0 0 0 0 0 -180
0 180 0 180 0 -0 0 -180 1.93783e-12 -86.4443 0 0 0 -0 0 -0 0 180
0 -180 0 0 0 -180 0 -180 0.252325 0.157368 0 -180 0 -180 0 0 0 -180
0 180 0 -0 0 180 0 180 1.2524 3.37302 0 180 0 180 0 -0 0 180
inside=0 lambda=0.647 phi=25 theta=15
0 180 0 180 0 -180 0 -0 0.126621 0.277667 0 0 0 180 0 180 0 -180
0 -180 0 -180 0 180 0 0 1.12664 3.83883 0 -0 0 -180 0 -180 0 180
0 180 0 -0 0 0 0 -180 0.0336817 -179.95 0 0 0 -0 0 180 0 -180
0 -180 0 0 0 -0 0 -180 0.0338054 179.085 0 -0 0 0 0 -180 0 180
0 -180 0 -180 0 -0 0 -180 0.0336819 -179.952 0 180 0 0 0 0 0 -180
0 -180 0 180 0 0 0 0 0.0338004 179.118 0 -180 0 -0 0 -0 0 180
0 180 0 0 0 180 0 -180 0.243301 0.161935 0 -180 0 -180 0 0 0 -180
0 -180 0 -0 0 -180 0 180 1.24337 3.40305 0 180 0 180 0 -0 0 180
inside=0 lambda=0.647 phi=25 theta=30
0 180 0 180 0 -180 0 -0 0.151277 0.237806 0 0 0 180 0 180 0 -180
0 -180 0 -180 0 180 0 0 1.1513 3.73874 0 -0 0 -180 0 -180 0 180
0 180 0 -0 0 0 0 -180 0.0583392 -179.95 0 0 0 -0 0 180 0 -180
0 -180 0 0 0 -0 0 -180 0.0585498 179.096 0 -0 0 0 0 -180 0 180
0 180 0 -180 0 -0 0 -180 0.0583394 -179.951 0 180 0 0 0 0 0 -180
0 -180 0 -180 0 0 0 0 0.0585452 179.115 0 -180 0 -0 0 -0 0 180
0 180 0 -0 0 180 0 -180 0.218643 0.176118 0 -180 0 -180 0 0 0 -180
0 -180 0 0 0 -180 0 180 1.2187 3.48762 0 -180 0 180 0 -0 0 180
inside=0 lambda=0.647 phi=25 theta=45
0 180 0 -180 0 -180 0 -0 0.18496 0.20127 0 0 0 180 0 180 0 -180
0 -180 0 -180 0 180 0 0 1.185 3.60933 0 -0 0 -180 0 -180 0 180
0 180 0 -180 0 0 0 -180 0.0673648 -179.95 0 0 0 -0 0 180 0 -180
0 -180 0 0 0 -0 0 -180 0.0676044 179.108 0 -0 0 0 0 -180 0 180
0 180 0 -180 0 -0 0 -180 0.0673648 -179.95 0 180 0 0 0 0 0 -180
0 -180 0 -180 0 0 0 0 0.0676044 179.108 0 -180 0 -0 0 -0 0 180
0 180 0 -0 0 180 0 -180 0.18496 0.20127 0 180 0 -180 0 0 0 -180
0 -180 0 0 0 -180 0 -180 1.185 3.60933 0 -180 0 180 0 -0 0 180
inside=0 lambda=0.647 phi=30 theta=0
0 180 0 180 0 -180 0.00253019 -111.633 0.0728702 1.6143 0 0 0 180 0 180 0 -180
0 -180 0 -180 0 0 0 -0 1.0707 -42.5039 0 -180 0 -180 0 -180 0 0
0 180 0 -0 0 0 6.99101e-15 -13.297 1.75021e-14 43.3386 0 -0 0 -0 0 180 0 -180
0 -180 0 0 0 -180 0 180 8.08919e-14 61.2765 0 180 0 0 0 -180 0 0
0 -180 0 -180 0 0 4.88665e-14 42.8065 3.83606e-14 57.5888 0 -0 0 0 0 0 0 -180
0 180 0 180 0 -0 0 -180 2.77051e-13 40.1542 0 0 0 -0 0 -0 0 180
0 -180 0 0 0 -180 0.0087884 -131.434 0.292134 -0.790691 0 -180 0 -180 0 0 0 -180
0 180 0 -0 0 180 0 180 1.29759 -43.2336 0 180 0 180 0 -0 0 180
inside=0 lambda=0.647 phi=30 theta=15
0 180 0 180 0 -180 0 -0 0.0875462 1.06705 0 0 0 180 0 180 0 -180
0 -180 0 -180 0 0 0 -0 1.08591 -42.5639 0 -180 0 -180 0 -180 0 0
0 180 0 -0 0 0 0 -180 0.0548518 178.438 0 0 0 -0 0 180 0 -180
0 -180 0 0 0 -180 0 180 0.0568572 133.185 0 -180 0 0 0 -180 0 0
0 180 0 -180 0 -0 0 -180 0.0548491 178.433 0 180 0 0 0 0 0 -180
0 180 0 180 0 -0 0 0 0.0568442 133.243 0 -180 0 -0 0 -0 0 180
0 180 0 -0 0 180 0 -180 0.277451 -0.746927 0 -180 0 -180 0 0 0 -180
0 180 0 -0 0 180 0 180 1.2824 -43.1941 0 180 0 180 0 -0 0 180
inside=0 lambda=0.647 phi=30 theta=30
0 180 0 180 0 -180 0 -0 0.127655 0.231279 0 0 0 180 0 180 0 -180
0 -180 0 -180 0 0 0 -0 1.12742 -42.7181 0 -180 0 -180 0 -180 0 0
0 180 0 -180 0 0 0 180 0.0950123 178.437 0 0 0 -0 0 180 0 -180
0 180 0 0 0 -180 0 180 0.0984675 133.21 0 -180 0 0 0 -180 0 0
0 180 0 180 0 -0 0 -180 0.0950101 178.435 0 180 0 0 0 0 0 -180
0 180 0 180 0 -0 0 0 0.0984586 133.241 0 -180 0 -0 0 -0 0 0
0 180 0 -0 0 180 0 -180 0.237317 -0.605634 0 180 0 -180 0 0 0 -180
0 180 0 -0 0 180 0 180 1.24086 -43.0797 0 180 0 0 0 -180 0 0
inside=0 lambda=0.647 phi=30 theta=45
0 180 0 -180 0 -180 0 -0 0.182482 -0.313028 0 0 0 180 0 180 0 -180
0 -180 0 180 0 0 0 -0 1.18413 -42.9085 0 -180 0 -180 0 180 0 0
0 180 0 -180 0 0 0 180 0.109712 178.436 0 0 0 -0 0 180 0 -180
0 180 0 0 0 -180 0 180 0.113693 133.23 0 -180 0 -0 0 -180 0 0
0 180 0 180 0 -0 0 -180 0.109712 178.436 0 180 0 0 0 0 0 -180
0 180 0 180 0 -0 0 0 0.113693 133.23 0 -180 0 -180 0 -180 0 0
0 180 0 -0 0 180 0 -180 0.182482 -0.313028 0 180 0 -180 0 0 0 -180
0 -180 0 -0 0 -180 0 180 1.18413 -42.9085 0 180 0 0 0 -180 0 0
inside=0 lambda=0.647 phi=35 theta=0
0 180 0 180 0 -180 0.00852512 -109.84 0.00274742 -114.554 0 0 0 180 0 180 0 -180
0 180 0 180 0 -0 0 -0 0.988438 -103.376 0 180 0 180 0 180 0 -0
0 180 0 -0 0 0 3.57904e-14 -25.9485 1.16892e-13 -13.3445 0 -0 0 -0 0 180 0 -180
0 180 0 -0 0 180 0 -0 8.68291e-13 -9.88205 0 -0 0 -0 0 180 0 -0
0 -180 0 -180 0 0 2.28368e-14 -93.9207 1.08936e-12 -15.383 0 180 0 0 0 0 0 -180
0 0 0 0 0 -180 0 -0 4.8781e-12 -14.3674 0 180 0 -180 0 -180 0 0
0 -180 0 0 0 -180 0.0111509 -112.159 0.357581 0.506524 0 -180 0 -180 0 0 0 -180
0 0 0 -180 0 0 0 0 1.37607 -104.805 0 0 0 0 0 -180 0 0
inside=0 lambda=0.647 phi=35 theta=15
0 180 0 180 0 -180 0.00631911 -114.569 0.0229933 -5.33388 0 0 0 180 0 180 0 -180
0 180 0 180 0 -0 0 -0 1.0144 -103.51 0 180 0 180 0 180 0 -0
0 180 0 -0 0 0 0.000482022 76.6156 0.0897051 -179.081 0 0 0 -0 0 180 0 -180
0 180 0 -0 0 -180 0 180 0.0972138 71.4033 0 -180 0 -0 0 180 0 -0
0 180 0 180 0 -0 0.00312086 -137.02 0.0897008 -179.084 0 180 0 0 0 0 0 -180
0 0 0 0 0 -0 0 -0 0.0971777 71.4783 0 180 0 -180 0 -180 0 0
0 180 0 -0 0 180 0.00977352 -120.462 0.333563 0.477774 0 -180 0 -180 0 0 0 -180
0 180 0 -180 0 180 0 0 1.35008 -104.738 0 0 0 0 0 -180 0 0
inside=0 lambda=0.647 phi=35 theta=30
0 180 0 180 0 -180 0 -0 0.0885491 -0.736111 0 0 0 180 0 180 0 -180
0 180 0 180 0 0 0 -0 1.08532 -103.841 0 -180 0 180 0 180 0 -0
0 180 0 -180 0 0 0 180 0.155402 -179.077 0 0 0 -0 0 180 0 -180
0 180 0 -0 0 -180 0 180 0.168329 71.438 0 -180 0 -0 0 180 0 0
0 180 0 180 0 -0 0 -180 0.155395 -179.078 0 180 0 0 0 0 0 -180
0 180 0 180 0 -0 0 -0 0.168301 71.4818 0 180 0 -180 0 -180 0 0
0 180 0 -0 0 180 0 -180 0.267924 0.370769 0 180 0 -180 0 0 0 -180
0 180 0 -0 0 180 0 0 1.27912 -104.538 0 180 0 0 0 -180 0 0
inside=0 lambda=0.647 phi=35 theta=45
0 180 0 180 0 -180 0 -0 0.178228 0.0946354 0 0 0 180 0 180 0 -180
0 180 0 180 0 0 0 -0 1.1822 -104.221 0 -180 0 180 0 180 0 0
0 180 0 -180 0 0 0 180 0.179448 -179.08 0 0 0 -0 0 180 0 -180
0 180 0 -0 0 -180 0 180 0.194345 71.4701 0 -180 0 -0 0 180 0 0
0 180 0 180 0 -0 0 -180 0.179448 -179.08 0 180 0 0 0 0 0 -180
0 180 0 180 0 -0 0 -0 0.194345 71.4701 0 180 0 -180 0 -180 0 0
0 180 0 -0 0 180 0 180 0.178228 0.0946354 0 180 0 -180 0 0 0 -180
0 180 0 -0 0 180 0 180 1.1822 -104.221 0 180 0 0 0 -180 0 0
inside=0 lambda=0.647 phi=40 theta=0
0 180 0 180 0 -180 0.0207097 -114.724 0.197144 177.026 0 0 0 180 0 180 0 -180
0 0 0 0 0 -180 0 -180 0.800918 169.301 0 0 0 0 0 0 0 -180
0 180 0 -0 0 0 4.95448e-14 168.597 1.36987e-14 73.8336 0 180 0 -0 0 180 0 -180
0 0 0 -180 0 0 0 0 5.98313e-13 -102.244 0 180 0 -180 0 0 0 -180
0 -180 0 -180 0 0 7.75445e-13 58.6434 2.58146e-13 77.053 0 -0 0 0 0 0 0 -180
0 -0 0 -0 0 180 0 0 3.69137e-12 -102.008 0 -180 0 180 0 180 0 -0
0 -180 0 0 0 -180 0.0159709 -104.933 0.519871 -0.598756 0 -180 0 -180 0 0 0 -180
0 -0 0 180 0 -0 0 -0 1.52244 166.725 0 -0 0 -0 0 180 0 -0
inside=0 lambda=0.647 phi=40 theta=15
0 180 0 180 0 -180 0.0152034 -121.334 0.149179 176.557 0 0 0 180 0 180 0 -180
0 0 0 0 0 -180 0 -180 0.849247 168.96 0 0 0 0 0 0 0 -180
0 180 0 -0 0 0 0.00302114 56.2213 0.17923 178.814 0 0 0 -0 0 180 0 -180
0 0 0 -180 0 0 0 0 0.180922 -16.3494 0 180 0 -180 0 0 0 -180
0 180 0 180 0 -0 0.00642335 -137.161 0.179233 178.799 0 180 0 0 0 0 0 -180
0 0 0 0 0 -180 0 -180 0.180796 -16.2017 0 0 0 180 0 180 0 -0
0 180 0 -0 0 180 0.0125588 -112.521 0.471866 -0.524089 0 180 0 -180 0 0 0 -180
0 0 0 -180 0 0 0 -0 1.47409 166.798 0 -0 0 -0 0 180 0 -0
inside=0 lambda=0.647 phi=40 theta=30
0 180 0 180 0 -180 0.00444589 -135.956 0.0187538 161.528 0 0 0 180 0 180 0 -180
0 0 0 0 0 -0 0 -180 0.981246 168.236 0 180 0 0 0 0 0 -180
0 180 0 -180 0 0 0.00120388 38.8752 0.310529 178.835 0 0 0 -0 0 180 0 -180
0 0 0 -180 0 180 0 0 0.31323 -16.2839 0 180 0 -180 0 0 0 -180
0 180 0 180 0 -0 0.00533446 -156.191 0.310517 178.828 0 180 0 0 0 0 0 -180
0 0 0 0 0 -180 0 -180 0.31311 -16.2127 0 0 0 180 0 180 0 -0
0 180 0 -0 0 180 0.00776254 -141.606 0.340647 -0.255614 0 180 0 -180 0 0 0 -180
0 0 0 -180 0 0 0 0 1.34198 167.059 0 0 0 -0 0 180 0 -0
inside=0 lambda=0.647 phi=40 theta=45
0 180 0 180 0 -180 0 -0 0.161402 0.776833 0 0 0 180 0 180 0 -180
0 0 0 0 0 -0 0 -180 1.16157 167.544 0 180 0 0 0 0 0 -180
0 180 0 -180 0 0 0 180 0.358613 178.833 0 0 0 -0 0 180 0 -180
0 0 0 -180 0 180 0 0 0.361578 -16.2331 0 180 0 -180 0 0 0 -0
0 180 0 180 0 -0 0 -180 0.358613 178.833 0 180 0 0 0 0 0 -180
0 0 0 0 0 -180 0 -180 0.361578 -16.2331 0 0 0 180 0 180 0 -0
0 180 0 -0 0 180 0 180 0.161402 0.776833 0 180 0 -180 0 0 0 -180
0 0 0 -180 0 0 0 0 1.16157 167.544 0 0 0 -0 0 180 0 -180
inside=0 lambda=0.647 phi=45 theta=0
0 0 0 0 0 -180 0.0480047 -162.82 0.998714 132.269 0 0 0 0 0 0 0 -180
0 -180 0 -180 0 0 0 0 0 0 0 -180 0 -180 0 -180 0 0
0 0 0 -180 0 0 9.35994e-14 124.207 6.6475e-14 -32.7839 0 -180 0 -180 0 0 0 -180
0 -180 0 0 0 -180 0 -180 0 0 0 -180 0 0 0 -180 0 0
0 180 0 180 0 -0 3.0163e-12 -63.6122 1.08802e-11 141.563 0 0 0 -0 0 -0 0 180
0 180 0 180 0 -0 0 180 0 0 0 180 0 -0 0 -0 0 180
0 180 0 -0 0 180 0.0218797 -131.413 0.999785 -24.9801 0 180 0 180 0 -0 0 180
0 180 0 -0 0 180 0 180 0 -0 0 180 0 180 0 -0 0 180
inside=0 lambda=0.647 phi=45 theta=15
0 0 0 0 0 -180 0.0312137 -170.006 0.870932 130.506 0 0 0 0 0 0 0 -180
0 -180 0 -180 0 0 0 0 0 0 0 -180 0 -180 0 -180 0 0
0 0 0 -180 0 0 0.0121943 3.98764 0.490047 143.631 0 0 0 -180 0 0 0 -180
0 -180 0 0 0 -180 0 -180 0 180 0 -180 0 0 0 -180 0 0
0 180 0 180 0 -0 0.0122506 -175.569 0.489985 143.622 0 0 0 0 0 0 0 -180
0 -180 0 -180 0 0 0 180 0 180 0 -180 0 -0 0 -0 0 180
0 180 0 -0 0 180 0.0144976 -129.633 0.871513 -23.293 0 180 0 -180 0 0 0 -180
0 -180 0 0 0 -180 0 -180 0 -0 0 -180 0 180 0 -0 0 180
inside=0 lambda=0.647 phi=45 theta=30
0 0 0 0 0 -180 0.00948101 -176.784 0.528344 121.577 0 0 0 0 0 0 0 -180
0 -180 0 -180 0 0 0 0 0 0 0 -180 0 -180 0 -180 0 0
0 0 0 -180 0 0 0.00920044 -18.2016 0.848888 143.582 0 0 0 -180 0 0 0 -180
0 -180 0 0 0 -180 0 -180 0 180 0 -180 0 0 0 -180 0 0
0 180 0 180 0 -0 0.00935418 170.248 0.848814 143.579 0 0 0 0 0 0 0 -180
0 -180 0 -180 0 0 0 0 0 180 0 -180 0 -0 0 -0 0 0
0 0 0 -0 0 0 0.00668429 -125.168 0.528464 -14.4395 0 180 0 -180 0 0 0 -180
0 -180 0 0 0 -180 0 -180 0 -0 0 -180 0 180 0 -180 0 0
inside=0 lambda=0.647 phi=45 theta=45
0 0 0 0 0 -180 0 -180 0.198054 53.563 0 0 0 0 0 180 0 -180
0 -180 0 -180 0 0 0 0 0 0 0 -180 0 -180 0 -180 0 0
0 0 0 -180 0 0 0 0 0.980191 143.563 0 0 0 -180 0 0 0 -180
0 -180 0 0 0 -180 0 -180 0 180 0 -180 0 0 0 -180 0 0
0 0 0 0 0 -180 0 -180 0.980191 143.563 0 0 0 0 0 0 0 -180
0 -180 0 -180 0 0 0 0 0 180 0 -180 0 -180 0 -180 0 0
0 0 0 -180 0 0 0 0 0.198054 53.563 0 180 0 -180 0 0 0 -180
0 -180 0 0 0 -180 0 -180 0 0 0 -180 0 0 0 -180 0 0
inside=1 lambda=0.647 phi=0 theta=0
0 -180 0 -180 0 -180 0 0 0.181782 19.9801 0 0 0 -180 0 -180 0 -180
0 -180 0 -180 0 -180 0 0 0.814762 99.8854 0 0 0 -180 0 -180 0 -180
0 -180 0 180 0 0 0 -0 1.43478e-13 95.3398 0 180 0 0 0 -0 0 -180
0 -180 0 0 0 0 0 -180 3.88303e-13 -172.063 0 -180 0 0 0 0 0 -180
0 -180 0 -0 0 0 0 -0 1.88977e-13 70.5014 0 180 0 0 0 180 0 -180
0 -180 0 -0 0 0 0 180 4.15235e-13 -160.723 0 180 0 0 0 -0 0 -180
0 -180 0 0 0 -180 0 -180 0.181782 19.9801 0 -180 0 -180 0 0 0 -180
0 -180 0 0 0 -180 0 -180 0.814762 99.8854 0 -180 0 -180 0 0 0 -180
inside=1 lambda=0.647 phi=0 theta=15
0 -180 0 -180 0 -180 0 0 0.181782 19.9801 0 0 0 -180 0 -180 0 -180
0 -180 0 -180 0 -180 0 0 0.814762 99.8854 0 0 0 -180 0 -180 0 -180
0 -180 0 180 0 0 0 -0 1.43478e-13 95.3398 0 180 0 0 0 -0 0 -180
0 -180 0 0 0 0 0 -180 3.88303e-13 -172.063 0 -180 0 0 0 0 0 -180
0 -180 0 -0 0 0 0 -0 1.88977e-13 70.5014 0 180 0 0 0 180 0 -180
0 -180 0 -0 0 0 0 180 4.15235e-13 -160.723 0 180 0 0 0 -0 0 -180
0 -180 0 0 0 -180 0 -180 0.181782 19.9801 0 -180 0 -180 0 0 0 -180
0 -180 0 0 0 -180 0 -180 0.814762 99.8854 0 -180 0 -180 0 0 0 -180
inside=1 lambda=0.647 phi=0 theta=30
0 -180 0 -180 0 -180 0 0 0.181782 19.9801 0 0 0 -180 0 -180 0 -180
0 -180 0 -180 0 -180 0 0 0.814762 99.8854 0 0 0 -180 0 -180 0 -180
0 -180 0 180 0 0 0 -0 1.43478e-13 95.3398 0 180 0 0 0 -0 0 -180
0 -180 0 0 0 0 0 -180 3.88303e-13 -172.063 0 -180 0 0 0 0 0 -180
0 -180 0 -0 0 0 0 -0 1.88977e-13 70.5014 0 180 0 0 0 180 0 -180
0 -180 0 -0 0 0 0 180 4.15235e-13 -160.723 0 180 0 0 0 -0 0 -180
0 -180 0 0 0 -180 0 -180 0.181782 19.9801 0 -180 0 -180 0 0 0 -180
0 -180 0 0 0 -180 0 -180 0.814762 99.8854 0 -180 0 -180 0 0 0 -180
inside=1 lambda=0.647 phi=0 theta=45
0 -180 0 -180 0 -180 0 0 0.181782 19.9801 0 0 0 -180 0 -180 0 -180
0 -180 0 -180 0 -180 0 0 0.814762 99.8854 0 0 0 -180 0 -180 0 -180
0 -180 0 180 0 0 0 -0 1.43478e-13 95.3398 0 180 0 0 0 -0 0 -180
0 -180 0 0 0 0 0 -180 3.88303e-13 -172.063 0 -180 0 0 0 0 0 -180
0 -180 0 -0 0 0 0 -0 1.88977e-13 70.5014 0 180 0 0 0 180 0 -180
0 -180 0 -0 0 0 0 180 4.15235e-13 -160.723 0 180 0 0 0 -0 0 -180
0 -180 0 0 0 -180 0 -180 0.181782 19.9801 0 -180 0 -180 0 0 0 -180
0 -180 0 0 0 -180 0 -180 0.814762 99.8854 0 -180 0 -180 0 0 0 -180
inside=1 lambda=0.647 phi=5 theta=0
0 -180 0 -180 0 -180 0 0 0.18081 16.4848 0 0 0 -180 0 -180 0 -180
0 -180 0 -180 0 -180 0 0 0.815733 98.1571 0 0 0 -180 0 -180 0 -180
0 -180 0 -0 0 0 0 -0 1.10321e-13 86.9339 0 -0 0 0 0 180 0 -180
0 -180 0 -180 0 0 0 180 2.52528e-13 -170.382 0 180 0 0 0 0 0 -180
0 -180 0 -180 0 0 0 180 1.16614e-13 87.5705 0 -0 0 0 0 0 0 -180
0 -180 0 -180 0 0 0 -0 2.38212e-13 -170.891 0 -180 0 0 0 0 0 -180
0 -180 0 0 0 -180 0 -180 0.182681 16.4711 0 -180 0 -180 0 0 0 -180
0 -180 0 0 0 -180 0 -180 0.813802 98.1496 0 -180 0 -180 0 0 0 -180
inside=1 lambda=0.647 phi=5 theta=15
0 -180 0 -180 0 -180 0 0 0.180935 16.4839 0 0 0 -180 0 -180 0 -180
0 -180 0 -180 0 -180 0 0 0.815604 98.1566 0 0 0 -180 0 -180 0 -180
0 -180 0 -0 0 0 0 -180 0.000468006 -164.883 0 0 0 0 0 180 0 -180
0 -180 0 -180 0 0 0 -180 0.000483719 101.367 0 0 0 0 0 0 0 -180
0 -180 0 -180 0 0 0 -0 0.000468005 -164.883 0 180 0 0 0 0 0 -180
0 -180 0 -180 0 0 0 -180 0.000483719 101.367 0 0 0 0 0 0 0 -180
0 -180 0 0 0 -180 0 -180 0.182555 16.472 0 -180 0 -180 0 0 0 -180
0 -180 0 0 0 -180 0 -180 0.813931 98.1501 0 -180 0 -180 0 0 0 -180
inside=1 lambda=0.647 phi=5 theta=30
0 -180 0 -180 0 -180 0 0 0.181277 16.4813 0 0 0 -180 0 -180 0 -180
0 -180 0 -180 0 -180 0 0 0.81525 98.1552 0 0 0 -180 0 -180 0 -180
0 -180 0 -0 0 0 0 -180 0.000810609 -164.883 0 0 0 0 0 180 0 -180
0 -180 0 -180 0 0 0 -180 0.000837827 101.367 0 0 0 0 0 0 0 -180
0 -180 0 -180 0 0 0 -0 0.000810609 -164.883 0 180 0 0 0 0 0 -180
0 -180 0 -180 0 0 0 -180 0.000837826 101.367 0 0 0 0 0 0 0 -180
0 -180 0 0 0 -180 0 -180 0.182213 16.4745 0 -180 0 -180 0 0 0 -180
0 -180 0 0 0 -180 0 -180 0.814285 98.1515 0 -180 0 -180 0 0 0 -180
inside=1 lambda=0.647 phi=5 theta=45
0 -180 0 -180 0 -180 0 0 0.181745 16.4779 0 0 0 -180 0 -180 0 -180
0 -180 0 -180 0 -180 0 0 0.814768 98.1534 0 0 0 -180 0 -180 0 -180
0 -180 0 -0 0 0 0 -180 0.00093601 -164.883 0 0 0 0 0 180 0 -180
0 -180 0 -180 0 0 0 -180 0.000967438 101.367 0 0 0 0 0 0 0 -180
0 -180 0 -180 0 0 0 -0 0.00093601 -164.883 0 180 0 0 0 0 0 -180
0 -180 0 -180 0 0 0 -180 0.000967438 101.367 0 0 0 0 0 0 0 -180
0 -180 0 0 0 -180 0 -180 0.181745 16.4779 0 -180 0 -180 0 0 0 -180
0 -180 0 0 0 -180 0 -180 0.814768 98.1534 0 -180 0 -180 0 0 0 -180
inside=1 lambda=0.647 phi=10 theta=0
0 180 0 -180 0 -180 0 0 0.177903 6.02561 0 0 0 180 0 -180 0 -180
0 -0 0 -180 0 -180 0 0 0.818679 92.9859 0 0 0 -0 0 -180 0 -180
0 -180 0 -0 0 0 0 -0 1.22243e-13 80.0666 0 180 0 0 0 180 0 -180
0 -180 0 180 0 0 0 180 2.64017e-13 -173.29 0 -0 0 0 0 -0 0 -180
0 -180 0 -180 0 0 0 -0 3.51252e-14 87.2731 0 -0 0 0 0 0 0 -180
0 -180 0 -180 0 0 0 180 8.08866e-14 -167.752 0 180 0 0 0 0 0 -180
0 -180 0 0 0 -180 0 -180 0.185452 5.96538 0 -180 0 -180 0 0 0 -180
0 -180 0 0 0 -180 0 -180 0.810882 92.9553 0 -180 0 -180 0 0 0 -180
inside=1 lambda=0.647 phi=10 theta=15
0 180 0 -180 0 -180 0 0 0.178409 6.02141 0 0 0 180 0 -180 0 -180
0 -0 0 -180 0 -180 0 0 0.818157 92.9839 0 0 0 -0 0 -180 0 -180
0 -180 0 -0 0 0 0 -180 0.00188803 -175.482 0 0 0 0 0 180 0 -180
0 -180 0 180 0 0 0 -180 0.00195257 96.2253 0 0 0 0 0 -0 0 -180
0 -180 0 -180 0 0 0 -0 0.00188802 -175.481 0 180 0 0 0 0 0 -180
0 -180 0 -180 0 0 0 180 0.00195257 96.2243 0 -0 0 0 0 0 0 -180
0 -180 0 0 0 -180 0 -180 0.184946 5.96926 0 -180 0 -180 0 0 0 -180
0 -180 0 0 0 -180 0 -180 0.811404 92.9574 0 -180 0 -180 0 0 0 -180
inside=1 lambda=0.647 phi=10 theta=30
0 -180 0 -180 0 -180 0 0 0.17979 6.01007 0 0 0 180 0 -180 0 -180
0 -0 0 -180 0 -180 0 0 0.81673 92.9784 0 0 0 -0 0 -180 0 -180
0 -180 0 -0 0 0 0 -180 0.00327016 -175.482 0 0 0 0 0 180 0 -180
0 -180 0 180 0 0 0 -180 0.00338196 96.2251 0 0 0 0 0 -0 0 -180
0 -180 0 -180 0 0 0 -0 0.00327015 -175.482 0 180 0 0 0 0 0 -180
0 -180 0 -180 0 0 0 180 0.00338195 96.2245 0 -0 0 0 0 0 0 -180
0 -180 0 0 0 -180 0 -180 0.183564 5.97997 0 -180 0 -180 0 0 0 -180
0 -180 0 0 0 -180 0 -180 0.812831 92.9631 0 -180 0 -180 0 0 0 -180
inside=1 lambda=0.647 phi=10 theta=45
0 -180 0 -180 0 -180 0 0 0.181677 5.99486 0 0 0 -180 0 -180 0 -180
0 -0 0 -180 0 -180 0 0 0.814781 92.9707 0 0 0 -0 0 -180 0 -180
0 -180 0 -0 0 0 0 -180 0.00377605 -175.482 0 0 0 0 0 180 0 -180
0 -180 0 180 0 0 0 -180 0.00390514 96.2248 0 0 0 0 0 -0 0 -180
0 -180 0 -180 0 0 0 -0 0.00377605 -175.482 0 180 0 0 0 0 0 -180
0 -180 0 -180 0 0 0 180 0.00390514 96.2248 0 -0 0 0 0 0 0 -180
0 -180 0 0 0 -180 0 -180 0.181677 5.99486 0 -180 0 -180 0 0 0 -180
0 -0 0 0 0 -0 0 -180 0.814781 92.9707 0 -180 0 -180 0 0 0 -180
inside=1 lambda=0.647 phi=15 theta=0
0 180 0 -180 0 -180 0 0 0.173081 -11.3072 0 0 0 180 0 -180 0 -180
0 -0 0 -180 0 -180 0 0 0.823698 84.4138 0 0 0 -0 0 -180 0 -180
0 180 0 -0 0 0 0 -0 4.4094e-13 61.0961 0 180 0 -0 0 180 0 -180
0 -0 0 180 0 0 0 180 8.9108e-13 176.023 0 -0 0 180 0 -0 0 -180
0 -180 0 -180 0 0 0 -0 3.90964e-13 61.2949 0 180 0 0 0 0 0 -180
0 -180 0 -180 0 0 0 180 8.00905e-13 176.07 0 -0 0 0 0 0 0 -180
0 -180 0 0 0 -180 0 -180 0.190335 -11.4635 0 -180 0 -180 0 0 0 -180
0 -180 0 0 0 -180 0 -180 0.805879 84.3425 0 -180 0 -180 0 0 0 -180
inside=1 lambda=0.647 phi=15 theta=15
0 180 0 -180 0 -180 0 0 0.174237 -11.3186 0 0 0 180 0 -180 0 -180
0 -0 0 -180 0 -180 0 0 0.822504 84.4092 0 0 0 -0 0 -180 0 -180
0 180 0 -0 0 0 0 -180 0.00431572 166.94 0 0 0 -0 0 180 0 -180
0 -0 0 180 0 0 0 -180 0.00446228 87.7006 0 0 0 180 0 -0 0 -180
0 -180 0 -180 0 0 0 -0 0.00431568 166.942 0 180 0 0 0 0 0 -180
0 -180 0 -180 0 0 0 180 0.00446224 87.6981 0 -0 0 0 0 0 0 -180
0 -180 0 0 0 -180 0 -180 0.189179 -11.454 0 -180 0 -180 0 0 0 -180
0 -180 0 0 0 -180 0 -180 0.807072 84.3473 0 -180 0 -180 0 0 0 -180
inside=1 lambda=0.647 phi=15 theta=30
0 180 0 -180 0 -180 0 0 0.177395 -11.3491 0 0 0 180 0 -180 0 -180
0 -0 0 -180 0 -180 0 0 0.819243 84.3963 0 0 0 -0 0 -180 0 -180
0 180 0 -0 0 0 0 -180 0.00747503 166.94 0 0 0 -0 0 180 0 -180
0 -180 0 180 0 0 0 -180 0.00772888 87.7 0 0 0 180 0 -0 0 -180
0 -180 0 -180 0 0 0 -0 0.007475 166.941 0 180 0 0 0 0 0 -180
0 -180 0 -180 0 0 0 180 0.00772884 87.6986 0 -0 0 0 0 0 0 -180
0 -180 0 0 0 180 0 -180 0.186021 -11.4272 0 -180 0 -180 0 0 0 -180
0 -180 0 0 0 -180 0 -180 0.810333 84.3606 0 -180 0 -180 0 0 0 -180
inside=1 lambda=0.647 phi=15 theta=45
0 180 0 -180 0 -180 0 0 0.181708 -11.3891 0 0 0 180 0 -180 0 -180
0 -0 0 -180 0 -180 0 0 0.814788 84.3785 0 0 0 -0 0 -180 0 -180
0 180 0 -0 0 0 0 -180 0.0086314 166.941 0 0 0 -0 0 180 0 -180
0 -180 0 180 0 0 0 -180 0.00892452 87.6992 0 0 0 0 0 -0 0 -180
0 180 0 -180 0 -0 0 -0 0.0086314 166.941 0 180 0 0 0 0 0 -180
0 -180 0 -180 0 0 0 180 0.00892452 87.6992 0 -0 0 0 0 0 0 -180
0 180 0 0 0 180 0 -180 0.181708 -11.3891 0 -180 0 -180 0 0 0 -180
0 -0 0 0 0 -0 0 -180 0.814788 84.3785 0 -180 0 -180 0 0 0 -180
inside=1 lambda=0.647 phi=20 theta=0
0 180 0 180 0 -180 0 -0 0.166302 -35.3339 0 0 0 180 0 180 0 -180
0 -0 0 -180 0 -180 0 0 0.830973 72.511 0 0 0 -0 0 -180 0 -180
0 180 0 -0 0 0 0 180 3.79097e-13 38.9181 0 -0 0 -0 0 180 0 -180
0 -0 0 180 0 0 0 -0 7.20206e-13 163.849 0 180 0 180 0 -0 0 -180
0 -180 0 -180 0 0 0 -0 3.84686e-13 39.1412 0 180 0 0 0 0 0 -180
0 -180 0 -180 0 0 0 180 7.62015e-13 163.862 0 -0 0 0 0 0 0 -180
0 -180 0 0 0 -180 0 -180 0.197759 -35.6618 0 -180 0 -180 0 0 0 -180
0 -180 0 0 0 -180 0 -180 0.798573 72.378 0 -180 0 -180 0 0 0 -180
inside=1 lambda=0.647 phi=20 theta=15
0 180 0 -180 0 -180 0 -0 0.168409 -35.3598 0 0 0 180 0 180 0 -180
0 -0 0 -180 0 -180 0 0 0.828803 72.5025 0 0 0 -0 0 -180 0 -180
0 180 0 -0 0 0 0 -180 0.00786931 142.577 0 0 0 -0 0 180 0 -180
0 -180 0 180 0 0 0 -180 0.00811444 75.8494 0 0 0 180 0 -0 0 -180
0 -180 0 -180 0 -0 0 -0 0.00786924 142.58 0 180 0 0 0 0 0 -180
0 -180 0 -180 0 0 0 180 0.0081143 75.8448 0 -0 0 0 0 0 0 -180
0 -180 0 0 0 180 0 -180 0.195652 -35.6432 0 -180 0 -180 0 0 0 -180
0 -180 0 0 0 -180 0 -180 0.800744 72.3873 0 -180 0 -180 0 0 0 -180
inside=1 lambda=0.647 phi=20 theta=30
0 180 0 -180 0 -180 0 -0 0.174166 -35.4272 0 0 0 180 0 180 0 -180
0 -0 0 -180 0 -180 0 0 0.822873 72.4788 0 0 0 -0 0 -180 0 -180
0 180 0 -0 0 0 0 -180 0.01363 142.578 0 0 0 -0 0 180 0 -180
0 -180 0 180 0 0 0 -180 0.0140546 75.8482 0 0 0 0 0 -0 0 -180
0 180 0 -180 0 -0 0 -0 0.0136299 142.579 0 180 0 0 0 0 0 -180
0 -180 0 -180 0 0 0 180 0.0140544 75.8456 0 -0 0 0 0 0 0 -180
0 180 0 0 0 180 0 -180 0.189894 -35.5901 0 -180 0 -180 0 0 0 -180
0 -180 0 0 0 -180 0 -180 0.806673 72.4123 0 -180 0 -180 0 0 0 -180
inside=1 lambda=0.647 phi=20 theta=45
0 180 0 -180 0 -180 0 -0 0.18203 -35.5122 0 0 0 180 0 -180 0 -180
0 -0 0 -180 0 -180 0 0 0.814773 72.4459 0 0 0 -0 0 -180 0 -180
0 180 0 -0 0 0 0 -180 0.0157386 142.579 0 0 0 -0 0 180 0 -180
0 -180 0 180 0 0 0 -180 0.0162287 75.8468 0 0 0 0 0 -0 0 -180
0 180 0 -180 0 -0 0 -0 0.0157386 142.579 0 180 0 0 0 0 0 -180
0 -180 0 -180 0 0 0 180 0.0162287 75.8468 0 -0 0 0 0 0 0 -180
0 180 0 -0 0 180 0 -180 0.18203 -35.5122 0 -180 0 -180 0 0 0 -180
0 -0 0 0 0 -0 0 -180 0.814773 72.4459 0 -180 0 -180 0 0 0 -180
inside=1 lambda=0.647 phi=25 theta=0
0 180 0 180 0 -180 0 -0 0.157298 -65.7669 0 0 0 180 0 180 0 -180
0 -0 0 -180 0 180 0 0 0.840817 57.3759 0 -0 0 -0 0 -180 0 180
0 180 0 -0 0 0 0 180 1.68796e-13 -167.14 0 180 0 -0 0 180 0 -180
0 -180 0 180 0 -0 0 -0 3.00673e-13 -32.394 0 -0 0 0 0 -0 0 180
0 -180 0 -180 0 0 0 -0 1.66874e-13 -168.366 0 -0 0 0 0 0 0 -180
0 -180 0 -180 0 0 0 180 3.25733e-13 -31.8209 0 180 0 0 0 0 0 -180
0 -180 0 0 0 -180 0 -180 0.208297 -66.3543 0 -180 0 -180 0 0 0 -180
0 -180 0 0 0 -180 0 -180 0.788643 57.1581 0 -180 0 -180 0 0 0 -180
inside=1 lambda=0.647 phi=25 theta=15
0 180 0 180 0 -180 0 -0 0.160714 -65.818 0 0 0 180 0 180 0 -180
0 -0 0 -180 0 180 0 0 0.837322 57.3622 0 -0 0 -0 0 -180 0 180
0 180 0 -0 0 0 0 180 0.0127583 111.803 0 0 0 -0 0 180 0 -180
0 -180 0 180 0 -0 0 -180 0.0130675 60.7317 0 -0 0 0 0 -0 0 180
0 180 0 -180 0 -0 0 -0 0.0127583 111.808 0 180 0 0 0 0 0 -180
0 -180 0 -180 0 0 0 180 0.0130671 60.7245 0 -0 0 0 0 0 0 -180
0 180 0 0 0 180 0 -180 0.20488 -66.3242 0 -180 0 -180 0 0 0 -180
0 -180 0 0 0 -180 0 -180 0.792138 57.1736 0 -180 0 -180 0 0 0 -180
inside=1 lambda=0.647 phi=25 theta=30
0 180 0 180 0 -180 0 -0 0.170046 -65.9472 0 0 0 180 0 180 0 -180
0 -0 0 -180 0 180 0 0 0.827773 57.324 0 -0 0 -0 0 -180 0 180
0 180 0 -0 0 0 0 180 0.0220981 111.805 0 0 0 -0 0 180 0 -180
0 -180 0 180 0 0 0 -180 0.0226335 60.7296 0 -0 0 0 0 -0 0 -180
0 180 0 -180 0 -0 0 -0 0.0220981 111.807 0 180 0 0 0 0 0 -180
0 -180 0 -180 0 0 0 180 0.0226331 60.7254 0 -0 0 0 0 0 0 -180
0 180 0 -0 0 180 0 -180 0.195546 -66.2365 0 180 0 -180 0 0 0 -180
0 -180 0 0 0 -180 0 -180 0.801686 57.2152 0 -180 0 -180 0 0 0 -180
inside=1 lambda=0.647 phi=25 theta=45
0 180 0 -180 0 -180 0 -0 0.182795 -66.1021 0 0 0 180 0 180 0 -180
0 -180 0 -180 0 180 0 0 0.814729 57.2705 0 -0 0 -0 0 -180 0 180
0 180 0 -0 0 0 0 -180 0.0255167 111.806 0 0 0 -0 0 180 0 -180
0 -180 0 180 0 0 0 -180 0.0261347 60.7272 0 0 0 0 0 -0 0 -180
0 180 0 -180 0 -0 0 -0 0.0255167 111.806 0 180 0 0 0 0 0 -180
0 -180 0 -180 0 0 0 180 0.0261347 60.7272 0 -0 0 0 0 0 0 -180
0 180 0 -0 0 180 0 -180 0.182795 -66.1021 0 180 0 -180 0 0 0 -180
0 -180 0 0 0 -0 0 -180 0.814729 57.2705 0 -180 0 180 0 -0 0 180
inside=1 lambda=0.647 phi=30 theta=0
0 180 0 180 0 -180 0 -0 0.145382 -102.249 0 0 0 180 0 180 0 -180
0 -0 0 -180 0 180 0 0 0.853712 39.1327 0 -0 0 -0 0 -180 0 180
0 180 0 -0 0 0 0 -0 1.70958e-13 159.787 0 -0 0 -0 0 180 0 -180
0 -180 0 180 0 -0 0 180 2.97748e-13 -50.3076 0 180 0 0 0 -0 0 180
0 -180 0 -180 0 0 0 180 1.54082e-13 160.096 0 180 0 0 0 0 0 -180
0 -180 0 -180 0 0 0 -0 2.89674e-13 -49.3664 0 -0 0 0 0 0 0 -180
0 -180 0 0 0 -180 0 -180 0.222443 -103.128 0 -180 0 -180 0 0 0 -180
0 -180 0 0 0 -180 0 180 0.775684 38.8096 0 -180 0 -180 0 0 0 -180
inside=1 lambda=0.647 phi=30 theta=15
0 180 0 180 0 -180 0 -0 0.150542 -102.336 0 0 0 180 0 180 0 -180
0 -0 0 -180 0 180 0 0 0.848485 39.1129 0 -0 0 -0 0 -180 0 180
0 180 0 -0 0 0 0 180 0.0192771 75.1758 0 0 0 -0 0 180 0 -180
0 -180 0 180 0 -0 0 -180 0.0195425 42.4114 0 -0 0 0 0 -0 0 180
0 180 0 -180 0 -0 0 -0 0.0192772 75.1841 0 180 0 0 0 0 0 -180
0 -180 0 -180 0 0 0 180 0.0195415 42.4007 0 -0 0 -0 0 -0 0 180
0 180 0 -0 0 180 0 -180 0.21728 -103.089 0 -180 0 -180 0 0 0 -180
0 -180 0 0 0 -180 0 180 0.78091 38.8333 0 -180 0 180 0 -0 0 180
inside=1 lambda=0.647 phi=30 theta=30
0 180 0 180 0 -180 0 -0 0.164643 -102.547 0 0 0 180 0 180 0 -180
0 -180 0 -180 0 180 0 0 0.834203 39.0575 0 -0 0 -0 0 -180 0 180
0 180 0 -0 0 0 0 180 0.0333891 75.1779 0 0 0 -0 0 180 0 -180
0 -180 0 180 0 -0 0 -180 0.0338481 42.4079 0 -0 0 0 0 -0 0 180
0 180 0 180 0 -0 0 -0 0.0333892 75.1826 0 180 0 0 0 0 0 -180
0 -180 0 -180 0 0 0 180 0.0338472 42.4018 0 -0 0 -0 0 -0 0 180
0 180 0 -0 0 180 0 -180 0.203174 -102.972 0 180 0 -180 0 0 0 -180
0 -180 0 0 0 -180 0 -180 0.795189 38.8963 0 -180 0 180 0 -0 0 180
inside=1 lambda=0.647 phi=30 theta=45
0 180 0 -180 0 -180 0 -0 0.183907 -102.782 0 0 0 180 0 180 0 -180
0 -180 0 -180 0 180 0 0 0.814695 38.9788 0 -0 0 -180 0 -180 0 180
0 180 0 -0 0 0 0 180 0.0385545 75.1804 0 0 0 -0 0 180 0 -180
0 -180 0 180 0 -0 0 -180 0.0390839 42.4042 0 -0 0 0 0 -0 0 180
0 180 0 180 0 -0 0 -0 0.0385545 75.1804 0 180 0 0 0 0 0 -180
0 -180 0 -180 0 0 0 180 0.0390839 42.4042 0 -0 0 -0 0 -0 0 180
0 180 0 -0 0 180 0 -180 0.183907 -102.782 0 180 0 -180 0 0 0 -180
0 -180 0 0 0 -180 0 -180 0.814695 38.9788 0 -180 0 180 0 -0 0 180
inside=1 lambda=0.647 phi=35 theta=0
0 180 0 180 0 -180 0 -0 0.129464 -144.496 0 0 0 180 0 180 0 -180
0 -180 0 -180 0 180 0 0 0.870325 17.9278 0 -0 0 -180 0 -180 0 180
0 180 0 -0 0 0 0 -0 3.97455e-13 122.812 0 -0 0 -0 0 180 0 -180
0 -180 0 180 0 -0 0 180 7.19462e-13 -72.0723 0 180 0 0 0 -0 0 180
0 -180 0 -180 0 0 0 180 4.08194e-13 123.686 0 0 0 0 0 0 0 -180
0 180 0 180 0 -0 0 -0 8.68554e-13 -71.7982 0 180 0 -0 0 -0 0 180
0 -180 0 0 0 -180 0 -180 0.240217 -145.504 0 -180 0 -180 0 0 0 -180
0 180 0 -0 0 180 0 180 0.759271 17.4908 0 180 0 180 0 -0 0 180
inside=1 lambda=0.647 phi=35 theta=15
0 180 0 180 0 -180 0 -0 0.136881 -144.616 0 0 0 180 0 180 0 -180
0 -180 0 -180 0 180 0 0 0.862884 17.902 0 -0 0 -180 0 -180 0 180
0 180 0 -0 0 0 0 180 0.0276977 33.2694 0 0 0 -0 0 180 0 -180
0 -180 0 180 0 -0 0 -180 0.0278096 20.9886 0 -0 0 0 0 -0 0 180
0 180 0 -180 0 -0 0 -0 0.0276981 33.2834 0 180 0 0 0 0 0 -180
0 -180 0 180 0 0 0 180 0.0278077 20.9738 0 -0 0 -0 0 -0 0 180
0 180 0 0 0 180 0 -180 0.232796 -145.468 0 -180 0 -180 0 0 0 -180
0 -180 0 0 0 -180 0 180 0.766708 17.524 0 180 0 180 0 -0 0 180
inside=1 lambda=0.647 phi=35 theta=30
0 180 0 180 0 -180 0 -0 0.157146 -144.884 0 0 0 180 0 180 0 -180
0 -180 0 -180 0 180 0 0 0.842557 17.8292 0 -0 0 -180 0 -180 0 180
0 180 0 -0 0 0 0 180 0.0479744 33.273 0 0 0 -0 0 180 0 -180
0 -180 0 180 0 -0 0 -180 0.0481667 20.9829 0 -0 0 0 0 -0 0 180
0 180 0 180 0 -0 0 -0 0.0479748 33.2808 0 180 0 0 0 0 0 -180
0 -180 0 -180 0 0 0 180 0.0481649 20.9746 0 -0 0 -0 0 -0 0 180
0 180 0 -0 0 180 0 -180 0.212524 -145.353 0 180 0 -180 0 0 0 -180
0 -180 0 0 0 -180 0 180 0.78703 17.6115 0 -180 0 180 0 -0 0 180
inside=1 lambda=0.647 phi=35 theta=45
0 180 0 180 0 -180 0 -0 0.184833 -145.155 0 0 0 180 0 180 0 -180
0 -180 0 180 0 180 0 0 0.814792 17.724 0 -0 0 -180 0 -180 0 180
0 180 0 -0 0 0 0 180 0.0553965 33.2772 0 0 0 -0 0 180 0 -180
0 -180 0 180 0 -0 0 -180 0.055617 20.9776 0 -0 0 0 0 -0 0 180
0 180 0 180 0 -0 0 -0 0.0553965 33.2772 0 180 0 0 0 0 0 -180
0 -180 0 -180 0 0 0 180 0.055617 20.9776 0 -0 0 -0 0 -0 0 180
0 180 0 -0 0 180 0 180 0.184833 -145.155 0 180 0 -180 0 0 0 -180
0 -180 0 0 0 -180 0 180 0.814792 17.724 0 -180 0 180 0 -0 0 180
inside=1 lambda=0.647 phi=40 theta=0
0 180 0 180 0 -180 0 -0 0.108624 167.507 0 0 0 180 0 180 0 -180
0 -180 0 -180 0 180 0 0 0.891472 -6.06974 0 -0 0 -180 0 -180 0 180
0 180 0 -0 0 0 0 -0 1.40796e-13 -103.447 0 -0 0 -0 0 180 0 -180
0 -180 0 0 0 -0 0 0 2.97974e-13 83.577 0 0 0 0 0 -180 0 180
0 -180 0 -180 0 0 0 -0 1.26953e-13 -101.663 0 180 0 0 0 0 0 -180
0 180 0 180 0 -0 0 0 3.23522e-13 85.3017 0 -180 0 -0 0 -0 0 180
0 -180 0 0 0 -180 0 -180 0.260902 166.872 0 -180 0 -180 0 0 0 -180
0 180 0 -0 0 180 0 180 0.739029 -6.61733 0 180 0 180 0 -0 0 180
inside=1 lambda=0.647 phi=40 theta=15
0 180 0 180 0 -180 0 -0 0.118823 167.412 0 0 0 180 0 180 0 -180
0 -180 0 -180 0 180 0 0 0.881258 -6.10075 0 -0 0 -180 0 -180 0 180
0 180 0 -0 0 0 0 180 0.0380738 -13.6428 0 0 0 -0 0 180 0 -180
0 -180 0 0 0 -0 0 180 0.0381648 -3.33553 0 -0 0 0 0 -180 0 180
0 -180 0 -180 0 -0 0 -0 0.0380735 -13.6205 0 180 0 0 0 0 0 -180
0 180 0 180 0 0 0 0 0.0381611 -3.35533 0 -180 0 -0 0 -0 0 180
0 180 0 0 0 180 0 -180 0.250702 166.889 0 -180 0 -180 0 0 0 -180
0 -180 0 -0 0 -180 0 180 0.749238 -6.57384 0 180 0 180 0 -0 0 180
inside=1 lambda=0.647 phi=40 theta=30
0 180 0 180 0 -180 0 -0 0.146689 167.219 0 0 0 180 0 180 0 -180
0 -180 0 180 0 180 0 0 0.853354 -6.18891 0 -0 0 -180 0 -180 0 180
0 180 0 -0 0 0 0 180 0.0659471 -13.6372 0 0 0 -0 0 180 0 -180
0 -180 0 0 0 -0 0 180 0.0661015 -3.34439 0 -0 0 0 0 -180 0 180
0 180 0 -180 0 -0 0 -0 0.0659469 -13.625 0 180 0 0 0 0 0 -180
0 -180 0 180 0 0 0 0 0.0660983 -3.35536 0 -180 0 -0 0 -0 0 180
0 180 0 -0 0 180 0 -180 0.222832 166.944 0 180 0 -180 0 0 0 -180
0 -180 0 0 0 -180 0 180 0.777132 -6.46076 0 180 0 180 0 -0 0 180
inside=1 lambda=0.647 phi=40 theta=45
0 180 0 180 0 -180 0 -0 0.18476 167.051 0 0 0 180 0 180 0 -180
0 -180 0 180 0 180 0 0 0.815241 -6.31863 0 -0 0 -180 0 -180 0 180
0 180 0 -0 0 0 0 180 0.0761497 -13.6308 0 0 0 -0 0 180 0 -180
0 -180 0 0 0 -0 0 180 0.0763254 -3.35192 0 -0 0 0 0 -180 0 180
0 180 0 180 0 -0 0 -0 0.0761497 -13.6308 0 180 0 0 0 0 0 -180
0 -180 0 180 0 0 0 0 0.0763254 -3.35192 0 -180 0 -0 0 -0 0 180
0 180 0 -0 0 180 0 180 0.18476 167.051 0 180 0 -180 0 0 0 -180
0 -180 0 0 0 -180 0 180 0.815241 -6.31863 0 -180 0 180 0 -0 0 180
inside=1 lambda=0.647 phi=45 theta=0
0 180 0 180 0 -180 0 -0 0.0829027 113.573 0 0 0 180 0 180 0 -180
0 -180 0 -180 0 0 0.00104406 -87.1968 0.918136 -32.6588 0 -180 0 -180 0 -180 0 0
0 180 0 -0 0 0 0 -0 1.37626e-13 13.8759 0 180 0 -0 0 180 0 -180
0 -180 0 0 0 -180 3.70773e-15 77.4403 3.30332e-13 -122.378 0 -180 0 0 0 -180 0 0
0 -180 0 -180 0 0 0 -0 3.48567e-13 8.31842 0 -180 0 0 0 0 0 -180
0 180 0 180 0 -0 1.8614e-15 -47.098 1.09485e-12 -126.374 0 0 0 -0 0 -0 0 180
0 -180 0 0 0 -180 0 -180 0.283644 114.032 0 -180 0 -180 0 0 0 -180
0 180 0 -0 0 180 0.00608734 105.332 0.71455 -33.3303 0 180 0 180 0 -0 0 180
inside=1 lambda=0.647 phi=45 theta=15
0 180 0 180 0 -180 0 -0 0.0963385 113.657 0 0 0 180 0 180 0 -180
0 -180 0 180 0 0 0 0 0.9045 -32.6953 0 -180 0 -180 0 -180 0 0
0 180 0 -0 0 0 0 180 0.0502005 -65.8507 0 0 0 -0 0 180 0 -180
0 -180 0 0 0 -180 0 180 0.0509613 -30.2161 0 -180 0 0 0 -180 0 0
0 -180 0 -180 0 -0 0 -0 0.0501964 -65.8187 0 180 0 0 0 0 0 -180
0 180 0 180 0 -0 0 0 0.0509544 -30.2424 0 -180 0 -0 0 -0 0 180
0 -180 0 0 0 180 0 -180 0.270204 114.02 0 -180 0 -180 0 0 0 -180
0 180 0 -0 0 -180 0 180 0.728185 -33.2742 0 180 0 0 0 -0 0 180
inside=1 lambda=0.647 phi=45 theta=30
0 180 0 180 0 -180 0 -0 0.133076 113.804 0 0 0 180 0 180 0 -180
0 -180 0 180 0 0 0 0 0.867233 -32.7991 0 -180 0 -180 0 -180 0 0
0 180 0 -0 0 0 0 180 0.0869531 -65.8422 0 0 0 -0 0 180 0 -180
0 -180 0 0 0 -180 0 180 0.0882636 -30.2304 0 -180 0 0 0 -180 0 0
0 180 0 -180 0 -0 0 -0 0.0869496 -65.8253 0 180 0 0 0 0 0 -180
0 180 0 180 0 0 0 0 0.0882584 -30.2446 0 -180 0 -180 0 -180 0 0
0 180 0 -0 0 180 0 -180 0.233465 113.982 0 180 0 -180 0 0 0 -180
0 -180 0 -0 0 -180 0 180 0.765436 -33.1305 0 180 0 0 0 -180 0 0
inside=1 lambda=0.647 phi=45 theta=45
0 180 0 180 0 -180 0 -0 0.18327 113.914 0 0 0 180 0 180 0 -180
0 -180 0 180 0 0 0 -0 0.816331 -32.9548 0 -180 0 -180 0 180 0 0
0 180 0 -0 0 0 0 180 0.100405 -65.8334 0 0 0 -0 0 180 0 -180
0 180 0 0 0 -180 0 180 0.101915 -30.241 0 -180 0 0 0 -180 0 0
0 180 0 180 0 -0 0 -0 0.100405 -65.8334 0 180 0 0 0 0 0 -180
0 180 0 180 0 0 0 0 0.101915 -30.241 0 -180 0 -180 0 -180 0 0
0 180 0 -0 0 180 0 180 0.18327 113.914 0 180 0 -180 0 0 0 -180
0 -180 0 -0 0 -180 0 180 0.816331 -32.9548 0 180 0 0 0 -180 0 0
